Latency
6155697
9260007
12357945
15503350
18691631
21822282
24911129
28057603
31181738
34272177
37405552
40486887
43579459
46690925
49804934
52952701
56054865
59134945
62268081
65356890
68494107
71589061
74672192
77766721
80620932
82722685
84830559
86928084
89024963
91139040
93229275
95330410
97442647
99548424
101669705
103763629
105857086
107954147
110046306
112152884
114275139
116378091
118500422
120631789
122745570
124831955
126961447
129060578
131197595
133322604
135484773
137623317
139809430
141930609
144026302
146134559
148243211
150342882
152464222
288895624
291043192
293127262
295279281
297373230
299533044
301660010
303824080
305941742
308083135
310177888
312354151
314448140
316607383
318727154
320892034
323049972
325158374
327288204
329409345
331545551
333639971
335802058
337888451
340055354
342175061
344297366
346413091
348549130
350653155
352824054
354927707
357088125
359220079
361341786
363468563
365561087
367697057
369800588
371953706
374072337
376201471
378329090
380451816
382535361
384710055
386814532
388970679
391065545
393203155
395309462
397439736
399622211
401714204
403873882
405976617
408138950
410236858
412362782
566032112
568198562
570297887
572454388
574548823
576692631
578771602
580918085
583034065
585160416
587267961
589411676
591514154
593685427
595799821
597943889
600054727
602194850
604341551
606434732
608601917
610687631
612833482
614928496
617062250
619180595
621317340
623390787
625595345
627676286
629825478
631962468
634249285
636341547
638497548
640621389
642718357
644849722
646978834
649123654
651212694
653369912
655466345
657597843
659694803
661823600
663932771
666114517
668218121
670377609
672487525
674617262
676720223
678865319
681073945
683153836
685319770
687439190
689570987
842662686
844801170
846940990
849057677
851189712
853288904
855414361
857585890
859674696
861831152
863938605
866092307
868188787
870315298
872439738
874596276
876718591
878878722
881002594
883119445
885228597
887372404
889464442
891581548
893754431
895844356
898006332
900096690
902232209
904353490
906490006
908581402
910729768
912809003
914981239
917071462
919236801
921349287
923478813
925574431
927707147
929870599
931956226
934114770
936244361
938371046
940468191
942618391
944703203
946882045
948981547
951109084
953218957
955371056
957493844
959626291
961750288
963887554
966017883
1119004175
1121108070
1123254029
1125350514
1127518040
1129633620
1131769590
1133890081
1136107517
1138224410
1140390433
1142478439
1144595681
1146745086
1148840262
1150989502
1153113499
1155257836
1157374911
1159516690
1161616267
1163770236
1165891952
1168024632
1170115517
1172308594
1174423405
1176575568
1178664493
1180799485
1182944197
1185100427
1187234220
1189354640
1191460592
1193549788
1195727675
1197842719
1199968845
1202086107
1204249457
1206337498
1208488956
1210609372
1212762501
1214889417
1217052710
1219174509
1221286422
1223425774
1225513854
1227707262
1229784924
1231933299
1234071675
1236186324
1238309488
1240440316
1242547805
1395635551
1397796244
1399930974
1402016720
1404198202
1406288342
1408426585
1410528803
1412673377
1414786894
1416916072
1419015553
1421140352
1423220898
1425365825
1427459287
1429626765
1431711698
1433874932
1436029545
1438121734
1440265271
1442367844
1444495530
1446589399
1448709994
1450821450
1452929185
1455042254
1457179247
1459296346
1461459039
1463552557
1465702518
1467816355
1469937293
1472061791
1474181229
1476318172
1478428605
1480554608
1482649298
1484815680
1486897145
1489046600
1491145332
1493298981
1495400848
1497526387
1499643574
1501786462
1503913784
1506031667
1508150185
1510271605
1512394281
1514516095
1516634012
1518716963
1736933695
1740107177
1743319741
1746532961
1749687494
1752829847
1756005973
1759159204
1762330431
1765490051
1768598381
1771766198
1774966993
1778117606
1781265515
1784435630
1787617420
1790830003
1793994377
1797143177
1800323692
1803529381
1806687143
1809882991
1812992031
1816147631
1819309558
1822560274
1825718524
1828831735
1832029541
1835181600
1838435178
1841556489
1844773310
1848021697
1851194971
1854383975
1857495862
1860646863
1863861298
1867009070
1870225315
1873321254
1876545969
1879744494
1882909700
1886120358
1889224746
1892378714
1895560043
1898728045
1901833393
1905011993
1908183399
1911378261
1914546705
1917648254
1920856090
2030422428
2033543036
2036754992
2039995671
2043230402
2046414948
2049522262
2052770504
2055918822
2059095703
2062197148
2065359180
2068524685
2071696338
2074904364
2078039017
2081199200
2084440828
2087605714
2090808397
2093927944
2097085952
2100292796
2103428089
2106647664
2109747830
2112941194
2116130210
2119284322
2122462850
2125645607
2128850979
2132125388
2135285896
2138394640
2141592292
2144751672
2147934594
2151092511
2154199817
2157446481
2160598346
2163802473
2166962284
2169678164
2172910492
2176073002
2179293321
2182456190
2185599539
2188821856
2192019075
2195188478
2198328611
2201486537
2204702077
2207878750
2211070975
2214224434
2486124554
2489358317
2492598469
2495766989
2498891893
2502128982
2505320432
2508540001
2511722192
2514836387
2518036834
2521208330
2524446417
2527613388
2530764371
2533921574
2537138214
2540336710
2543474866
2546716197
2549937806
2553088786
2556300618
2559437693
2562614940
2565811152
2568981990
2572173845
2575329662
2578506146
2581655921
2584898926
2588097451
2591239590
2594403631
2597603930
2600781322
2604003728
2607133089
2610332038
2613587212
2616753021
2619946577
2623066197
2625881239
2629087757
2632254699
2635499674
2638610451
2641819039
2645065906
2648226115
2651361335
2654531649
2657748744
2660961618
2664133466
2667231195
2670423075
2948765615
2951908426
2955080875
2958291973
2961499403
2964708016
2967814330
2971017828
2974196839
2977398233
2980514686
2983725883
2986988668
2990198607
2993376979
2996493009
2999665055
3002833252
3006075036
3009212327
3012391600
3015553813
3018723200
3021891670
3025040815
3028201374
3031408997
3034623782
3037915180
3041119462
3044374875
3047670742
3050871881
3054101010
3057281165
3060434384
3063602921
3066796642
3069977891
3073180457
3076298554
3079493988
3082662875
3085859497
3088663100
3091813703
3095008399
3098226755
3101464285
3104565569
3107778783
3111020779
3114184958
3117414893
3120514372
3123726699
3126938148
3130099018
3133342957
3404141572
3407362588
3410529103
3413776755
3416946770
3420041204
3423247696
3426411829
3429576647
3432716600
3435867486
3439077168
3442240187
3445429550
3448558465
3451737517
3454899784
3458095574
3461260237
3464379853
3467546134
3470792911
3473947487
3477143337
3480249107
3483451196
3486726293
3489937191
3493070392
3496230759
3499390997
3502635427
3505815437
3508906767
3512112755
3515295122
3518467077
3521691938
3524820977
3527993522
3531189828
3534339908
3537535605
3540650519
3543859635
3547023880
3550241460
3553409389
3556598693
3559812414
3563011488
3566169684
3569320571
3572482854
3575683403
3578870498
3581596369
3584755406
3587920791
3845766927
3848943926
3852088355
3855317144
3858485691
3861593937
3864751039
3867906204
3871117337
3874276064
3877417879
3880622226
3883787814
3887044400
3890206091
3893342253
3896513782
3899714373
3902937863
3906053378
3909211024
3912369336
3915575010
3918781481
3921882201
3925042927
3928188530
3931399155
3934604464
3937760414
3940984240
3944175123
3947344257
3950494054
3953586895
3956820805
3959983718
3963205762
3966417974
3969555392
3972713035
3975906538
3979125638
3982239731
3985393965
3988736976
3992005463
3995184090
3998348754
4001523242
4004683670
4007879101
4011066725
4014197072
4017383149
4020544124
4023289860
4026440043
4029567508
4293462327
4296712579
4299877879
4303087954
4306179994
4309404178
4312626882
4315778632
4318970347
4322120279
4325310055
4328516052
4215131552
4218231063
4221438828
4224659218
4227902001
4231061935
4234216081
4237369981
4240574475
4243785427
4246953210
4250067934
4253242559
4256401440
4259584715
4262701216
4265868097
4269035190
4272200844
4275401279
4278525014
4281715577
4284903580
4288110208
4291302416
4294439253
4297621440
4300827779
4304026184
4307189194
4310345619
4313532875
4316808142
4319962848
4323174990
4326291583
4329493683
4332694496
4335847293
4339041568
4342199035
4345418193
4348667554
4351805927
4354966954
4358122545
4361334537
4629332377
4632505412
4635334898
4637448702
4639577207
4641643402
4643820115
4645923733
4648052258
4650145884
4652317631
4654403438
4655666524
4657759380
4659901490
4662004362
4664123483
4666236173
4668384835
4670496252
4672614194
4674735394
4676857142
4678974881
4681086495
4683232283
4685341110
4687464948
4689550587
4691723124
4693826325
4695979623
4698071713
4700217791
4702300119
4704413627
4706525509
4708659858
4710772494
4712899767
4714993441
4717106225
4719227903
4721340499
4723457498
4725556495
4727667001
4729769941
4731921962
4734006828
4736133390
4738219936
4740350421
4742431291
4744580820
4746706289
4748824715
4750908578
4753055147
4911041050
4913177640
4915263601
4917388139
4919518426
4921601592
4923735662
4925832045
4927992241
4930099322
4932225473
4934333937
4936026771
4938113834
4940274519
4942365824
4944490911
4946647407
4948798590
4950915518
4953048929
4955138510
4957272285
4959399067
4961509468
4963647460
4965740194
4967861388
4969951934
4972139797
4974227679
4976410397
4978510457
4980637135
4982729784
4984834878
4986957942
4989085246
4991209466
4993331625
4995454221
4997543884
4999668582
5001782670
5003912752
5006020016
5008145260
5010241441
5012405032
5014476918
5016631665
5018730082
5020898111
5022991238
5025123900
5027231567
5029373835
5031492855
5033623998
5215029628
5218188058
5221353849
5224521540
5227670826
5230819632
5234040781
5237226539
5240405124
5243527374
5246707321
5249864211
5252666819
5255819156
5258936924
5262147824
5265342950
5268501687
5271646256
5274795345
5277972144
5281175954
5284353391
5287461509
5290608886
5293779767
5296995217
5300147091
5303302178
5306469595
5309727503
5312882520
5316086138
5319189370
5322394827
5325602388
5328821518
5332063401
5335165938
5338315639
5341490541
5344697375
5347796669
5350968425
5354140875
5357314216
5360525550
5363654165
5366840354
5369987222
5373255377
5376542561
5379700012
5382904044
5386127140
5389273489
5392471215
5395618331
5398792592
5511367424
5514536465
5517738700
5520842265
5524050636
5527246932
5530448878
5533548370
5536728009
5539899308
5543086555
5546295484
5549402027
5552570271
5555746505
5558910543
5562119210
5565225921
5568384479
5571562908
5574778833
5577512720
5580629593
5583808470
5586983630
5590235380
5593338848
5596542308
5599783841
5602937984
5606150317
5609271732
5612479102
5615690418
5618861634
5622111924
5625198677
5628416051
5631639142
5634809550
5638015709
5641096234
5644305263
5647461087
5650631089
5653848257
5656957023
5660155944
5663337186
5666531147
5669673343
5672864855
5676055107
3463616380
3466841951
3469979204
3473138232
3476337912
3479058097
3741783618
3745002261
3748179797
3751388184
3754540303
3757708955
3760899991
3764073825
3767235758
3770329083
3773496622
3776776882
3779945719
3783146588
3786258029
3789444755
3792614040
3795775079
3798949899
3802098191
3805246346
3808419079
3811571865
3814718464
3817876637
3821046389
3824242389
3827449605
3830609590
3833787287
3836974218
3840169973
3843338239
3846430068
3849660213
3852823725
3856080542
3859241392
3862363387
3865549932
3868752061
3871960219
3875073211
3878260154
3881477190
3884651644
3887869613
3890997135
3894163063
3897372202
3900573217
3903731162
3906881890
3910055565
3913216236
3916424658
3919563576
3922729132
3925533307
4174941852
4178120667
4181327881
4184524605
4187646080
4190858651
4194053787
4197230038
4200473430
4203590478
4206768525
4209963481
4213125250
4216311648
4219468155
4222638624
4225865335
4229069451
4232242960
4235408211
4238565147
4241713750
4244884970
4248041001
4251130050
4254308151
4257535685
4260727174
4263870198
4267048643
4270270483
4273489182
4276653717
4279820736
4283053403
4286258311
4289454767
4292646771
4295747928
4298891835
4302080347
4305295300
4308445541
4311595055
4314788885
4318004651
4321167744
4324393802
4327504230
4330706875
4333885498
4337049391
4340149228
4343335395
4346541748
4349709085
4352866738
4355980090
4358690429
4607988224
4611238887
4614442897
4617657609
4620811373
4623963300
4627164095
4629504934
4632650331
4635822677
4639027050
4642231195
4645389905
4648607010
4651735848
4654904828
4658108025
4661275350
4664459670
4667591712
4670802298
4674020260
4677211927
4680364248
4683526393
4686683306
4689833449
4693044501
4696143087
4699338317
4702576552
4705757242
4708965393
4712087185
4715217529
4718431142
4721594238
4724795999
4727910647
4731103863
4734320035
4737487211
4740660247
4743811627
4746997109
4750223785
4753457650
4756654078
4759765636
4763019762
4766178132
4769367001
4772488772
4775711431
4778922693
4782096988
4785357752
4788470506
4791622772
4856039956
4859198674
4862359853
4865542898
4868759114
4871938180
4875086228
4878345495
4881538317
4884777627
4887990674
4891090186
4894329230
4897507252
4900723862
4903913878
4907039008
4910210209
4913398836
4916619174
4919787740
4922947478
4926150590
4929362438
4932638091
4935801958
4938919983
4942167859
4945343597
4948590451
4951762900
4954882111
4958052937
4961235732
4964444431
4967563756
4970727143
4973915551
4977075090
4980257244
4983382968
4986552397
4989816092
4992975196
4996191007
4999317166
5002470477
5005733721
5008909485
5012086330
5015224787
5017963827
5021158769
5024330209
5027594529
5030704298
5033868842
5037155962
5040328218
5301945769
5305125811
5308255581
5311447476
5314740963
5318025579
5321225085
5324475211
5327584212
5330796246
5333986177
5337201284
5340340270
5343490720
5346717590
5349932165
5353105147
5356264144
5359432957
5362615757
5365812329
5368988478
5372102310
5375313833
5378477356
5381680229
5384859806
5387967421
5391174657
5394364200
5397581475
5400698282
5403910562
5407079764
5410240705
5413423728
5416526067
5419710410
5422889483
5426081822
5429292586
5432438560
5435575347
5438761208
5441934237
5445098458
5448212450
5451394051
5454562458
5457731650
5460837002
5463580917
5466749160
5469917247
5473093975
5476210338
5479456029
5482622067
5485826280
5758098508
5761293071
5764400217
5767639852
5770815410
5773971051
5777092490
5780256299
5783447032
5786686202
5789873411
5793017474
5796190751
5799358212
5802551720
5805722705
5808875644
5812044048
5815365239
5818599720
5821775775
5824889589
5828097160
5831303533
5834508676
5837682184
5840841965
5844018684
5847226457
5850440548
5853632691
5856783278
5860007117
5863218372
5866420868
5869626578
5872786154
5875957227
5879123260
5882332290
5885476416
5888675380
5891887989
5895116241
5898267763
5901441845
5904659691
5907865600
5911059482
5914232342
5917358445
5920527342
5923003222
5925128338
5927275455
5929401631
5931546026
5933640512
5935337991
6095010057
6097115307
6099269950
6101347634
6103507947
6105631513
6107765180
6109920173
6111995327
6114135501
6116262464
6118415365
6120533855
6122669802
6125198598
6128449070
6131620998
6134815841
6138006622
6141175165
6144410975
6147584164
6150793558
6153908082
6157115773
6160314598
6163537564
6166741968
6169851115
6173034377
6176210565
6179425882
6182565419
6185739644
6188946778
6192121010
6195330813
6198538222
6201642546
6204871055
6208086240
6211245551
6214486060
6217589954
6220797073
6224030229
6227188081
6230398638
6233516765
6236707499
6239928804
6243094278
6246184393
6249359615
6252538271
6255760227
6258914183
6262039811
6264787668
6532095440
6535265495
6538386563
6541558227
6544840388
6548081478
6551317325
6553576461
6556783044
6560021416
6563197378
6566389031
6569527498
6572689549
6575895478
6579125285
6582303480
6585458130
6588627300
6591805625
6594948618
6598110541
6601277075
6604438071
6607641474
6610844964
6613967869
6617131981
6620293795
6623445125
3779639275
3782740758
3785961412
3789169380
3792386620
3795559145
3798675525
3801862098
3805036470
3808254051
3811400694
3814561959
3817751611
3820914201
3824114408
3827300094
3830475161
3833630540
3836811317
3839973314
3843091018
3846264932
3849464835
3852653222
3855829882
3858959077
3862173745
3865376524
3868556146
4131669270
4134826877
4138023345
4141232413
4144392460
4147531018
4150718455
4153937764
4157106622
4159886684
4162989943
4166213811
4169379835
4172590201
4175814260
4178892894
4182076607
4185271257
4188484880
4191744296
4194848554
4198057783
4201222523
4204423670
4207630177
4210722095
4213936666
4217141597
4220307405
4223475650
4226647354
4229886618
4233119755
4236284188
4239445077
4242617613
4245776632
4249013039
4252198400
4255300412
4258554345
4261726846
4264921898
4268103058
4271217491
4274414104
4277625206
4280789871
4283999287
4287152834
4290305423
4293521491
4296715478
4299860702
4303016008
4306203630
4309435074
4312614867
4315758841
4589727076
4592924223
4596045350
4599256571
4602458683
4605669222
4608777565
4611967620
4615165414
4617914863
4621123792
4624271851
4627435368
4630630357
4633804474
4637001565
4640139486
4643320374
4646510274
4649709213
4652860569
4655995164
4659168799
4662341165
4665517392
4668625988
4671778303
4674964284
4678124529
4681314156
4684413591
4687571942
4690823555
4694017768
4697221083
4700332479
4703496030
4706692608
4709866994
4713074995
4716204289
4719428744
4722680098
4725829804
4729031945
4732147440
4735345113
4738527572
4741739327
4744856381
4748057758
4751257167
4754456661
4757659921
4760767917
4763939071
4767101805
4770265449
4773485481
5045286268
5048459609
5051680637
5054859227
5058053954
5061178280
5064347128
5067515862
5070690273
5073444943
5076626227
5079779191
5082980637
5086148341
5089260818
5092501042
5095677885
5098869760
5102088333
5105217978
5108382348
5111555845
5114807985
5117953400
5121101446
5124365000
5127506751
5130715602
5133823685
5137029147
5140255941
5143420498
5146597572
5149708914
5152927536
5156114115
5159332896
5162493957
5165643055
5168818162
5172049128
5175203126
5178405614
5181522622
5184723301
5187933517
5191097620
5194282000
5197409381
5200570330
5203761692
5206946828
