cpu  1636056 6672 2232774 106497666 36757 0 878226 0 0 0
cpu0 13093 1046 23619 27555462 11891 0 208355 0 0 0
cpu1 1589548 3224 2151464 23854172 3591 0 260328 0 0 0
cpu2 18884 2306 32957 27536396 8742 0 220228 0 0 0
cpu3 14529 94 24732 27551634 12531 0 189314 0 0 0
intr 2626385344 0 0 366340 75 0 160191 6752412 0 0 0 1705475 0 0 0 0 0 0 0 0 0 0 0 0 0 0 0 0 0 0 0 0 0 0 0 0 0 0 0 0 0 0 0 0 0 0 0 0 0 0 0 0 2376566640 0 0 0 0 0 0 0 0 55717 0 129689 0 0 0 0 0 0 0 0 0 0 0 187264356 1 0 0 0 0 0 0 0 0 0 0 0 0 0 0 0 0 0 0 0 0 0 0 124190 4213 0 0 0 0 3811082 0 0 0 0 0 0 0 0 0 0 0 0 0 0 0 0 0 0 0 0 0 0 0 0 0 0 0 0 0 0 0 0 0 0 0 0 0 0 0 0 0 0 0 0 0 0 0 0 0 0 0 0 0 0 0 0 0 0 0 0 0 0 0 0 0 0 0 0 0 0 0 0 0 0 0 49444964 0 0 0
ctxt 87204224
btime 1673080802
processes 122380
procs_running 1
procs_blocked 0
softirq 267560613 218808084 6234854 548765 9711062 129650 0 22716468 7329651 5 2082074

cpu  1636058 6672 2232776 106497856 36757 0 878226 0 0 0
cpu0 13093 1046 23619 27555512 11891 0 208355 0 0 0
cpu1 1589549 3224 2151466 23854218 3591 0 260328 0 0 0
cpu2 18885 2306 32958 27536442 8742 0 220228 0 0 0
cpu3 14529 94 24732 27551683 12531 0 189314 0 0 0
intr 2626390537 0 0 366344 75 0 160191 6752450 0 0 0 1705480 0 0 0 0 0 0 0 0 0 0 0 0 0 0 0 0 0 0 0 0 0 0 0 0 0 0 0 0 0 0 0 0 0 0 0 0 0 0 0 0 2376570668 0 0 0 0 0 0 0 0 55717 0 129689 0 0 0 0 0 0 0 0 0 0 0 187264508 1 0 0 0 0 0 0 0 0 0 0 0 0 0 0 0 0 0 0 0 0 0 0 124190 4213 0 0 0 0 3811104 0 0 0 0 0 0 0 0 0 0 0 0 0 0 0 0 0 0 0 0 0 0 0 0 0 0 0 0 0 0 0 0 0 0 0 0 0 0 0 0 0 0 0 0 0 0 0 0 0 0 0 0 0 0 0 0 0 0 0 0 0 0 0 0 0 0 0 0 0 0 0 0 0 0 0 49445908 0 0 0
ctxt 87206131
btime 1673080802
processes 122380
procs_running 1
procs_blocked 0
softirq 267560696 218808092 6234868 548765 9711063 129650 0 22716489 7329680 5 2082084

cpu  1636058 6672 2232780 106498047 36757 0 878226 0 0 0
cpu0 13093 1046 23619 27555561 11891 0 208355 0 0 0
cpu1 1589549 3224 2151468 23854263 3591 0 260328 0 0 0
cpu2 18886 2306 32960 27536488 8742 0 220228 0 0 0
cpu3 14529 94 24732 27551732 12531 0 189314 0 0 0
intr 2626395672 0 0 366348 75 0 160191 6752480 0 0 0 1705485 0 0 0 0 0 0 0 0 0 0 0 0 0 0 0 0 0 0 0 0 0 0 0 0 0 0 0 0 0 0 0 0 0 0 0 0 0 0 0 0 2376574672 0 0 0 0 0 0 0 0 55717 0 129689 0 0 0 0 0 0 0 0 0 0 0 187264636 1 0 0 0 0 0 0 0 0 0 0 0 0 0 0 0 0 0 0 0 0 0 0 124190 4213 0 0 0 0 3811126 0 0 0 0 0 0 0 0 0 0 0 0 0 0 0 0 0 0 0 0 0 0 0 0 0 0 0 0 0 0 0 0 0 0 0 0 0 0 0 0 0 0 0 0 0 0 0 0 0 0 0 0 0 0 0 0 0 0 0 0 0 0 0 0 0 0 0 0 0 0 0 0 0 0 0 49446850 0 0 0
ctxt 87208018
btime 1673080802
processes 122380
procs_running 1
procs_blocked 0
softirq 267560767 218808092 6234882 548765 9711064 129650 0 22716507 7329709 5 2082093

cpu  1636060 6672 2232783 106498237 36757 0 878226 0 0 0
cpu0 13093 1046 23619 27555611 11891 0 208355 0 0 0
cpu1 1589550 3224 2151469 23854309 3591 0 260328 0 0 0
cpu2 18886 2306 32961 27536533 8742 0 220228 0 0 0
cpu3 14529 94 24732 27551782 12531 0 189314 0 0 0
intr 2626400861 0 0 366353 75 0 160191 6752514 0 0 0 1705490 0 0 0 0 0 0 0 0 0 0 0 0 0 0 0 0 0 0 0 0 0 0 0 0 0 0 0 0 0 0 0 0 0 0 0 0 0 0 0 0 2376578699 0 0 0 0 0 0 0 0 55717 0 129689 0 0 0 0 0 0 0 0 0 0 0 187264789 1 0 0 0 0 0 0 0 0 0 0 0 0 0 0 0 0 0 0 0 0 0 0 124190 4213 0 0 0 0 3811148 0 0 0 0 0 0 0 0 0 0 0 0 0 0 0 0 0 0 0 0 0 0 0 0 0 0 0 0 0 0 0 0 0 0 0 0 0 0 0 0 0 0 0 0 0 0 0 0 0 0 0 0 0 0 0 0 0 0 0 0 0 0 0 0 0 0 0 0 0 0 0 0 0 0 0 49447793 0 0 0
ctxt 87209931
btime 1673080802
processes 122380
procs_running 1
procs_blocked 0
softirq 267560858 218808100 6234899 548766 9711065 129650 0 22716529 7329743 5 2082101

cpu  1636060 6672 2232788 106498427 36757 0 878226 0 0 0
cpu0 13093 1046 23619 27555660 11891 0 208355 0 0 0
cpu1 1589550 3224 2151471 23854355 3591 0 260328 0 0 0
cpu2 18886 2306 32964 27536579 8742 0 220228 0 0 0
cpu3 14529 94 24732 27551831 12531 0 189314 0 0 0
intr 2626405986 0 0 366357 75 0 160191 6752540 0 0 0 1705495 0 0 0 0 0 0 0 0 0 0 0 0 0 0 0 0 0 0 0 0 0 0 0 0 0 0 0 0 0 0 0 0 0 0 0 0 0 0 0 0 2376582695 0 0 0 0 0 0 0 0 55717 0 129689 0 0 0 0 0 0 0 0 0 0 0 187264917 1 0 0 0 0 0 0 0 0 0 0 0 0 0 0 0 0 0 0 0 0 0 0 124190 4213 0 0 0 0 3811170 0 0 0 0 0 0 0 0 0 0 0 0 0 0 0 0 0 0 0 0 0 0 0 0 0 0 0 0 0 0 0 0 0 0 0 0 0 0 0 0 0 0 0 0 0 0 0 0 0 0 0 0 0 0 0 0 0 0 0 0 0 0 0 0 0 0 0 0 0 0 0 0 0 0 0 49448737 0 0 0
ctxt 87211813
btime 1673080802
processes 122380
procs_running 1
procs_blocked 0
softirq 267560933 218808100 6234912 548766 9711066 129650 0 22716547 7329778 5 2082109

cpu  1636060 6672 2232791 106498617 36757 0 878226 0 0 0
cpu0 13093 1046 23619 27555710 11891 0 208355 0 0 0
cpu1 1589550 3224 2151472 23854401 3591 0 260328 0 0 0
cpu2 18887 2306 32966 27536625 8742 0 220228 0 0 0
cpu3 14529 94 24732 27551880 12531 0 189314 0 0 0
intr 2626411170 0 0 366361 75 0 160191 6752569 0 0 0 1705500 0 0 0 0 0 0 0 0 0 0 0 0 0 0 0 0 0 0 0 0 0 0 0 0 0 0 0 0 0 0 0 0 0 0 0 0 0 0 0 0 2376586719 0 0 0 0 0 0 0 0 55717 0 129689 0 0 0 0 0 0 0 0 0 0 0 187265069 1 0 0 0 0 0 0 0 0 0 0 0 0 0 0 0 0 0 0 0 0 0 0 124190 4213 0 0 0 0 3811192 0 0 0 0 0 0 0 0 0 0 0 0 0 0 0 0 0 0 0 0 0 0 0 0 0 0 0 0 0 0 0 0 0 0 0 0 0 0 0 0 0 0 0 0 0 0 0 0 0 0 0 0 0 0 0 0 0 0 0 0 0 0 0 0 0 0 0 0 0 0 0 0 0 0 0 49449686 0 0 0
ctxt 87213730
btime 1673080802
processes 122380
procs_running 2
procs_blocked 0
softirq 267561018 218808108 6234928 548766 9711067 129650 0 22716566 7329808 5 2082120

cpu  1636061 6672 2232795 106498807 36757 0 878226 0 0 0
cpu0 13093 1046 23619 27555759 11891 0 208355 0 0 0
cpu1 1589550 3224 2151474 23854447 3591 0 260328 0 0 0
cpu2 18887 2306 32968 27536670 8742 0 220228 0 0 0
cpu3 14529 94 24732 27551930 12531 0 189314 0 0 0
intr 2626416319 0 0 366369 75 0 160191 6752595 0 0 0 1705505 0 0 0 0 0 0 0 0 0 0 0 0 0 0 0 0 0 0 0 0 0 0 0 0 0 0 0 0 0 0 0 0 0 0 0 0 0 0 0 0 2376590714 0 0 0 0 0 0 0 0 55717 0 129689 0 0 0 0 0 0 0 0 0 0 0 187265197 1 0 0 0 0 0 0 0 0 0 0 0 0 0 0 0 0 0 0 0 0 0 0 124190 4213 0 0 0 0 3811211 0 0 0 0 0 0 0 0 0 0 0 0 0 0 0 0 0 0 0 0 0 0 0 0 0 0 0 0 0 0 0 0 0 0 0 0 0 0 0 0 0 0 0 0 0 0 0 0 0 0 0 0 0 0 0 0 0 0 0 0 0 0 0 0 0 0 0 0 0 0 0 0 0 0 0 49450653 0 0 0
ctxt 87215627
btime 1673080802
processes 122380
procs_running 1
procs_blocked 0
softirq 267561110 218808108 6234943 548766 9711068 129650 0 22716580 7329846 5 2082144

cpu  1636062 6672 2232800 106498997 36757 0 878226 0 0 0
cpu0 13093 1046 23619 27555808 11891 0 208355 0 0 0
cpu1 1589551 3224 2151476 23854492 3591 0 260328 0 0 0
cpu2 18887 2306 32970 27536716 8742 0 220228 0 0 0
cpu3 14529 94 24732 27551979 12531 0 189314 0 0 0
intr 2626421534 0 0 366377 75 0 160191 6752632 0 0 0 1705510 0 0 0 0 0 0 0 0 0 0 0 0 0 0 0 0 0 0 0 0 0 0 0 0 0 0 0 0 0 0 0 0 0 0 0 0 0 0 0 0 2376594742 0 0 0 0 0 0 0 0 55717 0 129689 0 0 0 0 0 0 0 0 0 0 0 187265351 1 0 0 0 0 0 0 0 0 0 0 0 0 0 0 0 0 0 0 0 0 0 0 124190 4213 0 0 0 0 3811233 0 0 0 0 0 0 0 0 0 0 0 0 0 0 0 0 0 0 0 0 0 0 0 0 0 0 0 0 0 0 0 0 0 0 0 0 0 0 0 0 0 0 0 0 0 0 0 0 0 0 0 0 0 0 0 0 0 0 0 0 0 0 0 0 0 0 0 0 0 0 0 0 0 0 0 49451614 0 0 0
ctxt 87217556
btime 1673080802
processes 122380
procs_running 2
procs_blocked 0
softirq 267561211 218808116 6234962 548766 9711069 129650 0 22716601 7329885 5 2082157

cpu  1636063 6672 2232803 106499187 36757 0 878226 0 0 0
cpu0 13093 1046 23619 27555857 11891 0 208355 0 0 0
cpu1 1589551 3224 2151478 23854538 3591 0 260328 0 0 0
cpu2 18888 2306 32972 27536762 8742 0 220228 0 0 0
cpu3 14529 94 24732 27552028 12531 0 189314 0 0 0
intr 2626426678 0 0 366382 75 0 160191 6752659 0 0 0 1705514 0 0 0 0 0 0 0 0 0 0 0 0 0 0 0 0 0 0 0 0 0 0 0 0 0 0 0 0 0 0 0 0 0 0 0 0 0 0 0 0 2376598738 0 0 0 0 0 0 0 0 55717 0 129689 0 0 0 0 0 0 0 0 0 0 0 187265479 1 0 0 0 0 0 0 0 0 0 0 0 0 0 0 0 0 0 0 0 0 0 0 124190 4213 0 0 0 0 3811255 0 0 0 0 0 0 0 0 0 0 0 0 0 0 0 0 0 0 0 0 0 0 0 0 0 0 0 0 0 0 0 0 0 0 0 0 0 0 0 0 0 0 0 0 0 0 0 0 0 0 0 0 0 0 0 0 0 0 0 0 0 0 0 0 0 0 0 0 0 0 0 0 0 0 0 49452577 0 0 0
ctxt 87219448
btime 1673080802
processes 122380
procs_running 1
procs_blocked 0
softirq 267561305 218808116 6234981 548766 9711070 129650 0 22716619 7329925 5 2082173

cpu  1636064 6672 2232808 106499377 36757 0 878227 0 0 0
cpu0 13093 1046 23620 27555907 11891 0 208355 0 0 0
cpu1 1589552 3224 2151482 23854584 3591 0 260329 0 0 0
cpu2 18888 2306 32973 27536807 8742 0 220228 0 0 0
cpu3 14529 94 24732 27552078 12531 0 189314 0 0 0
intr 2626431927 0 0 366386 75 0 160191 6752710 0 0 0 1705519 0 0 0 0 0 0 0 0 0 0 0 0 0 0 0 0 0 0 0 0 0 0 0 0 0 0 0 0 0 0 0 0 0 0 0 0 0 0 0 0 2376602767 0 0 0 0 0 0 0 0 55717 0 129689 0 0 0 0 0 0 0 0 0 0 0 187265631 1 0 0 0 0 0 0 0 0 0 0 0 0 0 0 0 0 0 0 0 0 0 0 124190 4213 0 0 0 0 3811298 0 0 0 0 0 0 0 0 0 0 0 0 0 0 0 0 0 0 0 0 0 0 0 0 0 0 0 0 0 0 0 0 0 0 0 0 0 0 0 0 0 0 0 0 0 0 0 0 0 0 0 0 0 0 0 0 0 0 0 0 0 0 0 0 0 0 0 0 0 0 0 0 0 0 0 49453542 0 0 0
ctxt 87221413
btime 1673080802
processes 122380
procs_running 2
procs_blocked 0
softirq 267561427 218808124 6235001 548766 9711073 129650 0 22716655 7329969 5 2082184

cpu  1636064 6672 2232810 106499567 36757 0 878227 0 0 0
cpu0 13093 1046 23620 27555956 11891 0 208355 0 0 0
cpu1 1589552 3224 2151484 23854629 3591 0 260329 0 0 0
cpu2 18889 2306 32974 27536853 8742 0 220228 0 0 0
cpu3 14529 94 24732 27552127 12531 0 189314 0 0 0
intr 2626437063 0 0 366390 75 0 160191 6752736 0 0 0 1705524 0 0 0 0 0 0 0 0 0 0 0 0 0 0 0 0 0 0 0 0 0 0 0 0 0 0 0 0 0 0 0 0 0 0 0 0 0 0 0 0 2376606762 0 0 0 0 0 0 0 0 55717 0 129689 0 0 0 0 0 0 0 0 0 0 0 187265759 1 0 0 0 0 0 0 0 0 0 0 0 0 0 0 0 0 0 0 0 0 0 0 124190 4213 0 0 0 0 3811320 0 0 0 0 0 0 0 0 0 0 0 0 0 0 0 0 0 0 0 0 0 0 0 0 0 0 0 0 0 0 0 0 0 0 0 0 0 0 0 0 0 0 0 0 0 0 0 0 0 0 0 0 0 0 0 0 0 0 0 0 0 0 0 0 0 0 0 0 0 0 0 0 0 0 0 49454497 0 0 0
ctxt 87223310
btime 1673080802
processes 122380
procs_running 2
procs_blocked 0
softirq 267561506 218808124 6235017 548766 9711074 129650 0 22716673 7330001 5 2082196

cpu  1636066 6672 2232813 106499758 36757 0 878227 0 0 0
cpu0 13093 1046 23620 27556006 11891 0 208355 0 0 0
cpu1 1589553 3224 2151485 23854675 3591 0 260329 0 0 0
cpu2 18889 2306 32975 27536899 8742 0 220228 0 0 0
cpu3 14529 94 24732 27552176 12531 0 189314 0 0 0
intr 2626442258 0 0 366394 75 0 160191 6752770 0 0 0 1705529 0 0 0 0 0 0 0 0 0 0 0 0 0 0 0 0 0 0 0 0 0 0 0 0 0 0 0 0 0 0 0 0 0 0 0 0 0 0 0 0 2376610787 0 0 0 0 0 0 0 0 55717 0 129689 0 0 0 0 0 0 0 0 0 0 0 187265912 1 0 0 0 0 0 0 0 0 0 0 0 0 0 0 0 0 0 0 0 0 0 0 124190 4213 0 0 0 0 3811342 0 0 0 0 0 0 0 0 0 0 0 0 0 0 0 0 0 0 0 0 0 0 0 0 0 0 0 0 0 0 0 0 0 0 0 0 0 0 0 0 0 0 0 0 0 0 0 0 0 0 0 0 0 0 0 0 0 0 0 0 0 0 0 0 0 0 0 0 0 0 0 0 0 0 0 49455449 0 0 0
ctxt 87225230
btime 1673080802
processes 122380
procs_running 1
procs_blocked 0
softirq 267561601 218808132 6235035 548766 9711075 129650 0 22716694 7330037 5 2082207

cpu  1636066 6672 2232817 106499948 36757 0 878227 0 0 0
cpu0 13093 1046 23620 27556055 11891 0 208355 0 0 0
cpu1 1589553 3224 2151486 23854721 3591 0 260329 0 0 0
cpu2 18890 2306 32977 27536945 8742 0 220228 0 0 0
cpu3 14529 94 24732 27552226 12531 0 189314 0 0 0
intr 2626447406 0 0 366399 75 0 160191 6752800 0 0 0 1705534 0 0 0 0 0 0 0 0 0 0 0 0 0 0 0 0 0 0 0 0 0 0 0 0 0 0 0 0 0 0 0 0 0 0 0 0 0 0 0 0 2376614791 0 0 0 0 0 0 0 0 55717 0 129689 0 0 0 0 0 0 0 0 0 0 0 187266040 1 0 0 0 0 0 0 0 0 0 0 0 0 0 0 0 0 0 0 0 0 0 0 124190 4213 0 0 0 0 3811364 0 0 0 0 0 0 0 0 0 0 0 0 0 0 0 0 0 0 0 0 0 0 0 0 0 0 0 0 0 0 0 0 0 0 0 0 0 0 0 0 0 0 0 0 0 0 0 0 0 0 0 0 0 0 0 0 0 0 0 0 0 0 0 0 0 0 0 0 0 0 0 0 0 0 0 49456403 0 0 0
ctxt 87227136
btime 1673080802
processes 122380
procs_running 1
procs_blocked 0
softirq 267561685 218808132 6235053 548766 9711076 129650 0 22716712 7330072 5 2082219

cpu  1636068 6672 2232819 106500138 36757 0 878227 0 0 0
cpu0 13093 1046 23620 27556104 11891 0 208355 0 0 0
cpu1 1589553 3224 2151488 23854767 3591 0 260329 0 0 0
cpu2 18891 2306 32978 27536991 8742 0 220228 0 0 0
cpu3 14529 94 24732 27552275 12531 0 189314 0 0 0
intr 2626452592 0 0 366403 75 0 160191 6752828 0 0 0 1705539 0 0 0 0 0 0 0 0 0 0 0 0 0 0 0 0 0 0 0 0 0 0 0 0 0 0 0 0 0 0 0 0 0 0 0 0 0 0 0 0 2376618814 0 0 0 0 0 0 0 0 55717 0 129689 0 0 0 0 0 0 0 0 0 0 0 187266194 1 0 0 0 0 0 0 0 0 0 0 0 0 0 0 0 0 0 0 0 0 0 0 124190 4213 0 0 0 0 3811386 0 0 0 0 0 0 0 0 0 0 0 0 0 0 0 0 0 0 0 0 0 0 0 0 0 0 0 0 0 0 0 0 0 0 0 0 0 0 0 0 0 0 0 0 0 0 0 0 0 0 0 0 0 0 0 0 0 0 0 0 0 0 0 0 0 0 0 0 0 0 0 0 0 0 0 49457353 0 0 0
ctxt 87229051
btime 1673080802
processes 122380
procs_running 2
procs_blocked 0
softirq 267561777 218808140 6235071 548767 9711077 129650 0 22716731 7330106 5 2082230

cpu  1636071 6672 2232826 106500322 36757 0 878227 0 0 0
cpu0 13094 1046 23620 27556152 11891 0 208355 0 0 0
cpu1 1589553 3224 2151489 23854811 3591 0 260329 0 0 0
cpu2 18893 2306 32982 27537035 8742 0 220228 0 0 0
cpu3 14530 94 24734 27552322 12531 0 189314 0 0 0
intr 2626457777 0 0 366407 75 0 160205 6752866 0 0 0 1705544 0 0 0 0 0 0 0 0 0 0 0 0 0 0 0 0 0 0 0 0 0 0 0 0 0 0 0 0 0 0 0 0 0 0 0 0 0 0 0 0 2376622812 0 0 0 0 0 0 0 0 55717 0 129689 0 0 0 0 0 0 0 0 0 0 0 187266322 1 0 0 0 0 0 0 0 0 0 0 0 0 0 0 0 0 0 0 0 0 0 0 124190 4213 0 0 0 0 3811408 0 0 0 0 0 0 0 0 0 0 0 0 0 0 0 0 0 0 0 0 0 0 0 0 0 0 0 0 0 0 0 0 0 0 0 0 0 0 0 0 0 0 0 0 0 0 0 0 0 0 0 0 0 0 0 0 0 0 0 0 0 0 0 0 0 0 0 0 0 0 0 0 0 0 0 49458329 0 0 0
ctxt 87230975
btime 1673080802
processes 122391
procs_running 3
procs_blocked 0
softirq 267561927 218808140 6235094 548767 9711078 129650 0 22716749 7330170 5 2082274

cpu  1636076 6672 2232840 106500496 36757 0 878227 0 0 0
cpu0 13094 1046 23623 27556199 11891 0 208355 0 0 0
cpu1 1589554 3224 2151497 23854852 3591 0 260329 0 0 0
cpu2 18895 2306 32984 27537076 8742 0 220228 0 0 0
cpu3 14532 94 24736 27552367 12531 0 189314 0 0 0
intr 2626463259 0 0 366415 75 0 160276 6752998 0 0 0 1705549 0 0 0 0 0 0 0 0 0 0 0 0 0 0 0 0 0 0 0 0 0 0 0 0 0 0 0 0 0 0 0 0 0 0 0 0 0 0 0 0 2376626809 0 0 0 0 0 0 0 0 55717 0 129689 0 0 0 0 0 0 0 0 0 0 0 187266452 1 0 0 0 0 0 0 0 0 0 0 0 0 0 0 0 0 0 0 0 0 0 0 124190 4213 0 0 0 0 3811430 0 0 0 0 0 0 0 0 0 0 0 0 0 0 0 0 0 0 0 0 0 0 0 0 0 0 0 0 0 0 0 0 0 0 0 0 0 0 0 0 0 0 0 0 0 0 0 0 0 0 0 0 0 0 0 0 0 0 0 0 0 0 0 0 0 0 0 0 0 0 0 0 0 0 0 49459445 0 0 0
ctxt 87233301
btime 1673080802
processes 122434
procs_running 1
procs_blocked 0
softirq 267562248 218808140 6235134 548767 9711079 129650 0 22716768 7330294 5 2082411

cpu  1636077 6672 2232843 106500686 36757 0 878227 0 0 0
cpu0 13094 1046 23623 27556248 11891 0 208355 0 0 0
cpu1 1589554 3224 2151498 23854898 3591 0 260329 0 0 0
cpu2 18896 2306 32985 27537122 8742 0 220228 0 0 0
cpu3 14532 94 24736 27552416 12531 0 189314 0 0 0
intr 2626468456 0 0 366420 75 0 160276 6753033 0 0 0 1705554 0 0 0 0 0 0 0 0 0 0 0 0 0 0 0 0 0 0 0 0 0 0 0 0 0 0 0 0 0 0 0 0 0 0 0 0 0 0 0 0 2376630837 0 0 0 0 0 0 0 0 55717 0 129689 0 0 0 0 0 0 0 0 0 0 0 187266601 1 0 0 0 0 0 0 0 0 0 0 0 0 0 0 0 0 0 0 0 0 0 0 124190 4213 0 0 0 0 3811452 0 0 0 0 0 0 0 0 0 0 0 0 0 0 0 0 0 0 0 0 0 0 0 0 0 0 0 0 0 0 0 0 0 0 0 0 0 0 0 0 0 0 0 0 0 0 0 0 0 0 0 0 0 0 0 0 0 0 0 0 0 0 0 0 0 0 0 0 0 0 0 0 0 0 0 49460399 0 0 0
ctxt 87235224
btime 1673080802
processes 122434
procs_running 1
procs_blocked 0
softirq 267562342 218808148 6235152 548767 9711080 129650 0 22716788 7330328 5 2082424

cpu  1636077 6672 2232846 106500876 36757 0 878227 0 0 0
cpu0 13094 1046 23623 27556298 11891 0 208355 0 0 0
cpu1 1589554 3224 2151500 23854944 3591 0 260329 0 0 0
cpu2 18896 2306 32986 27537167 8742 0 220228 0 0 0
cpu3 14532 94 24736 27552466 12531 0 189314 0 0 0
intr 2626473635 0 0 366426 75 0 160276 6753084 0 0 0 1705559 0 0 0 0 0 0 0 0 0 0 0 0 0 0 0 0 0 0 0 0 0 0 0 0 0 0 0 0 0 0 0 0 0 0 0 0 0 0 0 0 2376634832 0 0 0 0 0 0 0 0 55717 0 129689 0 0 0 0 0 0 0 0 0 0 0 187266731 1 0 0 0 0 0 0 0 0 0 0 0 0 0 0 0 0 0 0 0 0 0 0 124190 4213 0 0 0 0 3811494 0 0 0 0 0 0 0 0 0 0 0 0 0 0 0 0 0 0 0 0 0 0 0 0 0 0 0 0 0 0 0 0 0 0 0 0 0 0 0 0 0 0 0 0 0 0 0 0 0 0 0 0 0 0 0 0 0 0 0 0 0 0 0 0 0 0 0 0 0 0 0 0 0 0 0 49461348 0 0 0
ctxt 87237174
btime 1673080802
processes 122434
procs_running 1
procs_blocked 0
softirq 267562446 218808148 6235173 548767 9711082 129650 0 22716824 7330361 5 2082436

cpu  1636079 6672 2232848 106501066 36757 0 878227 0 0 0
cpu0 13094 1046 23623 27556347 11891 0 208355 0 0 0
cpu1 1589555 3224 2151501 23854990 3591 0 260329 0 0 0
cpu2 18897 2306 32987 27537213 8742 0 220228 0 0 0
cpu3 14532 94 24736 27552515 12531 0 189314 0 0 0
intr 2626478823 0 0 366428 75 0 160276 6753115 0 0 0 1705564 0 0 0 0 0 0 0 0 0 0 0 0 0 0 0 0 0 0 0 0 0 0 0 0 0 0 0 0 0 0 0 0 0 0 0 0 0 0 0 0 2376638861 0 0 0 0 0 0 0 0 55717 0 129689 0 0 0 0 0 0 0 0 0 0 0 187266882 1 0 0 0 0 0 0 0 0 0 0 0 0 0 0 0 0 0 0 0 0 0 0 124190 4213 0 0 0 0 3811516 0 0 0 0 0 0 0 0 0 0 0 0 0 0 0 0 0 0 0 0 0 0 0 0 0 0 0 0 0 0 0 0 0 0 0 0 0 0 0 0 0 0 0 0 0 0 0 0 0 0 0 0 0 0 0 0 0 0 0 0 0 0 0 0 0 0 0 0 0 0 0 0 0 0 0 49462298 0 0 0
ctxt 87239084
btime 1673080802
processes 122434
procs_running 1
procs_blocked 0
softirq 267562534 218808156 6235191 548767 9711083 129650 0 22716843 7330391 5 2082448

cpu  1636079 6672 2232852 106501257 36757 0 878227 0 0 0
cpu0 13094 1046 23623 27556397 11891 0 208355 0 0 0
cpu1 1589555 3224 2151503 23855035 3591 0 260329 0 0 0
cpu2 18897 2306 32989 27537259 8742 0 220228 0 0 0
cpu3 14532 94 24736 27552565 12531 0 189314 0 0 0
intr 2626483971 0 0 366432 75 0 160276 6753143 0 0 0 1705569 0 0 0 0 0 0 0 0 0 0 0 0 0 0 0 0 0 0 0 0 0 0 0 0 0 0 0 0 0 0 0 0 0 0 0 0 0 0 0 0 2376642865 0 0 0 0 0 0 0 0 55717 0 129689 0 0 0 0 0 0 0 0 0 0 0 187267012 1 0 0 0 0 0 0 0 0 0 0 0 0 0 0 0 0 0 0 0 0 0 0 124190 4213 0 0 0 0 3811543 0 0 0 0 0 0 0 0 0 0 0 0 0 0 0 0 0 0 0 0 0 0 0 0 0 0 0 0 0 0 0 0 0 0 0 0 0 0 0 0 0 0 0 0 0 0 0 0 0 0 0 0 0 0 0 0 0 0 0 0 0 0 0 0 0 0 0 0 0 0 0 0 0 0 0 49463247 0 0 0
ctxt 87240992
btime 1673080802
processes 122434
procs_running 1
procs_blocked 0
softirq 267562620 218808156 6235207 548767 9711085 129650 0 22716864 7330421 5 2082465

cpu  1636080 6672 2232855 106501447 36757 0 878227 0 0 0
cpu0 13094 1046 23623 27556446 11891 0 208355 0 0 0
cpu1 1589556 3224 2151505 23855081 3591 0 260329 0 0 0
cpu2 18897 2306 32990 27537304 8742 0 220228 0 0 0
cpu3 14532 94 24736 27552614 12531 0 189314 0 0 0
intr 2626489158 0 0 366437 75 0 160276 6753172 0 0 0 1705574 0 0 0 0 0 0 0 0 0 0 0 0 0 0 0 0 0 0 0 0 0 0 0 0 0 0 0 0 0 0 0 0 0 0 0 0 0 0 0 0 2376646887 0 0 0 0 0 0 0 0 55717 0 129689 0 0 0 0 0 0 0 0 0 0 0 187267164 1 0 0 0 0 0 0 0 0 0 0 0 0 0 0 0 0 0 0 0 0 0 0 124190 4213 0 0 0 0 3811565 0 0 0 0 0 0 0 0 0 0 0 0 0 0 0 0 0 0 0 0 0 0 0 0 0 0 0 0 0 0 0 0 0 0 0 0 0 0 0 0 0 0 0 0 0 0 0 0 0 0 0 0 0 0 0 0 0 0 0 0 0 0 0 0 0 0 0 0 0 0 0 0 0 0 0 49464199 0 0 0
ctxt 87242908
btime 1673080802
processes 122434
procs_running 1
procs_blocked 0
softirq 267562714 218808164 6235226 548767 9711086 129650 0 22716885 7330454 5 2082477

cpu  1636081 6672 2232859 106501637 36757 0 878227 0 0 0
cpu0 13094 1046 23623 27556495 11891 0 208355 0 0 0
cpu1 1589556 3224 2151507 23855127 3591 0 260329 0 0 0
cpu2 18898 2306 32992 27537350 8742 0 220228 0 0 0
cpu3 14532 94 24736 27552663 12531 0 189314 0 0 0
intr 2626494287 0 0 366441 75 0 160276 6753198 0 0 0 1705579 0 0 0 0 0 0 0 0 0 0 0 0 0 0 0 0 0 0 0 0 0 0 0 0 0 0 0 0 0 0 0 0 0 0 0 0 0 0 0 0 2376650883 0 0 0 0 0 0 0 0 55717 0 129689 0 0 0 0 0 0 0 0 0 0 0 187267294 1 0 0 0 0 0 0 0 0 0 0 0 0 0 0 0 0 0 0 0 0 0 0 124190 4213 0 0 0 0 3811587 0 0 0 0 0 0 0 0 0 0 0 0 0 0 0 0 0 0 0 0 0 0 0 0 0 0 0 0 0 0 0 0 0 0 0 0 0 0 0 0 0 0 0 0 0 0 0 0 0 0 0 0 0 0 0 0 0 0 0 0 0 0 0 0 0 0 0 0 0 0 0 0 0 0 0 49465146 0 0 0
ctxt 87244804
btime 1673080802
processes 122434
procs_running 1
procs_blocked 0
softirq 267562798 218808164 6235242 548767 9711087 129650 0 22716904 7330488 5 2082491

cpu  1636082 6672 2232862 106501827 36757 0 878227 0 0 0
cpu0 13094 1046 23623 27556545 11891 0 208355 0 0 0
cpu1 1589556 3224 2151508 23855173 3591 0 260329 0 0 0
cpu2 18898 2306 32994 27537396 8742 0 220228 0 0 0
cpu3 14532 94 24736 27552713 12531 0 189314 0 0 0
intr 2626499475 0 0 366445 75 0 160276 6753226 0 0 0 1705584 0 0 0 0 0 0 0 0 0 0 0 0 0 0 0 0 0 0 0 0 0 0 0 0 0 0 0 0 0 0 0 0 0 0 0 0 0 0 0 0 2376654911 0 0 0 0 0 0 0 0 55717 0 129689 0 0 0 0 0 0 0 0 0 0 0 187267446 1 0 0 0 0 0 0 0 0 0 0 0 0 0 0 0 0 0 0 0 0 0 0 124190 4213 0 0 0 0 3811609 0 0 0 0 0 0 0 0 0 0 0 0 0 0 0 0 0 0 0 0 0 0 0 0 0 0 0 0 0 0 0 0 0 0 0 0 0 0 0 0 0 0 0 0 0 0 0 0 0 0 0 0 0 0 0 0 0 0 0 0 0 0 0 0 0 0 0 0 0 0 0 0 0 0 0 49466093 0 0 0
ctxt 87246712
btime 1673080802
processes 122434
procs_running 1
procs_blocked 0
softirq 267562886 218808172 6235258 548767 9711088 129650 0 22716924 7330517 5 2082505

cpu  1636082 6672 2232866 106502018 36757 0 878227 0 0 0
cpu0 13094 1046 23623 27556594 11891 0 208355 0 0 0
cpu1 1589556 3224 2151510 23855218 3591 0 260329 0 0 0
cpu2 18899 2306 32996 27537442 8742 0 220228 0 0 0
cpu3 14532 94 24736 27552762 12531 0 189314 0 0 0
intr 2626504611 0 0 366449 75 0 160276 6753248 0 0 0 1705589 0 0 0 0 0 0 0 0 0 0 0 0 0 0 0 0 0 0 0 0 0 0 0 0 0 0 0 0 0 0 0 0 0 0 0 0 0 0 0 0 2376658915 0 0 0 0 0 0 0 0 55717 0 129689 0 0 0 0 0 0 0 0 0 0 0 187267576 1 0 0 0 0 0 0 0 0 0 0 0 0 0 0 0 0 0 0 0 0 0 0 124190 4213 0 0 0 0 3811631 0 0 0 0 0 0 0 0 0 0 0 0 0 0 0 0 0 0 0 0 0 0 0 0 0 0 0 0 0 0 0 0 0 0 0 0 0 0 0 0 0 0 0 0 0 0 0 0 0 0 0 0 0 0 0 0 0 0 0 0 0 0 0 0 0 0 0 0 0 0 0 0 0 0 0 49467044 0 0 0
ctxt 87248607
btime 1673080802
processes 122434
procs_running 2
procs_blocked 0
softirq 267562971 218808172 6235274 548768 9711089 129650 0 22716943 7330552 5 2082518

cpu  1636084 6672 2232869 106502143 36757 0 878278 0 0 0
cpu0 13094 1046 23623 27556635 11891 0 208358 0 0 0
cpu1 1589556 3224 2151511 23855227 3591 0 260370 0 0 0
cpu2 18900 2306 32998 27537477 8742 0 220231 0 0 0
cpu3 14532 94 24736 27552803 12531 0 189318 0 0 0
intr 2626530458 0 0 366456 75 0 160276 6753336 0 0 0 1705592 0 0 0 0 0 0 0 0 0 0 0 0 0 0 0 0 0 0 0 0 0 0 0 0 0 0 0 0 0 0 0 0 0 0 0 0 0 0 0 0 2376673875 0 0 0 0 0 0 0 0 55717 0 129689 0 0 0 0 0 0 0 0 0 0 0 187277688 1 0 0 0 0 0 0 0 0 0 0 0 0 0 0 0 0 0 0 0 0 0 0 124190 4213 0 0 0 0 3811653 0 0 0 0 0 0 0 0 0 0 0 0 0 0 0 0 0 0 0 0 0 0 0 0 0 0 0 0 0 0 0 0 0 0 0 0 0 0 0 0 0 0 0 0 0 0 0 0 0 0 0 0 0 0 0 0 0 0 0 0 0 0 0 0 0 0 0 0 0 0 0 0 0 0 0 49467703 0 0 0
ctxt 87250093
btime 1673080802
processes 122434
procs_running 4
procs_blocked 0
softirq 267582667 218827054 6235314 548845 9711281 129650 0 22717387 7330600 5 2082531

cpu  1636089 6672 2232872 106502254 36758 0 878342 0 0 0
cpu0 13094 1046 23623 27556675 11891 0 208362 0 0 0
cpu1 1589556 3224 2151511 23855227 3591 0 260420 0 0 0
cpu2 18906 2306 33000 27537510 8743 0 220235 0 0 0
cpu3 14532 94 24737 27552842 12531 0 189324 0 0 0
intr 2626564241 0 0 366456 75 0 160277 6753461 0 0 0 1705592 0 0 0 0 0 0 0 0 0 0 0 0 0 0 0 0 0 0 0 0 0 0 0 0 0 0 0 0 0 0 0 0 0 0 0 0 0 0 0 0 2376693233 0 0 0 0 0 0 0 0 55717 0 129691 0 0 0 0 0 0 0 0 0 0 0 187291367 1 0 0 0 0 0 0 0 0 0 0 0 0 0 0 0 0 0 0 0 0 0 0 124192 4213 0 0 0 0 3811675 0 0 0 0 0 0 0 0 0 0 0 0 0 0 0 0 0 0 0 0 0 0 0 0 0 0 0 0 0 0 0 0 0 0 0 0 0 0 0 0 0 0 0 0 0 0 0 0 0 0 0 0 0 0 0 0 0 0 0 0 0 0 0 0 0 0 0 0 0 0 0 0 0 0 0 49468291 0 0 0
ctxt 87251612
btime 1673080802
processes 122434
procs_running 3
procs_blocked 0
softirq 267608894 218852130 6235362 548958 9711565 129652 0 22718041 7330629 5 2082552

cpu  1636091 6672 2232874 106502366 36758 0 878406 0 0 0
cpu0 13094 1046 23623 27556714 11891 0 208368 0 0 0
cpu1 1589556 3224 2151511 23855227 3591 0 260470 0 0 0
cpu2 18908 2306 33002 27537543 8743 0 220241 0 0 0
cpu3 14532 94 24737 27552881 12531 0 189326 0 0 0
intr 2626597652 0 0 366456 75 0 160277 6753585 0 0 0 1705592 0 0 0 0 0 0 0 0 0 0 0 0 0 0 0 0 0 0 0 0 0 0 0 0 0 0 0 0 0 0 0 0 0 0 0 0 0 0 0 0 2376712397 0 0 0 0 0 0 0 0 55717 0 129691 0 0 0 0 0 0 0 0 0 0 0 187304886 1 0 0 0 0 0 0 0 0 0 0 0 0 0 0 0 0 0 0 0 0 0 0 124192 4213 0 0 0 0 3811697 0 0 0 0 0 0 0 0 0 0 0 0 0 0 0 0 0 0 0 0 0 0 0 0 0 0 0 0 0 0 0 0 0 0 0 0 0 0 0 0 0 0 0 0 0 0 0 0 0 0 0 0 0 0 0 0 0 0 0 0 0 0 0 0 0 0 0 0 0 0 0 0 0 0 0 49468877 0 0 0
ctxt 87253100
btime 1673080802
processes 122434
procs_running 4
procs_blocked 0
softirq 267636056 218878152 6235406 549084 9711859 129652 0 22718682 7330644 5 2082572

cpu  1636094 6672 2232876 106502478 36758 0 878465 0 0 0
cpu0 13094 1046 23623 27556753 11891 0 208371 0 0 0
cpu1 1589556 3224 2151511 23855227 3591 0 260520 0 0 0
cpu2 18911 2306 33003 27537578 8743 0 220244 0 0 0
cpu3 14532 94 24737 27552920 12531 0 189329 0 0 0
intr 2626631216 0 0 366460 75 0 160277 6753692 0 0 0 1705592 0 0 0 0 0 0 0 0 0 0 0 0 0 0 0 0 0 0 0 0 0 0 0 0 0 0 0 0 0 0 0 0 0 0 0 0 0 0 0 0 2376731651 0 0 0 0 0 0 0 0 55717 0 129691 0 0 0 0 0 0 0 0 0 0 0 187318471 1 0 0 0 0 0 0 0 0 0 0 0 0 0 0 0 0 0 0 0 0 0 0 124192 4213 0 0 0 0 3811719 0 0 0 0 0 0 0 0 0 0 0 0 0 0 0 0 0 0 0 0 0 0 0 0 0 0 0 0 0 0 0 0 0 0 0 0 0 0 0 0 0 0 0 0 0 0 0 0 0 0 0 0 0 0 0 0 0 0 0 0 0 0 0 0 0 0 0 0 0 0 0 0 0 0 0 49469472 0 0 0
ctxt 87254585
btime 1673080802
processes 122434
procs_running 6
procs_blocked 0
softirq 267662205 218903079 6235453 549211 9712154 129652 0 22719394 7330665 5 2082592

cpu  1636096 6672 2232879 106502590 36758 0 878526 0 0 0
cpu0 13094 1046 23624 27556792 11891 0 208374 0 0 0
cpu1 1589556 3224 2151511 23855227 3591 0 260570 0 0 0
cpu2 18912 2306 33005 27537611 8743 0 220248 0 0 0
cpu3 14532 94 24738 27552959 12531 0 189333 0 0 0
intr 2626664896 0 0 366461 75 0 160277 6753806 0 0 0 1705592 0 0 0 0 0 0 0 0 0 0 0 0 0 0 0 0 0 0 0 0 0 0 0 0 0 0 0 0 0 0 0 0 0 0 0 0 0 0 0 0 2376750990 0 0 0 0 0 0 0 0 55717 0 129691 0 0 0 0 0 0 0 0 0 0 0 187332087 1 0 0 0 0 0 0 0 0 0 0 0 0 0 0 0 0 0 0 0 0 0 0 124192 4213 0 0 0 0 3811741 0 0 0 0 0 0 0 0 0 0 0 0 0 0 0 0 0 0 0 0 0 0 0 0 0 0 0 0 0 0 0 0 0 0 0 0 0 0 0 0 0 0 0 0 0 0 0 0 0 0 0 0 0 0 0 0 0 0 0 0 0 0 0 0 0 0 0 0 0 0 0 0 0 0 0 49470057 0 0 0
ctxt 87256097
btime 1673080802
processes 122434
procs_running 4
procs_blocked 0
softirq 267690146 218929807 6235495 549334 9712447 129652 0 22720103 7330691 5 2082612

cpu  1636099 6672 2232882 106502702 36758 0 878590 0 0 0
cpu0 13094 1046 23624 27556831 11891 0 208377 0 0 0
cpu1 1589556 3224 2151511 23855227 3591 0 260620 0 0 0
cpu2 18916 2306 33008 27537645 8743 0 220254 0 0 0
cpu3 14532 94 24738 27552998 12531 0 189337 0 0 0
intr 2626698531 0 0 366461 75 0 160277 6753922 0 0 0 1705592 0 0 0 0 0 0 0 0 0 0 0 0 0 0 0 0 0 0 0 0 0 0 0 0 0 0 0 0 0 0 0 0 0 0 0 0 0 0 0 0 2376770303 0 0 0 0 0 0 0 0 55717 0 129691 0 0 0 0 0 0 0 0 0 0 0 187345686 1 0 0 0 0 0 0 0 0 0 0 0 0 0 0 0 0 0 0 0 0 0 0 124192 4213 0 0 0 0 3811763 0 0 0 0 0 0 0 0 0 0 0 0 0 0 0 0 0 0 0 0 0 0 0 0 0 0 0 0 0 0 0 0 0 0 0 0 0 0 0 0 0 0 0 0 0 0 0 0 0 0 0 0 0 0 0 0 0 0 0 0 0 0 0 0 0 0 0 0 0 0 0 0 0 0 0 49470646 0 0 0
ctxt 87257619
btime 1673080802
processes 122434
procs_running 4
procs_blocked 0
softirq 267716835 218955273 6235538 549464 9712746 129652 0 22720816 7330709 5 2082632

cpu  1636101 6672 2232885 106502813 36758 0 878652 0 0 0
cpu0 13094 1046 23624 27556869 11891 0 208382 0 0 0
cpu1 1589556 3224 2151511 23855227 3591 0 260670 0 0 0
cpu2 18918 2306 33010 27537678 8743 0 220257 0 0 0
cpu3 14532 94 24738 27553038 12531 0 189341 0 0 0
intr 2626729566 0 0 366461 75 0 160277 6754049 0 0 0 1705592 0 0 0 0 0 0 0 0 0 0 0 0 0 0 0 0 0 0 0 0 0 0 0 0 0 0 0 0 0 0 0 0 0 0 0 0 0 0 0 0 2376788116 0 0 0 0 0 0 0 0 55717 0 129697 0 0 0 0 0 0 0 0 0 0 0 187358132 1 0 0 0 0 0 0 0 0 0 0 0 0 0 0 0 0 0 0 0 0 0 0 124198 4213 0 0 0 0 3811798 0 0 0 0 0 0 0 0 0 0 0 0 0 0 0 0 0 0 0 0 0 0 0 0 0 0 0 0 0 0 0 0 0 0 0 0 0 0 0 0 0 0 0 0 0 0 0 0 0 0 0 0 0 0 0 0 0 0 0 0 0 0 0 0 0 0 0 0 0 0 0 0 0 0 0 49471241 0 0 0
ctxt 87259077
btime 1673080802
processes 122434
procs_running 3
procs_blocked 0
softirq 267741546 218978876 6235585 549569 9712998 129658 0 22721456 7330746 5 2082653

cpu  1636102 6672 2232890 106502922 36758 0 878715 0 0 0
cpu0 13095 1046 23624 27556909 11891 0 208385 0 0 0
cpu1 1589556 3224 2151512 23855227 3591 0 260720 0 0 0
cpu2 18918 2306 33015 27537707 8743 0 220265 0 0 0
cpu3 14532 94 24738 27553078 12531 0 189344 0 0 0
intr 2626748054 0 0 366461 75 0 160278 6754102 0 0 0 1705592 0 0 0 0 0 0 0 0 0 0 0 0 0 0 0 0 0 0 0 0 0 0 0 0 0 0 0 0 0 0 0 0 0 0 0 0 0 0 0 0 2376798918 0 0 0 0 0 0 0 0 55717 0 129697 0 0 0 0 0 0 0 0 0 0 0 187365184 1 0 0 0 0 0 0 0 0 0 0 0 0 0 0 0 0 0 0 0 0 0 0 124198 4213 0 0 0 0 3811820 0 0 0 0 0 0 0 0 0 0 0 0 0 0 0 0 0 0 0 0 0 0 0 0 0 0 0 0 0 0 0 0 0 0 0 0 0 0 0 0 0 0 0 0 0 0 0 0 0 0 0 0 0 0 0 0 0 0 0 0 0 0 0 0 0 0 0 0 0 0 0 0 0 0 0 49471817 0 0 0
ctxt 87260019
btime 1673080802
processes 122434
procs_running 4
procs_blocked 0
softirq 267757662 218994659 6235621 549586 9713044 129658 0 22721631 7330787 5 2082671

cpu  1636103 6672 2232896 106503003 36779 0 878786 0 0 0
cpu0 13095 1046 23627 27556926 11912 0 208388 0 0 0
cpu1 1589556 3224 2151512 23855227 3591 0 260769 0 0 0
cpu2 18918 2306 33018 27537734 8744 0 220276 0 0 0
cpu3 14532 94 24739 27553115 12531 0 189350 0 0 0
intr 2626766856 0 0 366462 75 0 160280 6754216 0 0 0 1705592 0 0 0 0 0 0 0 0 0 0 0 0 0 0 0 0 0 0 0 0 0 0 0 0 0 0 0 0 0 0 0 0 0 0 0 0 0 0 0 0 2376809753 0 0 0 0 0 0 0 0 55717 0 129742 0 0 0 0 0 0 0 0 0 0 0 187372299 1 0 0 0 0 0 0 0 0 0 0 0 0 0 0 0 0 0 0 0 0 0 0 124243 4213 0 0 0 0 3811842 0 0 0 0 0 0 0 0 0 0 0 0 0 0 0 0 0 0 0 0 0 0 0 0 0 0 0 0 0 0 0 0 0 0 0 0 0 0 0 0 0 0 0 0 0 0 0 0 0 0 0 0 0 0 0 0 0 0 0 0 0 0 0 0 0 0 0 0 0 0 0 0 0 0 0 49472427 0 0 0
ctxt 87261371
btime 1673080802
processes 122436
procs_running 4
procs_blocked 0
softirq 267777329 219013758 6235668 549599 9713088 129703 0 22721936 7330845 5 2082727

cpu  1636106 6672 2232900 106503111 36779 0 878850 0 0 0
cpu0 13095 1046 23627 27556965 11912 0 208391 0 0 0
cpu1 1589558 3224 2151512 23855227 3591 0 260818 0 0 0
cpu2 18920 2306 33022 27537764 8744 0 220286 0 0 0
cpu3 14532 94 24739 27553154 12531 0 189354 0 0 0
intr 2626785298 0 0 366462 75 0 160280 6754278 0 0 0 1705592 0 0 0 0 0 0 0 0 0 0 0 0 0 0 0 0 0 0 0 0 0 0 0 0 0 0 0 0 0 0 0 0 0 0 0 0 0 0 0 0 2376820497 0 0 0 0 0 0 0 0 55717 0 129742 0 0 0 0 0 0 0 0 0 0 0 187379298 1 0 0 0 0 0 0 0 0 0 0 0 0 0 0 0 0 0 0 0 0 0 0 124243 4213 0 0 0 0 3811875 0 0 0 0 0 0 0 0 0 0 0 0 0 0 0 0 0 0 0 0 0 0 0 0 0 0 0 0 0 0 0 0 0 0 0 0 0 0 0 0 0 0 0 0 0 0 0 0 0 0 0 0 0 0 0 0 0 0 0 0 0 0 0 0 0 0 0 0 0 0 0 0 0 0 0 49473026 0 0 0
ctxt 87262353
btime 1673080802
processes 122436
procs_running 4
procs_blocked 0
softirq 267794857 219030940 6235712 549619 9713135 129703 0 22722107 7330887 5 2082749

cpu  1636108 6672 2232906 106503217 36779 0 878918 0 0 0
cpu0 13095 1046 23628 27557004 11912 0 208394 0 0 0
cpu1 1589558 3224 2151512 23855227 3591 0 260867 0 0 0
cpu2 18922 2306 33025 27537791 8744 0 220299 0 0 0
cpu3 14532 94 24740 27553194 12531 0 189357 0 0 0
intr 2626803726 0 0 366462 75 0 160280 6754344 0 0 0 1705593 0 0 0 0 0 0 0 0 0 0 0 0 0 0 0 0 0 0 0 0 0 0 0 0 0 0 0 0 0 0 0 0 0 0 0 0 0 0 0 0 2376831230 0 0 0 0 0 0 0 0 55717 0 129742 0 0 0 0 0 0 0 0 0 0 0 187386294 1 0 0 0 0 0 0 0 0 0 0 0 0 0 0 0 0 0 0 0 0 0 0 124243 4213 0 0 0 0 3811901 0 0 0 0 0 0 0 0 0 0 0 0 0 0 0 0 0 0 0 0 0 0 0 0 0 0 0 0 0 0 0 0 0 0 0 0 0 0 0 0 0 0 0 0 0 0 0 0 0 0 0 0 0 0 0 0 0 0 0 0 0 0 0 0 0 0 0 0 0 0 0 0 0 0 0 49473633 0 0 0
ctxt 87263341
btime 1673080802
processes 122436
procs_running 3
procs_blocked 0
softirq 267814655 219050431 6235746 549634 9713181 129703 0 22722258 7330924 5 2082773

cpu  1636111 6672 2232908 106503328 36779 0 878983 0 0 0
cpu0 13095 1046 23628 27557044 11912 0 208396 0 0 0
cpu1 1589559 3224 2151512 23855227 3591 0 260916 0 0 0
cpu2 18924 2306 33028 27537821 8744 0 220310 0 0 0
cpu3 14532 94 24740 27553235 12531 0 189360 0 0 0
intr 2626821976 0 0 366462 75 0 160280 6754387 0 0 0 1705593 0 0 0 0 0 0 0 0 0 0 0 0 0 0 0 0 0 0 0 0 0 0 0 0 0 0 0 0 0 0 0 0 0 0 0 0 0 0 0 0 2376841899 0 0 0 0 0 0 0 0 55717 0 129742 0 0 0 0 0 0 0 0 0 0 0 187393225 1 0 0 0 0 0 0 0 0 0 0 0 0 0 0 0 0 0 0 0 0 0 0 124243 4213 0 0 0 0 3811923 0 0 0 0 0 0 0 0 0 0 0 0 0 0 0 0 0 0 0 0 0 0 0 0 0 0 0 0 0 0 0 0 0 0 0 0 0 0 0 0 0 0 0 0 0 0 0 0 0 0 0 0 0 0 0 0 0 0 0 0 0 0 0 0 0 0 0 0 0 0 0 0 0 0 0 49474218 0 0 0
ctxt 87264288
btime 1673080802
processes 122436
procs_running 3
procs_blocked 0
softirq 267830992 219066469 6235781 549651 9713226 129703 0 22722411 7330951 5 2082795

cpu  1636113 6672 2232912 106503436 36779 0 879050 0 0 0
cpu0 13095 1046 23628 27557084 11912 0 208400 0 0 0
cpu1 1589560 3224 2151512 23855227 3591 0 260965 0 0 0
cpu2 18925 2306 33031 27537849 8744 0 220321 0 0 0
cpu3 14532 94 24740 27553275 12531 0 189362 0 0 0
intr 2626840260 0 0 366463 75 0 160280 6754444 0 0 0 1705593 0 0 0 0 0 0 0 0 0 0 0 0 0 0 0 0 0 0 0 0 0 0 0 0 0 0 0 0 0 0 0 0 0 0 0 0 0 0 0 0 2376852600 0 0 0 0 0 0 0 0 55717 0 129742 0 0 0 0 0 0 0 0 0 0 0 187400163 1 0 0 0 0 0 0 0 0 0 0 0 0 0 0 0 0 0 0 0 0 0 0 124243 4213 0 0 0 0 3811945 0 0 0 0 0 0 0 0 0 0 0 0 0 0 0 0 0 0 0 0 0 0 0 0 0 0 0 0 0 0 0 0 0 0 0 0 0 0 0 0 0 0 0 0 0 0 0 0 0 0 0 0 0 0 0 0 0 0 0 0 0 0 0 0 0 0 0 0 0 0 0 0 0 0 0 49474788 0 0 0
ctxt 87265197
btime 1673080802
processes 122436
procs_running 4
procs_blocked 0
softirq 267850291 219085461 6235818 549670 9713271 129703 0 22722559 7330986 5 2082818

cpu  1636118 6672 2232918 106503543 36779 0 879114 0 0 0
cpu0 13095 1046 23629 27557121 11912 0 208405 0 0 0
cpu1 1589560 3224 2151512 23855227 3591 0 261014 0 0 0
cpu2 18930 2306 33035 27537880 8744 0 220328 0 0 0
cpu3 14532 94 24740 27553313 12531 0 189365 0 0 0
intr 2626866202 0 0 366463 75 0 160280 6754550 0 0 0 1705593 0 0 0 0 0 0 0 0 0 0 0 0 0 0 0 0 0 0 0 0 0 0 0 0 0 0 0 0 0 0 0 0 0 0 0 0 0 0 0 0 2376867537 0 0 0 0 0 0 0 0 55717 0 129742 0 0 0 0 0 0 0 0 0 0 0 187410449 1 0 0 0 0 0 0 0 0 0 0 0 0 0 0 0 0 0 0 0 0 0 0 124243 4213 0 0 0 0 3811967 0 0 0 0 0 0 0 0 0 0 0 0 0 0 0 0 0 0 0 0 0 0 0 0 0 0 0 0 0 0 0 0 0 0 0 0 0 0 0 0 0 0 0 0 0 0 0 0 0 0 0 0 0 0 0 0 0 0 0 0 0 0 0 0 0 0 0 0 0 0 0 0 0 0 0 49475373 0 0 0
ctxt 87266415
btime 1673080802
processes 122436
procs_running 3
procs_blocked 0
softirq 267874552 219108977 6235862 549734 9713434 129703 0 22722968 7331029 5 2082840

cpu  1636120 6672 2232920 106503655 36779 0 879175 0 0 0
cpu0 13095 1046 23630 27557160 11912 0 208409 0 0 0
cpu1 1589560 3224 2151512 23855227 3591 0 261064 0 0 0
cpu2 18932 2306 33038 27537915 8744 0 220331 0 0 0
cpu3 14532 94 24740 27553352 12531 0 189369 0 0 0
intr 2626899572 0 0 366463 75 0 160280 6754662 0 0 0 1705593 0 0 0 0 0 0 0 0 0 0 0 0 0 0 0 0 0 0 0 0 0 0 0 0 0 0 0 0 0 0 0 0 0 0 0 0 0 0 0 0 2376886680 0 0 0 0 0 0 0 0 55717 0 129742 0 0 0 0 0 0 0 0 0 0 0 187423940 1 0 0 0 0 0 0 0 0 0 0 0 0 0 0 0 0 0 0 0 0 0 0 124243 4213 0 0 0 0 3811989 0 0 0 0 0 0 0 0 0 0 0 0 0 0 0 0 0 0 0 0 0 0 0 0 0 0 0 0 0 0 0 0 0 0 0 0 0 0 0 0 0 0 0 0 0 0 0 0 0 0 0 0 0 0 0 0 0 0 0 0 0 0 0 0 0 0 0 0 0 0 0 0 0 0 0 49475974 0 0 0
ctxt 87267935
btime 1673080802
processes 122436
procs_running 3
procs_blocked 0
softirq 267902126 219135325 6235904 549867 9713734 129703 0 22723676 7331052 5 2082860

cpu  1636123 6672 2232922 106503767 36779 0 879238 0 0 0
cpu0 13095 1046 23630 27557199 11912 0 208413 0 0 0
cpu1 1589560 3224 2151512 23855227 3591 0 261114 0 0 0
cpu2 18934 2306 33039 27537949 8744 0 220336 0 0 0
cpu3 14532 94 24740 27553390 12531 0 189373 0 0 0
intr 2626933505 0 0 366463 75 0 160280 6754774 0 0 0 1705593 0 0 0 0 0 0 0 0 0 0 0 0 0 0 0 0 0 0 0 0 0 0 0 0 0 0 0 0 0 0 0 0 0 0 0 0 0 0 0 0 2376906126 0 0 0 0 0 0 0 0 55717 0 129742 0 0 0 0 0 0 0 0 0 0 0 187437694 1 0 0 0 0 0 0 0 0 0 0 0 0 0 0 0 0 0 0 0 0 0 0 124243 4213 0 0 0 0 3812011 0 0 0 0 0 0 0 0 0 0 0 0 0 0 0 0 0 0 0 0 0 0 0 0 0 0 0 0 0 0 0 0 0 0 0 0 0 0 0 0 0 0 0 0 0 0 0 0 0 0 0 0 0 0 0 0 0 0 0 0 0 0 0 0 0 0 0 0 0 0 0 0 0 0 0 49476574 0 0 0
ctxt 87269444
btime 1673080802
processes 122436
procs_running 4
procs_blocked 0
softirq 267928002 219160028 6235951 549981 9714019 129703 0 22724370 7331064 5 2082881

cpu  1636124 6672 2232926 106503879 36779 0 879297 0 0 0
cpu0 13095 1046 23630 27557238 11912 0 208416 0 0 0
cpu1 1589561 3224 2151512 23855227 3591 0 261164 0 0 0
cpu2 18936 2306 33042 27537983 8744 0 220341 0 0 0
cpu3 14532 94 24740 27553429 12531 0 189375 0 0 0
intr 2626967481 0 0 366464 75 0 160280 6754877 0 0 0 1705593 0 0 0 0 0 0 0 0 0 0 0 0 0 0 0 0 0 0 0 0 0 0 0 0 0 0 0 0 0 0 0 0 0 0 0 0 0 0 0 0 2376925618 0 0 0 0 0 0 0 0 55717 0 129742 0 0 0 0 0 0 0 0 0 0 0 187451449 1 0 0 0 0 0 0 0 0 0 0 0 0 0 0 0 0 0 0 0 0 0 0 124243 4213 0 0 0 0 3812033 0 0 0 0 0 0 0 0 0 0 0 0 0 0 0 0 0 0 0 0 0 0 0 0 0 0 0 0 0 0 0 0 0 0 0 0 0 0 0 0 0 0 0 0 0 0 0 0 0 0 0 0 0 0 0 0 0 0 0 0 0 0 0 0 0 0 0 0 0 0 0 0 0 0 0 49477178 0 0 0
ctxt 87270934
btime 1673080802
processes 122436
procs_running 3
procs_blocked 0
softirq 267954342 219185122 6235996 550102 9714313 129703 0 22725120 7331080 5 2082901

cpu  1636127 6672 2232927 106503991 36779 0 879359 0 0 0
cpu0 13095 1046 23630 27557277 11912 0 208420 0 0 0
cpu1 1589561 3224 2151512 23855227 3591 0 261214 0 0 0
cpu2 18938 2306 33043 27538017 8744 0 220346 0 0 0
cpu3 14532 94 24740 27553468 12531 0 189379 0 0 0
intr 2627001081 0 0 366464 75 0 160280 6754983 0 0 0 1705593 0 0 0 0 0 0 0 0 0 0 0 0 0 0 0 0 0 0 0 0 0 0 0 0 0 0 0 0 0 0 0 0 0 0 0 0 0 0 0 0 2376944893 0 0 0 0 0 0 0 0 55717 0 129742 0 0 0 0 0 0 0 0 0 0 0 187465058 1 0 0 0 0 0 0 0 0 0 0 0 0 0 0 0 0 0 0 0 0 0 0 124243 4213 0 0 0 0 3812055 0 0 0 0 0 0 0 0 0 0 0 0 0 0 0 0 0 0 0 0 0 0 0 0 0 0 0 0 0 0 0 0 0 0 0 0 0 0 0 0 0 0 0 0 0 0 0 0 0 0 0 0 0 0 0 0 0 0 0 0 0 0 0 0 0 0 0 0 0 0 0 0 0 0 0 49477778 0 0 0
ctxt 87272422
btime 1673080802
processes 122436
procs_running 5
procs_blocked 0
softirq 267981402 219211006 6236044 550223 9714603 129703 0 22725808 7331091 5 2082919

cpu  1636131 6672 2232930 106504103 36779 0 879419 0 0 0
cpu0 13095 1046 23631 27557316 11912 0 208423 0 0 0
cpu1 1589561 3224 2151512 23855227 3591 0 261264 0 0 0
cpu2 18942 2306 33045 27538052 8744 0 220350 0 0 0
cpu3 14532 94 24741 27553507 12531 0 189381 0 0 0
intr 2627035024 0 0 366464 75 0 160280 6755092 0 0 0 1705593 0 0 0 0 0 0 0 0 0 0 0 0 0 0 0 0 0 0 0 0 0 0 0 0 0 0 0 0 0 0 0 0 0 0 0 0 0 0 0 0 2376964321 0 0 0 0 0 0 0 0 55717 0 129742 0 0 0 0 0 0 0 0 0 0 0 187478823 1 0 0 0 0 0 0 0 0 0 0 0 0 0 0 0 0 0 0 0 0 0 0 124243 4213 0 0 0 0 3812077 0 0 0 0 0 0 0 0 0 0 0 0 0 0 0 0 0 0 0 0 0 0 0 0 0 0 0 0 0 0 0 0 0 0 0 0 0 0 0 0 0 0 0 0 0 0 0 0 0 0 0 0 0 0 0 0 0 0 0 0 0 0 0 0 0 0 0 0 0 0 0 0 0 0 0 49478385 0 0 0
ctxt 87273932
btime 1673080802
processes 122436
procs_running 3
procs_blocked 0
softirq 268008151 219236593 6236088 550341 9714892 129703 0 22726471 7331118 5 2082940

cpu  1636132 6672 2232933 106504215 36779 0 879478 0 0 0
cpu0 13095 1046 23632 27557354 11912 0 208426 0 0 0
cpu1 1589561 3224 2151512 23855227 3591 0 261314 0 0 0
cpu2 18943 2306 33047 27538088 8744 0 220353 0 0 0
cpu3 14532 94 24741 27553545 12531 0 189384 0 0 0
intr 2627069080 0 0 366464 75 0 160280 6755193 0 0 0 1705593 0 0 0 0 0 0 0 0 0 0 0 0 0 0 0 0 0 0 0 0 0 0 0 0 0 0 0 0 0 0 0 0 0 0 0 0 0 0 0 0 2376983849 0 0 0 0 0 0 0 0 55717 0 129742 0 0 0 0 0 0 0 0 0 0 0 187492590 1 0 0 0 0 0 0 0 0 0 0 0 0 0 0 0 0 0 0 0 0 0 0 124243 4213 0 0 0 0 3812099 0 0 0 0 0 0 0 0 0 0 0 0 0 0 0 0 0 0 0 0 0 0 0 0 0 0 0 0 0 0 0 0 0 0 0 0 0 0 0 0 0 0 0 0 0 0 0 0 0 0 0 0 0 0 0 0 0 0 0 0 0 0 0 0 0 0 0 0 0 0 0 0 0 0 0 49479021 0 0 0
ctxt 87275526
btime 1673080802
processes 122436
procs_running 3
procs_blocked 0
softirq 268036356 219263592 6236134 550454 9715178 129703 0 22727203 7331129 5 2082958

cpu  1636132 6672 2232935 106504328 36781 0 879539 0 0 0
cpu0 13095 1046 23632 27557391 11914 0 208430 0 0 0
cpu1 1589561 3224 2151512 23855227 3591 0 261364 0 0 0
cpu2 18943 2306 33049 27538125 8744 0 220356 0 0 0
cpu3 14532 94 24741 27553583 12531 0 189389 0 0 0
intr 2627102822 0 0 366465 75 0 160280 6755334 0 0 0 1705594 0 0 0 0 0 0 0 0 0 0 0 0 0 0 0 0 0 0 0 0 0 0 0 0 0 0 0 0 0 0 0 0 0 0 0 0 0 0 0 0 2377003112 0 0 0 0 0 0 0 0 55717 0 129747 0 0 0 0 0 0 0 0 0 0 0 187506231 1 0 0 0 0 0 0 0 0 0 0 0 0 0 0 0 0 0 0 0 0 0 0 124248 4213 0 0 0 0 3812121 0 0 0 0 0 0 0 0 0 0 0 0 0 0 0 0 0 0 0 0 0 0 0 0 0 0 0 0 0 0 0 0 0 0 0 0 0 0 0 0 0 0 0 0 0 0 0 0 0 0 0 0 0 0 0 0 0 0 0 0 0 0 0 0 0 0 0 0 0 0 0 0 0 0 0 49479686 0 0 0
ctxt 87277239
btime 1673080802
processes 122436
procs_running 3
procs_blocked 0
softirq 268062381 219288384 6236180 550575 9715469 129708 0 22727922 7331152 5 2082986

cpu  1636134 6672 2232936 106504444 36781 0 879598 0 0 0
cpu0 13095 1046 23632 27557431 11914 0 208434 0 0 0
cpu1 1589563 3224 2151512 23855227 3591 0 261412 0 0 0
cpu2 18943 2306 33050 27538162 8744 0 220360 0 0 0
cpu3 14532 94 24741 27553623 12531 0 189391 0 0 0
intr 2627135565 0 0 366465 75 0 160280 6755466 0 0 0 1705594 0 0 0 0 0 0 0 0 0 0 0 0 0 0 0 0 0 0 0 0 0 0 0 0 0 0 0 0 0 0 0 0 0 0 0 0 0 0 0 0 2377021880 0 0 0 0 0 0 0 0 55717 0 129747 0 0 0 0 0 0 0 0 0 0 0 187519397 1 0 0 0 0 0 0 0 0 0 0 0 0 0 0 0 0 0 0 0 0 0 0 124248 4213 0 0 0 0 3812143 0 0 0 0 0 0 0 0 0 0 0 0 0 0 0 0 0 0 0 0 0 0 0 0 0 0 0 0 0 0 0 0 0 0 0 0 0 0 0 0 0 0 0 0 0 0 0 0 0 0 0 0 0 0 0 0 0 0 0 0 0 0 0 0 0 0 0 0 0 0 0 0 0 0 0 49480340 0 0 0
ctxt 87278896
btime 1673080802
processes 122436
procs_running 2
procs_blocked 0
softirq 268087453 219312307 6236225 550694 9715756 129708 0 22728581 7331173 5 2083004

cpu  1636157 6672 2232940 106504610 36781 0 879599 0 0 0
cpu0 13095 1046 23632 27557479 11914 0 208434 0 0 0
cpu1 1589586 3224 2151515 23855249 3591 0 261412 0 0 0
cpu2 18943 2306 33051 27538209 8744 0 220361 0 0 0
cpu3 14532 94 24741 27553671 12531 0 189392 0 0 0
intr 2627143146 0 0 366465 75 0 160280 6755498 0 0 0 1705594 0 0 0 0 0 0 0 0 0 0 0 0 0 0 0 0 0 0 0 0 0 0 0 0 0 0 0 0 0 0 0 0 0 0 0 0 0 0 0 0 2377027182 0 0 0 0 0 0 0 0 55717 0 129747 0 0 0 0 0 0 0 0 0 0 0 187520833 1 0 0 0 0 0 0 0 0 0 0 0 0 0 0 0 0 0 0 0 0 0 0 124248 4213 0 0 0 0 3812165 0 0 0 0 0 0 0 0 0 0 0 0 0 0 0 0 0 0 0 0 0 0 0 0 0 0 0 0 0 0 0 0 0 0 0 0 0 0 0 0 0 0 0 0 0 0 0 0 0 0 0 0 0 0 0 0 0 0 0 0 0 0 0 0 0 0 0 0 0 0 0 0 0 0 0 49481129 0 0 0
ctxt 87280410
btime 1673080802
processes 122436
procs_running 1
procs_blocked 0
softirq 268090150 219313623 6236243 550707 9715757 129708 0 22729900 7331188 5 2083019

cpu  1636158 6672 2232942 106504804 36781 0 879599 0 0 0
cpu0 13095 1046 23632 27557528 11914 0 208434 0 0 0
cpu1 1589587 3224 2151516 23855297 3591 0 261412 0 0 0
cpu2 18943 2306 33052 27538256 8744 0 220361 0 0 0
cpu3 14532 94 24741 27553721 12531 0 189392 0 0 0
intr 2627148295 0 0 366465 75 0 160280 6755526 0 0 0 1705594 0 0 0 0 0 0 0 0 0 0 0 0 0 0 0 0 0 0 0 0 0 0 0 0 0 0 0 0 0 0 0 0 0 0 0 0 0 0 0 0 2377031183 0 0 0 0 0 0 0 0 55717 0 129747 0 0 0 0 0 0 0 0 0 0 0 187520963 1 0 0 0 0 0 0 0 0 0 0 0 0 0 0 0 0 0 0 0 0 0 0 124248 4213 0 0 0 0 3812187 0 0 0 0 0 0 0 0 0 0 0 0 0 0 0 0 0 0 0 0 0 0 0 0 0 0 0 0 0 0 0 0 0 0 0 0 0 0 0 0 0 0 0 0 0 0 0 0 0 0 0 0 0 0 0 0 0 0 0 0 0 0 0 0 0 0 0 0 0 0 0 0 0 0 0 49482097 0 0 0
ctxt 87282361
btime 1673080802
processes 122436
procs_running 1
procs_blocked 0
softirq 268090210 219313623 6236259 550707 9715758 129708 0 22729918 7331200 5 2083032

cpu  1636158 6672 2232944 106505000 36781 0 879599 0 0 0
cpu0 13095 1046 23632 27557578 11914 0 208434 0 0 0
cpu1 1589587 3224 2151516 23855345 3591 0 261412 0 0 0
cpu2 18943 2306 33054 27538304 8744 0 220361 0 0 0
cpu3 14532 94 24741 27553771 12531 0 189392 0 0 0
intr 2627153511 0 0 366470 75 0 160280 6755558 0 0 0 1705594 0 0 0 0 0 0 0 0 0 0 0 0 0 0 0 0 0 0 0 0 0 0 0 0 0 0 0 0 0 0 0 0 0 0 0 0 0 0 0 0 2377035215 0 0 0 0 0 0 0 0 55717 0 129747 0 0 0 0 0 0 0 0 0 0 0 187521117 1 0 0 0 0 0 0 0 0 0 0 0 0 0 0 0 0 0 0 0 0 0 0 124248 4213 0 0 0 0 3812209 0 0 0 0 0 0 0 0 0 0 0 0 0 0 0 0 0 0 0 0 0 0 0 0 0 0 0 0 0 0 0 0 0 0 0 0 0 0 0 0 0 0 0 0 0 0 0 0 0 0 0 0 0 0 0 0 0 0 0 0 0 0 0 0 0 0 0 0 0 0 0 0 0 0 0 49483067 0 0 0
ctxt 87284331
btime 1673080802
processes 122436
procs_running 1
procs_blocked 0
softirq 268090284 219313631 6236278 550707 9715759 129708 0 22729937 7331215 5 2083044

cpu  1636158 6672 2232946 106505194 36781 0 879599 0 0 0
cpu0 13095 1046 23632 27557627 11914 0 208434 0 0 0
cpu1 1589587 3224 2151517 23855393 3591 0 261412 0 0 0
cpu2 18943 2306 33055 27538352 8744 0 220361 0 0 0
cpu3 14532 94 24741 27553820 12531 0 189392 0 0 0
intr 2627158638 0 0 366470 75 0 160280 6755585 0 0 0 1705594 0 0 0 0 0 0 0 0 0 0 0 0 0 0 0 0 0 0 0 0 0 0 0 0 0 0 0 0 0 0 0 0 0 0 0 0 0 0 0 0 2377039207 0 0 0 0 0 0 0 0 55717 0 129747 0 0 0 0 0 0 0 0 0 0 0 187521245 1 0 0 0 0 0 0 0 0 0 0 0 0 0 0 0 0 0 0 0 0 0 0 124248 4213 0 0 0 0 3812231 0 0 0 0 0 0 0 0 0 0 0 0 0 0 0 0 0 0 0 0 0 0 0 0 0 0 0 0 0 0 0 0 0 0 0 0 0 0 0 0 0 0 0 0 0 0 0 0 0 0 0 0 0 0 0 0 0 0 0 0 0 0 0 0 0 0 0 0 0 0 0 0 0 0 0 49484027 0 0 0
ctxt 87286266
btime 1673080802
processes 122436
procs_running 1
procs_blocked 0
softirq 268090345 219313631 6236293 550707 9715760 129708 0 22729955 7331231 5 2083055
