cpu  8384 0 23591 2105786 1601 0 76216 0 0 0
cpu0 1145 0 1506 540472 385 0 13340 0 0 0
cpu1 4883 0 18736 496592 241 0 23588 0 0 0
cpu2 1173 0 1655 532586 450 0 21650 0 0 0
cpu3 1182 0 1693 536135 524 0 17637 0 0 0
intr 71055839 0 0 22375 75 0 5695 326920 0 0 0 45805 0 0 0 0 0 0 0 0 0 0 0 0 0 0 0 0 0 0 0 0 0 0 0 0 0 0 0 0 0 0 0 0 0 0 0 0 0 0 0 0 54664200 0 0 0 0 0 0 0 0 12771 0 6979 0 0 0 0 0 0 0 0 0 0 0 10357984 1 0 0 0 0 0 0 0 0 0 0 0 0 0 0 0 0 0 0 0 0 0 0 3464 4213 0 0 0 0 243775 0 0 0 0 0 0 0 0 0 0 0 0 0 0 0 0 0 0 0 0 0 0 0 0 0 0 0 0 0 0 0 0 0 0 0 0 0 0 0 0 0 0 0 0 0 0 0 0 0 0 0 0 0 0 0 0 0 0 0 0 0 0 0 0 0 0 0 0 0 0 0 0 0 0 0 5361583 0 0 0
ctxt 10872507
btime 1673080802
processes 4103
procs_running 1
procs_blocked 0
softirq 17551743 16060454 184257 40253 190416 6990 0 689482 262363 0 117528

cpu  8384 0 23592 2105981 1601 0 76216 0 0 0
cpu0 1145 0 1506 540521 385 0 13340 0 0 0
cpu1 4883 0 18738 496638 241 0 23588 0 0 0
cpu2 1174 0 1655 532635 450 0 21650 0 0 0
cpu3 1182 0 1693 536184 524 0 17637 0 0 0
intr 71060589 0 0 22379 75 0 5695 326955 0 0 0 45810 0 0 0 0 0 0 0 0 0 0 0 0 0 0 0 0 0 0 0 0 0 0 0 0 0 0 0 0 0 0 0 0 0 0 0 0 0 0 0 0 54668238 0 0 0 0 0 0 0 0 12771 0 6979 0 0 0 0 0 0 0 0 0 0 0 10358136 1 0 0 0 0 0 0 0 0 0 0 0 0 0 0 0 0 0 0 0 0 0 0 3464 4213 0 0 0 0 243797 0 0 0 0 0 0 0 0 0 0 0 0 0 0 0 0 0 0 0 0 0 0 0 0 0 0 0 0 0 0 0 0 0 0 0 0 0 0 0 0 0 0 0 0 0 0 0 0 0 0 0 0 0 0 0 0 0 0 0 0 0 0 0 0 0 0 0 0 0 0 0 0 0 0 0 5362077 0 0 0
ctxt 10873533
btime 1673080802
processes 4103
procs_running 1
procs_blocked 0
softirq 17551819 16060462 184274 40253 190417 6990 0 689501 262384 0 117538

cpu  8386 0 23594 2106174 1601 0 76216 0 0 0
cpu0 1145 0 1506 540571 385 0 13340 0 0 0
cpu1 4884 0 18739 496684 241 0 23588 0 0 0
cpu2 1174 0 1655 532684 450 0 21650 0 0 0
cpu3 1182 0 1693 536234 524 0 17637 0 0 0
intr 71065254 0 0 22380 75 0 5695 326980 0 0 0 45815 0 0 0 0 0 0 0 0 0 0 0 0 0 0 0 0 0 0 0 0 0 0 0 0 0 0 0 0 0 0 0 0 0 0 0 0 0 0 0 0 54672233 0 0 0 0 0 0 0 0 12771 0 6979 0 0 0 0 0 0 0 0 0 0 0 10358266 1 0 0 0 0 0 0 0 0 0 0 0 0 0 0 0 0 0 0 0 0 0 0 3464 4213 0 0 0 0 243819 0 0 0 0 0 0 0 0 0 0 0 0 0 0 0 0 0 0 0 0 0 0 0 0 0 0 0 0 0 0 0 0 0 0 0 0 0 0 0 0 0 0 0 0 0 0 0 0 0 0 0 0 0 0 0 0 0 0 0 0 0 0 0 0 0 0 0 0 0 0 0 0 0 0 0 5362564 0 0 0
ctxt 10874538
btime 1673080802
processes 4103
procs_running 1
procs_blocked 0
softirq 17551891 16060462 184291 40253 190418 6990 0 689520 262410 0 117547

cpu  8386 0 23595 2106367 1601 0 76216 0 0 0
cpu0 1145 0 1506 540620 385 0 13340 0 0 0
cpu1 4884 0 18740 496730 241 0 23588 0 0 0
cpu2 1174 0 1655 532733 450 0 21650 0 0 0
cpu3 1182 0 1693 536283 524 0 17637 0 0 0
intr 71069980 0 0 22380 75 0 5695 327009 0 0 0 45820 0 0 0 0 0 0 0 0 0 0 0 0 0 0 0 0 0 0 0 0 0 0 0 0 0 0 0 0 0 0 0 0 0 0 0 0 0 0 0 0 54676260 0 0 0 0 0 0 0 0 12771 0 6979 0 0 0 0 0 0 0 0 0 0 0 10358418 1 0 0 0 0 0 0 0 0 0 0 0 0 0 0 0 0 0 0 0 0 0 0 3464 4213 0 0 0 0 243841 0 0 0 0 0 0 0 0 0 0 0 0 0 0 0 0 0 0 0 0 0 0 0 0 0 0 0 0 0 0 0 0 0 0 0 0 0 0 0 0 0 0 0 0 0 0 0 0 0 0 0 0 0 0 0 0 0 0 0 0 0 0 0 0 0 0 0 0 0 0 0 0 0 0 0 5363055 0 0 0
ctxt 10875555
btime 1673080802
processes 4103
procs_running 1
procs_blocked 0
softirq 17551968 16060470 184307 40253 190419 6990 0 689539 262435 0 117555

cpu  8388 0 23596 2106561 1601 0 76216 0 0 0
cpu0 1145 0 1506 540669 385 0 13340 0 0 0
cpu1 4885 0 18742 496776 241 0 23588 0 0 0
cpu2 1175 0 1655 532782 450 0 21650 0 0 0
cpu3 1182 0 1693 536332 524 0 17637 0 0 0
intr 71074651 0 0 22382 75 0 5695 327034 0 0 0 45824 0 0 0 0 0 0 0 0 0 0 0 0 0 0 0 0 0 0 0 0 0 0 0 0 0 0 0 0 0 0 0 0 0 0 0 0 0 0 0 0 54680255 0 0 0 0 0 0 0 0 12771 0 6979 0 0 0 0 0 0 0 0 0 0 0 10358548 1 0 0 0 0 0 0 0 0 0 0 0 0 0 0 0 0 0 0 0 0 0 0 3464 4213 0 0 0 0 243863 0 0 0 0 0 0 0 0 0 0 0 0 0 0 0 0 0 0 0 0 0 0 0 0 0 0 0 0 0 0 0 0 0 0 0 0 0 0 0 0 0 0 0 0 0 0 0 0 0 0 0 0 0 0 0 0 0 0 0 0 0 0 0 0 0 0 0 0 0 0 0 0 0 0 0 5363548 0 0 0
ctxt 10876562
btime 1673080802
processes 4103
procs_running 1
procs_blocked 0
softirq 17552049 16060470 184324 40253 190420 6990 0 689558 262464 0 117570

cpu  8388 0 23600 2106755 1601 0 76216 0 0 0
cpu0 1145 0 1506 540719 385 0 13340 0 0 0
cpu1 4885 0 18744 496822 241 0 23588 0 0 0
cpu2 1175 0 1655 532831 450 0 21650 0 0 0
cpu3 1182 0 1694 536381 524 0 17637 0 0 0
intr 71079390 0 0 22388 75 0 5695 327068 0 0 0 45829 0 0 0 0 0 0 0 0 0 0 0 0 0 0 0 0 0 0 0 0 0 0 0 0 0 0 0 0 0 0 0 0 0 0 0 0 0 0 0 0 54684281 0 0 0 0 0 0 0 0 12771 0 6979 0 0 0 0 0 0 0 0 0 0 0 10358699 1 0 0 0 0 0 0 0 0 0 0 0 0 0 0 0 0 0 0 0 0 0 0 3464 4213 0 0 0 0 243885 0 0 0 0 0 0 0 0 0 0 0 0 0 0 0 0 0 0 0 0 0 0 0 0 0 0 0 0 0 0 0 0 0 0 0 0 0 0 0 0 0 0 0 0 0 0 0 0 0 0 0 0 0 0 0 0 0 0 0 0 0 0 0 0 0 0 0 0 0 0 0 0 0 0 0 5364042 0 0 0
ctxt 10877581
btime 1673080802
processes 4103
procs_running 1
procs_blocked 0
softirq 17552128 16060478 184338 40253 190421 6990 0 689578 262490 0 117580

cpu  8388 0 23602 2106948 1601 0 76216 0 0 0
cpu0 1145 0 1506 540768 385 0 13340 0 0 0
cpu1 4885 0 18746 496868 241 0 23588 0 0 0
cpu2 1175 0 1655 532880 450 0 21650 0 0 0
cpu3 1182 0 1694 536431 524 0 17637 0 0 0
intr 71084063 0 0 22389 75 0 5695 327089 0 0 0 45834 0 0 0 0 0 0 0 0 0 0 0 0 0 0 0 0 0 0 0 0 0 0 0 0 0 0 0 0 0 0 0 0 0 0 0 0 0 0 0 0 54688284 0 0 0 0 0 0 0 0 12771 0 6979 0 0 0 0 0 0 0 0 0 0 0 10358829 1 0 0 0 0 0 0 0 0 0 0 0 0 0 0 0 0 0 0 0 0 0 0 3464 4213 0 0 0 0 243907 0 0 0 0 0 0 0 0 0 0 0 0 0 0 0 0 0 0 0 0 0 0 0 0 0 0 0 0 0 0 0 0 0 0 0 0 0 0 0 0 0 0 0 0 0 0 0 0 0 0 0 0 0 0 0 0 0 0 0 0 0 0 0 0 0 0 0 0 0 0 0 0 0 0 0 5364534 0 0 0
ctxt 10878584
btime 1673080802
processes 4103
procs_running 1
procs_blocked 0
softirq 17552200 16060478 184354 40253 190422 6990 0 689597 262515 0 117591

cpu  8388 0 23603 2107142 1601 0 76216 0 0 0
cpu0 1145 0 1506 540818 385 0 13340 0 0 0
cpu1 4885 0 18747 496913 241 0 23588 0 0 0
cpu2 1176 0 1655 532929 450 0 21650 0 0 0
cpu3 1182 0 1694 536480 524 0 17637 0 0 0
intr 71088778 0 0 22389 75 0 5695 327117 0 0 0 45839 0 0 0 0 0 0 0 0 0 0 0 0 0 0 0 0 0 0 0 0 0 0 0 0 0 0 0 0 0 0 0 0 0 0 0 0 0 0 0 0 54692305 0 0 0 0 0 0 0 0 12771 0 6979 0 0 0 0 0 0 0 0 0 0 0 10358980 1 0 0 0 0 0 0 0 0 0 0 0 0 0 0 0 0 0 0 0 0 0 0 3464 4213 0 0 0 0 243929 0 0 0 0 0 0 0 0 0 0 0 0 0 0 0 0 0 0 0 0 0 0 0 0 0 0 0 0 0 0 0 0 0 0 0 0 0 0 0 0 0 0 0 0 0 0 0 0 0 0 0 0 0 0 0 0 0 0 0 0 0 0 0 0 0 0 0 0 0 0 0 0 0 0 0 5365021 0 0 0
ctxt 10879596
btime 1673080802
processes 4103
procs_running 1
procs_blocked 0
softirq 17552278 16060486 184369 40253 190423 6990 0 689617 262539 0 117601

cpu  8389 0 23604 2107335 1601 0 76216 0 0 0
cpu0 1145 0 1506 540867 385 0 13340 0 0 0
cpu1 4885 0 18748 496959 241 0 23588 0 0 0
cpu2 1176 0 1655 532978 450 0 21650 0 0 0
cpu3 1182 0 1694 536529 524 0 17637 0 0 0
intr 71093451 0 0 22389 75 0 5695 327139 0 0 0 45844 0 0 0 0 0 0 0 0 0 0 0 0 0 0 0 0 0 0 0 0 0 0 0 0 0 0 0 0 0 0 0 0 0 0 0 0 0 0 0 0 54696309 0 0 0 0 0 0 0 0 12771 0 6979 0 0 0 0 0 0 0 0 0 0 0 10359110 1 0 0 0 0 0 0 0 0 0 0 0 0 0 0 0 0 0 0 0 0 0 0 3464 4213 0 0 0 0 243951 0 0 0 0 0 0 0 0 0 0 0 0 0 0 0 0 0 0 0 0 0 0 0 0 0 0 0 0 0 0 0 0 0 0 0 0 0 0 0 0 0 0 0 0 0 0 0 0 0 0 0 0 0 0 0 0 0 0 0 0 0 0 0 0 0 0 0 0 0 0 0 0 0 0 0 5365511 0 0 0
ctxt 10880599
btime 1673080802
processes 4103
procs_running 1
procs_blocked 0
softirq 17552351 16060486 184385 40254 190424 6990 0 689636 262565 0 117611

cpu  8389 0 23606 2107528 1601 0 76216 0 0 0
cpu0 1145 0 1506 540916 385 0 13340 0 0 0
cpu1 4885 0 18750 497005 241 0 23588 0 0 0
cpu2 1176 0 1655 533027 450 0 21650 0 0 0
cpu3 1182 0 1694 536578 524 0 17637 0 0 0
intr 71098166 0 0 22389 75 0 5695 327170 0 0 0 45849 0 0 0 0 0 0 0 0 0 0 0 0 0 0 0 0 0 0 0 0 0 0 0 0 0 0 0 0 0 0 0 0 0 0 0 0 0 0 0 0 54700327 0 0 0 0 0 0 0 0 12771 0 6979 0 0 0 0 0 0 0 0 0 0 0 10359261 1 0 0 0 0 0 0 0 0 0 0 0 0 0 0 0 0 0 0 0 0 0 0 3464 4213 0 0 0 0 243973 0 0 0 0 0 0 0 0 0 0 0 0 0 0 0 0 0 0 0 0 0 0 0 0 0 0 0 0 0 0 0 0 0 0 0 0 0 0 0 0 0 0 0 0 0 0 0 0 0 0 0 0 0 0 0 0 0 0 0 0 0 0 0 0 0 0 0 0 0 0 0 0 0 0 0 5366000 0 0 0
ctxt 10881620
btime 1673080802
processes 4103
procs_running 1
procs_blocked 0
softirq 17552429 16060494 184401 40254 190425 6990 0 689654 262589 0 117622

cpu  8390 0 23608 2107722 1601 0 76216 0 0 0
cpu0 1145 0 1506 540966 385 0 13340 0 0 0
cpu1 4885 0 18752 497051 241 0 23588 0 0 0
cpu2 1177 0 1655 533076 450 0 21650 0 0 0
cpu3 1182 0 1694 536627 524 0 17637 0 0 0
intr 71102849 0 0 22390 75 0 5695 327199 0 0 0 45854 0 0 0 0 0 0 0 0 0 0 0 0 0 0 0 0 0 0 0 0 0 0 0 0 0 0 0 0 0 0 0 0 0 0 0 0 0 0 0 0 54704330 0 0 0 0 0 0 0 0 12771 0 6979 0 0 0 0 0 0 0 0 0 0 0 10359391 1 0 0 0 0 0 0 0 0 0 0 0 0 0 0 0 0 0 0 0 0 0 0 3464 4213 0 0 0 0 243995 0 0 0 0 0 0 0 0 0 0 0 0 0 0 0 0 0 0 0 0 0 0 0 0 0 0 0 0 0 0 0 0 0 0 0 0 0 0 0 0 0 0 0 0 0 0 0 0 0 0 0 0 0 0 0 0 0 0 0 0 0 0 0 0 0 0 0 0 0 0 0 0 0 0 0 5366494 0 0 0
ctxt 10882632
btime 1673080802
processes 4103
procs_running 2
procs_blocked 0
softirq 17552505 16060494 184418 40254 190426 6990 0 689673 262616 0 117634

cpu  8390 0 23610 2107916 1601 0 76216 0 0 0
cpu0 1145 0 1506 541015 385 0 13340 0 0 0
cpu1 4885 0 18754 497097 241 0 23588 0 0 0
cpu2 1177 0 1655 533125 450 0 21650 0 0 0
cpu3 1182 0 1694 536677 524 0 17637 0 0 0
intr 71107579 0 0 22394 75 0 5695 327229 0 0 0 45859 0 0 0 0 0 0 0 0 0 0 0 0 0 0 0 0 0 0 0 0 0 0 0 0 0 0 0 0 0 0 0 0 0 0 0 0 0 0 0 0 54708350 0 0 0 0 0 0 0 0 12771 0 6979 0 0 0 0 0 0 0 0 0 0 0 10359543 1 0 0 0 0 0 0 0 0 0 0 0 0 0 0 0 0 0 0 0 0 0 0 3464 4213 0 0 0 0 244017 0 0 0 0 0 0 0 0 0 0 0 0 0 0 0 0 0 0 0 0 0 0 0 0 0 0 0 0 0 0 0 0 0 0 0 0 0 0 0 0 0 0 0 0 0 0 0 0 0 0 0 0 0 0 0 0 0 0 0 0 0 0 0 0 0 0 0 0 0 0 0 0 0 0 0 5366991 0 0 0
ctxt 10883651
btime 1673080802
processes 4103
procs_running 1
procs_blocked 0
softirq 17552591 16060502 184435 40254 190427 6990 0 689693 262644 0 117646

cpu  8390 0 23610 2108109 1601 0 76216 0 0 0
cpu0 1145 0 1506 541065 385 0 13340 0 0 0
cpu1 4885 0 18754 497143 241 0 23588 0 0 0
cpu2 1178 0 1655 533175 450 0 21650 0 0 0
cpu3 1182 0 1694 536726 524 0 17637 0 0 0
intr 71112251 0 0 22394 75 0 5695 327252 0 0 0 45864 0 0 0 0 0 0 0 0 0 0 0 0 0 0 0 0 0 0 0 0 0 0 0 0 0 0 0 0 0 0 0 0 0 0 0 0 0 0 0 0 54712353 0 0 0 0 0 0 0 0 12771 0 6979 0 0 0 0 0 0 0 0 0 0 0 10359673 1 0 0 0 0 0 0 0 0 0 0 0 0 0 0 0 0 0 0 0 0 0 0 3464 4213 0 0 0 0 244039 0 0 0 0 0 0 0 0 0 0 0 0 0 0 0 0 0 0 0 0 0 0 0 0 0 0 0 0 0 0 0 0 0 0 0 0 0 0 0 0 0 0 0 0 0 0 0 0 0 0 0 0 0 0 0 0 0 0 0 0 0 0 0 0 0 0 0 0 0 0 0 0 0 0 0 5367478 0 0 0
ctxt 10884651
btime 1673080802
processes 4103
procs_running 1
procs_blocked 0
softirq 17552662 16060502 184450 40254 190428 6990 0 689712 262668 0 117658

cpu  8391 0 23612 2108302 1601 0 76216 0 0 0
cpu0 1145 0 1506 541114 385 0 13340 0 0 0
cpu1 4885 0 18755 497188 241 0 23588 0 0 0
cpu2 1178 0 1656 533224 450 0 21650 0 0 0
cpu3 1182 0 1694 536775 524 0 17637 0 0 0
intr 71116960 0 0 22394 75 0 5695 327276 0 0 0 45869 0 0 0 0 0 0 0 0 0 0 0 0 0 0 0 0 0 0 0 0 0 0 0 0 0 0 0 0 0 0 0 0 0 0 0 0 0 0 0 0 54716371 0 0 0 0 0 0 0 0 12771 0 6979 0 0 0 0 0 0 0 0 0 0 0 10359824 1 0 0 0 0 0 0 0 0 0 0 0 0 0 0 0 0 0 0 0 0 0 0 3464 4213 0 0 0 0 244061 0 0 0 0 0 0 0 0 0 0 0 0 0 0 0 0 0 0 0 0 0 0 0 0 0 0 0 0 0 0 0 0 0 0 0 0 0 0 0 0 0 0 0 0 0 0 0 0 0 0 0 0 0 0 0 0 0 0 0 0 0 0 0 0 0 0 0 0 0 0 0 0 0 0 0 5367967 0 0 0
ctxt 10885669
btime 1673080802
processes 4103
procs_running 1
procs_blocked 0
softirq 17552738 16060510 184465 40254 190429 6990 0 689731 262691 0 117668

cpu  8391 0 23614 2108496 1601 0 76217 0 0 0
cpu0 1145 0 1506 541164 385 0 13340 0 0 0
cpu1 4885 0 18757 497234 241 0 23588 0 0 0
cpu2 1178 0 1656 533273 450 0 21651 0 0 0
cpu3 1182 0 1694 536824 524 0 17637 0 0 0
intr 71121634 0 0 22395 75 0 5695 327297 0 0 0 45874 0 0 0 0 0 0 0 0 0 0 0 0 0 0 0 0 0 0 0 0 0 0 0 0 0 0 0 0 0 0 0 0 0 0 0 0 0 0 0 0 54720374 0 0 0 0 0 0 0 0 12771 0 6979 0 0 0 0 0 0 0 0 0 0 0 10359954 1 0 0 0 0 0 0 0 0 0 0 0 0 0 0 0 0 0 0 0 0 0 0 3464 4213 0 0 0 0 244083 0 0 0 0 0 0 0 0 0 0 0 0 0 0 0 0 0 0 0 0 0 0 0 0 0 0 0 0 0 0 0 0 0 0 0 0 0 0 0 0 0 0 0 0 0 0 0 0 0 0 0 0 0 0 0 0 0 0 0 0 0 0 0 0 0 0 0 0 0 0 0 0 0 0 0 5368460 0 0 0
ctxt 10886672
btime 1673080802
processes 4103
procs_running 1
procs_blocked 0
softirq 17552814 16060510 184482 40254 190430 6990 0 689750 262718 0 117680

cpu  8392 0 23616 2108690 1601 0 76217 0 0 0
cpu0 1145 0 1506 541213 385 0 13340 0 0 0
cpu1 4886 0 18759 497280 241 0 23588 0 0 0
cpu2 1179 0 1656 533322 450 0 21651 0 0 0
cpu3 1182 0 1694 536873 524 0 17637 0 0 0
intr 71126363 0 0 22395 75 0 5695 327325 0 0 0 45879 0 0 0 0 0 0 0 0 0 0 0 0 0 0 0 0 0 0 0 0 0 0 0 0 0 0 0 0 0 0 0 0 0 0 0 0 0 0 0 0 54724404 0 0 0 0 0 0 0 0 12771 0 6979 0 0 0 0 0 0 0 0 0 0 0 10360105 1 0 0 0 0 0 0 0 0 0 0 0 0 0 0 0 0 0 0 0 0 0 0 3464 4213 0 0 0 0 244105 0 0 0 0 0 0 0 0 0 0 0 0 0 0 0 0 0 0 0 0 0 0 0 0 0 0 0 0 0 0 0 0 0 0 0 0 0 0 0 0 0 0 0 0 0 0 0 0 0 0 0 0 0 0 0 0 0 0 0 0 0 0 0 0 0 0 0 0 0 0 0 0 0 0 0 5368953 0 0 0
ctxt 10887684
btime 1673080802
processes 4103
procs_running 1
procs_blocked 0
softirq 17552897 16060518 184498 40254 190431 6990 0 689770 262745 0 117691

cpu  8393 0 23616 2108883 1601 0 76217 0 0 0
cpu0 1145 0 1506 541262 385 0 13340 0 0 0
cpu1 4886 0 18760 497326 241 0 23588 0 0 0
cpu2 1179 0 1656 533371 450 0 21651 0 0 0
cpu3 1182 0 1694 536922 524 0 17638 0 0 0
intr 71131061 0 0 22395 75 0 5695 327361 0 0 0 45884 0 0 0 0 0 0 0 0 0 0 0 0 0 0 0 0 0 0 0 0 0 0 0 0 0 0 0 0 0 0 0 0 0 0 0 0 0 0 0 0 54728399 0 0 0 0 0 0 0 0 12771 0 6979 0 0 0 0 0 0 0 0 0 0 0 10360235 1 0 0 0 0 0 0 0 0 0 0 0 0 0 0 0 0 0 0 0 0 0 0 3464 4213 0 0 0 0 244142 0 0 0 0 0 0 0 0 0 0 0 0 0 0 0 0 0 0 0 0 0 0 0 0 0 0 0 0 0 0 0 0 0 0 0 0 0 0 0 0 0 0 0 0 0 0 0 0 0 0 0 0 0 0 0 0 0 0 0 0 0 0 0 0 0 0 0 0 0 0 0 0 0 0 0 5369447 0 0 0
ctxt 10888726
btime 1673080802
processes 4103
procs_running 1
procs_blocked 0
softirq 17552992 16060518 184516 40254 190433 6990 0 689801 262772 0 117708

cpu  8394 0 23618 2109076 1601 0 76217 0 0 0
cpu0 1145 0 1506 541312 385 0 13340 0 0 0
cpu1 4887 0 18761 497372 241 0 23588 0 0 0
cpu2 1180 0 1656 533420 450 0 21651 0 0 0
cpu3 1182 0 1694 536971 524 0 17638 0 0 0
intr 71135844 0 0 22399 75 0 5695 327409 0 0 0 45889 0 0 0 0 0 0 0 0 0 0 0 0 0 0 0 0 0 0 0 0 0 0 0 0 0 0 0 0 0 0 0 0 0 0 0 0 0 0 0 0 54732427 0 0 0 0 0 0 0 0 12771 0 6979 0 0 0 0 0 0 0 0 0 0 0 10360386 1 0 0 0 0 0 0 0 0 0 0 0 0 0 0 0 0 0 0 0 0 0 0 3464 4213 0 0 0 0 244184 0 0 0 0 0 0 0 0 0 0 0 0 0 0 0 0 0 0 0 0 0 0 0 0 0 0 0 0 0 0 0 0 0 0 0 0 0 0 0 0 0 0 0 0 0 0 0 0 0 0 0 0 0 0 0 0 0 0 0 0 0 0 0 0 0 0 0 0 0 0 0 0 0 0 0 5369952 0 0 0
ctxt 10889801
btime 1673080802
processes 4103
procs_running 1
procs_blocked 0
softirq 17553098 16060526 184536 40254 190435 6990 0 689836 262802 0 117719

cpu  8394 0 23620 2109269 1601 0 76217 0 0 0
cpu0 1145 0 1506 541361 385 0 13340 0 0 0
cpu1 4887 0 18762 497417 241 0 23588 0 0 0
cpu2 1180 0 1656 533469 450 0 21651 0 0 0
cpu3 1182 0 1694 537020 524 0 17638 0 0 0
intr 71140507 0 0 22400 75 0 5695 327431 0 0 0 45894 0 0 0 0 0 0 0 0 0 0 0 0 0 0 0 0 0 0 0 0 0 0 0 0 0 0 0 0 0 0 0 0 0 0 0 0 0 0 0 0 54736423 0 0 0 0 0 0 0 0 12771 0 6979 0 0 0 0 0 0 0 0 0 0 0 10360516 1 0 0 0 0 0 0 0 0 0 0 0 0 0 0 0 0 0 0 0 0 0 0 3464 4213 0 0 0 0 244206 0 0 0 0 0 0 0 0 0 0 0 0 0 0 0 0 0 0 0 0 0 0 0 0 0 0 0 0 0 0 0 0 0 0 0 0 0 0 0 0 0 0 0 0 0 0 0 0 0 0 0 0 0 0 0 0 0 0 0 0 0 0 0 0 0 0 0 0 0 0 0 0 0 0 0 5370439 0 0 0
ctxt 10890797
btime 1673080802
processes 4103
procs_running 1
procs_blocked 0
softirq 17553170 16060526 184553 40255 190436 6990 0 689855 262825 0 117730

cpu  8395 0 23621 2109463 1601 0 76218 0 0 0
cpu0 1145 0 1506 541411 385 0 13340 0 0 0
cpu1 4887 0 18764 497463 241 0 23588 0 0 0
cpu2 1180 0 1656 533518 450 0 21651 0 0 0
cpu3 1182 0 1694 537070 524 0 17638 0 0 0
intr 71145233 0 0 22400 75 0 5695 327459 0 0 0 45899 0 0 0 0 0 0 0 0 0 0 0 0 0 0 0 0 0 0 0 0 0 0 0 0 0 0 0 0 0 0 0 0 0 0 0 0 0 0 0 0 54740452 0 0 0 0 0 0 0 0 12771 0 6979 0 0 0 0 0 0 0 0 0 0 0 10360667 1 0 0 0 0 0 0 0 0 0 0 0 0 0 0 0 0 0 0 0 0 0 0 3464 4213 0 0 0 0 244228 0 0 0 0 0 0 0 0 0 0 0 0 0 0 0 0 0 0 0 0 0 0 0 0 0 0 0 0 0 0 0 0 0 0 0 0 0 0 0 0 0 0 0 0 0 0 0 0 0 0 0 0 0 0 0 0 0 0 0 0 0 0 0 0 0 0 0 0 0 0 0 0 0 0 0 5370930 0 0 0
ctxt 10891812
btime 1673080802
processes 4103
procs_running 1
procs_blocked 0
softirq 17553252 16060534 184569 40255 190437 6990 0 689874 262852 0 117741

cpu  8396 0 23623 2109656 1601 0 76218 0 0 0
cpu0 1145 0 1506 541460 385 0 13340 0 0 0
cpu1 4887 0 18766 497509 241 0 23588 0 0 0
cpu2 1181 0 1656 533567 450 0 21651 0 0 0
cpu3 1182 0 1694 537119 524 0 17638 0 0 0
intr 71149895 0 0 22400 75 0 5695 327480 0 0 0 45904 0 0 0 0 0 0 0 0 0 0 0 0 0 0 0 0 0 0 0 0 0 0 0 0 0 0 0 0 0 0 0 0 0 0 0 0 0 0 0 0 54744448 0 0 0 0 0 0 0 0 12771 0 6979 0 0 0 0 0 0 0 0 0 0 0 10360795 1 0 0 0 0 0 0 0 0 0 0 0 0 0 0 0 0 0 0 0 0 0 0 3464 4213 0 0 0 0 244250 0 0 0 0 0 0 0 0 0 0 0 0 0 0 0 0 0 0 0 0 0 0 0 0 0 0 0 0 0 0 0 0 0 0 0 0 0 0 0 0 0 0 0 0 0 0 0 0 0 0 0 0 0 0 0 0 0 0 0 0 0 0 0 0 0 0 0 0 0 0 0 0 0 0 0 5371421 0 0 0
ctxt 10892811
btime 1673080802
processes 4103
procs_running 1
procs_blocked 0
softirq 17553324 16060534 184585 40255 190438 6990 0 689893 262876 0 117753

cpu  8397 0 23624 2109850 1601 0 76218 0 0 0
cpu0 1145 0 1506 541509 385 0 13340 0 0 0
cpu1 4888 0 18766 497555 241 0 23588 0 0 0
cpu2 1181 0 1656 533616 450 0 21651 0 0 0
cpu3 1182 0 1694 537168 524 0 17638 0 0 0
intr 71154615 0 0 22400 75 0 5695 327505 0 0 0 45909 0 0 0 0 0 0 0 0 0 0 0 0 0 0 0 0 0 0 0 0 0 0 0 0 0 0 0 0 0 0 0 0 0 0 0 0 0 0 0 0 54748477 0 0 0 0 0 0 0 0 12771 0 6979 0 0 0 0 0 0 0 0 0 0 0 10360946 1 0 0 0 0 0 0 0 0 0 0 0 0 0 0 0 0 0 0 0 0 0 0 3464 4213 0 0 0 0 244272 0 0 0 0 0 0 0 0 0 0 0 0 0 0 0 0 0 0 0 0 0 0 0 0 0 0 0 0 0 0 0 0 0 0 0 0 0 0 0 0 0 0 0 0 0 0 0 0 0 0 0 0 0 0 0 0 0 0 0 0 0 0 0 0 0 0 0 0 0 0 0 0 0 0 0 5371909 0 0 0
ctxt 10893826
btime 1673080802
processes 4103
procs_running 1
procs_blocked 0
softirq 17553396 16060542 184599 40255 190439 6990 0 689911 262895 0 117765

cpu  8397 0 23625 2110043 1601 0 76218 0 0 0
cpu0 1145 0 1506 541559 385 0 13340 0 0 0
cpu1 4888 0 18768 497601 241 0 23588 0 0 0
cpu2 1182 0 1656 533665 450 0 21651 0 0 0
cpu3 1182 0 1694 537217 524 0 17638 0 0 0
intr 71159281 0 0 22401 75 0 5695 327528 0 0 0 45914 0 0 0 0 0 0 0 0 0 0 0 0 0 0 0 0 0 0 0 0 0 0 0 0 0 0 0 0 0 0 0 0 0 0 0 0 0 0 0 0 54752471 0 0 0 0 0 0 0 0 12771 0 6979 0 0 0 0 0 0 0 0 0 0 0 10361076 1 0 0 0 0 0 0 0 0 0 0 0 0 0 0 0 0 0 0 0 0 0 0 3464 4213 0 0 0 0 244294 0 0 0 0 0 0 0 0 0 0 0 0 0 0 0 0 0 0 0 0 0 0 0 0 0 0 0 0 0 0 0 0 0 0 0 0 0 0 0 0 0 0 0 0 0 0 0 0 0 0 0 0 0 0 0 0 0 0 0 0 0 0 0 0 0 0 0 0 0 0 0 0 0 0 0 5372400 0 0 0
ctxt 10894823
btime 1673080802
processes 4103
procs_running 1
procs_blocked 0
softirq 17553473 16060542 184617 40255 190440 6990 0 689930 262921 0 117778

cpu  8398 0 23627 2110237 1601 0 76218 0 0 0
cpu0 1145 0 1506 541608 385 0 13340 0 0 0
cpu1 4888 0 18770 497647 241 0 23588 0 0 0
cpu2 1182 0 1656 533714 450 0 21651 0 0 0
cpu3 1182 0 1694 537266 524 0 17638 0 0 0
intr 71164009 0 0 22401 75 0 5695 327559 0 0 0 45919 0 0 0 0 0 0 0 0 0 0 0 0 0 0 0 0 0 0 0 0 0 0 0 0 0 0 0 0 0 0 0 0 0 0 0 0 0 0 0 0 54756502 0 0 0 0 0 0 0 0 12771 0 6979 0 0 0 0 0 0 0 0 0 0 0 10361228 1 0 0 0 0 0 0 0 0 0 0 0 0 0 0 0 0 0 0 0 0 0 0 3464 4213 0 0 0 0 244316 0 0 0 0 0 0 0 0 0 0 0 0 0 0 0 0 0 0 0 0 0 0 0 0 0 0 0 0 0 0 0 0 0 0 0 0 0 0 0 0 0 0 0 0 0 0 0 0 0 0 0 0 0 0 0 0 0 0 0 0 0 0 0 0 0 0 0 0 0 0 0 0 0 0 0 5372887 0 0 0
ctxt 10895839
btime 1673080802
processes 4103
procs_running 1
procs_blocked 0
softirq 17553548 16060550 184630 40255 190441 6990 0 689952 262942 0 117788

cpu  8399 0 23629 2110430 1601 0 76218 0 0 0
cpu0 1145 0 1506 541658 385 0 13340 0 0 0
cpu1 4889 0 18772 497692 241 0 23588 0 0 0
cpu2 1182 0 1656 533763 450 0 21651 0 0 0
cpu3 1182 0 1694 537316 524 0 17638 0 0 0
intr 71168686 0 0 22405 75 0 5695 327582 0 0 0 45924 0 0 0 0 0 0 0 0 0 0 0 0 0 0 0 0 0 0 0 0 0 0 0 0 0 0 0 0 0 0 0 0 0 0 0 0 0 0 0 0 54760504 0 0 0 0 0 0 0 0 12771 0 6979 0 0 0 0 0 0 0 0 0 0 0 10361358 1 0 0 0 0 0 0 0 0 0 0 0 0 0 0 0 0 0 0 0 0 0 0 3464 4213 0 0 0 0 244338 0 0 0 0 0 0 0 0 0 0 0 0 0 0 0 0 0 0 0 0 0 0 0 0 0 0 0 0 0 0 0 0 0 0 0 0 0 0 0 0 0 0 0 0 0 0 0 0 0 0 0 0 0 0 0 0 0 0 0 0 0 0 0 0 0 0 0 0 0 0 0 0 0 0 0 5373378 0 0 0
ctxt 10896835
btime 1673080802
processes 4103
procs_running 1
procs_blocked 0
softirq 17553613 16060550 184644 40255 190442 6990 0 689970 262963 0 117799

cpu  8400 0 23631 2110619 1601 0 76221 0 0 0
cpu0 1145 0 1506 541704 385 0 13340 0 0 0
cpu1 4890 0 18774 497736 241 0 23590 0 0 0
cpu2 1183 0 1656 533812 450 0 21651 0 0 0
cpu3 1182 0 1694 537364 524 0 17638 0 0 0
intr 71173723 0 0 22415 75 0 5695 327626 0 0 0 45929 0 0 0 0 0 0 0 0 0 0 0 0 0 0 0 0 0 0 0 0 0 0 0 0 0 0 0 0 0 0 0 0 0 0 0 0 0 0 0 0 54764660 0 0 0 0 0 0 0 0 12771 0 6979 0 0 0 0 0 0 0 0 0 0 0 10361649 1 0 0 0 0 0 0 0 0 0 0 0 0 0 0 0 0 0 0 0 0 0 0 3464 4213 0 0 0 0 244375 0 0 0 0 0 0 0 0 0 0 0 0 0 0 0 0 0 0 0 0 0 0 0 0 0 0 0 0 0 0 0 0 0 0 0 0 0 0 0 0 0 0 0 0 0 0 0 0 0 0 0 0 0 0 0 0 0 0 0 0 0 0 0 0 0 0 0 0 0 0 0 0 0 0 0 5373872 0 0 0
ctxt 10897867
btime 1673080802
processes 4103
procs_running 1
procs_blocked 0
softirq 17553875 16060692 184665 40257 190448 6990 0 690009 262996 0 117818

cpu  8400 0 23632 2110808 1601 0 76224 0 0 0
cpu0 1145 0 1506 541754 385 0 13340 0 0 0
cpu1 4890 0 18775 497782 241 0 23590 0 0 0
cpu2 1183 0 1656 533857 450 0 21654 0 0 0
cpu3 1182 0 1694 537414 524 0 17638 0 0 0
intr 71178557 0 0 22420 75 0 5695 327650 0 0 0 45934 0 0 0 0 0 0 0 0 0 0 0 0 0 0 0 0 0 0 0 0 0 0 0 0 0 0 0 0 0 0 0 0 0 0 0 0 0 0 0 0 54768734 0 0 0 0 0 0 0 0 12771 0 6979 0 0 0 0 0 0 0 0 0 0 0 10361854 1 0 0 0 0 0 0 0 0 0 0 0 0 0 0 0 0 0 0 0 0 0 0 3464 4213 0 0 0 0 244397 0 0 0 0 0 0 0 0 0 0 0 0 0 0 0 0 0 0 0 0 0 0 0 0 0 0 0 0 0 0 0 0 0 0 0 0 0 0 0 0 0 0 0 0 0 0 0 0 0 0 0 0 0 0 0 0 0 0 0 0 0 0 0 0 0 0 0 0 0 0 0 0 0 0 0 5374371 0 0 0
ctxt 10898876
btime 1673080802
processes 4103
procs_running 1
procs_blocked 0
softirq 17554041 16060787 184680 40258 190451 6990 0 690034 263010 0 117831

cpu  8401 0 23634 2110999 1601 0 76226 0 0 0
cpu0 1145 0 1506 541803 385 0 13340 0 0 0
cpu1 4890 0 18776 497828 241 0 23590 0 0 0
cpu2 1184 0 1656 533906 450 0 21654 0 0 0
cpu3 1182 0 1695 537460 524 0 17640 0 0 0
intr 71183452 0 0 22426 75 0 5695 327679 0 0 0 45939 0 0 0 0 0 0 0 0 0 0 0 0 0 0 0 0 0 0 0 0 0 0 0 0 0 0 0 0 0 0 0 0 0 0 0 0 0 0 0 0 54772838 0 0 0 0 0 0 0 0 12771 0 6979 0 0 0 0 0 0 0 0 0 0 0 10362081 1 0 0 0 0 0 0 0 0 0 0 0 0 0 0 0 0 0 0 0 0 0 0 3464 4213 0 0 0 0 244419 0 0 0 0 0 0 0 0 0 0 0 0 0 0 0 0 0 0 0 0 0 0 0 0 0 0 0 0 0 0 0 0 0 0 0 0 0 0 0 0 0 0 0 0 0 0 0 0 0 0 0 0 0 0 0 0 0 0 0 0 0 0 0 0 0 0 0 0 0 0 0 0 0 0 0 5374874 0 0 0
ctxt 10899908
btime 1673080802
processes 4103
procs_running 1
procs_blocked 0
softirq 17554208 16060871 184697 40258 190454 6990 0 690064 263029 0 117845

cpu  8402 0 23636 2111191 1601 0 76226 0 0 0
cpu0 1145 0 1506 541852 385 0 13340 0 0 0
cpu1 4890 0 18778 497874 241 0 23590 0 0 0
cpu2 1184 0 1656 533955 450 0 21654 0 0 0
cpu3 1182 0 1695 537509 524 0 17640 0 0 0
intr 71188271 0 0 22430 75 0 5695 327705 0 0 0 45944 0 0 0 0 0 0 0 0 0 0 0 0 0 0 0 0 0 0 0 0 0 0 0 0 0 0 0 0 0 0 0 0 0 0 0 0 0 0 0 0 54776906 0 0 0 0 0 0 0 0 12771 0 6979 0 0 0 0 0 0 0 0 0 0 0 10362283 1 0 0 0 0 0 0 0 0 0 0 0 0 0 0 0 0 0 0 0 0 0 0 3464 4213 0 0 0 0 244441 0 0 0 0 0 0 0 0 0 0 0 0 0 0 0 0 0 0 0 0 0 0 0 0 0 0 0 0 0 0 0 0 0 0 0 0 0 0 0 0 0 0 0 0 0 0 0 0 0 0 0 0 0 0 0 0 0 0 0 0 0 0 0 0 0 0 0 0 0 0 0 0 0 0 0 5375366 0 0 0
ctxt 10900912
btime 1673080802
processes 4103
procs_running 2
procs_blocked 0
softirq 17554333 16060913 184712 40260 190458 6990 0 690093 263050 0 117857

cpu  8403 0 23638 2111382 1601 0 76226 0 0 0
cpu0 1145 0 1506 541901 385 0 13340 0 0 0
cpu1 4891 0 18780 497919 241 0 23590 0 0 0
cpu2 1184 0 1656 534002 450 0 21654 0 0 0
cpu3 1182 0 1695 537558 524 0 17640 0 0 0
intr 71193152 0 0 22434 75 0 5695 327734 0 0 0 45949 0 0 0 0 0 0 0 0 0 0 0 0 0 0 0 0 0 0 0 0 0 0 0 0 0 0 0 0 0 0 0 0 0 0 0 0 0 0 0 0 54781006 0 0 0 0 0 0 0 0 12771 0 6979 0 0 0 0 0 0 0 0 0 0 0 10362508 1 0 0 0 0 0 0 0 0 0 0 0 0 0 0 0 0 0 0 0 0 0 0 3464 4213 0 0 0 0 244463 0 0 0 0 0 0 0 0 0 0 0 0 0 0 0 0 0 0 0 0 0 0 0 0 0 0 0 0 0 0 0 0 0 0 0 0 0 0 0 0 0 0 0 0 0 0 0 0 0 0 0 0 0 0 0 0 0 0 0 0 0 0 0 0 0 0 0 0 0 0 0 0 0 0 0 5375862 0 0 0
ctxt 10901941
btime 1673080802
processes 4103
procs_running 1
procs_blocked 0
softirq 17554464 16060962 184728 40261 190461 6990 0 690120 263072 0 117870

cpu  8403 0 23640 2111572 1601 0 76226 0 0 0
cpu0 1145 0 1506 541950 385 0 13340 0 0 0
cpu1 4891 0 18782 497965 241 0 23590 0 0 0
cpu2 1185 0 1656 534051 450 0 21654 0 0 0
cpu3 1182 0 1695 537604 524 0 17640 0 0 0
intr 71197966 0 0 22439 75 0 5695 327759 0 0 0 45954 0 0 0 0 0 0 0 0 0 0 0 0 0 0 0 0 0 0 0 0 0 0 0 0 0 0 0 0 0 0 0 0 0 0 0 0 0 0 0 0 54785071 0 0 0 0 0 0 0 0 12771 0 6979 0 0 0 0 0 0 0 0 0 0 0 10362706 1 0 0 0 0 0 0 0 0 0 0 0 0 0 0 0 0 0 0 0 0 0 0 3464 4213 0 0 0 0 244485 0 0 0 0 0 0 0 0 0 0 0 0 0 0 0 0 0 0 0 0 0 0 0 0 0 0 0 0 0 0 0 0 0 0 0 0 0 0 0 0 0 0 0 0 0 0 0 0 0 0 0 0 0 0 0 0 0 0 0 0 0 0 0 0 0 0 0 0 0 0 0 0 0 0 0 5376355 0 0 0
ctxt 10902949
btime 1673080802
processes 4103
procs_running 1
procs_blocked 0
softirq 17554572 16060997 184743 40262 190464 6990 0 690143 263092 0 117881

cpu  8404 0 23642 2111759 1601 0 76230 0 0 0
cpu0 1145 0 1506 541996 385 0 13341 0 0 0
cpu1 4891 0 18784 498008 241 0 23593 0 0 0
cpu2 1185 0 1656 534100 450 0 21654 0 0 0
cpu3 1182 0 1695 537653 524 0 17640 0 0 0
intr 71202984 0 0 22445 75 0 5695 327790 0 0 0 45959 0 0 0 0 0 0 0 0 0 0 0 0 0 0 0 0 0 0 0 0 0 0 0 0 0 0 0 0 0 0 0 0 0 0 0 0 0 0 0 0 54789244 0 0 0 0 0 0 0 0 12771 0 6979 0 0 0 0 0 0 0 0 0 0 0 10363005 1 0 0 0 0 0 0 0 0 0 0 0 0 0 0 0 0 0 0 0 0 0 0 3464 4213 0 0 0 0 244507 0 0 0 0 0 0 0 0 0 0 0 0 0 0 0 0 0 0 0 0 0 0 0 0 0 0 0 0 0 0 0 0 0 0 0 0 0 0 0 0 0 0 0 0 0 0 0 0 0 0 0 0 0 0 0 0 0 0 0 0 0 0 0 0 0 0 0 0 0 0 0 0 0 0 0 5376837 0 0 0
ctxt 10903945
btime 1673080802
processes 4103
procs_running 1
procs_blocked 0
softirq 17554851 16061174 184760 40262 190469 6990 0 690186 263116 0 117894

cpu  8405 0 23645 2111950 1601 0 76230 0 0 0
cpu0 1145 0 1506 542046 385 0 13341 0 0 0
cpu1 4892 0 18786 498054 241 0 23593 0 0 0
cpu2 1186 0 1656 534146 450 0 21655 0 0 0
cpu3 1182 0 1695 537702 524 0 17640 0 0 0
intr 71207792 0 0 22449 75 0 5695 327811 0 0 0 45964 0 0 0 0 0 0 0 0 0 0 0 0 0 0 0 0 0 0 0 0 0 0 0 0 0 0 0 0 0 0 0 0 0 0 0 0 0 0 0 0 54793307 0 0 0 0 0 0 0 0 12771 0 6979 0 0 0 0 0 0 0 0 0 0 0 10363204 1 0 0 0 0 0 0 0 0 0 0 0 0 0 0 0 0 0 0 0 0 0 0 3464 4213 0 0 0 0 244529 0 0 0 0 0 0 0 0 0 0 0 0 0 0 0 0 0 0 0 0 0 0 0 0 0 0 0 0 0 0 0 0 0 0 0 0 0 0 0 0 0 0 0 0 0 0 0 0 0 0 0 0 0 0 0 0 0 0 0 0 0 0 0 0 0 0 0 0 0 0 0 0 0 0 0 5377330 0 0 0
ctxt 10904939
btime 1673080802
processes 4103
procs_running 1
procs_blocked 0
softirq 17555006 16061257 184776 40263 190472 6990 0 690207 263136 0 117905

cpu  8406 0 23648 2112141 1601 0 76231 0 0 0
cpu0 1145 0 1506 542095 385 0 13341 0 0 0
cpu1 4892 0 18789 498100 241 0 23593 0 0 0
cpu2 1186 0 1656 534195 450 0 21655 0 0 0
cpu3 1182 0 1696 537749 524 0 17641 0 0 0
intr 71212674 0 0 22455 75 0 5695 327839 0 0 0 45969 0 0 0 0 0 0 0 0 0 0 0 0 0 0 0 0 0 0 0 0 0 0 0 0 0 0 0 0 0 0 0 0 0 0 0 0 0 0 0 0 54797407 0 0 0 0 0 0 0 0 12771 0 6979 0 0 0 0 0 0 0 0 0 0 0 10363425 1 0 0 0 0 0 0 0 0 0 0 0 0 0 0 0 0 0 0 0 0 0 0 3464 4213 0 0 0 0 244551 0 0 0 0 0 0 0 0 0 0 0 0 0 0 0 0 0 0 0 0 0 0 0 0 0 0 0 0 0 0 0 0 0 0 0 0 0 0 0 0 0 0 0 0 0 0 0 0 0 0 0 0 0 0 0 0 0 0 0 0 0 0 0 0 0 0 0 0 0 0 0 0 0 0 0 5377832 0 0 0
ctxt 10905970
btime 1673080802
processes 4103
procs_running 2
procs_blocked 0
softirq 17555137 16061302 184792 40264 190475 6990 0 690236 263160 0 117918

cpu  8406 0 23649 2112331 1601 0 76234 0 0 0
cpu0 1145 0 1506 542144 385 0 13341 0 0 0
cpu1 4892 0 18790 498146 241 0 23593 0 0 0
cpu2 1186 0 1656 534244 450 0 21655 0 0 0
cpu3 1182 0 1696 537795 524 0 17644 0 0 0
intr 71217507 0 0 22460 75 0 5695 327866 0 0 0 45974 0 0 0 0 0 0 0 0 0 0 0 0 0 0 0 0 0 0 0 0 0 0 0 0 0 0 0 0 0 0 0 0 0 0 0 0 0 0 0 0 54801476 0 0 0 0 0 0 0 0 12771 0 6979 0 0 0 0 0 0 0 0 0 0 0 10363628 1 0 0 0 0 0 0 0 0 0 0 0 0 0 0 0 0 0 0 0 0 0 0 3464 4213 0 0 0 0 244573 0 0 0 0 0 0 0 0 0 0 0 0 0 0 0 0 0 0 0 0 0 0 0 0 0 0 0 0 0 0 0 0 0 0 0 0 0 0 0 0 0 0 0 0 0 0 0 0 0 0 0 0 0 0 0 0 0 0 0 0 0 0 0 0 0 0 0 0 0 0 0 0 0 0 0 5378333 0 0 0
ctxt 10906982
btime 1673080802
processes 4103
procs_running 1
procs_blocked 0
softirq 17555253 16061340 184807 40265 190478 6990 0 690260 263182 0 117931

cpu  8407 0 23651 2112521 1601 0 76237 0 0 0
cpu0 1145 0 1506 542194 385 0 13341 0 0 0
cpu1 4892 0 18792 498191 241 0 23593 0 0 0
cpu2 1187 0 1656 534293 450 0 21655 0 0 0
cpu3 1182 0 1696 537841 524 0 17647 0 0 0
intr 71222404 0 0 22464 75 0 5695 327901 0 0 0 45978 0 0 0 0 0 0 0 0 0 0 0 0 0 0 0 0 0 0 0 0 0 0 0 0 0 0 0 0 0 0 0 0 0 0 0 0 0 0 0 0 54805579 0 0 0 0 0 0 0 0 12771 0 6979 0 0 0 0 0 0 0 0 0 0 0 10363853 1 0 0 0 0 0 0 0 0 0 0 0 0 0 0 0 0 0 0 0 0 0 0 3464 4213 0 0 0 0 244595 0 0 0 0 0 0 0 0 0 0 0 0 0 0 0 0 0 0 0 0 0 0 0 0 0 0 0 0 0 0 0 0 0 0 0 0 0 0 0 0 0 0 0 0 0 0 0 0 0 0 0 0 0 0 0 0 0 0 0 0 0 0 0 0 0 0 0 0 0 0 0 0 0 0 0 5378837 0 0 0
ctxt 10908009
btime 1673080802
processes 4103
procs_running 1
procs_blocked 0
softirq 17555393 16061387 184824 40266 190481 6990 0 690293 263208 0 117944

cpu  8408 0 23653 2112713 1601 0 76238 0 0 0
cpu0 1145 0 1506 542243 385 0 13341 0 0 0
cpu1 4893 0 18794 498237 241 0 23593 0 0 0
cpu2 1187 0 1656 534342 450 0 21656 0 0 0
cpu3 1182 0 1696 537889 524 0 17647 0 0 0
intr 71227232 0 0 22468 75 0 5695 327929 0 0 0 45983 0 0 0 0 0 0 0 0 0 0 0 0 0 0 0 0 0 0 0 0 0 0 0 0 0 0 0 0 0 0 0 0 0 0 0 0 0 0 0 0 54809647 0 0 0 0 0 0 0 0 12771 0 6979 0 0 0 0 0 0 0 0 0 0 0 10364056 1 0 0 0 0 0 0 0 0 0 0 0 0 0 0 0 0 0 0 0 0 0 0 3464 4213 0 0 0 0 244617 0 0 0 0 0 0 0 0 0 0 0 0 0 0 0 0 0 0 0 0 0 0 0 0 0 0 0 0 0 0 0 0 0 0 0 0 0 0 0 0 0 0 0 0 0 0 0 0 0 0 0 0 0 0 0 0 0 0 0 0 0 0 0 0 0 0 0 0 0 0 0 0 0 0 0 5379335 0 0 0
ctxt 10909011
btime 1673080802
processes 4103
procs_running 1
procs_blocked 0
softirq 17555575 16061487 184838 40267 190484 6990 0 690316 263236 0 117957

cpu  8408 0 23654 2112902 1601 0 76238 0 0 0
cpu0 1145 0 1506 542291 385 0 13341 0 0 0
cpu1 4893 0 18795 498283 241 0 23593 0 0 0
cpu2 1188 0 1656 534389 450 0 21656 0 0 0
cpu3 1182 0 1696 537938 524 0 17647 0 0 0
intr 71232257 0 0 22472 75 0 5695 327962 0 0 0 45988 0 0 0 0 0 0 0 0 0 0 0 0 0 0 0 0 0 0 0 0 0 0 0 0 0 0 0 0 0 0 0 0 0 0 0 0 0 0 0 0 54813820 0 0 0 0 0 0 0 0 12771 0 6979 0 0 0 0 0 0 0 0 0 0 0 10364348 1 0 0 0 0 0 0 0 0 0 0 0 0 0 0 0 0 0 0 0 0 0 0 3464 4213 0 0 0 0 244639 0 0 0 0 0 0 0 0 0 0 0 0 0 0 0 0 0 0 0 0 0 0 0 0 0 0 0 0 0 0 0 0 0 0 0 0 0 0 0 0 0 0 0 0 0 0 0 0 0 0 0 0 0 0 0 0 0 0 0 0 0 0 0 0 0 0 0 0 0 0 0 0 0 0 0 5379831 0 0 0
ctxt 10910047
btime 1673080802
processes 4103
procs_running 1
procs_blocked 0
softirq 17555795 16061613 184854 40268 190489 6990 0 690349 263261 0 117971

cpu  8408 0 23657 2113094 1601 0 76239 0 0 0
cpu0 1145 0 1506 542340 385 0 13341 0 0 0
cpu1 4893 0 18798 498328 241 0 23593 0 0 0
cpu2 1188 0 1656 534438 450 0 21656 0 0 0
cpu3 1182 0 1696 537986 524 0 17648 0 0 0
intr 71237131 0 0 22483 75 0 5695 328003 0 0 0 45993 0 0 0 0 0 0 0 0 0 0 0 0 0 0 0 0 0 0 0 0 0 0 0 0 0 0 0 0 0 0 0 0 0 0 0 0 0 0 0 0 54817890 0 0 0 0 0 0 0 0 12771 0 6979 0 0 0 0 0 0 0 0 0 0 0 10364553 1 0 0 0 0 0 0 0 0 0 0 0 0 0 0 0 0 0 0 0 0 0 0 3464 4213 0 0 0 0 244673 0 0 0 0 0 0 0 0 0 0 0 0 0 0 0 0 0 0 0 0 0 0 0 0 0 0 0 0 0 0 0 0 0 0 0 0 0 0 0 0 0 0 0 0 0 0 0 0 0 0 0 0 0 0 0 0 0 0 0 0 0 0 0 0 0 0 0 0 0 0 0 0 0 0 0 5380338 0 0 0
ctxt 10911089
btime 1673080802
processes 4103
procs_running 1
procs_blocked 0
softirq 17556017 16061727 184873 40270 190493 6990 0 690385 263295 0 117984

cpu  8409 0 23659 2113287 1601 0 76240 0 0 0
cpu0 1145 0 1506 542388 385 0 13342 0 0 0
cpu1 4893 0 18800 498374 241 0 23593 0 0 0
cpu2 1188 0 1656 534487 450 0 21656 0 0 0
cpu3 1182 0 1696 538036 524 0 17648 0 0 0
intr 71242004 0 0 22489 75 0 5695 328035 0 0 0 45998 0 0 0 0 0 0 0 0 0 0 0 0 0 0 0 0 0 0 0 0 0 0 0 0 0 0 0 0 0 0 0 0 0 0 0 0 0 0 0 0 54821987 0 0 0 0 0 0 0 0 12771 0 6979 0 0 0 0 0 0 0 0 0 0 0 10364777 1 0 0 0 0 0 0 0 0 0 0 0 0 0 0 0 0 0 0 0 0 0 0 3464 4213 0 0 0 0 244695 0 0 0 0 0 0 0 0 0 0 0 0 0 0 0 0 0 0 0 0 0 0 0 0 0 0 0 0 0 0 0 0 0 0 0 0 0 0 0 0 0 0 0 0 0 0 0 0 0 0 0 0 0 0 0 0 0 0 0 0 0 0 0 0 0 0 0 0 0 0 0 0 0 0 0 5380826 0 0 0
ctxt 10912094
btime 1673080802
processes 4103
procs_running 1
procs_blocked 0
softirq 17556161 16061777 184890 40270 190496 6990 0 690416 263324 0 117998

cpu  8410 0 23660 2113477 1601 0 76240 0 0 0
cpu0 1145 0 1506 542438 385 0 13342 0 0 0
cpu1 4893 0 18801 498420 241 0 23593 0 0 0
cpu2 1189 0 1656 534536 450 0 21656 0 0 0
cpu3 1182 0 1696 538081 524 0 17648 0 0 0
intr 71246821 0 0 22493 75 0 5695 328063 0 0 0 46003 0 0 0 0 0 0 0 0 0 0 0 0 0 0 0 0 0 0 0 0 0 0 0 0 0 0 0 0 0 0 0 0 0 0 0 0 0 0 0 0 54826054 0 0 0 0 0 0 0 0 12771 0 6979 0 0 0 0 0 0 0 0 0 0 0 10364976 1 0 0 0 0 0 0 0 0 0 0 0 0 0 0 0 0 0 0 0 0 0 0 3464 4213 0 0 0 0 244717 0 0 0 0 0 0 0 0 0 0 0 0 0 0 0 0 0 0 0 0 0 0 0 0 0 0 0 0 0 0 0 0 0 0 0 0 0 0 0 0 0 0 0 0 0 0 0 0 0 0 0 0 0 0 0 0 0 0 0 0 0 0 0 0 0 0 0 0 0 0 0 0 0 0 0 5381318 0 0 0
ctxt 10913101
btime 1673080802
processes 4103
procs_running 2
procs_blocked 0
softirq 17556283 16061821 184904 40271 190499 6990 0 690438 263348 0 118012

cpu  8410 0 23662 2113668 1601 0 76240 0 0 0
cpu0 1145 0 1506 542487 385 0 13342 0 0 0
cpu1 4894 0 18803 498466 241 0 23593 0 0 0
cpu2 1189 0 1656 534585 450 0 21656 0 0 0
cpu3 1182 0 1696 538129 524 0 17648 0 0 0
intr 71251710 0 0 22497 75 0 5695 328094 0 0 0 46008 0 0 0 0 0 0 0 0 0 0 0 0 0 0 0 0 0 0 0 0 0 0 0 0 0 0 0 0 0 0 0 0 0 0 0 0 0 0 0 0 54830156 0 0 0 0 0 0 0 0 12771 0 6979 0 0 0 0 0 0 0 0 0 0 0 10365200 1 0 0 0 0 0 0 0 0 0 0 0 0 0 0 0 0 0 0 0 0 0 0 3464 4213 0 0 0 0 244739 0 0 0 0 0 0 0 0 0 0 0 0 0 0 0 0 0 0 0 0 0 0 0 0 0 0 0 0 0 0 0 0 0 0 0 0 0 0 0 0 0 0 0 0 0 0 0 0 0 0 0 0 0 0 0 0 0 0 0 0 0 0 0 0 0 0 0 0 0 0 0 0 0 0 0 5381818 0 0 0
ctxt 10914142
btime 1673080802
processes 4103
procs_running 1
procs_blocked 0
softirq 17556499 16061946 184920 40272 190502 6990 0 690467 263376 0 118026

cpu  8411 0 23664 2113859 1601 0 76240 0 0 0
cpu0 1145 0 1506 542534 385 0 13342 0 0 0
cpu1 4894 0 18805 498512 241 0 23593 0 0 0
cpu2 1190 0 1656 534634 450 0 21656 0 0 0
cpu3 1182 0 1696 538178 524 0 17648 0 0 0
intr 71256538 0 0 22502 75 0 5695 328125 0 0 0 46013 0 0 0 0 0 0 0 0 0 0 0 0 0 0 0 0 0 0 0 0 0 0 0 0 0 0 0 0 0 0 0 0 0 0 0 0 0 0 0 0 54834225 0 0 0 0 0 0 0 0 12771 0 6979 0 0 0 0 0 0 0 0 0 0 0 10365402 1 0 0 0 0 0 0 0 0 0 0 0 0 0 0 0 0 0 0 0 0 0 0 3464 4213 0 0 0 0 244761 0 0 0 0 0 0 0 0 0 0 0 0 0 0 0 0 0 0 0 0 0 0 0 0 0 0 0 0 0 0 0 0 0 0 0 0 0 0 0 0 0 0 0 0 0 0 0 0 0 0 0 0 0 0 0 0 0 0 0 0 0 0 0 0 0 0 0 0 0 0 0 0 0 0 0 5382312 0 0 0
ctxt 10915157
btime 1673080802
processes 4103
procs_running 1
procs_blocked 0
softirq 17556686 16062048 184935 40273 190505 6990 0 690495 263401 0 118039

cpu  8412 0 23666 2114047 1601 0 76244 0 0 0
cpu0 1145 0 1506 542583 385 0 13342 0 0 0
cpu1 4894 0 18807 498557 241 0 23593 0 0 0
cpu2 1190 0 1656 534680 450 0 21659 0 0 0
cpu3 1182 0 1696 538226 524 0 17649 0 0 0
intr 71261528 0 0 22506 75 0 5695 328155 0 0 0 46018 0 0 0 0 0 0 0 0 0 0 0 0 0 0 0 0 0 0 0 0 0 0 0 0 0 0 0 0 0 0 0 0 0 0 0 0 0 0 0 0 54838375 0 0 0 0 0 0 0 0 12771 0 6979 0 0 0 0 0 0 0 0 0 0 0 10365674 1 0 0 0 0 0 0 0 0 0 0 0 0 0 0 0 0 0 0 0 0 0 0 3464 4213 0 0 0 0 244783 0 0 0 0 0 0 0 0 0 0 0 0 0 0 0 0 0 0 0 0 0 0 0 0 0 0 0 0 0 0 0 0 0 0 0 0 0 0 0 0 0 0 0 0 0 0 0 0 0 0 0 0 0 0 0 0 0 0 0 0 0 0 0 0 0 0 0 0 0 0 0 0 0 0 0 5382820 0 0 0
ctxt 10916169
btime 1673080802
processes 4103
procs_running 1
procs_blocked 0
softirq 17556914 16062169 184951 40274 190510 6990 0 690534 263432 0 118054

cpu  8412 0 23670 2114238 1601 0 76246 0 0 0
cpu0 1145 0 1506 542632 385 0 13342 0 0 0
cpu1 4894 0 18810 498603 241 0 23593 0 0 0
cpu2 1190 0 1657 534729 450 0 21659 0 0 0
cpu3 1182 0 1696 538273 524 0 17651 0 0 0
intr 71266431 0 0 22512 75 0 5695 328193 0 0 0 46023 0 0 0 0 0 0 0 0 0 0 0 0 0 0 0 0 0 0 0 0 0 0 0 0 0 0 0 0 0 0 0 0 0 0 0 0 0 0 0 0 54842466 0 0 0 0 0 0 0 0 12771 0 6979 0 0 0 0 0 0 0 0 0 0 0 10365902 1 0 0 0 0 0 0 0 0 0 0 0 0 0 0 0 0 0 0 0 0 0 0 3464 4213 0 0 0 0 244805 0 0 0 0 0 0 0 0 0 0 0 0 0 0 0 0 0 0 0 0 0 0 0 0 0 0 0 0 0 0 0 0 0 0 0 0 0 0 0 0 0 0 0 0 0 0 0 0 0 0 0 0 0 0 0 0 0 0 0 0 0 0 0 0 0 0 0 0 0 0 0 0 0 0 0 5383332 0 0 0
ctxt 10917199
btime 1673080802
processes 4103
procs_running 1
procs_blocked 0
softirq 17557115 16062270 184969 40275 190513 6990 0 690563 263466 0 118069

cpu  8412 0 23671 2114430 1601 0 76246 0 0 0
cpu0 1145 0 1506 542681 385 0 13342 0 0 0
cpu1 4894 0 18811 498649 241 0 23593 0 0 0
cpu2 1190 0 1657 534777 450 0 21659 0 0 0
cpu3 1182 0 1696 538322 524 0 17651 0 0 0
intr 71271278 0 0 22518 75 0 5695 328227 0 0 0 46028 0 0 0 0 0 0 0 0 0 0 0 0 0 0 0 0 0 0 0 0 0 0 0 0 0 0 0 0 0 0 0 0 0 0 0 0 0 0 0 0 54846544 0 0 0 0 0 0 0 0 12771 0 6979 0 0 0 0 0 0 0 0 0 0 0 10366105 1 0 0 0 0 0 0 0 0 0 0 0 0 0 0 0 0 0 0 0 0 0 0 3464 4213 0 0 0 0 244827 0 0 0 0 0 0 0 0 0 0 0 0 0 0 0 0 0 0 0 0 0 0 0 0 0 0 0 0 0 0 0 0 0 0 0 0 0 0 0 0 0 0 0 0 0 0 0 0 0 0 0 0 0 0 0 0 0 0 0 0 0 0 0 0 0 0 0 0 0 0 0 0 0 0 0 5383832 0 0 0
ctxt 10918226
btime 1673080802
processes 4103
procs_running 1
procs_blocked 0
softirq 17557269 16062343 184985 40275 190516 6990 0 690592 263486 0 118082

cpu  8413 0 23673 2114623 1601 0 76246 0 0 0
cpu0 1145 0 1506 542730 385 0 13342 0 0 0
cpu1 4895 0 18813 498695 241 0 23593 0 0 0
cpu2 1190 0 1657 534826 450 0 21659 0 0 0
cpu3 1182 0 1696 538371 524 0 17651 0 0 0
intr 71276050 0 0 22519 75 0 5695 328278 0 0 0 46033 0 0 0 0 0 0 0 0 0 0 0 0 0 0 0 0 0 0 0 0 0 0 0 0 0 0 0 0 0 0 0 0 0 0 0 0 0 0 0 0 54850568 0 0 0 0 0 0 0 0 12771 0 6979 0 0 0 0 0 0 0 0 0 0 0 10366259 1 0 0 0 0 0 0 0 0 0 0 0 0 0 0 0 0 0 0 0 0 0 0 3464 4213 0 0 0 0 244862 0 0 0 0 0 0 0 0 0 0 0 0 0 0 0 0 0 0 0 0 0 0 0 0 0 0 0 0 0 0 0 0 0 0 0 0 0 0 0 0 0 0 0 0 0 0 0 0 0 0 0 0 0 0 0 0 0 0 0 0 0 0 0 0 0 0 0 0 0 0 0 0 0 0 0 5384334 0 0 0
ctxt 10919286
btime 1673080802
processes 4103
procs_running 1
procs_blocked 0
softirq 17557373 16062351 185006 40275 190518 6990 0 690623 263511 0 118099

cpu  8414 0 23675 2114816 1601 0 76246 0 0 0
cpu0 1145 0 1506 542780 385 0 13342 0 0 0
cpu1 4896 0 18814 498740 241 0 23593 0 0 0
cpu2 1190 0 1658 534875 450 0 21659 0 0 0
cpu3 1182 0 1696 538420 524 0 17651 0 0 0
intr 71280724 0 0 22519 75 0 5695 328308 0 0 0 46038 0 0 0 0 0 0 0 0 0 0 0 0 0 0 0 0 0 0 0 0 0 0 0 0 0 0 0 0 0 0 0 0 0 0 0 0 0 0 0 0 54854564 0 0 0 0 0 0 0 0 12771 0 6979 0 0 0 0 0 0 0 0 0 0 0 10366387 1 0 0 0 0 0 0 0 0 0 0 0 0 0 0 0 0 0 0 0 0 0 0 3464 4213 0 0 0 0 244884 0 0 0 0 0 0 0 0 0 0 0 0 0 0 0 0 0 0 0 0 0 0 0 0 0 0 0 0 0 0 0 0 0 0 0 0 0 0 0 0 0 0 0 0 0 0 0 0 0 0 0 0 0 0 0 0 0 0 0 0 0 0 0 0 0 0 0 0 0 0 0 0 0 0 0 5384827 0 0 0
ctxt 10920291
btime 1673080802
processes 4103
procs_running 1
procs_blocked 0
softirq 17557443 16062351 185020 40275 190519 6990 0 690642 263535 0 118111

cpu  8415 0 23677 2115010 1601 0 76246 0 0 0
cpu0 1145 0 1506 542829 385 0 13342 0 0 0
cpu1 4896 0 18817 498786 241 0 23593 0 0 0
cpu2 1191 0 1658 534924 450 0 21659 0 0 0
cpu3 1182 0 1696 538470 524 0 17651 0 0 0
intr 71285466 0 0 22519 75 0 5695 328346 0 0 0 46043 0 0 0 0 0 0 0 0 0 0 0 0 0 0 0 0 0 0 0 0 0 0 0 0 0 0 0 0 0 0 0 0 0 0 0 0 0 0 0 0 54858593 0 0 0 0 0 0 0 0 12771 0 6979 0 0 0 0 0 0 0 0 0 0 0 10366541 1 0 0 0 0 0 0 0 0 0 0 0 0 0 0 0 0 0 0 0 0 0 0 3464 4213 0 0 0 0 244906 0 0 0 0 0 0 0 0 0 0 0 0 0 0 0 0 0 0 0 0 0 0 0 0 0 0 0 0 0 0 0 0 0 0 0 0 0 0 0 0 0 0 0 0 0 0 0 0 0 0 0 0 0 0 0 0 0 0 0 0 0 0 0 0 0 0 0 0 0 0 0 0 0 0 0 5385321 0 0 0
ctxt 10921313
btime 1673080802
processes 4103
procs_running 1
procs_blocked 0
softirq 17557524 16062359 185037 40276 190520 6990 0 690662 263556 0 118124

cpu  8416 0 23679 2115203 1601 0 76246 0 0 0
cpu0 1145 0 1506 542878 385 0 13342 0 0 0
cpu1 4897 0 18818 498832 241 0 23593 0 0 0
cpu2 1191 0 1658 534973 450 0 21659 0 0 0
cpu3 1182 0 1696 538519 524 0 17651 0 0 0
intr 71290130 0 0 22519 75 0 5695 328373 0 0 0 46048 0 0 0 0 0 0 0 0 0 0 0 0 0 0 0 0 0 0 0 0 0 0 0 0 0 0 0 0 0 0 0 0 0 0 0 0 0 0 0 0 54862589 0 0 0 0 0 0 0 0 12771 0 6979 0 0 0 0 0 0 0 0 0 0 0 10366669 1 0 0 0 0 0 0 0 0 0 0 0 0 0 0 0 0 0 0 0 0 0 0 3464 4213 0 0 0 0 244928 0 0 0 0 0 0 0 0 0 0 0 0 0 0 0 0 0 0 0 0 0 0 0 0 0 0 0 0 0 0 0 0 0 0 0 0 0 0 0 0 0 0 0 0 0 0 0 0 0 0 0 0 0 0 0 0 0 0 0 0 0 0 0 0 0 0 0 0 0 0 0 0 0 0 0 5385807 0 0 0
ctxt 10922309
btime 1673080802
processes 4103
procs_running 1
procs_blocked 0
softirq 17557597 16062359 185052 40276 190521 6990 0 690681 263581 0 118137
