cpu  5768115 48023 3337115 615683060 5116633 0 1058121 0 0 0
cpu0 798670 9648 571691 154723349 1445546 0 245521 0 0 0
cpu1 1291318 12409 1539284 153141881 1381218 0 301458 0 0 0
cpu2 2982445 15203 605319 153142719 914731 0 240336 0 0 0
cpu3 695681 10761 620820 154675110 1375137 0 270806 0 0 0
intr 13737512365 0 0 3755480 75 0 745388 42539568 0 0 0 10744676 0 0 0 0 0 0 0 0 0 0 0 0 0 0 0 0 0 0 0 0 0 0 0 0 0 0 0 0 0 0 0 0 0 0 0 0 0 0 0 0 55571146 0 0 0 0 0 0 0 0 174995 0 7512767 0 0 0 0 0 0 0 0 0 0 0 575242298 1 0 0 0 0 0 0 0 0 0 0 0 0 0 0 0 0 0 0 0 0 0 0 340749 4206 0 0 0 0 14179349 0 0 0 0 0 0 0 0 0 0 0 0 0 0 0 0 0 0 0 0 0 0 0 0 0 0 0 0 0 0 0 0 0 0 0 0 0 0 0 0 0 0 0 0 0 0 0 0 0 0 0 0 0 0 0 0 0 0 0 0 0 0 0 0 0 0 0 0 0 0 0 0 0 0 0 141799779 0 0 0
ctxt 343788685
btime 1671453272
processes 577999
procs_running 1
procs_blocked 0
softirq 451096160 268020646 34569452 875891 16226635 7511456 0 56031507 41286177 129 26574267

cpu  5768115 48023 3337117 615683255 5116633 0 1058121 0 0 0
cpu0 798670 9648 571691 154723398 1445546 0 245521 0 0 0
cpu1 1291318 12409 1539286 153141927 1381218 0 301458 0 0 0
cpu2 2982445 15203 605319 153142769 914731 0 240336 0 0 0
cpu3 695681 10761 620820 154675159 1375137 0 270806 0 0 0
intr 13737517069 0 0 3755488 75 0 745388 42539601 0 0 0 10744681 0 0 0 0 0 0 0 0 0 0 0 0 0 0 0 0 0 0 0 0 0 0 0 0 0 0 0 0 0 0 0 0 0 0 0 0 0 0 0 0 55575158 0 0 0 0 0 0 0 0 174995 0 7512767 0 0 0 0 0 0 0 0 0 0 0 575242428 1 0 0 0 0 0 0 0 0 0 0 0 0 0 0 0 0 0 0 0 0 0 0 340749 4206 0 0 0 0 14179371 0 0 0 0 0 0 0 0 0 0 0 0 0 0 0 0 0 0 0 0 0 0 0 0 0 0 0 0 0 0 0 0 0 0 0 0 0 0 0 0 0 0 0 0 0 0 0 0 0 0 0 0 0 0 0 0 0 0 0 0 0 0 0 0 0 0 0 0 0 0 0 0 0 0 0 141800274 0 0 0
ctxt 343789684
btime 1671453272
processes 577999
procs_running 1
procs_blocked 0
softirq 451096227 268020646 34569466 875891 16226636 7511456 0 56031525 41286202 129 26574276

cpu  5768115 48023 3337120 615683448 5116633 0 1058121 0 0 0
cpu0 798670 9648 571691 154723448 1445546 0 245521 0 0 0
cpu1 1291318 12409 1539289 153141972 1381218 0 301458 0 0 0
cpu2 2982445 15203 605319 153142818 914731 0 240336 0 0 0
cpu3 695681 10761 620820 154675208 1375137 0 270806 0 0 0
intr 13737521809 0 0 3755492 75 0 745388 42539633 0 0 0 10744686 0 0 0 0 0 0 0 0 0 0 0 0 0 0 0 0 0 0 0 0 0 0 0 0 0 0 0 0 0 0 0 0 0 0 0 0 0 0 0 0 55579184 0 0 0 0 0 0 0 0 174995 0 7512767 0 0 0 0 0 0 0 0 0 0 0 575242582 1 0 0 0 0 0 0 0 0 0 0 0 0 0 0 0 0 0 0 0 0 0 0 340749 4206 0 0 0 0 14179393 0 0 0 0 0 0 0 0 0 0 0 0 0 0 0 0 0 0 0 0 0 0 0 0 0 0 0 0 0 0 0 0 0 0 0 0 0 0 0 0 0 0 0 0 0 0 0 0 0 0 0 0 0 0 0 0 0 0 0 0 0 0 0 0 0 0 0 0 0 0 0 0 0 0 0 141800772 0 0 0
ctxt 343790696
btime 1671453272
processes 577999
procs_running 1
procs_blocked 0
softirq 451096320 268020654 34569482 875891 16226637 7511456 0 56031547 41286234 129 26574290

cpu  5768116 48023 3337122 615683642 5116633 0 1058121 0 0 0
cpu0 798670 9648 571691 154723497 1445546 0 245521 0 0 0
cpu1 1291320 12409 1539290 153142018 1381218 0 301458 0 0 0
cpu2 2982445 15203 605319 153142867 914731 0 240336 0 0 0
cpu3 695681 10761 620820 154675258 1375137 0 270806 0 0 0
intr 13737526488 0 0 3755496 75 0 745388 42539665 0 0 0 10744691 0 0 0 0 0 0 0 0 0 0 0 0 0 0 0 0 0 0 0 0 0 0 0 0 0 0 0 0 0 0 0 0 0 0 0 0 0 0 0 0 55583179 0 0 0 0 0 0 0 0 174995 0 7512767 0 0 0 0 0 0 0 0 0 0 0 575242708 1 0 0 0 0 0 0 0 0 0 0 0 0 0 0 0 0 0 0 0 0 0 0 340749 4206 0 0 0 0 14179415 0 0 0 0 0 0 0 0 0 0 0 0 0 0 0 0 0 0 0 0 0 0 0 0 0 0 0 0 0 0 0 0 0 0 0 0 0 0 0 0 0 0 0 0 0 0 0 0 0 0 0 0 0 0 0 0 0 0 0 0 0 0 0 0 0 0 0 0 0 0 0 0 0 0 0 141801265 0 0 0
ctxt 343791694
btime 1671453272
processes 577999
procs_running 1
procs_blocked 0
softirq 451096397 268020654 34569498 875891 16226638 7511456 0 56031565 41286264 129 26574302

cpu  5768118 48023 3337126 615683832 5116633 0 1058121 0 0 0
cpu0 798670 9648 571691 154723546 1445546 0 245521 0 0 0
cpu1 1291320 12409 1539292 153142064 1381218 0 301458 0 0 0
cpu2 2982446 15203 605322 153142914 914731 0 240336 0 0 0
cpu3 695681 10761 620820 154675307 1375137 0 270806 0 0 0
intr 13737531312 0 0 3755501 75 0 745388 42539732 0 0 0 10744696 0 0 0 0 0 0 0 0 0 0 0 0 0 0 0 0 0 0 0 0 0 0 0 0 0 0 0 0 0 0 0 0 0 0 0 0 0 0 0 0 55587209 0 0 0 0 0 0 0 0 174995 0 7512767 0 0 0 0 0 0 0 0 0 0 0 575242862 1 0 0 0 0 0 0 0 0 0 0 0 0 0 0 0 0 0 0 0 0 0 0 340749 4206 0 0 0 0 14179458 0 0 0 0 0 0 0 0 0 0 0 0 0 0 0 0 0 0 0 0 0 0 0 0 0 0 0 0 0 0 0 0 0 0 0 0 0 0 0 0 0 0 0 0 0 0 0 0 0 0 0 0 0 0 0 0 0 0 0 0 0 0 0 0 0 0 0 0 0 0 0 0 0 0 0 141801786 0 0 0
ctxt 343792827
btime 1671453272
processes 577999
procs_running 1
procs_blocked 0
softirq 451096542 268020662 34569522 875891 16226640 7511456 0 56031600 41286303 129 26574339

cpu  5768118 48023 3337127 615684025 5116633 0 1058121 0 0 0
cpu0 798670 9648 571691 154723595 1445546 0 245521 0 0 0
cpu1 1291320 12409 1539294 153142109 1381218 0 301458 0 0 0
cpu2 2982446 15203 605322 153142963 914731 0 240336 0 0 0
cpu3 695682 10761 620820 154675356 1375137 0 270806 0 0 0
intr 13737535998 0 0 3755505 75 0 745388 42539765 0 0 0 10744701 0 0 0 0 0 0 0 0 0 0 0 0 0 0 0 0 0 0 0 0 0 0 0 0 0 0 0 0 0 0 0 0 0 0 0 0 0 0 0 0 55591205 0 0 0 0 0 0 0 0 174995 0 7512767 0 0 0 0 0 0 0 0 0 0 0 575242990 1 0 0 0 0 0 0 0 0 0 0 0 0 0 0 0 0 0 0 0 0 0 0 340749 4206 0 0 0 0 14179488 0 0 0 0 0 0 0 0 0 0 0 0 0 0 0 0 0 0 0 0 0 0 0 0 0 0 0 0 0 0 0 0 0 0 0 0 0 0 0 0 0 0 0 0 0 0 0 0 0 0 0 0 0 0 0 0 0 0 0 0 0 0 0 0 0 0 0 0 0 0 0 0 0 0 0 141802276 0 0 0
ctxt 343793824
btime 1671453272
processes 577999
procs_running 1
procs_blocked 0
softirq 451096621 268020662 34569538 875891 16226642 7511456 0 56031624 41286327 129 26574352

cpu  5768118 48023 3337128 615684219 5116633 0 1058121 0 0 0
cpu0 798670 9648 571691 154723645 1445546 0 245521 0 0 0
cpu1 1291320 12409 1539295 153142155 1381218 0 301458 0 0 0
cpu2 2982446 15203 605322 153143012 914731 0 240336 0 0 0
cpu3 695682 10761 620820 154675406 1375137 0 270806 0 0 0
intr 13737540744 0 0 3755509 75 0 745388 42539800 0 0 0 10744706 0 0 0 0 0 0 0 0 0 0 0 0 0 0 0 0 0 0 0 0 0 0 0 0 0 0 0 0 0 0 0 0 0 0 0 0 0 0 0 0 55595235 0 0 0 0 0 0 0 0 174995 0 7512767 0 0 0 0 0 0 0 0 0 0 0 575243144 1 0 0 0 0 0 0 0 0 0 0 0 0 0 0 0 0 0 0 0 0 0 0 340749 4206 0 0 0 0 14179510 0 0 0 0 0 0 0 0 0 0 0 0 0 0 0 0 0 0 0 0 0 0 0 0 0 0 0 0 0 0 0 0 0 0 0 0 0 0 0 0 0 0 0 0 0 0 0 0 0 0 0 0 0 0 0 0 0 0 0 0 0 0 0 0 0 0 0 0 0 0 0 0 0 0 0 141802772 0 0 0
ctxt 343794844
btime 1671453272
processes 577999
procs_running 1
procs_blocked 0
softirq 451096710 268020670 34569554 875891 16226643 7511456 0 56031648 41286355 129 26574364

cpu  5768118 48023 3337132 615684412 5116633 0 1058121 0 0 0
cpu0 798670 9648 571691 154723694 1445546 0 245521 0 0 0
cpu1 1291320 12409 1539298 153142201 1381218 0 301458 0 0 0
cpu2 2982446 15203 605322 153143062 914731 0 240336 0 0 0
cpu3 695682 10761 620820 154675455 1375137 0 270806 0 0 0
intr 13737545444 0 0 3755513 75 0 745388 42539837 0 0 0 10744711 0 0 0 0 0 0 0 0 0 0 0 0 0 0 0 0 0 0 0 0 0 0 0 0 0 0 0 0 0 0 0 0 0 0 0 0 0 0 0 0 55599231 0 0 0 0 0 0 0 0 174995 0 7512767 0 0 0 0 0 0 0 0 0 0 0 575243272 1 0 0 0 0 0 0 0 0 0 0 0 0 0 0 0 0 0 0 0 0 0 0 340749 4206 0 0 0 0 14179541 0 0 0 0 0 0 0 0 0 0 0 0 0 0 0 0 0 0 0 0 0 0 0 0 0 0 0 0 0 0 0 0 0 0 0 0 0 0 0 0 0 0 0 0 0 0 0 0 0 0 0 0 0 0 0 0 0 0 0 0 0 0 0 0 0 0 0 0 0 0 0 0 0 0 0 141803272 0 0 0
ctxt 343795854
btime 1671453272
processes 577999
procs_running 1
procs_blocked 0
softirq 451096802 268020670 34569572 875891 16226644 7511456 0 56031673 41286391 129 26574376

cpu  5768118 48023 3337133 615684606 5116633 0 1058121 0 0 0
cpu0 798670 9648 571691 154723743 1445546 0 245521 0 0 0
cpu1 1291320 12409 1539299 153142246 1381218 0 301458 0 0 0
cpu2 2982446 15203 605322 153143111 914731 0 240336 0 0 0
cpu3 695682 10761 620820 154675504 1375137 0 270806 0 0 0
intr 13737550185 0 0 3755518 75 0 745388 42539869 0 0 0 10744716 0 0 0 0 0 0 0 0 0 0 0 0 0 0 0 0 0 0 0 0 0 0 0 0 0 0 0 0 0 0 0 0 0 0 0 0 0 0 0 0 55603257 0 0 0 0 0 0 0 0 174995 0 7512767 0 0 0 0 0 0 0 0 0 0 0 575243426 1 0 0 0 0 0 0 0 0 0 0 0 0 0 0 0 0 0 0 0 0 0 0 340749 4206 0 0 0 0 14179563 0 0 0 0 0 0 0 0 0 0 0 0 0 0 0 0 0 0 0 0 0 0 0 0 0 0 0 0 0 0 0 0 0 0 0 0 0 0 0 0 0 0 0 0 0 0 0 0 0 0 0 0 0 0 0 0 0 0 0 0 0 0 0 0 0 0 0 0 0 0 0 0 0 0 0 141803768 0 0 0
ctxt 343796868
btime 1671453272
processes 577999
procs_running 1
procs_blocked 0
softirq 451096886 268020678 34569589 875891 16226645 7511456 0 56031692 41286418 129 26574388

cpu  5768119 48023 3337134 615684800 5116633 0 1058121 0 0 0
cpu0 798670 9648 571691 154723792 1445546 0 245521 0 0 0
cpu1 1291321 12409 1539300 153142292 1381218 0 301458 0 0 0
cpu2 2982446 15203 605322 153143160 914731 0 240336 0 0 0
cpu3 695682 10761 620820 154675554 1375137 0 270806 0 0 0
intr 13737554871 0 0 3755522 75 0 745388 42539899 0 0 0 10744721 0 0 0 0 0 0 0 0 0 0 0 0 0 0 0 0 0 0 0 0 0 0 0 0 0 0 0 0 0 0 0 0 0 0 0 0 0 0 0 0 55607258 0 0 0 0 0 0 0 0 174995 0 7512767 0 0 0 0 0 0 0 0 0 0 0 575243554 1 0 0 0 0 0 0 0 0 0 0 0 0 0 0 0 0 0 0 0 0 0 0 340749 4206 0 0 0 0 14179585 0 0 0 0 0 0 0 0 0 0 0 0 0 0 0 0 0 0 0 0 0 0 0 0 0 0 0 0 0 0 0 0 0 0 0 0 0 0 0 0 0 0 0 0 0 0 0 0 0 0 0 0 0 0 0 0 0 0 0 0 0 0 0 0 0 0 0 0 0 0 0 0 0 0 0 141804264 0 0 0
ctxt 343797866
btime 1671453272
processes 577999
procs_running 1
procs_blocked 0
softirq 451096965 268020678 34569607 875892 16226646 7511456 0 56031710 41286446 129 26574401

cpu  5768120 48023 3337140 615684990 5116633 0 1058122 0 0 0
cpu0 798670 9648 571691 154723841 1445546 0 245521 0 0 0
cpu1 1291321 12409 1539303 153142338 1381218 0 301458 0 0 0
cpu2 2982446 15203 605324 153143207 914731 0 240336 0 0 0
cpu3 695682 10761 620820 154675603 1375137 0 270806 0 0 0
intr 13737559694 0 0 3755528 75 0 745388 42539965 0 0 0 10744726 0 0 0 0 0 0 0 0 0 0 0 0 0 0 0 0 0 0 0 0 0 0 0 0 0 0 0 0 0 0 0 0 0 0 0 0 0 0 0 0 55611277 0 0 0 0 0 0 0 0 174995 0 7512767 0 0 0 0 0 0 0 0 0 0 0 575243708 1 0 0 0 0 0 0 0 0 0 0 0 0 0 0 0 0 0 0 0 0 0 0 340749 4206 0 0 0 0 14179634 0 0 0 0 0 0 0 0 0 0 0 0 0 0 0 0 0 0 0 0 0 0 0 0 0 0 0 0 0 0 0 0 0 0 0 0 0 0 0 0 0 0 0 0 0 0 0 0 0 0 0 0 0 0 0 0 0 0 0 0 0 0 0 0 0 0 0 0 0 0 0 0 0 0 0 141804789 0 0 0
ctxt 343799022
btime 1671453272
processes 577999
procs_running 1
procs_blocked 0
softirq 451097107 268020686 34569629 875892 16226649 7511456 0 56031752 41286488 129 26574426

cpu  5768120 48023 3337142 615685184 5116633 0 1058122 0 0 0
cpu0 798670 9648 571692 154723890 1445546 0 245521 0 0 0
cpu1 1291321 12409 1539304 153142383 1381218 0 301458 0 0 0
cpu2 2982446 15203 605324 153143256 914731 0 240336 0 0 0
cpu3 695682 10761 620820 154675652 1375137 0 270806 0 0 0
intr 13737564380 0 0 3755532 75 0 745388 42539992 0 0 0 10744731 0 0 0 0 0 0 0 0 0 0 0 0 0 0 0 0 0 0 0 0 0 0 0 0 0 0 0 0 0 0 0 0 0 0 0 0 0 0 0 0 55615282 0 0 0 0 0 0 0 0 174995 0 7512767 0 0 0 0 0 0 0 0 0 0 0 575243836 1 0 0 0 0 0 0 0 0 0 0 0 0 0 0 0 0 0 0 0 0 0 0 340749 4206 0 0 0 0 14179656 0 0 0 0 0 0 0 0 0 0 0 0 0 0 0 0 0 0 0 0 0 0 0 0 0 0 0 0 0 0 0 0 0 0 0 0 0 0 0 0 0 0 0 0 0 0 0 0 0 0 0 0 0 0 0 0 0 0 0 0 0 0 0 0 0 0 0 0 0 0 0 0 0 0 0 141805284 0 0 0
ctxt 343800013
btime 1671453272
processes 577999
procs_running 1
procs_blocked 0
softirq 451097179 268020686 34569643 875892 16226650 7511456 0 56031770 41286515 129 26574438

cpu  5768120 48023 3337143 615685377 5116633 0 1058122 0 0 0
cpu0 798670 9648 571692 154723939 1445546 0 245521 0 0 0
cpu1 1291321 12409 1539305 153142429 1381218 0 301458 0 0 0
cpu2 2982446 15203 605324 153143305 914731 0 240336 0 0 0
cpu3 695682 10761 620820 154675702 1375137 0 270806 0 0 0
intr 13737569123 0 0 3755537 75 0 745388 42540027 0 0 0 10744736 0 0 0 0 0 0 0 0 0 0 0 0 0 0 0 0 0 0 0 0 0 0 0 0 0 0 0 0 0 0 0 0 0 0 0 0 0 0 0 0 55619303 0 0 0 0 0 0 0 0 174995 0 7512767 0 0 0 0 0 0 0 0 0 0 0 575243990 1 0 0 0 0 0 0 0 0 0 0 0 0 0 0 0 0 0 0 0 0 0 0 340749 4206 0 0 0 0 14179678 0 0 0 0 0 0 0 0 0 0 0 0 0 0 0 0 0 0 0 0 0 0 0 0 0 0 0 0 0 0 0 0 0 0 0 0 0 0 0 0 0 0 0 0 0 0 0 0 0 0 0 0 0 0 0 0 0 0 0 0 0 0 0 0 0 0 0 0 0 0 0 0 0 0 0 141805784 0 0 0
ctxt 343801035
btime 1671453272
processes 577999
procs_running 1
procs_blocked 0
softirq 451097268 268020694 34569660 875892 16226651 7511456 0 56031791 41286545 129 26574450

cpu  5768120 48023 3337144 615685571 5116633 0 1058122 0 0 0
cpu0 798670 9648 571692 154723989 1445546 0 245521 0 0 0
cpu1 1291322 12409 1539306 153142475 1381218 0 301458 0 0 0
cpu2 2982446 15203 605324 153143355 914731 0 240336 0 0 0
cpu3 695682 10761 620820 154675751 1375137 0 270806 0 0 0
intr 13737573805 0 0 3755541 75 0 745388 42540053 0 0 0 10744741 0 0 0 0 0 0 0 0 0 0 0 0 0 0 0 0 0 0 0 0 0 0 0 0 0 0 0 0 0 0 0 0 0 0 0 0 0 0 0 0 55623307 0 0 0 0 0 0 0 0 174995 0 7512767 0 0 0 0 0 0 0 0 0 0 0 575244118 1 0 0 0 0 0 0 0 0 0 0 0 0 0 0 0 0 0 0 0 0 0 0 340749 4206 0 0 0 0 14179700 0 0 0 0 0 0 0 0 0 0 0 0 0 0 0 0 0 0 0 0 0 0 0 0 0 0 0 0 0 0 0 0 0 0 0 0 0 0 0 0 0 0 0 0 0 0 0 0 0 0 0 0 0 0 0 0 0 0 0 0 0 0 0 0 0 0 0 0 0 0 0 0 0 0 0 141806278 0 0 0
ctxt 343802029
btime 1671453272
processes 577999
procs_running 1
procs_blocked 0
softirq 451097342 268020694 34569677 875892 16226652 7511456 0 56031809 41286573 129 26574460

cpu  5768120 48023 3337148 615685764 5116633 0 1058122 0 0 0
cpu0 798670 9648 571692 154724038 1445546 0 245521 0 0 0
cpu1 1291322 12409 1539310 153142520 1381218 0 301458 0 0 0
cpu2 2982446 15203 605324 153143404 914731 0 240336 0 0 0
cpu3 695682 10761 620820 154675800 1375137 0 270806 0 0 0
intr 13737578542 0 0 3755545 75 0 745388 42540086 0 0 0 10744746 0 0 0 0 0 0 0 0 0 0 0 0 0 0 0 0 0 0 0 0 0 0 0 0 0 0 0 0 0 0 0 0 0 0 0 0 0 0 0 0 55627327 0 0 0 0 0 0 0 0 174995 0 7512767 0 0 0 0 0 0 0 0 0 0 0 575244272 1 0 0 0 0 0 0 0 0 0 0 0 0 0 0 0 0 0 0 0 0 0 0 340749 4206 0 0 0 0 14179722 0 0 0 0 0 0 0 0 0 0 0 0 0 0 0 0 0 0 0 0 0 0 0 0 0 0 0 0 0 0 0 0 0 0 0 0 0 0 0 0 0 0 0 0 0 0 0 0 0 0 0 0 0 0 0 0 0 0 0 0 0 0 0 0 0 0 0 0 0 0 0 0 0 0 0 141806776 0 0 0
ctxt 343803044
btime 1671453272
processes 577999
procs_running 1
procs_blocked 0
softirq 451097432 268020702 34569695 875892 16226653 7511456 0 56031829 41286605 129 26574471

cpu  5768121 48023 3337150 615685958 5116633 0 1058122 0 0 0
cpu0 798670 9648 571693 154724087 1445546 0 245521 0 0 0
cpu1 1291322 12409 1539312 153142566 1381218 0 301458 0 0 0
cpu2 2982446 15203 605324 153143453 914731 0 240336 0 0 0
cpu3 695682 10761 620820 154675850 1375137 0 270806 0 0 0
intr 13737583213 0 0 3755549 75 0 745388 42540112 0 0 0 10744751 0 0 0 0 0 0 0 0 0 0 0 0 0 0 0 0 0 0 0 0 0 0 0 0 0 0 0 0 0 0 0 0 0 0 0 0 0 0 0 0 55631323 0 0 0 0 0 0 0 0 174995 0 7512767 0 0 0 0 0 0 0 0 0 0 0 575244400 1 0 0 0 0 0 0 0 0 0 0 0 0 0 0 0 0 0 0 0 0 0 0 340749 4206 0 0 0 0 14179744 0 0 0 0 0 0 0 0 0 0 0 0 0 0 0 0 0 0 0 0 0 0 0 0 0 0 0 0 0 0 0 0 0 0 0 0 0 0 0 0 0 0 0 0 0 0 0 0 0 0 0 0 0 0 0 0 0 0 0 0 0 0 0 0 0 0 0 0 0 0 0 0 0 0 0 141807266 0 0 0
ctxt 343804032
btime 1671453272
processes 577999
procs_running 1
procs_blocked 0
softirq 451097503 268020702 34569710 875892 16226654 7511456 0 56031847 41286631 129 26574482

cpu  5768122 48023 3337154 615686148 5116633 0 1058122 0 0 0
cpu0 798670 9648 571693 154724136 1445546 0 245521 0 0 0
cpu1 1291322 12409 1539314 153142612 1381218 0 301458 0 0 0
cpu2 2982447 15203 605326 153143500 914731 0 240336 0 0 0
cpu3 695682 10761 620820 154675899 1375137 0 270806 0 0 0
intr 13737588036 0 0 3755556 75 0 745388 42540171 0 0 0 10744756 0 0 0 0 0 0 0 0 0 0 0 0 0 0 0 0 0 0 0 0 0 0 0 0 0 0 0 0 0 0 0 0 0 0 0 0 0 0 0 0 55635352 0 0 0 0 0 0 0 0 174995 0 7512767 0 0 0 0 0 0 0 0 0 0 0 575244554 1 0 0 0 0 0 0 0 0 0 0 0 0 0 0 0 0 0 0 0 0 0 0 340749 4206 0 0 0 0 14179788 0 0 0 0 0 0 0 0 0 0 0 0 0 0 0 0 0 0 0 0 0 0 0 0 0 0 0 0 0 0 0 0 0 0 0 0 0 0 0 0 0 0 0 0 0 0 0 0 0 0 0 0 0 0 0 0 0 0 0 0 0 0 0 0 0 0 0 0 0 0 0 0 0 0 0 141807790 0 0 0
ctxt 343805130
btime 1671453272
processes 577999
procs_running 1
procs_blocked 0
softirq 451097660 268020710 34569740 875892 16226656 7511456 0 56031884 41286669 129 26574524

cpu  5768122 48023 3337157 615686342 5116633 0 1058122 0 0 0
cpu0 798670 9648 571693 154724185 1445546 0 245521 0 0 0
cpu1 1291323 12409 1539316 153142657 1381218 0 301458 0 0 0
cpu2 2982447 15203 605326 153143549 914731 0 240336 0 0 0
cpu3 695682 10761 620820 154675949 1375137 0 270806 0 0 0
intr 13737592723 0 0 3755564 75 0 745388 42540201 0 0 0 10744761 0 0 0 0 0 0 0 0 0 0 0 0 0 0 0 0 0 0 0 0 0 0 0 0 0 0 0 0 0 0 0 0 0 0 0 0 0 0 0 0 55639348 0 0 0 0 0 0 0 0 174995 0 7512767 0 0 0 0 0 0 0 0 0 0 0 575244682 1 0 0 0 0 0 0 0 0 0 0 0 0 0 0 0 0 0 0 0 0 0 0 340749 4206 0 0 0 0 14179810 0 0 0 0 0 0 0 0 0 0 0 0 0 0 0 0 0 0 0 0 0 0 0 0 0 0 0 0 0 0 0 0 0 0 0 0 0 0 0 0 0 0 0 0 0 0 0 0 0 0 0 0 0 0 0 0 0 0 0 0 0 0 0 0 0 0 0 0 0 0 0 0 0 0 0 141808290 0 0 0
ctxt 343806127
btime 1671453272
processes 577999
procs_running 2
procs_blocked 0
softirq 451097737 268020710 34569756 875892 16226657 7511456 0 56031902 41286700 129 26574535

cpu  5768124 48023 3337159 615686535 5116633 0 1058122 0 0 0
cpu0 798670 9648 571694 154724235 1445546 0 245521 0 0 0
cpu1 1291324 12409 1539318 153142703 1381218 0 301458 0 0 0
cpu2 2982447 15203 605327 153143598 914731 0 240336 0 0 0
cpu3 695682 10761 620820 154675998 1375137 0 270806 0 0 0
intr 13737597466 0 0 3755568 75 0 745388 42540234 0 0 0 10744766 0 0 0 0 0 0 0 0 0 0 0 0 0 0 0 0 0 0 0 0 0 0 0 0 0 0 0 0 0 0 0 0 0 0 0 0 0 0 0 0 55643377 0 0 0 0 0 0 0 0 174995 0 7512767 0 0 0 0 0 0 0 0 0 0 0 575244836 1 0 0 0 0 0 0 0 0 0 0 0 0 0 0 0 0 0 0 0 0 0 0 340749 4206 0 0 0 0 14179832 0 0 0 0 0 0 0 0 0 0 0 0 0 0 0 0 0 0 0 0 0 0 0 0 0 0 0 0 0 0 0 0 0 0 0 0 0 0 0 0 0 0 0 0 0 0 0 0 0 0 0 0 0 0 0 0 0 0 0 0 0 0 0 0 0 0 0 0 0 0 0 0 0 0 0 141808785 0 0 0
ctxt 343807149
btime 1671453272
processes 577999
procs_running 1
procs_blocked 0
softirq 451097826 268020718 34569773 875893 16226658 7511456 0 56031922 41286731 129 26574546

cpu  5768124 48023 3337163 615686729 5116633 0 1058122 0 0 0
cpu0 798670 9648 571694 154724284 1445546 0 245521 0 0 0
cpu1 1291324 12409 1539321 153142748 1381218 0 301458 0 0 0
cpu2 2982447 15203 605327 153143648 914731 0 240336 0 0 0
cpu3 695682 10761 620820 154676047 1375137 0 270806 0 0 0
intr 13737602153 0 0 3755572 75 0 745388 42540262 0 0 0 10744771 0 0 0 0 0 0 0 0 0 0 0 0 0 0 0 0 0 0 0 0 0 0 0 0 0 0 0 0 0 0 0 0 0 0 0 0 0 0 0 0 55647374 0 0 0 0 0 0 0 0 174995 0 7512767 0 0 0 0 0 0 0 0 0 0 0 575244964 1 0 0 0 0 0 0 0 0 0 0 0 0 0 0 0 0 0 0 0 0 0 0 340749 4206 0 0 0 0 14179854 0 0 0 0 0 0 0 0 0 0 0 0 0 0 0 0 0 0 0 0 0 0 0 0 0 0 0 0 0 0 0 0 0 0 0 0 0 0 0 0 0 0 0 0 0 0 0 0 0 0 0 0 0 0 0 0 0 0 0 0 0 0 0 0 0 0 0 0 0 0 0 0 0 0 0 141809288 0 0 0
ctxt 343808146
btime 1671453272
processes 577999
procs_running 1
procs_blocked 0
softirq 451097906 268020718 34569788 875893 16226659 7511456 0 56031940 41286764 129 26574559

cpu  5768124 48023 3337166 615686922 5116633 0 1058122 0 0 0
cpu0 798670 9648 571695 154724333 1445546 0 245521 0 0 0
cpu1 1291324 12409 1539323 153142794 1381218 0 301458 0 0 0
cpu2 2982447 15203 605327 153143697 914731 0 240336 0 0 0
cpu3 695682 10761 620820 154676097 1375137 0 270806 0 0 0
intr 13737606904 0 0 3755577 75 0 745388 42540299 0 0 0 10744776 0 0 0 0 0 0 0 0 0 0 0 0 0 0 0 0 0 0 0 0 0 0 0 0 0 0 0 0 0 0 0 0 0 0 0 0 0 0 0 0 55651402 0 0 0 0 0 0 0 0 174995 0 7512767 0 0 0 0 0 0 0 0 0 0 0 575245118 1 0 0 0 0 0 0 0 0 0 0 0 0 0 0 0 0 0 0 0 0 0 0 340749 4206 0 0 0 0 14179876 0 0 0 0 0 0 0 0 0 0 0 0 0 0 0 0 0 0 0 0 0 0 0 0 0 0 0 0 0 0 0 0 0 0 0 0 0 0 0 0 0 0 0 0 0 0 0 0 0 0 0 0 0 0 0 0 0 0 0 0 0 0 0 0 0 0 0 0 0 0 0 0 0 0 0 141809788 0 0 0
ctxt 343809175
btime 1671453272
processes 577999
procs_running 1
procs_blocked 0
softirq 451097996 268020726 34569807 875893 16226660 7511456 0 56031959 41286795 129 26574571

cpu  5768124 48023 3337168 615687116 5116633 0 1058122 0 0 0
cpu0 798670 9648 571696 154724382 1445546 0 245521 0 0 0
cpu1 1291325 12409 1539324 153142840 1381218 0 301458 0 0 0
cpu2 2982447 15203 605327 153143746 914731 0 240336 0 0 0
cpu3 695682 10761 620820 154676146 1375137 0 270806 0 0 0
intr 13737611592 0 0 3755581 75 0 745388 42540329 0 0 0 10744781 0 0 0 0 0 0 0 0 0 0 0 0 0 0 0 0 0 0 0 0 0 0 0 0 0 0 0 0 0 0 0 0 0 0 0 0 0 0 0 0 55655402 0 0 0 0 0 0 0 0 174995 0 7512767 0 0 0 0 0 0 0 0 0 0 0 575245246 1 0 0 0 0 0 0 0 0 0 0 0 0 0 0 0 0 0 0 0 0 0 0 340749 4206 0 0 0 0 14179898 0 0 0 0 0 0 0 0 0 0 0 0 0 0 0 0 0 0 0 0 0 0 0 0 0 0 0 0 0 0 0 0 0 0 0 0 0 0 0 0 0 0 0 0 0 0 0 0 0 0 0 0 0 0 0 0 0 0 0 0 0 0 0 0 0 0 0 0 0 0 0 0 0 0 0 141810287 0 0 0
ctxt 343810180
btime 1671453272
processes 577999
procs_running 1
procs_blocked 0
softirq 451098078 268020726 34569824 875893 16226661 7511456 0 56031977 41286826 129 26574586

cpu  5768126 48023 3337173 615687306 5116633 0 1058122 0 0 0
cpu0 798670 9648 571697 154724431 1445546 0 245521 0 0 0
cpu1 1291325 12409 1539326 153142886 1381218 0 301458 0 0 0
cpu2 2982448 15203 605329 153143793 914731 0 240336 0 0 0
cpu3 695682 10761 620820 154676195 1375137 0 270806 0 0 0
intr 13737616415 0 0 3755591 75 0 745388 42540390 0 0 0 10744785 0 0 0 0 0 0 0 0 0 0 0 0 0 0 0 0 0 0 0 0 0 0 0 0 0 0 0 0 0 0 0 0 0 0 0 0 0 0 0 0 55659422 0 0 0 0 0 0 0 0 174995 0 7512767 0 0 0 0 0 0 0 0 0 0 0 575245400 1 0 0 0 0 0 0 0 0 0 0 0 0 0 0 0 0 0 0 0 0 0 0 340749 4206 0 0 0 0 14179942 0 0 0 0 0 0 0 0 0 0 0 0 0 0 0 0 0 0 0 0 0 0 0 0 0 0 0 0 0 0 0 0 0 0 0 0 0 0 0 0 0 0 0 0 0 0 0 0 0 0 0 0 0 0 0 0 0 0 0 0 0 0 0 0 0 0 0 0 0 0 0 0 0 0 0 141810818 0 0 0
ctxt 343811287
btime 1671453272
processes 577999
procs_running 1
procs_blocked 0
softirq 451098224 268020734 34569849 875893 16226663 7511456 0 56032014 41286866 129 26574620

cpu  5768126 48023 3337176 615687500 5116633 0 1058122 0 0 0
cpu0 798670 9648 571697 154724480 1445546 0 245521 0 0 0
cpu1 1291325 12409 1539329 153142932 1381218 0 301458 0 0 0
cpu2 2982448 15203 605329 153143842 914731 0 240336 0 0 0
cpu3 695682 10761 620820 154676245 1375137 0 270806 0 0 0
intr 13737621093 0 0 3755591 75 0 745388 42540416 0 0 0 10744790 0 0 0 0 0 0 0 0 0 0 0 0 0 0 0 0 0 0 0 0 0 0 0 0 0 0 0 0 0 0 0 0 0 0 0 0 0 0 0 0 55663426 0 0 0 0 0 0 0 0 174995 0 7512767 0 0 0 0 0 0 0 0 0 0 0 575245528 1 0 0 0 0 0 0 0 0 0 0 0 0 0 0 0 0 0 0 0 0 0 0 340749 4206 0 0 0 0 14179964 0 0 0 0 0 0 0 0 0 0 0 0 0 0 0 0 0 0 0 0 0 0 0 0 0 0 0 0 0 0 0 0 0 0 0 0 0 0 0 0 0 0 0 0 0 0 0 0 0 0 0 0 0 0 0 0 0 0 0 0 0 0 0 0 0 0 0 0 0 0 0 0 0 0 0 141811310 0 0 0
ctxt 343812283
btime 1671453272
processes 577999
procs_running 1
procs_blocked 0
softirq 451098299 268020734 34569864 875893 16226664 7511456 0 56032032 41286895 129 26574632

cpu  5768126 48023 3337179 615687665 5116633 0 1058150 0 0 0
cpu0 798670 9648 571698 154724528 1445546 0 245521 0 0 0
cpu1 1291325 12409 1539331 153142959 1381218 0 301478 0 0 0
cpu2 2982448 15203 605329 153143891 914731 0 240336 0 0 0
cpu3 695682 10761 620820 154676286 1375137 0 270814 0 0 0
intr 13737626720 0 0 3755592 75 0 745388 42540448 0 0 0 10744794 0 0 0 0 0 0 0 0 0 0 0 0 0 0 0 0 0 0 0 0 0 0 0 0 0 0 0 0 0 0 0 0 0 0 0 0 0 0 0 0 55667932 0 0 0 0 0 0 0 0 174995 0 7512767 0 0 0 0 0 0 0 0 0 0 0 575246201 1 0 0 0 0 0 0 0 0 0 0 0 0 0 0 0 0 0 0 0 0 0 0 340749 4206 0 0 0 0 14179986 0 0 0 0 0 0 0 0 0 0 0 0 0 0 0 0 0 0 0 0 0 0 0 0 0 0 0 0 0 0 0 0 0 0 0 0 0 0 0 0 0 0 0 0 0 0 0 0 0 0 0 0 0 0 0 0 0 0 0 0 0 0 0 0 0 0 0 0 0 0 0 0 0 0 0 141811698 0 0 0
ctxt 343812948
btime 1671453272
processes 577999
procs_running 4
procs_blocked 0
softirq 451099034 268021367 34569881 875894 16226672 7511456 0 56032064 41286927 129 26574644

cpu  5768127 48023 3337180 615687791 5116647 0 1058203 0 0 0
cpu0 798670 9648 571698 154724575 1445546 0 245522 0 0 0
cpu1 1291325 12409 1539331 153142959 1381218 0 301528 0 0 0
cpu2 2982448 15203 605329 153143938 914731 0 240337 0 0 0
cpu3 695682 10761 620822 154676317 1375151 0 270815 0 0 0
intr 13737633454 0 0 3755596 75 0 745389 42540511 0 0 0 10744795 0 0 0 0 0 0 0 0 0 0 0 0 0 0 0 0 0 0 0 0 0 0 0 0 0 0 0 0 0 0 0 0 0 0 0 0 0 0 0 0 55672983 0 0 0 0 0 0 0 0 174995 0 7512775 0 0 0 0 0 0 0 0 0 0 0 575247447 1 0 0 0 0 0 0 0 0 0 0 0 0 0 0 0 0 0 0 0 0 0 0 340756 4206 0 0 0 0 14180008 0 0 0 0 0 0 0 0 0 0 0 0 0 0 0 0 0 0 0 0 0 0 0 0 0 0 0 0 0 0 0 0 0 0 0 0 0 0 0 0 0 0 0 0 0 0 0 0 0 0 0 0 0 0 0 0 0 0 0 0 0 0 0 0 0 0 0 0 0 0 0 0 0 0 0 141812030 0 0 0
ctxt 343813267
btime 1671453272
processes 578000
procs_running 3
procs_blocked 1
softirq 451101737 268023862 34569951 875899 16226683 7511463 0 56032115 41286965 129 26574670

cpu  5768128 48023 3337181 615687884 5116694 0 1058255 0 0 0
cpu0 798670 9648 571698 154724622 1445546 0 245523 0 0 0
cpu1 1291326 12409 1539331 153142959 1381218 0 301578 0 0 0
cpu2 2982449 15203 605329 153143952 914763 0 240338 0 0 0
cpu3 695682 10761 620822 154676350 1375165 0 270816 0 0 0
intr 13737639986 0 0 3755596 75 0 745389 42540571 0 0 0 10744795 0 0 0 0 0 0 0 0 0 0 0 0 0 0 0 0 0 0 0 0 0 0 0 0 0 0 0 0 0 0 0 0 0 0 0 0 0 0 0 0 55677974 0 0 0 0 0 0 0 0 174995 0 7512783 0 0 0 0 0 0 0 0 0 0 0 575248637 1 0 0 0 0 0 0 0 0 0 0 0 0 0 0 0 0 0 0 0 0 0 0 340765 4206 0 0 0 0 14180030 0 0 0 0 0 0 0 0 0 0 0 0 0 0 0 0 0 0 0 0 0 0 0 0 0 0 0 0 0 0 0 0 0 0 0 0 0 0 0 0 0 0 0 0 0 0 0 0 0 0 0 0 0 0 0 0 0 0 0 0 0 0 0 0 0 0 0 0 0 0 0 0 0 0 0 141812284 0 0 0
ctxt 343813516
btime 1671453272
processes 578000
procs_running 3
procs_blocked 1
softirq 451104301 268026236 34569991 875904 16226694 7511472 0 56032180 41287004 129 26574691

cpu  5768128 48023 3337182 615687989 5116729 0 1058308 0 0 0
cpu0 798670 9648 571698 154724669 1445546 0 245523 0 0 0
cpu1 1291326 12409 1539331 153142959 1381218 0 301628 0 0 0
cpu2 2982449 15203 605329 153143998 914764 0 240339 0 0 0
cpu3 695682 10761 620823 154676361 1375200 0 270817 0 0 0
intr 13737646599 0 0 3755596 75 0 745389 42540615 0 0 0 10744795 0 0 0 0 0 0 0 0 0 0 0 0 0 0 0 0 0 0 0 0 0 0 0 0 0 0 0 0 0 0 0 0 0 0 0 0 0 0 0 0 55682991 0 0 0 0 0 0 0 0 174995 0 7512788 0 0 0 0 0 0 0 0 0 0 0 575249839 1 0 0 0 0 0 0 0 0 0 0 0 0 0 0 0 0 0 0 0 0 0 0 340770 4206 0 0 0 0 14180042 0 0 0 0 0 0 0 0 0 0 0 0 0 0 0 0 0 0 0 0 0 0 0 0 0 0 0 0 0 0 0 0 0 0 0 0 0 0 0 0 0 0 0 0 0 0 0 0 0 0 0 0 0 0 0 0 0 0 0 0 0 0 0 0 0 0 0 0 0 0 0 0 0 0 0 141812610 0 0 0
ctxt 343813776
btime 1671453272
processes 578000
procs_running 4
procs_blocked 0
softirq 451107114 268028874 34570052 875908 16226702 7511477 0 56032232 41287025 129 26574715

cpu  5768129 48023 3337186 615688126 5116729 0 1058359 0 0 0
cpu0 798671 9648 571698 154724716 1445546 0 245523 0 0 0
cpu1 1291326 12409 1539331 153142959 1381218 0 301678 0 0 0
cpu2 2982449 15203 605333 153144041 914764 0 240340 0 0 0
cpu3 695682 10761 620823 154676409 1375200 0 270817 0 0 0
intr 13737653255 0 0 3755596 75 0 745389 42540677 0 0 0 10744795 0 0 0 0 0 0 0 0 0 0 0 0 0 0 0 0 0 0 0 0 0 0 0 0 0 0 0 0 0 0 0 0 0 0 0 0 0 0 0 0 55688030 0 0 0 0 0 0 0 0 174996 0 7512788 0 0 0 0 0 0 0 0 0 0 0 575251050 1 0 0 0 0 0 0 0 0 0 0 0 0 0 0 0 0 0 0 0 0 0 0 340770 4206 0 0 0 0 14180086 0 0 0 0 0 0 0 0 0 0 0 0 0 0 0 0 0 0 0 0 0 0 0 0 0 0 0 0 0 0 0 0 0 0 0 0 0 0 0 0 0 0 0 0 0 0 0 0 0 0 0 0 0 0 0 0 0 0 0 0 0 0 0 0 0 0 0 0 0 0 0 0 0 0 0 141812909 0 0 0
ctxt 343814066
btime 1671453272
processes 578000
procs_running 4
procs_blocked 0
softirq 451108961 268030495 34570125 875912 16226716 7511477 0 56032310 41287056 129 26574741

cpu  5768129 48023 3337186 615688267 5116729 0 1058412 0 0 0
cpu0 798671 9648 571698 154724763 1445546 0 245524 0 0 0
cpu1 1291326 12409 1539331 153142959 1381218 0 301728 0 0 0
cpu2 2982449 15203 605333 153144088 914764 0 240341 0 0 0
cpu3 695682 10761 620823 154676456 1375200 0 270818 0 0 0
intr 13737659592 0 0 3755597 75 0 745389 42540721 0 0 0 10744795 0 0 0 0 0 0 0 0 0 0 0 0 0 0 0 0 0 0 0 0 0 0 0 0 0 0 0 0 0 0 0 0 0 0 0 0 0 0 0 0 55692929 0 0 0 0 0 0 0 0 174996 0 7512788 0 0 0 0 0 0 0 0 0 0 0 575252117 1 0 0 0 0 0 0 0 0 0 0 0 0 0 0 0 0 0 0 0 0 0 0 340770 4206 0 0 0 0 14180108 0 0 0 0 0 0 0 0 0 0 0 0 0 0 0 0 0 0 0 0 0 0 0 0 0 0 0 0 0 0 0 0 0 0 0 0 0 0 0 0 0 0 0 0 0 0 0 0 0 0 0 0 0 0 0 0 0 0 0 0 0 0 0 0 0 0 0 0 0 0 0 0 0 0 0 141813213 0 0 0
ctxt 343814279
btime 1671453272
processes 578000
procs_running 4
procs_blocked 0
softirq 451111171 268032556 34570181 875917 16226725 7511477 0 56032346 41287082 129 26574758

cpu  5768129 48023 3337187 615688409 5116729 0 1058464 0 0 0
cpu0 798671 9648 571699 154724810 1445546 0 245524 0 0 0
cpu1 1291326 12409 1539331 153142959 1381218 0 301778 0 0 0
cpu2 2982449 15203 605333 153144135 914764 0 240343 0 0 0
cpu3 695682 10761 620823 154676503 1375200 0 270818 0 0 0
intr 13737665908 0 0 3755597 75 0 745389 42540758 0 0 0 10744795 0 0 0 0 0 0 0 0 0 0 0 0 0 0 0 0 0 0 0 0 0 0 0 0 0 0 0 0 0 0 0 0 0 0 0 0 0 0 0 0 55697811 0 0 0 0 0 0 0 0 174996 0 7512788 0 0 0 0 0 0 0 0 0 0 0 575253189 1 0 0 0 0 0 0 0 0 0 0 0 0 0 0 0 0 0 0 0 0 0 0 340770 4206 0 0 0 0 14180130 0 0 0 0 0 0 0 0 0 0 0 0 0 0 0 0 0 0 0 0 0 0 0 0 0 0 0 0 0 0 0 0 0 0 0 0 0 0 0 0 0 0 0 0 0 0 0 0 0 0 0 0 0 0 0 0 0 0 0 0 0 0 0 0 0 0 0 0 0 0 0 0 0 0 0 141813516 0 0 0
ctxt 343814474
btime 1671453272
processes 578000
procs_running 4
procs_blocked 0
softirq 451113808 268035036 34570238 875921 16226734 7511477 0 56032389 41287108 129 26574776

cpu  5768129 48023 3337188 615688552 5116729 0 1058516 0 0 0
cpu0 798672 9648 571699 154724858 1445546 0 245525 0 0 0
cpu1 1291326 12409 1539331 153142959 1381218 0 301828 0 0 0
cpu2 2982449 15203 605334 153144182 914764 0 240344 0 0 0
cpu3 695682 10761 620823 154676551 1375200 0 270818 0 0 0
intr 13737672302 0 0 3755597 75 0 745389 42540797 0 0 0 10744795 0 0 0 0 0 0 0 0 0 0 0 0 0 0 0 0 0 0 0 0 0 0 0 0 0 0 0 0 0 0 0 0 0 0 0 0 0 0 0 0 55702767 0 0 0 0 0 0 0 0 174996 0 7512788 0 0 0 0 0 0 0 0 0 0 0 575254307 1 0 0 0 0 0 0 0 0 0 0 0 0 0 0 0 0 0 0 0 0 0 0 340770 4206 0 0 0 0 14180147 0 0 0 0 0 0 0 0 0 0 0 0 0 0 0 0 0 0 0 0 0 0 0 0 0 0 0 0 0 0 0 0 0 0 0 0 0 0 0 0 0 0 0 0 0 0 0 0 0 0 0 0 0 0 0 0 0 0 0 0 0 0 0 0 0 0 0 0 0 0 0 0 0 0 0 141813780 0 0 0
ctxt 343814661
btime 1671453272
processes 578000
procs_running 3
procs_blocked 0
softirq 451115912 268036991 34570285 875926 16226744 7511477 0 56032431 41287135 129 26574794

cpu  5768130 48023 3337188 615688693 5116729 0 1058568 0 0 0
cpu0 798672 9648 571699 154724905 1445546 0 245526 0 0 0
cpu1 1291326 12409 1539331 153142959 1381218 0 301878 0 0 0
cpu2 2982449 15203 605334 153144229 914764 0 240345 0 0 0
cpu3 695682 10761 620823 154676598 1375200 0 270818 0 0 0
intr 13737678789 0 0 3755597 75 0 745389 42540833 0 0 0 10744795 0 0 0 0 0 0 0 0 0 0 0 0 0 0 0 0 0 0 0 0 0 0 0 0 0 0 0 0 0 0 0 0 0 0 0 0 0 0 0 0 55707755 0 0 0 0 0 0 0 0 174996 0 7512788 0 0 0 0 0 0 0 0 0 0 0 575255489 1 0 0 0 0 0 0 0 0 0 0 0 0 0 0 0 0 0 0 0 0 0 0 340770 4206 0 0 0 0 14180169 0 0 0 0 0 0 0 0 0 0 0 0 0 0 0 0 0 0 0 0 0 0 0 0 0 0 0 0 0 0 0 0 0 0 0 0 0 0 0 0 0 0 0 0 0 0 0 0 0 0 0 0 0 0 0 0 0 0 0 0 0 0 0 0 0 0 0 0 0 0 0 0 0 0 0 141814039 0 0 0
ctxt 343814839
btime 1671453272
processes 578000
procs_running 3
procs_blocked 0
softirq 451118083 268039025 34570336 875930 16226754 7511477 0 56032460 41287161 129 26574811

cpu  5768130 48023 3337189 615688834 5116729 0 1058620 0 0 0
cpu0 798672 9648 571699 154724953 1445546 0 245526 0 0 0
cpu1 1291326 12409 1539332 153142959 1381218 0 301927 0 0 0
cpu2 2982449 15203 605334 153144275 914764 0 240346 0 0 0
cpu3 695682 10761 620823 154676646 1375200 0 270819 0 0 0
intr 13737685205 0 0 3755597 75 0 745389 42540873 0 0 0 10744795 0 0 0 0 0 0 0 0 0 0 0 0 0 0 0 0 0 0 0 0 0 0 0 0 0 0 0 0 0 0 0 0 0 0 0 0 0 0 0 0 55712712 0 0 0 0 0 0 0 0 174996 0 7512789 0 0 0 0 0 0 0 0 0 0 0 575256621 1 0 0 0 0 0 0 0 0 0 0 0 0 0 0 0 0 0 0 0 0 0 0 340771 4206 0 0 0 0 14180186 0 0 0 0 0 0 0 0 0 0 0 0 0 0 0 0 0 0 0 0 0 0 0 0 0 0 0 0 0 0 0 0 0 0 0 0 0 0 0 0 0 0 0 0 0 0 0 0 0 0 0 0 0 0 0 0 0 0 0 0 0 0 0 0 0 0 0 0 0 0 0 0 0 0 0 141814306 0 0 0
ctxt 343815048
btime 1671453272
processes 578000
procs_running 4
procs_blocked 0
softirq 451120551 268041342 34570388 875934 16226763 7511478 0 56032501 41287185 129 26574831

cpu  5768130 48023 3337193 615688971 5116729 0 1058671 0 0 0
cpu0 798672 9648 571700 154724999 1445546 0 245527 0 0 0
cpu1 1291326 12409 1539332 153142959 1381218 0 301977 0 0 0
cpu2 2982449 15203 605338 153144318 914764 0 240347 0 0 0
cpu3 695682 10761 620823 154676694 1375200 0 270819 0 0 0
intr 13737691811 0 0 3755597 75 0 745389 42540923 0 0 0 10744795 0 0 0 0 0 0 0 0 0 0 0 0 0 0 0 0 0 0 0 0 0 0 0 0 0 0 0 0 0 0 0 0 0 0 0 0 0 0 0 0 55717720 0 0 0 0 0 0 0 0 174996 0 7512789 0 0 0 0 0 0 0 0 0 0 0 575257833 1 0 0 0 0 0 0 0 0 0 0 0 0 0 0 0 0 0 0 0 0 0 0 340771 4206 0 0 0 0 14180215 0 0 0 0 0 0 0 0 0 0 0 0 0 0 0 0 0 0 0 0 0 0 0 0 0 0 0 0 0 0 0 0 0 0 0 0 0 0 0 0 0 0 0 0 0 0 0 0 0 0 0 0 0 0 0 0 0 0 0 0 0 0 0 0 0 0 0 0 0 0 0 0 0 0 0 141814615 0 0 0
ctxt 343815258
btime 1671453272
processes 578000
procs_running 4
procs_blocked 0
softirq 451122888 268043497 34570448 875939 16226774 7511478 0 56032547 41287222 129 26574854

cpu  5768130 48023 3337194 615689114 5116729 0 1058723 0 0 0
cpu0 798672 9648 571700 154725046 1445546 0 245528 0 0 0
cpu1 1291326 12409 1539332 153142959 1381218 0 302027 0 0 0
cpu2 2982449 15203 605338 153144366 914764 0 240348 0 0 0
cpu3 695682 10761 620823 154676741 1375200 0 270819 0 0 0
intr 13737698152 0 0 3755598 75 0 745389 42540974 0 0 0 10744796 0 0 0 0 0 0 0 0 0 0 0 0 0 0 0 0 0 0 0 0 0 0 0 0 0 0 0 0 0 0 0 0 0 0 0 0 0 0 0 0 55722634 0 0 0 0 0 0 0 0 174996 0 7512789 0 0 0 0 0 0 0 0 0 0 0 575258920 1 0 0 0 0 0 0 0 0 0 0 0 0 0 0 0 0 0 0 0 0 0 0 340771 4206 0 0 0 0 14180237 0 0 0 0 0 0 0 0 0 0 0 0 0 0 0 0 0 0 0 0 0 0 0 0 0 0 0 0 0 0 0 0 0 0 0 0 0 0 0 0 0 0 0 0 0 0 0 0 0 0 0 0 0 0 0 0 0 0 0 0 0 0 0 0 0 0 0 0 0 0 0 0 0 0 0 141814879 0 0 0
ctxt 343815441
btime 1671453272
processes 578000
procs_running 3
procs_blocked 0
softirq 451124469 268044941 34570496 875943 16226783 7511478 0 56032584 41287246 129 26574869

cpu  5768131 48023 3337195 615689255 5116729 0 1058774 0 0 0
cpu0 798673 9648 571701 154725093 1445546 0 245528 0 0 0
cpu1 1291326 12409 1539332 153142959 1381218 0 302077 0 0 0
cpu2 2982449 15203 605338 153144413 914764 0 240348 0 0 0
cpu3 695682 10761 620823 154676789 1375200 0 270820 0 0 0
intr 13737704670 0 0 3755598 75 0 745389 42541029 0 0 0 10744796 0 0 0 0 0 0 0 0 0 0 0 0 0 0 0 0 0 0 0 0 0 0 0 0 0 0 0 0 0 0 0 0 0 0 0 0 0 0 0 0 55727641 0 0 0 0 0 0 0 0 174996 0 7512789 0 0 0 0 0 0 0 0 0 0 0 575260114 1 0 0 0 0 0 0 0 0 0 0 0 0 0 0 0 0 0 0 0 0 0 0 340771 4206 0 0 0 0 14180259 0 0 0 0 0 0 0 0 0 0 0 0 0 0 0 0 0 0 0 0 0 0 0 0 0 0 0 0 0 0 0 0 0 0 0 0 0 0 0 0 0 0 0 0 0 0 0 0 0 0 0 0 0 0 0 0 0 0 0 0 0 0 0 0 0 0 0 0 0 0 0 0 0 0 0 141815119 0 0 0
ctxt 343815638
btime 1671453272
processes 578000
procs_running 3
procs_blocked 0
softirq 451126805 268047122 34570539 875947 16226794 7511478 0 56032630 41287277 129 26574889

cpu  5768131 48023 3337195 615689397 5116729 0 1058827 0 0 0
cpu0 798673 9648 571701 154725140 1445546 0 245528 0 0 0
cpu1 1291326 12409 1539332 153142959 1381218 0 302127 0 0 0
cpu2 2982449 15203 605338 153144459 914764 0 240350 0 0 0
cpu3 695682 10761 620823 154676837 1375200 0 270820 0 0 0
intr 13737711205 0 0 3755598 75 0 745389 42541075 0 0 0 10744796 0 0 0 0 0 0 0 0 0 0 0 0 0 0 0 0 0 0 0 0 0 0 0 0 0 0 0 0 0 0 0 0 0 0 0 0 0 0 0 0 55732649 0 0 0 0 0 0 0 0 174996 0 7512789 0 0 0 0 0 0 0 0 0 0 0 575261316 1 0 0 0 0 0 0 0 0 0 0 0 0 0 0 0 0 0 0 0 0 0 0 340771 4206 0 0 0 0 14180281 0 0 0 0 0 0 0 0 0 0 0 0 0 0 0 0 0 0 0 0 0 0 0 0 0 0 0 0 0 0 0 0 0 0 0 0 0 0 0 0 0 0 0 0 0 0 0 0 0 0 0 0 0 0 0 0 0 0 0 0 0 0 0 0 0 0 0 0 0 0 0 0 0 0 0 141815376 0 0 0
ctxt 343815807
btime 1671453272
processes 578000
procs_running 3
procs_blocked 0
softirq 451128975 268049127 34570580 875952 16226804 7511478 0 56032687 41287311 129 26574907

cpu  5768131 48023 3337195 615689540 5116729 0 1058879 0 0 0
cpu0 798673 9648 571701 154725187 1445546 0 245529 0 0 0
cpu1 1291326 12409 1539332 153142959 1381218 0 302177 0 0 0
cpu2 2982449 15203 605338 153144507 914764 0 240351 0 0 0
cpu3 695682 10761 620823 154676885 1375200 0 270820 0 0 0
intr 13737717969 0 0 3755598 75 0 745389 42541120 0 0 0 10744796 0 0 0 0 0 0 0 0 0 0 0 0 0 0 0 0 0 0 0 0 0 0 0 0 0 0 0 0 0 0 0 0 0 0 0 0 0 0 0 0 55737797 0 0 0 0 0 0 0 0 174996 0 7512789 0 0 0 0 0 0 0 0 0 0 0 575262614 1 0 0 0 0 0 0 0 0 0 0 0 0 0 0 0 0 0 0 0 0 0 0 340771 4206 0 0 0 0 14180303 0 0 0 0 0 0 0 0 0 0 0 0 0 0 0 0 0 0 0 0 0 0 0 0 0 0 0 0 0 0 0 0 0 0 0 0 0 0 0 0 0 0 0 0 0 0 0 0 0 0 0 0 0 0 0 0 0 0 0 0 0 0 0 0 0 0 0 0 0 0 0 0 0 0 0 141815638 0 0 0
ctxt 343815996
btime 1671453272
processes 578000
procs_running 3
procs_blocked 0
softirq 451130870 268050865 34570625 875957 16226816 7511478 0 56032744 41287331 129 26574925

cpu  5768132 48023 3337195 615689682 5116729 0 1058931 0 0 0
cpu0 798673 9648 571701 154725234 1445546 0 245529 0 0 0
cpu1 1291326 12409 1539332 153142959 1381218 0 302227 0 0 0
cpu2 2982449 15203 605338 153144554 914764 0 240352 0 0 0
cpu3 695682 10761 620823 154676932 1375200 0 270822 0 0 0
intr 13737724623 0 0 3755598 75 0 745389 42541166 0 0 0 10744796 0 0 0 0 0 0 0 0 0 0 0 0 0 0 0 0 0 0 0 0 0 0 0 0 0 0 0 0 0 0 0 0 0 0 0 0 0 0 0 0 55742868 0 0 0 0 0 0 0 0 174996 0 7512789 0 0 0 0 0 0 0 0 0 0 0 575263871 1 0 0 0 0 0 0 0 0 0 0 0 0 0 0 0 0 0 0 0 0 0 0 340771 4206 0 0 0 0 14180325 0 0 0 0 0 0 0 0 0 0 0 0 0 0 0 0 0 0 0 0 0 0 0 0 0 0 0 0 0 0 0 0 0 0 0 0 0 0 0 0 0 0 0 0 0 0 0 0 0 0 0 0 0 0 0 0 0 0 0 0 0 0 0 0 0 0 0 0 0 0 0 0 0 0 0 141815885 0 0 0
ctxt 343816162
btime 1671453272
processes 578000
procs_running 3
procs_blocked 0
softirq 451133359 268053211 34570662 875962 16226827 7511478 0 56032790 41287356 129 26574944

cpu  5768134 48023 3337198 615689818 5116729 0 1058984 0 0 0
cpu0 798674 9648 571701 154725281 1445546 0 245530 0 0 0
cpu1 1291326 12409 1539332 153142959 1381218 0 302277 0 0 0
cpu2 2982450 15203 605341 153144597 914764 0 240353 0 0 0
cpu3 695682 10761 620823 154676980 1375200 0 270823 0 0 0
intr 13737731400 0 0 3755599 75 0 745389 42541221 0 0 0 10744796 0 0 0 0 0 0 0 0 0 0 0 0 0 0 0 0 0 0 0 0 0 0 0 0 0 0 0 0 0 0 0 0 0 0 0 0 0 0 0 0 55747981 0 0 0 0 0 0 0 0 174996 0 7512789 0 0 0 0 0 0 0 0 0 0 0 575265170 1 0 0 0 0 0 0 0 0 0 0 0 0 0 0 0 0 0 0 0 0 0 0 340771 4206 0 0 0 0 14180358 0 0 0 0 0 0 0 0 0 0 0 0 0 0 0 0 0 0 0 0 0 0 0 0 0 0 0 0 0 0 0 0 0 0 0 0 0 0 0 0 0 0 0 0 0 0 0 0 0 0 0 0 0 0 0 0 0 0 0 0 0 0 0 0 0 0 0 0 0 0 0 0 0 0 0 141816161 0 0 0
ctxt 343816423
btime 1671453272
processes 578000
procs_running 4
procs_blocked 0
softirq 451135963 268055611 34570722 875967 16226838 7511478 0 56032839 41287377 129 26575002

cpu  5768134 48023 3337198 615689960 5116729 0 1059036 0 0 0
cpu0 798674 9648 571702 154725328 1445546 0 245531 0 0 0
cpu1 1291326 12409 1539332 153142959 1381218 0 302327 0 0 0
cpu2 2982450 15203 605341 153144643 914764 0 240354 0 0 0
cpu3 695682 10761 620823 154677028 1375200 0 270824 0 0 0
intr 13737737809 0 0 3755599 75 0 745389 42541261 0 0 0 10744796 0 0 0 0 0 0 0 0 0 0 0 0 0 0 0 0 0 0 0 0 0 0 0 0 0 0 0 0 0 0 0 0 0 0 0 0 0 0 0 0 55752961 0 0 0 0 0 0 0 0 174996 0 7512789 0 0 0 0 0 0 0 0 0 0 0 575266334 1 0 0 0 0 0 0 0 0 0 0 0 0 0 0 0 0 0 0 0 0 0 0 340771 4206 0 0 0 0 14180375 0 0 0 0 0 0 0 0 0 0 0 0 0 0 0 0 0 0 0 0 0 0 0 0 0 0 0 0 0 0 0 0 0 0 0 0 0 0 0 0 0 0 0 0 0 0 0 0 0 0 0 0 0 0 0 0 0 0 0 0 0 0 0 0 0 0 0 0 0 0 0 0 0 0 0 141816369 0 0 0
ctxt 343816574
btime 1671453272
processes 578000
procs_running 4
procs_blocked 0
softirq 451138789 268058300 34570754 875972 16226848 7511478 0 56032888 41287402 129 26575018

cpu  5768134 48023 3337198 615690101 5116729 0 1059088 0 0 0
cpu0 798674 9648 571702 154725376 1445546 0 245532 0 0 0
cpu1 1291326 12409 1539332 153142959 1381218 0 302377 0 0 0
cpu2 2982450 15203 605341 153144690 914764 0 240354 0 0 0
cpu3 695682 10761 620823 154677075 1375200 0 270824 0 0 0
intr 13737744104 0 0 3755603 75 0 745389 42541309 0 0 0 10744796 0 0 0 0 0 0 0 0 0 0 0 0 0 0 0 0 0 0 0 0 0 0 0 0 0 0 0 0 0 0 0 0 0 0 0 0 0 0 0 0 55757842 0 0 0 0 0 0 0 0 174996 0 7512789 0 0 0 0 0 0 0 0 0 0 0 575267406 1 0 0 0 0 0 0 0 0 0 0 0 0 0 0 0 0 0 0 0 0 0 0 340771 4206 0 0 0 0 14180394 0 0 0 0 0 0 0 0 0 0 0 0 0 0 0 0 0 0 0 0 0 0 0 0 0 0 0 0 0 0 0 0 0 0 0 0 0 0 0 0 0 0 0 0 0 0 0 0 0 0 0 0 0 0 0 0 0 0 0 0 0 0 0 0 0 0 0 0 0 0 0 0 0 0 0 141816640 0 0 0
ctxt 343816779
btime 1671453272
processes 578000
procs_running 3
procs_blocked 0
softirq 451141032 268060411 34570809 875976 16226857 7511478 0 56032920 41287418 129 26575034

cpu  5768134 48023 3337199 615690243 5116729 0 1059141 0 0 0
cpu0 798674 9648 571702 154725423 1445546 0 245533 0 0 0
cpu1 1291326 12409 1539332 153142959 1381218 0 302426 0 0 0
cpu2 2982450 15203 605341 153144736 914764 0 240356 0 0 0
cpu3 695682 10761 620823 154677123 1375200 0 270824 0 0 0
intr 13737750475 0 0 3755603 75 0 745390 42541356 0 0 0 10744796 0 0 0 0 0 0 0 0 0 0 0 0 0 0 0 0 0 0 0 0 0 0 0 0 0 0 0 0 0 0 0 0 0 0 0 0 0 0 0 0 55762778 0 0 0 0 0 0 0 0 174996 0 7512789 0 0 0 0 0 0 0 0 0 0 0 575268529 1 0 0 0 0 0 0 0 0 0 0 0 0 0 0 0 0 0 0 0 0 0 0 340771 4206 0 0 0 0 14180410 0 0 0 0 0 0 0 0 0 0 0 0 0 0 0 0 0 0 0 0 0 0 0 0 0 0 0 0 0 0 0 0 0 0 0 0 0 0 0 0 0 0 0 0 0 0 0 0 0 0 0 0 0 0 0 0 0 0 0 0 0 0 0 0 0 0 0 0 0 0 0 0 0 0 0 141816890 0 0 0
ctxt 343816970
btime 1671453272
processes 578000
procs_running 3
procs_blocked 0
softirq 451143603 268062850 34570849 875980 16226868 7511478 0 56032957 41287442 129 26575050

cpu  5768134 48023 3337200 615690385 5116729 0 1059192 0 0 0
cpu0 798674 9648 571703 154725470 1445546 0 245533 0 0 0
cpu1 1291326 12409 1539332 153142959 1381218 0 302476 0 0 0
cpu2 2982450 15203 605341 153144784 914764 0 240356 0 0 0
cpu3 695682 10761 620823 154677171 1375200 0 270826 0 0 0
intr 13737756591 0 0 3755603 75 0 745390 42541388 0 0 0 10744796 0 0 0 0 0 0 0 0 0 0 0 0 0 0 0 0 0 0 0 0 0 0 0 0 0 0 0 0 0 0 0 0 0 0 0 0 0 0 0 0 55767611 0 0 0 0 0 0 0 0 174996 0 7512789 0 0 0 0 0 0 0 0 0 0 0 575269543 1 0 0 0 0 0 0 0 0 0 0 0 0 0 0 0 0 0 0 0 0 0 0 340771 4206 0 0 0 0 14180424 0 0 0 0 0 0 0 0 0 0 0 0 0 0 0 0 0 0 0 0 0 0 0 0 0 0 0 0 0 0 0 0 0 0 0 0 0 0 0 0 0 0 0 0 0 0 0 0 0 0 0 0 0 0 0 0 0 0 0 0 0 0 0 0 0 0 0 0 0 0 0 0 0 0 0 141817125 0 0 0
ctxt 343817114
btime 1671453272
processes 578000
procs_running 5
procs_blocked 0
softirq 451145767 268064884 34570887 875984 16226876 7511478 0 56032993 41287469 129 26575067

cpu  5768135 48023 3337201 615690527 5116729 0 1059244 0 0 0
cpu0 798675 9648 571703 154725518 1445546 0 245533 0 0 0
cpu1 1291326 12409 1539332 153142959 1381218 0 302526 0 0 0
cpu2 2982450 15203 605342 153144830 914764 0 240358 0 0 0
cpu3 695682 10761 620823 154677218 1375200 0 270826 0 0 0
intr 13737763287 0 0 3755604 75 0 745390 42541442 0 0 0 10744797 0 0 0 0 0 0 0 0 0 0 0 0 0 0 0 0 0 0 0 0 0 0 0 0 0 0 0 0 0 0 0 0 0 0 0 0 0 0 0 0 55772691 0 0 0 0 0 0 0 0 174996 0 7512789 0 0 0 0 0 0 0 0 0 0 0 575270790 1 0 0 0 0 0 0 0 0 0 0 0 0 0 0 0 0 0 0 0 0 0 0 340771 4206 0 0 0 0 14180448 0 0 0 0 0 0 0 0 0 0 0 0 0 0 0 0 0 0 0 0 0 0 0 0 0 0 0 0 0 0 0 0 0 0 0 0 0 0 0 0 0 0 0 0 0 0 0 0 0 0 0 0 0 0 0 0 0 0 0 0 0 0 0 0 0 0 0 0 0 0 0 0 0 0 0 141817399 0 0 0
ctxt 343817322
btime 1671453272
processes 578000
procs_running 3
procs_blocked 0
softirq 451148084 268067055 34570937 875989 16226888 7511478 0 56033034 41287490 129 26575084

cpu  5768136 48023 3337203 615690671 5116729 0 1059294 0 0 0
cpu0 798675 9648 571703 154725566 1445546 0 245533 0 0 0
cpu1 1291326 12409 1539333 153142959 1381218 0 302576 0 0 0
cpu2 2982451 15203 605343 153144877 914764 0 240358 0 0 0
cpu3 695682 10761 620823 154677267 1375200 0 270826 0 0 0
intr 13737769115 0 0 3755604 75 0 745390 42541482 0 0 0 10744797 0 0 0 0 0 0 0 0 0 0 0 0 0 0 0 0 0 0 0 0 0 0 0 0 0 0 0 0 0 0 0 0 0 0 0 0 0 0 0 0 55777361 0 0 0 0 0 0 0 0 174996 0 7512789 0 0 0 0 0 0 0 0 0 0 0 575271579 1 0 0 0 0 0 0 0 0 0 0 0 0 0 0 0 0 0 0 0 0 0 0 340771 4206 0 0 0 0 14180463 0 0 0 0 0 0 0 0 0 0 0 0 0 0 0 0 0 0 0 0 0 0 0 0 0 0 0 0 0 0 0 0 0 0 0 0 0 0 0 0 0 0 0 0 0 0 0 0 0 0 0 0 0 0 0 0 0 0 0 0 0 0 0 0 0 0 0 0 0 0 0 0 0 0 0 141817716 0 0 0
ctxt 343817586
btime 1671453272
processes 578000
procs_running 4
procs_blocked 0
softirq 451148843 268067643 34570996 875995 16226901 7511478 0 56033061 41287521 129 26575119

cpu  5768136 48023 3337204 615690816 5116729 0 1059344 0 0 0
cpu0 798675 9648 571704 154725614 1445546 0 245533 0 0 0
cpu1 1291326 12409 1539333 153142959 1381218 0 302626 0 0 0
cpu2 2982451 15203 605343 153144925 914764 0 240358 0 0 0
cpu3 695682 10761 620823 154677315 1375200 0 270826 0 0 0
intr 13737774238 0 0 3755604 75 0 745390 42541525 0 0 0 10744797 0 0 0 0 0 0 0 0 0 0 0 0 0 0 0 0 0 0 0 0 0 0 0 0 0 0 0 0 0 0 0 0 0 0 0 0 0 0 0 0 55781690 0 0 0 0 0 0 0 0 174997 0 7512789 0 0 0 0 0 0 0 0 0 0 0 575272036 1 0 0 0 0 0 0 0 0 0 0 0 0 0 0 0 0 0 0 0 0 0 0 340771 4206 0 0 0 0 14180481 0 0 0 0 0 0 0 0 0 0 0 0 0 0 0 0 0 0 0 0 0 0 0 0 0 0 0 0 0 0 0 0 0 0 0 0 0 0 0 0 0 0 0 0 0 0 0 0 0 0 0 0 0 0 0 0 0 0 0 0 0 0 0 0 0 0 0 0 0 0 0 0 0 0 0 141817989 0 0 0
ctxt 343817764
btime 1671453272
processes 578000
procs_running 3
procs_blocked 0
softirq 451148999 268067668 34571038 875999 16226911 7511478 0 56033098 41287542 129 26575136

cpu  5768136 48023 3337204 615690975 5116729 0 1059379 0 0 0
cpu0 798675 9648 571704 154725663 1445546 0 245533 0 0 0
cpu1 1291326 12409 1539333 153142973 1381218 0 302661 0 0 0
cpu2 2982451 15203 605343 153144974 914764 0 240358 0 0 0
cpu3 695682 10761 620823 154677364 1375200 0 270826 0 0 0
intr 13737779227 0 0 3755604 75 0 745390 42541563 0 0 0 10744797 0 0 0 0 0 0 0 0 0 0 0 0 0 0 0 0 0 0 0 0 0 0 0 0 0 0 0 0 0 0 0 0 0 0 0 0 0 0 0 0 55785923 0 0 0 0 0 0 0 0 174997 0 7512789 0 0 0 0 0 0 0 0 0 0 0 575272401 1 0 0 0 0 0 0 0 0 0 0 0 0 0 0 0 0 0 0 0 0 0 0 340771 4206 0 0 0 0 14180503 0 0 0 0 0 0 0 0 0 0 0 0 0 0 0 0 0 0 0 0 0 0 0 0 0 0 0 0 0 0 0 0 0 0 0 0 0 0 0 0 0 0 0 0 0 0 0 0 0 0 0 0 0 0 0 0 0 0 0 0 0 0 0 0 0 0 0 0 0 0 0 0 0 0 0 141818321 0 0 0
ctxt 343818187
btime 1671453272
processes 578000
procs_running 1
procs_blocked 0
softirq 451149202 268067747 34571074 876002 16226920 7511478 0 56033133 41287565 129 26575154

cpu  5768136 48023 3337206 615691169 5116729 0 1059379 0 0 0
cpu0 798675 9648 571704 154725712 1445546 0 245533 0 0 0
cpu1 1291326 12409 1539335 153143019 1381218 0 302661 0 0 0
cpu2 2982451 15203 605343 153145024 914764 0 240358 0 0 0
cpu3 695682 10761 620823 154677413 1375200 0 270826 0 0 0
intr 13737783960 0 0 3755605 75 0 745390 42541596 0 0 0 10744797 0 0 0 0 0 0 0 0 0 0 0 0 0 0 0 0 0 0 0 0 0 0 0 0 0 0 0 0 0 0 0 0 0 0 0 0 0 0 0 0 55789950 0 0 0 0 0 0 0 0 174997 0 7512789 0 0 0 0 0 0 0 0 0 0 0 575272553 1 0 0 0 0 0 0 0 0 0 0 0 0 0 0 0 0 0 0 0 0 0 0 340771 4206 0 0 0 0 14180525 0 0 0 0 0 0 0 0 0 0 0 0 0 0 0 0 0 0 0 0 0 0 0 0 0 0 0 0 0 0 0 0 0 0 0 0 0 0 0 0 0 0 0 0 0 0 0 0 0 0 0 0 0 0 0 0 0 0 0 0 0 0 0 0 0 0 0 0 0 0 0 0 0 0 0 141818817 0 0 0
ctxt 343819203
btime 1671453272
processes 578000
procs_running 1
procs_blocked 0
softirq 451149274 268067755 34571092 876003 16226921 7511478 0 56033151 41287581 129 26575164
