cpu  134606 1113 87266 6676170 6442 0 230776 0 0 0
cpu0 2584 34 4610 1727148 2069 0 52114 0 0 0
cpu1 123049 0 64483 1510589 908 0 73028 0 0 0
cpu2 6244 9 13678 1708657 1886 0 54681 0 0 0
cpu3 2728 1069 4494 1729774 1578 0 50952 0 0 0
intr 271205549 0 0 67196 75 0 21413 1141557 0 0 0 146265 0 0 0 0 0 0 0 0 0 0 0 0 0 0 0 0 0 0 0 0 0 0 0 0 0 0 0 0 0 0 0 0 0 0 0 0 0 0 0 0 197929101 0 0 0 0 0 0 0 0 19019 0 21141 0 0 0 0 0 0 0 0 0 0 0 51820913 1 0 0 0 0 0 0 0 0 0 0 0 0 0 0 0 0 0 0 0 0 0 0 15522 4215 0 0 0 0 715612 0 0 0 0 0 0 0 0 0 0 0 0 0 0 0 0 0 0 0 0 0 0 0 0 0 0 0 0 0 0 0 0 0 0 0 0 0 0 0 0 0 0 0 0 0 0 0 0 0 0 0 0 0 0 0 0 0 0 0 0 0 0 0 0 0 0 0 0 0 0 0 0 0 0 0 19303520 0 0 0
ctxt 39927497
btime 1673393901
processes 14769
procs_running 1
procs_blocked 0
softirq 98840283 88759799 624945 135811 1854203 21147 0 6100845 969692 17 373824

cpu  134607 1113 87271 6676360 6442 0 230776 0 0 0
cpu0 2584 34 4610 1727197 2069 0 52114 0 0 0
cpu1 123049 0 64485 1510635 908 0 73028 0 0 0
cpu2 6244 9 13680 1708703 1886 0 54681 0 0 0
cpu3 2728 1069 4494 1729823 1578 0 50952 0 0 0
intr 271210763 0 0 67198 75 0 21413 1141589 0 0 0 146270 0 0 0 0 0 0 0 0 0 0 0 0 0 0 0 0 0 0 0 0 0 0 0 0 0 0 0 0 0 0 0 0 0 0 0 0 0 0 0 0 197933134 0 0 0 0 0 0 0 0 19019 0 21141 0 0 0 0 0 0 0 0 0 0 0 51821067 1 0 0 0 0 0 0 0 0 0 0 0 0 0 0 0 0 0 0 0 0 0 0 15522 4215 0 0 0 0 715636 0 0 0 0 0 0 0 0 0 0 0 0 0 0 0 0 0 0 0 0 0 0 0 0 0 0 0 0 0 0 0 0 0 0 0 0 0 0 0 0 0 0 0 0 0 0 0 0 0 0 0 0 0 0 0 0 0 0 0 0 0 0 0 0 0 0 0 0 0 0 0 0 0 0 0 19304483 0 0 0
ctxt 39929432
btime 1673393901
processes 14769
procs_running 1
procs_blocked 0
softirq 98840386 88759807 624963 135811 1854204 21147 0 6100865 969730 17 373842

cpu  134608 1113 87275 6676550 6442 0 230776 0 0 0
cpu0 2584 34 4610 1727246 2069 0 52114 0 0 0
cpu1 123050 0 64486 1510681 908 0 73028 0 0 0
cpu2 6244 9 13683 1708749 1886 0 54681 0 0 0
cpu3 2728 1069 4494 1729873 1578 0 50952 0 0 0
intr 271215938 0 0 67206 75 0 21413 1141623 0 0 0 146275 0 0 0 0 0 0 0 0 0 0 0 0 0 0 0 0 0 0 0 0 0 0 0 0 0 0 0 0 0 0 0 0 0 0 0 0 0 0 0 0 197937132 0 0 0 0 0 0 0 0 19019 0 21141 0 0 0 0 0 0 0 0 0 0 0 51821195 1 0 0 0 0 0 0 0 0 0 0 0 0 0 0 0 0 0 0 0 0 0 0 15522 4215 0 0 0 0 715665 0 0 0 0 0 0 0 0 0 0 0 0 0 0 0 0 0 0 0 0 0 0 0 0 0 0 0 0 0 0 0 0 0 0 0 0 0 0 0 0 0 0 0 0 0 0 0 0 0 0 0 0 0 0 0 0 0 0 0 0 0 0 0 0 0 0 0 0 0 0 0 0 0 0 0 19305456 0 0 0
ctxt 39931359
btime 1673393901
processes 14769
procs_running 1
procs_blocked 0
softirq 98840501 88759807 624984 135811 1854206 21147 0 6100889 969776 17 373864

cpu  134608 1113 87279 6676740 6442 0 230776 0 0 0
cpu0 2584 34 4610 1727296 2069 0 52114 0 0 0
cpu1 123050 0 64488 1510726 908 0 73028 0 0 0
cpu2 6244 9 13686 1708795 1886 0 54681 0 0 0
cpu3 2728 1069 4494 1729922 1578 0 50952 0 0 0
intr 271221139 0 0 67210 75 0 21413 1141650 0 0 0 146280 0 0 0 0 0 0 0 0 0 0 0 0 0 0 0 0 0 0 0 0 0 0 0 0 0 0 0 0 0 0 0 0 0 0 0 0 0 0 0 0 197941160 0 0 0 0 0 0 0 0 19019 0 21141 0 0 0 0 0 0 0 0 0 0 0 51821349 1 0 0 0 0 0 0 0 0 0 0 0 0 0 0 0 0 0 0 0 0 0 0 15522 4215 0 0 0 0 715684 0 0 0 0 0 0 0 0 0 0 0 0 0 0 0 0 0 0 0 0 0 0 0 0 0 0 0 0 0 0 0 0 0 0 0 0 0 0 0 0 0 0 0 0 0 0 0 0 0 0 0 0 0 0 0 0 0 0 0 0 0 0 0 0 0 0 0 0 0 0 0 0 0 0 0 19306421 0 0 0
ctxt 39933270
btime 1673393901
processes 14769
procs_running 1
procs_blocked 0
softirq 98840604 88759815 625002 135811 1854207 21147 0 6100904 969819 17 373882

cpu  134610 1113 87283 6676930 6442 0 230776 0 0 0
cpu0 2584 34 4610 1727345 2069 0 52114 0 0 0
cpu1 123051 0 64490 1510772 908 0 73028 0 0 0
cpu2 6245 9 13688 1708841 1886 0 54681 0 0 0
cpu3 2728 1069 4494 1729971 1578 0 50952 0 0 0
intr 271226295 0 0 67215 75 0 21413 1141681 0 0 0 146285 0 0 0 0 0 0 0 0 0 0 0 0 0 0 0 0 0 0 0 0 0 0 0 0 0 0 0 0 0 0 0 0 0 0 0 0 0 0 0 0 197945158 0 0 0 0 0 0 0 0 19019 0 21141 0 0 0 0 0 0 0 0 0 0 0 51821475 1 0 0 0 0 0 0 0 0 0 0 0 0 0 0 0 0 0 0 0 0 0 0 15522 4215 0 0 0 0 715713 0 0 0 0 0 0 0 0 0 0 0 0 0 0 0 0 0 0 0 0 0 0 0 0 0 0 0 0 0 0 0 0 0 0 0 0 0 0 0 0 0 0 0 0 0 0 0 0 0 0 0 0 0 0 0 0 0 0 0 0 0 0 0 0 0 0 0 0 0 0 0 0 0 0 0 19307383 0 0 0
ctxt 39935192
btime 1673393901
processes 14769
procs_running 1
procs_blocked 0
softirq 98840701 88759815 625021 135811 1854209 21147 0 6100928 969860 17 373893

cpu  134610 1113 87287 6677121 6442 0 230776 0 0 0
cpu0 2584 34 4610 1727394 2069 0 52114 0 0 0
cpu1 123051 0 64492 1510818 908 0 73028 0 0 0
cpu2 6246 9 13689 1708886 1886 0 54681 0 0 0
cpu3 2728 1069 4494 1730021 1578 0 50952 0 0 0
intr 271231484 0 0 67219 75 0 21413 1141706 0 0 0 146290 0 0 0 0 0 0 0 0 0 0 0 0 0 0 0 0 0 0 0 0 0 0 0 0 0 0 0 0 0 0 0 0 0 0 0 0 0 0 0 0 197949185 0 0 0 0 0 0 0 0 19019 0 21141 0 0 0 0 0 0 0 0 0 0 0 51821629 1 0 0 0 0 0 0 0 0 0 0 0 0 0 0 0 0 0 0 0 0 0 0 15522 4215 0 0 0 0 715735 0 0 0 0 0 0 0 0 0 0 0 0 0 0 0 0 0 0 0 0 0 0 0 0 0 0 0 0 0 0 0 0 0 0 0 0 0 0 0 0 0 0 0 0 0 0 0 0 0 0 0 0 0 0 0 0 0 0 0 0 0 0 0 0 0 0 0 0 0 0 0 0 0 0 0 19308335 0 0 0
ctxt 39937107
btime 1673393901
processes 14769
procs_running 1
procs_blocked 0
softirq 98840792 88759823 625038 135811 1854210 21147 0 6100948 969893 17 373905

cpu  134613 1113 87291 6677311 6442 0 230776 0 0 0
cpu0 2584 34 4610 1727443 2069 0 52114 0 0 0
cpu1 123052 0 64494 1510864 908 0 73028 0 0 0
cpu2 6247 9 13691 1708932 1886 0 54681 0 0 0
cpu3 2728 1069 4494 1730070 1578 0 50952 0 0 0
intr 271236621 0 0 67223 75 0 21413 1141732 0 0 0 146295 0 0 0 0 0 0 0 0 0 0 0 0 0 0 0 0 0 0 0 0 0 0 0 0 0 0 0 0 0 0 0 0 0 0 0 0 0 0 0 0 197953183 0 0 0 0 0 0 0 0 19019 0 21141 0 0 0 0 0 0 0 0 0 0 0 51821757 1 0 0 0 0 0 0 0 0 0 0 0 0 0 0 0 0 0 0 0 0 0 0 15522 4215 0 0 0 0 715757 0 0 0 0 0 0 0 0 0 0 0 0 0 0 0 0 0 0 0 0 0 0 0 0 0 0 0 0 0 0 0 0 0 0 0 0 0 0 0 0 0 0 0 0 0 0 0 0 0 0 0 0 0 0 0 0 0 0 0 0 0 0 0 0 0 0 0 0 0 0 0 0 0 0 0 19309290 0 0 0
ctxt 39939003
btime 1673393901
processes 14769
procs_running 2
procs_blocked 0
softirq 98840878 88759823 625054 135811 1854211 21147 0 6100966 969930 17 373919

cpu  134614 1113 87295 6677501 6442 0 230776 0 0 0
cpu0 2584 34 4610 1727492 2069 0 52114 0 0 0
cpu1 123054 0 64494 1510910 908 0 73028 0 0 0
cpu2 6247 9 13695 1708978 1886 0 54681 0 0 0
cpu3 2728 1069 4494 1730119 1578 0 50952 0 0 0
intr 271241808 0 0 67227 75 0 21413 1141759 0 0 0 146300 0 0 0 0 0 0 0 0 0 0 0 0 0 0 0 0 0 0 0 0 0 0 0 0 0 0 0 0 0 0 0 0 0 0 0 0 0 0 0 0 197957202 0 0 0 0 0 0 0 0 19019 0 21141 0 0 0 0 0 0 0 0 0 0 0 51821911 1 0 0 0 0 0 0 0 0 0 0 0 0 0 0 0 0 0 0 0 0 0 0 15522 4215 0 0 0 0 715779 0 0 0 0 0 0 0 0 0 0 0 0 0 0 0 0 0 0 0 0 0 0 0 0 0 0 0 0 0 0 0 0 0 0 0 0 0 0 0 0 0 0 0 0 0 0 0 0 0 0 0 0 0 0 0 0 0 0 0 0 0 0 0 0 0 0 0 0 0 0 0 0 0 0 0 19310245 0 0 0
ctxt 39940924
btime 1673393901
processes 14769
procs_running 1
procs_blocked 0
softirq 98840972 88759831 625072 135811 1854212 21147 0 6100985 969966 17 373931

cpu  134614 1113 87300 6677691 6442 0 230776 0 0 0
cpu0 2584 34 4610 1727542 2069 0 52114 0 0 0
cpu1 123054 0 64497 1510955 908 0 73028 0 0 0
cpu2 6247 9 13697 1709024 1886 0 54681 0 0 0
cpu3 2728 1069 4494 1730169 1578 0 50952 0 0 0
intr 271246949 0 0 67232 75 0 21413 1141786 0 0 0 146305 0 0 0 0 0 0 0 0 0 0 0 0 0 0 0 0 0 0 0 0 0 0 0 0 0 0 0 0 0 0 0 0 0 0 0 0 0 0 0 0 197961202 0 0 0 0 0 0 0 0 19019 0 21141 0 0 0 0 0 0 0 0 0 0 0 51822039 1 0 0 0 0 0 0 0 0 0 0 0 0 0 0 0 0 0 0 0 0 0 0 15522 4215 0 0 0 0 715801 0 0 0 0 0 0 0 0 0 0 0 0 0 0 0 0 0 0 0 0 0 0 0 0 0 0 0 0 0 0 0 0 0 0 0 0 0 0 0 0 0 0 0 0 0 0 0 0 0 0 0 0 0 0 0 0 0 0 0 0 0 0 0 0 0 0 0 0 0 0 0 0 0 0 0 19311199 0 0 0
ctxt 39942821
btime 1673393901
processes 14769
procs_running 1
procs_blocked 0
softirq 98841055 88759831 625089 135811 1854213 21147 0 6101003 970003 17 373941

cpu  134616 1113 87304 6677881 6442 0 230776 0 0 0
cpu0 2584 34 4610 1727591 2069 0 52114 0 0 0
cpu1 123056 0 64499 1511001 908 0 73028 0 0 0
cpu2 6247 9 13700 1709069 1886 0 54681 0 0 0
cpu3 2728 1069 4494 1730218 1578 0 50952 0 0 0
intr 271252138 0 0 67236 75 0 21413 1141817 0 0 0 146310 0 0 0 0 0 0 0 0 0 0 0 0 0 0 0 0 0 0 0 0 0 0 0 0 0 0 0 0 0 0 0 0 0 0 0 0 0 0 0 0 197965222 0 0 0 0 0 0 0 0 19019 0 21141 0 0 0 0 0 0 0 0 0 0 0 51822193 1 0 0 0 0 0 0 0 0 0 0 0 0 0 0 0 0 0 0 0 0 0 0 15522 4215 0 0 0 0 715823 0 0 0 0 0 0 0 0 0 0 0 0 0 0 0 0 0 0 0 0 0 0 0 0 0 0 0 0 0 0 0 0 0 0 0 0 0 0 0 0 0 0 0 0 0 0 0 0 0 0 0 0 0 0 0 0 0 0 0 0 0 0 0 0 0 0 0 0 0 0 0 0 0 0 0 19312153 0 0 0
ctxt 39944730
btime 1673393901
processes 14769
procs_running 1
procs_blocked 0
softirq 98841150 88759839 625106 135811 1854214 21147 0 6101022 970042 17 373952

cpu  134616 1113 87308 6678071 6442 0 230776 0 0 0
cpu0 2584 34 4611 1727640 2069 0 52114 0 0 0
cpu1 123056 0 64500 1511047 908 0 73028 0 0 0
cpu2 6247 9 13701 1709115 1886 0 54681 0 0 0
cpu3 2728 1069 4494 1730268 1578 0 50952 0 0 0
intr 271257280 0 0 67240 75 0 21413 1141845 0 0 0 146315 0 0 0 0 0 0 0 0 0 0 0 0 0 0 0 0 0 0 0 0 0 0 0 0 0 0 0 0 0 0 0 0 0 0 0 0 0 0 0 0 197969227 0 0 0 0 0 0 0 0 19019 0 21141 0 0 0 0 0 0 0 0 0 0 0 51822321 1 0 0 0 0 0 0 0 0 0 0 0 0 0 0 0 0 0 0 0 0 0 0 15522 4215 0 0 0 0 715845 0 0 0 0 0 0 0 0 0 0 0 0 0 0 0 0 0 0 0 0 0 0 0 0 0 0 0 0 0 0 0 0 0 0 0 0 0 0 0 0 0 0 0 0 0 0 0 0 0 0 0 0 0 0 0 0 0 0 0 0 0 0 0 0 0 0 0 0 0 0 0 0 0 0 0 19313102 0 0 0
ctxt 39946627
btime 1673393901
processes 14769
procs_running 1
procs_blocked 0
softirq 98841220 88759839 625119 135811 1854215 21147 0 6101040 970069 17 373963

cpu  134618 1113 87314 6678261 6442 0 230776 0 0 0
cpu0 2584 34 4611 1727690 2069 0 52114 0 0 0
cpu1 123056 0 64504 1511093 908 0 73028 0 0 0
cpu2 6248 9 13703 1709160 1886 0 54681 0 0 0
cpu3 2728 1069 4494 1730317 1578 0 50952 0 0 0
intr 271262486 0 0 67244 75 0 21413 1141880 0 0 0 146320 0 0 0 0 0 0 0 0 0 0 0 0 0 0 0 0 0 0 0 0 0 0 0 0 0 0 0 0 0 0 0 0 0 0 0 0 0 0 0 0 197973252 0 0 0 0 0 0 0 0 19019 0 21141 0 0 0 0 0 0 0 0 0 0 0 51822475 1 0 0 0 0 0 0 0 0 0 0 0 0 0 0 0 0 0 0 0 0 0 0 15522 4215 0 0 0 0 715867 0 0 0 0 0 0 0 0 0 0 0 0 0 0 0 0 0 0 0 0 0 0 0 0 0 0 0 0 0 0 0 0 0 0 0 0 0 0 0 0 0 0 0 0 0 0 0 0 0 0 0 0 0 0 0 0 0 0 0 0 0 0 0 0 0 0 0 0 0 0 0 0 0 0 0 19314063 0 0 0
ctxt 39948552
btime 1673393901
processes 14769
procs_running 1
procs_blocked 0
softirq 98841326 88759847 625139 135812 1854216 21147 0 6101060 970112 17 373976

cpu  134621 1113 87316 6678451 6442 0 230776 0 0 0
cpu0 2584 34 4612 1727739 2069 0 52114 0 0 0
cpu1 123058 0 64505 1511139 908 0 73028 0 0 0
cpu2 6250 9 13704 1709206 1886 0 54681 0 0 0
cpu3 2728 1069 4494 1730366 1578 0 50952 0 0 0
intr 271267627 0 0 67249 75 0 21413 1141909 0 0 0 146325 0 0 0 0 0 0 0 0 0 0 0 0 0 0 0 0 0 0 0 0 0 0 0 0 0 0 0 0 0 0 0 0 0 0 0 0 0 0 0 0 197977248 0 0 0 0 0 0 0 0 19019 0 21141 0 0 0 0 0 0 0 0 0 0 0 51822603 1 0 0 0 0 0 0 0 0 0 0 0 0 0 0 0 0 0 0 0 0 0 0 15522 4215 0 0 0 0 715889 0 0 0 0 0 0 0 0 0 0 0 0 0 0 0 0 0 0 0 0 0 0 0 0 0 0 0 0 0 0 0 0 0 0 0 0 0 0 0 0 0 0 0 0 0 0 0 0 0 0 0 0 0 0 0 0 0 0 0 0 0 0 0 0 0 0 0 0 0 0 0 0 0 0 0 19315019 0 0 0
ctxt 39950457
btime 1673393901
processes 14769
procs_running 1
procs_blocked 0
softirq 98841413 88759847 625156 135812 1854217 21147 0 6101078 970149 17 373990

cpu  134622 1113 87321 6678642 6442 0 230776 0 0 0
cpu0 2584 34 4612 1727788 2069 0 52114 0 0 0
cpu1 123058 0 64508 1511185 908 0 73028 0 0 0
cpu2 6250 9 13706 1709252 1886 0 54681 0 0 0
cpu3 2728 1069 4494 1730416 1578 0 50952 0 0 0
intr 271272823 0 0 67253 75 0 21413 1141946 0 0 0 146330 0 0 0 0 0 0 0 0 0 0 0 0 0 0 0 0 0 0 0 0 0 0 0 0 0 0 0 0 0 0 0 0 0 0 0 0 0 0 0 0 197981272 0 0 0 0 0 0 0 0 19019 0 21141 0 0 0 0 0 0 0 0 0 0 0 51822757 1 0 0 0 0 0 0 0 0 0 0 0 0 0 0 0 0 0 0 0 0 0 0 15522 4215 0 0 0 0 715911 0 0 0 0 0 0 0 0 0 0 0 0 0 0 0 0 0 0 0 0 0 0 0 0 0 0 0 0 0 0 0 0 0 0 0 0 0 0 0 0 0 0 0 0 0 0 0 0 0 0 0 0 0 0 0 0 0 0 0 0 0 0 0 0 0 0 0 0 0 0 0 0 0 0 0 19315969 0 0 0
ctxt 39952380
btime 1673393901
processes 14769
procs_running 1
procs_blocked 0
softirq 98841508 88759855 625172 135812 1854218 21147 0 6101097 970186 17 374004

cpu  134622 1113 87324 6678832 6442 0 230776 0 0 0
cpu0 2584 34 4612 1727837 2069 0 52114 0 0 0
cpu1 123058 0 64510 1511230 908 0 73028 0 0 0
cpu2 6250 9 13708 1709297 1886 0 54681 0 0 0
cpu3 2728 1069 4494 1730465 1578 0 50952 0 0 0
intr 271277958 0 0 67257 75 0 21413 1141974 0 0 0 146335 0 0 0 0 0 0 0 0 0 0 0 0 0 0 0 0 0 0 0 0 0 0 0 0 0 0 0 0 0 0 0 0 0 0 0 0 0 0 0 0 197985270 0 0 0 0 0 0 0 0 19019 0 21141 0 0 0 0 0 0 0 0 0 0 0 51822885 1 0 0 0 0 0 0 0 0 0 0 0 0 0 0 0 0 0 0 0 0 0 0 15522 4215 0 0 0 0 715933 0 0 0 0 0 0 0 0 0 0 0 0 0 0 0 0 0 0 0 0 0 0 0 0 0 0 0 0 0 0 0 0 0 0 0 0 0 0 0 0 0 0 0 0 0 0 0 0 0 0 0 0 0 0 0 0 0 0 0 0 0 0 0 0 0 0 0 0 0 0 0 0 0 0 0 19316919 0 0 0
ctxt 39954284
btime 1673393901
processes 14769
procs_running 1
procs_blocked 0
softirq 98841582 88759855 625187 135812 1854219 21147 0 6101115 970214 17 374016

cpu  134623 1113 87328 6679022 6442 0 230776 0 0 0
cpu0 2584 34 4612 1727887 2069 0 52114 0 0 0
cpu1 123059 0 64511 1511276 908 0 73028 0 0 0
cpu2 6250 9 13710 1709343 1886 0 54681 0 0 0
cpu3 2728 1069 4494 1730514 1578 0 50952 0 0 0
intr 271283158 0 0 67261 75 0 21413 1142006 0 0 0 146340 0 0 0 0 0 0 0 0 0 0 0 0 0 0 0 0 0 0 0 0 0 0 0 0 0 0 0 0 0 0 0 0 0 0 0 0 0 0 0 0 197989300 0 0 0 0 0 0 0 0 19019 0 21141 0 0 0 0 0 0 0 0 0 0 0 51823039 1 0 0 0 0 0 0 0 0 0 0 0 0 0 0 0 0 0 0 0 0 0 0 15522 4215 0 0 0 0 715955 0 0 0 0 0 0 0 0 0 0 0 0 0 0 0 0 0 0 0 0 0 0 0 0 0 0 0 0 0 0 0 0 0 0 0 0 0 0 0 0 0 0 0 0 0 0 0 0 0 0 0 0 0 0 0 0 0 0 0 0 0 0 0 0 0 0 0 0 0 0 0 0 0 0 0 19317872 0 0 0
ctxt 39956208
btime 1673393901
processes 14769
procs_running 1
procs_blocked 0
softirq 98841672 88759863 625204 135812 1854220 21147 0 6101135 970246 17 374028

cpu  134623 1113 87332 6679212 6442 0 230776 0 0 0
cpu0 2584 34 4612 1727936 2069 0 52114 0 0 0
cpu1 123059 0 64513 1511322 908 0 73028 0 0 0
cpu2 6251 9 13712 1709389 1886 0 54681 0 0 0
cpu3 2728 1069 4494 1730564 1578 0 50952 0 0 0
intr 271288307 0 0 67270 75 0 21413 1142036 0 0 0 146345 0 0 0 0 0 0 0 0 0 0 0 0 0 0 0 0 0 0 0 0 0 0 0 0 0 0 0 0 0 0 0 0 0 0 0 0 0 0 0 0 197993295 0 0 0 0 0 0 0 0 19019 0 21141 0 0 0 0 0 0 0 0 0 0 0 51823167 1 0 0 0 0 0 0 0 0 0 0 0 0 0 0 0 0 0 0 0 0 0 0 15522 4215 0 0 0 0 715977 0 0 0 0 0 0 0 0 0 0 0 0 0 0 0 0 0 0 0 0 0 0 0 0 0 0 0 0 0 0 0 0 0 0 0 0 0 0 0 0 0 0 0 0 0 0 0 0 0 0 0 0 0 0 0 0 0 0 0 0 0 0 0 0 0 0 0 0 0 0 0 0 0 0 0 19318831 0 0 0
ctxt 39958120
btime 1673393901
processes 14769
procs_running 1
procs_blocked 0
softirq 98841757 88759863 625219 135812 1854221 21147 0 6101153 970282 17 374043

cpu  134625 1113 87334 6679402 6442 0 230776 0 0 0
cpu0 2584 34 4612 1727985 2069 0 52114 0 0 0
cpu1 123059 0 64514 1511368 908 0 73028 0 0 0
cpu2 6252 9 13713 1709435 1886 0 54681 0 0 0
cpu3 2728 1069 4494 1730613 1578 0 50952 0 0 0
intr 271293497 0 0 67274 75 0 21413 1142071 0 0 0 146350 0 0 0 0 0 0 0 0 0 0 0 0 0 0 0 0 0 0 0 0 0 0 0 0 0 0 0 0 0 0 0 0 0 0 0 0 0 0 0 0 197997322 0 0 0 0 0 0 0 0 19019 0 21141 0 0 0 0 0 0 0 0 0 0 0 51823321 1 0 0 0 0 0 0 0 0 0 0 0 0 0 0 0 0 0 0 0 0 0 0 15522 4215 0 0 0 0 715999 0 0 0 0 0 0 0 0 0 0 0 0 0 0 0 0 0 0 0 0 0 0 0 0 0 0 0 0 0 0 0 0 0 0 0 0 0 0 0 0 0 0 0 0 0 0 0 0 0 0 0 0 0 0 0 0 0 0 0 0 0 0 0 0 0 0 0 0 0 0 0 0 0 0 0 19319775 0 0 0
ctxt 39960035
btime 1673393901
processes 14769
procs_running 1
procs_blocked 0
softirq 98841847 88759871 625236 135812 1854222 21147 0 6101172 970315 17 374055

cpu  134627 1113 87338 6679592 6442 0 230776 0 0 0
cpu0 2584 34 4612 1728035 2069 0 52114 0 0 0
cpu1 123060 0 64514 1511414 908 0 73028 0 0 0
cpu2 6253 9 13716 1709480 1886 0 54681 0 0 0
cpu3 2728 1069 4494 1730662 1578 0 50952 0 0 0
intr 271298648 0 0 67278 75 0 21413 1142100 0 0 0 146355 0 0 0 0 0 0 0 0 0 0 0 0 0 0 0 0 0 0 0 0 0 0 0 0 0 0 0 0 0 0 0 0 0 0 0 0 0 0 0 0 198001325 0 0 0 0 0 0 0 0 19019 0 21141 0 0 0 0 0 0 0 0 0 0 0 51823449 1 0 0 0 0 0 0 0 0 0 0 0 0 0 0 0 0 0 0 0 0 0 0 15522 4215 0 0 0 0 716021 0 0 0 0 0 0 0 0 0 0 0 0 0 0 0 0 0 0 0 0 0 0 0 0 0 0 0 0 0 0 0 0 0 0 0 0 0 0 0 0 0 0 0 0 0 0 0 0 0 0 0 0 0 0 0 0 0 0 0 0 0 0 0 0 0 0 0 0 0 0 0 0 0 0 0 19320735 0 0 0
ctxt 39961937
btime 1673393901
processes 14769
procs_running 1
procs_blocked 0
softirq 98841935 88759871 625251 135812 1854223 21147 0 6101190 970355 17 374069

cpu  134628 1113 87342 6679782 6442 0 230776 0 0 0
cpu0 2584 34 4612 1728084 2069 0 52114 0 0 0
cpu1 123061 0 64516 1511459 908 0 73028 0 0 0
cpu2 6254 9 13718 1709526 1886 0 54681 0 0 0
cpu3 2728 1069 4494 1730711 1578 0 50952 0 0 0
intr 271303780 0 0 67282 75 0 21413 1142124 0 0 0 146360 0 0 0 0 0 0 0 0 0 0 0 0 0 0 0 0 0 0 0 0 0 0 0 0 0 0 0 0 0 0 0 0 0 0 0 0 0 0 0 0 198005321 0 0 0 0 0 0 0 0 19019 0 21141 0 0 0 0 0 0 0 0 0 0 0 51823579 1 0 0 0 0 0 0 0 0 0 0 0 0 0 0 0 0 0 0 0 0 0 0 15522 4215 0 0 0 0 716043 0 0 0 0 0 0 0 0 0 0 0 0 0 0 0 0 0 0 0 0 0 0 0 0 0 0 0 0 0 0 0 0 0 0 0 0 0 0 0 0 0 0 0 0 0 0 0 0 0 0 0 0 0 0 0 0 0 0 0 0 0 0 0 0 0 0 0 0 0 0 0 0 0 0 0 19321687 0 0 0
ctxt 39963832
btime 1673393901
processes 14769
procs_running 1
procs_blocked 0
softirq 98842020 88759871 625267 135812 1854224 21147 0 6101209 970391 17 374082

cpu  134628 1113 87346 6679972 6442 0 230776 0 0 0
cpu0 2584 34 4612 1728134 2069 0 52114 0 0 0
cpu1 123061 0 64519 1511505 908 0 73028 0 0 0
cpu2 6254 9 13719 1709572 1886 0 54681 0 0 0
cpu3 2728 1069 4494 1730761 1578 0 50952 0 0 0
intr 271308971 0 0 67287 75 0 21413 1142155 0 0 0 146365 0 0 0 0 0 0 0 0 0 0 0 0 0 0 0 0 0 0 0 0 0 0 0 0 0 0 0 0 0 0 0 0 0 0 0 0 0 0 0 0 198009343 0 0 0 0 0 0 0 0 19019 0 21141 0 0 0 0 0 0 0 0 0 0 0 51823731 1 0 0 0 0 0 0 0 0 0 0 0 0 0 0 0 0 0 0 0 0 0 0 15522 4215 0 0 0 0 716065 0 0 0 0 0 0 0 0 0 0 0 0 0 0 0 0 0 0 0 0 0 0 0 0 0 0 0 0 0 0 0 0 0 0 0 0 0 0 0 0 0 0 0 0 0 0 0 0 0 0 0 0 0 0 0 0 0 0 0 0 0 0 0 0 0 0 0 0 0 0 0 0 0 0 0 19322640 0 0 0
ctxt 39965745
btime 1673393901
processes 14769
procs_running 1
procs_blocked 0
softirq 98842118 88759879 625285 135812 1854225 21147 0 6101230 970428 17 374095

cpu  134629 1113 87349 6680163 6442 0 230776 0 0 0
cpu0 2584 34 4612 1728183 2069 0 52114 0 0 0
cpu1 123062 0 64521 1511551 908 0 73028 0 0 0
cpu2 6254 9 13720 1709617 1886 0 54681 0 0 0
cpu3 2728 1069 4494 1730810 1578 0 50952 0 0 0
intr 271314116 0 0 67291 75 0 21413 1142182 0 0 0 146370 0 0 0 0 0 0 0 0 0 0 0 0 0 0 0 0 0 0 0 0 0 0 0 0 0 0 0 0 0 0 0 0 0 0 0 0 0 0 0 0 198013346 0 0 0 0 0 0 0 0 19019 0 21141 0 0 0 0 0 0 0 0 0 0 0 51823861 1 0 0 0 0 0 0 0 0 0 0 0 0 0 0 0 0 0 0 0 0 0 0 15522 4215 0 0 0 0 716087 0 0 0 0 0 0 0 0 0 0 0 0 0 0 0 0 0 0 0 0 0 0 0 0 0 0 0 0 0 0 0 0 0 0 0 0 0 0 0 0 0 0 0 0 0 0 0 0 0 0 0 0 0 0 0 0 0 0 0 0 0 0 0 0 0 0 0 0 0 0 0 0 0 0 0 19323595 0 0 0
ctxt 39967649
btime 1673393901
processes 14769
procs_running 2
procs_blocked 0
softirq 98842204 88759879 625303 135813 1854226 21147 0 6101249 970463 17 374107

cpu  134630 1113 87353 6680353 6442 0 230776 0 0 0
cpu0 2584 34 4612 1728232 2069 0 52114 0 0 0
cpu1 123062 0 64523 1511597 908 0 73028 0 0 0
cpu2 6254 9 13722 1709663 1886 0 54681 0 0 0
cpu3 2728 1069 4494 1730859 1578 0 50952 0 0 0
intr 271319316 0 0 67295 75 0 21413 1142216 0 0 0 146375 0 0 0 0 0 0 0 0 0 0 0 0 0 0 0 0 0 0 0 0 0 0 0 0 0 0 0 0 0 0 0 0 0 0 0 0 0 0 0 0 198017372 0 0 0 0 0 0 0 0 19019 0 21141 0 0 0 0 0 0 0 0 0 0 0 51824013 1 0 0 0 0 0 0 0 0 0 0 0 0 0 0 0 0 0 0 0 0 0 0 15522 4215 0 0 0 0 716109 0 0 0 0 0 0 0 0 0 0 0 0 0 0 0 0 0 0 0 0 0 0 0 0 0 0 0 0 0 0 0 0 0 0 0 0 0 0 0 0 0 0 0 0 0 0 0 0 0 0 0 0 0 0 0 0 0 0 0 0 0 0 0 0 0 0 0 0 0 0 0 0 0 0 0 19324551 0 0 0
ctxt 39969575
btime 1673393901
processes 14769
procs_running 1
procs_blocked 0
softirq 98842295 88759887 625320 135813 1854227 21147 0 6101267 970497 17 374120

cpu  134630 1113 87358 6680543 6442 0 230776 0 0 0
cpu0 2584 34 4612 1728281 2069 0 52114 0 0 0
cpu1 123062 0 64525 1511643 908 0 73028 0 0 0
cpu2 6254 9 13725 1709709 1886 0 54681 0 0 0
cpu3 2728 1069 4494 1730909 1578 0 50952 0 0 0
intr 271324468 0 0 67303 75 0 21413 1142245 0 0 0 146380 0 0 0 0 0 0 0 0 0 0 0 0 0 0 0 0 0 0 0 0 0 0 0 0 0 0 0 0 0 0 0 0 0 0 0 0 0 0 0 0 198021370 0 0 0 0 0 0 0 0 19019 0 21141 0 0 0 0 0 0 0 0 0 0 0 51824143 1 0 0 0 0 0 0 0 0 0 0 0 0 0 0 0 0 0 0 0 0 0 0 15522 4215 0 0 0 0 716131 0 0 0 0 0 0 0 0 0 0 0 0 0 0 0 0 0 0 0 0 0 0 0 0 0 0 0 0 0 0 0 0 0 0 0 0 0 0 0 0 0 0 0 0 0 0 0 0 0 0 0 0 0 0 0 0 0 0 0 0 0 0 0 0 0 0 0 0 0 0 0 0 0 0 0 19325512 0 0 0
ctxt 39971483
btime 1673393901
processes 14769
procs_running 2
procs_blocked 0
softirq 98842385 88759887 625336 135813 1854228 21147 0 6101286 970538 17 374133

cpu  134631 1113 87362 6680733 6442 0 230776 0 0 0
cpu0 2584 34 4612 1728331 2069 0 52114 0 0 0
cpu1 123063 0 64527 1511688 908 0 73028 0 0 0
cpu2 6254 9 13728 1709754 1886 0 54681 0 0 0
cpu3 2728 1069 4494 1730958 1578 0 50952 0 0 0
intr 271329665 0 0 67308 75 0 21413 1142279 0 0 0 146384 0 0 0 0 0 0 0 0 0 0 0 0 0 0 0 0 0 0 0 0 0 0 0 0 0 0 0 0 0 0 0 0 0 0 0 0 0 0 0 0 198025391 0 0 0 0 0 0 0 0 19019 0 21141 0 0 0 0 0 0 0 0 0 0 0 51824295 1 0 0 0 0 0 0 0 0 0 0 0 0 0 0 0 0 0 0 0 0 0 0 15522 4215 0 0 0 0 716153 0 0 0 0 0 0 0 0 0 0 0 0 0 0 0 0 0 0 0 0 0 0 0 0 0 0 0 0 0 0 0 0 0 0 0 0 0 0 0 0 0 0 0 0 0 0 0 0 0 0 0 0 0 0 0 0 0 0 0 0 0 0 0 0 0 0 0 0 0 0 0 0 0 0 0 19326469 0 0 0
ctxt 39973394
btime 1673393901
processes 14769
procs_running 1
procs_blocked 0
softirq 98842483 88759895 625353 135813 1854229 21147 0 6101304 970579 17 374146

cpu  134632 1113 87366 6680922 6442 0 230777 0 0 0
cpu0 2584 34 4612 1728380 2069 0 52114 0 0 0
cpu1 123063 0 64528 1511734 908 0 73028 0 0 0
cpu2 6256 9 13730 1709800 1886 0 54681 0 0 0
cpu3 2728 1069 4494 1731007 1578 0 50953 0 0 0
intr 271335107 0 0 67314 75 0 21413 1142312 0 0 0 146389 0 0 0 0 0 0 0 0 0 0 0 0 0 0 0 0 0 0 0 0 0 0 0 0 0 0 0 0 0 0 0 0 0 0 0 0 0 0 0 0 198029538 0 0 0 0 0 0 0 0 19019 0 21141 0 0 0 0 0 0 0 0 0 0 0 51824569 1 0 0 0 0 0 0 0 0 0 0 0 0 0 0 0 0 0 0 0 0 0 0 15522 4215 0 0 0 0 716175 0 0 0 0 0 0 0 0 0 0 0 0 0 0 0 0 0 0 0 0 0 0 0 0 0 0 0 0 0 0 0 0 0 0 0 0 0 0 0 0 0 0 0 0 0 0 0 0 0 0 0 0 0 0 0 0 0 0 0 0 0 0 0 0 0 0 0 0 0 0 0 0 0 0 0 19327424 0 0 0
ctxt 39975309
btime 1673393901
processes 14769
procs_running 1
procs_blocked 0
softirq 98842796 88760098 625369 135814 1854234 21147 0 6101342 970616 17 374159

cpu  134634 1113 87369 6681112 6442 0 230778 0 0 0
cpu0 2584 34 4612 1728429 2069 0 52114 0 0 0
cpu1 123065 0 64529 1511780 908 0 73028 0 0 0
cpu2 6256 9 13732 1709845 1886 0 54681 0 0 0
cpu3 2728 1069 4494 1731056 1578 0 50953 0 0 0
intr 271340472 0 0 67324 75 0 21413 1142354 0 0 0 146394 0 0 0 0 0 0 0 0 0 0 0 0 0 0 0 0 0 0 0 0 0 0 0 0 0 0 0 0 0 0 0 0 0 0 0 0 0 0 0 0 198033635 0 0 0 0 0 0 0 0 19019 0 21141 0 0 0 0 0 0 0 0 0 0 0 51824794 1 0 0 0 0 0 0 0 0 0 0 0 0 0 0 0 0 0 0 0 0 0 0 15522 4215 0 0 0 0 716197 0 0 0 0 0 0 0 0 0 0 0 0 0 0 0 0 0 0 0 0 0 0 0 0 0 0 0 0 0 0 0 0 0 0 0 0 0 0 0 0 0 0 0 0 0 0 0 0 0 0 0 0 0 0 0 0 0 0 0 0 0 0 0 0 0 0 0 0 0 0 0 0 0 0 0 19328390 0 0 0
ctxt 39977249
btime 1673393901
processes 14769
procs_running 2
procs_blocked 0
softirq 98843025 88760228 625384 135814 1854237 21147 0 6101369 970654 17 374175

cpu  134634 1113 87372 6681302 6442 0 230779 0 0 0
cpu0 2584 34 4612 1728478 2069 0 52114 0 0 0
cpu1 123065 0 64531 1511825 908 0 73029 0 0 0
cpu2 6256 9 13733 1709891 1886 0 54681 0 0 0
cpu3 2728 1069 4494 1731106 1578 0 50953 0 0 0
intr 271345773 0 0 67332 75 0 21413 1142386 0 0 0 146399 0 0 0 0 0 0 0 0 0 0 0 0 0 0 0 0 0 0 0 0 0 0 0 0 0 0 0 0 0 0 0 0 0 0 0 0 0 0 0 0 198037705 0 0 0 0 0 0 0 0 19019 0 21141 0 0 0 0 0 0 0 0 0 0 0 51824996 1 0 0 0 0 0 0 0 0 0 0 0 0 0 0 0 0 0 0 0 0 0 0 15522 4215 0 0 0 0 716219 0 0 0 0 0 0 0 0 0 0 0 0 0 0 0 0 0 0 0 0 0 0 0 0 0 0 0 0 0 0 0 0 0 0 0 0 0 0 0 0 0 0 0 0 0 0 0 0 0 0 0 0 0 0 0 0 0 0 0 0 0 0 0 0 0 0 0 0 0 0 0 0 0 0 0 19329350 0 0 0
ctxt 39979168
btime 1673393901
processes 14769
procs_running 1
procs_blocked 0
softirq 98843235 88760339 625401 135815 1854240 21147 0 6101393 970692 17 374191

cpu  134636 1113 87376 6681491 6442 0 230779 0 0 0
cpu0 2584 34 4613 1728527 2069 0 52114 0 0 0
cpu1 123066 0 64532 1511871 908 0 73029 0 0 0
cpu2 6256 9 13736 1709937 1886 0 54681 0 0 0
cpu3 2728 1069 4494 1731154 1578 0 50953 0 0 0
intr 271351120 0 0 67341 75 0 21413 1142423 0 0 0 146404 0 0 0 0 0 0 0 0 0 0 0 0 0 0 0 0 0 0 0 0 0 0 0 0 0 0 0 0 0 0 0 0 0 0 0 0 0 0 0 0 198041797 0 0 0 0 0 0 0 0 19019 0 21141 0 0 0 0 0 0 0 0 0 0 0 51825220 1 0 0 0 0 0 0 0 0 0 0 0 0 0 0 0 0 0 0 0 0 0 0 15522 4215 0 0 0 0 716241 0 0 0 0 0 0 0 0 0 0 0 0 0 0 0 0 0 0 0 0 0 0 0 0 0 0 0 0 0 0 0 0 0 0 0 0 0 0 0 0 0 0 0 0 0 0 0 0 0 0 0 0 0 0 0 0 0 0 0 0 0 0 0 0 0 0 0 0 0 0 0 0 0 0 0 19330309 0 0 0
ctxt 39981095
btime 1673393901
processes 14769
procs_running 1
procs_blocked 0
softirq 98843448 88760455 625419 135816 1854243 21147 0 6101418 970728 17 374205

cpu  134637 1113 87378 6681681 6442 0 230779 0 0 0
cpu0 2584 34 4613 1728576 2069 0 52114 0 0 0
cpu1 123067 0 64533 1511917 908 0 73029 0 0 0
cpu2 6256 9 13736 1709982 1886 0 54682 0 0 0
cpu3 2728 1069 4494 1731203 1578 0 50953 0 0 0
intr 271356561 0 0 67345 75 0 21413 1142449 0 0 0 146409 0 0 0 0 0 0 0 0 0 0 0 0 0 0 0 0 0 0 0 0 0 0 0 0 0 0 0 0 0 0 0 0 0 0 0 0 0 0 0 0 198045953 0 0 0 0 0 0 0 0 19019 0 21141 0 0 0 0 0 0 0 0 0 0 0 51825499 1 0 0 0 0 0 0 0 0 0 0 0 0 0 0 0 0 0 0 0 0 0 0 15522 4215 0 0 0 0 716263 0 0 0 0 0 0 0 0 0 0 0 0 0 0 0 0 0 0 0 0 0 0 0 0 0 0 0 0 0 0 0 0 0 0 0 0 0 0 0 0 0 0 0 0 0 0 0 0 0 0 0 0 0 0 0 0 0 0 0 0 0 0 0 0 0 0 0 0 0 0 0 0 0 0 0 19331259 0 0 0
ctxt 39983014
btime 1673393901
processes 14769
procs_running 1
procs_blocked 0
softirq 98843757 88760665 625435 135816 1854248 21147 0 6101454 970757 17 374218

cpu  134638 1113 87382 6681870 6442 0 230779 0 0 0
cpu0 2584 34 4613 1728625 2069 0 52114 0 0 0
cpu1 123068 0 64535 1511963 908 0 73029 0 0 0
cpu2 6257 9 13738 1710028 1886 0 54682 0 0 0
cpu3 2728 1069 4494 1731253 1578 0 50953 0 0 0
intr 271361917 0 0 67349 75 0 21413 1142484 0 0 0 146414 0 0 0 0 0 0 0 0 0 0 0 0 0 0 0 0 0 0 0 0 0 0 0 0 0 0 0 0 0 0 0 0 0 0 0 0 0 0 0 0 198050050 0 0 0 0 0 0 0 0 19019 0 21141 0 0 0 0 0 0 0 0 0 0 0 51825726 1 0 0 0 0 0 0 0 0 0 0 0 0 0 0 0 0 0 0 0 0 0 0 15522 4215 0 0 0 0 716285 0 0 0 0 0 0 0 0 0 0 0 0 0 0 0 0 0 0 0 0 0 0 0 0 0 0 0 0 0 0 0 0 0 0 0 0 0 0 0 0 0 0 0 0 0 0 0 0 0 0 0 0 0 0 0 0 0 0 0 0 0 0 0 0 0 0 0 0 0 0 0 0 0 0 0 19332223 0 0 0
ctxt 39984927
btime 1673393901
processes 14769
procs_running 1
procs_blocked 0
softirq 98843966 88760758 625452 135816 1854251 21147 0 6101487 970804 17 374234

cpu  134639 1113 87384 6682060 6442 0 230779 0 0 0
cpu0 2584 34 4613 1728674 2069 0 52114 0 0 0
cpu1 123068 0 64536 1512009 908 0 73029 0 0 0
cpu2 6257 9 13739 1710073 1886 0 54682 0 0 0
cpu3 2728 1069 4494 1731302 1578 0 50953 0 0 0
intr 271367203 0 0 67355 75 0 21413 1142513 0 0 0 146419 0 0 0 0 0 0 0 0 0 0 0 0 0 0 0 0 0 0 0 0 0 0 0 0 0 0 0 0 0 0 0 0 0 0 0 0 0 0 0 0 198054120 0 0 0 0 0 0 0 0 19019 0 21141 0 0 0 0 0 0 0 0 0 0 0 51825928 1 0 0 0 0 0 0 0 0 0 0 0 0 0 0 0 0 0 0 0 0 0 0 15522 4215 0 0 0 0 716307 0 0 0 0 0 0 0 0 0 0 0 0 0 0 0 0 0 0 0 0 0 0 0 0 0 0 0 0 0 0 0 0 0 0 0 0 0 0 0 0 0 0 0 0 0 0 0 0 0 0 0 0 0 0 0 0 0 0 0 0 0 0 0 0 0 0 0 0 0 0 0 0 0 0 0 19333176 0 0 0
ctxt 39986834
btime 1673393901
processes 14769
procs_running 1
procs_blocked 0
softirq 98844164 88760858 625468 135817 1854254 21147 0 6101519 970837 17 374247

cpu  134640 1113 87386 6682249 6442 0 230780 0 0 0
cpu0 2584 34 4613 1728724 2069 0 52114 0 0 0
cpu1 123069 0 64538 1512054 908 0 73029 0 0 0
cpu2 6257 9 13740 1710119 1886 0 54682 0 0 0
cpu3 2728 1069 4494 1731351 1578 0 50953 0 0 0
intr 271372566 0 0 67366 75 0 21413 1142553 0 0 0 146424 0 0 0 0 0 0 0 0 0 0 0 0 0 0 0 0 0 0 0 0 0 0 0 0 0 0 0 0 0 0 0 0 0 0 0 0 0 0 0 0 198058222 0 0 0 0 0 0 0 0 19019 0 21141 0 0 0 0 0 0 0 0 0 0 0 51826155 1 0 0 0 0 0 0 0 0 0 0 0 0 0 0 0 0 0 0 0 0 0 0 15522 4215 0 0 0 0 716329 0 0 0 0 0 0 0 0 0 0 0 0 0 0 0 0 0 0 0 0 0 0 0 0 0 0 0 0 0 0 0 0 0 0 0 0 0 0 0 0 0 0 0 0 0 0 0 0 0 0 0 0 0 0 0 0 0 0 0 0 0 0 0 0 0 0 0 0 0 0 0 0 0 0 0 19334133 0 0 0
ctxt 39988761
btime 1673393901
processes 14769
procs_running 2
procs_blocked 0
softirq 98844344 88760939 625486 135817 1854257 21147 0 6101547 970873 17 374261

cpu  134642 1113 87390 6682439 6442 0 230780 0 0 0
cpu0 2585 34 4613 1728773 2069 0 52114 0 0 0
cpu1 123070 0 64540 1512100 908 0 73029 0 0 0
cpu2 6258 9 13741 1710164 1886 0 54682 0 0 0
cpu3 2728 1069 4494 1731400 1578 0 50953 0 0 0
intr 271377857 0 0 67374 75 0 21413 1142584 0 0 0 146429 0 0 0 0 0 0 0 0 0 0 0 0 0 0 0 0 0 0 0 0 0 0 0 0 0 0 0 0 0 0 0 0 0 0 0 0 0 0 0 0 198062288 0 0 0 0 0 0 0 0 19019 0 21141 0 0 0 0 0 0 0 0 0 0 0 51826355 1 0 0 0 0 0 0 0 0 0 0 0 0 0 0 0 0 0 0 0 0 0 0 15522 4215 0 0 0 0 716351 0 0 0 0 0 0 0 0 0 0 0 0 0 0 0 0 0 0 0 0 0 0 0 0 0 0 0 0 0 0 0 0 0 0 0 0 0 0 0 0 0 0 0 0 0 0 0 0 0 0 0 0 0 0 0 0 0 0 0 0 0 0 0 0 0 0 0 0 0 0 0 0 0 0 0 19335092 0 0 0
ctxt 39990668
btime 1673393901
processes 14769
procs_running 2
procs_blocked 0
softirq 98844563 88761064 625502 135819 1854260 21147 0 6101572 970908 17 374274

cpu  134642 1113 87394 6682629 6442 0 230780 0 0 0
cpu0 2585 34 4614 1728822 2069 0 52114 0 0 0
cpu1 123070 0 64542 1512146 908 0 73029 0 0 0
cpu2 6258 9 13743 1710210 1886 0 54682 0 0 0
cpu3 2728 1069 4494 1731449 1578 0 50953 0 0 0
intr 271383212 0 0 67382 75 0 21413 1142620 0 0 0 146434 0 0 0 0 0 0 0 0 0 0 0 0 0 0 0 0 0 0 0 0 0 0 0 0 0 0 0 0 0 0 0 0 0 0 0 0 0 0 0 0 198066387 0 0 0 0 0 0 0 0 19019 0 21141 0 0 0 0 0 0 0 0 0 0 0 51826577 1 0 0 0 0 0 0 0 0 0 0 0 0 0 0 0 0 0 0 0 0 0 0 15522 4215 0 0 0 0 716373 0 0 0 0 0 0 0 0 0 0 0 0 0 0 0 0 0 0 0 0 0 0 0 0 0 0 0 0 0 0 0 0 0 0 0 0 0 0 0 0 0 0 0 0 0 0 0 0 0 0 0 0 0 0 0 0 0 0 0 0 0 0 0 0 0 0 0 0 0 0 0 0 0 0 0 19336054 0 0 0
ctxt 39992611
btime 1673393901
processes 14769
procs_running 1
procs_blocked 0
softirq 98844793 88761193 625522 135820 1854263 21147 0 6101595 970946 17 374290

cpu  134643 1113 87399 6682817 6442 0 230780 0 0 0
cpu0 2585 34 4614 1728871 2069 0 52114 0 0 0
cpu1 123070 0 64545 1512191 908 0 73029 0 0 0
cpu2 6258 9 13744 1710255 1886 0 54682 0 0 0
cpu3 2728 1069 4494 1731498 1578 0 50953 0 0 0
intr 271388668 0 0 67386 75 0 21413 1142657 0 0 0 146439 0 0 0 0 0 0 0 0 0 0 0 0 0 0 0 0 0 0 0 0 0 0 0 0 0 0 0 0 0 0 0 0 0 0 0 0 0 0 0 0 198070533 0 0 0 0 0 0 0 0 19019 0 21141 0 0 0 0 0 0 0 0 0 0 0 51826855 1 0 0 0 0 0 0 0 0 0 0 0 0 0 0 0 0 0 0 0 0 0 0 15522 4215 0 0 0 0 716395 0 0 0 0 0 0 0 0 0 0 0 0 0 0 0 0 0 0 0 0 0 0 0 0 0 0 0 0 0 0 0 0 0 0 0 0 0 0 0 0 0 0 0 0 0 0 0 0 0 0 0 0 0 0 0 0 0 0 0 0 0 0 0 0 0 0 0 0 0 0 0 0 0 0 0 19337017 0 0 0
ctxt 39994537
btime 1673393901
processes 14769
procs_running 1
procs_blocked 0
softirq 98845155 88761421 625540 135820 1854268 21147 0 6101631 970993 17 374318

cpu  134644 1113 87402 6683007 6442 0 230780 0 0 0
cpu0 2585 34 4614 1728920 2069 0 52114 0 0 0
cpu1 123071 0 64546 1512237 908 0 73029 0 0 0
cpu2 6258 9 13746 1710301 1886 0 54682 0 0 0
cpu3 2728 1069 4494 1731547 1578 0 50953 0 0 0
intr 271394021 0 0 67393 75 0 21413 1142694 0 0 0 146444 0 0 0 0 0 0 0 0 0 0 0 0 0 0 0 0 0 0 0 0 0 0 0 0 0 0 0 0 0 0 0 0 0 0 0 0 0 0 0 0 198074630 0 0 0 0 0 0 0 0 19019 0 21141 0 0 0 0 0 0 0 0 0 0 0 51827081 1 0 0 0 0 0 0 0 0 0 0 0 0 0 0 0 0 0 0 0 0 0 0 15522 4215 0 0 0 0 716417 0 0 0 0 0 0 0 0 0 0 0 0 0 0 0 0 0 0 0 0 0 0 0 0 0 0 0 0 0 0 0 0 0 0 0 0 0 0 0 0 0 0 0 0 0 0 0 0 0 0 0 0 0 0 0 0 0 0 0 0 0 0 0 0 0 0 0 0 0 0 0 0 0 0 0 19337976 0 0 0
ctxt 39996478
btime 1673393901
processes 14769
procs_running 1
procs_blocked 0
softirq 98845377 88761540 625559 135821 1854271 21147 0 6101658 971030 17 374334

cpu  134645 1113 87407 6683196 6442 0 230780 0 0 0
cpu0 2585 34 4615 1728969 2069 0 52114 0 0 0
cpu1 123071 0 64549 1512283 908 0 73029 0 0 0
cpu2 6259 9 13748 1710346 1886 0 54682 0 0 0
cpu3 2728 1069 4494 1731597 1578 0 50953 0 0 0
intr 271399321 0 0 67401 75 0 21413 1142722 0 0 0 146449 0 0 0 0 0 0 0 0 0 0 0 0 0 0 0 0 0 0 0 0 0 0 0 0 0 0 0 0 0 0 0 0 0 0 0 0 0 0 0 0 198078703 0 0 0 0 0 0 0 0 19019 0 21141 0 0 0 0 0 0 0 0 0 0 0 51827286 1 0 0 0 0 0 0 0 0 0 0 0 0 0 0 0 0 0 0 0 0 0 0 15522 4215 0 0 0 0 716439 0 0 0 0 0 0 0 0 0 0 0 0 0 0 0 0 0 0 0 0 0 0 0 0 0 0 0 0 0 0 0 0 0 0 0 0 0 0 0 0 0 0 0 0 0 0 0 0 0 0 0 0 0 0 0 0 0 0 0 0 0 0 0 0 0 0 0 0 0 0 0 0 0 0 0 19338935 0 0 0
ctxt 39998387
btime 1673393901
processes 14769
procs_running 1
procs_blocked 0
softirq 98845591 88761656 625574 135821 1854274 21147 0 6101687 971067 17 374348

cpu  134646 1113 87410 6683386 6442 0 230780 0 0 0
cpu0 2585 34 4615 1729018 2069 0 52114 0 0 0
cpu1 123072 0 64550 1512329 908 0 73030 0 0 0
cpu2 6260 9 13750 1710392 1886 0 54682 0 0 0
cpu3 2728 1069 4494 1731646 1578 0 50953 0 0 0
intr 271404680 0 0 67411 75 0 21413 1142759 0 0 0 146454 0 0 0 0 0 0 0 0 0 0 0 0 0 0 0 0 0 0 0 0 0 0 0 0 0 0 0 0 0 0 0 0 0 0 0 0 0 0 0 0 198082808 0 0 0 0 0 0 0 0 19019 0 21141 0 0 0 0 0 0 0 0 0 0 0 51827512 1 0 0 0 0 0 0 0 0 0 0 0 0 0 0 0 0 0 0 0 0 0 0 15522 4215 0 0 0 0 716461 0 0 0 0 0 0 0 0 0 0 0 0 0 0 0 0 0 0 0 0 0 0 0 0 0 0 0 0 0 0 0 0 0 0 0 0 0 0 0 0 0 0 0 0 0 0 0 0 0 0 0 0 0 0 0 0 0 0 0 0 0 0 0 0 0 0 0 0 0 0 0 0 0 0 0 19339890 0 0 0
ctxt 40000321
btime 1673393901
processes 14769
procs_running 1
procs_blocked 0
softirq 98845801 88761763 625593 135822 1854277 21147 0 6101719 971101 17 374362

cpu  134648 1113 87415 6683575 6442 0 230780 0 0 0
cpu0 2585 34 4615 1729067 2069 0 52114 0 0 0
cpu1 123073 0 64551 1512374 908 0 73030 0 0 0
cpu2 6261 9 13753 1710437 1886 0 54682 0 0 0
cpu3 2728 1069 4494 1731695 1578 0 50953 0 0 0
intr 271409989 0 0 67419 75 0 21413 1142791 0 0 0 146459 0 0 0 0 0 0 0 0 0 0 0 0 0 0 0 0 0 0 0 0 0 0 0 0 0 0 0 0 0 0 0 0 0 0 0 0 0 0 0 0 198086883 0 0 0 0 0 0 0 0 19019 0 21141 0 0 0 0 0 0 0 0 0 0 0 51827715 1 0 0 0 0 0 0 0 0 0 0 0 0 0 0 0 0 0 0 0 0 0 0 15522 4215 0 0 0 0 716483 0 0 0 0 0 0 0 0 0 0 0 0 0 0 0 0 0 0 0 0 0 0 0 0 0 0 0 0 0 0 0 0 0 0 0 0 0 0 0 0 0 0 0 0 0 0 0 0 0 0 0 0 0 0 0 0 0 0 0 0 0 0 0 0 0 0 0 0 0 0 0 0 0 0 0 19340854 0 0 0
ctxt 40002226
btime 1673393901
processes 14769
procs_running 1
procs_blocked 0
softirq 98846037 88761896 625611 135823 1854280 21147 0 6101743 971143 17 374377

cpu  134650 1113 87418 6683765 6442 0 230781 0 0 0
cpu0 2585 34 4615 1729116 2069 0 52114 0 0 0
cpu1 123074 0 64552 1512420 908 0 73030 0 0 0
cpu2 6261 9 13756 1710483 1886 0 54682 0 0 0
cpu3 2728 1069 4494 1731744 1578 0 50953 0 0 0
intr 271415331 0 0 67424 75 0 21413 1142824 0 0 0 146464 0 0 0 0 0 0 0 0 0 0 0 0 0 0 0 0 0 0 0 0 0 0 0 0 0 0 0 0 0 0 0 0 0 0 0 0 0 0 0 0 198090977 0 0 0 0 0 0 0 0 19019 0 21141 0 0 0 0 0 0 0 0 0 0 0 51827940 1 0 0 0 0 0 0 0 0 0 0 0 0 0 0 0 0 0 0 0 0 0 0 15522 4215 0 0 0 0 716505 0 0 0 0 0 0 0 0 0 0 0 0 0 0 0 0 0 0 0 0 0 0 0 0 0 0 0 0 0 0 0 0 0 0 0 0 0 0 0 0 0 0 0 0 0 0 0 0 0 0 0 0 0 0 0 0 0 0 0 0 0 0 0 0 0 0 0 0 0 0 0 0 0 0 0 19341813 0 0 0
ctxt 40004150
btime 1673393901
processes 14769
procs_running 1
procs_blocked 0
softirq 98846203 88761952 625630 135824 1854283 21147 0 6101773 971185 17 374392

cpu  134650 1113 87422 6683954 6442 0 230781 0 0 0
cpu0 2585 34 4615 1729165 2069 0 52114 0 0 0
cpu1 123074 0 64554 1512465 908 0 73030 0 0 0
cpu2 6261 9 13758 1710528 1886 0 54682 0 0 0
cpu3 2728 1069 4494 1731794 1578 0 50953 0 0 0
intr 271420769 0 0 67428 75 0 21413 1142857 0 0 0 146469 0 0 0 0 0 0 0 0 0 0 0 0 0 0 0 0 0 0 0 0 0 0 0 0 0 0 0 0 0 0 0 0 0 0 0 0 0 0 0 0 198095125 0 0 0 0 0 0 0 0 19019 0 21141 0 0 0 0 0 0 0 0 0 0 0 51828219 1 0 0 0 0 0 0 0 0 0 0 0 0 0 0 0 0 0 0 0 0 0 0 15522 4215 0 0 0 0 716527 0 0 0 0 0 0 0 0 0 0 0 0 0 0 0 0 0 0 0 0 0 0 0 0 0 0 0 0 0 0 0 0 0 0 0 0 0 0 0 0 0 0 0 0 0 0 0 0 0 0 0 0 0 0 0 0 0 0 0 0 0 0 0 0 0 0 0 0 0 0 0 0 0 0 0 19342759 0 0 0
ctxt 40006046
btime 1673393901
processes 14769
procs_running 1
procs_blocked 0
softirq 98846493 88762136 625646 135825 1854288 21147 0 6101807 971222 17 374405

cpu  134652 1113 87425 6684143 6442 0 230781 0 0 0
cpu0 2585 34 4616 1729214 2069 0 52114 0 0 0
cpu1 123075 0 64555 1512511 908 0 73030 0 0 0
cpu2 6262 9 13758 1710574 1886 0 54682 0 0 0
cpu3 2728 1069 4494 1731842 1578 0 50953 0 0 0
intr 271426124 0 0 67434 75 0 21413 1142895 0 0 0 146474 0 0 0 0 0 0 0 0 0 0 0 0 0 0 0 0 0 0 0 0 0 0 0 0 0 0 0 0 0 0 0 0 0 0 0 0 0 0 0 0 198099227 0 0 0 0 0 0 0 0 19019 0 21141 0 0 0 0 0 0 0 0 0 0 0 51828444 1 0 0 0 0 0 0 0 0 0 0 0 0 0 0 0 0 0 0 0 0 0 0 15522 4215 0 0 0 0 716549 0 0 0 0 0 0 0 0 0 0 0 0 0 0 0 0 0 0 0 0 0 0 0 0 0 0 0 0 0 0 0 0 0 0 0 0 0 0 0 0 0 0 0 0 0 0 0 0 0 0 0 0 0 0 0 0 0 0 0 0 0 0 0 0 0 0 0 0 0 0 0 0 0 0 0 19343716 0 0 0
ctxt 40007982
btime 1673393901
processes 14769
procs_running 1
procs_blocked 0
softirq 98846723 88762270 625663 135826 1854291 21147 0 6101835 971256 17 374418

cpu  134654 1113 87427 6684332 6442 0 230781 0 0 0
cpu0 2585 34 4616 1729263 2069 0 52114 0 0 0
cpu1 123076 0 64556 1512557 908 0 73030 0 0 0
cpu2 6264 9 13760 1710619 1886 0 54682 0 0 0
cpu3 2728 1069 4494 1731892 1578 0 50953 0 0 0
intr 271431433 0 0 67448 75 0 21413 1142928 0 0 0 146479 0 0 0 0 0 0 0 0 0 0 0 0 0 0 0 0 0 0 0 0 0 0 0 0 0 0 0 0 0 0 0 0 0 0 0 0 0 0 0 0 198103296 0 0 0 0 0 0 0 0 19019 0 21141 0 0 0 0 0 0 0 0 0 0 0 51828649 1 0 0 0 0 0 0 0 0 0 0 0 0 0 0 0 0 0 0 0 0 0 0 15522 4215 0 0 0 0 716571 0 0 0 0 0 0 0 0 0 0 0 0 0 0 0 0 0 0 0 0 0 0 0 0 0 0 0 0 0 0 0 0 0 0 0 0 0 0 0 0 0 0 0 0 0 0 0 0 0 0 0 0 0 0 0 0 0 0 0 0 0 0 0 0 0 0 0 0 0 0 0 0 0 0 0 19344676 0 0 0
ctxt 40009899
btime 1673393901
processes 14769
procs_running 1
procs_blocked 0
softirq 98846921 88762377 625678 135827 1854294 21147 0 6101863 971287 17 374431

cpu  134655 1113 87430 6684522 6442 0 230781 0 0 0
cpu0 2585 34 4616 1729312 2069 0 52114 0 0 0
cpu1 123076 0 64557 1512603 908 0 73030 0 0 0
cpu2 6264 9 13761 1710665 1886 0 54682 0 0 0
cpu3 2728 1069 4494 1731941 1578 0 50953 0 0 0
intr 271436786 0 0 67457 75 0 21413 1142970 0 0 0 146484 0 0 0 0 0 0 0 0 0 0 0 0 0 0 0 0 0 0 0 0 0 0 0 0 0 0 0 0 0 0 0 0 0 0 0 0 0 0 0 0 198107394 0 0 0 0 0 0 0 0 19019 0 21141 0 0 0 0 0 0 0 0 0 0 0 51828874 1 0 0 0 0 0 0 0 0 0 0 0 0 0 0 0 0 0 0 0 0 0 0 15522 4215 0 0 0 0 716593 0 0 0 0 0 0 0 0 0 0 0 0 0 0 0 0 0 0 0 0 0 0 0 0 0 0 0 0 0 0 0 0 0 0 0 0 0 0 0 0 0 0 0 0 0 0 0 0 0 0 0 0 0 0 0 0 0 0 0 0 0 0 0 0 0 0 0 0 0 0 0 0 0 0 0 19345629 0 0 0
ctxt 40011824
btime 1673393901
processes 14769
procs_running 1
procs_blocked 0
softirq 98847135 88762487 625696 135827 1854297 21147 0 6101901 971319 17 374444

cpu  134655 1113 87433 6684711 6442 0 230781 0 0 0
cpu0 2585 34 4617 1729361 2069 0 52114 0 0 0
cpu1 123076 0 64558 1512649 908 0 73030 0 0 0
cpu2 6264 9 13763 1710710 1886 0 54682 0 0 0
cpu3 2728 1069 4494 1731990 1578 0 50953 0 0 0
intr 271442077 0 0 67465 75 0 21413 1143000 0 0 0 146489 0 0 0 0 0 0 0 0 0 0 0 0 0 0 0 0 0 0 0 0 0 0 0 0 0 0 0 0 0 0 0 0 0 0 0 0 0 0 0 0 198111466 0 0 0 0 0 0 0 0 19019 0 21141 0 0 0 0 0 0 0 0 0 0 0 51829079 1 0 0 0 0 0 0 0 0 0 0 0 0 0 0 0 0 0 0 0 0 0 0 15522 4215 0 0 0 0 716615 0 0 0 0 0 0 0 0 0 0 0 0 0 0 0 0 0 0 0 0 0 0 0 0 0 0 0 0 0 0 0 0 0 0 0 0 0 0 0 0 0 0 0 0 0 0 0 0 0 0 0 0 0 0 0 0 0 0 0 0 0 0 0 0 0 0 0 0 0 0 0 0 0 0 0 19346578 0 0 0
ctxt 40013734
btime 1673393901
processes 14769
procs_running 2
procs_blocked 0
softirq 98847341 88762604 625713 135827 1854300 21147 0 6101926 971350 17 374457

cpu  134656 1113 87438 6684902 6442 0 230781 0 0 0
cpu0 2585 34 4617 1729411 2069 0 52114 0 0 0
cpu1 123076 0 64560 1512695 908 0 73030 0 0 0
cpu2 6265 9 13766 1710756 1886 0 54682 0 0 0
cpu3 2728 1069 4494 1732039 1578 0 50953 0 0 0
intr 271447287 0 0 67473 75 0 21413 1143031 0 0 0 146494 0 0 0 0 0 0 0 0 0 0 0 0 0 0 0 0 0 0 0 0 0 0 0 0 0 0 0 0 0 0 0 0 0 0 0 0 0 0 0 0 198115494 0 0 0 0 0 0 0 0 19019 0 21141 0 0 0 0 0 0 0 0 0 0 0 51829231 1 0 0 0 0 0 0 0 0 0 0 0 0 0 0 0 0 0 0 0 0 0 0 15522 4215 0 0 0 0 716637 0 0 0 0 0 0 0 0 0 0 0 0 0 0 0 0 0 0 0 0 0 0 0 0 0 0 0 0 0 0 0 0 0 0 0 0 0 0 0 0 0 0 0 0 0 0 0 0 0 0 0 0 0 0 0 0 0 0 0 0 0 0 0 0 0 0 0 0 0 0 0 0 0 0 0 19347542 0 0 0
ctxt 40015665
btime 1673393901
processes 14769
procs_running 1
procs_blocked 0
softirq 98847437 88762612 625730 135827 1854301 21147 0 6101945 971389 17 374469

cpu  134656 1113 87440 6685092 6442 0 230781 0 0 0
cpu0 2585 34 4617 1729460 2069 0 52114 0 0 0
cpu1 123076 0 64561 1512740 908 0 73030 0 0 0
cpu2 6266 9 13766 1710802 1886 0 54682 0 0 0
cpu3 2728 1069 4495 1732088 1578 0 50953 0 0 0
intr 271452412 0 0 67477 75 0 21413 1143055 0 0 0 146499 0 0 0 0 0 0 0 0 0 0 0 0 0 0 0 0 0 0 0 0 0 0 0 0 0 0 0 0 0 0 0 0 0 0 0 0 0 0 0 0 198119491 0 0 0 0 0 0 0 0 19019 0 21141 0 0 0 0 0 0 0 0 0 0 0 51829359 1 0 0 0 0 0 0 0 0 0 0 0 0 0 0 0 0 0 0 0 0 0 0 15522 4215 0 0 0 0 716656 0 0 0 0 0 0 0 0 0 0 0 0 0 0 0 0 0 0 0 0 0 0 0 0 0 0 0 0 0 0 0 0 0 0 0 0 0 0 0 0 0 0 0 0 0 0 0 0 0 0 0 0 0 0 0 0 0 0 0 0 0 0 0 0 0 0 0 0 0 0 0 0 0 0 0 19348490 0 0 0
ctxt 40017559
btime 1673393901
processes 14769
procs_running 1
procs_blocked 0
softirq 98847511 88762612 625745 135827 1854302 21147 0 6101959 971420 17 374482

cpu  134656 1113 87445 6685282 6442 0 230781 0 0 0
cpu0 2585 34 4617 1729510 2069 0 52114 0 0 0
cpu1 123076 0 64564 1512786 908 0 73030 0 0 0
cpu2 6266 9 13768 1710847 1886 0 54682 0 0 0
cpu3 2728 1069 4495 1732137 1578 0 50953 0 0 0
intr 271457617 0 0 67482 75 0 21413 1143091 0 0 0 146504 0 0 0 0 0 0 0 0 0 0 0 0 0 0 0 0 0 0 0 0 0 0 0 0 0 0 0 0 0 0 0 0 0 0 0 0 0 0 0 0 198123518 0 0 0 0 0 0 0 0 19019 0 21141 0 0 0 0 0 0 0 0 0 0 0 51829511 1 0 0 0 0 0 0 0 0 0 0 0 0 0 0 0 0 0 0 0 0 0 0 15522 4215 0 0 0 0 716678 0 0 0 0 0 0 0 0 0 0 0 0 0 0 0 0 0 0 0 0 0 0 0 0 0 0 0 0 0 0 0 0 0 0 0 0 0 0 0 0 0 0 0 0 0 0 0 0 0 0 0 0 0 0 0 0 0 0 0 0 0 0 0 0 0 0 0 0 0 0 0 0 0 0 0 19349447 0 0 0
ctxt 40019479
btime 1673393901
processes 14769
procs_running 1
procs_blocked 0
softirq 98847611 88762620 625762 135827 1854303 21147 0 6101979 971461 17 374495

cpu  134657 1113 87448 6685472 6442 0 230782 0 0 0
cpu0 2585 34 4617 1729559 2069 0 52114 0 0 0
cpu1 123076 0 64567 1512832 908 0 73030 0 0 0
cpu2 6266 9 13768 1710893 1886 0 54682 0 0 0
cpu3 2728 1069 4495 1732186 1578 0 50954 0 0 0
intr 271462753 0 0 67486 75 0 21413 1143116 0 0 0 146509 0 0 0 0 0 0 0 0 0 0 0 0 0 0 0 0 0 0 0 0 0 0 0 0 0 0 0 0 0 0 0 0 0 0 0 0 0 0 0 0 198127520 0 0 0 0 0 0 0 0 19019 0 21141 0 0 0 0 0 0 0 0 0 0 0 51829641 1 0 0 0 0 0 0 0 0 0 0 0 0 0 0 0 0 0 0 0 0 0 0 15522 4215 0 0 0 0 716700 0 0 0 0 0 0 0 0 0 0 0 0 0 0 0 0 0 0 0 0 0 0 0 0 0 0 0 0 0 0 0 0 0 0 0 0 0 0 0 0 0 0 0 0 0 0 0 0 0 0 0 0 0 0 0 0 0 0 0 0 0 0 0 0 0 0 0 0 0 0 0 0 0 0 0 19350396 0 0 0
ctxt 40021380
btime 1673393901
processes 14769
procs_running 1
procs_blocked 0
softirq 98847688 88762620 625776 135827 1854304 21147 0 6101997 971492 17 374508
