cpu  1619362 6672 2214604 105593584 36377 0 845014 0 0 0
cpu0 12514 1046 22515 27321124 11736 0 199810 0 0 0
cpu1 1576371 3224 2142399 23645395 3575 0 249380 0 0 0
cpu2 16553 2306 26198 27311939 8628 0 212316 0 0 0
cpu3 13922 94 23491 27315124 12437 0 183506 0 0 0
intr 2590369054 0 0 351084 75 0 153536 6524724 0 0 0 1684277 0 0 0 0 0 0 0 0 0 0 0 0 0 0 0 0 0 0 0 0 0 0 0 0 0 0 0 0 0 0 0 0 0 0 0 0 0 0 0 0 2351007414 0 0 0 0 0 0 0 0 53297 0 127776 0 0 0 0 0 0 0 0 0 0 0 181267983 1 0 0 0 0 0 0 0 0 0 0 0 0 0 0 0 0 0 0 0 0 0 0 122277 4213 0 0 0 0 3631242 0 0 0 0 0 0 0 0 0 0 0 0 0 0 0 0 0 0 0 0 0 0 0 0 0 0 0 0 0 0 0 0 0 0 0 0 0 0 0 0 0 0 0 0 0 0 0 0 0 0 0 0 0 0 0 0 0 0 0 0 0 0 0 0 0 0 0 0 0 0 0 0 0 0 0 45441157 0 0 0
ctxt 78917558
btime 1673080802
processes 117193
procs_running 1
procs_blocked 0
softirq 256054102 208668123 6136854 541000 9449390 127737 0 21977752 7146719 5 2006522

cpu  1619363 6672 2214605 105593778 36377 0 845014 0 0 0
cpu0 12514 1046 22515 27321174 11736 0 199810 0 0 0
cpu1 1576372 3224 2142400 23645440 3575 0 249380 0 0 0
cpu2 16553 2306 26198 27311989 8628 0 212316 0 0 0
cpu3 13922 94 23491 27315174 12437 0 183506 0 0 0
intr 2590373763 0 0 351088 75 0 153536 6524759 0 0 0 1684282 0 0 0 0 0 0 0 0 0 0 0 0 0 0 0 0 0 0 0 0 0 0 0 0 0 0 0 0 0 0 0 0 0 0 0 0 0 0 0 0 2351011425 0 0 0 0 0 0 0 0 53297 0 127776 0 0 0 0 0 0 0 0 0 0 0 181268113 1 0 0 0 0 0 0 0 0 0 0 0 0 0 0 0 0 0 0 0 0 0 0 122277 4213 0 0 0 0 3631271 0 0 0 0 0 0 0 0 0 0 0 0 0 0 0 0 0 0 0 0 0 0 0 0 0 0 0 0 0 0 0 0 0 0 0 0 0 0 0 0 0 0 0 0 0 0 0 0 0 0 0 0 0 0 0 0 0 0 0 0 0 0 0 0 0 0 0 0 0 0 0 0 0 0 0 45441651 0 0 0
ctxt 78918576
btime 1673080802
processes 117193
procs_running 1
procs_blocked 0
softirq 256054181 208668123 6136871 541000 9449392 127737 0 21977777 7146745 5 2006531

cpu  1619363 6672 2214606 105593971 36377 0 845014 0 0 0
cpu0 12514 1046 22515 27321223 11736 0 199810 0 0 0
cpu1 1576372 3224 2142400 23645486 3575 0 249380 0 0 0
cpu2 16553 2306 26198 27312038 8628 0 212316 0 0 0
cpu3 13922 94 23491 27315223 12437 0 183506 0 0 0
intr 2590378489 0 0 351093 75 0 153536 6524791 0 0 0 1684287 0 0 0 0 0 0 0 0 0 0 0 0 0 0 0 0 0 0 0 0 0 0 0 0 0 0 0 0 0 0 0 0 0 0 0 0 0 0 0 0 2351015443 0 0 0 0 0 0 0 0 53297 0 127776 0 0 0 0 0 0 0 0 0 0 0 181268265 1 0 0 0 0 0 0 0 0 0 0 0 0 0 0 0 0 0 0 0 0 0 0 122277 4213 0 0 0 0 3631293 0 0 0 0 0 0 0 0 0 0 0 0 0 0 0 0 0 0 0 0 0 0 0 0 0 0 0 0 0 0 0 0 0 0 0 0 0 0 0 0 0 0 0 0 0 0 0 0 0 0 0 0 0 0 0 0 0 0 0 0 0 0 0 0 0 0 0 0 0 0 0 0 0 0 0 45442144 0 0 0
ctxt 78919584
btime 1673080802
processes 117193
procs_running 2
procs_blocked 0
softirq 256054265 208668131 6136887 541000 9449393 127737 0 21977795 7146773 5 2006544

cpu  1619364 6672 2214608 105594164 36377 0 845014 0 0 0
cpu0 12514 1046 22515 27321272 11736 0 199810 0 0 0
cpu1 1576373 3224 2142403 23645531 3575 0 249380 0 0 0
cpu2 16554 2306 26198 27312087 8628 0 212316 0 0 0
cpu3 13922 94 23491 27315272 12437 0 183506 0 0 0
intr 2590383263 0 0 351101 75 0 153536 6524843 0 0 0 1684292 0 0 0 0 0 0 0 0 0 0 0 0 0 0 0 0 0 0 0 0 0 0 0 0 0 0 0 0 0 0 0 0 0 0 0 0 0 0 0 0 2351019447 0 0 0 0 0 0 0 0 53297 0 127800 0 0 0 0 0 0 0 0 0 0 0 181268395 1 0 0 0 0 0 0 0 0 0 0 0 0 0 0 0 0 0 0 0 0 0 0 122301 4213 0 0 0 0 3631315 0 0 0 0 0 0 0 0 0 0 0 0 0 0 0 0 0 0 0 0 0 0 0 0 0 0 0 0 0 0 0 0 0 0 0 0 0 0 0 0 0 0 0 0 0 0 0 0 0 0 0 0 0 0 0 0 0 0 0 0 0 0 0 0 0 0 0 0 0 0 0 0 0 0 0 45442648 0 0 0
ctxt 78920794
btime 1673080802
processes 117193
procs_running 1
procs_blocked 0
softirq 256054449 208668131 6136906 541000 9449394 127761 0 21977886 7146809 5 2006557

cpu  1619364 6672 2214610 105594357 36377 0 845014 0 0 0
cpu0 12514 1046 22515 27321322 11736 0 199810 0 0 0
cpu1 1576373 3224 2142404 23645576 3575 0 249380 0 0 0
cpu2 16554 2306 26198 27312136 8628 0 212317 0 0 0
cpu3 13922 94 23491 27315321 12437 0 183506 0 0 0
intr 2590387992 0 0 351105 75 0 153536 6524875 0 0 0 1684297 0 0 0 0 0 0 0 0 0 0 0 0 0 0 0 0 0 0 0 0 0 0 0 0 0 0 0 0 0 0 0 0 0 0 0 0 0 0 0 0 2351023467 0 0 0 0 0 0 0 0 53297 0 127800 0 0 0 0 0 0 0 0 0 0 0 181268547 1 0 0 0 0 0 0 0 0 0 0 0 0 0 0 0 0 0 0 0 0 0 0 122301 4213 0 0 0 0 3631337 0 0 0 0 0 0 0 0 0 0 0 0 0 0 0 0 0 0 0 0 0 0 0 0 0 0 0 0 0 0 0 0 0 0 0 0 0 0 0 0 0 0 0 0 0 0 0 0 0 0 0 0 0 0 0 0 0 0 0 0 0 0 0 0 0 0 0 0 0 0 0 0 0 0 0 45443142 0 0 0
ctxt 78921802
btime 1673080802
processes 117193
procs_running 1
procs_blocked 0
softirq 256054529 208668139 6136921 541000 9449395 127761 0 21977904 7146835 5 2006569

cpu  1619364 6672 2214612 105594551 36377 0 845014 0 0 0
cpu0 12514 1046 22515 27321371 11736 0 199810 0 0 0
cpu1 1576373 3224 2142406 23645622 3575 0 249380 0 0 0
cpu2 16554 2306 26198 27312186 8628 0 212317 0 0 0
cpu3 13922 94 23491 27315371 12437 0 183506 0 0 0
intr 2590392736 0 0 351109 75 0 153536 6524925 0 0 0 1684302 0 0 0 0 0 0 0 0 0 0 0 0 0 0 0 0 0 0 0 0 0 0 0 0 0 0 0 0 0 0 0 0 0 0 0 0 0 0 0 0 2351027471 0 0 0 0 0 0 0 0 53297 0 127800 0 0 0 0 0 0 0 0 0 0 0 181268677 1 0 0 0 0 0 0 0 0 0 0 0 0 0 0 0 0 0 0 0 0 0 0 122301 4213 0 0 0 0 3631387 0 0 0 0 0 0 0 0 0 0 0 0 0 0 0 0 0 0 0 0 0 0 0 0 0 0 0 0 0 0 0 0 0 0 0 0 0 0 0 0 0 0 0 0 0 0 0 0 0 0 0 0 0 0 0 0 0 0 0 0 0 0 0 0 0 0 0 0 0 0 0 0 0 0 0 45443643 0 0 0
ctxt 78922856
btime 1673080802
processes 117193
procs_running 1
procs_blocked 0
softirq 256054640 208668139 6136942 541001 9449399 127761 0 21977943 7146868 5 2006582

cpu  1619365 6672 2214613 105594744 36377 0 845014 0 0 0
cpu0 12514 1046 22515 27321420 11736 0 199810 0 0 0
cpu1 1576374 3224 2142407 23645668 3575 0 249380 0 0 0
cpu2 16554 2306 26198 27312235 8628 0 212317 0 0 0
cpu3 13922 94 23491 27315420 12437 0 183506 0 0 0
intr 2590397465 0 0 351114 75 0 153536 6524957 0 0 0 1684307 0 0 0 0 0 0 0 0 0 0 0 0 0 0 0 0 0 0 0 0 0 0 0 0 0 0 0 0 0 0 0 0 0 0 0 0 0 0 0 0 2351031486 0 0 0 0 0 0 0 0 53297 0 127800 0 0 0 0 0 0 0 0 0 0 0 181268829 1 0 0 0 0 0 0 0 0 0 0 0 0 0 0 0 0 0 0 0 0 0 0 122301 4213 0 0 0 0 3631409 0 0 0 0 0 0 0 0 0 0 0 0 0 0 0 0 0 0 0 0 0 0 0 0 0 0 0 0 0 0 0 0 0 0 0 0 0 0 0 0 0 0 0 0 0 0 0 0 0 0 0 0 0 0 0 0 0 0 0 0 0 0 0 0 0 0 0 0 0 0 0 0 0 0 0 45444140 0 0 0
ctxt 78923867
btime 1673080802
processes 117193
procs_running 1
procs_blocked 0
softirq 256054729 208668147 6136959 541001 9449400 127761 0 21977961 7146900 5 2006595

cpu  1619365 6672 2214616 105594937 36377 0 845014 0 0 0
cpu0 12514 1046 22515 27321470 11736 0 199810 0 0 0
cpu1 1576374 3224 2142409 23645714 3575 0 249380 0 0 0
cpu2 16554 2306 26200 27312283 8628 0 212317 0 0 0
cpu3 13922 94 23491 27315469 12437 0 183506 0 0 0
intr 2590402261 0 0 351120 75 0 153536 6525034 0 0 0 1684312 0 0 0 0 0 0 0 0 0 0 0 0 0 0 0 0 0 0 0 0 0 0 0 0 0 0 0 0 0 0 0 0 0 0 0 0 0 0 0 0 2351035490 0 0 0 0 0 0 0 0 53297 0 127800 0 0 0 0 0 0 0 0 0 0 0 181268959 1 0 0 0 0 0 0 0 0 0 0 0 0 0 0 0 0 0 0 0 0 0 0 122301 4213 0 0 0 0 3631486 0 0 0 0 0 0 0 0 0 0 0 0 0 0 0 0 0 0 0 0 0 0 0 0 0 0 0 0 0 0 0 0 0 0 0 0 0 0 0 0 0 0 0 0 0 0 0 0 0 0 0 0 0 0 0 0 0 0 0 0 0 0 0 0 0 0 0 0 0 0 0 0 0 0 0 45444639 0 0 0
ctxt 78924974
btime 1673080802
processes 117193
procs_running 2
procs_blocked 0
softirq 256054858 208668147 6136976 541001 9449408 127761 0 21978022 7146931 5 2006607

cpu  1619366 6672 2214618 105595131 36377 0 845014 0 0 0
cpu0 12514 1046 22515 27321519 11736 0 199810 0 0 0
cpu1 1576374 3224 2142410 23645759 3575 0 249380 0 0 0
cpu2 16554 2306 26200 27312333 8628 0 212317 0 0 0
cpu3 13922 94 23491 27315518 12437 0 183506 0 0 0
intr 2590406988 0 0 351122 75 0 153536 6525070 0 0 0 1684317 0 0 0 0 0 0 0 0 0 0 0 0 0 0 0 0 0 0 0 0 0 0 0 0 0 0 0 0 0 0 0 0 0 0 0 0 0 0 0 0 2351039509 0 0 0 0 0 0 0 0 53297 0 127800 0 0 0 0 0 0 0 0 0 0 0 181269111 1 0 0 0 0 0 0 0 0 0 0 0 0 0 0 0 0 0 0 0 0 0 0 122301 4213 0 0 0 0 3631508 0 0 0 0 0 0 0 0 0 0 0 0 0 0 0 0 0 0 0 0 0 0 0 0 0 0 0 0 0 0 0 0 0 0 0 0 0 0 0 0 0 0 0 0 0 0 0 0 0 0 0 0 0 0 0 0 0 0 0 0 0 0 0 0 0 0 0 0 0 0 0 0 0 0 0 45445128 0 0 0
ctxt 78925989
btime 1673080802
processes 117193
procs_running 1
procs_blocked 0
softirq 256054941 208668155 6136993 541001 9449409 127761 0 21978041 7146957 5 2006619

cpu  1619366 6672 2214620 105595324 36377 0 845014 0 0 0
cpu0 12514 1046 22515 27321568 11736 0 199810 0 0 0
cpu1 1576374 3224 2142412 23645805 3575 0 249380 0 0 0
cpu2 16554 2306 26201 27312382 8628 0 212317 0 0 0
cpu3 13922 94 23491 27315568 12437 0 183506 0 0 0
intr 2590411682 0 0 351128 75 0 153536 6525103 0 0 0 1684322 0 0 0 0 0 0 0 0 0 0 0 0 0 0 0 0 0 0 0 0 0 0 0 0 0 0 0 0 0 0 0 0 0 0 0 0 0 0 0 0 2351043513 0 0 0 0 0 0 0 0 53297 0 127800 0 0 0 0 0 0 0 0 0 0 0 181269241 1 0 0 0 0 0 0 0 0 0 0 0 0 0 0 0 0 0 0 0 0 0 0 122301 4213 0 0 0 0 3631530 0 0 0 0 0 0 0 0 0 0 0 0 0 0 0 0 0 0 0 0 0 0 0 0 0 0 0 0 0 0 0 0 0 0 0 0 0 0 0 0 0 0 0 0 0 0 0 0 0 0 0 0 0 0 0 0 0 0 0 0 0 0 0 0 0 0 0 0 0 0 0 0 0 0 0 45445623 0 0 0
ctxt 78926991
btime 1673080802
processes 117193
procs_running 1
procs_blocked 0
softirq 256055019 208668155 6137009 541001 9449410 127761 0 21978059 7146986 5 2006633

cpu  1619370 6672 2214626 105595511 36377 0 845014 0 0 0
cpu0 12514 1046 22516 27321615 11736 0 199810 0 0 0
cpu1 1576375 3224 2142415 23645850 3575 0 249380 0 0 0
cpu2 16555 2306 26202 27312428 8628 0 212317 0 0 0
cpu3 13924 94 23491 27315615 12437 0 183506 0 0 0
intr 2590416604 0 0 351135 75 0 153551 6525191 0 0 0 1684327 0 0 0 0 0 0 0 0 0 0 0 0 0 0 0 0 0 0 0 0 0 0 0 0 0 0 0 0 0 0 0 0 0 0 0 0 0 0 0 0 2351047533 0 0 0 0 0 0 0 0 53297 0 127800 0 0 0 0 0 0 0 0 0 0 0 181269391 1 0 0 0 0 0 0 0 0 0 0 0 0 0 0 0 0 0 0 0 0 0 0 122301 4213 0 0 0 0 3631583 0 0 0 0 0 0 0 0 0 0 0 0 0 0 0 0 0 0 0 0 0 0 0 0 0 0 0 0 0 0 0 0 0 0 0 0 0 0 0 0 0 0 0 0 0 0 0 0 0 0 0 0 0 0 0 0 0 0 0 0 0 0 0 0 0 0 0 0 0 0 0 0 0 0 0 45446207 0 0 0
ctxt 78928201
btime 1673080802
processes 117204
procs_running 1
procs_blocked 0
softirq 256055256 208668163 6137045 541001 9449414 127761 0 21978103 7147068 5 2006696

cpu  1619370 6672 2214628 105595704 36377 0 845014 0 0 0
cpu0 12514 1046 22516 27321664 11736 0 199810 0 0 0
cpu1 1576375 3224 2142416 23645896 3575 0 249380 0 0 0
cpu2 16555 2306 26203 27312477 8628 0 212317 0 0 0
cpu3 13924 94 23491 27315665 12437 0 183506 0 0 0
intr 2590421362 0 0 351135 75 0 153551 6525254 0 0 0 1684332 0 0 0 0 0 0 0 0 0 0 0 0 0 0 0 0 0 0 0 0 0 0 0 0 0 0 0 0 0 0 0 0 0 0 0 0 0 0 0 0 2351051537 0 0 0 0 0 0 0 0 53297 0 127800 0 0 0 0 0 0 0 0 0 0 0 181269521 1 0 0 0 0 0 0 0 0 0 0 0 0 0 0 0 0 0 0 0 0 0 0 122301 4213 0 0 0 0 3631638 0 0 0 0 0 0 0 0 0 0 0 0 0 0 0 0 0 0 0 0 0 0 0 0 0 0 0 0 0 0 0 0 0 0 0 0 0 0 0 0 0 0 0 0 0 0 0 0 0 0 0 0 0 0 0 0 0 0 0 0 0 0 0 0 0 0 0 0 0 0 0 0 0 0 0 45446707 0 0 0
ctxt 78929286
btime 1673080802
processes 117204
procs_running 1
procs_blocked 0
softirq 256055373 208668163 6137066 541001 9449418 127761 0 21978147 7147100 5 2006712

cpu  1619370 6672 2214632 105595896 36377 0 845014 0 0 0
cpu0 12514 1046 22516 27321713 11736 0 199810 0 0 0
cpu1 1576375 3224 2142419 23645942 3575 0 249380 0 0 0
cpu2 16555 2306 26204 27312526 8628 0 212317 0 0 0
cpu3 13924 94 23492 27315714 12437 0 183506 0 0 0
intr 2590426272 0 0 351147 75 0 153551 6525349 0 0 0 1684337 0 0 0 0 0 0 0 0 0 0 0 0 0 0 0 0 0 0 0 0 0 0 0 0 0 0 0 0 0 0 0 0 0 0 0 0 0 0 0 0 2351055564 0 0 0 0 0 0 0 0 53297 0 127800 0 0 0 0 0 0 0 0 0 0 0 181269675 1 0 0 0 0 0 0 0 0 0 0 0 0 0 0 0 0 0 0 0 0 0 0 122301 4213 0 0 0 0 3631734 0 0 0 0 0 0 0 0 0 0 0 0 0 0 0 0 0 0 0 0 0 0 0 0 0 0 0 0 0 0 0 0 0 0 0 0 0 0 0 0 0 0 0 0 0 0 0 0 0 0 0 0 0 0 0 0 0 0 0 0 0 0 0 0 0 0 0 0 0 0 0 0 0 0 0 45447229 0 0 0
ctxt 78930465
btime 1673080802
processes 117204
procs_running 1
procs_blocked 0
softirq 256055539 208668171 6137087 541001 9449428 127761 0 21978224 7147138 5 2006724

cpu  1619370 6672 2214635 105596089 36377 0 845014 0 0 0
cpu0 12514 1046 22516 27321763 11736 0 199810 0 0 0
cpu1 1576375 3224 2142422 23645987 3575 0 249380 0 0 0
cpu2 16555 2306 26204 27312575 8628 0 212317 0 0 0
cpu3 13924 94 23492 27315763 12437 0 183506 0 0 0
intr 2590431062 0 0 351155 75 0 153551 6525423 0 0 0 1684342 0 0 0 0 0 0 0 0 0 0 0 0 0 0 0 0 0 0 0 0 0 0 0 0 0 0 0 0 0 0 0 0 0 0 0 0 0 0 0 0 2351059560 0 0 0 0 0 0 0 0 53297 0 127800 0 0 0 0 0 0 0 0 0 0 0 181269803 1 0 0 0 0 0 0 0 0 0 0 0 0 0 0 0 0 0 0 0 0 0 0 122301 4213 0 0 0 0 3631805 0 0 0 0 0 0 0 0 0 0 0 0 0 0 0 0 0 0 0 0 0 0 0 0 0 0 0 0 0 0 0 0 0 0 0 0 0 0 0 0 0 0 0 0 0 0 0 0 0 0 0 0 0 0 0 0 0 0 0 0 0 0 0 0 0 0 0 0 0 0 0 0 0 0 0 45447737 0 0 0
ctxt 78931585
btime 1673080802
processes 117204
procs_running 1
procs_blocked 0
softirq 256055665 208668171 6137105 541001 9449435 127761 0 21978281 7147170 5 2006736

cpu  1619370 6672 2214638 105596282 36377 0 845014 0 0 0
cpu0 12514 1046 22516 27321812 11736 0 199810 0 0 0
cpu1 1576376 3224 2142424 23646033 3575 0 249380 0 0 0
cpu2 16555 2306 26204 27312624 8628 0 212317 0 0 0
cpu3 13924 94 23492 27315812 12437 0 183506 0 0 0
intr 2590435814 0 0 351160 75 0 153551 6525459 0 0 0 1684347 0 0 0 0 0 0 0 0 0 0 0 0 0 0 0 0 0 0 0 0 0 0 0 0 0 0 0 0 0 0 0 0 0 0 0 0 0 0 0 0 2351063581 0 0 0 0 0 0 0 0 53297 0 127800 0 0 0 0 0 0 0 0 0 0 0 181269955 1 0 0 0 0 0 0 0 0 0 0 0 0 0 0 0 0 0 0 0 0 0 0 122301 4213 0 0 0 0 3631832 0 0 0 0 0 0 0 0 0 0 0 0 0 0 0 0 0 0 0 0 0 0 0 0 0 0 0 0 0 0 0 0 0 0 0 0 0 0 0 0 0 0 0 0 0 0 0 0 0 0 0 0 0 0 0 0 0 0 0 0 0 0 0 0 0 0 0 0 0 0 0 0 0 0 0 45448243 0 0 0
ctxt 78932626
btime 1673080802
processes 117204
procs_running 1
procs_blocked 0
softirq 256055766 208668179 6137125 541001 9449437 127761 0 21978304 7147205 5 2006749

cpu  1619371 6672 2214639 105596476 36377 0 845014 0 0 0
cpu0 12514 1046 22516 27321861 11736 0 199810 0 0 0
cpu1 1576376 3224 2142426 23646079 3575 0 249380 0 0 0
cpu2 16555 2306 26204 27312674 8628 0 212317 0 0 0
cpu3 13924 94 23492 27315861 12437 0 183506 0 0 0
intr 2590440496 0 0 351164 75 0 153551 6525483 0 0 0 1684352 0 0 0 0 0 0 0 0 0 0 0 0 0 0 0 0 0 0 0 0 0 0 0 0 0 0 0 0 0 0 0 0 0 0 0 0 0 0 0 0 2351067585 0 0 0 0 0 0 0 0 53297 0 127800 0 0 0 0 0 0 0 0 0 0 0 181270085 1 0 0 0 0 0 0 0 0 0 0 0 0 0 0 0 0 0 0 0 0 0 0 122301 4213 0 0 0 0 3631854 0 0 0 0 0 0 0 0 0 0 0 0 0 0 0 0 0 0 0 0 0 0 0 0 0 0 0 0 0 0 0 0 0 0 0 0 0 0 0 0 0 0 0 0 0 0 0 0 0 0 0 0 0 0 0 0 0 0 0 0 0 0 0 0 0 0 0 0 0 0 0 0 0 0 0 45448735 0 0 0
ctxt 78933623
btime 1673080802
processes 117204
procs_running 1
procs_blocked 0
softirq 256055839 208668179 6137141 541002 9449438 127761 0 21978322 7147230 5 2006761

cpu  1619372 6672 2214640 105596670 36377 0 845014 0 0 0
cpu0 12515 1046 22516 27321911 11736 0 199810 0 0 0
cpu1 1576377 3224 2142427 23646125 3575 0 249380 0 0 0
cpu2 16555 2306 26204 27312723 8628 0 212317 0 0 0
cpu3 13924 94 23492 27315910 12437 0 183506 0 0 0
intr 2590445221 0 0 351168 75 0 153551 6525512 0 0 0 1684357 0 0 0 0 0 0 0 0 0 0 0 0 0 0 0 0 0 0 0 0 0 0 0 0 0 0 0 0 0 0 0 0 0 0 0 0 0 0 0 0 2351071606 0 0 0 0 0 0 0 0 53297 0 127800 0 0 0 0 0 0 0 0 0 0 0 181270237 1 0 0 0 0 0 0 0 0 0 0 0 0 0 0 0 0 0 0 0 0 0 0 122301 4213 0 0 0 0 3631873 0 0 0 0 0 0 0 0 0 0 0 0 0 0 0 0 0 0 0 0 0 0 0 0 0 0 0 0 0 0 0 0 0 0 0 0 0 0 0 0 0 0 0 0 0 0 0 0 0 0 0 0 0 0 0 0 0 0 0 0 0 0 0 0 0 0 0 0 0 0 0 0 0 0 0 45449231 0 0 0
ctxt 78934639
btime 1673080802
processes 117204
procs_running 1
procs_blocked 0
softirq 256055921 208668187 6137156 541002 9449439 127761 0 21978339 7147257 5 2006775

cpu  1619374 6672 2214648 105596855 36377 0 845014 0 0 0
cpu0 12516 1046 22517 27321958 11736 0 199810 0 0 0
cpu1 1576377 3224 2142428 23646171 3575 0 249380 0 0 0
cpu2 16556 2306 26206 27312769 8628 0 212317 0 0 0
cpu3 13924 94 23495 27315956 12437 0 183506 0 0 0
intr 2590450069 0 0 351172 75 0 153564 6525585 0 0 0 1684362 0 0 0 0 0 0 0 0 0 0 0 0 0 0 0 0 0 0 0 0 0 0 0 0 0 0 0 0 0 0 0 0 0 0 0 0 0 0 0 0 2351075610 0 0 0 0 0 0 0 0 53297 0 127800 0 0 0 0 0 0 0 0 0 0 0 181270367 1 0 0 0 0 0 0 0 0 0 0 0 0 0 0 0 0 0 0 0 0 0 0 122301 4213 0 0 0 0 3631923 0 0 0 0 0 0 0 0 0 0 0 0 0 0 0 0 0 0 0 0 0 0 0 0 0 0 0 0 0 0 0 0 0 0 0 0 0 0 0 0 0 0 0 0 0 0 0 0 0 0 0 0 0 0 0 0 0 0 0 0 0 0 0 0 0 0 0 0 0 0 0 0 0 0 0 45449799 0 0 0
ctxt 78935809
btime 1673080802
processes 117215
procs_running 1
procs_blocked 0
softirq 256056128 208668187 6137187 541002 9449443 127761 0 21978378 7147323 5 2006842

cpu  1619374 6672 2214651 105597047 36377 0 845015 0 0 0
cpu0 12516 1046 22517 27322007 11736 0 199810 0 0 0
cpu1 1576378 3224 2142431 23646216 3575 0 249380 0 0 0
cpu2 16556 2306 26206 27312818 8628 0 212318 0 0 0
cpu3 13924 94 23495 27316005 12437 0 183506 0 0 0
intr 2590455024 0 0 351181 75 0 153564 6525701 0 0 0 1684367 0 0 0 0 0 0 0 0 0 0 0 0 0 0 0 0 0 0 0 0 0 0 0 0 0 0 0 0 0 0 0 0 0 0 0 0 0 0 0 0 2351079632 0 0 0 0 0 0 0 0 53297 0 127800 0 0 0 0 0 0 0 0 0 0 0 181270519 1 0 0 0 0 0 0 0 0 0 0 0 0 0 0 0 0 0 0 0 0 0 0 122301 4213 0 0 0 0 3632046 0 0 0 0 0 0 0 0 0 0 0 0 0 0 0 0 0 0 0 0 0 0 0 0 0 0 0 0 0 0 0 0 0 0 0 0 0 0 0 0 0 0 0 0 0 0 0 0 0 0 0 0 0 0 0 0 0 0 0 0 0 0 0 0 0 0 0 0 0 0 0 0 0 0 0 45450328 0 0 0
ctxt 78937069
btime 1673080802
processes 117215
procs_running 1
procs_blocked 0
softirq 256056343 208668195 6137215 541002 9449455 127761 0 21978474 7147371 5 2006865

cpu  1619375 6672 2214654 105597239 36377 0 845015 0 0 0
cpu0 12516 1046 22518 27322056 11736 0 199810 0 0 0
cpu1 1576378 3224 2142433 23646261 3575 0 249381 0 0 0
cpu2 16556 2306 26207 27312867 8628 0 212318 0 0 0
cpu3 13924 94 23496 27316054 12437 0 183506 0 0 0
intr 2590459873 0 0 351191 75 0 153564 6525789 0 0 0 1684372 0 0 0 0 0 0 0 0 0 0 0 0 0 0 0 0 0 0 0 0 0 0 0 0 0 0 0 0 0 0 0 0 0 0 0 0 0 0 0 0 2351083628 0 0 0 0 0 0 0 0 53297 0 127800 0 0 0 0 0 0 0 0 0 0 0 181270649 1 0 0 0 0 0 0 0 0 0 0 0 0 0 0 0 0 0 0 0 0 0 0 122301 4213 0 0 0 0 3632146 0 0 0 0 0 0 0 0 0 0 0 0 0 0 0 0 0 0 0 0 0 0 0 0 0 0 0 0 0 0 0 0 0 0 0 0 0 0 0 0 0 0 0 0 0 0 0 0 0 0 0 0 0 0 0 0 0 0 0 0 0 0 0 0 0 0 0 0 0 0 0 0 0 0 0 45450848 0 0 0
ctxt 78938266
btime 1673080802
processes 117215
procs_running 1
procs_blocked 0
softirq 256056502 208668195 6137238 541002 9449464 127761 0 21978555 7147406 5 2006876

cpu  1619376 6672 2214657 105597432 36377 0 845015 0 0 0
cpu0 12516 1046 22518 27322106 11736 0 199810 0 0 0
cpu1 1576379 3224 2142434 23646307 3575 0 249381 0 0 0
cpu2 16556 2306 26208 27312915 8628 0 212318 0 0 0
cpu3 13924 94 23496 27316103 12437 0 183506 0 0 0
intr 2590464732 0 0 351195 75 0 153565 6525882 0 0 0 1684377 0 0 0 0 0 0 0 0 0 0 0 0 0 0 0 0 0 0 0 0 0 0 0 0 0 0 0 0 0 0 0 0 0 0 0 0 0 0 0 0 2351087632 0 0 0 0 0 0 0 0 53297 0 127800 0 0 0 0 0 0 0 0 0 0 0 181270777 1 0 0 0 0 0 0 0 0 0 0 0 0 0 0 0 0 0 0 0 0 0 0 122301 4213 0 0 0 0 3632257 0 0 0 0 0 0 0 0 0 0 0 0 0 0 0 0 0 0 0 0 0 0 0 0 0 0 0 0 0 0 0 0 0 0 0 0 0 0 0 0 0 0 0 0 0 0 0 0 0 0 0 0 0 0 0 0 0 0 0 0 0 0 0 0 0 0 0 0 0 0 0 0 0 0 0 45451360 0 0 0
ctxt 78939471
btime 1673080802
processes 117215
procs_running 1
procs_blocked 0
softirq 256056669 208668195 6137259 541002 9449475 127761 0 21978643 7147441 5 2006888

cpu  1619377 6672 2214658 105597625 36377 0 845015 0 0 0
cpu0 12516 1046 22518 27322155 11736 0 199810 0 0 0
cpu1 1576380 3224 2142436 23646353 3575 0 249381 0 0 0
cpu2 16556 2306 26208 27312964 8628 0 212318 0 0 0
cpu3 13924 94 23496 27316152 12437 0 183506 0 0 0
intr 2590469532 0 0 351197 75 0 153565 6525936 0 0 0 1684382 0 0 0 0 0 0 0 0 0 0 0 0 0 0 0 0 0 0 0 0 0 0 0 0 0 0 0 0 0 0 0 0 0 0 0 0 0 0 0 0 2351091660 0 0 0 0 0 0 0 0 53297 0 127800 0 0 0 0 0 0 0 0 0 0 0 181270931 1 0 0 0 0 0 0 0 0 0 0 0 0 0 0 0 0 0 0 0 0 0 0 122301 4213 0 0 0 0 3632311 0 0 0 0 0 0 0 0 0 0 0 0 0 0 0 0 0 0 0 0 0 0 0 0 0 0 0 0 0 0 0 0 0 0 0 0 0 0 0 0 0 0 0 0 0 0 0 0 0 0 0 0 0 0 0 0 0 0 0 0 0 0 0 0 0 0 0 0 0 0 0 0 0 0 0 45451863 0 0 0
ctxt 78940565
btime 1673080802
processes 117215
procs_running 1
procs_blocked 0
softirq 256056785 208668203 6137279 541002 9449480 127761 0 21978685 7147470 5 2006900

cpu  1619377 6672 2214662 105597818 36377 0 845015 0 0 0
cpu0 12516 1046 22518 27322204 11736 0 199810 0 0 0
cpu1 1576380 3224 2142438 23646399 3575 0 249381 0 0 0
cpu2 16556 2306 26209 27313013 8628 0 212318 0 0 0
cpu3 13925 94 23496 27316201 12437 0 183506 0 0 0
intr 2590474217 0 0 351202 75 0 153565 6525959 0 0 0 1684387 0 0 0 0 0 0 0 0 0 0 0 0 0 0 0 0 0 0 0 0 0 0 0 0 0 0 0 0 0 0 0 0 0 0 0 0 0 0 0 0 2351095657 0 0 0 0 0 0 0 0 53297 0 127800 0 0 0 0 0 0 0 0 0 0 0 181271060 1 0 0 0 0 0 0 0 0 0 0 0 0 0 0 0 0 0 0 0 0 0 0 122301 4213 0 0 0 0 3632333 0 0 0 0 0 0 0 0 0 0 0 0 0 0 0 0 0 0 0 0 0 0 0 0 0 0 0 0 0 0 0 0 0 0 0 0 0 0 0 0 0 0 0 0 0 0 0 0 0 0 0 0 0 0 0 0 0 0 0 0 0 0 0 0 0 0 0 0 0 0 0 0 0 0 0 45452369 0 0 0
ctxt 78941578
btime 1673080802
processes 117215
procs_running 1
procs_blocked 0
softirq 256056869 208668203 6137297 541002 9449481 127761 0 21978704 7147502 5 2006914

cpu  1619378 6672 2214664 105598011 36377 0 845015 0 0 0
cpu0 12516 1046 22518 27322253 11736 0 199810 0 0 0
cpu1 1576380 3224 2142440 23646444 3575 0 249381 0 0 0
cpu2 16556 2306 26209 27313062 8628 0 212318 0 0 0
cpu3 13925 94 23496 27316250 12437 0 183506 0 0 0
intr 2590478936 0 0 351202 75 0 153565 6525986 0 0 0 1684392 0 0 0 0 0 0 0 0 0 0 0 0 0 0 0 0 0 0 0 0 0 0 0 0 0 0 0 0 0 0 0 0 0 0 0 0 0 0 0 0 2351099675 0 0 0 0 0 0 0 0 53297 0 127800 0 0 0 0 0 0 0 0 0 0 0 181271213 1 0 0 0 0 0 0 0 0 0 0 0 0 0 0 0 0 0 0 0 0 0 0 122301 4213 0 0 0 0 3632355 0 0 0 0 0 0 0 0 0 0 0 0 0 0 0 0 0 0 0 0 0 0 0 0 0 0 0 0 0 0 0 0 0 0 0 0 0 0 0 0 0 0 0 0 0 0 0 0 0 0 0 0 0 0 0 0 0 0 0 0 0 0 0 0 0 0 0 0 0 0 0 0 0 0 0 45452861 0 0 0
ctxt 78942591
btime 1673080802
processes 117215
procs_running 1
procs_blocked 0
softirq 256056952 208668211 6137314 541002 9449482 127761 0 21978722 7147527 5 2006928

cpu  1619403 6672 2214670 105598143 36377 0 845029 0 0 0
cpu0 12517 1046 22518 27322294 11736 0 199811 0 0 0
cpu1 1576403 3224 2142442 23646464 3575 0 249384 0 0 0
cpu2 16557 2306 26211 27313102 8628 0 212318 0 0 0
cpu3 13925 94 23498 27316283 12437 0 183514 0 0 0
intr 2590491726 0 0 351206 75 0 153579 6526062 0 0 0 1684395 0 0 0 0 0 0 0 0 0 0 0 0 0 0 0 0 0 0 0 0 0 0 0 0 0 0 0 0 0 0 0 0 0 0 0 0 0 0 0 0 2351107761 0 0 0 0 0 0 0 0 53297 0 127800 0 0 0 0 0 0 0 0 0 0 0 181275369 1 0 0 0 0 0 0 0 0 0 0 0 0 0 0 0 0 0 0 0 0 0 0 122301 4213 0 0 0 0 3632406 0 0 0 0 0 0 0 0 0 0 0 0 0 0 0 0 0 0 0 0 0 0 0 0 0 0 0 0 0 0 0 0 0 0 0 0 0 0 0 0 0 0 0 0 0 0 0 0 0 0 0 0 0 0 0 0 0 0 0 0 0 0 0 0 0 0 0 0 0 0 0 0 0 0 0 45453264 0 0 0
ctxt 78943416
btime 1673080802
processes 117226
procs_running 2
procs_blocked 0
softirq 256067271 208673906 6137356 541002 9451636 127761 0 21981006 7147603 5 2006996

cpu  1619444 6672 2214675 105598228 36377 0 845079 0 0 0
cpu0 12517 1046 22519 27322332 11736 0 199815 0 0 0
cpu1 1576445 3224 2142444 23646464 3575 0 249390 0 0 0
cpu2 16557 2306 26211 27313111 8628 0 212355 0 0 0
cpu3 13925 94 23499 27316319 12437 0 183518 0 0 0
intr 2590509903 0 0 351206 75 0 153579 6526114 0 0 0 1684395 0 0 0 0 0 0 0 0 0 0 0 0 0 0 0 0 0 0 0 0 0 0 0 0 0 0 0 0 0 0 0 0 0 0 0 0 0 0 0 0 2351118506 0 0 0 0 0 0 0 0 53297 0 127800 0 0 0 0 0 0 0 0 0 0 0 181282436 1 0 0 0 0 0 0 0 0 0 0 0 0 0 0 0 0 0 0 0 0 0 0 122301 4213 0 0 0 0 3632435 0 0 0 0 0 0 0 0 0 0 0 0 0 0 0 0 0 0 0 0 0 0 0 0 0 0 0 0 0 0 0 0 0 0 0 0 0 0 0 0 0 0 0 0 0 0 0 0 0 0 0 0 0 0 0 0 0 0 0 0 0 0 0 0 0 0 0 0 0 0 0 0 0 0 0 45453546 0 0 0
ctxt 78943826
btime 1673080802
processes 117226
procs_running 3
procs_blocked 0
softirq 256083961 208687096 6137397 541003 9453209 127761 0 21982805 7147661 5 2007024

cpu  1619484 6672 2214683 105598295 36385 0 845145 0 0 0
cpu0 12517 1046 22521 27322363 11743 0 199819 0 0 0
cpu1 1576484 3224 2142449 23646464 3575 0 249396 0 0 0
cpu2 16557 2306 26211 27313111 8628 0 212404 0 0 0
cpu3 13925 94 23501 27316355 12437 0 183524 0 0 0
intr 2590527650 0 0 351207 75 0 153580 6526244 0 0 0 1684395 0 0 0 0 0 0 0 0 0 0 0 0 0 0 0 0 0 0 0 0 0 0 0 0 0 0 0 0 0 0 0 0 0 0 0 0 0 0 0 0 2351128787 0 0 0 0 0 0 0 0 53297 0 127822 0 0 0 0 0 0 0 0 0 0 0 181289282 1 0 0 0 0 0 0 0 0 0 0 0 0 0 0 0 0 0 0 0 0 0 0 122323 4213 0 0 0 0 3632534 0 0 0 0 0 0 0 0 0 0 0 0 0 0 0 0 0 0 0 0 0 0 0 0 0 0 0 0 0 0 0 0 0 0 0 0 0 0 0 0 0 0 0 0 0 0 0 0 0 0 0 0 0 0 0 0 0 0 0 0 0 0 0 0 0 0 0 0 0 0 0 0 0 0 0 45453895 0 0 0
ctxt 78944584
btime 1673080802
processes 117227
procs_running 4
procs_blocked 0
softirq 256098873 208701285 6137446 541005 9453346 127783 0 21983196 7147723 5 2007084

cpu  1619524 6672 2214688 105598371 36385 0 845209 0 0 0
cpu0 12517 1046 22522 27322401 11743 0 199823 0 0 0
cpu1 1576523 3224 2142452 23646464 3575 0 249404 0 0 0
cpu2 16557 2306 26211 27313111 8628 0 212454 0 0 0
cpu3 13926 94 23502 27316393 12437 0 183527 0 0 0
intr 2590545175 0 0 351207 75 0 153580 6526309 0 0 0 1684395 0 0 0 0 0 0 0 0 0 0 0 0 0 0 0 0 0 0 0 0 0 0 0 0 0 0 0 0 0 0 0 0 0 0 0 0 0 0 0 0 2351139055 0 0 0 0 0 0 0 0 53297 0 127822 0 0 0 0 0 0 0 0 0 0 0 181296120 1 0 0 0 0 0 0 0 0 0 0 0 0 0 0 0 0 0 0 0 0 0 0 122323 4213 0 0 0 0 3632581 0 0 0 0 0 0 0 0 0 0 0 0 0 0 0 0 0 0 0 0 0 0 0 0 0 0 0 0 0 0 0 0 0 0 0 0 0 0 0 0 0 0 0 0 0 0 0 0 0 0 0 0 0 0 0 0 0 0 0 0 0 0 0 0 0 0 0 0 0 0 0 0 0 0 0 45454209 0 0 0
ctxt 78945034
btime 1673080802
processes 117227
procs_running 4
procs_blocked 0
softirq 256114381 208716270 6137484 541006 9453484 127783 0 21983494 7147750 5 2007105

cpu  1619567 6672 2214693 105598447 36385 0 845272 0 0 0
cpu0 12517 1046 22522 27322441 11743 0 199826 0 0 0
cpu1 1576566 3224 2142455 23646464 3575 0 249408 0 0 0
cpu2 16557 2306 26211 27313111 8628 0 212504 0 0 0
cpu3 13926 94 23503 27316430 12437 0 183532 0 0 0
intr 2590562770 0 0 351207 75 0 153580 6526360 0 0 0 1684395 0 0 0 0 0 0 0 0 0 0 0 0 0 0 0 0 0 0 0 0 0 0 0 0 0 0 0 0 0 0 0 0 0 0 0 0 0 0 0 0 2351149385 0 0 0 0 0 0 0 0 53297 0 127822 0 0 0 0 0 0 0 0 0 0 0 181302958 1 0 0 0 0 0 0 0 0 0 0 0 0 0 0 0 0 0 0 0 0 0 0 122323 4213 0 0 0 0 3632631 0 0 0 0 0 0 0 0 0 0 0 0 0 0 0 0 0 0 0 0 0 0 0 0 0 0 0 0 0 0 0 0 0 0 0 0 0 0 0 0 0 0 0 0 0 0 0 0 0 0 0 0 0 0 0 0 0 0 0 0 0 0 0 0 0 0 0 0 0 0 0 0 0 0 0 45454525 0 0 0
ctxt 78945463
btime 1673080802
processes 117227
procs_running 3
procs_blocked 0
softirq 256128850 208730183 6137520 541006 9453624 127783 0 21983837 7147766 5 2007126

cpu  1619607 6672 2214698 105598522 36385 0 845338 0 0 0
cpu0 12517 1046 22523 27322479 11743 0 199831 0 0 0
cpu1 1576606 3224 2142459 23646464 3575 0 249414 0 0 0
cpu2 16557 2306 26211 27313111 8628 0 212554 0 0 0
cpu3 13927 94 23504 27316466 12437 0 183537 0 0 0
intr 2590580305 0 0 351207 75 0 153580 6526410 0 0 0 1684395 0 0 0 0 0 0 0 0 0 0 0 0 0 0 0 0 0 0 0 0 0 0 0 0 0 0 0 0 0 0 0 0 0 0 0 0 0 0 0 0 2351159672 0 0 0 0 0 0 0 0 53297 0 127822 0 0 0 0 0 0 0 0 0 0 0 181309801 1 0 0 0 0 0 0 0 0 0 0 0 0 0 0 0 0 0 0 0 0 0 0 122323 4213 0 0 0 0 3632670 0 0 0 0 0 0 0 0 0 0 0 0 0 0 0 0 0 0 0 0 0 0 0 0 0 0 0 0 0 0 0 0 0 0 0 0 0 0 0 0 0 0 0 0 0 0 0 0 0 0 0 0 0 0 0 0 0 0 0 0 0 0 0 0 0 0 0 0 0 0 0 0 0 0 0 45454841 0 0 0
ctxt 78945946
btime 1673080802
processes 117227
procs_running 4
procs_blocked 0
softirq 256145474 208746246 6137554 541006 9453773 127783 0 21984175 7147786 5 2007146

cpu  1619654 6672 2214710 105598588 36385 0 845401 0 0 0
cpu0 12518 1046 22527 27322513 11743 0 199835 0 0 0
cpu1 1576648 3224 2142462 23646464 3575 0 249419 0 0 0
cpu2 16557 2306 26211 27313111 8628 0 212604 0 0 0
cpu3 13930 94 23508 27316498 12437 0 183542 0 0 0
intr 2590597890 0 0 351208 75 0 153592 6526481 0 0 0 1684395 0 0 0 0 0 0 0 0 0 0 0 0 0 0 0 0 0 0 0 0 0 0 0 0 0 0 0 0 0 0 0 0 0 0 0 0 0 0 0 0 2351169938 0 0 0 0 0 0 0 0 53297 0 127822 0 0 0 0 0 0 0 0 0 0 0 181316611 1 0 0 0 0 0 0 0 0 0 0 0 0 0 0 0 0 0 0 0 0 0 0 122323 4213 0 0 0 0 3632709 0 0 0 0 0 0 0 0 0 0 0 0 0 0 0 0 0 0 0 0 0 0 0 0 0 0 0 0 0 0 0 0 0 0 0 0 0 0 0 0 0 0 0 0 0 0 0 0 0 0 0 0 0 0 0 0 0 0 0 0 0 0 0 0 0 0 0 0 0 0 0 0 0 0 0 45455228 0 0 0
ctxt 78946516
btime 1673080802
processes 117238
procs_running 4
procs_blocked 0
softirq 256161632 208761711 6137611 541008 9453905 127783 0 21984493 7147830 5 2007286

cpu  1619694 6672 2214715 105598665 36385 0 845466 0 0 0
cpu0 12518 1046 22527 27322552 11743 0 199840 0 0 0
cpu1 1576687 3224 2142467 23646464 3575 0 249425 0 0 0
cpu2 16557 2306 26211 27313111 8628 0 212654 0 0 0
cpu3 13930 94 23509 27316536 12437 0 183546 0 0 0
intr 2590615438 0 0 351208 75 0 153592 6526528 0 0 0 1684395 0 0 0 0 0 0 0 0 0 0 0 0 0 0 0 0 0 0 0 0 0 0 0 0 0 0 0 0 0 0 0 0 0 0 0 0 0 0 0 0 2351180246 0 0 0 0 0 0 0 0 53297 0 127822 0 0 0 0 0 0 0 0 0 0 0 181323460 1 0 0 0 0 0 0 0 0 0 0 0 0 0 0 0 0 0 0 0 0 0 0 122323 4213 0 0 0 0 3632738 0 0 0 0 0 0 0 0 0 0 0 0 0 0 0 0 0 0 0 0 0 0 0 0 0 0 0 0 0 0 0 0 0 0 0 0 0 0 0 0 0 0 0 0 0 0 0 0 0 0 0 0 0 0 0 0 0 0 0 0 0 0 0 0 0 0 0 0 0 0 0 0 0 0 0 45455544 0 0 0
ctxt 78946940
btime 1673080802
processes 117238
procs_running 3
procs_blocked 0
softirq 256177123 208776626 6137644 541010 9454065 127783 0 21984812 7147857 5 2007321

cpu  1619734 6672 2214719 105598749 36385 0 845525 0 0 0
cpu0 12518 1046 22527 27322558 11743 0 199883 0 0 0
cpu1 1576728 3224 2142471 23646464 3575 0 249431 0 0 0
cpu2 16557 2306 26211 27313149 8628 0 212659 0 0 0
cpu3 13930 94 23509 27316577 12437 0 183550 0 0 0
intr 2590633711 0 0 351208 75 0 153593 6526567 0 0 0 1684395 0 0 0 0 0 0 0 0 0 0 0 0 0 0 0 0 0 0 0 0 0 0 0 0 0 0 0 0 0 0 0 0 0 0 0 0 0 0 0 0 2351191036 0 0 0 0 0 0 0 0 53297 0 127822 0 0 0 0 0 0 0 0 0 0 0 181330581 1 0 0 0 0 0 0 0 0 0 0 0 0 0 0 0 0 0 0 0 0 0 0 122323 4213 0 0 0 0 3632767 0 0 0 0 0 0 0 0 0 0 0 0 0 0 0 0 0 0 0 0 0 0 0 0 0 0 0 0 0 0 0 0 0 0 0 0 0 0 0 0 0 0 0 0 0 0 0 0 0 0 0 0 0 0 0 0 0 0 0 0 0 0 0 0 0 0 0 0 0 0 0 0 0 0 0 45455838 0 0 0
ctxt 78947380
btime 1673080802
processes 117238
procs_running 3
procs_blocked 0
softirq 256193473 208790868 6137678 541013 9454961 127783 0 21985930 7147895 5 2007340

cpu  1619774 6672 2214724 105598824 36385 0 845591 0 0 0
cpu0 12518 1046 22527 27322558 11743 0 199932 0 0 0
cpu1 1576767 3224 2142475 23646464 3575 0 249437 0 0 0
cpu2 16557 2306 26211 27313186 8628 0 212666 0 0 0
cpu3 13930 94 23510 27316614 12437 0 183555 0 0 0
intr 2590650706 0 0 351212 75 0 153593 6526603 0 0 0 1684395 0 0 0 0 0 0 0 0 0 0 0 0 0 0 0 0 0 0 0 0 0 0 0 0 0 0 0 0 0 0 0 0 0 0 0 0 0 0 0 0 2351201013 0 0 0 0 0 0 0 0 53297 0 127822 0 0 0 0 0 0 0 0 0 0 0 181337217 1 0 0 0 0 0 0 0 0 0 0 0 0 0 0 0 0 0 0 0 0 0 0 122323 4213 0 0 0 0 3632789 0 0 0 0 0 0 0 0 0 0 0 0 0 0 0 0 0 0 0 0 0 0 0 0 0 0 0 0 0 0 0 0 0 0 0 0 0 0 0 0 0 0 0 0 0 0 0 0 0 0 0 0 0 0 0 0 0 0 0 0 0 0 0 0 0 0 0 0 0 0 0 0 0 0 0 45456154 0 0 0
ctxt 78947799
btime 1673080802
processes 117238
procs_running 3
procs_blocked 0
softirq 256209119 208805963 6137711 541013 9455103 127783 0 21986244 7147935 5 2007362

cpu  1619814 6672 2214733 105598899 36385 0 845651 0 0 0
cpu0 12518 1046 22527 27322558 11743 0 199982 0 0 0
cpu1 1576808 3224 2142482 23646464 3575 0 249440 0 0 0
cpu2 16557 2306 26212 27313224 8628 0 212670 0 0 0
cpu3 13930 94 23512 27316652 12437 0 183558 0 0 0
intr 2590668204 0 0 351213 75 0 153593 6526662 0 0 0 1684396 0 0 0 0 0 0 0 0 0 0 0 0 0 0 0 0 0 0 0 0 0 0 0 0 0 0 0 0 0 0 0 0 0 0 0 0 0 0 0 0 2351211239 0 0 0 0 0 0 0 0 53297 0 127823 0 0 0 0 0 0 0 0 0 0 0 181344040 1 0 0 0 0 0 0 0 0 0 0 0 0 0 0 0 0 0 0 0 0 0 0 122324 4213 0 0 0 0 3632854 0 0 0 0 0 0 0 0 0 0 0 0 0 0 0 0 0 0 0 0 0 0 0 0 0 0 0 0 0 0 0 0 0 0 0 0 0 0 0 0 0 0 0 0 0 0 0 0 0 0 0 0 0 0 0 0 0 0 0 0 0 0 0 0 0 0 0 0 0 0 0 0 0 0 0 45456475 0 0 0
ctxt 78948284
btime 1673080802
processes 117238
procs_running 3
procs_blocked 0
softirq 256225437 208821717 6137749 541013 9455249 127784 0 21986571 7147955 5 2007394

cpu  1619855 6672 2214736 105598975 36385 0 845716 0 0 0
cpu0 12518 1046 22527 27322558 11743 0 200032 0 0 0
cpu1 1576848 3224 2142484 23646465 3575 0 249447 0 0 0
cpu2 16557 2306 26212 27313263 8628 0 212674 0 0 0
cpu3 13930 94 23513 27316688 12437 0 183562 0 0 0
intr 2590685786 0 0 351213 75 0 153593 6526710 0 0 0 1684396 0 0 0 0 0 0 0 0 0 0 0 0 0 0 0 0 0 0 0 0 0 0 0 0 0 0 0 0 0 0 0 0 0 0 0 0 0 0 0 0 2351221565 0 0 0 0 0 0 0 0 53297 0 127823 0 0 0 0 0 0 0 0 0 0 0 181350887 1 0 0 0 0 0 0 0 0 0 0 0 0 0 0 0 0 0 0 0 0 0 0 122324 4213 0 0 0 0 3632892 0 0 0 0 0 0 0 0 0 0 0 0 0 0 0 0 0 0 0 0 0 0 0 0 0 0 0 0 0 0 0 0 0 0 0 0 0 0 0 0 0 0 0 0 0 0 0 0 0 0 0 0 0 0 0 0 0 0 0 0 0 0 0 0 0 0 0 0 0 0 0 0 0 0 0 45456798 0 0 0
ctxt 78948758
btime 1673080802
processes 117238
procs_running 3
procs_blocked 0
softirq 256241657 208837376 6137785 541016 9455397 127784 0 21986902 7147974 5 2007418

cpu  1619902 6672 2214747 105599042 36385 0 845780 0 0 0
cpu0 12518 1046 22527 27322558 11743 0 200082 0 0 0
cpu1 1576892 3224 2142487 23646465 3575 0 249450 0 0 0
cpu2 16558 2306 26213 27313299 8628 0 212678 0 0 0
cpu3 13933 94 23519 27316720 12437 0 183568 0 0 0
intr 2590703224 0 0 351213 75 0 153600 6526788 0 0 0 1684396 0 0 0 0 0 0 0 0 0 0 0 0 0 0 0 0 0 0 0 0 0 0 0 0 0 0 0 0 0 0 0 0 0 0 0 0 0 0 0 0 2351231759 0 0 0 0 0 0 0 0 53297 0 127823 0 0 0 0 0 0 0 0 0 0 0 181357644 1 0 0 0 0 0 0 0 0 0 0 0 0 0 0 0 0 0 0 0 0 0 0 122324 4213 0 0 0 0 3632941 0 0 0 0 0 0 0 0 0 0 0 0 0 0 0 0 0 0 0 0 0 0 0 0 0 0 0 0 0 0 0 0 0 0 0 0 0 0 0 0 0 0 0 0 0 0 0 0 0 0 0 0 0 0 0 0 0 0 0 0 0 0 0 0 0 0 0 0 0 0 0 0 0 0 0 45457159 0 0 0
ctxt 78949329
btime 1673080802
processes 117249
procs_running 3
procs_blocked 0
softirq 256256223 208851314 6137834 541017 9455539 127784 0 21987224 7148005 5 2007501

cpu  1619944 6672 2214752 105599117 36386 0 845845 0 0 0
cpu0 12518 1046 22527 27322558 11743 0 200132 0 0 0
cpu1 1576932 3224 2142490 23646465 3575 0 249457 0 0 0
cpu2 16558 2306 26213 27313336 8629 0 212683 0 0 0
cpu3 13934 94 23520 27316757 12437 0 183572 0 0 0
intr 2590720718 0 0 351213 75 0 153600 6526860 0 0 0 1684396 0 0 0 0 0 0 0 0 0 0 0 0 0 0 0 0 0 0 0 0 0 0 0 0 0 0 0 0 0 0 0 0 0 0 0 0 0 0 0 0 2351241987 0 0 0 0 0 0 0 0 53297 0 127825 0 0 0 0 0 0 0 0 0 0 0 181364459 1 0 0 0 0 0 0 0 0 0 0 0 0 0 0 0 0 0 0 0 0 0 0 122326 4213 0 0 0 0 3632987 0 0 0 0 0 0 0 0 0 0 0 0 0 0 0 0 0 0 0 0 0 0 0 0 0 0 0 0 0 0 0 0 0 0 0 0 0 0 0 0 0 0 0 0 0 0 0 0 0 0 0 0 0 0 0 0 0 0 0 0 0 0 0 0 0 0 0 0 0 0 0 0 0 0 0 45457481 0 0 0
ctxt 78949837
btime 1673080802
processes 117249
procs_running 3
procs_blocked 0
softirq 256272870 208867407 6137874 541017 9455671 127786 0 21987545 7148032 5 2007533

cpu  1619986 6672 2214755 105599195 36386 0 845904 0 0 0
cpu0 12518 1046 22527 27322561 11743 0 200177 0 0 0
cpu1 1576974 3224 2142494 23646465 3575 0 249461 0 0 0
cpu2 16558 2306 26213 27313375 8629 0 212686 0 0 0
cpu3 13935 94 23520 27316794 12437 0 183578 0 0 0
intr 2590738519 0 0 351214 75 0 153600 6526892 0 0 0 1684396 0 0 0 0 0 0 0 0 0 0 0 0 0 0 0 0 0 0 0 0 0 0 0 0 0 0 0 0 0 0 0 0 0 0 0 0 0 0 0 0 2351252476 0 0 0 0 0 0 0 0 53297 0 127825 0 0 0 0 0 0 0 0 0 0 0 181371396 1 0 0 0 0 0 0 0 0 0 0 0 0 0 0 0 0 0 0 0 0 0 0 122326 4213 0 0 0 0 3633018 0 0 0 0 0 0 0 0 0 0 0 0 0 0 0 0 0 0 0 0 0 0 0 0 0 0 0 0 0 0 0 0 0 0 0 0 0 0 0 0 0 0 0 0 0 0 0 0 0 0 0 0 0 0 0 0 0 0 0 0 0 0 0 0 0 0 0 0 0 0 0 0 0 0 0 45457790 0 0 0
ctxt 78950275
btime 1673080802
processes 117249
procs_running 3
procs_blocked 0
softirq 256287642 208880435 6137909 541017 9456385 127786 0 21988475 7148061 5 2007569

cpu  1619989 6672 2214756 105599314 36386 0 845963 0 0 0
cpu0 12518 1046 22527 27322601 11743 0 200180 0 0 0
cpu1 1576976 3224 2142494 23646465 3575 0 249510 0 0 0
cpu2 16558 2306 26214 27313415 8629 0 212691 0 0 0
cpu3 13936 94 23520 27316832 12437 0 183581 0 0 0
intr 2590755712 0 0 351214 75 0 153600 6526941 0 0 0 1684396 0 0 0 0 0 0 0 0 0 0 0 0 0 0 0 0 0 0 0 0 0 0 0 0 0 0 0 0 0 0 0 0 0 0 0 0 0 0 0 0 2351262662 0 0 0 0 0 0 0 0 53297 0 127825 0 0 0 0 0 0 0 0 0 0 0 181378116 1 0 0 0 0 0 0 0 0 0 0 0 0 0 0 0 0 0 0 0 0 0 0 122326 4213 0 0 0 0 3633060 0 0 0 0 0 0 0 0 0 0 0 0 0 0 0 0 0 0 0 0 0 0 0 0 0 0 0 0 0 0 0 0 0 0 0 0 0 0 0 0 0 0 0 0 0 0 0 0 0 0 0 0 0 0 0 0 0 0 0 0 0 0 0 0 0 0 0 0 0 0 0 0 0 0 0 45457987 0 0 0
ctxt 78950817
btime 1673080802
processes 117249
procs_running 4
procs_blocked 0
softirq 256303869 208895402 6137942 541017 9456875 127786 0 21989170 7148084 5 2007588

cpu  1619990 6672 2214756 105599428 36386 0 846024 0 0 0
cpu0 12519 1046 22527 27322640 11743 0 200185 0 0 0
cpu1 1576976 3224 2142494 23646465 3575 0 249558 0 0 0
cpu2 16558 2306 26214 27313453 8629 0 212694 0 0 0
cpu3 13936 94 23520 27316869 12437 0 183585 0 0 0
intr 2590771968 0 0 351214 75 0 153600 6526984 0 0 0 1684396 0 0 0 0 0 0 0 0 0 0 0 0 0 0 0 0 0 0 0 0 0 0 0 0 0 0 0 0 0 0 0 0 0 0 0 0 0 0 0 0 2351272295 0 0 0 0 0 0 0 0 53297 0 127825 0 0 0 0 0 0 0 0 0 0 0 181384489 1 0 0 0 0 0 0 0 0 0 0 0 0 0 0 0 0 0 0 0 0 0 0 122326 4213 0 0 0 0 3633089 0 0 0 0 0 0 0 0 0 0 0 0 0 0 0 0 0 0 0 0 0 0 0 0 0 0 0 0 0 0 0 0 0 0 0 0 0 0 0 0 0 0 0 0 0 0 0 0 0 0 0 0 0 0 0 0 0 0 0 0 0 0 0 0 0 0 0 0 0 0 0 0 0 0 0 45458185 0 0 0
ctxt 78951266
btime 1673080802
processes 117249
procs_running 4
procs_blocked 0
softirq 256319468 208910501 6137971 541017 9457011 127786 0 21989471 7148098 5 2007608

cpu  1619990 6672 2214759 105599544 36386 0 846086 0 0 0
cpu0 12519 1046 22528 27322679 11743 0 200188 0 0 0
cpu1 1576976 3224 2142494 23646465 3575 0 249608 0 0 0
cpu2 16558 2306 26214 27313491 8629 0 212700 0 0 0
cpu3 13936 94 23522 27316907 12437 0 183588 0 0 0
intr 2590788589 0 0 351214 75 0 153600 6527025 0 0 0 1684396 0 0 0 0 0 0 0 0 0 0 0 0 0 0 0 0 0 0 0 0 0 0 0 0 0 0 0 0 0 0 0 0 0 0 0 0 0 0 0 0 2351282125 0 0 0 0 0 0 0 0 53297 0 127825 0 0 0 0 0 0 0 0 0 0 0 181391001 1 0 0 0 0 0 0 0 0 0 0 0 0 0 0 0 0 0 0 0 0 0 0 122326 4213 0 0 0 0 3633111 0 0 0 0 0 0 0 0 0 0 0 0 0 0 0 0 0 0 0 0 0 0 0 0 0 0 0 0 0 0 0 0 0 0 0 0 0 0 0 0 0 0 0 0 0 0 0 0 0 0 0 0 0 0 0 0 0 0 0 0 0 0 0 0 0 0 0 0 0 0 0 0 0 0 0 45458385 0 0 0
ctxt 78951720
btime 1673080802
processes 117249
procs_running 3
procs_blocked 0
softirq 256335954 208926470 6138006 541017 9457152 127786 0 21989768 7148122 5 2007628

cpu  1619990 6672 2214762 105599660 36386 0 846147 0 0 0
cpu0 12520 1046 22530 27322718 11743 0 200191 0 0 0
cpu1 1576976 3224 2142494 23646465 3575 0 249658 0 0 0
cpu2 16558 2306 26214 27313530 8629 0 212704 0 0 0
cpu3 13936 94 23523 27316946 12437 0 183592 0 0 0
intr 2590805259 0 0 351215 75 0 153603 6527072 0 0 0 1684396 0 0 0 0 0 0 0 0 0 0 0 0 0 0 0 0 0 0 0 0 0 0 0 0 0 0 0 0 0 0 0 0 0 0 0 0 0 0 0 0 2351291976 0 0 0 0 0 0 0 0 53297 0 127825 0 0 0 0 0 0 0 0 0 0 0 181397513 1 0 0 0 0 0 0 0 0 0 0 0 0 0 0 0 0 0 0 0 0 0 0 122326 4213 0 0 0 0 3633157 0 0 0 0 0 0 0 0 0 0 0 0 0 0 0 0 0 0 0 0 0 0 0 0 0 0 0 0 0 0 0 0 0 0 0 0 0 0 0 0 0 0 0 0 0 0 0 0 0 0 0 0 0 0 0 0 0 0 0 0 0 0 0 0 0 0 0 0 0 0 0 0 0 0 0 45458594 0 0 0
ctxt 78952167
btime 1673080802
processes 117252
procs_running 4
procs_blocked 0
softirq 256350603 208940588 6138041 541017 9457290 127786 0 21990070 7148144 5 2007662

cpu  1619994 6672 2214767 105599768 36386 0 846209 0 0 0
cpu0 12521 1046 22530 27322755 11743 0 200194 0 0 0
cpu1 1576976 3224 2142494 23646465 3575 0 249708 0 0 0
cpu2 16558 2306 26217 27313565 8629 0 212709 0 0 0
cpu3 13936 94 23525 27316983 12437 0 183596 0 0 0
intr 2590822061 0 0 351215 75 0 153613 6527160 0 0 0 1684396 0 0 0 0 0 0 0 0 0 0 0 0 0 0 0 0 0 0 0 0 0 0 0 0 0 0 0 0 0 0 0 0 0 0 0 0 0 0 0 0 2351301863 0 0 0 0 0 0 0 0 53298 0 127825 0 0 0 0 0 0 0 0 0 0 0 181404027 1 0 0 0 0 0 0 0 0 0 0 0 0 0 0 0 0 0 0 0 0 0 0 122326 4213 0 0 0 0 3633191 0 0 0 0 0 0 0 0 0 0 0 0 0 0 0 0 0 0 0 0 0 0 0 0 0 0 0 0 0 0 0 0 0 0 0 0 0 0 0 0 0 0 0 0 0 0 0 0 0 0 0 0 0 0 0 0 0 0 0 0 0 0 0 0 0 0 0 0 0 0 0 0 0 0 0 45458862 0 0 0
ctxt 78952783
btime 1673080802
processes 117260
procs_running 3
procs_blocked 0
softirq 256367376 208956788 6138094 541017 9457423 127786 0 21990346 7148188 5 2007729

cpu  1619994 6672 2214770 105599884 36386 0 846270 0 0 0
cpu0 12521 1046 22531 27322794 11743 0 200196 0 0 0
cpu1 1576976 3224 2142495 23646465 3575 0 249758 0 0 0
cpu2 16558 2306 26217 27313603 8629 0 212715 0 0 0
cpu3 13936 94 23526 27317021 12437 0 183599 0 0 0
intr 2590838806 0 0 351215 75 0 153613 6527249 0 0 0 1684397 0 0 0 0 0 0 0 0 0 0 0 0 0 0 0 0 0 0 0 0 0 0 0 0 0 0 0 0 0 0 0 0 0 0 0 0 0 0 0 0 2351311706 0 0 0 0 0 0 0 0 53298 0 127825 0 0 0 0 0 0 0 0 0 0 0 181410545 1 0 0 0 0 0 0 0 0 0 0 0 0 0 0 0 0 0 0 0 0 0 0 122326 4213 0 0 0 0 3633268 0 0 0 0 0 0 0 0 0 0 0 0 0 0 0 0 0 0 0 0 0 0 0 0 0 0 0 0 0 0 0 0 0 0 0 0 0 0 0 0 0 0 0 0 0 0 0 0 0 0 0 0 0 0 0 0 0 0 0 0 0 0 0 0 0 0 0 0 0 0 0 0 0 0 0 45459077 0 0 0
ctxt 78953375
btime 1673080802
processes 117260
procs_running 3
procs_blocked 0
softirq 256383663 208972519 6138131 541017 9457571 127786 0 21990672 7148215 5 2007747

cpu  1620002 6672 2214771 105599998 36386 0 846320 0 0 0
cpu0 12522 1046 22531 27322831 11743 0 200200 0 0 0
cpu1 1576984 3224 2142495 23646465 3575 0 249800 0 0 0
cpu2 16559 2306 26218 27313641 8629 0 212718 0 0 0
cpu3 13936 94 23526 27317060 12437 0 183601 0 0 0
intr 2590856134 0 0 351215 75 0 153613 6527317 0 0 0 1684397 0 0 0 0 0 0 0 0 0 0 0 0 0 0 0 0 0 0 0 0 0 0 0 0 0 0 0 0 0 0 0 0 0 0 0 0 0 0 0 0 2351321992 0 0 0 0 0 0 0 0 53298 0 127825 0 0 0 0 0 0 0 0 0 0 0 181417285 1 0 0 0 0 0 0 0 0 0 0 0 0 0 0 0 0 0 0 0 0 0 0 122326 4213 0 0 0 0 3633313 0 0 0 0 0 0 0 0 0 0 0 0 0 0 0 0 0 0 0 0 0 0 0 0 0 0 0 0 0 0 0 0 0 0 0 0 0 0 0 0 0 0 0 0 0 0 0 0 0 0 0 0 0 0 0 0 0 0 0 0 0 0 0 0 0 0 0 0 0 0 0 0 0 0 0 45459271 0 0 0
ctxt 78953879
btime 1673080802
processes 117260
procs_running 2
procs_blocked 0
softirq 256399948 208986105 6138167 541018 9458775 127786 0 21992078 7148246 5 2007768

cpu  1620010 6672 2214774 105600173 36386 0 846324 0 0 0
cpu0 12522 1046 22531 27322878 11743 0 200200 0 0 0
cpu1 1576991 3224 2142498 23646501 3575 0 249803 0 0 0
cpu2 16559 2306 26218 27313687 8629 0 212718 0 0 0
cpu3 13936 94 23526 27317106 12437 0 183601 0 0 0
intr 2590864241 0 0 351216 75 0 153613 6527343 0 0 0 1684397 0 0 0 0 0 0 0 0 0 0 0 0 0 0 0 0 0 0 0 0 0 0 0 0 0 0 0 0 0 0 0 0 0 0 0 0 0 0 0 0 2351327771 0 0 0 0 0 0 0 0 53298 0 127825 0 0 0 0 0 0 0 0 0 0 0 181419120 1 0 0 0 0 0 0 0 0 0 0 0 0 0 0 0 0 0 0 0 0 0 0 122326 4213 0 0 0 0 3633339 0 0 0 0 0 0 0 0 0 0 0 0 0 0 0 0 0 0 0 0 0 0 0 0 0 0 0 0 0 0 0 0 0 0 0 0 0 0 0 0 0 0 0 0 0 0 0 0 0 0 0 0 0 0 0 0 0 0 0 0 0 0 0 0 0 0 0 0 0 0 0 0 0 0 0 45459704 0 0 0
ctxt 78954762
btime 1673080802
processes 117260
procs_running 1
procs_blocked 0
softirq 256404519 208988274 6138186 541018 9459735 127786 0 21993471 7148261 5 2007783

cpu  1620010 6672 2214774 105600370 36386 0 846324 0 0 0
cpu0 12522 1046 22531 27322927 11743 0 200200 0 0 0
cpu1 1576992 3224 2142498 23646549 3575 0 249803 0 0 0
cpu2 16559 2306 26218 27313737 8629 0 212718 0 0 0
cpu3 13936 94 23526 27317155 12437 0 183601 0 0 0
intr 2590868965 0 0 351216 75 0 153613 6527373 0 0 0 1684397 0 0 0 0 0 0 0 0 0 0 0 0 0 0 0 0 0 0 0 0 0 0 0 0 0 0 0 0 0 0 0 0 0 0 0 0 0 0 0 0 2351331795 0 0 0 0 0 0 0 0 53298 0 127825 0 0 0 0 0 0 0 0 0 0 0 181419273 1 0 0 0 0 0 0 0 0 0 0 0 0 0 0 0 0 0 0 0 0 0 0 122326 4213 0 0 0 0 3633359 0 0 0 0 0 0 0 0 0 0 0 0 0 0 0 0 0 0 0 0 0 0 0 0 0 0 0 0 0 0 0 0 0 0 0 0 0 0 0 0 0 0 0 0 0 0 0 0 0 0 0 0 0 0 0 0 0 0 0 0 0 0 0 0 0 0 0 0 0 0 0 0 0 0 0 45460202 0 0 0
ctxt 78955802
btime 1673080802
processes 117260
procs_running 1
procs_blocked 0
softirq 256404582 208988282 6138203 541018 9459736 127786 0 21993488 7148269 5 2007795

cpu  1620010 6672 2214775 105600566 36386 0 846324 0 0 0
cpu0 12522 1046 22532 27322977 11743 0 200200 0 0 0
cpu1 1576992 3224 2142498 23646597 3575 0 249803 0 0 0
cpu2 16559 2306 26218 27313786 8629 0 212718 0 0 0
cpu3 13936 94 23526 27317205 12437 0 183601 0 0 0
intr 2590873641 0 0 351216 75 0 153613 6527398 0 0 0 1684397 0 0 0 0 0 0 0 0 0 0 0 0 0 0 0 0 0 0 0 0 0 0 0 0 0 0 0 0 0 0 0 0 0 0 0 0 0 0 0 0 2351335795 0 0 0 0 0 0 0 0 53298 0 127825 0 0 0 0 0 0 0 0 0 0 0 181419403 1 0 0 0 0 0 0 0 0 0 0 0 0 0 0 0 0 0 0 0 0 0 0 122326 4213 0 0 0 0 3633381 0 0 0 0 0 0 0 0 0 0 0 0 0 0 0 0 0 0 0 0 0 0 0 0 0 0 0 0 0 0 0 0 0 0 0 0 0 0 0 0 0 0 0 0 0 0 0 0 0 0 0 0 0 0 0 0 0 0 0 0 0 0 0 0 0 0 0 0 0 0 0 0 0 0 0 45460700 0 0 0
ctxt 78956820
btime 1673080802
processes 117260
procs_running 1
procs_blocked 0
softirq 256404636 208988282 6138218 541018 9459737 127786 0 21993506 7148278 5 2007806

cpu  1620011 6672 2214778 105600759 36386 0 846324 0 0 0
cpu0 12522 1046 22532 27323025 11743 0 200200 0 0 0
cpu1 1576992 3224 2142499 23646645 3575 0 249803 0 0 0
cpu2 16559 2306 26219 27313834 8629 0 212718 0 0 0
cpu3 13937 94 23526 27317253 12437 0 183601 0 0 0
intr 2590878512 0 0 351216 75 0 153626 6527469 0 0 0 1684397 0 0 0 0 0 0 0 0 0 0 0 0 0 0 0 0 0 0 0 0 0 0 0 0 0 0 0 0 0 0 0 0 0 0 0 0 0 0 0 0 2351339820 0 0 0 0 0 0 0 0 53298 0 127825 0 0 0 0 0 0 0 0 0 0 0 181419555 1 0 0 0 0 0 0 0 0 0 0 0 0 0 0 0 0 0 0 0 0 0 0 122326 4213 0 0 0 0 3633420 0 0 0 0 0 0 0 0 0 0 0 0 0 0 0 0 0 0 0 0 0 0 0 0 0 0 0 0 0 0 0 0 0 0 0 0 0 0 0 0 0 0 0 0 0 0 0 0 0 0 0 0 0 0 0 0 0 0 0 0 0 0 0 0 0 0 0 0 0 0 0 0 0 0 0 45461272 0 0 0
ctxt 78958008
btime 1673080802
processes 117271
procs_running 1
procs_blocked 0
softirq 256404818 208988290 6138249 541018 9459740 127786 0 21993538 7148325 5 2007867
