cpu  6229 0 14904 1268708 1358 0 38034 0 0 0
cpu0 948 0 1149 325722 323 0 5639 0 0 0
cpu1 3220 0 11172 298067 229 0 14210 0 0 0
cpu2 1056 0 1254 324105 386 0 7366 0 0 0
cpu3 1003 0 1328 320812 419 0 10818 0 0 0
intr 43192007 0 0 14010 75 0 3698 213321 0 0 0 28216 0 0 0 0 0 0 0 0 0 0 0 0 0 0 0 0 0 0 0 0 0 0 0 0 0 0 0 0 0 0 0 0 0 0 0 0 0 0 0 0 33129243 0 0 0 0 0 0 0 0 9996 0 6130 0 0 0 0 0 0 0 0 0 0 0 6485526 1 0 0 0 0 0 0 0 0 0 0 0 0 0 0 0 0 0 0 0 0 0 0 2615 4213 0 0 0 0 161841 0 0 0 0 0 0 0 0 0 0 0 0 0 0 0 0 0 0 0 0 0 0 0 0 0 0 0 0 0 0 0 0 0 0 0 0 0 0 0 0 0 0 0 0 0 0 0 0 0 0 0 0 0 0 0 0 0 0 0 0 0 0 0 0 0 0 0 0 0 0 0 0 0 0 0 3133122 0 0 0
ctxt 6465791
btime 1673080802
processes 2754
procs_running 1
procs_blocked 0
softirq 11345753 10313072 110796 25774 137918 6141 0 514654 163270 0 74128

cpu  6230 0 14906 1268902 1358 0 38034 0 0 0
cpu0 948 0 1149 325771 323 0 5639 0 0 0
cpu1 3221 0 11174 298113 229 0 14210 0 0 0
cpu2 1056 0 1254 324154 386 0 7366 0 0 0
cpu3 1003 0 1328 320862 419 0 10818 0 0 0
intr 43196695 0 0 14010 75 0 3698 213352 0 0 0 28221 0 0 0 0 0 0 0 0 0 0 0 0 0 0 0 0 0 0 0 0 0 0 0 0 0 0 0 0 0 0 0 0 0 0 0 0 0 0 0 0 33133248 0 0 0 0 0 0 0 0 9996 0 6130 0 0 0 0 0 0 0 0 0 0 0 6485654 1 0 0 0 0 0 0 0 0 0 0 0 0 0 0 0 0 0 0 0 0 0 0 2615 4213 0 0 0 0 161872 0 0 0 0 0 0 0 0 0 0 0 0 0 0 0 0 0 0 0 0 0 0 0 0 0 0 0 0 0 0 0 0 0 0 0 0 0 0 0 0 0 0 0 0 0 0 0 0 0 0 0 0 0 0 0 0 0 0 0 0 0 0 0 0 0 0 0 0 0 0 0 0 0 0 0 3133611 0 0 0
ctxt 6466788
btime 1673080802
processes 2754
procs_running 1
procs_blocked 0
softirq 11345829 10313072 110811 25774 137919 6141 0 514679 163296 0 74137

cpu  6230 0 14907 1269095 1358 0 38034 0 0 0
cpu0 948 0 1149 325821 323 0 5639 0 0 0
cpu1 3221 0 11175 298159 229 0 14210 0 0 0
cpu2 1056 0 1254 324203 386 0 7366 0 0 0
cpu3 1003 0 1328 320911 419 0 10818 0 0 0
intr 43201422 0 0 14011 75 0 3698 213381 0 0 0 28226 0 0 0 0 0 0 0 0 0 0 0 0 0 0 0 0 0 0 0 0 0 0 0 0 0 0 0 0 0 0 0 0 0 0 0 0 0 0 0 0 33137277 0 0 0 0 0 0 0 0 9996 0 6130 0 0 0 0 0 0 0 0 0 0 0 6485808 1 0 0 0 0 0 0 0 0 0 0 0 0 0 0 0 0 0 0 0 0 0 0 2615 4213 0 0 0 0 161894 0 0 0 0 0 0 0 0 0 0 0 0 0 0 0 0 0 0 0 0 0 0 0 0 0 0 0 0 0 0 0 0 0 0 0 0 0 0 0 0 0 0 0 0 0 0 0 0 0 0 0 0 0 0 0 0 0 0 0 0 0 0 0 0 0 0 0 0 0 0 0 0 0 0 0 3134097 0 0 0
ctxt 6467802
btime 1673080802
processes 2754
procs_running 1
procs_blocked 0
softirq 11345904 10313080 110825 25774 137920 6141 0 514701 163318 0 74145

cpu  6230 0 14910 1269289 1358 0 38034 0 0 0
cpu0 948 0 1149 325870 323 0 5639 0 0 0
cpu1 3222 0 11177 298205 229 0 14210 0 0 0
cpu2 1056 0 1254 324252 386 0 7366 0 0 0
cpu3 1003 0 1329 320960 419 0 10818 0 0 0
intr 43206079 0 0 14011 75 0 3698 213403 0 0 0 28231 0 0 0 0 0 0 0 0 0 0 0 0 0 0 0 0 0 0 0 0 0 0 0 0 0 0 0 0 0 0 0 0 0 0 0 0 0 0 0 0 33141273 0 0 0 0 0 0 0 0 9996 0 6130 0 0 0 0 0 0 0 0 0 0 0 6485936 1 0 0 0 0 0 0 0 0 0 0 0 0 0 0 0 0 0 0 0 0 0 0 2615 4213 0 0 0 0 161916 0 0 0 0 0 0 0 0 0 0 0 0 0 0 0 0 0 0 0 0 0 0 0 0 0 0 0 0 0 0 0 0 0 0 0 0 0 0 0 0 0 0 0 0 0 0 0 0 0 0 0 0 0 0 0 0 0 0 0 0 0 0 0 0 0 0 0 0 0 0 0 0 0 0 0 3134581 0 0 0
ctxt 6468780
btime 1673080802
processes 2754
procs_running 1
procs_blocked 0
softirq 11345970 10313080 110839 25774 137921 6141 0 514719 163342 0 74154

cpu  6230 0 14911 1269482 1358 0 38034 0 0 0
cpu0 948 0 1149 325920 323 0 5639 0 0 0
cpu1 3222 0 11178 298251 229 0 14210 0 0 0
cpu2 1056 0 1254 324301 386 0 7366 0 0 0
cpu3 1003 0 1329 321009 419 0 10818 0 0 0
intr 43210803 0 0 14011 75 0 3698 213432 0 0 0 28236 0 0 0 0 0 0 0 0 0 0 0 0 0 0 0 0 0 0 0 0 0 0 0 0 0 0 0 0 0 0 0 0 0 0 0 0 0 0 0 0 33145296 0 0 0 0 0 0 0 0 9996 0 6130 0 0 0 0 0 0 0 0 0 0 0 6486090 1 0 0 0 0 0 0 0 0 0 0 0 0 0 0 0 0 0 0 0 0 0 0 2615 4213 0 0 0 0 161938 0 0 0 0 0 0 0 0 0 0 0 0 0 0 0 0 0 0 0 0 0 0 0 0 0 0 0 0 0 0 0 0 0 0 0 0 0 0 0 0 0 0 0 0 0 0 0 0 0 0 0 0 0 0 0 0 0 0 0 0 0 0 0 0 0 0 0 0 0 0 0 0 0 0 0 3135074 0 0 0
ctxt 6469807
btime 1673080802
processes 2754
procs_running 2
procs_blocked 0
softirq 11346050 10313088 110856 25774 137922 6141 0 514738 163367 0 74164

cpu  6230 0 14914 1269676 1358 0 38034 0 0 0
cpu0 948 0 1150 325969 323 0 5639 0 0 0
cpu1 3222 0 11180 298297 229 0 14210 0 0 0
cpu2 1056 0 1254 324350 386 0 7366 0 0 0
cpu3 1003 0 1329 321058 419 0 10818 0 0 0
intr 43215514 0 0 14011 75 0 3698 213467 0 0 0 28241 0 0 0 0 0 0 0 0 0 0 0 0 0 0 0 0 0 0 0 0 0 0 0 0 0 0 0 0 0 0 0 0 0 0 0 0 0 0 0 0 33149300 0 0 0 0 0 0 0 0 9996 0 6130 0 0 0 0 0 0 0 0 0 0 0 6486218 1 0 0 0 0 0 0 0 0 0 0 0 0 0 0 0 0 0 0 0 0 0 0 2615 4213 0 0 0 0 161980 0 0 0 0 0 0 0 0 0 0 0 0 0 0 0 0 0 0 0 0 0 0 0 0 0 0 0 0 0 0 0 0 0 0 0 0 0 0 0 0 0 0 0 0 0 0 0 0 0 0 0 0 0 0 0 0 0 0 0 0 0 0 0 0 0 0 0 0 0 0 0 0 0 0 0 3135570 0 0 0
ctxt 6470847
btime 1673080802
processes 2754
procs_running 1
procs_blocked 0
softirq 11346146 10313088 110876 25774 137924 6141 0 514773 163397 0 74173

cpu  6231 0 14915 1269869 1358 0 38034 0 0 0
cpu0 948 0 1150 326018 323 0 5639 0 0 0
cpu1 3222 0 11182 298343 229 0 14210 0 0 0
cpu2 1056 0 1254 324399 386 0 7366 0 0 0
cpu3 1003 0 1329 321107 419 0 10818 0 0 0
intr 43220236 0 0 14012 75 0 3698 213495 0 0 0 28246 0 0 0 0 0 0 0 0 0 0 0 0 0 0 0 0 0 0 0 0 0 0 0 0 0 0 0 0 0 0 0 0 0 0 0 0 0 0 0 0 33153319 0 0 0 0 0 0 0 0 9996 0 6130 0 0 0 0 0 0 0 0 0 0 0 6486372 1 0 0 0 0 0 0 0 0 0 0 0 0 0 0 0 0 0 0 0 0 0 0 2615 4213 0 0 0 0 162002 0 0 0 0 0 0 0 0 0 0 0 0 0 0 0 0 0 0 0 0 0 0 0 0 0 0 0 0 0 0 0 0 0 0 0 0 0 0 0 0 0 0 0 0 0 0 0 0 0 0 0 0 0 0 0 0 0 0 0 0 0 0 0 0 0 0 0 0 0 0 0 0 0 0 0 3136064 0 0 0
ctxt 6471862
btime 1673080802
processes 2754
procs_running 1
procs_blocked 0
softirq 11346232 10313096 110895 25774 137925 6141 0 514792 163426 0 74183

cpu  6231 0 14917 1270063 1358 0 38034 0 0 0
cpu0 948 0 1150 326068 323 0 5639 0 0 0
cpu1 3222 0 11183 298388 229 0 14210 0 0 0
cpu2 1056 0 1254 324449 386 0 7366 0 0 0
cpu3 1003 0 1329 321156 419 0 10818 0 0 0
intr 43224905 0 0 14012 75 0 3698 213516 0 0 0 28251 0 0 0 0 0 0 0 0 0 0 0 0 0 0 0 0 0 0 0 0 0 0 0 0 0 0 0 0 0 0 0 0 0 0 0 0 0 0 0 0 33157322 0 0 0 0 0 0 0 0 9996 0 6130 0 0 0 0 0 0 0 0 0 0 0 6486500 1 0 0 0 0 0 0 0 0 0 0 0 0 0 0 0 0 0 0 0 0 0 0 2615 4213 0 0 0 0 162024 0 0 0 0 0 0 0 0 0 0 0 0 0 0 0 0 0 0 0 0 0 0 0 0 0 0 0 0 0 0 0 0 0 0 0 0 0 0 0 0 0 0 0 0 0 0 0 0 0 0 0 0 0 0 0 0 0 0 0 0 0 0 0 0 0 0 0 0 0 0 0 0 0 0 0 3136553 0 0 0
ctxt 6472856
btime 1673080802
processes 2754
procs_running 1
procs_blocked 0
softirq 11346301 10313096 110911 25775 137926 6141 0 514810 163450 0 74192

cpu  6231 0 14918 1270256 1358 0 38034 0 0 0
cpu0 948 0 1150 326117 323 0 5639 0 0 0
cpu1 3223 0 11185 298434 229 0 14210 0 0 0
cpu2 1056 0 1254 324498 386 0 7366 0 0 0
cpu3 1003 0 1329 321205 419 0 10818 0 0 0
intr 43229616 0 0 14012 75 0 3698 213542 0 0 0 28255 0 0 0 0 0 0 0 0 0 0 0 0 0 0 0 0 0 0 0 0 0 0 0 0 0 0 0 0 0 0 0 0 0 0 0 0 0 0 0 0 33161339 0 0 0 0 0 0 0 0 9996 0 6130 0 0 0 0 0 0 0 0 0 0 0 6486652 1 0 0 0 0 0 0 0 0 0 0 0 0 0 0 0 0 0 0 0 0 0 0 2615 4213 0 0 0 0 162046 0 0 0 0 0 0 0 0 0 0 0 0 0 0 0 0 0 0 0 0 0 0 0 0 0 0 0 0 0 0 0 0 0 0 0 0 0 0 0 0 0 0 0 0 0 0 0 0 0 0 0 0 0 0 0 0 0 0 0 0 0 0 0 0 0 0 0 0 0 0 0 0 0 0 0 3137042 0 0 0
ctxt 6473868
btime 1673080802
processes 2754
procs_running 1
procs_blocked 0
softirq 11346382 10313104 110928 25775 137927 6141 0 514830 163476 0 74201

cpu  6231 0 14921 1270450 1358 0 38034 0 0 0
cpu0 948 0 1150 326167 323 0 5639 0 0 0
cpu1 3223 0 11187 298480 229 0 14210 0 0 0
cpu2 1056 0 1254 324547 386 0 7366 0 0 0
cpu3 1003 0 1330 321254 419 0 10818 0 0 0
intr 43234283 0 0 14012 75 0 3698 213561 0 0 0 28260 0 0 0 0 0 0 0 0 0 0 0 0 0 0 0 0 0 0 0 0 0 0 0 0 0 0 0 0 0 0 0 0 0 0 0 0 0 0 0 0 33165343 0 0 0 0 0 0 0 0 9996 0 6130 0 0 0 0 0 0 0 0 0 0 0 6486780 1 0 0 0 0 0 0 0 0 0 0 0 0 0 0 0 0 0 0 0 0 0 0 2615 4213 0 0 0 0 162068 0 0 0 0 0 0 0 0 0 0 0 0 0 0 0 0 0 0 0 0 0 0 0 0 0 0 0 0 0 0 0 0 0 0 0 0 0 0 0 0 0 0 0 0 0 0 0 0 0 0 0 0 0 0 0 0 0 0 0 0 0 0 0 0 0 0 0 0 0 0 0 0 0 0 0 3137532 0 0 0
ctxt 6474849
btime 1673080802
processes 2754
procs_running 1
procs_blocked 0
softirq 11346453 10313104 110944 25775 137928 6141 0 514848 163503 0 74210

cpu  6232 0 14922 1270643 1358 0 38034 0 0 0
cpu0 948 0 1150 326216 323 0 5639 0 0 0
cpu1 3223 0 11188 298526 229 0 14210 0 0 0
cpu2 1056 0 1254 324596 386 0 7366 0 0 0
cpu3 1003 0 1330 321303 419 0 10818 0 0 0
intr 43239008 0 0 14013 75 0 3698 213586 0 0 0 28265 0 0 0 0 0 0 0 0 0 0 0 0 0 0 0 0 0 0 0 0 0 0 0 0 0 0 0 0 0 0 0 0 0 0 0 0 0 0 0 0 33169368 0 0 0 0 0 0 0 0 9996 0 6130 0 0 0 0 0 0 0 0 0 0 0 6486934 1 0 0 0 0 0 0 0 0 0 0 0 0 0 0 0 0 0 0 0 0 0 0 2615 4213 0 0 0 0 162090 0 0 0 0 0 0 0 0 0 0 0 0 0 0 0 0 0 0 0 0 0 0 0 0 0 0 0 0 0 0 0 0 0 0 0 0 0 0 0 0 0 0 0 0 0 0 0 0 0 0 0 0 0 0 0 0 0 0 0 0 0 0 0 0 0 0 0 0 0 0 0 0 0 0 0 3138024 0 0 0
ctxt 6475864
btime 1673080802
processes 2754
procs_running 1
procs_blocked 0
softirq 11346539 10313112 110963 25775 137929 6141 0 514869 163531 0 74219

cpu  6232 0 14923 1270837 1358 0 38034 0 0 0
cpu0 948 0 1150 326265 323 0 5639 0 0 0
cpu1 3224 0 11189 298572 229 0 14210 0 0 0
cpu2 1056 0 1254 324645 386 0 7366 0 0 0
cpu3 1003 0 1330 321353 419 0 10818 0 0 0
intr 43243672 0 0 14017 75 0 3698 213610 0 0 0 28270 0 0 0 0 0 0 0 0 0 0 0 0 0 0 0 0 0 0 0 0 0 0 0 0 0 0 0 0 0 0 0 0 0 0 0 0 0 0 0 0 33173364 0 0 0 0 0 0 0 0 9996 0 6130 0 0 0 0 0 0 0 0 0 0 0 6487062 1 0 0 0 0 0 0 0 0 0 0 0 0 0 0 0 0 0 0 0 0 0 0 2615 4213 0 0 0 0 162109 0 0 0 0 0 0 0 0 0 0 0 0 0 0 0 0 0 0 0 0 0 0 0 0 0 0 0 0 0 0 0 0 0 0 0 0 0 0 0 0 0 0 0 0 0 0 0 0 0 0 0 0 0 0 0 0 0 0 0 0 0 0 0 0 0 0 0 0 0 0 0 0 0 0 0 3138512 0 0 0
ctxt 6476851
btime 1673080802
processes 2754
procs_running 1
procs_blocked 0
softirq 11346601 10313112 110976 25775 137930 6141 0 514883 163553 0 74231

cpu  6233 0 14925 1271030 1358 0 38034 0 0 0
cpu0 948 0 1150 326315 323 0 5639 0 0 0
cpu1 3224 0 11190 298618 229 0 14210 0 0 0
cpu2 1056 0 1254 324695 386 0 7366 0 0 0
cpu3 1003 0 1330 321402 419 0 10818 0 0 0
intr 43248399 0 0 14017 75 0 3698 213638 0 0 0 28275 0 0 0 0 0 0 0 0 0 0 0 0 0 0 0 0 0 0 0 0 0 0 0 0 0 0 0 0 0 0 0 0 0 0 0 0 0 0 0 0 33177392 0 0 0 0 0 0 0 0 9996 0 6130 0 0 0 0 0 0 0 0 0 0 0 6487216 1 0 0 0 0 0 0 0 0 0 0 0 0 0 0 0 0 0 0 0 0 0 0 2615 4213 0 0 0 0 162131 0 0 0 0 0 0 0 0 0 0 0 0 0 0 0 0 0 0 0 0 0 0 0 0 0 0 0 0 0 0 0 0 0 0 0 0 0 0 0 0 0 0 0 0 0 0 0 0 0 0 0 0 0 0 0 0 0 0 0 0 0 0 0 0 0 0 0 0 0 0 0 0 0 0 0 3139004 0 0 0
ctxt 6477863
btime 1673080802
processes 2754
procs_running 1
procs_blocked 0
softirq 11346687 10313120 110995 25775 137931 6141 0 514902 163581 0 74242

cpu  6233 0 14926 1271224 1358 0 38034 0 0 0
cpu0 948 0 1150 326364 323 0 5639 0 0 0
cpu1 3224 0 11191 298663 229 0 14210 0 0 0
cpu2 1056 0 1254 324744 386 0 7366 0 0 0
cpu3 1003 0 1330 321451 419 0 10818 0 0 0
intr 43253052 0 0 14017 75 0 3698 213659 0 0 0 28280 0 0 0 0 0 0 0 0 0 0 0 0 0 0 0 0 0 0 0 0 0 0 0 0 0 0 0 0 0 0 0 0 0 0 0 0 0 0 0 0 33181387 0 0 0 0 0 0 0 0 9996 0 6130 0 0 0 0 0 0 0 0 0 0 0 6487344 1 0 0 0 0 0 0 0 0 0 0 0 0 0 0 0 0 0 0 0 0 0 0 2615 4213 0 0 0 0 162153 0 0 0 0 0 0 0 0 0 0 0 0 0 0 0 0 0 0 0 0 0 0 0 0 0 0 0 0 0 0 0 0 0 0 0 0 0 0 0 0 0 0 0 0 0 0 0 0 0 0 0 0 0 0 0 0 0 0 0 0 0 0 0 0 0 0 0 0 0 0 0 0 0 0 0 3139484 0 0 0
ctxt 6478847
btime 1673080802
processes 2754
procs_running 1
procs_blocked 0
softirq 11346749 10313120 111009 25775 137932 6141 0 514920 163599 0 74253

cpu  6233 0 14928 1271417 1358 0 38034 0 0 0
cpu0 948 0 1150 326414 323 0 5639 0 0 0
cpu1 3224 0 11193 298709 229 0 14210 0 0 0
cpu2 1056 0 1254 324793 386 0 7366 0 0 0
cpu3 1003 0 1330 321500 419 0 10818 0 0 0
intr 43257718 0 0 14018 75 0 3698 213681 0 0 0 28285 0 0 0 0 0 0 0 0 0 0 0 0 0 0 0 0 0 0 0 0 0 0 0 0 0 0 0 0 0 0 0 0 0 0 0 0 0 0 0 0 33185387 0 0 0 0 0 0 0 0 9996 0 6130 0 0 0 0 0 0 0 0 0 0 0 6487474 1 0 0 0 0 0 0 0 0 0 0 0 0 0 0 0 0 0 0 0 0 0 0 2615 4213 0 0 0 0 162175 0 0 0 0 0 0 0 0 0 0 0 0 0 0 0 0 0 0 0 0 0 0 0 0 0 0 0 0 0 0 0 0 0 0 0 0 0 0 0 0 0 0 0 0 0 0 0 0 0 0 0 0 0 0 0 0 0 0 0 0 0 0 0 0 0 0 0 0 0 0 0 0 0 0 0 3139970 0 0 0
ctxt 6479849
btime 1673080802
processes 2754
procs_running 1
procs_blocked 0
softirq 11346817 10313120 111024 25775 137933 6141 0 514939 163622 0 74263

cpu  6233 0 14929 1271611 1358 0 38034 0 0 0
cpu0 948 0 1150 326463 323 0 5639 0 0 0
cpu1 3225 0 11194 298755 229 0 14210 0 0 0
cpu2 1056 0 1254 324842 386 0 7366 0 0 0
cpu3 1003 0 1330 321549 419 0 10818 0 0 0
intr 43262455 0 0 14022 75 0 3698 213717 0 0 0 28290 0 0 0 0 0 0 0 0 0 0 0 0 0 0 0 0 0 0 0 0 0 0 0 0 0 0 0 0 0 0 0 0 0 0 0 0 0 0 0 0 33189414 0 0 0 0 0 0 0 0 9996 0 6130 0 0 0 0 0 0 0 0 0 0 0 6487626 1 0 0 0 0 0 0 0 0 0 0 0 0 0 0 0 0 0 0 0 0 0 0 2615 4213 0 0 0 0 162197 0 0 0 0 0 0 0 0 0 0 0 0 0 0 0 0 0 0 0 0 0 0 0 0 0 0 0 0 0 0 0 0 0 0 0 0 0 0 0 0 0 0 0 0 0 0 0 0 0 0 0 0 0 0 0 0 0 0 0 0 0 0 0 0 0 0 0 0 0 0 0 0 0 0 0 3140463 0 0 0
ctxt 6480865
btime 1673080802
processes 2754
procs_running 2
procs_blocked 0
softirq 11346897 10313128 111039 25775 137934 6141 0 514957 163647 0 74276

cpu  6233 0 14930 1271805 1358 0 38034 0 0 0
cpu0 948 0 1150 326513 323 0 5639 0 0 0
cpu1 3225 0 11195 298801 229 0 14210 0 0 0
cpu2 1056 0 1254 324891 386 0 7366 0 0 0
cpu3 1003 0 1330 321599 419 0 10818 0 0 0
intr 43267123 0 0 14022 75 0 3698 213745 0 0 0 28295 0 0 0 0 0 0 0 0 0 0 0 0 0 0 0 0 0 0 0 0 0 0 0 0 0 0 0 0 0 0 0 0 0 0 0 0 0 0 0 0 33193411 0 0 0 0 0 0 0 0 9996 0 6130 0 0 0 0 0 0 0 0 0 0 0 6487756 1 0 0 0 0 0 0 0 0 0 0 0 0 0 0 0 0 0 0 0 0 0 0 2615 4213 0 0 0 0 162219 0 0 0 0 0 0 0 0 0 0 0 0 0 0 0 0 0 0 0 0 0 0 0 0 0 0 0 0 0 0 0 0 0 0 0 0 0 0 0 0 0 0 0 0 0 0 0 0 0 0 0 0 0 0 0 0 0 0 0 0 0 0 0 0 0 0 0 0 0 0 0 0 0 0 0 3140948 0 0 0
ctxt 6481864
btime 1673080802
processes 2754
procs_running 1
procs_blocked 0
softirq 11346966 10313128 111054 25775 137935 6141 0 514976 163670 0 74287

cpu  6234 0 14931 1271998 1358 0 38034 0 0 0
cpu0 948 0 1150 326562 323 0 5639 0 0 0
cpu1 3226 0 11197 298847 229 0 14210 0 0 0
cpu2 1056 0 1254 324940 386 0 7366 0 0 0
cpu3 1003 0 1330 321648 419 0 10818 0 0 0
intr 43271859 0 0 14026 75 0 3698 213777 0 0 0 28300 0 0 0 0 0 0 0 0 0 0 0 0 0 0 0 0 0 0 0 0 0 0 0 0 0 0 0 0 0 0 0 0 0 0 0 0 0 0 0 0 33197439 0 0 0 0 0 0 0 0 9996 0 6130 0 0 0 0 0 0 0 0 0 0 0 6487908 1 0 0 0 0 0 0 0 0 0 0 0 0 0 0 0 0 0 0 0 0 0 0 2615 4213 0 0 0 0 162241 0 0 0 0 0 0 0 0 0 0 0 0 0 0 0 0 0 0 0 0 0 0 0 0 0 0 0 0 0 0 0 0 0 0 0 0 0 0 0 0 0 0 0 0 0 0 0 0 0 0 0 0 0 0 0 0 0 0 0 0 0 0 0 0 0 0 0 0 0 0 0 0 0 0 0 3141441 0 0 0
ctxt 6482877
btime 1673080802
processes 2754
procs_running 1
procs_blocked 0
softirq 11347046 10313136 111070 25776 137936 6141 0 514994 163695 0 74298

cpu  6234 0 14934 1272192 1358 0 38034 0 0 0
cpu0 948 0 1150 326611 323 0 5639 0 0 0
cpu1 3226 0 11199 298893 229 0 14210 0 0 0
cpu2 1056 0 1254 324989 386 0 7366 0 0 0
cpu3 1003 0 1330 321697 419 0 10818 0 0 0
intr 43276543 0 0 14031 75 0 3698 213802 0 0 0 28305 0 0 0 0 0 0 0 0 0 0 0 0 0 0 0 0 0 0 0 0 0 0 0 0 0 0 0 0 0 0 0 0 0 0 0 0 0 0 0 0 33201439 0 0 0 0 0 0 0 0 9996 0 6130 0 0 0 0 0 0 0 0 0 0 0 6488038 1 0 0 0 0 0 0 0 0 0 0 0 0 0 0 0 0 0 0 0 0 0 0 2615 4213 0 0 0 0 162263 0 0 0 0 0 0 0 0 0 0 0 0 0 0 0 0 0 0 0 0 0 0 0 0 0 0 0 0 0 0 0 0 0 0 0 0 0 0 0 0 0 0 0 0 0 0 0 0 0 0 0 0 0 0 0 0 0 0 0 0 0 0 0 0 0 0 0 0 0 0 0 0 0 0 0 3141937 0 0 0
ctxt 6483876
btime 1673080802
processes 2754
procs_running 1
procs_blocked 0
softirq 11347125 10313136 111087 25776 137937 6141 0 515013 163724 0 74311

cpu  6234 0 14936 1272386 1358 0 38034 0 0 0
cpu0 948 0 1150 326661 323 0 5639 0 0 0
cpu1 3226 0 11201 298938 229 0 14210 0 0 0
cpu2 1056 0 1254 325039 386 0 7366 0 0 0
cpu3 1003 0 1330 321746 419 0 10818 0 0 0
intr 43281263 0 0 14035 75 0 3698 213830 0 0 0 28310 0 0 0 0 0 0 0 0 0 0 0 0 0 0 0 0 0 0 0 0 0 0 0 0 0 0 0 0 0 0 0 0 0 0 0 0 0 0 0 0 33205458 0 0 0 0 0 0 0 0 9996 0 6130 0 0 0 0 0 0 0 0 0 0 0 6488190 1 0 0 0 0 0 0 0 0 0 0 0 0 0 0 0 0 0 0 0 0 0 0 2615 4213 0 0 0 0 162285 0 0 0 0 0 0 0 0 0 0 0 0 0 0 0 0 0 0 0 0 0 0 0 0 0 0 0 0 0 0 0 0 0 0 0 0 0 0 0 0 0 0 0 0 0 0 0 0 0 0 0 0 0 0 0 0 0 0 0 0 0 0 0 0 0 0 0 0 0 0 0 0 0 0 0 3142428 0 0 0
ctxt 6484886
btime 1673080802
processes 2754
procs_running 1
procs_blocked 0
softirq 11347207 10313144 111103 25776 137938 6141 0 515032 163749 0 74324

cpu  6235 0 14938 1272580 1358 0 38034 0 0 0
cpu0 948 0 1150 326710 323 0 5639 0 0 0
cpu1 3226 0 11203 298984 229 0 14210 0 0 0
cpu2 1056 0 1255 325088 386 0 7366 0 0 0
cpu3 1003 0 1330 321796 419 0 10818 0 0 0
intr 43285970 0 0 14047 75 0 3698 213858 0 0 0 28315 0 0 0 0 0 0 0 0 0 0 0 0 0 0 0 0 0 0 0 0 0 0 0 0 0 0 0 0 0 0 0 0 0 0 0 0 0 0 0 0 33209462 0 0 0 0 0 0 0 0 9996 0 6130 0 0 0 0 0 0 0 0 0 0 0 6488320 1 0 0 0 0 0 0 0 0 0 0 0 0 0 0 0 0 0 0 0 0 0 0 2615 4213 0 0 0 0 162307 0 0 0 0 0 0 0 0 0 0 0 0 0 0 0 0 0 0 0 0 0 0 0 0 0 0 0 0 0 0 0 0 0 0 0 0 0 0 0 0 0 0 0 0 0 0 0 0 0 0 0 0 0 0 0 0 0 0 0 0 0 0 0 0 0 0 0 0 0 0 0 0 0 0 0 3142935 0 0 0
ctxt 6485900
btime 1673080802
processes 2754
procs_running 2
procs_blocked 0
softirq 11347286 10313144 111119 25776 137939 6141 0 515051 163778 0 74338

cpu  6235 0 14940 1272773 1358 0 38034 0 0 0
cpu0 948 0 1150 326760 323 0 5639 0 0 0
cpu1 3226 0 11205 299029 229 0 14210 0 0 0
cpu2 1056 0 1255 325137 386 0 7366 0 0 0
cpu3 1003 0 1330 321845 419 0 10818 0 0 0
intr 43290694 0 0 14051 75 0 3698 213890 0 0 0 28320 0 0 0 0 0 0 0 0 0 0 0 0 0 0 0 0 0 0 0 0 0 0 0 0 0 0 0 0 0 0 0 0 0 0 0 0 0 0 0 0 33213483 0 0 0 0 0 0 0 0 9996 0 6130 0 0 0 0 0 0 0 0 0 0 0 6488472 1 0 0 0 0 0 0 0 0 0 0 0 0 0 0 0 0 0 0 0 0 0 0 2615 4213 0 0 0 0 162329 0 0 0 0 0 0 0 0 0 0 0 0 0 0 0 0 0 0 0 0 0 0 0 0 0 0 0 0 0 0 0 0 0 0 0 0 0 0 0 0 0 0 0 0 0 0 0 0 0 0 0 0 0 0 0 0 0 0 0 0 0 0 0 0 0 0 0 0 0 0 0 0 0 0 0 3143422 0 0 0
ctxt 6486900
btime 1673080802
processes 2754
procs_running 1
procs_blocked 0
softirq 11347368 10313152 111136 25776 137940 6141 0 515070 163803 0 74350

cpu  6235 0 14943 1272967 1358 0 38034 0 0 0
cpu0 948 0 1150 326809 323 0 5639 0 0 0
cpu1 3226 0 11208 299075 229 0 14210 0 0 0
cpu2 1056 0 1255 325187 386 0 7366 0 0 0
cpu3 1003 0 1330 321894 419 0 10818 0 0 0
intr 43295383 0 0 14056 75 0 3698 213916 0 0 0 28325 0 0 0 0 0 0 0 0 0 0 0 0 0 0 0 0 0 0 0 0 0 0 0 0 0 0 0 0 0 0 0 0 0 0 0 0 0 0 0 0 33217489 0 0 0 0 0 0 0 0 9996 0 6130 0 0 0 0 0 0 0 0 0 0 0 6488602 1 0 0 0 0 0 0 0 0 0 0 0 0 0 0 0 0 0 0 0 0 0 0 2615 4213 0 0 0 0 162351 0 0 0 0 0 0 0 0 0 0 0 0 0 0 0 0 0 0 0 0 0 0 0 0 0 0 0 0 0 0 0 0 0 0 0 0 0 0 0 0 0 0 0 0 0 0 0 0 0 0 0 0 0 0 0 0 0 0 0 0 0 0 0 0 0 0 0 0 0 0 0 0 0 0 0 3143917 0 0 0
ctxt 6487901
btime 1673080802
processes 2754
procs_running 1
procs_blocked 0
softirq 11347445 10313152 111153 25776 137941 6141 0 515089 163830 0 74363

cpu  6235 0 14945 1273161 1358 0 38034 0 0 0
cpu0 948 0 1150 326859 323 0 5639 0 0 0
cpu1 3226 0 11210 299121 229 0 14210 0 0 0
cpu2 1056 0 1255 325236 386 0 7366 0 0 0
cpu3 1003 0 1330 321944 419 0 10818 0 0 0
intr 43300111 0 0 14060 75 0 3698 213946 0 0 0 28330 0 0 0 0 0 0 0 0 0 0 0 0 0 0 0 0 0 0 0 0 0 0 0 0 0 0 0 0 0 0 0 0 0 0 0 0 0 0 0 0 33221516 0 0 0 0 0 0 0 0 9996 0 6130 0 0 0 0 0 0 0 0 0 0 0 6488754 1 0 0 0 0 0 0 0 0 0 0 0 0 0 0 0 0 0 0 0 0 0 0 2615 4213 0 0 0 0 162373 0 0 0 0 0 0 0 0 0 0 0 0 0 0 0 0 0 0 0 0 0 0 0 0 0 0 0 0 0 0 0 0 0 0 0 0 0 0 0 0 0 0 0 0 0 0 0 0 0 0 0 0 0 0 0 0 0 0 0 0 0 0 0 0 0 0 0 0 0 0 0 0 0 0 0 3144404 0 0 0
ctxt 6488906
btime 1673080802
processes 2754
procs_running 1
procs_blocked 0
softirq 11347522 10313160 111167 25776 137942 6141 0 515107 163855 0 74374

cpu  6235 0 14946 1273344 1358 0 38040 0 0 0
cpu0 948 0 1150 326906 323 0 5640 0 0 0
cpu1 3226 0 11211 299164 229 0 14211 0 0 0
cpu2 1056 0 1255 325280 386 0 7370 0 0 0
cpu3 1003 0 1330 321991 419 0 10819 0 0 0
intr 43305498 0 0 14068 75 0 3698 213978 0 0 0 28335 0 0 0 0 0 0 0 0 0 0 0 0 0 0 0 0 0 0 0 0 0 0 0 0 0 0 0 0 0 0 0 0 0 0 0 0 0 0 0 0 33225862 0 0 0 0 0 0 0 0 9996 0 6130 0 0 0 0 0 0 0 0 0 0 0 6489235 1 0 0 0 0 0 0 0 0 0 0 0 0 0 0 0 0 0 0 0 0 0 0 2615 4213 0 0 0 0 162395 0 0 0 0 0 0 0 0 0 0 0 0 0 0 0 0 0 0 0 0 0 0 0 0 0 0 0 0 0 0 0 0 0 0 0 0 0 0 0 0 0 0 0 0 0 0 0 0 0 0 0 0 0 0 0 0 0 0 0 0 0 0 0 0 0 0 0 0 0 0 0 0 0 0 0 3144898 0 0 0
ctxt 6489916
btime 1673080802
processes 2754
procs_running 1
procs_blocked 0
softirq 11348011 10313519 111184 25777 137954 6141 0 515165 163882 0 74389

cpu  6235 0 14949 1273529 1358 0 38043 0 0 0
cpu0 948 0 1150 326955 323 0 5640 0 0 0
cpu1 3227 0 11214 299209 229 0 14212 0 0 0
cpu2 1056 0 1255 325325 386 0 7372 0 0 0
cpu3 1003 0 1330 322038 419 0 10819 0 0 0
intr 43311080 0 0 14068 75 0 3698 214007 0 0 0 28340 0 0 0 0 0 0 0 0 0 0 0 0 0 0 0 0 0 0 0 0 0 0 0 0 0 0 0 0 0 0 0 0 0 0 0 0 0 0 0 0 33230313 0 0 0 0 0 0 0 0 9996 0 6130 0 0 0 0 0 0 0 0 0 0 0 6489823 1 0 0 0 0 0 0 0 0 0 0 0 0 0 0 0 0 0 0 0 0 0 0 2615 4213 0 0 0 0 162417 0 0 0 0 0 0 0 0 0 0 0 0 0 0 0 0 0 0 0 0 0 0 0 0 0 0 0 0 0 0 0 0 0 0 0 0 0 0 0 0 0 0 0 0 0 0 0 0 0 0 0 0 0 0 0 0 0 0 0 0 0 0 0 0 0 0 0 0 0 0 0 0 0 0 0 3145385 0 0 0
ctxt 6490928
btime 1673080802
processes 2754
procs_running 1
procs_blocked 0
softirq 11348616 10313968 111200 25777 137968 6141 0 515250 163913 0 74399

cpu  6235 0 14951 1273717 1358 0 38047 0 0 0
cpu0 948 0 1150 327003 323 0 5641 0 0 0
cpu1 3227 0 11216 299253 229 0 14214 0 0 0
cpu2 1056 0 1255 325373 386 0 7372 0 0 0
cpu3 1003 0 1330 322087 419 0 10819 0 0 0
intr 43316594 0 0 14073 75 0 3698 214037 0 0 0 28345 0 0 0 0 0 0 0 0 0 0 0 0 0 0 0 0 0 0 0 0 0 0 0 0 0 0 0 0 0 0 0 0 0 0 0 0 0 0 0 0 33234738 0 0 0 0 0 0 0 0 9996 0 6130 0 0 0 0 0 0 0 0 0 0 0 6490377 1 0 0 0 0 0 0 0 0 0 0 0 0 0 0 0 0 0 0 0 0 0 0 2615 4213 0 0 0 0 162439 0 0 0 0 0 0 0 0 0 0 0 0 0 0 0 0 0 0 0 0 0 0 0 0 0 0 0 0 0 0 0 0 0 0 0 0 0 0 0 0 0 0 0 0 0 0 0 0 0 0 0 0 0 0 0 0 0 0 0 0 0 0 0 0 0 0 0 0 0 0 0 0 0 0 0 3145858 0 0 0
ctxt 6491899
btime 1673080802
processes 2754
procs_running 2
procs_blocked 0
softirq 11349225 10314400 111217 25779 137982 6141 0 515354 163942 0 74410

cpu  6236 0 14954 1273902 1358 0 38049 0 0 0
cpu0 948 0 1150 327050 323 0 5641 0 0 0
cpu1 3228 0 11218 299298 229 0 14214 0 0 0
cpu2 1056 0 1255 325418 386 0 7372 0 0 0
cpu3 1003 0 1330 322134 419 0 10820 0 0 0
intr 43322050 0 0 14073 75 0 3698 214074 0 0 0 28350 0 0 0 0 0 0 0 0 0 0 0 0 0 0 0 0 0 0 0 0 0 0 0 0 0 0 0 0 0 0 0 0 0 0 0 0 0 0 0 0 33239127 0 0 0 0 0 0 0 0 9996 0 6130 0 0 0 0 0 0 0 0 0 0 0 6490895 1 0 0 0 0 0 0 0 0 0 0 0 0 0 0 0 0 0 0 0 0 0 0 2615 4213 0 0 0 0 162461 0 0 0 0 0 0 0 0 0 0 0 0 0 0 0 0 0 0 0 0 0 0 0 0 0 0 0 0 0 0 0 0 0 0 0 0 0 0 0 0 0 0 0 0 0 0 0 0 0 0 0 0 0 0 0 0 0 0 0 0 0 0 0 0 0 0 0 0 0 0 0 0 0 0 0 3146342 0 0 0
ctxt 6492917
btime 1673080802
processes 2754
procs_running 1
procs_blocked 0
softirq 11349840 10314878 111235 25780 137996 6141 0 515413 163976 0 74421

cpu  6236 0 14954 1274087 1358 0 38055 0 0 0
cpu0 948 0 1150 327099 323 0 5641 0 0 0
cpu1 3228 0 11218 299339 229 0 14218 0 0 0
cpu2 1056 0 1255 325466 386 0 7372 0 0 0
cpu3 1003 0 1330 322181 419 0 10822 0 0 0
intr 43327560 0 0 14081 75 0 3698 214111 0 0 0 28355 0 0 0 0 0 0 0 0 0 0 0 0 0 0 0 0 0 0 0 0 0 0 0 0 0 0 0 0 0 0 0 0 0 0 0 0 0 0 0 0 33243565 0 0 0 0 0 0 0 0 9996 0 6130 0 0 0 0 0 0 0 0 0 0 0 6491458 1 0 0 0 0 0 0 0 0 0 0 0 0 0 0 0 0 0 0 0 0 0 0 2615 4213 0 0 0 0 162483 0 0 0 0 0 0 0 0 0 0 0 0 0 0 0 0 0 0 0 0 0 0 0 0 0 0 0 0 0 0 0 0 0 0 0 0 0 0 0 0 0 0 0 0 0 0 0 0 0 0 0 0 0 0 0 0 0 0 0 0 0 0 0 0 0 0 0 0 0 0 0 0 0 0 0 3146781 0 0 0
ctxt 6493832
btime 1673080802
processes 2754
procs_running 1
procs_blocked 0
softirq 11350361 10315265 111253 25782 138010 6141 0 515478 164000 0 74432

cpu  6237 0 14955 1274272 1358 0 38057 0 0 0
cpu0 948 0 1150 327146 323 0 5642 0 0 0
cpu1 3229 0 11219 299384 229 0 14218 0 0 0
cpu2 1056 0 1255 325515 386 0 7372 0 0 0
cpu3 1003 0 1330 322225 419 0 10823 0 0 0
intr 43333142 0 0 14081 75 0 3698 214142 0 0 0 28360 0 0 0 0 0 0 0 0 0 0 0 0 0 0 0 0 0 0 0 0 0 0 0 0 0 0 0 0 0 0 0 0 0 0 0 0 0 0 0 0 33248018 0 0 0 0 0 0 0 0 9996 0 6130 0 0 0 0 0 0 0 0 0 0 0 6492039 1 0 0 0 0 0 0 0 0 0 0 0 0 0 0 0 0 0 0 0 0 0 0 2615 4213 0 0 0 0 162505 0 0 0 0 0 0 0 0 0 0 0 0 0 0 0 0 0 0 0 0 0 0 0 0 0 0 0 0 0 0 0 0 0 0 0 0 0 0 0 0 0 0 0 0 0 0 0 0 0 0 0 0 0 0 0 0 0 0 0 0 0 0 0 0 0 0 0 0 0 0 0 0 0 0 0 3147270 0 0 0
ctxt 6494870
btime 1673080802
processes 2754
procs_running 1
procs_blocked 0
softirq 11351057 10315798 111270 25782 138027 6141 0 515577 164019 0 74443

cpu  6238 0 14956 1274457 1358 0 38061 0 0 0
cpu0 948 0 1150 327194 323 0 5642 0 0 0
cpu1 3229 0 11220 299427 229 0 14221 0 0 0
cpu2 1056 0 1255 325561 386 0 7373 0 0 0
cpu3 1003 0 1330 322272 419 0 10824 0 0 0
intr 43338672 0 0 14082 75 0 3698 214172 0 0 0 28365 0 0 0 0 0 0 0 0 0 0 0 0 0 0 0 0 0 0 0 0 0 0 0 0 0 0 0 0 0 0 0 0 0 0 0 0 0 0 0 0 33252455 0 0 0 0 0 0 0 0 9996 0 6130 0 0 0 0 0 0 0 0 0 0 0 6492602 1 0 0 0 0 0 0 0 0 0 0 0 0 0 0 0 0 0 0 0 0 0 0 2615 4213 0 0 0 0 162527 0 0 0 0 0 0 0 0 0 0 0 0 0 0 0 0 0 0 0 0 0 0 0 0 0 0 0 0 0 0 0 0 0 0 0 0 0 0 0 0 0 0 0 0 0 0 0 0 0 0 0 0 0 0 0 0 0 0 0 0 0 0 0 0 0 0 0 0 0 0 0 0 0 0 0 3147742 0 0 0
ctxt 6495856
btime 1673080802
processes 2754
procs_running 1
procs_blocked 0
softirq 11351787 10316384 111288 25782 138042 6141 0 515646 164050 0 74454

cpu  6238 0 14957 1274643 1358 0 38065 0 0 0
cpu0 948 0 1150 327242 323 0 5643 0 0 0
cpu1 3229 0 11221 299472 229 0 14222 0 0 0
cpu2 1056 0 1255 325608 386 0 7374 0 0 0
cpu3 1003 0 1330 322319 419 0 10824 0 0 0
intr 43344261 0 0 14086 75 0 3698 214204 0 0 0 28370 0 0 0 0 0 0 0 0 0 0 0 0 0 0 0 0 0 0 0 0 0 0 0 0 0 0 0 0 0 0 0 0 0 0 0 0 0 0 0 0 33256910 0 0 0 0 0 0 0 0 9996 0 6130 0 0 0 0 0 0 0 0 0 0 0 6493187 1 0 0 0 0 0 0 0 0 0 0 0 0 0 0 0 0 0 0 0 0 0 0 2615 4213 0 0 0 0 162549 0 0 0 0 0 0 0 0 0 0 0 0 0 0 0 0 0 0 0 0 0 0 0 0 0 0 0 0 0 0 0 0 0 0 0 0 0 0 0 0 0 0 0 0 0 0 0 0 0 0 0 0 0 0 0 0 0 0 0 0 0 0 0 0 0 0 0 0 0 0 0 0 0 0 0 3148228 0 0 0
ctxt 6496879
btime 1673080802
processes 2754
procs_running 1
procs_blocked 0
softirq 11352400 10316854 111308 25784 138059 6141 0 515710 164079 0 74465

cpu  6238 0 14958 1274828 1358 0 38071 0 0 0
cpu0 948 0 1150 327288 323 0 5645 0 0 0
cpu1 3230 0 11222 299514 229 0 14226 0 0 0
cpu2 1056 0 1255 325657 386 0 7374 0 0 0
cpu3 1003 0 1330 322367 419 0 10824 0 0 0
intr 43349795 0 0 14086 75 0 3698 214237 0 0 0 28375 0 0 0 0 0 0 0 0 0 0 0 0 0 0 0 0 0 0 0 0 0 0 0 0 0 0 0 0 0 0 0 0 0 0 0 0 0 0 0 0 33261354 0 0 0 0 0 0 0 0 9996 0 6130 0 0 0 0 0 0 0 0 0 0 0 6493751 1 0 0 0 0 0 0 0 0 0 0 0 0 0 0 0 0 0 0 0 0 0 0 2615 4213 0 0 0 0 162571 0 0 0 0 0 0 0 0 0 0 0 0 0 0 0 0 0 0 0 0 0 0 0 0 0 0 0 0 0 0 0 0 0 0 0 0 0 0 0 0 0 0 0 0 0 0 0 0 0 0 0 0 0 0 0 0 0 0 0 0 0 0 0 0 0 0 0 0 0 0 0 0 0 0 0 3148694 0 0 0
ctxt 6497826
btime 1673080802
processes 2754
procs_running 1
procs_blocked 0
softirq 11353091 10317390 111323 25784 138076 6141 0 515798 164104 0 74475

cpu  6239 0 14960 1275015 1358 0 38073 0 0 0
cpu0 948 0 1150 327335 323 0 5646 0 0 0
cpu1 3230 0 11224 299559 229 0 14226 0 0 0
cpu2 1056 0 1255 325706 386 0 7375 0 0 0
cpu3 1003 0 1330 322414 419 0 10825 0 0 0
intr 43355249 0 0 14086 75 0 3698 214268 0 0 0 28380 0 0 0 0 0 0 0 0 0 0 0 0 0 0 0 0 0 0 0 0 0 0 0 0 0 0 0 0 0 0 0 0 0 0 0 0 0 0 0 0 33265742 0 0 0 0 0 0 0 0 9996 0 6130 0 0 0 0 0 0 0 0 0 0 0 6494267 1 0 0 0 0 0 0 0 0 0 0 0 0 0 0 0 0 0 0 0 0 0 0 2615 4213 0 0 0 0 162593 0 0 0 0 0 0 0 0 0 0 0 0 0 0 0 0 0 0 0 0 0 0 0 0 0 0 0 0 0 0 0 0 0 0 0 0 0 0 0 0 0 0 0 0 0 0 0 0 0 0 0 0 0 0 0 0 0 0 0 0 0 0 0 0 0 0 0 0 0 0 0 0 0 0 0 3149185 0 0 0
ctxt 6498864
btime 1673080802
processes 2754
procs_running 1
procs_blocked 0
softirq 11353752 10317903 111342 25784 138087 6141 0 515881 164128 0 74486

cpu  6239 0 14962 1275201 1358 0 38077 0 0 0
cpu0 948 0 1150 327382 323 0 5647 0 0 0
cpu1 3231 0 11226 299604 229 0 14227 0 0 0
cpu2 1056 0 1255 325753 386 0 7376 0 0 0
cpu3 1003 0 1330 322461 419 0 10826 0 0 0
intr 43360781 0 0 14091 75 0 3698 214295 0 0 0 28385 0 0 0 0 0 0 0 0 0 0 0 0 0 0 0 0 0 0 0 0 0 0 0 0 0 0 0 0 0 0 0 0 0 0 0 0 0 0 0 0 33270173 0 0 0 0 0 0 0 0 9996 0 6130 0 0 0 0 0 0 0 0 0 0 0 6494834 1 0 0 0 0 0 0 0 0 0 0 0 0 0 0 0 0 0 0 0 0 0 0 2615 4213 0 0 0 0 162615 0 0 0 0 0 0 0 0 0 0 0 0 0 0 0 0 0 0 0 0 0 0 0 0 0 0 0 0 0 0 0 0 0 0 0 0 0 0 0 0 0 0 0 0 0 0 0 0 0 0 0 0 0 0 0 0 0 0 0 0 0 0 0 0 0 0 0 0 0 0 0 0 0 0 0 3149662 0 0 0
ctxt 6499841
btime 1673080802
processes 2754
procs_running 1
procs_blocked 0
softirq 11354411 10318403 111357 25786 138102 6141 0 515964 164161 0 74497

cpu  6239 0 14963 1275386 1358 0 38080 0 0 0
cpu0 948 0 1150 327429 323 0 5648 0 0 0
cpu1 3231 0 11226 299648 229 0 14228 0 0 0
cpu2 1056 0 1255 325801 386 0 7376 0 0 0
cpu3 1003 0 1331 322507 419 0 10826 0 0 0
intr 43366405 0 0 14097 75 0 3699 214341 0 0 0 28390 0 0 0 0 0 0 0 0 0 0 0 0 0 0 0 0 0 0 0 0 0 0 0 0 0 0 0 0 0 0 0 0 0 0 0 0 0 0 0 0 33274635 0 0 0 0 0 0 0 0 9996 0 6130 0 0 0 0 0 0 0 0 0 0 0 6495423 1 0 0 0 0 0 0 0 0 0 0 0 0 0 0 0 0 0 0 0 0 0 0 2615 4213 0 0 0 0 162650 0 0 0 0 0 0 0 0 0 0 0 0 0 0 0 0 0 0 0 0 0 0 0 0 0 0 0 0 0 0 0 0 0 0 0 0 0 0 0 0 0 0 0 0 0 0 0 0 0 0 0 0 0 0 0 0 0 0 0 0 0 0 0 0 0 0 0 0 0 0 0 0 0 0 0 3150141 0 0 0
ctxt 6500869
btime 1673080802
processes 2754
procs_running 1
procs_blocked 0
softirq 11354921 10318756 111375 25788 138117 6141 0 516049 164187 0 74508

cpu  6240 0 14966 1275569 1358 0 38084 0 0 0
cpu0 948 0 1150 327478 323 0 5648 0 0 0
cpu1 3231 0 11229 299693 229 0 14228 0 0 0
cpu2 1056 0 1255 325846 386 0 7378 0 0 0
cpu3 1003 0 1331 322550 419 0 10828 0 0 0
intr 43371952 0 0 14103 75 0 3699 214367 0 0 0 28395 0 0 0 0 0 0 0 0 0 0 0 0 0 0 0 0 0 0 0 0 0 0 0 0 0 0 0 0 0 0 0 0 0 0 0 0 0 0 0 0 33279073 0 0 0 0 0 0 0 0 9996 0 6130 0 0 0 0 0 0 0 0 0 0 0 6495985 1 0 0 0 0 0 0 0 0 0 0 0 0 0 0 0 0 0 0 0 0 0 0 2615 4213 0 0 0 0 162667 0 0 0 0 0 0 0 0 0 0 0 0 0 0 0 0 0 0 0 0 0 0 0 0 0 0 0 0 0 0 0 0 0 0 0 0 0 0 0 0 0 0 0 0 0 0 0 0 0 0 0 0 0 0 0 0 0 0 0 0 0 0 0 0 0 0 0 0 0 0 0 0 0 0 0 3150634 0 0 0
ctxt 6501860
btime 1673080802
processes 2754
procs_running 1
procs_blocked 0
softirq 11355379 10319083 111392 25790 138132 6141 0 516110 164210 0 74521

cpu  6240 0 14967 1275755 1358 0 38088 0 0 0
cpu0 948 0 1150 327524 323 0 5650 0 0 0
cpu1 3231 0 11230 299737 229 0 14230 0 0 0
cpu2 1056 0 1255 325894 386 0 7379 0 0 0
cpu3 1003 0 1331 322598 419 0 10828 0 0 0
intr 43377543 0 0 14103 75 0 3700 214404 0 0 0 28400 0 0 0 0 0 0 0 0 0 0 0 0 0 0 0 0 0 0 0 0 0 0 0 0 0 0 0 0 0 0 0 0 0 0 0 0 0 0 0 0 33283534 0 0 0 0 0 0 0 0 9996 0 6130 0 0 0 0 0 0 0 0 0 0 0 6496569 1 0 0 0 0 0 0 0 0 0 0 0 0 0 0 0 0 0 0 0 0 0 0 2615 4213 0 0 0 0 162689 0 0 0 0 0 0 0 0 0 0 0 0 0 0 0 0 0 0 0 0 0 0 0 0 0 0 0 0 0 0 0 0 0 0 0 0 0 0 0 0 0 0 0 0 0 0 0 0 0 0 0 0 0 0 0 0 0 0 0 0 0 0 0 0 0 0 0 0 0 0 0 0 0 0 0 3151115 0 0 0
ctxt 6502885
btime 1673080802
processes 2755
procs_running 1
procs_blocked 0
softirq 11355940 10319508 111409 25792 138148 6141 0 516175 164234 0 74533

cpu  6240 0 14969 1275940 1358 0 38091 0 0 0
cpu0 948 0 1150 327571 323 0 5650 0 0 0
cpu1 3231 0 11232 299782 229 0 14231 0 0 0
cpu2 1056 0 1255 325943 386 0 7379 0 0 0
cpu3 1003 0 1331 322643 419 0 10830 0 0 0
intr 43383088 0 0 14104 75 0 3700 214430 0 0 0 28405 0 0 0 0 0 0 0 0 0 0 0 0 0 0 0 0 0 0 0 0 0 0 0 0 0 0 0 0 0 0 0 0 0 0 0 0 0 0 0 0 33287983 0 0 0 0 0 0 0 0 9996 0 6130 0 0 0 0 0 0 0 0 0 0 0 6497137 1 0 0 0 0 0 0 0 0 0 0 0 0 0 0 0 0 0 0 0 0 0 0 2615 4213 0 0 0 0 162711 0 0 0 0 0 0 0 0 0 0 0 0 0 0 0 0 0 0 0 0 0 0 0 0 0 0 0 0 0 0 0 0 0 0 0 0 0 0 0 0 0 0 0 0 0 0 0 0 0 0 0 0 0 0 0 0 0 0 0 0 0 0 0 0 0 0 0 0 0 0 0 0 0 0 0 3151590 0 0 0
ctxt 6503876
btime 1673080802
processes 2755
procs_running 2
procs_blocked 0
softirq 11356513 10319931 111427 25792 138162 6141 0 516260 164253 0 74547

cpu  6240 0 14971 1276126 1358 0 38093 0 0 0
cpu0 948 0 1151 327615 323 0 5652 0 0 0
cpu1 3232 0 11234 299827 229 0 14231 0 0 0
cpu2 1056 0 1255 325992 386 0 7379 0 0 0
cpu3 1003 0 1331 322691 419 0 10830 0 0 0
intr 43388718 0 0 14108 75 0 3700 214465 0 0 0 28410 0 0 0 0 0 0 0 0 0 0 0 0 0 0 0 0 0 0 0 0 0 0 0 0 0 0 0 0 0 0 0 0 0 0 0 0 0 0 0 0 33292470 0 0 0 0 0 0 0 0 9996 0 6130 0 0 0 0 0 0 0 0 0 0 0 6497720 1 0 0 0 0 0 0 0 0 0 0 0 0 0 0 0 0 0 0 0 0 0 0 2615 4213 0 0 0 0 162733 0 0 0 0 0 0 0 0 0 0 0 0 0 0 0 0 0 0 0 0 0 0 0 0 0 0 0 0 0 0 0 0 0 0 0 0 0 0 0 0 0 0 0 0 0 0 0 0 0 0 0 0 0 0 0 0 0 0 0 0 0 0 0 0 0 0 0 0 0 0 0 0 0 0 0 3152087 0 0 0
ctxt 6504932
btime 1673080802
processes 2755
procs_running 3
procs_blocked 0
softirq 11357113 10320411 111446 25794 138176 6141 0 516314 164270 0 74561

cpu  6240 0 14972 1276312 1358 0 38096 0 0 0
cpu0 948 0 1151 327662 323 0 5652 0 0 0
cpu1 3232 0 11235 299871 229 0 14232 0 0 0
cpu2 1056 0 1255 326040 386 0 7380 0 0 0
cpu3 1003 0 1331 322739 419 0 10831 0 0 0
intr 43394097 0 0 14112 75 0 3700 214495 0 0 0 28414 0 0 0 0 0 0 0 0 0 0 0 0 0 0 0 0 0 0 0 0 0 0 0 0 0 0 0 0 0 0 0 0 0 0 0 0 0 0 0 0 33296806 0 0 0 0 0 0 0 0 9996 0 6130 0 0 0 0 0 0 0 0 0 0 0 6498212 1 0 0 0 0 0 0 0 0 0 0 0 0 0 0 0 0 0 0 0 0 0 0 2615 4213 0 0 0 0 162755 0 0 0 0 0 0 0 0 0 0 0 0 0 0 0 0 0 0 0 0 0 0 0 0 0 0 0 0 0 0 0 0 0 0 0 0 0 0 0 0 0 0 0 0 0 0 0 0 0 0 0 0 0 0 0 0 0 0 0 0 0 0 0 0 0 0 0 0 0 0 0 0 0 0 0 3152573 0 0 0
ctxt 6505938
btime 1673080802
processes 2755
procs_running 1
procs_blocked 0
softirq 11357687 10320856 111462 25794 138190 6141 0 516376 164297 0 74571

cpu  6241 0 14974 1276497 1358 0 38102 0 0 0
cpu0 948 0 1151 327710 323 0 5653 0 0 0
cpu1 3233 0 11236 299916 229 0 14233 0 0 0
cpu2 1056 0 1255 326083 386 0 7384 0 0 0
cpu3 1003 0 1331 322787 419 0 10831 0 0 0
intr 43399693 0 0 14116 75 0 3700 214530 0 0 0 28419 0 0 0 0 0 0 0 0 0 0 0 0 0 0 0 0 0 0 0 0 0 0 0 0 0 0 0 0 0 0 0 0 0 0 0 0 0 0 0 0 33301263 0 0 0 0 0 0 0 0 9996 0 6130 0 0 0 0 0 0 0 0 0 0 0 6498791 1 0 0 0 0 0 0 0 0 0 0 0 0 0 0 0 0 0 0 0 0 0 0 2615 4213 0 0 0 0 162777 0 0 0 0 0 0 0 0 0 0 0 0 0 0 0 0 0 0 0 0 0 0 0 0 0 0 0 0 0 0 0 0 0 0 0 0 0 0 0 0 0 0 0 0 0 0 0 0 0 0 0 0 0 0 0 0 0 0 0 0 0 0 0 0 0 0 0 0 0 0 0 0 0 0 0 3153068 0 0 0
ctxt 6506959
btime 1673080802
processes 2755
procs_running 1
procs_blocked 0
softirq 11358170 10321174 111479 25795 138207 6141 0 516465 164324 0 74585

cpu  6242 0 14975 1276684 1358 0 38107 0 0 0
cpu0 948 0 1151 327759 323 0 5653 0 0 0
cpu1 3234 0 11237 299959 229 0 14235 0 0 0
cpu2 1056 0 1255 326130 386 0 7386 0 0 0
cpu3 1003 0 1331 322834 419 0 10832 0 0 0
intr 43405234 0 0 14117 75 0 3700 214559 0 0 0 28424 0 0 0 0 0 0 0 0 0 0 0 0 0 0 0 0 0 0 0 0 0 0 0 0 0 0 0 0 0 0 0 0 0 0 0 0 0 0 0 0 33305703 0 0 0 0 0 0 0 0 9996 0 6130 0 0 0 0 0 0 0 0 0 0 0 6499357 1 0 0 0 0 0 0 0 0 0 0 0 0 0 0 0 0 0 0 0 0 0 0 2615 4213 0 0 0 0 162799 0 0 0 0 0 0 0 0 0 0 0 0 0 0 0 0 0 0 0 0 0 0 0 0 0 0 0 0 0 0 0 0 0 0 0 0 0 0 0 0 0 0 0 0 0 0 0 0 0 0 0 0 0 0 0 0 0 0 0 0 0 0 0 0 0 0 0 0 0 0 0 0 0 0 0 3153546 0 0 0
ctxt 6507954
btime 1673080802
processes 2755
procs_running 1
procs_blocked 0
softirq 11358867 10321707 111497 25795 138221 6141 0 516557 164350 0 74599

cpu  6242 0 14976 1276869 1358 0 38111 0 0 0
cpu0 948 0 1151 327807 323 0 5653 0 0 0
cpu1 3234 0 11239 300002 229 0 14238 0 0 0
cpu2 1056 0 1255 326178 386 0 7387 0 0 0
cpu3 1003 0 1331 322881 419 0 10833 0 0 0
intr 43410808 0 0 14121 75 0 3700 214594 0 0 0 28429 0 0 0 0 0 0 0 0 0 0 0 0 0 0 0 0 0 0 0 0 0 0 0 0 0 0 0 0 0 0 0 0 0 0 0 0 0 0 0 0 33310169 0 0 0 0 0 0 0 0 9996 0 6130 0 0 0 0 0 0 0 0 0 0 0 6499945 1 0 0 0 0 0 0 0 0 0 0 0 0 0 0 0 0 0 0 0 0 0 0 2615 4213 0 0 0 0 162821 0 0 0 0 0 0 0 0 0 0 0 0 0 0 0 0 0 0 0 0 0 0 0 0 0 0 0 0 0 0 0 0 0 0 0 0 0 0 0 0 0 0 0 0 0 0 0 0 0 0 0 0 0 0 0 0 0 0 0 0 0 0 0 0 0 0 0 0 0 0 0 0 0 0 0 3154000 0 0 0
ctxt 6508920
btime 1673080802
processes 2755
procs_running 2
procs_blocked 0
softirq 11359510 10322199 111514 25796 138234 6141 0 516648 164368 0 74610

cpu  6243 0 14977 1277053 1358 0 38116 0 0 0
cpu0 948 0 1151 327855 323 0 5653 0 0 0
cpu1 3234 0 11240 300044 229 0 14240 0 0 0
cpu2 1056 0 1255 326226 386 0 7388 0 0 0
cpu3 1003 0 1331 322926 419 0 10834 0 0 0
intr 43416326 0 0 14121 75 0 3700 214625 0 0 0 28434 0 0 0 0 0 0 0 0 0 0 0 0 0 0 0 0 0 0 0 0 0 0 0 0 0 0 0 0 0 0 0 0 0 0 0 0 0 0 0 0 33314605 0 0 0 0 0 0 0 0 9996 0 6130 0 0 0 0 0 0 0 0 0 0 0 6500509 1 0 0 0 0 0 0 0 0 0 0 0 0 0 0 0 0 0 0 0 0 0 0 2615 4213 0 0 0 0 162843 0 0 0 0 0 0 0 0 0 0 0 0 0 0 0 0 0 0 0 0 0 0 0 0 0 0 0 0 0 0 0 0 0 0 0 0 0 0 0 0 0 0 0 0 0 0 0 0 0 0 0 0 0 0 0 0 0 0 0 0 0 0 0 0 0 0 0 0 0 0 0 0 0 0 0 3154460 0 0 0
ctxt 6509882
btime 1673080802
processes 2755
procs_running 1
procs_blocked 0
softirq 11360039 10322600 111528 25797 138249 6141 0 516717 164386 0 74621

cpu  6243 0 14980 1277238 1358 0 38120 0 0 0
cpu0 948 0 1151 327903 323 0 5654 0 0 0
cpu1 3235 0 11242 300090 229 0 14241 0 0 0
cpu2 1056 0 1255 326273 386 0 7388 0 0 0
cpu3 1003 0 1331 322971 419 0 10835 0 0 0
intr 43421916 0 0 14121 75 0 3700 214656 0 0 0 28439 0 0 0 0 0 0 0 0 0 0 0 0 0 0 0 0 0 0 0 0 0 0 0 0 0 0 0 0 0 0 0 0 0 0 0 0 0 0 0 0 33319069 0 0 0 0 0 0 0 0 9996 0 6130 0 0 0 0 0 0 0 0 0 0 0 6501084 1 0 0 0 0 0 0 0 0 0 0 0 0 0 0 0 0 0 0 0 0 0 0 2615 4213 0 0 0 0 162865 0 0 0 0 0 0 0 0 0 0 0 0 0 0 0 0 0 0 0 0 0 0 0 0 0 0 0 0 0 0 0 0 0 0 0 0 0 0 0 0 0 0 0 0 0 0 0 0 0 0 0 0 0 0 0 0 0 0 0 0 0 0 0 0 0 0 0 0 0 0 0 0 0 0 0 3154954 0 0 0
ctxt 6510935
btime 1673080802
processes 2755
procs_running 3
procs_blocked 0
softirq 11360706 10323122 111550 25797 138266 6141 0 516787 164410 0 74633

cpu  6244 0 14981 1277432 1358 0 38120 0 0 0
cpu0 948 0 1151 327953 323 0 5654 0 0 0
cpu1 3235 0 11243 300135 229 0 14241 0 0 0
cpu2 1056 0 1255 326323 386 0 7388 0 0 0
cpu3 1003 0 1331 323020 419 0 10835 0 0 0
intr 43426601 0 0 14124 75 0 3700 214680 0 0 0 28444 0 0 0 0 0 0 0 0 0 0 0 0 0 0 0 0 0 0 0 0 0 0 0 0 0 0 0 0 0 0 0 0 0 0 0 0 0 0 0 0 33323075 0 0 0 0 0 0 0 0 9996 0 6130 0 0 0 0 0 0 0 0 0 0 0 6501223 1 0 0 0 0 0 0 0 0 0 0 0 0 0 0 0 0 0 0 0 0 0 0 2615 4213 0 0 0 0 162887 0 0 0 0 0 0 0 0 0 0 0 0 0 0 0 0 0 0 0 0 0 0 0 0 0 0 0 0 0 0 0 0 0 0 0 0 0 0 0 0 0 0 0 0 0 0 0 0 0 0 0 0 0 0 0 0 0 0 0 0 0 0 0 0 0 0 0 0 0 0 0 0 0 0 0 3155440 0 0 0
ctxt 6511928
btime 1673080802
processes 2755
procs_running 2
procs_blocked 0
softirq 11360777 10323129 111565 25797 138267 6141 0 516806 164428 0 74644

cpu  6244 0 14984 1277625 1358 0 38120 0 0 0
cpu0 948 0 1151 328002 323 0 5654 0 0 0
cpu1 3235 0 11246 300181 229 0 14241 0 0 0
cpu2 1056 0 1255 326372 386 0 7388 0 0 0
cpu3 1003 0 1331 323069 419 0 10835 0 0 0
intr 43431325 0 0 14128 75 0 3700 214704 0 0 0 28449 0 0 0 0 0 0 0 0 0 0 0 0 0 0 0 0 0 0 0 0 0 0 0 0 0 0 0 0 0 0 0 0 0 0 0 0 0 0 0 0 33327096 0 0 0 0 0 0 0 0 9996 0 6130 0 0 0 0 0 0 0 0 0 0 0 6501375 1 0 0 0 0 0 0 0 0 0 0 0 0 0 0 0 0 0 0 0 0 0 0 2615 4213 0 0 0 0 162909 0 0 0 0 0 0 0 0 0 0 0 0 0 0 0 0 0 0 0 0 0 0 0 0 0 0 0 0 0 0 0 0 0 0 0 0 0 0 0 0 0 0 0 0 0 0 0 0 0 0 0 0 0 0 0 0 0 0 0 0 0 0 0 0 0 0 0 0 0 0 0 0 0 0 0 3155936 0 0 0
ctxt 6512947
btime 1673080802
processes 2755
procs_running 2
procs_blocked 0
softirq 11360855 10323137 111581 25798 138268 6141 0 516825 164449 0 74656

cpu  6244 0 14986 1277819 1358 0 38120 0 0 0
cpu0 948 0 1151 328052 323 0 5654 0 0 0
cpu1 3236 0 11248 300226 229 0 14241 0 0 0
cpu2 1056 0 1255 326421 386 0 7388 0 0 0
cpu3 1003 0 1331 323119 419 0 10835 0 0 0
intr 43436001 0 0 14132 75 0 3700 214724 0 0 0 28454 0 0 0 0 0 0 0 0 0 0 0 0 0 0 0 0 0 0 0 0 0 0 0 0 0 0 0 0 0 0 0 0 0 0 0 0 0 0 0 0 33331101 0 0 0 0 0 0 0 0 9996 0 6130 0 0 0 0 0 0 0 0 0 0 0 6501505 1 0 0 0 0 0 0 0 0 0 0 0 0 0 0 0 0 0 0 0 0 0 0 2615 4213 0 0 0 0 162931 0 0 0 0 0 0 0 0 0 0 0 0 0 0 0 0 0 0 0 0 0 0 0 0 0 0 0 0 0 0 0 0 0 0 0 0 0 0 0 0 0 0 0 0 0 0 0 0 0 0 0 0 0 0 0 0 0 0 0 0 0 0 0 0 0 0 0 0 0 0 0 0 0 0 0 3156425 0 0 0
ctxt 6513937
btime 1673080802
processes 2755
procs_running 1
procs_blocked 0
softirq 11360921 10323137 111596 25798 138269 6141 0 516843 164468 0 74669

cpu  6245 0 14988 1278013 1358 0 38120 0 0 0
cpu0 948 0 1151 328101 323 0 5654 0 0 0
cpu1 3236 0 11250 300272 229 0 14241 0 0 0
cpu2 1056 0 1255 326470 386 0 7388 0 0 0
cpu3 1003 0 1331 323168 419 0 10835 0 0 0
intr 43440733 0 0 14136 75 0 3700 214753 0 0 0 28459 0 0 0 0 0 0 0 0 0 0 0 0 0 0 0 0 0 0 0 0 0 0 0 0 0 0 0 0 0 0 0 0 0 0 0 0 0 0 0 0 33335122 0 0 0 0 0 0 0 0 9996 0 6130 0 0 0 0 0 0 0 0 0 0 0 6501657 1 0 0 0 0 0 0 0 0 0 0 0 0 0 0 0 0 0 0 0 0 0 0 2615 4213 0 0 0 0 162953 0 0 0 0 0 0 0 0 0 0 0 0 0 0 0 0 0 0 0 0 0 0 0 0 0 0 0 0 0 0 0 0 0 0 0 0 0 0 0 0 0 0 0 0 0 0 0 0 0 0 0 0 0 0 0 0 0 0 0 0 0 0 0 0 0 0 0 0 0 0 0 0 0 0 0 3156924 0 0 0
ctxt 6514965
btime 1673080802
processes 2755
procs_running 1
procs_blocked 0
softirq 11360999 10323145 111613 25798 138270 6141 0 516862 164489 0 74681
