Latency
126872
405320
713815
994625
1228123
1473441
1727445
2020878
2331583
2634781
231486
477960
769272
104436
547175
860770
345182
622561
986916
356944
628178
998270
179414
432414
690548
951891
1256420
166941
428082
167828
449985
718591
213919
475786
790680
1114134
336287
587011
844265
1181887
303480
559051
344658
593547
857758
224118
491793
763845
359266
618980
891233
175884
431868
708131
344491
838275
103746
479077
850572
99935
347979
614389
950378
263020
658641
1096558
366717
620305
891470
208163
475225
904495
1155910
339120
609545
884065
1188550
278710
559464
825202
1080504
187478
481676
348555
652090
920294
371629
621231
932801
364092
679022
998065
1429482
201316
481790
810231
225654
486959
870964
227998
478855
748302
377637
648892
904077
183901
430654
722361
1047711
222109
517449
867000
336721
581544
927655
154952
449494
855605
303128
552376
862419
359528
747277
206981
691551
351306
601300
869357
193907
457721
790754
105968
366210
708736
376547
671554
961624
185771
468960
751385
222601
467194
743090
988957
197718
459737
859900
215012
502410
945462
1251156
266397
563982
826290
355060
623410
980532
377603
668106
996414
1453571
360857
644747
930801
109755
379972
646014
197104
451262
740862
337384
585122
841935
1171924
350060
623280
884729
377594
628382
942040
1276988
184975
525806
815291
100164
361952
716769
225898
471622
780045
1217804
359348
615640
943874
181357
434470
696144
985349
201513
446572
730228
1117078
244953
489332
772665
1107414
168151
445889
309322
587201
967948
217932
468251
782686
1258335
345309
607766
888608
350467
611139
992657
196983
468927
782833
206856
487900
746879
366348
617038
889600
1161723
344807
601286
872538
360242
648508
996722
222297
477719
751102
1152511
183470
444654
279924
539227
900316
1356088
348004
593199
1090340
315675
576628
845005
1155140
199449
445690
708147
1021858
277021
531135
788232
1132690
167750
611121
982756
330815
791229
1091886
181080
621923
921944
349855
603249
860455
154736
405782
670378
172381
443428
723826
139231
393378
656359
204320
451010
816712
231481
494650
1002618
362392
637342
922343
1452500
348288
629364
972574
165965
421216
732704
300043
546735
1005122
344762
599312
959437
201938
450092
748194
1165612
332637
583951
850974
1110238
375767
628919
881268
142899
406111
676615
267600
546818
880250
199203
511326
206228
484535
784224
347727
592309
195660
439854
723830
274362
539738
853458
218451
472938
878970
1159411
345222
640744
964310
1312832
135620
380078
707928
353650
604890
896681
1265731
106686
371869
702510
329541
574721
1166493
346821
591090
1066164
167864
496028
765659
1091081
356964
1049617
197018
449609
744521
103403
367058
860557
244851
666283
211133
508179
869796
179490
440357
716495
321576
580829
882792
169263
417863
715624
295376
764155
187921
461609
738330
363004
643098
1016323
347064
655375
1129522
200467
451958
728334
1127125
199170
444900
756655
216258
464634
717624
346089
603695
878421
1164825
159742
434884
757927
331973
867668
137855
389035
750105
173872
587600
904176
164535
424230
711740
218507
474144
889849
168734
463675
758938
190022
468553
825217
164806
436545
895407
167195
447062
726135
364339
620466
902937
213827
476597
745534
333897
620615
1020898
103608
350531
605070
309703
571671
358043
614530
959717
200393
448886
749047
449406
700851
1017892
185321
432092
702726
112590
367653
679977
300520
589382
883790
347475
592197
926131
197078
493195
771419
413906
666322
985975
346576
616053
879114
197655
485271
198944
455674
899347
220518
494701
360774
605769
881665
212484
501439
167144
445866
260154
515472
836303
359351
616320
892144
217039
477716
765072
1062673
282132
536010
809284
1163552
209014
479161
160222
666964
330158
641677
1028123
360662
614677
997342
176548
432839
728402
347666
600335
885404
358890
634917
231533
515202
859137
1193808
359157
635073
888804
1148404
221381
474277
773253
1397523
218237
486909
760992
1018141
329451
609709
864963
107894
370277
307169
580172
352723
609041
889596
212259
458404
740774
219024
475445
789367
361881
621115
873250
1154374
111305
392909
686251
361348
1018406
198930
464193
804687
187007
432947
187163
431763
197971
465600
776504
251254
495540
758214
349387
629585
1050192
351213
614049
876689
1129317
212577
466414
728859
1080049
359669
631172
997535
172940
435212
730006
172742
434330
716914
347839
633383
346115
752712
263807
512348
853569
86711
340745
635742
216610
498829
151706
436747
779960
358532
628361
903753
348901
596096
133660
390587
134716
421288
692318
1013992
289098
698335
991179
363639
621130
945294
143444
411333
703608
109739
399364
695231
183372
461078
850574
191182
477105
759977
114688
404346
749277
198747
465901
775560
361394
625329
922372
223150
480170
184112
464045
730573
280844
559497
952470
1261572
456218
720632
1048057
362139
612835
193062
437537
830842
1284249
268807
553477
997044
108057
362001
648077
111298
385095
664128
342320
592772
959368
189360
456686
734510
201658
473229
895160
163378
418610
229152
479977
776216
1080410
360345
630275
915215
371185
644635
934797
430971
683823
940066
195246
445957
734152
1064995
105418
377536
737625
1054668
209053
710395
1163002
332835
606420
885470
350281
638812
930029
1187881
260080
505315
765306
191466
475482
810014
112832
358590
616101
219051
503142
792892
1060241
213132
472717
780281
1040704
216494
501021
795015
1088034
375367
642783
912541
1371892
176398
436704
718133
252724
497343
769114
197360
469011
723552
334313
580829
345699
628810
887437
345813
591047
881838
167951
419669
711571
222209
484927
360555
617828
909378
173251
428876
720310
267677
531695
800646
167857
511176
971242
226981
472606
750023
