Latency
173744
427458
669304
914133
1190587
1496981
4405055
4734926
182264
608646
2177026
212592
489083
1604648
240787
1227774
231749
509703
859138
358251
623668
1695062
426673
673382
1472414
199478
458653
1840031
296370
573894
901580
1547034
358194
934560
1728397
177846
440933
789561
1264980
433204
680266
1188701
224550
501847
1140308
1772101
175627
582215
1536845
183633
429770
712523
1665601
357432
604032
931300
1406586
180684
427543
758143
1078752
229641
476950
747695
1085389
180443
427244
920450
319953
588122
344218
622452
1559488
1883178
350871
609117
912033
348864
595157
1032472
1353555
229669
477387
1005968
1636830
199864
473887
818950
395722
655744
1566798
2042117
438489
687348
992525
1799848
355801
636929
1685552
200585
605976
1106176
188014
432660
980148
212248
475800
999475
210309
472718
973921
185215
433660
357117
617447
1450806
2560020
420013
664385
944701
1267081
182968
429927
1197769
2298201
296203
550193
2094639
364255
625141
1572606
218631
462655
851804
363776
641043
1284937
435250
682973
1573181
212437
492490
1477619
204027
1043775
1389553
356616
614351
911247
1659712
351352
619664
1004068
352759
597975
1345990
1987163
188297
432878
933275
263665
509974
1448765
377712
640327
1643344
367870
624036
887274
434186
678373
1710558
218762
470104
1017221
1795723
214245
485361
914367
394591
778648
1719229
444961
688877
2728284
243047
488117
962297
1282012
183740
433502
807707
1726394
191915
444586
1100698
271390
539081
981011
374760
631894
920935
1670723
437320
681935
937270
365351
633551
1440108
182588
428733
968432
1596332
181810
472146
780262
297611
541867
1230896
362705
607540
1575184
256517
522159
2159303
354834
620509
1039371
184661
429144
931332
1256082
258811
537948
1122393
368101
627876
884475
386992
635906
950961
2532228
393331
638021
1231907
2524387
185037
467753
772085
1265432
283384
536892
1396962
279791
645768
1289142
279463
547801
1260900
367660
626661
1146904
1718715
345822
589970
1769218
183758
430213
727982
1831306
185962
459524
1137497
349527
713822
1355348
218102
497763
897433
1218654
249650
677231
1613521
180986
426665
797602
2193516
186192
458979
1100686
207800
486224
1284111
367562
833931
375186
644240
1428886
346125
596835
1676834
2040293
245940
491465
976894
1452306
204164
464292
729829
296034
541842
1532599
444555
704724
1379285
271248
557784
1261326
1593272
183448
445002
1720361
199243
444781
865628
188226
467268
782003
1278186
367415
612381
1125443
1473037
361573
637473
1234585
1983490
360291
635677
1456826
1950030
185465
441396
817596
181876
437459
693814
1269065
264428
514354
1223757
280402
528268
1805315
363681
608301
1516893
2149970
362156
606400
1168484
359298
604051
908231
186654
763041
1414130
275120
518674
1577660
262600
520478
1970749
2353247
212118
483846
1133539
218363
479165
994248
1471408
186949
462045
855143
267835
521329
1748091
351477
596886
1690654
343987
624030
1432108
430461
679190
1686182
2946917
211234
481035
1442461
182838
429325
1209754
1689642
312532
556511
1278787
447382
722442
983607
1936330
358190
603529
1451585
2386648
360284
620643
1117239
1592665
188494
442522
1523287
187958
437459
900908
1301490
356235
616495
1034292
346093
608081
1447897
197007
446557
1550185
183385
461480
1044199
1367139
214765
472302
1447831
185767
433032
1429697
190120
434661
729060
364674
621021
1135121
2225403
337390
605377
1045839
260391
505568
1378212
173637
422458
1244769
332098
615579
1859252
187488
479978
1566816
347443
608869
1143852
1786115
196056
456084
714981
1293905
204703
704764
220706
469645
1231390
374785
655405
1013244
1661057
202876
462035
729830
1469700
366597
610693
1808491
210380
496339
1351345
1994958
198212
459122
1099243
297401
556185
980420
1915529
194052
462064
1056425
346588
592788
1605254
187597
436958
1028332
185242
430300
1216136
1542532
193342
461304
1374335
1697506
184483
428872
890069
360420
649017
934492
362504
625184
971865
2221834
363631
634536
1416203
182088
441365
1865034
259462
502951
1568236
200255
446789
801680
264668
508790
1247638
435444
892646
1986040
211221
494617
1326697
182941
428629
929155
392714
654607
1415040
185514
448399
791820
1429811
363269
646439
1467721
200324
447357
731893
1136249
194416
453043
716792
1842848
185070
430675
785849
196423
441648
1568442
187596
439644
701890
1074171
347554
593884
1115989
2362341
214190
489796
858657
181639
444225
958412
297470
541662
314385
574625
1002276
272105
540409
950945
361434
621281
1050125
1675107
211006
456912
981721
1457843
182400
445850
982767
366570
635565
912812
1868424
424244
688889
1031422
1407865
342503
606130
217988
462907
1261140
2328258
292374
555691
1140349
1521934
185148
431104
954426
1755392
182823
428373
1030036
366669
616256
1260577
365102
610057
976669
1297510
214531
475013
1613024
195814
479647
1429347
218913
469540
1429037
366327
610979
972062
1762795
184262
456366
974010
345805
607674
1009902
196694
453581
709401
1461796
206832
492577
1137821
366325
610365
1260408
434237
678564
1220193
1722960
183548
454959
1119170
213937
1035067
1980005
192384
437561
847149
1200491
301838
562856
212284
457346
1318295
143716
391030
771175
351754
632543
1126265
1603582
214768
458735
1592962
189836
450217
1119591
377974
627137
898838
2182993
438152
682167
1347166
1691319
361879
606413
1299364
428915
674712
1625465
287863
531980
1167163
257325
502504
1025031
1830070
198234
442514
1122803
1771330
185271
472094
1444685
351299
605426
1265671
2367472
346335
946550
1895208
183885
428161
1557390
184164
428159
850411
1654487
214878
474600
824758
1770234
361415
631015
2244437
215081
460514
1098763
215868
481796
1187844
221733
477735
1519475
368510
616545
1055078
1549745
382515
957951
1596632
179203
441788
416052
661889
2037528
187154
441298
1266340
315755
594852
1664161
215428
472896
1567860
2122946
449403
734032
364484
623497
1315783
214130
458937
861293
188260
434339
1252965
369710
627748
1051593
1627053
194262
439004
1701841
374251
633657
1475807
359858
644713
1627984
134111
408756
747439
1550364
202570
453697
1000128
1334627
431924
691628
1130419
1618118
385116
629502
1792024
243580
510884
940802
220950
478619
1649238
181756
457517
770418
1722515
183740
457809
1312590
380349
634732
1271997
225412
489294
807928
1434198
431039
675179
1347765
181938
466457
865096
