Latency
364371
649853
922385
1215488
212777
477951
742283
105225
408080
660688
200978
467228
823214
337065
592460
907832
258513
512043
801520
143287
396467
733732
285189
534512
942111
351728
598126
876894
1171543
367538
657077
227655
475130
773125
1092115
215886
511351
764261
355428
798636
1104827
216797
509913
787828
1081937
332347
579640
852687
190603
439116
714521
146322
395724
737822
366726
627080
898645
187643
454190
717218
130657
422245
690684
336228
633165
967398
154182
434641
375945
631527
951193
357711
651626
1002835
155650
401554
759777
