Latency
784077
3825706
7375655
9697435
12921954
16087183
19220413
22379824
25548299
28816443
32032733
35290771
38155402
40835770
43498451
46153138
48950901
51693342
54329918
54595124
57111400
59794638
62504475
65265550
68014289
68265770
70796627
73482115
73733479
76314197
79025212
81717790
84441269
87117449
89842777
90093900
475437
772043
3064426
3755678
5917749
8086307
10227718
10478919
12488740
14633952
16777497
18904225
21075199
23217584
25397431
27494644
29684770
31782399
33952987
36074975
36965771
39100018
39351029
41359082
43454827
45589870
47723202
49914381
52022883
54163245
56262703
58432562
60608066
60859295
2691722
5473361
5729777
7762058
9874811
12044690
14145220
14396445
16390074
18529307
20672579
22843298
24946073
27152677
27403749
29334131
31485770
33613612
34480655
36626900
38806058
40909506
43055780
45152365
47285575
49381221
51593576
51844801
53774380
55927568
58061632
58312960
60254689
62349187
482558
2680531
3458320
5522095
5778613
6029792
6281212
7872809
8447051
10025251
10555335
12141076
12764432
13015712
14400507
14651755
15045429
16723020
17303164
17554296
18882112
19542677
21036166
21696437
23155855
23908457
24159760
25379213
26162683
27508368
28295743
29724291
30551478
31875007
32756257
33007441
34063848
36187734
38312442
508394
2801292
3524226
5666840
7840959
9958701
12165020
14317434
16498303
18629360
20742002
22918867
23169934
25138955
27294437
29433870
31603748
33715352
35846385
38721597
40852614
43046875
45161947
47330664
49482916
51663788
53760145
55917838
58036677
60209402
62309030
64445278
66551835
68675924
70846847
670378
2633034
5620845
7757301
9893666
12046372
12297301
14742002
15004341
18147411
21304605
24403352
24674941
24926125
27914260
28165444
32548435
32838714
33089945
35984685
39179331
39430637
42589143
45771279
48971179
52137199
55355302
58558167
61740784
64939755
68117984
71279270
74476662
77633035
80752842
474084
2837316
5770835
6027610
6362669
8082807
8546867
10256079
12392564
14492451
16584205
16840457
18764467
19097902
19349175
20931334
21182639
23058132
25155545
25411952
27297289
29370823
31503985
31760072
33699580
35852302
496633
2851129
3509511
5806457
6057663
7993238
10104927
12201352
14385471
16529640
18641420
20796050
22909612
25016315
27115125
29257088
31388171
33523598
35669262
37778845
40986117
43134659
45326124
47450671
49610570
51723448
51974707
53960895
56082992
58235579
58486697
60376410
62515900
62767055
64736501
66870166
69029072
519043
2671675
3349538
5694069
5945316
7941828
10096502
12224727
14397354
16550743
18728652
20826056
23077212
25193158
27333331
29461392
31628690
33749236
35883390
37969883
40960937
43111943
45217191
47347458
49456819
51586836
53710551
53962001
55969725
58052008
58303245
60255516
62388239
64550818
66647725
68783943
70911851
73035664
75177233
77307195
77559838
79520663
81640485
526340
2873705
3531475
5840935
7945524
8196731
10173247
12288017
14433388
16518647
18671558
20805736
22892814
25112842
27246917
29395302
31534270
33689106
35783511
37967594
40138318
42314350
44438126
46592994
48694527
50865234
53024275
53860645
56041770
58218365
60329407
62503423
62766363
64657608
66793952
67045117
69030422
71164718
73341422
75452975
77630914
