Latency
265942
530101
773585
1017755
1282239
1530387
1788388
2034067
2296471
3895127
5135159
172862
419926
12075375
14484878
15574757
24965322
26194735
17253482
30776740
21908889
35552010
353861
625113
1731314
2954046
4051727
366782
622251
1599150
1864348
2818105
3945758
5079563
6168441
8591380
157095
406374
1459794
4928412
6088141
238157
486880
1513405
3830871
4981482
6186549
328457
575478
1609615
2907738
4137124
5203711
7534217
118008
363907
1371672
1685502
3720745
4867661
124446
381720
1374495
1646512
2570987
3784935
6213430
149142
395732
1425597
3452581
3790874
6057794
178264
453064
1550316
2729422
3935902
5154624
7413602
163101
409828
1505525
2736173
3933428
5058662
6169473
164966
477504
1571659
2771857
3876893
5084714
8575168
183096
431011
1513720
2718615
3807872
6191397
160485
407501
1520130
2686090
3779811
4932272
6124225
395914
644998
1558700
2753232
3964380
6392336
170206
418356
1359518
2454602
3726573
4851678
7263512
115847
389007
1314758
2508262
4939407
6143365
172107
437617
1482536
2658020
3845384
5059887
156819
403688
1507649
2751871
3952852
5033182
8323417
242697
489320
1578371
2811159
4002341
5102099
155022
408267
1415462
2720687
3888750
6160719
127762
389978
1481772
2644153
3807641
6009392
378807
660646
1614034
2832051
5106701
6293685
187080
432856
1447868
3741363
3989475
4946485
116267
382160
1370590
2424858
3664300
4858331
6031774
151749
418264
1374025
2573240
3764205
125629
379255
1658123
2697315
3891171
5111356
186374
455537
1521341
2703914
5011359
6133762
7278644
8489361
215923
463046
1546332
1830175
3893870
4988426
6092970
163654
450486
1510040
2823771
3911901
5069569
6270022
213058
460434
1504732
4916503
6110076
7305837
374712
637123
1591874
2821082
4167958
9833517
196665
442742
1418553
1710414
2546112
3741438
4939523
8457987
157481
417927
1304785
1552276
2739552
3606199
3956117
8348137
162527
408271
1368959
2752632
3871988
5011414
7211240
185731
431030
1508316
2732719
3957304
6188841
7363098
194585
483935
1531803
2725240
3964359
6154648
202950
449694
1528292
2744019
3858660
10909796
193632
441593
1496812
2742103
3936674
4932967
8475253
375994
644318
1630146
1886709
2786326
3921538
5118426
128230
387681
1401702
2609662
3694296
6054296
307644
555381
1552903
2849342
3949156
6353075
176214
425568
1412896
1786258
2456304
3762752
4839011
178230
425994
1316397
2498612
3738700
4071296
4899288
8292106
352161
602738
1681108
2876285
5189670
6253088
8674814
163285
408812
1626066
2579784
3874947
6005099
452591
720374
1738732
2924320
4068265
5187176
7601565
251371
525968
1502498
2810302
6315167
131633
381005
1501430
2701606
5068006
6160292
130561
377961
1437798
2586042
4834192
218675
465598
1439979
2537610
3745585
4967656
6171445
128124
374580
1372217
2597315
3777040
6187753
156401
405060
1506497
2707206
5137352
7324315
129424
375095
1476162
2671234
5052388
10887080
204200
453342
1535782
3913086
5012786
346825
594213
1661607
2819846
3896930
4996134
8585935
145564
416558
1472823
2686270
3778746
189052
473042
1501539
2665795
3750475
4917734
6223933
197092
446155
1528520
2562950
2896526
3787843
4945045
278330
523831
1708720
2655063
2926706
3896820
5074335
7361572
116505
361967
1375058
2498515
2873591
3706652
8359332
174205
426720
1493716
2705219
3894605
6215857
262242
510646
1623237
2809129
3999245
5097560
7489818
173834
439029
1530458
2766512
3889060
5017004
344316
614197
1669122
2815454
3872076
5062137
112306
399138
1396738
2648123
3733096
6130312
179602
449810
1477987
2603746
3776607
6131160
385247
663721
1547283
2908826
3930748
5194245
7454883
122088
368170
1281936
2538047
3507414
128551
407098
1332412
1592222
2781731
3742488
4954873
167351
412946
1597227
2713496
3922268
182233
428808
1526279
2735450
4036681
5128717
174048
421280
1452326
2672342
3875971
7149637
376300
628367
1681979
2842785
4043680
5092506
6282190
9872075
153530
400669
1416332
2623620
3730100
7220404
8423944
9579379
378774
626419
1587845
2699552
4238828
5228718
6305918
125235
370626
1379735
2606815
4864573
6074356
110348
358084
1343945
2619156
3729520
6125345
173169
420861
1520313
2747527
8703854
150281
396075
1407045
2629108
5054326
6130750
7249986
8390422
165565
411743
1540237
2758904
3946189
346577
611271
1690125
2837368
4061591
5137495
7531647
185332
430304
1537770
2721694
3836566
4921871
7279028
345730
594284
1602703
2695735
3789721
6190230
10800846
185692
433397
1487689
2619523
3810351
4971816
208231
455088
1437241
2548264
3777177
4154990
6162843
8476212
131900
379915
1310482
1607998
2435730
3668530
7238268
210124
456525
1474560
2703548
3896518
5081837
9701845
160394
408145
1519048
2704856
3927357
5041248
7320902
169627
416928
1538142
1800145
2723198
3924210
169086
416184
1470932
1722468
2764845
4913430
182686
465647
1566470
2693934
3803996
4876515
10789846
215663
461383
1538272
2676415
3760368
6171198
174330
421412
1457087
2693115
3729155
6144696
260290
507296
1469278
2661641
3892445
5112125
6272892
149532
406828
1297985
2424539
3636938
8253228
186110
435351
1489318
2741439
3919460
5122171
6249391
122436
417560
1355668
2714170
3560883
461096
725167
1786060
2891381
4087227
6235728
7432373
142324
388164
1400871
1663405
2665002
3790561
4886020
6072784
349131
631048
1661990
2757558
3957177
5174527
368030
615604
1760282
2649607
3826712
5024604
6210722
8570115
340268
590553
1680972
2874866
4075267
242489
491392
1427486
3808078
8453310
165373
436271
1520396
2711450
3904087
7340810
128308
373080
1413675
2624915
3811118
6110963
168173
413897
1498390
2698656
5081798
6182523
127332
373520
1483425
2716685
3862918
4986101
161217
409001
1492448
2684700
3827679
4960655
200558
448847
1560568
2645839
3808172
6109317
7308241
374861
621047
1624699
2761834
3989775
5176465
225953
456135
1396453
2507665
4856074
6108285
7285862
211145
462460
1418932
2689361
3806175
5042557
176480
422646
1480485
3873571
5077965
6202504
7326308
179802
426151
1529707
2746065
3948385
6179132
9772647
179916
428902
1570121
2839503
3949938
5061247
6144948
177258
452484
1527296
2722256
4953493
6118176
7302699
211837
465255
1527638
2718928
4987797
6189334
160094
408288
1511972
2615490
3706443
4848720
6039634
8466296
242553
500808
2732556
2997406
3681358
3930442
6090981
9570744
298311
546286
1632040
2663087
2938320
3975940
5072135
134084
410015
1308465
2571434
4833111
6007298
8388474
163624
412701
1505482
2735359
3929135
5242304
117117
380447
1432490
2595180
3822932
5042435
7237535
165980
433507
1571148
2614278
3872585
7239852
8225326
332125
580051
1691476
2813798
5004718
8642251
169587
418245
1620994
2678597
3779445
4967505
165408
412541
1506682
3739768
6122857
164432
413490
1439462
2543746
3732371
4923529
6105854
8463898
255594
518204
1468958
1780435
3875513
150370
399781
1303925
4911827
6111079
8352696
192447
438569
1461681
1770760
2709395
3877385
120890
368634
1450872
2686560
4996155
6065358
263605
511579
1645333
2854735
3993366
5169550
6253796
8647647
298201
544379
1649348
2772835
3893883
151500
398803
1523673
2665384
3775484
4954334
197740
447751
1527530
2621237
5028280
6217511
7440037
114099
359406
1423589
2513618
4817593
7702950
253875
500122
1469369
2735552
3789602
4988657
6172361
187615
434268
1403201
2604826
3882561
5032731
9684683
166582
411651
1503234
2733366
5106077
194990
441863
1541837
2736758
3917460
5022410
6136681
441607
725050
1780871
2966771
4060106
5315450
265349
513776
1519238
2855490
3948861
367856
616427
1607446
2718638
4112116
8611958
184917
432403
1588087
2643459
3805484
7450263
205568
452351
1492736
2641227
3836380
5051528
141769
387934
1305877
1681092
2699534
3598695
3924314
5055151
8324043
127804
408391
1413928
3682757
4911480
8307176
344365
591678
1689923
2876030
4077522
5177092
7563010
125825
372373
1442344
2673859
3880474
5060522
6163715
128540
375317
1429718
2671933
6095531
7241886
8403910
373976
621364
1709170
2815666
3904513
5115120
7502619
234437
504535
1515290
2666525
4928213
6115112
399988
665773
1588333
3980586
4383557
6404392
149445
411773
1472070
2553329
3826452
6159564
8511412
127267
372881
1360049
2742673
3753406
4966488
210920
489448
1517975
2733204
3946210
147084
394516
1431402
2623345
3929382
6147418
7308627
205193
451793
1522237
2721082
5038025
6217823
125266
373743
1456879
2648439
3810511
4916269
8484673
344806
608675
1676938
2771963
3957840
7587327
176348
445380
1440588
2596700
6056317
385087
646001
1677864
2778888
3822840
4235687
5053310
207127
452757
1606584
2514880
2787717
4001788
8383502
113670
379777
1367567
2645107
3766451
4957883
8366111
216078
487985
1519966
1789530
2769715
3864987
6191381
10854478
165428
436746
1517906
2789287
3965374
5028254
161654
408530
1467409
2500408
2763101
4813580
5976628
344807
607627
1680934
2777122
3883820
5073234
7484808
131407
389437
1398525
2654843
3740767
4934698
195144
442815
1534831
2640920
3832568
120315
369231
1419099
2519172
3720037
129004
405990
1459537
2453975
4788330
166311
413952
1384092
2673548
3780642
9559966
210738
456080
1527859
2726588
5103823
7351598
8463364
125501
408744
1513160
2705047
3915367
5081287
167413
413335
1517655
2704643
4983144
6151142
174846
442836
1446878
2679335
3828105
4906492
5954215
342601
590177
1651361
2740377
6351931
158337
404412
1430896
2592190
3639078
7218243
342947
595628
1579521
2632105
4049045
5049659
6241085
8527521
135578
408120
1301958
1677699
2575495
3755900
4938321
5965667
116787
362220
1322502
1578613
2501789
2782187
3916480
4882453
7199719
160619
407194
1500661
2752591
4004842
5076757
183761
429359
1521662
2677348
4977083
6136162
7238611
207107
455332
1530931
2744604
3847146
4935872
6163162
214625
481541
1555468
2697990
3835012
4886308
387636
648513
1703851
2881737
5293911
7639019
274566
523429
1504121
2616696
4152043
5012331
7404148
119580
407712
1375250
2477144
3671065
4868388
6076924
7287811
8406389
122822
374615
1377061
2542982
3764284
149671
425404
1464731
2649051
3882271
185715
440557
1550321
2832918
4029938
5120406
9794891
178001
423448
1517517
2707850
3894221
6127244
332953
598401
1649064
2818365
3914225
5091742
125400
370222
1437685
2690033
3782444
173444
447875
1559190
2564754
3871299
4994898
7137508
403406
653131
1567349
2642291
3980904
5041213
6261220
7472317
150701
381786
1580855
2634764
3816159
5032334
7457061
155262
403884
1342193
2716685
3743156
5072943
7256735
165934
414635
1487362
2704269
3947507
148807
395693
1328972
1725997
2557863
3811788
4924007
6050336
246450
515961
1662672
2880164
3970702
5148918
6242283
166255
449921
1545879
2743998
3871193
5035400
7321229
346139
618740
1674494
3947429
5131285
176064
421333
1462479
2553499
3704958
5976416
374808
624055
1692762
2918685
4120490
6467451
246515
495085
1431024
2646682
3823857
6252020
7355913
182552
430200
1522181
2722642
3930877
5127914
130604
377146
1375173
2727132
3925732
5079560
7172899
154314
399957
1575459
2671946
3921347
7278306
211928
457738
1496884
1778263
2742528
3876868
4996867
166954
418412
1435858
2685435
3767356
4911015
181605
444613
1503115
2657346
3754434
4829846
6056106
8470170
194774
442511
1520763
2608915
3801263
4999765
6221780
137511
397230
1420252
2522281
3714817
107488
367645
1300786
2567980
3602751
4795704
5985508
118061
368815
1450947
2662249
3864153
5082822
8458171
178815
427149
1554135
2702929
3903023
5089967
6177355
187697
434138
1523538
2719686
5062503
6163108
234409
482107
1526118
2757300
3892266
4945808
168470
417365
1529210
2731828
3844308
4992444
6198870
199514
446754
1559895
2723539
3808863
4984971
6174402
122744
369978
1468038
2595040
3771591
6183900
117078
380241
1387629
2684112
3682401
4873557
7337412
193610
473715
1447504
1805354
2560743
3787937
4995004
188288
436385
1536598
2764108
3955339
7372805
127520
377120
1445941
2674161
3885481
6160985
183411
432081
1597471
2739570
5021898
6089727
166208
452831
1526638
2630714
4893651
6084901
7114244
388511
633806
2721441
3859586
5076504
7411695
12011829
157761
405761
1473961
2740370
3694807
4789974
343156
615720
1669841
2646758
3906638
5042408
6348673
138644
395978
1359075
2452728
3652621
6047044
178965
426906
1352993
2815858
3745683
6164356
203698
452169
1554358
2773908
3973586
5151537
143050
392239
1474434
2798117
3969124
5036700
6124445
221109
477282
1556671
2741434
3913894
5004382
6196018
169344
415374
1513238
3911128
5092322
9910650
195572
442122
1457684
2755691
3825462
6047194
199886
446301
1552342
2663205
5046005
7377594
177113
425609
1495593
2553125
3614287
4777415
6122227
8369627
266417
513910
1478641
1731534
2731878
3875538
5101026
6305153
134301
383596
1341502
2539254
3759894
5032011
184604
432945
1596125
2773730
3882218
5120588
6258760
124390
384260
1437708
2661036
3875547
6109407
8493437
155884
403933
1499767
1747162
2698084
5005494
9789708
183880
429845
1493204
2724692
3866853
4956269
367567
613199
1641380
2774755
3831332
5080272
7463115
151216
399158
1477874
2583381
4872450
6080023
162811
436454
1425151
1739412
2608831
3720860
4920600
7334106
9542968
120332
365998
2363876
2775389
4626020
5920401
139102
384676
1367184
3791386
4964956
6205024
178430
424331
1499472
2768241
3913294
6209852
175835
423709
1522718
2743835
3942959
5051598
6149830
138700
411878
1444638
2659015
3855755
4949468
195102
442631
1632396
2741567
3877921
167247
439280
1516610
2627084
3769768
4936242
6112441
398268
664296
1593099
2757432
5145083
8642164
115404
381191
1386385
3695076
7305970
220773
480324
1408480
2582590
3787256
4968880
7361574
159196
404540
1483709
2769597
3957470
187467
449071
1512126
2723120
3926123
5066410
166247
415566
1514385
2706927
3901950
5048436
6186802
7327179
176794
435191
1491316
2704669
4927767
6123048
209458
457014
1533629
2700072
3813042
4889991
346192
593072
1611069
2701524
3911857
6306456
182982
429404
1478924
2576294
3764753
4964654
121916
383512
1371439
1767801
3638993
4809285
7199334
124752
370764
1332332
2527582
3829084
4936898
216782
463543
1533106
2769478
3976237
13295895
122941
378484
1407670
2652267
3880148
4913168
442851
690461
1806348
2918938
4027222
6405851
218083
465017
1492430
1758309
2716785
4913745
190837
436587
1543181
2685129
3780264
4875928
9528601
347513
614813
1651311
2749895
3901236
5181490
7534722
165714
414059
1448573
1789201
2677329
3733716
5015255
107604
354483
1343164
2426310
2686122
4834434
7232938
8360436
159174
406382
1408198
2648129
3816988
4995398
121161
366838
1433060
2454868
3766618
4662638
4984820
8279339
344656
608617
1666337
2856672
5112394
7452968
263211
511350
1576956
2771467
3887101
4996117
205405
451575
1569387
2763822
3874388
4961907
13125116
122261
374908
1473779
2654487
3746168
116876
362713
1458575
2546207
4848090
6032057
7248002
11779118
381384
626841
1541311
2760227
3954020
5149205
6357989
7538504
200582
448305
1387957
2589670
3799895
155373
402259
1474778
2668923
3883970
5099900
6221912
185352
461113
1465640
2854978
3892181
5179327
8643015
125557
372415
1392287
1693129
2641464
4937622
8255472
375327
621340
1687136
2863255
3991295
7429843
130505
404584
1499692
2641232
3758178
8338266
370877
618394
1715174
2807022
5207633
199320
448952
1459712
2586893
6163808
119555
365534
1380873
2476980
3706931
4879057
122549
402850
1326493
2460917
2749727
3749148
5019007
191428
462310
1541831
2760168
3944661
5163738
6270224
165831
442420
1516169
2741787
3962238
8509786
177455
425526
1524958
2748389
3943652
6165075
7316778
130917
375953
1428465
2694223
4937779
8538498
191139
439857
1502598
2723585
3861164
5025014
6228162
195456
444855
1549020
2646588
8640242
127060
374785
1317205
2458088
3192575
3670313
4708453
8978223
292813
538239
1519280
2857259
3901219
5094018
124669
410078
1333966
2534793
3732987
6155271
7272114
147857
426779
1475831
2667008
3885100
5077798
6159126
7256755
158478
407592
1506476
2698130
3916761
5033196
6159992
14341929
159942
408027
1494209
2677521
3887972
4998246
169810
417399
1515331
2703457
3766950
7123121
380587
627153
1692102
2794295
3982180
5188901
6377039
124321
370314
1463540
2582138
3675791
4846776
182085
427127
1517711
2687471
3717875
6137488
117150
364538
1344647
2438470
2779054
3628608
4934674
6128072
177211
422357
1467157
2621967
3805639
4946883
8359147
11900807
212726
458960
1703652
2712840
3937792
5127782
6231030
122116
379902
1350740
2545185
3773494
4889054
6075854
462563
735947
1748645
4077727
5232389
267857
516029
1557385
2749547
3901951
4967247
10903000
197953
444139
1472172
2655665
3784123
6086112
8475623
195225
443374
1541511
2634728
3835092
5026184
136730
394168
1433559
2578154
3701095
4898254
6110685
248851
519525
1437959
2605545
2889150
5002368
7333928
154158
427242
1483545
2675728
3896825
5102790
177104
423479
1544377
2667493
3900263
6208293
8553242
196644
443523
1509853
2722311
5043541
6151681
8534218
179928
427791
1544389
2742255
3886294
5052528
6132248
195623
441675
1523541
2712261
3842344
5022187
134017
379718
1495221
2600333
3809199
8395515
10660592
352291
619147
1583189
2665898
3002775
3917353
5077270
7394982
125233
372828
1380385
1734152
2593356
3673598
4882798
6074274
112643
398459
1325493
2467502
4852249
5900860
141557
389738
2484566
3761198
4912773
209571
457976
1511480
2702631
3894801
6175166
159637
437861
1720109
2616412
3847442
4967292
7131281
348894
619167
1686823
2844141
3937008
5024473
8627072
186240
451989
1632981
2710823
3841941
5033532
219551
464658
1543182
2697991
3783333
4947440
169311
417667
1493882
2648411
4983475
6195290
7398293
242525
488888
1454555
2644122
3813744
6211436
7401118
153201
402063
1340389
2669270
3624745
6172748
7157042
125510
373560
1432667
3788867
5035599
7254190
174156
421095
1557315
2774212
5055687
6134573
7324838
201617
479197
1550037
2734940
3932461
5064290
6205299
8582092
146541
422642
1452370
1720456
2751120
3822068
4912558
6113822
211692
456887
1499864
2692101
3781446
6042499
207561
453367
1545234
2653513
5029602
179385
427375
1564716
2648648
3845401
5047011
122731
367515
1648028
2472172
2822898
3663065
213101
484567
1521260
2701407
3922886
5120939
6249438
173258
424960
1508533
3924341
6247492
148528
416437
1427524
2632402
3829981
5013093
8496935
160341
405360
1467586
2712592
3947026
4964012
7204196
373324
619725
1685695
2779815
4016009
4968476
161358
407441
1549107
2671281
3809715
4934529
6152235
208528
457083
1551171
2644938
3821807
6232343
135228
382318
1404026
3608761
4830055
124822
380436
1425524
1784178
2627224
3810100
5028896
185658
431956
1475959
2665263
3891707
184613
430108
1537363
3930265
5098762
6205267
8557206
143264
390299
1469950
2655003
5031533
6082592
181979
428479
1489813
2735672
3880795
6141436
153263
412026
1469335
2805511
3943398
5077064
6268103
7464101
121281
387415
1495227
2630909
6113932
386603
660362
1590103
2956047
3974171
5333765
6400264
134814
364260
1403088
2504938
4874520
7327375
110470
380220
1299268
3599909
4780538
166428
411982
1456601
2643718
3853233
5050171
165138
413664
1520045
2663782
3870275
5072692
6163456
146466
413021
1535004
2509585
5965170
372796
618048
1712008
2826761
5115977
6327396
118268
388134
1419081
2671969
3799081
4827248
7193712
8391841
375966
623826
1618472
2710872
3907125
7494246
187876
467772
1588235
2678833
3881391
6291444
7509276
122594
381328
1374359
2509388
3553274
5094925
7203337
8342237
181239
452729
1523546
2715664
3740373
6163234
198378
444810
1484056
2770517
3900647
5131070
152021
400014
1493161
2677736
3917312
5052338
167798
413470
1481323
2713476
3923504
174715
422482
1522695
2815391
3871243
4961041
6133628
193741
442532
1565550
2705646
3784814
5012170
7381154
158087
406211
1532355
2636925
3755060
6145597
7324870
183352
455853
1475610
2689079
3662258
6054207
7283629
290037
572050
1473530
1757920
2661985
3949688
6329171
7458441
148532
395467
1387622
2612381
3922529
5008462
186002
433622
1549066
2758252
3948457
5129627
6251180
112832
359573
1444120
2674438
3896684
5016746
6168948
7267710
129825
376126
1481426
2677368
3909940
6185017
151916
423127
1471179
2691119
3776745
4925381
6107889
182054
428680
1552031
2673934
6013414
193904
440231
1569862
2652483
3853875
5055831
6241504
8577207
154273
401632
1442434
2562001
3828720
4927501
6118662
235764
480630
1431798
2624081
3856471
5066302
6260191
174945
423615
1463844
2690928
5128797
182933
429674
1514845
2721097
3909397
5112578
123931
370974
1455996
2557098
3784778
333594
606016
1696793
2872670
3962203
5184133
8787855
120951
409913
1479671
2686764
3767039
7267518
212348
457798
1587705
2630250
3754739
5075804
6235261
336204
584711
1526911
2691599
3857773
7447956
10811470
