Latency
478511
735025
994208
1242215
1500493
1758005
321241
573915
829726
454631
702472
396459
650708
905585
1163998
230187
484560
739186
996550
267846
521944
776711
1034124
398970
652984
907365
1165284
243555
498275
753262
1010484
230290
484315
738190
994493
233945
487907
742244
997642
232284
486300
741258
996419
248994
503261
757079
245749
500211
753972
1009413
306570
556637
811684
239526
493757
748507
1005616
407977
645299
903131
246873
500702
755072
1007630
262069
516326
770439
1024532
447156
701177
954385
394165
648434
902653
394358
648319
902428
222719
476818
731117
988882
483695
737729
984757
335566
589543
843284
1097399
246191
500153
754814
1013099
251271
505199
759526
1016638
230471
484855
739925
996764
231083
484972
739926
997054
240299
494658
748553
1005747
247848
501559
755777
296474
535797
789768
237068
490988
745371
1002911
409925
658314
914411
252181
506437
761228
1018772
237382
491419
746192
1002201
397951
648053
903617
483864
732218
365862
619814
874690
1132313
399087
653148
905932
1160018
398916
652717
907812
1165281
399629
653557
907637
1164801
258297
512319
767238
1023491
253059
507051
761244
1016460
235361
489567
743623
999148
230542
484341
738454
995748
244472
498433
752667
1009010
252665
506687
757235
1011761
235380
489311
743745
999577
418448
665708
913825
412109
659489
916914
389261
639501
896247
237474
491534
745824
1001634
339974
592031
847532
249587
504491
758472
1015761
398049
649406
903312
465488
713493
971066
398327
649237
903480
486024
735170
265807
519861
774757
1032508
261864
515951
770388
1023417
402989
657110
911272
1166898
221988
475917
730750
987122
238961
493144
747967
1003150
251360
506075
759967
1013054
239022
492832
746310
350957
595603
844927
246573
500568
755328
1013023
396791
645127
902039
371339
625570
877714
