Latency
189977
438514
676880
921968
1166042
1409595
1651131
1893975
2140398
169344
410542
169518
412531
173196
416550
271934
516028
171378
439968
173821
416865
278075
522900
450035
690076
459685
702838
180639
421981
216119
458115
378252
621906
380775
624271
234787
476235
251146
495860
268475
511193
376295
616494
336224
579662
211938
456014
171258
414494
170581
414997
460709
702165
183032
432125
199231
444893
374654
617087
375284
615565
265742
508806
344657
587065
437684
677666
384300
627200
176522
442697
192777
436324
386603
630277
356054
599233
381924
624920
173082
414787
171447
415332
377925
617727
352840
594288
388678
631540
176542
421964
358609
628799
358525
600485
254329
516094
230044
484320
201650
468422
356082
594348
349199
590163
252081
493429
209785
453400
240204
506995
180267
441029
430278
670416
179191
421477
175977
441304
355524
610164
186028
427091
177058
417080
379338
622313
380592
620716
460334
703318
352075
595416
168143
410748
456306
700264
352844
623896
351863
591984
170342
417914
378211
617962
207688
471507
177891
420518
289406
533322
171378
414310
448071
690032
171129
432737
314850
557008
185375
426531
377892
617745
379066
621189
461592
701340
230501
471135
172402
415706
334563
603942
458199
698254
265329
508659
352897
594137
273681
515892
173688
415991
243834
485286
172221
414145
212970
477087
378973
618575
383900
626827
211398
453573
430657
670453
467715
707674
379498
623405
307547
549900
183894
426575
365775
607181
185532
434297
163084
432221
180227
423354
348030
588617
377530
617200
206704
448584
174641
439487
209169
449202
447992
687969
378182
626526
411869
655023
160708
422277
350057
590583
377859
617808
396302
635957
183097
447361
169600
413358
449270
689103
457765
697779
345743
588297
161761
414870
226168
469909
389407
630274
447444
687289
163750
427879
378730
620984
361501
602778
461636
701252
271381
512686
201750
443363
344862
587318
347292
589517
394492
635468
186849
430338
178125
419968
381675
621402
167791
410088
179224
421752
383734
626703
351847
589766
444424
687337
248952
489575
161582
424969
180442
424751
377552
617507
352497
593475
184993
435335
377572
617354
348787
590789
355021
599468
194251
443374
368952
610144
214143
458723
381021
620945
289228
531747
175641
418410
179488
419551
185158
428717
354699
595764
171345
432330
378907
618497
377401
618265
214188
480637
226484
485768
211296
453348
378405
618090
173501
423141
334836
588276
171835
411234
378284
618203
381926
626216
402312
645800
178217
419266
451342
690960
379906
622443
214697
458268
263402
506619
171955
416877
381804
642534
377863
620930
315430
561194
169740
411399
182836
452126
173969
434145
388694
630301
206365
448250
350181
590848
447988
691424
378171
617779
291250
535180
186902
428965
278938
521049
230437
472208
458812
698747
170840
414307
348618
591650
383345
619495
461584
701608
