cpu  837596 36885 1405127 521265816 112358 0 2937430 0 0 0
cpu0 115941 9541 199640 130573136 30361 0 698246 0 0 0
cpu1 452604 10665 767872 129441640 23160 0 825937 0 0 0
cpu2 136826 2862 229722 130632038 30531 0 720028 0 0 0
cpu3 132224 13816 207892 130619000 28305 0 693217 0 0 0
intr 12026439255 0 0 2618166 81 0 735644 34012514 0 0 0 9316424 0 0 0 0 0 0 0 0 0 0 0 0 0 0 0 0 0 0 0 0 0 0 0 0 0 0 0 0 0 0 0 0 0 0 0 0 0 0 0 0 2468366493 0 0 0 0 0 0 0 0 826607 0 434153 0 0 0 0 0 0 0 0 0 0 0 719515589 1 0 0 0 0 0 0 0 0 0 0 0 0 0 0 0 0 0 0 0 0 0 0 426388 4219 0 0 0 0 18362363 0 0 0 0 0 0 0 0 0 0 0 0 0 0 0 0 0 0 0 0 0 0 0 0 0 0 0 0 0 0 0 0 0 0 0 0 0 0 0 0 0 0 0 0 0 0 0 0 0 0 0 0 0 0 0 0 0 0 0 0 0 0 0 0 0 0 0 0 0 0 0 0 0 0 0 181886022 0 0 0
ctxt 386522230
btime 1669654930
processes 553153
procs_running 1
procs_blocked 0
softirq 971547334 677076742 31544774 739325 75818758 434082 0 119505674 41428755 588 24998636

cpu  837596 36885 1405128 521266013 112358 0 2937430 0 0 0
cpu0 115941 9541 199640 130573185 30361 0 698247 0 0 0
cpu1 452604 10665 767872 129441689 23160 0 825937 0 0 0
cpu2 136826 2862 229722 130632088 30531 0 720028 0 0 0
cpu3 132224 13816 207892 130619050 28305 0 693217 0 0 0
intr 12026443501 0 0 2618166 81 0 735644 34012552 0 0 0 9316427 0 0 0 0 0 0 0 0 0 0 0 0 0 0 0 0 0 0 0 0 0 0 0 0 0 0 0 0 0 0 0 0 0 0 0 0 0 0 0 0 2468370497 0 0 0 0 0 0 0 0 826608 0 434153 0 0 0 0 0 0 0 0 0 0 0 719515719 1 0 0 0 0 0 0 0 0 0 0 0 0 0 0 0 0 0 0 0 0 0 0 426388 4219 0 0 0 0 18362399 0 0 0 0 0 0 0 0 0 0 0 0 0 0 0 0 0 0 0 0 0 0 0 0 0 0 0 0 0 0 0 0 0 0 0 0 0 0 0 0 0 0 0 0 0 0 0 0 0 0 0 0 0 0 0 0 0 0 0 0 0 0 0 0 0 0 0 0 0 0 0 0 0 0 0 181886056 0 0 0
ctxt 386522344
btime 1669654930
processes 553153
procs_running 1
procs_blocked 0
softirq 971547417 677076742 31544790 739326 75818761 434082 0 119505704 41428776 588 24998648

cpu  837597 36885 1405128 521266210 112358 0 2937430 0 0 0
cpu0 115941 9541 199640 130573234 30361 0 698247 0 0 0
cpu1 452604 10665 767872 129441738 23160 0 825937 0 0 0
cpu2 136827 2862 229722 130632137 30531 0 720028 0 0 0
cpu3 132224 13816 207892 130619099 28305 0 693217 0 0 0
intr 12026447706 0 0 2618167 81 0 735644 34012575 0 0 0 9316431 0 0 0 0 0 0 0 0 0 0 0 0 0 0 0 0 0 0 0 0 0 0 0 0 0 0 0 0 0 0 0 0 0 0 0 0 0 0 0 0 2468374501 0 0 0 0 0 0 0 0 826609 0 434153 0 0 0 0 0 0 0 0 0 0 0 719515847 1 0 0 0 0 0 0 0 0 0 0 0 0 0 0 0 0 0 0 0 0 0 0 426388 4219 0 0 0 0 18362414 0 0 0 0 0 0 0 0 0 0 0 0 0 0 0 0 0 0 0 0 0 0 0 0 0 0 0 0 0 0 0 0 0 0 0 0 0 0 0 0 0 0 0 0 0 0 0 0 0 0 0 0 0 0 0 0 0 0 0 0 0 0 0 0 0 0 0 0 0 0 0 0 0 0 0 181886085 0 0 0
ctxt 386522428
btime 1669654930
processes 553153
procs_running 1
procs_blocked 0
softirq 971547470 677076742 31544803 739326 75818762 434082 0 119505718 41428792 588 24998657

cpu  837597 36885 1405128 521266407 112358 0 2937430 0 0 0
cpu0 115941 9541 199640 130573283 30361 0 698247 0 0 0
cpu1 452604 10665 767872 129441788 23160 0 825937 0 0 0
cpu2 136827 2862 229723 130632186 30531 0 720028 0 0 0
cpu3 132224 13816 207892 130619148 28305 0 693217 0 0 0
intr 12026451964 0 0 2618167 81 0 735644 34012606 0 0 0 9316435 0 0 0 0 0 0 0 0 0 0 0 0 0 0 0 0 0 0 0 0 0 0 0 0 0 0 0 0 0 0 0 0 0 0 0 0 0 0 0 0 2468378520 0 0 0 0 0 0 0 0 826610 0 434153 0 0 0 0 0 0 0 0 0 0 0 719516001 1 0 0 0 0 0 0 0 0 0 0 0 0 0 0 0 0 0 0 0 0 0 0 426388 4219 0 0 0 0 18362429 0 0 0 0 0 0 0 0 0 0 0 0 0 0 0 0 0 0 0 0 0 0 0 0 0 0 0 0 0 0 0 0 0 0 0 0 0 0 0 0 0 0 0 0 0 0 0 0 0 0 0 0 0 0 0 0 0 0 0 0 0 0 0 0 0 0 0 0 0 0 0 0 0 0 0 181886118 0 0 0
ctxt 386522522
btime 1669654930
processes 553153
procs_running 1
procs_blocked 0
softirq 971547544 677076750 31544820 739326 75818763 434082 0 119505731 41428814 588 24998670

cpu  837597 36885 1405129 521266604 112358 0 2937430 0 0 0
cpu0 115941 9541 199641 130573332 30361 0 698247 0 0 0
cpu1 452604 10665 767872 129441837 23160 0 825937 0 0 0
cpu2 136827 2862 229723 130632235 30531 0 720028 0 0 0
cpu3 132224 13816 207892 130619198 28305 0 693217 0 0 0
intr 12026456166 0 0 2618167 81 0 735644 34012626 0 0 0 9316439 0 0 0 0 0 0 0 0 0 0 0 0 0 0 0 0 0 0 0 0 0 0 0 0 0 0 0 0 0 0 0 0 0 0 0 0 0 0 0 0 2468382525 0 0 0 0 0 0 0 0 826611 0 434153 0 0 0 0 0 0 0 0 0 0 0 719516127 1 0 0 0 0 0 0 0 0 0 0 0 0 0 0 0 0 0 0 0 0 0 0 426388 4219 0 0 0 0 18362444 0 0 0 0 0 0 0 0 0 0 0 0 0 0 0 0 0 0 0 0 0 0 0 0 0 0 0 0 0 0 0 0 0 0 0 0 0 0 0 0 0 0 0 0 0 0 0 0 0 0 0 0 0 0 0 0 0 0 0 0 0 0 0 0 0 0 0 0 0 0 0 0 0 0 0 181886150 0 0 0
ctxt 386522597
btime 1669654930
processes 553153
procs_running 1
procs_blocked 0
softirq 971547606 677076750 31544834 739326 75818764 434082 0 119505745 41428835 588 24998682

cpu  837597 36885 1405130 521266801 112358 0 2937430 0 0 0
cpu0 115941 9541 199641 130573382 30361 0 698247 0 0 0
cpu1 452604 10665 767872 129441886 23160 0 825937 0 0 0
cpu2 136827 2862 229723 130632284 30531 0 720028 0 0 0
cpu3 132224 13816 207892 130619247 28305 0 693217 0 0 0
intr 12026460413 0 0 2618167 81 0 735644 34012652 0 0 0 9316443 0 0 0 0 0 0 0 0 0 0 0 0 0 0 0 0 0 0 0 0 0 0 0 0 0 0 0 0 0 0 0 0 0 0 0 0 0 0 0 0 2468386546 0 0 0 0 0 0 0 0 826612 0 434153 0 0 0 0 0 0 0 0 0 0 0 719516281 1 0 0 0 0 0 0 0 0 0 0 0 0 0 0 0 0 0 0 0 0 0 0 426388 4219 0 0 0 0 18362459 0 0 0 0 0 0 0 0 0 0 0 0 0 0 0 0 0 0 0 0 0 0 0 0 0 0 0 0 0 0 0 0 0 0 0 0 0 0 0 0 0 0 0 0 0 0 0 0 0 0 0 0 0 0 0 0 0 0 0 0 0 0 0 0 0 0 0 0 0 0 0 0 0 0 0 181886175 0 0 0
ctxt 386522685
btime 1669654930
processes 553153
procs_running 1
procs_blocked 0
softirq 971547667 677076758 31544847 739326 75818765 434082 0 119505758 41428851 588 24998692

cpu  837598 36885 1405130 521266998 112358 0 2937430 0 0 0
cpu0 115941 9541 199642 130573431 30361 0 698247 0 0 0
cpu1 452604 10665 767872 129441935 23160 0 825937 0 0 0
cpu2 136827 2862 229723 130632334 30531 0 720028 0 0 0
cpu3 132224 13816 207892 130619296 28305 0 693217 0 0 0
intr 12026464631 0 0 2618168 81 0 735644 34012679 0 0 0 9316446 0 0 0 0 0 0 0 0 0 0 0 0 0 0 0 0 0 0 0 0 0 0 0 0 0 0 0 0 0 0 0 0 0 0 0 0 0 0 0 0 2468390543 0 0 0 0 0 0 0 0 826614 0 434153 0 0 0 0 0 0 0 0 0 0 0 719516409 1 0 0 0 0 0 0 0 0 0 0 0 0 0 0 0 0 0 0 0 0 0 0 426388 4219 0 0 0 0 18362486 0 0 0 0 0 0 0 0 0 0 0 0 0 0 0 0 0 0 0 0 0 0 0 0 0 0 0 0 0 0 0 0 0 0 0 0 0 0 0 0 0 0 0 0 0 0 0 0 0 0 0 0 0 0 0 0 0 0 0 0 0 0 0 0 0 0 0 0 0 0 0 0 0 0 0 181886209 0 0 0
ctxt 386522784
btime 1669654930
processes 553153
procs_running 1
procs_blocked 0
softirq 971547741 677076758 31544863 739326 75818767 434082 0 119505781 41428873 588 24998703

cpu  837598 36885 1405130 521267195 112358 0 2937430 0 0 0
cpu0 115941 9541 199642 130573480 30361 0 698247 0 0 0
cpu1 452605 10665 767872 129441984 23160 0 825937 0 0 0
cpu2 136827 2862 229723 130632383 30531 0 720028 0 0 0
cpu3 132224 13816 207892 130619346 28305 0 693217 0 0 0
intr 12026468892 0 0 2618168 81 0 735644 34012709 0 0 0 9316450 0 0 0 0 0 0 0 0 0 0 0 0 0 0 0 0 0 0 0 0 0 0 0 0 0 0 0 0 0 0 0 0 0 0 0 0 0 0 0 0 2468394571 0 0 0 0 0 0 0 0 826615 0 434153 0 0 0 0 0 0 0 0 0 0 0 719516563 1 0 0 0 0 0 0 0 0 0 0 0 0 0 0 0 0 0 0 0 0 0 0 426388 4219 0 0 0 0 18362501 0 0 0 0 0 0 0 0 0 0 0 0 0 0 0 0 0 0 0 0 0 0 0 0 0 0 0 0 0 0 0 0 0 0 0 0 0 0 0 0 0 0 0 0 0 0 0 0 0 0 0 0 0 0 0 0 0 0 0 0 0 0 0 0 0 0 0 0 0 0 0 0 0 0 0 181886238 0 0 0
ctxt 386522883
btime 1669654930
processes 553153
procs_running 1
procs_blocked 0
softirq 971547808 677076766 31544878 739326 75818768 434082 0 119505795 41428891 588 24998714

cpu  837598 36885 1405130 521267392 112358 0 2937430 0 0 0
cpu0 115941 9541 199642 130573529 30361 0 698247 0 0 0
cpu1 452605 10665 767872 129442033 23160 0 825937 0 0 0
cpu2 136827 2862 229723 130632432 30531 0 720028 0 0 0
cpu3 132224 13816 207892 130619395 28305 0 693217 0 0 0
intr 12026473094 0 0 2618172 81 0 735644 34012732 0 0 0 9316454 0 0 0 0 0 0 0 0 0 0 0 0 0 0 0 0 0 0 0 0 0 0 0 0 0 0 0 0 0 0 0 0 0 0 0 0 0 0 0 0 2468398567 0 0 0 0 0 0 0 0 826616 0 434153 0 0 0 0 0 0 0 0 0 0 0 719516691 1 0 0 0 0 0 0 0 0 0 0 0 0 0 0 0 0 0 0 0 0 0 0 426388 4219 0 0 0 0 18362516 0 0 0 0 0 0 0 0 0 0 0 0 0 0 0 0 0 0 0 0 0 0 0 0 0 0 0 0 0 0 0 0 0 0 0 0 0 0 0 0 0 0 0 0 0 0 0 0 0 0 0 0 0 0 0 0 0 0 0 0 0 0 0 0 0 0 0 0 0 0 0 0 0 0 0 181886268 0 0 0
ctxt 386522963
btime 1669654930
processes 553153
procs_running 1
procs_blocked 0
softirq 971547862 677076766 31544891 739326 75818769 434082 0 119505809 41428908 588 24998723

cpu  837599 36885 1405130 521267589 112358 0 2937430 0 0 0
cpu0 115941 9541 199642 130573579 30361 0 698247 0 0 0
cpu1 452606 10665 767872 129442082 23160 0 825937 0 0 0
cpu2 136827 2862 229723 130632482 30531 0 720028 0 0 0
cpu3 132224 13816 207892 130619444 28305 0 693217 0 0 0
intr 12026477370 0 0 2618172 81 0 735644 34012766 0 0 0 9316457 0 0 0 0 0 0 0 0 0 0 0 0 0 0 0 0 0 0 0 0 0 0 0 0 0 0 0 0 0 0 0 0 0 0 0 0 0 0 0 0 2468402594 0 0 0 0 0 0 0 0 826617 0 434153 0 0 0 0 0 0 0 0 0 0 0 719516845 1 0 0 0 0 0 0 0 0 0 0 0 0 0 0 0 0 0 0 0 0 0 0 426388 4219 0 0 0 0 18362541 0 0 0 0 0 0 0 0 0 0 0 0 0 0 0 0 0 0 0 0 0 0 0 0 0 0 0 0 0 0 0 0 0 0 0 0 0 0 0 0 0 0 0 0 0 0 0 0 0 0 0 0 0 0 0 0 0 0 0 0 0 0 0 0 0 0 0 0 0 0 0 0 0 0 0 181886300 0 0 0
ctxt 386523076
btime 1669654930
processes 553153
procs_running 1
procs_blocked 0
softirq 971547939 677076774 31544906 739326 75818771 434082 0 119505830 41428927 588 24998735

cpu  837599 36885 1405131 521267786 112358 0 2937430 0 0 0
cpu0 115941 9541 199642 130573628 30361 0 698247 0 0 0
cpu1 452606 10665 767873 129442132 23160 0 825937 0 0 0
cpu2 136827 2862 229723 130632531 30531 0 720028 0 0 0
cpu3 132224 13816 207892 130619494 28305 0 693217 0 0 0
intr 12026481600 0 0 2618173 81 0 735644 34012802 0 0 0 9316461 0 0 0 0 0 0 0 0 0 0 0 0 0 0 0 0 0 0 0 0 0 0 0 0 0 0 0 0 0 0 0 0 0 0 0 0 0 0 0 0 2468406590 0 0 0 0 0 0 0 0 826618 0 434153 0 0 0 0 0 0 0 0 0 0 0 719516973 1 0 0 0 0 0 0 0 0 0 0 0 0 0 0 0 0 0 0 0 0 0 0 426388 4219 0 0 0 0 18362570 0 0 0 0 0 0 0 0 0 0 0 0 0 0 0 0 0 0 0 0 0 0 0 0 0 0 0 0 0 0 0 0 0 0 0 0 0 0 0 0 0 0 0 0 0 0 0 0 0 0 0 0 0 0 0 0 0 0 0 0 0 0 0 0 0 0 0 0 0 0 0 0 0 0 0 181886335 0 0 0
ctxt 386523193
btime 1669654930
processes 553153
procs_running 1
procs_blocked 0
softirq 971548022 677076774 31544922 739326 75818774 434082 0 119505855 41428949 588 24998752

cpu  837599 36885 1405131 521267983 112358 0 2937430 0 0 0
cpu0 115941 9541 199642 130573677 30361 0 698247 0 0 0
cpu1 452606 10665 767873 129442181 23160 0 825937 0 0 0
cpu2 136827 2862 229723 130632580 30531 0 720028 0 0 0
cpu3 132224 13816 207892 130619543 28305 0 693217 0 0 0
intr 12026485865 0 0 2618173 81 0 735644 34012833 0 0 0 9316464 0 0 0 0 0 0 0 0 0 0 0 0 0 0 0 0 0 0 0 0 0 0 0 0 0 0 0 0 0 0 0 0 0 0 0 0 0 0 0 0 2468410621 0 0 0 0 0 0 0 0 826619 0 434153 0 0 0 0 0 0 0 0 0 0 0 719517127 1 0 0 0 0 0 0 0 0 0 0 0 0 0 0 0 0 0 0 0 0 0 0 426388 4219 0 0 0 0 18362588 0 0 0 0 0 0 0 0 0 0 0 0 0 0 0 0 0 0 0 0 0 0 0 0 0 0 0 0 0 0 0 0 0 0 0 0 0 0 0 0 0 0 0 0 0 0 0 0 0 0 0 0 0 0 0 0 0 0 0 0 0 0 0 0 0 0 0 0 0 0 0 0 0 0 0 181886363 0 0 0
ctxt 386523296
btime 1669654930
processes 553153
procs_running 1
procs_blocked 0
softirq 971548093 677076782 31544935 739326 75818775 434082 0 119505875 41428966 588 24998764

cpu  837599 36885 1405132 521268180 112358 0 2937430 0 0 0
cpu0 115941 9541 199642 130573726 30361 0 698247 0 0 0
cpu1 452606 10665 767874 129442230 23160 0 825937 0 0 0
cpu2 136827 2862 229723 130632630 30531 0 720028 0 0 0
cpu3 132224 13816 207892 130619592 28305 0 693217 0 0 0
intr 12026490062 0 0 2618173 81 0 735644 34012853 0 0 0 9316467 0 0 0 0 0 0 0 0 0 0 0 0 0 0 0 0 0 0 0 0 0 0 0 0 0 0 0 0 0 0 0 0 0 0 0 0 0 0 0 0 2468414618 0 0 0 0 0 0 0 0 826620 0 434153 0 0 0 0 0 0 0 0 0 0 0 719517255 1 0 0 0 0 0 0 0 0 0 0 0 0 0 0 0 0 0 0 0 0 0 0 426388 4219 0 0 0 0 18362603 0 0 0 0 0 0 0 0 0 0 0 0 0 0 0 0 0 0 0 0 0 0 0 0 0 0 0 0 0 0 0 0 0 0 0 0 0 0 0 0 0 0 0 0 0 0 0 0 0 0 0 0 0 0 0 0 0 0 0 0 0 0 0 0 0 0 0 0 0 0 0 0 0 0 0 181886396 0 0 0
ctxt 386523378
btime 1669654930
processes 553153
procs_running 1
procs_blocked 0
softirq 971548160 677076782 31544950 739326 75818776 434082 0 119505889 41428988 588 24998779

cpu  837600 36885 1405132 521268377 112358 0 2937430 0 0 0
cpu0 115941 9541 199642 130573776 30361 0 698247 0 0 0
cpu1 452606 10665 767874 129442279 23160 0 825937 0 0 0
cpu2 136827 2862 229723 130632679 30531 0 720028 0 0 0
cpu3 132224 13816 207892 130619642 28305 0 693217 0 0 0
intr 12026494326 0 0 2618173 81 0 735644 34012884 0 0 0 9316471 0 0 0 0 0 0 0 0 0 0 0 0 0 0 0 0 0 0 0 0 0 0 0 0 0 0 0 0 0 0 0 0 0 0 0 0 0 0 0 0 2468418645 0 0 0 0 0 0 0 0 826621 0 434153 0 0 0 0 0 0 0 0 0 0 0 719517409 1 0 0 0 0 0 0 0 0 0 0 0 0 0 0 0 0 0 0 0 0 0 0 426388 4219 0 0 0 0 18362618 0 0 0 0 0 0 0 0 0 0 0 0 0 0 0 0 0 0 0 0 0 0 0 0 0 0 0 0 0 0 0 0 0 0 0 0 0 0 0 0 0 0 0 0 0 0 0 0 0 0 0 0 0 0 0 0 0 0 0 0 0 0 0 0 0 0 0 0 0 0 0 0 0 0 0 181886427 0 0 0
ctxt 386523478
btime 1669654930
processes 553153
procs_running 1
procs_blocked 0
softirq 971548228 677076790 31544964 739327 75818777 434082 0 119505903 41429006 588 24998791

cpu  837600 36885 1405133 521268574 112358 0 2937430 0 0 0
cpu0 115941 9541 199642 130573825 30361 0 698247 0 0 0
cpu1 452606 10665 767874 129442328 23160 0 825937 0 0 0
cpu2 136827 2862 229723 130632728 30531 0 720028 0 0 0
cpu3 132224 13816 207892 130619691 28305 0 693217 0 0 0
intr 12026498527 0 0 2618174 81 0 735645 34012908 0 0 0 9316474 0 0 0 0 0 0 0 0 0 0 0 0 0 0 0 0 0 0 0 0 0 0 0 0 0 0 0 0 0 0 0 0 0 0 0 0 0 0 0 0 2468422643 0 0 0 0 0 0 0 0 826622 0 434153 0 0 0 0 0 0 0 0 0 0 0 719517537 1 0 0 0 0 0 0 0 0 0 0 0 0 0 0 0 0 0 0 0 0 0 0 426388 4219 0 0 0 0 18362633 0 0 0 0 0 0 0 0 0 0 0 0 0 0 0 0 0 0 0 0 0 0 0 0 0 0 0 0 0 0 0 0 0 0 0 0 0 0 0 0 0 0 0 0 0 0 0 0 0 0 0 0 0 0 0 0 0 0 0 0 0 0 0 0 0 0 0 0 0 0 0 0 0 0 0 181886458 0 0 0
ctxt 386523563
btime 1669654930
processes 553153
procs_running 1
procs_blocked 0
softirq 971548287 677076790 31544977 739327 75818778 434082 0 119505917 41429025 588 24998803

cpu  837600 36885 1405133 521268770 112358 0 2937430 0 0 0
cpu0 115941 9541 199642 130573874 30361 0 698247 0 0 0
cpu1 452607 10665 767874 129442377 23160 0 825937 0 0 0
cpu2 136827 2862 229723 130632778 30531 0 720028 0 0 0
cpu3 132224 13816 207892 130619740 28305 0 693217 0 0 0
intr 12026502783 0 0 2618174 81 0 735645 34012936 0 0 0 9316478 0 0 0 0 0 0 0 0 0 0 0 0 0 0 0 0 0 0 0 0 0 0 0 0 0 0 0 0 0 0 0 0 0 0 0 0 0 0 0 0 2468426660 0 0 0 0 0 0 0 0 826623 0 434153 0 0 0 0 0 0 0 0 0 0 0 719517691 1 0 0 0 0 0 0 0 0 0 0 0 0 0 0 0 0 0 0 0 0 0 0 426388 4219 0 0 0 0 18362648 0 0 0 0 0 0 0 0 0 0 0 0 0 0 0 0 0 0 0 0 0 0 0 0 0 0 0 0 0 0 0 0 0 0 0 0 0 0 0 0 0 0 0 0 0 0 0 0 0 0 0 0 0 0 0 0 0 0 0 0 0 0 0 0 0 0 0 0 0 0 0 0 0 0 0 181886494 0 0 0
ctxt 386523661
btime 1669654930
processes 553153
procs_running 1
procs_blocked 0
softirq 971548363 677076798 31544993 739327 75818779 434082 0 119505931 41429048 588 24998817

cpu  837600 36885 1405133 521268968 112358 0 2937430 0 0 0
cpu0 115941 9541 199642 130573923 30361 0 698247 0 0 0
cpu1 452607 10665 767874 129442426 23160 0 825937 0 0 0
cpu2 136827 2862 229723 130632827 30531 0 720028 0 0 0
cpu3 132224 13816 207892 130619790 28305 0 693217 0 0 0
intr 12026506988 0 0 2618174 81 0 735645 34012958 0 0 0 9316482 0 0 0 0 0 0 0 0 0 0 0 0 0 0 0 0 0 0 0 0 0 0 0 0 0 0 0 0 0 0 0 0 0 0 0 0 0 0 0 0 2468430665 0 0 0 0 0 0 0 0 826624 0 434153 0 0 0 0 0 0 0 0 0 0 0 719517819 1 0 0 0 0 0 0 0 0 0 0 0 0 0 0 0 0 0 0 0 0 0 0 426388 4219 0 0 0 0 18362663 0 0 0 0 0 0 0 0 0 0 0 0 0 0 0 0 0 0 0 0 0 0 0 0 0 0 0 0 0 0 0 0 0 0 0 0 0 0 0 0 0 0 0 0 0 0 0 0 0 0 0 0 0 0 0 0 0 0 0 0 0 0 0 0 0 0 0 0 0 0 0 0 0 0 0 181886524 0 0 0
ctxt 386523742
btime 1669654930
processes 553153
procs_running 1
procs_blocked 0
softirq 971548421 677076798 31545006 739327 75818780 434082 0 119505945 41429066 588 24998829

cpu  837601 36885 1405133 521269165 112358 0 2937430 0 0 0
cpu0 115941 9541 199642 130573972 30361 0 698247 0 0 0
cpu1 452608 10665 767874 129442475 23160 0 825937 0 0 0
cpu2 136827 2862 229723 130632877 30531 0 720028 0 0 0
cpu3 132224 13816 207892 130619839 28305 0 693217 0 0 0
intr 12026511237 0 0 2618174 81 0 735645 34012985 0 0 0 9316485 0 0 0 0 0 0 0 0 0 0 0 0 0 0 0 0 0 0 0 0 0 0 0 0 0 0 0 0 0 0 0 0 0 0 0 0 0 0 0 0 2468434684 0 0 0 0 0 0 0 0 826625 0 434153 0 0 0 0 0 0 0 0 0 0 0 719517974 1 0 0 0 0 0 0 0 0 0 0 0 0 0 0 0 0 0 0 0 0 0 0 426388 4219 0 0 0 0 18362678 0 0 0 0 0 0 0 0 0 0 0 0 0 0 0 0 0 0 0 0 0 0 0 0 0 0 0 0 0 0 0 0 0 0 0 0 0 0 0 0 0 0 0 0 0 0 0 0 0 0 0 0 0 0 0 0 0 0 0 0 0 0 0 0 0 0 0 0 0 0 0 0 0 0 0 181886554 0 0 0
ctxt 386523837
btime 1669654930
processes 553153
procs_running 1
procs_blocked 0
softirq 971548487 677076807 31545019 739327 75818781 434082 0 119505960 41429083 588 24998840

cpu  837601 36885 1405133 521269362 112358 0 2937430 0 0 0
cpu0 115941 9541 199642 130574022 30361 0 698247 0 0 0
cpu1 452608 10665 767874 129442524 23160 0 825937 0 0 0
cpu2 136827 2862 229723 130632926 30531 0 720028 0 0 0
cpu3 132224 13816 207892 130619888 28305 0 693217 0 0 0
intr 12026515443 0 0 2618175 81 0 735645 34013004 0 0 0 9316488 0 0 0 0 0 0 0 0 0 0 0 0 0 0 0 0 0 0 0 0 0 0 0 0 0 0 0 0 0 0 0 0 0 0 0 0 0 0 0 0 2468438688 0 0 0 0 0 0 0 0 826626 0 434153 0 0 0 0 0 0 0 0 0 0 0 719518102 1 0 0 0 0 0 0 0 0 0 0 0 0 0 0 0 0 0 0 0 0 0 0 426388 4219 0 0 0 0 18362693 0 0 0 0 0 0 0 0 0 0 0 0 0 0 0 0 0 0 0 0 0 0 0 0 0 0 0 0 0 0 0 0 0 0 0 0 0 0 0 0 0 0 0 0 0 0 0 0 0 0 0 0 0 0 0 0 0 0 0 0 0 0 0 0 0 0 0 0 0 0 0 0 0 0 0 181886588 0 0 0
ctxt 386523920
btime 1669654930
processes 553153
procs_running 1
procs_blocked 0
softirq 971548546 677076807 31545033 739327 75818782 434082 0 119505974 41429102 588 24998851

cpu  837602 36885 1405133 521269559 112358 0 2937430 0 0 0
cpu0 115941 9541 199642 130574071 30361 0 698247 0 0 0
cpu1 452608 10665 767874 129442573 23160 0 825937 0 0 0
cpu2 136827 2862 229723 130632975 30531 0 720028 0 0 0
cpu3 132224 13816 207892 130619938 28305 0 693217 0 0 0
intr 12026519689 0 0 2618175 81 0 735645 34013032 0 0 0 9316491 0 0 0 0 0 0 0 0 0 0 0 0 0 0 0 0 0 0 0 0 0 0 0 0 0 0 0 0 0 0 0 0 0 0 0 0 0 0 0 0 2468442704 0 0 0 0 0 0 0 0 826627 0 434153 0 0 0 0 0 0 0 0 0 0 0 719518256 1 0 0 0 0 0 0 0 0 0 0 0 0 0 0 0 0 0 0 0 0 0 0 426388 4219 0 0 0 0 18362708 0 0 0 0 0 0 0 0 0 0 0 0 0 0 0 0 0 0 0 0 0 0 0 0 0 0 0 0 0 0 0 0 0 0 0 0 0 0 0 0 0 0 0 0 0 0 0 0 0 0 0 0 0 0 0 0 0 0 0 0 0 0 0 0 0 0 0 0 0 0 0 0 0 0 0 181886618 0 0 0
ctxt 386524017
btime 1669654930
processes 553153
procs_running 1
procs_blocked 0
softirq 971548609 677076815 31545046 739327 75818783 434082 0 119505987 41429119 588 24998862

cpu  837602 36885 1405133 521269756 112358 0 2937430 0 0 0
cpu0 115941 9541 199642 130574120 30361 0 698247 0 0 0
cpu1 452609 10665 767874 129442623 23160 0 825937 0 0 0
cpu2 136827 2862 229723 130633025 30531 0 720028 0 0 0
cpu3 132224 13816 207892 130619987 28305 0 693217 0 0 0
intr 12026523896 0 0 2618175 81 0 735645 34013056 0 0 0 9316494 0 0 0 0 0 0 0 0 0 0 0 0 0 0 0 0 0 0 0 0 0 0 0 0 0 0 0 0 0 0 0 0 0 0 0 0 0 0 0 0 2468446708 0 0 0 0 0 0 0 0 826628 0 434153 0 0 0 0 0 0 0 0 0 0 0 719518384 1 0 0 0 0 0 0 0 0 0 0 0 0 0 0 0 0 0 0 0 0 0 0 426388 4219 0 0 0 0 18362723 0 0 0 0 0 0 0 0 0 0 0 0 0 0 0 0 0 0 0 0 0 0 0 0 0 0 0 0 0 0 0 0 0 0 0 0 0 0 0 0 0 0 0 0 0 0 0 0 0 0 0 0 0 0 0 0 0 0 0 0 0 0 0 0 0 0 0 0 0 0 0 0 0 0 0 181886649 0 0 0
ctxt 386524097
btime 1669654930
processes 553153
procs_running 1
procs_blocked 0
softirq 971548668 677076815 31545060 739327 75818784 434082 0 119506001 41429138 588 24998873

cpu  837602 36885 1405133 521269953 112358 0 2937431 0 0 0
cpu0 115941 9541 199642 130574169 30361 0 698248 0 0 0
cpu1 452609 10665 767874 129442672 23160 0 825937 0 0 0
cpu2 136827 2862 229723 130633074 30531 0 720028 0 0 0
cpu3 132224 13816 207892 130620036 28305 0 693217 0 0 0
intr 12026528153 0 0 2618175 81 0 735645 34013083 0 0 0 9316498 0 0 0 0 0 0 0 0 0 0 0 0 0 0 0 0 0 0 0 0 0 0 0 0 0 0 0 0 0 0 0 0 0 0 0 0 0 0 0 0 2468450729 0 0 0 0 0 0 0 0 826629 0 434153 0 0 0 0 0 0 0 0 0 0 0 719518538 1 0 0 0 0 0 0 0 0 0 0 0 0 0 0 0 0 0 0 0 0 0 0 426388 4219 0 0 0 0 18362738 0 0 0 0 0 0 0 0 0 0 0 0 0 0 0 0 0 0 0 0 0 0 0 0 0 0 0 0 0 0 0 0 0 0 0 0 0 0 0 0 0 0 0 0 0 0 0 0 0 0 0 0 0 0 0 0 0 0 0 0 0 0 0 0 0 0 0 0 0 0 0 0 0 0 0 181886685 0 0 0
ctxt 386524199
btime 1669654930
processes 553153
procs_running 1
procs_blocked 0
softirq 971548739 677076823 31545075 739327 75818785 434082 0 119506014 41429160 588 24998885

cpu  837603 36885 1405133 521270150 112358 0 2937431 0 0 0
cpu0 115941 9541 199643 130574219 30361 0 698248 0 0 0
cpu1 452610 10665 767874 129442721 23160 0 825937 0 0 0
cpu2 136827 2862 229723 130633123 30531 0 720028 0 0 0
cpu3 132224 13816 207892 130620086 28305 0 693217 0 0 0
intr 12026532364 0 0 2618176 81 0 735645 34013105 0 0 0 9316502 0 0 0 0 0 0 0 0 0 0 0 0 0 0 0 0 0 0 0 0 0 0 0 0 0 0 0 0 0 0 0 0 0 0 0 0 0 0 0 0 2468454734 0 0 0 0 0 0 0 0 826630 0 434153 0 0 0 0 0 0 0 0 0 0 0 719518666 1 0 0 0 0 0 0 0 0 0 0 0 0 0 0 0 0 0 0 0 0 0 0 426388 4219 0 0 0 0 18362753 0 0 0 0 0 0 0 0 0 0 0 0 0 0 0 0 0 0 0 0 0 0 0 0 0 0 0 0 0 0 0 0 0 0 0 0 0 0 0 0 0 0 0 0 0 0 0 0 0 0 0 0 0 0 0 0 0 0 0 0 0 0 0 0 0 0 0 0 0 0 0 0 0 0 0 181886720 0 0 0
ctxt 386524283
btime 1669654930
processes 553153
procs_running 1
procs_blocked 0
softirq 971548801 677076823 31545090 739327 75818786 434082 0 119506028 41429181 588 24998896

cpu  837603 36885 1405134 521270347 112358 0 2937431 0 0 0
cpu0 115941 9541 199643 130574268 30361 0 698248 0 0 0
cpu1 452610 10665 767875 129442770 23160 0 825937 0 0 0
cpu2 136827 2862 229723 130633173 30531 0 720028 0 0 0
cpu3 132224 13816 207892 130620135 28305 0 693217 0 0 0
intr 12026536622 0 0 2618176 81 0 735645 34013135 0 0 0 9316506 0 0 0 0 0 0 0 0 0 0 0 0 0 0 0 0 0 0 0 0 0 0 0 0 0 0 0 0 0 0 0 0 0 0 0 0 0 0 0 0 2468458752 0 0 0 0 0 0 0 0 826631 0 434153 0 0 0 0 0 0 0 0 0 0 0 719518820 1 0 0 0 0 0 0 0 0 0 0 0 0 0 0 0 0 0 0 0 0 0 0 426388 4219 0 0 0 0 18362768 0 0 0 0 0 0 0 0 0 0 0 0 0 0 0 0 0 0 0 0 0 0 0 0 0 0 0 0 0 0 0 0 0 0 0 0 0 0 0 0 0 0 0 0 0 0 0 0 0 0 0 0 0 0 0 0 0 0 0 0 0 0 0 0 0 0 0 0 0 0 0 0 0 0 0 181886755 0 0 0
ctxt 386524383
btime 1669654930
processes 553153
procs_running 1
procs_blocked 0
softirq 971548874 677076831 31545105 739328 75818787 434082 0 119506041 41429203 588 24998909

cpu  837603 36885 1405134 521270534 112358 0 2937437 0 0 0
cpu0 115941 9541 199643 130574315 30361 0 698248 0 0 0
cpu1 452610 10665 767875 129442815 23160 0 825940 0 0 0
cpu2 136827 2862 229723 130633220 30531 0 720029 0 0 0
cpu3 132224 13816 207892 130620182 28305 0 693219 0 0 0
intr 12026542122 0 0 2618178 81 0 735645 34013164 0 0 0 9316510 0 0 0 0 0 0 0 0 0 0 0 0 0 0 0 0 0 0 0 0 0 0 0 0 0 0 0 0 0 0 0 0 0 0 0 0 0 0 0 0 2468463300 0 0 0 0 0 0 0 0 826632 0 434153 0 0 0 0 0 0 0 0 0 0 0 719519538 1 0 0 0 0 0 0 0 0 0 0 0 0 0 0 0 0 0 0 0 0 0 0 426388 4219 0 0 0 0 18362783 0 0 0 0 0 0 0 0 0 0 0 0 0 0 0 0 0 0 0 0 0 0 0 0 0 0 0 0 0 0 0 0 0 0 0 0 0 0 0 0 0 0 0 0 0 0 0 0 0 0 0 0 0 0 0 0 0 0 0 0 0 0 0 0 0 0 0 0 0 0 0 0 0 0 0 181886938 0 0 0
ctxt 386524603
btime 1669654930
processes 553153
procs_running 1
procs_blocked 0
softirq 971550971 677078457 31545141 739328 75818889 434082 0 119506183 41429297 588 24999006

cpu  837603 36885 1405135 521270715 112358 0 2937449 0 0 0
cpu0 115941 9541 199643 130574361 30361 0 698252 0 0 0
cpu1 452610 10665 767876 129442860 23160 0 825941 0 0 0
cpu2 136827 2862 229723 130633265 30531 0 720033 0 0 0
cpu3 132224 13816 207892 130620228 28305 0 693222 0 0 0
intr 12026548863 0 0 2618180 81 0 735645 34013196 0 0 0 9316515 0 0 0 0 0 0 0 0 0 0 0 0 0 0 0 0 0 0 0 0 0 0 0 0 0 0 0 0 0 0 0 0 0 0 0 0 0 0 0 0 2468468287 0 0 0 0 0 0 0 0 826633 0 434153 0 0 0 0 0 0 0 0 0 0 0 719520741 1 0 0 0 0 0 0 0 0 0 0 0 0 0 0 0 0 0 0 0 0 0 0 426388 4219 0 0 0 0 18362798 0 0 0 0 0 0 0 0 0 0 0 0 0 0 0 0 0 0 0 0 0 0 0 0 0 0 0 0 0 0 0 0 0 0 0 0 0 0 0 0 0 0 0 0 0 0 0 0 0 0 0 0 0 0 0 0 0 0 0 0 0 0 0 0 0 0 0 0 0 0 0 0 0 0 0 181887435 0 0 0
ctxt 386525024
btime 1669654930
processes 553153
procs_running 1
procs_blocked 0
softirq 971554381 677080407 31545224 739328 75819210 434082 0 119506678 41429542 588 24999322

cpu  837604 36885 1405135 521270896 112358 0 2937462 0 0 0
cpu0 115941 9541 199643 130574406 30361 0 698254 0 0 0
cpu1 452610 10665 767876 129442905 23160 0 825944 0 0 0
cpu2 136827 2862 229723 130633310 30531 0 720036 0 0 0
cpu3 132224 13816 207892 130620273 28305 0 693225 0 0 0
intr 12026555564 0 0 2618181 81 0 735645 34013226 0 0 0 9316520 0 0 0 0 0 0 0 0 0 0 0 0 0 0 0 0 0 0 0 0 0 0 0 0 0 0 0 0 0 0 0 0 0 0 0 0 0 0 0 0 2468473259 0 0 0 0 0 0 0 0 826634 0 434153 0 0 0 0 0 0 0 0 0 0 0 719521937 1 0 0 0 0 0 0 0 0 0 0 0 0 0 0 0 0 0 0 0 0 0 0 426388 4219 0 0 0 0 18362813 0 0 0 0 0 0 0 0 0 0 0 0 0 0 0 0 0 0 0 0 0 0 0 0 0 0 0 0 0 0 0 0 0 0 0 0 0 0 0 0 0 0 0 0 0 0 0 0 0 0 0 0 0 0 0 0 0 0 0 0 0 0 0 0 0 0 0 0 0 0 0 0 0 0 0 181887916 0 0 0
ctxt 386525438
btime 1669654930
processes 553153
procs_running 1
procs_blocked 0
softirq 971557690 677082338 31545306 739328 75819507 434082 0 119507122 41429786 588 24999633

cpu  837604 36885 1405136 521271077 112358 0 2937474 0 0 0
cpu0 115941 9541 199643 130574451 30361 0 698256 0 0 0
cpu1 452611 10665 767876 129442951 23160 0 825948 0 0 0
cpu2 136827 2862 229724 130633355 30531 0 720040 0 0 0
cpu3 132224 13816 207892 130620319 28305 0 693229 0 0 0
intr 12026562295 0 0 2618181 81 0 735645 34013260 0 0 0 9316525 0 0 0 0 0 0 0 0 0 0 0 0 0 0 0 0 0 0 0 0 0 0 0 0 0 0 0 0 0 0 0 0 0 0 0 0 0 0 0 0 2468478240 0 0 0 0 0 0 0 0 826635 0 434153 0 0 0 0 0 0 0 0 0 0 0 719523141 1 0 0 0 0 0 0 0 0 0 0 0 0 0 0 0 0 0 0 0 0 0 0 426388 4219 0 0 0 0 18362828 0 0 0 0 0 0 0 0 0 0 0 0 0 0 0 0 0 0 0 0 0 0 0 0 0 0 0 0 0 0 0 0 0 0 0 0 0 0 0 0 0 0 0 0 0 0 0 0 0 0 0 0 0 0 0 0 0 0 0 0 0 0 0 0 0 0 0 0 0 0 0 0 0 0 0 181888407 0 0 0
ctxt 386525828
btime 1669654930
processes 553153
procs_running 1
procs_blocked 0
softirq 971560972 677084257 31545384 739328 75819810 434082 0 119507561 41430034 588 24999928

cpu  837604 36885 1405136 521271258 112358 0 2937486 0 0 0
cpu0 115941 9541 199643 130574496 30361 0 698259 0 0 0
cpu1 452611 10665 767876 129442996 23160 0 825951 0 0 0
cpu2 136827 2862 229724 130633400 30531 0 720043 0 0 0
cpu3 132224 13816 207892 130620365 28305 0 693232 0 0 0
intr 12026568985 0 0 2618185 81 0 735645 34013287 0 0 0 9316530 0 0 0 0 0 0 0 0 0 0 0 0 0 0 0 0 0 0 0 0 0 0 0 0 0 0 0 0 0 0 0 0 0 0 0 0 0 0 0 0 2468483194 0 0 0 0 0 0 0 0 826636 0 434153 0 0 0 0 0 0 0 0 0 0 0 719524322 1 0 0 0 0 0 0 0 0 0 0 0 0 0 0 0 0 0 0 0 0 0 0 426388 4219 0 0 0 0 18362843 0 0 0 0 0 0 0 0 0 0 0 0 0 0 0 0 0 0 0 0 0 0 0 0 0 0 0 0 0 0 0 0 0 0 0 0 0 0 0 0 0 0 0 0 0 0 0 0 0 0 0 0 0 0 0 0 0 0 0 0 0 0 0 0 0 0 0 0 0 0 0 0 0 0 0 181888910 0 0 0
ctxt 386526240
btime 1669654930
processes 553153
procs_running 1
procs_blocked 0
softirq 971564231 677086129 31545462 739328 75820123 434082 0 119508022 41430281 588 25000216

cpu  837605 36885 1405137 521271439 112358 0 2937498 0 0 0
cpu0 115941 9541 199643 130574541 30361 0 698261 0 0 0
cpu1 452612 10665 767876 129443041 23160 0 825955 0 0 0
cpu2 136827 2862 229724 130633446 30531 0 720046 0 0 0
cpu3 132224 13816 207893 130620409 28305 0 693234 0 0 0
intr 12026575711 0 0 2618185 81 0 735645 34013326 0 0 0 9316535 0 0 0 0 0 0 0 0 0 0 0 0 0 0 0 0 0 0 0 0 0 0 0 0 0 0 0 0 0 0 0 0 0 0 0 0 0 0 0 0 2468488164 0 0 0 0 0 0 0 0 826637 0 434153 0 0 0 0 0 0 0 0 0 0 0 719525519 1 0 0 0 0 0 0 0 0 0 0 0 0 0 0 0 0 0 0 0 0 0 0 426388 4219 0 0 0 0 18362868 0 0 0 0 0 0 0 0 0 0 0 0 0 0 0 0 0 0 0 0 0 0 0 0 0 0 0 0 0 0 0 0 0 0 0 0 0 0 0 0 0 0 0 0 0 0 0 0 0 0 0 0 0 0 0 0 0 0 0 0 0 0 0 0 0 0 0 0 0 0 0 0 0 0 0 181889398 0 0 0
ctxt 386526649
btime 1669654930
processes 553153
procs_running 1
procs_blocked 0
softirq 971567417 677087965 31545543 739328 75820423 434082 0 119508458 41430525 588 25000505

cpu  837605 36885 1405138 521271620 112358 0 2937508 0 0 0
cpu0 115941 9541 199643 130574587 30361 0 698263 0 0 0
cpu1 452612 10665 767876 129443087 23160 0 825957 0 0 0
cpu2 136827 2862 229724 130633491 30531 0 720049 0 0 0
cpu3 132224 13816 207893 130620454 28305 0 693237 0 0 0
intr 12026582416 0 0 2618186 81 0 735645 34013349 0 0 0 9316540 0 0 0 0 0 0 0 0 0 0 0 0 0 0 0 0 0 0 0 0 0 0 0 0 0 0 0 0 0 0 0 0 0 0 0 0 0 0 0 0 2468493145 0 0 0 0 0 0 0 0 826638 0 434153 0 0 0 0 0 0 0 0 0 0 0 719526715 1 0 0 0 0 0 0 0 0 0 0 0 0 0 0 0 0 0 0 0 0 0 0 426388 4219 0 0 0 0 18362883 0 0 0 0 0 0 0 0 0 0 0 0 0 0 0 0 0 0 0 0 0 0 0 0 0 0 0 0 0 0 0 0 0 0 0 0 0 0 0 0 0 0 0 0 0 0 0 0 0 0 0 0 0 0 0 0 0 0 0 0 0 0 0 0 0 0 0 0 0 0 0 0 0 0 0 181889881 0 0 0
ctxt 386527038
btime 1669654930
processes 553153
procs_running 1
procs_blocked 0
softirq 971570590 677089731 31545626 739328 75820726 434082 0 119508920 41430766 588 25000823

cpu  837605 36885 1405138 521271801 112358 0 2937523 0 0 0
cpu0 115941 9541 199643 130574632 30361 0 698267 0 0 0
cpu1 452612 10665 767876 129443132 23160 0 825960 0 0 0
cpu2 136827 2862 229724 130633536 30531 0 720054 0 0 0
cpu3 132224 13816 207894 130620499 28305 0 693241 0 0 0
intr 12026589147 0 0 2618186 81 0 735645 34013380 0 0 0 9316545 0 0 0 0 0 0 0 0 0 0 0 0 0 0 0 0 0 0 0 0 0 0 0 0 0 0 0 0 0 0 0 0 0 0 0 0 0 0 0 0 2468498126 0 0 0 0 0 0 0 0 826639 0 434153 0 0 0 0 0 0 0 0 0 0 0 719527918 1 0 0 0 0 0 0 0 0 0 0 0 0 0 0 0 0 0 0 0 0 0 0 426388 4219 0 0 0 0 18362898 0 0 0 0 0 0 0 0 0 0 0 0 0 0 0 0 0 0 0 0 0 0 0 0 0 0 0 0 0 0 0 0 0 0 0 0 0 0 0 0 0 0 0 0 0 0 0 0 0 0 0 0 0 0 0 0 0 0 0 0 0 0 0 0 0 0 0 0 0 0 0 0 0 0 0 181890376 0 0 0
ctxt 386527464
btime 1669654930
processes 553153
procs_running 1
procs_blocked 0
softirq 971573960 677091753 31545702 739328 75821025 434082 0 119509368 41431012 588 25001102

cpu  837606 36885 1405138 521271982 112358 0 2937536 0 0 0
cpu0 115941 9541 199643 130574678 30361 0 698270 0 0 0
cpu1 452612 10665 767876 129443178 23160 0 825963 0 0 0
cpu2 136827 2862 229724 130633581 30531 0 720058 0 0 0
cpu3 132225 13816 207894 130620544 28305 0 693244 0 0 0
intr 12026595853 0 0 2618186 81 0 735645 34013407 0 0 0 9316550 0 0 0 0 0 0 0 0 0 0 0 0 0 0 0 0 0 0 0 0 0 0 0 0 0 0 0 0 0 0 0 0 0 0 0 0 0 0 0 0 2468503099 0 0 0 0 0 0 0 0 826640 0 434153 0 0 0 0 0 0 0 0 0 0 0 719529098 1 0 0 0 0 0 0 0 0 0 0 0 0 0 0 0 0 0 0 0 0 0 0 426388 4219 0 0 0 0 18362913 0 0 0 0 0 0 0 0 0 0 0 0 0 0 0 0 0 0 0 0 0 0 0 0 0 0 0 0 0 0 0 0 0 0 0 0 0 0 0 0 0 0 0 0 0 0 0 0 0 0 0 0 0 0 0 0 0 0 0 0 0 0 0 0 0 0 0 0 0 0 0 0 0 0 0 181890881 0 0 0
ctxt 386527848
btime 1669654930
processes 553153
procs_running 1
procs_blocked 0
softirq 971577292 677093654 31545780 739328 75821349 434082 0 119509891 41431263 588 25001357

cpu  837606 36885 1405139 521272162 112358 0 2937551 0 0 0
cpu0 115941 9541 199643 130574723 30361 0 698274 0 0 0
cpu1 452612 10665 767876 129443222 23160 0 825968 0 0 0
cpu2 136827 2862 229724 130633627 30531 0 720060 0 0 0
cpu3 132225 13816 207894 130620589 28305 0 693248 0 0 0
intr 12026602617 0 0 2618186 81 0 735645 34013436 0 0 0 9316555 0 0 0 0 0 0 0 0 0 0 0 0 0 0 0 0 0 0 0 0 0 0 0 0 0 0 0 0 0 0 0 0 0 0 0 0 0 0 0 0 2468508088 0 0 0 0 0 0 0 0 826641 0 434153 0 0 0 0 0 0 0 0 0 0 0 719530319 1 0 0 0 0 0 0 0 0 0 0 0 0 0 0 0 0 0 0 0 0 0 0 426388 4219 0 0 0 0 18362928 0 0 0 0 0 0 0 0 0 0 0 0 0 0 0 0 0 0 0 0 0 0 0 0 0 0 0 0 0 0 0 0 0 0 0 0 0 0 0 0 0 0 0 0 0 0 0 0 0 0 0 0 0 0 0 0 0 0 0 0 0 0 0 0 0 0 0 0 0 0 0 0 0 0 0 181891385 0 0 0
ctxt 386528276
btime 1669654930
processes 553153
procs_running 2
procs_blocked 0
softirq 971580742 677095722 31545861 739328 75821669 434082 0 119510345 41431512 588 25001635

cpu  837606 36885 1405139 521272343 112358 0 2937563 0 0 0
cpu0 115941 9541 199643 130574769 30361 0 698276 0 0 0
cpu1 452612 10665 767876 129443266 23160 0 825972 0 0 0
cpu2 136827 2862 229724 130633672 30531 0 720062 0 0 0
cpu3 132225 13816 207894 130620634 28305 0 693252 0 0 0
intr 12026609290 0 0 2618187 81 0 735645 34013461 0 0 0 9316559 0 0 0 0 0 0 0 0 0 0 0 0 0 0 0 0 0 0 0 0 0 0 0 0 0 0 0 0 0 0 0 0 0 0 0 0 0 0 0 0 2468513048 0 0 0 0 0 0 0 0 826642 0 434153 0 0 0 0 0 0 0 0 0 0 0 719531496 1 0 0 0 0 0 0 0 0 0 0 0 0 0 0 0 0 0 0 0 0 0 0 426388 4219 0 0 0 0 18362943 0 0 0 0 0 0 0 0 0 0 0 0 0 0 0 0 0 0 0 0 0 0 0 0 0 0 0 0 0 0 0 0 0 0 0 0 0 0 0 0 0 0 0 0 0 0 0 0 0 0 0 0 0 0 0 0 0 0 0 0 0 0 0 0 0 0 0 0 0 0 0 0 0 0 0 181891876 0 0 0
ctxt 386528668
btime 1669654930
processes 553153
procs_running 1
procs_blocked 0
softirq 971584043 677097713 31545938 739328 75821967 434082 0 119510771 41431757 588 25001899

cpu  837606 36885 1405139 521272525 112358 0 2937578 0 0 0
cpu0 115941 9541 199643 130574815 30361 0 698278 0 0 0
cpu1 452612 10665 767876 129443311 23160 0 825976 0 0 0
cpu2 136827 2862 229725 130633719 30531 0 720065 0 0 0
cpu3 132226 13816 207894 130620678 28305 0 693257 0 0 0
intr 12026616021 0 0 2618187 81 0 735645 34013491 0 0 0 9316564 0 0 0 0 0 0 0 0 0 0 0 0 0 0 0 0 0 0 0 0 0 0 0 0 0 0 0 0 0 0 0 0 0 0 0 0 0 0 0 0 2468518031 0 0 0 0 0 0 0 0 826643 0 434153 0 0 0 0 0 0 0 0 0 0 0 719532700 1 0 0 0 0 0 0 0 0 0 0 0 0 0 0 0 0 0 0 0 0 0 0 426388 4219 0 0 0 0 18362958 0 0 0 0 0 0 0 0 0 0 0 0 0 0 0 0 0 0 0 0 0 0 0 0 0 0 0 0 0 0 0 0 0 0 0 0 0 0 0 0 0 0 0 0 0 0 0 0 0 0 0 0 0 0 0 0 0 0 0 0 0 0 0 0 0 0 0 0 0 0 0 0 0 0 0 181892369 0 0 0
ctxt 386529074
btime 1669654930
processes 553153
procs_running 1
procs_blocked 0
softirq 971587299 677099555 31546021 739329 75822275 434082 0 119511248 41432003 588 25002198

cpu  837607 36885 1405139 521272706 112358 0 2937590 0 0 0
cpu0 115941 9541 199643 130574860 30361 0 698281 0 0 0
cpu1 452612 10665 767876 129443357 23160 0 825980 0 0 0
cpu2 136827 2862 229725 130633764 30531 0 720068 0 0 0
cpu3 132226 13816 207894 130620724 28305 0 693261 0 0 0
intr 12026622695 0 0 2618187 81 0 735645 34013514 0 0 0 9316569 0 0 0 0 0 0 0 0 0 0 0 0 0 0 0 0 0 0 0 0 0 0 0 0 0 0 0 0 0 0 0 0 0 0 0 0 0 0 0 0 2468523001 0 0 0 0 0 0 0 0 826644 0 434153 0 0 0 0 0 0 0 0 0 0 0 719533879 1 0 0 0 0 0 0 0 0 0 0 0 0 0 0 0 0 0 0 0 0 0 0 426388 4219 0 0 0 0 18362973 0 0 0 0 0 0 0 0 0 0 0 0 0 0 0 0 0 0 0 0 0 0 0 0 0 0 0 0 0 0 0 0 0 0 0 0 0 0 0 0 0 0 0 0 0 0 0 0 0 0 0 0 0 0 0 0 0 0 0 0 0 0 0 0 0 0 0 0 0 0 0 0 0 0 0 181892851 0 0 0
ctxt 386529455
btime 1669654930
processes 553153
procs_running 1
procs_blocked 0
softirq 971590627 677101474 31546107 739329 75822588 434082 0 119511717 41432244 588 25002498

cpu  837607 36885 1405140 521272886 112358 0 2937604 0 0 0
cpu0 115941 9541 199644 130574906 30361 0 698285 0 0 0
cpu1 452612 10665 767876 129443402 23160 0 825982 0 0 0
cpu2 136827 2862 229725 130633809 30531 0 720071 0 0 0
cpu3 132226 13816 207894 130620768 28305 0 693265 0 0 0
intr 12026629450 0 0 2618187 81 0 735645 34013543 0 0 0 9316574 0 0 0 0 0 0 0 0 0 0 0 0 0 0 0 0 0 0 0 0 0 0 0 0 0 0 0 0 0 0 0 0 0 0 0 0 0 0 0 0 2468527995 0 0 0 0 0 0 0 0 826645 0 434153 0 0 0 0 0 0 0 0 0 0 0 719535100 1 0 0 0 0 0 0 0 0 0 0 0 0 0 0 0 0 0 0 0 0 0 0 426388 4219 0 0 0 0 18362988 0 0 0 0 0 0 0 0 0 0 0 0 0 0 0 0 0 0 0 0 0 0 0 0 0 0 0 0 0 0 0 0 0 0 0 0 0 0 0 0 0 0 0 0 0 0 0 0 0 0 0 0 0 0 0 0 0 0 0 0 0 0 0 0 0 0 0 0 0 0 0 0 0 0 0 181893340 0 0 0
ctxt 386529869
btime 1669654930
processes 553153
procs_running 1
procs_blocked 0
softirq 971594044 677103466 31546190 739329 75822898 434082 0 119512176 41432491 588 25002824

cpu  837607 36885 1405140 521273067 112358 0 2937619 0 0 0
cpu0 115941 9541 199644 130574951 30361 0 698287 0 0 0
cpu1 452612 10665 767876 129443446 23160 0 825987 0 0 0
cpu2 136827 2862 229725 130633855 30531 0 720076 0 0 0
cpu3 132226 13816 207894 130620813 28305 0 693268 0 0 0
intr 12026636132 0 0 2618188 81 0 735645 34013568 0 0 0 9316579 0 0 0 0 0 0 0 0 0 0 0 0 0 0 0 0 0 0 0 0 0 0 0 0 0 0 0 0 0 0 0 0 0 0 0 0 0 0 0 0 2468532949 0 0 0 0 0 0 0 0 826646 0 434153 0 0 0 0 0 0 0 0 0 0 0 719536280 1 0 0 0 0 0 0 0 0 0 0 0 0 0 0 0 0 0 0 0 0 0 0 426388 4219 0 0 0 0 18363003 0 0 0 0 0 0 0 0 0 0 0 0 0 0 0 0 0 0 0 0 0 0 0 0 0 0 0 0 0 0 0 0 0 0 0 0 0 0 0 0 0 0 0 0 0 0 0 0 0 0 0 0 0 0 0 0 0 0 0 0 0 0 0 0 0 0 0 0 0 0 0 0 0 0 0 181893840 0 0 0
ctxt 386530246
btime 1669654930
processes 553153
procs_running 1
procs_blocked 0
softirq 971597270 677105388 31546275 739329 75823191 434082 0 119512568 41432728 588 25003121

cpu  837607 36885 1405141 521273249 112358 0 2937632 0 0 0
cpu0 115941 9541 199644 130574996 30361 0 698292 0 0 0
cpu1 452612 10665 767876 129443491 23160 0 825991 0 0 0
cpu2 136827 2862 229725 130633901 30531 0 720079 0 0 0
cpu3 132226 13816 207895 130620858 28305 0 693270 0 0 0
intr 12026642876 0 0 2618188 81 0 735645 34013603 0 0 0 9316584 0 0 0 0 0 0 0 0 0 0 0 0 0 0 0 0 0 0 0 0 0 0 0 0 0 0 0 0 0 0 0 0 0 0 0 0 0 0 0 0 2468537940 0 0 0 0 0 0 0 0 826647 0 434153 0 0 0 0 0 0 0 0 0 0 0 719537486 1 0 0 0 0 0 0 0 0 0 0 0 0 0 0 0 0 0 0 0 0 0 0 426388 4219 0 0 0 0 18363018 0 0 0 0 0 0 0 0 0 0 0 0 0 0 0 0 0 0 0 0 0 0 0 0 0 0 0 0 0 0 0 0 0 0 0 0 0 0 0 0 0 0 0 0 0 0 0 0 0 0 0 0 0 0 0 0 0 0 0 0 0 0 0 0 0 0 0 0 0 0 0 0 0 0 0 181894332 0 0 0
ctxt 386530664
btime 1669654930
processes 553153
procs_running 1
procs_blocked 0
softirq 971600560 677107293 31546358 739329 75823493 434082 0 119513015 41432972 588 25003430

cpu  837607 36885 1405141 521273430 112358 0 2937650 0 0 0
cpu0 115941 9541 199644 130575042 30361 0 698294 0 0 0
cpu1 452612 10665 767876 129443537 23160 0 825996 0 0 0
cpu2 136827 2862 229725 130633946 30531 0 720084 0 0 0
cpu3 132226 13816 207895 130620904 28305 0 693274 0 0 0
intr 12026649585 0 0 2618188 81 0 735645 34013625 0 0 0 9316589 0 0 0 0 0 0 0 0 0 0 0 0 0 0 0 0 0 0 0 0 0 0 0 0 0 0 0 0 0 0 0 0 0 0 0 0 0 0 0 0 2468542916 0 0 0 0 0 0 0 0 826648 0 434153 0 0 0 0 0 0 0 0 0 0 0 719538681 1 0 0 0 0 0 0 0 0 0 0 0 0 0 0 0 0 0 0 0 0 0 0 426388 4219 0 0 0 0 18363033 0 0 0 0 0 0 0 0 0 0 0 0 0 0 0 0 0 0 0 0 0 0 0 0 0 0 0 0 0 0 0 0 0 0 0 0 0 0 0 0 0 0 0 0 0 0 0 0 0 0 0 0 0 0 0 0 0 0 0 0 0 0 0 0 0 0 0 0 0 0 0 0 0 0 0 181894826 0 0 0
ctxt 386531060
btime 1669654930
processes 553153
procs_running 3
procs_blocked 0
softirq 971603813 677109162 31546440 739329 75823803 434082 0 119513480 41433218 588 25003711

cpu  837608 36885 1405141 521273610 112358 0 2937665 0 0 0
cpu0 115941 9541 199644 130575087 30361 0 698299 0 0 0
cpu1 452612 10665 767876 129443582 23160 0 826001 0 0 0
cpu2 136827 2862 229725 130633992 30531 0 720086 0 0 0
cpu3 132226 13816 207895 130620948 28305 0 693278 0 0 0
intr 12026656367 0 0 2618188 81 0 735645 34013677 0 0 0 9316594 0 0 0 0 0 0 0 0 0 0 0 0 0 0 0 0 0 0 0 0 0 0 0 0 0 0 0 0 0 0 0 0 0 0 0 0 0 0 0 0 2468547906 0 0 0 0 0 0 0 0 826649 0 434153 0 0 0 0 0 0 0 0 0 0 0 719539884 1 0 0 0 0 0 0 0 0 0 0 0 0 0 0 0 0 0 0 0 0 0 0 426388 4219 0 0 0 0 18363069 0 0 0 0 0 0 0 0 0 0 0 0 0 0 0 0 0 0 0 0 0 0 0 0 0 0 0 0 0 0 0 0 0 0 0 0 0 0 0 0 0 0 0 0 0 0 0 0 0 0 0 0 0 0 0 0 0 0 0 0 0 0 0 0 0 0 0 0 0 0 0 0 0 0 0 181895321 0 0 0
ctxt 386531524
btime 1669654930
processes 553153
procs_running 1
procs_blocked 0
softirq 971607229 677111113 31546523 739329 75824116 434082 0 119513971 41433464 588 25004043

cpu  837608 36885 1405142 521273791 112358 0 2937678 0 0 0
cpu0 115941 9541 199644 130575133 30361 0 698302 0 0 0
cpu1 452612 10665 767876 129443627 23160 0 826004 0 0 0
cpu2 136827 2862 229725 130634037 30531 0 720090 0 0 0
cpu3 132226 13816 207896 130620992 28305 0 693281 0 0 0
intr 12026663045 0 0 2618189 81 0 735645 34013702 0 0 0 9316599 0 0 0 0 0 0 0 0 0 0 0 0 0 0 0 0 0 0 0 0 0 0 0 0 0 0 0 0 0 0 0 0 0 0 0 0 0 0 0 0 2468552858 0 0 0 0 0 0 0 0 826650 0 434153 0 0 0 0 0 0 0 0 0 0 0 719541062 1 0 0 0 0 0 0 0 0 0 0 0 0 0 0 0 0 0 0 0 0 0 0 426388 4219 0 0 0 0 18363084 0 0 0 0 0 0 0 0 0 0 0 0 0 0 0 0 0 0 0 0 0 0 0 0 0 0 0 0 0 0 0 0 0 0 0 0 0 0 0 0 0 0 0 0 0 0 0 0 0 0 0 0 0 0 0 0 0 0 0 0 0 0 0 0 0 0 0 0 0 0 0 0 0 0 0 181895823 0 0 0
ctxt 386531902
btime 1669654930
processes 553153
procs_running 1
procs_blocked 0
softirq 971610461 677112995 31546601 739329 75824428 434082 0 119514427 41433717 588 25004294

cpu  837608 36885 1405142 521273972 112358 0 2937689 0 0 0
cpu0 115941 9541 199644 130575178 30361 0 698305 0 0 0
cpu1 452612 10665 767876 129443672 23160 0 826006 0 0 0
cpu2 136827 2862 229725 130634082 30531 0 720093 0 0 0
cpu3 132227 13816 207896 130621038 28305 0 693284 0 0 0
intr 12026669764 0 0 2618189 81 0 735645 34013742 0 0 0 9316604 0 0 0 0 0 0 0 0 0 0 0 0 0 0 0 0 0 0 0 0 0 0 0 0 0 0 0 0 0 0 0 0 0 0 0 0 0 0 0 0 2468557817 0 0 0 0 0 0 0 0 826651 0 434153 0 0 0 0 0 0 0 0 0 0 0 719542244 1 0 0 0 0 0 0 0 0 0 0 0 0 0 0 0 0 0 0 0 0 0 0 426388 4219 0 0 0 0 18363116 0 0 0 0 0 0 0 0 0 0 0 0 0 0 0 0 0 0 0 0 0 0 0 0 0 0 0 0 0 0 0 0 0 0 0 0 0 0 0 0 0 0 0 0 0 0 0 0 0 0 0 0 0 0 0 0 0 0 0 0 0 0 0 0 0 0 0 0 0 0 0 0 0 0 0 181896323 0 0 0
ctxt 386532331
btime 1669654930
processes 553153
procs_running 1
procs_blocked 0
softirq 971613690 677114801 31546684 739329 75824735 434082 0 119514933 41433965 588 25004573

cpu  837608 36885 1405142 521274152 112358 0 2937704 0 0 0
cpu0 115941 9541 199644 130575223 30361 0 698309 0 0 0
cpu1 452612 10665 767876 129443717 23160 0 826011 0 0 0
cpu2 136827 2862 229725 130634128 30531 0 720097 0 0 0
cpu3 132227 13816 207896 130621083 28305 0 693286 0 0 0
intr 12026676523 0 0 2618189 81 0 735645 34013773 0 0 0 9316609 0 0 0 0 0 0 0 0 0 0 0 0 0 0 0 0 0 0 0 0 0 0 0 0 0 0 0 0 0 0 0 0 0 0 0 0 0 0 0 0 2468562808 0 0 0 0 0 0 0 0 826652 0 434153 0 0 0 0 0 0 0 0 0 0 0 719543461 1 0 0 0 0 0 0 0 0 0 0 0 0 0 0 0 0 0 0 0 0 0 0 426388 4219 0 0 0 0 18363131 0 0 0 0 0 0 0 0 0 0 0 0 0 0 0 0 0 0 0 0 0 0 0 0 0 0 0 0 0 0 0 0 0 0 0 0 0 0 0 0 0 0 0 0 0 0 0 0 0 0 0 0 0 0 0 0 0 0 0 0 0 0 0 0 0 0 0 0 0 0 0 0 0 0 0 181896822 0 0 0
ctxt 386532741
btime 1669654930
processes 553153
procs_running 1
procs_blocked 0
softirq 971616970 677116701 31546764 739330 75825046 434082 0 119515392 41434214 588 25004853

cpu  837609 36885 1405142 521274333 112358 0 2937717 0 0 0
cpu0 115941 9541 199644 130575268 30361 0 698311 0 0 0
cpu1 452612 10665 767876 129443763 23160 0 826015 0 0 0
cpu2 136827 2862 229725 130634173 30531 0 720100 0 0 0
cpu3 132227 13816 207896 130621128 28305 0 693289 0 0 0
intr 12026683201 0 0 2618189 81 0 735645 34013794 0 0 0 9316614 0 0 0 0 0 0 0 0 0 0 0 0 0 0 0 0 0 0 0 0 0 0 0 0 0 0 0 0 0 0 0 0 0 0 0 0 0 0 0 0 2468567774 0 0 0 0 0 0 0 0 826653 0 434153 0 0 0 0 0 0 0 0 0 0 0 719544643 1 0 0 0 0 0 0 0 0 0 0 0 0 0 0 0 0 0 0 0 0 0 0 426388 4219 0 0 0 0 18363146 0 0 0 0 0 0 0 0 0 0 0 0 0 0 0 0 0 0 0 0 0 0 0 0 0 0 0 0 0 0 0 0 0 0 0 0 0 0 0 0 0 0 0 0 0 0 0 0 0 0 0 0 0 0 0 0 0 0 0 0 0 0 0 0 0 0 0 0 0 0 0 0 0 0 0 181897310 0 0 0
ctxt 386533098
btime 1669654930
processes 553153
procs_running 1
procs_blocked 0
softirq 971620077 677118474 31546841 739330 75825352 434082 0 119515837 41434456 588 25005117

cpu  837609 36885 1405142 521274524 112358 0 2937722 0 0 0
cpu0 115941 9541 199644 130575316 30361 0 698312 0 0 0
cpu1 452612 10665 767876 129443810 23160 0 826016 0 0 0
cpu2 136827 2862 229725 130634221 30531 0 720102 0 0 0
cpu3 132228 13816 207896 130621176 28305 0 693290 0 0 0
intr 12026688484 0 0 2618192 81 0 735645 34013820 0 0 0 9316618 0 0 0 0 0 0 0 0 0 0 0 0 0 0 0 0 0 0 0 0 0 0 0 0 0 0 0 0 0 0 0 0 0 0 0 0 0 0 0 0 2468572199 0 0 0 0 0 0 0 0 826654 0 434153 0 0 0 0 0 0 0 0 0 0 0 719545225 1 0 0 0 0 0 0 0 0 0 0 0 0 0 0 0 0 0 0 0 0 0 0 426388 4219 0 0 0 0 18363161 0 0 0 0 0 0 0 0 0 0 0 0 0 0 0 0 0 0 0 0 0 0 0 0 0 0 0 0 0 0 0 0 0 0 0 0 0 0 0 0 0 0 0 0 0 0 0 0 0 0 0 0 0 0 0 0 0 0 0 0 0 0 0 0 0 0 0 0 0 0 0 0 0 0 0 181897537 0 0 0
ctxt 386533320
btime 1669654930
processes 553153
procs_running 1
procs_blocked 0
softirq 971621470 677119247 31546882 739330 75825474 434082 0 119516041 41434568 588 25005258

cpu  837610 36885 1405142 521274721 112358 0 2937722 0 0 0
cpu0 115941 9541 199644 130575365 30361 0 698312 0 0 0
cpu1 452612 10665 767876 129443859 23160 0 826016 0 0 0
cpu2 136827 2862 229725 130634270 30531 0 720102 0 0 0
cpu3 132228 13816 207896 130621225 28305 0 693290 0 0 0
intr 12026692678 0 0 2618192 81 0 735645 34013841 0 0 0 9316622 0 0 0 0 0 0 0 0 0 0 0 0 0 0 0 0 0 0 0 0 0 0 0 0 0 0 0 0 0 0 0 0 0 0 0 0 0 0 0 0 2468576196 0 0 0 0 0 0 0 0 826655 0 434153 0 0 0 0 0 0 0 0 0 0 0 719545353 1 0 0 0 0 0 0 0 0 0 0 0 0 0 0 0 0 0 0 0 0 0 0 426388 4219 0 0 0 0 18363176 0 0 0 0 0 0 0 0 0 0 0 0 0 0 0 0 0 0 0 0 0 0 0 0 0 0 0 0 0 0 0 0 0 0 0 0 0 0 0 0 0 0 0 0 0 0 0 0 0 0 0 0 0 0 0 0 0 0 0 0 0 0 0 0 0 0 0 0 0 0 0 0 0 0 0 181897565 0 0 0
ctxt 386533402
btime 1669654930
processes 553153
procs_running 1
procs_blocked 0
softirq 971621529 677119247 31546898 739330 75825475 434082 0 119516055 41434585 588 25005269

cpu  837610 36885 1405142 521274918 112358 0 2937722 0 0 0
cpu0 115941 9541 199644 130575415 30361 0 698312 0 0 0
cpu1 452612 10665 767876 129443908 23160 0 826016 0 0 0
cpu2 136827 2862 229725 130634319 30531 0 720102 0 0 0
cpu3 132228 13816 207896 130621274 28305 0 693290 0 0 0
intr 12026696929 0 0 2618192 81 0 735645 34013870 0 0 0 9316625 0 0 0 0 0 0 0 0 0 0 0 0 0 0 0 0 0 0 0 0 0 0 0 0 0 0 0 0 0 0 0 0 0 0 0 0 0 0 0 0 2468580222 0 0 0 0 0 0 0 0 826656 0 434153 0 0 0 0 0 0 0 0 0 0 0 719545505 1 0 0 0 0 0 0 0 0 0 0 0 0 0 0 0 0 0 0 0 0 0 0 426388 4219 0 0 0 0 18363191 0 0 0 0 0 0 0 0 0 0 0 0 0 0 0 0 0 0 0 0 0 0 0 0 0 0 0 0 0 0 0 0 0 0 0 0 0 0 0 0 0 0 0 0 0 0 0 0 0 0 0 0 0 0 0 0 0 0 0 0 0 0 0 0 0 0 0 0 0 0 0 0 0 0 0 181897590 0 0 0
ctxt 386533496
btime 1669654930
processes 553153
procs_running 1
procs_blocked 0
softirq 971621594 677119255 31546913 739330 75825476 434082 0 119516068 41434602 588 25005280

cpu  837610 36885 1405143 521275114 112358 0 2937722 0 0 0
cpu0 115941 9541 199644 130575464 30361 0 698312 0 0 0
cpu1 452612 10665 767876 129443957 23160 0 826016 0 0 0
cpu2 136827 2862 229726 130634369 30531 0 720102 0 0 0
cpu3 132229 13816 207896 130621323 28305 0 693290 0 0 0
intr 12026701176 0 0 2618196 81 0 735646 34013909 0 0 0 9316630 0 0 0 0 0 0 0 0 0 0 0 0 0 0 0 0 0 0 0 0 0 0 0 0 0 0 0 0 0 0 0 0 0 0 0 0 0 0 0 0 2468584218 0 0 0 0 0 0 0 0 826657 0 434153 0 0 0 0 0 0 0 0 0 0 0 719545635 1 0 0 0 0 0 0 0 0 0 0 0 0 0 0 0 0 0 0 0 0 0 0 426388 4219 0 0 0 0 18363223 0 0 0 0 0 0 0 0 0 0 0 0 0 0 0 0 0 0 0 0 0 0 0 0 0 0 0 0 0 0 0 0 0 0 0 0 0 0 0 0 0 0 0 0 0 0 0 0 0 0 0 0 0 0 0 0 0 0 0 0 0 0 0 0 0 0 0 0 0 0 0 0 0 0 0 181897629 0 0 0
ctxt 386533623
btime 1669654930
processes 553153
procs_running 1
procs_blocked 0
softirq 971621681 677119255 31546934 739330 75825479 434082 0 119516096 41434624 588 25005293

cpu  837611 36885 1405143 521275312 112358 0 2937722 0 0 0
cpu0 115941 9541 199644 130575513 30361 0 698312 0 0 0
cpu1 452612 10665 767876 129444007 23160 0 826016 0 0 0
cpu2 136827 2862 229726 130634418 30531 0 720102 0 0 0
cpu3 132229 13816 207896 130621372 28305 0 693290 0 0 0
intr 12026705429 0 0 2618197 81 0 735646 34013938 0 0 0 9316633 0 0 0 0 0 0 0 0 0 0 0 0 0 0 0 0 0 0 0 0 0 0 0 0 0 0 0 0 0 0 0 0 0 0 0 0 0 0 0 0 2468588243 0 0 0 0 0 0 0 0 826658 0 434153 0 0 0 0 0 0 0 0 0 0 0 719545787 1 0 0 0 0 0 0 0 0 0 0 0 0 0 0 0 0 0 0 0 0 0 0 426388 4219 0 0 0 0 18363238 0 0 0 0 0 0 0 0 0 0 0 0 0 0 0 0 0 0 0 0 0 0 0 0 0 0 0 0 0 0 0 0 0 0 0 0 0 0 0 0 0 0 0 0 0 0 0 0 0 0 0 0 0 0 0 0 0 0 0 0 0 0 0 0 0 0 0 0 0 0 0 0 0 0 0 181897656 0 0 0
ctxt 386533719
btime 1669654930
processes 553153
procs_running 1
procs_blocked 0
softirq 971621748 677119263 31546949 739330 75825480 434082 0 119516109 41434641 588 25005306

cpu  837615 36885 1405146 521275502 112358 0 2937722 0 0 0
cpu0 115943 9541 199644 130575561 30361 0 698312 0 0 0
cpu1 452613 10665 767877 129444054 23160 0 826016 0 0 0
cpu2 136827 2862 229726 130634466 30531 0 720102 0 0 0
cpu3 132231 13816 207898 130621419 28305 0 693290 0 0 0
intr 12026709794 0 0 2618201 81 0 735660 34013994 0 0 0 9316636 0 0 0 0 0 0 0 0 0 0 0 0 0 0 0 0 0 0 0 0 0 0 0 0 0 0 0 0 0 0 0 0 0 0 0 0 0 0 0 0 2468592247 0 0 0 0 0 0 0 0 826659 0 434153 0 0 0 0 0 0 0 0 0 0 0 719545917 1 0 0 0 0 0 0 0 0 0 0 0 0 0 0 0 0 0 0 0 0 0 0 426388 4219 0 0 0 0 18363265 0 0 0 0 0 0 0 0 0 0 0 0 0 0 0 0 0 0 0 0 0 0 0 0 0 0 0 0 0 0 0 0 0 0 0 0 0 0 0 0 0 0 0 0 0 0 0 0 0 0 0 0 0 0 0 0 0 0 0 0 0 0 0 0 0 0 0 0 0 0 0 0 0 0 0 181897782 0 0 0
ctxt 386533931
btime 1669654930
processes 553164
procs_running 1
procs_blocked 0
softirq 971621932 677119263 31546975 739330 75825483 434082 0 119516131 41434707 588 25005373

cpu  837615 36885 1405148 521275698 112358 0 2937722 0 0 0
cpu0 115943 9541 199644 130575610 30361 0 698312 0 0 0
cpu1 452613 10665 767878 129444103 23160 0 826016 0 0 0
cpu2 136827 2862 229727 130634515 30531 0 720102 0 0 0
cpu3 132231 13816 207898 130621468 28305 0 693290 0 0 0
intr 12026714054 0 0 2618201 81 0 735660 34014023 0 0 0 9316640 0 0 0 0 0 0 0 0 0 0 0 0 0 0 0 0 0 0 0 0 0 0 0 0 0 0 0 0 0 0 0 0 0 0 0 0 0 0 0 0 2468596269 0 0 0 0 0 0 0 0 826660 0 434153 0 0 0 0 0 0 0 0 0 0 0 719546069 1 0 0 0 0 0 0 0 0 0 0 0 0 0 0 0 0 0 0 0 0 0 0 426388 4219 0 0 0 0 18363282 0 0 0 0 0 0 0 0 0 0 0 0 0 0 0 0 0 0 0 0 0 0 0 0 0 0 0 0 0 0 0 0 0 0 0 0 0 0 0 0 0 0 0 0 0 0 0 0 0 0 0 0 0 0 0 0 0 0 0 0 0 0 0 0 0 0 0 0 0 0 0 0 0 0 0 181897817 0 0 0
ctxt 386534037
btime 1669654930
processes 553164
procs_running 1
procs_blocked 0
softirq 971622015 677119271 31546993 739330 75825484 434082 0 119516147 41434730 588 25005390

cpu  837615 36885 1405148 521275895 112358 0 2937722 0 0 0
cpu0 115943 9541 199644 130575660 30361 0 698312 0 0 0
cpu1 452614 10665 767878 129444152 23160 0 826016 0 0 0
cpu2 136827 2862 229727 130634565 30531 0 720102 0 0 0
cpu3 132231 13816 207898 130621517 28305 0 693290 0 0 0
intr 12026718287 0 0 2618201 81 0 735660 34014053 0 0 0 9316644 0 0 0 0 0 0 0 0 0 0 0 0 0 0 0 0 0 0 0 0 0 0 0 0 0 0 0 0 0 0 0 0 0 0 0 0 0 0 0 0 2468600273 0 0 0 0 0 0 0 0 826661 0 434153 0 0 0 0 0 0 0 0 0 0 0 719546199 1 0 0 0 0 0 0 0 0 0 0 0 0 0 0 0 0 0 0 0 0 0 0 426388 4219 0 0 0 0 18363316 0 0 0 0 0 0 0 0 0 0 0 0 0 0 0 0 0 0 0 0 0 0 0 0 0 0 0 0 0 0 0 0 0 0 0 0 0 0 0 0 0 0 0 0 0 0 0 0 0 0 0 0 0 0 0 0 0 0 0 0 0 0 0 0 0 0 0 0 0 0 0 0 0 0 0 181897847 0 0 0
ctxt 386534162
btime 1669654930
processes 553164
procs_running 1
procs_blocked 0
softirq 971622091 677119271 31547009 739330 75825487 434082 0 119516176 41434748 588 25005400

cpu  837615 36885 1405148 521276092 112358 0 2937722 0 0 0
cpu0 115943 9541 199644 130575709 30361 0 698312 0 0 0
cpu1 452614 10665 767878 129444201 23160 0 826016 0 0 0
cpu2 136827 2862 229727 130634614 30531 0 720102 0 0 0
cpu3 132231 13816 207898 130621567 28305 0 693290 0 0 0
intr 12026722537 0 0 2618202 81 0 735660 34014078 0 0 0 9316648 0 0 0 0 0 0 0 0 0 0 0 0 0 0 0 0 0 0 0 0 0 0 0 0 0 0 0 0 0 0 0 0 0 0 0 0 0 0 0 0 2468604295 0 0 0 0 0 0 0 0 826662 0 434153 0 0 0 0 0 0 0 0 0 0 0 719546351 1 0 0 0 0 0 0 0 0 0 0 0 0 0 0 0 0 0 0 0 0 0 0 426388 4219 0 0 0 0 18363331 0 0 0 0 0 0 0 0 0 0 0 0 0 0 0 0 0 0 0 0 0 0 0 0 0 0 0 0 0 0 0 0 0 0 0 0 0 0 0 0 0 0 0 0 0 0 0 0 0 0 0 0 0 0 0 0 0 0 0 0 0 0 0 0 0 0 0 0 0 0 0 0 0 0 0 181897877 0 0 0
ctxt 386534259
btime 1669654930
processes 553164
procs_running 1
procs_blocked 0
softirq 971622158 677119279 31547023 739330 75825488 434082 0 119516190 41434767 588 25005411

cpu  837616 36885 1405148 521276289 112358 0 2937722 0 0 0
cpu0 115943 9541 199644 130575758 30361 0 698312 0 0 0
cpu1 452614 10665 767878 129444250 23160 0 826016 0 0 0
cpu2 136827 2862 229727 130634663 30531 0 720102 0 0 0
cpu3 132231 13816 207898 130621616 28305 0 693290 0 0 0
intr 12026726730 0 0 2618202 81 0 735660 34014095 0 0 0 9316651 0 0 0 0 0 0 0 0 0 0 0 0 0 0 0 0 0 0 0 0 0 0 0 0 0 0 0 0 0 0 0 0 0 0 0 0 0 0 0 0 2468608291 0 0 0 0 0 0 0 0 826663 0 434153 0 0 0 0 0 0 0 0 0 0 0 719546481 1 0 0 0 0 0 0 0 0 0 0 0 0 0 0 0 0 0 0 0 0 0 0 426388 4219 0 0 0 0 18363348 0 0 0 0 0 0 0 0 0 0 0 0 0 0 0 0 0 0 0 0 0 0 0 0 0 0 0 0 0 0 0 0 0 0 0 0 0 0 0 0 0 0 0 0 0 0 0 0 0 0 0 0 0 0 0 0 0 0 0 0 0 0 0 0 0 0 0 0 0 0 0 0 0 0 0 181897906 0 0 0
ctxt 386534350
btime 1669654930
processes 553164
procs_running 1
procs_blocked 0
softirq 971622220 677119279 31547038 739331 75825490 434082 0 119516205 41434784 588 25005423

cpu  837616 36885 1405148 521276486 112358 0 2937722 0 0 0
cpu0 115943 9541 199644 130575808 30361 0 698312 0 0 0
cpu1 452614 10665 767878 129444299 23160 0 826016 0 0 0
cpu2 136827 2862 229727 130634713 30531 0 720102 0 0 0
cpu3 132231 13816 207898 130621666 28305 0 693290 0 0 0
intr 12026730978 0 0 2618202 81 0 735660 34014119 0 0 0 9316655 0 0 0 0 0 0 0 0 0 0 0 0 0 0 0 0 0 0 0 0 0 0 0 0 0 0 0 0 0 0 0 0 0 0 0 0 0 0 0 0 2468612318 0 0 0 0 0 0 0 0 826664 0 434153 0 0 0 0 0 0 0 0 0 0 0 719546633 1 0 0 0 0 0 0 0 0 0 0 0 0 0 0 0 0 0 0 0 0 0 0 426388 4219 0 0 0 0 18363363 0 0 0 0 0 0 0 0 0 0 0 0 0 0 0 0 0 0 0 0 0 0 0 0 0 0 0 0 0 0 0 0 0 0 0 0 0 0 0 0 0 0 0 0 0 0 0 0 0 0 0 0 0 0 0 0 0 0 0 0 0 0 0 0 0 0 0 0 0 0 0 0 0 0 0 181897931 0 0 0
ctxt 386534449
btime 1669654930
processes 553164
procs_running 1
procs_blocked 0
softirq 971622284 677119287 31547051 739331 75825491 434082 0 119516220 41434800 588 25005434

cpu  837616 36885 1405149 521276683 112358 0 2937722 0 0 0
cpu0 115943 9541 199644 130575857 30361 0 698312 0 0 0
cpu1 452615 10665 767878 129444348 23160 0 826016 0 0 0
cpu2 136827 2862 229727 130634762 30531 0 720102 0 0 0
cpu3 132231 13816 207898 130621715 28305 0 693290 0 0 0
intr 12026735170 0 0 2618202 81 0 735660 34014137 0 0 0 9316659 0 0 0 0 0 0 0 0 0 0 0 0 0 0 0 0 0 0 0 0 0 0 0 0 0 0 0 0 0 0 0 0 0 0 0 0 0 0 0 0 2468616314 0 0 0 0 0 0 0 0 826665 0 434153 0 0 0 0 0 0 0 0 0 0 0 719546763 1 0 0 0 0 0 0 0 0 0 0 0 0 0 0 0 0 0 0 0 0 0 0 426388 4219 0 0 0 0 18363378 0 0 0 0 0 0 0 0 0 0 0 0 0 0 0 0 0 0 0 0 0 0 0 0 0 0 0 0 0 0 0 0 0 0 0 0 0 0 0 0 0 0 0 0 0 0 0 0 0 0 0 0 0 0 0 0 0 0 0 0 0 0 0 0 0 0 0 0 0 0 0 0 0 0 0 181897959 0 0 0
ctxt 386534536
btime 1669654930
processes 553164
procs_running 1
procs_blocked 0
softirq 971622342 677119287 31547065 739331 75825492 434082 0 119516234 41434817 588 25005446

cpu  837617 36885 1405149 521276880 112358 0 2937722 0 0 0
cpu0 115943 9541 199644 130575906 30361 0 698312 0 0 0
cpu1 452615 10665 767878 129444396 23160 0 826016 0 0 0
cpu2 136827 2862 229727 130634811 30531 0 720102 0 0 0
cpu3 132231 13816 207898 130621765 28305 0 693290 0 0 0
intr 12026739419 0 0 2618203 81 0 735660 34014161 0 0 0 9316663 0 0 0 0 0 0 0 0 0 0 0 0 0 0 0 0 0 0 0 0 0 0 0 0 0 0 0 0 0 0 0 0 0 0 0 0 0 0 0 0 2468620338 0 0 0 0 0 0 0 0 826666 0 434153 0 0 0 0 0 0 0 0 0 0 0 719546915 1 0 0 0 0 0 0 0 0 0 0 0 0 0 0 0 0 0 0 0 0 0 0 426388 4219 0 0 0 0 18363393 0 0 0 0 0 0 0 0 0 0 0 0 0 0 0 0 0 0 0 0 0 0 0 0 0 0 0 0 0 0 0 0 0 0 0 0 0 0 0 0 0 0 0 0 0 0 0 0 0 0 0 0 0 0 0 0 0 0 0 0 0 0 0 0 0 0 0 0 0 0 0 0 0 0 0 181897986 0 0 0
ctxt 386534639
btime 1669654930
processes 553164
procs_running 1
procs_blocked 0
softirq 971622408 677119295 31547080 739331 75825493 434082 0 119516247 41434834 588 25005458

cpu  837617 36885 1405149 521277078 112358 0 2937722 0 0 0
cpu0 115943 9541 199644 130575956 30361 0 698312 0 0 0
cpu1 452616 10665 767879 129444445 23160 0 826016 0 0 0
cpu2 136827 2862 229727 130634861 30531 0 720102 0 0 0
cpu3 132231 13816 207898 130621814 28305 0 693290 0 0 0
intr 12026743620 0 0 2618203 81 0 735660 34014181 0 0 0 9316667 0 0 0 0 0 0 0 0 0 0 0 0 0 0 0 0 0 0 0 0 0 0 0 0 0 0 0 0 0 0 0 0 0 0 0 0 0 0 0 0 2468624342 0 0 0 0 0 0 0 0 826667 0 434153 0 0 0 0 0 0 0 0 0 0 0 719547045 1 0 0 0 0 0 0 0 0 0 0 0 0 0 0 0 0 0 0 0 0 0 0 426388 4219 0 0 0 0 18363408 0 0 0 0 0 0 0 0 0 0 0 0 0 0 0 0 0 0 0 0 0 0 0 0 0 0 0 0 0 0 0 0 0 0 0 0 0 0 0 0 0 0 0 0 0 0 0 0 0 0 0 0 0 0 0 0 0 0 0 0 0 0 0 0 0 0 0 0 0 0 0 0 0 0 0 181898013 0 0 0
ctxt 386534726
btime 1669654930
processes 553164
procs_running 1
procs_blocked 0
softirq 971622464 677119295 31547093 739331 75825494 434082 0 119516261 41434850 588 25005470

cpu  837617 36885 1405150 521277274 112358 0 2937722 0 0 0
cpu0 115943 9541 199645 130576005 30361 0 698312 0 0 0
cpu1 452616 10665 767879 129444494 23160 0 826016 0 0 0
cpu2 136827 2862 229728 130634910 30531 0 720102 0 0 0
cpu3 132231 13816 207898 130621863 28305 0 693290 0 0 0
intr 12026747868 0 0 2618203 81 0 735660 34014210 0 0 0 9316670 0 0 0 0 0 0 0 0 0 0 0 0 0 0 0 0 0 0 0 0 0 0 0 0 0 0 0 0 0 0 0 0 0 0 0 0 0 0 0 0 2468628363 0 0 0 0 0 0 0 0 826668 0 434153 0 0 0 0 0 0 0 0 0 0 0 719547197 1 0 0 0 0 0 0 0 0 0 0 0 0 0 0 0 0 0 0 0 0 0 0 426388 4219 0 0 0 0 18363423 0 0 0 0 0 0 0 0 0 0 0 0 0 0 0 0 0 0 0 0 0 0 0 0 0 0 0 0 0 0 0 0 0 0 0 0 0 0 0 0 0 0 0 0 0 0 0 0 0 0 0 0 0 0 0 0 0 0 0 0 0 0 0 0 0 0 0 0 0 0 0 0 0 0 0 181898041 0 0 0
ctxt 386534824
btime 1669654930
processes 553164
procs_running 1
procs_blocked 0
softirq 971622529 677119303 31547106 739331 75825495 434082 0 119516275 41434867 588 25005482

cpu  837618 36885 1405150 521277471 112358 0 2937722 0 0 0
cpu0 115943 9541 199645 130576054 30361 0 698312 0 0 0
cpu1 452616 10665 767879 129444543 23160 0 826016 0 0 0
cpu2 136827 2862 229728 130634959 30531 0 720102 0 0 0
cpu3 132231 13816 207898 130621913 28305 0 693290 0 0 0
intr 12026752064 0 0 2618203 81 0 735660 34014231 0 0 0 9316674 0 0 0 0 0 0 0 0 0 0 0 0 0 0 0 0 0 0 0 0 0 0 0 0 0 0 0 0 0 0 0 0 0 0 0 0 0 0 0 0 2468632359 0 0 0 0 0 0 0 0 826669 0 434153 0 0 0 0 0 0 0 0 0 0 0 719547327 1 0 0 0 0 0 0 0 0 0 0 0 0 0 0 0 0 0 0 0 0 0 0 426388 4219 0 0 0 0 18363438 0 0 0 0 0 0 0 0 0 0 0 0 0 0 0 0 0 0 0 0 0 0 0 0 0 0 0 0 0 0 0 0 0 0 0 0 0 0 0 0 0 0 0 0 0 0 0 0 0 0 0 0 0 0 0 0 0 0 0 0 0 0 0 0 0 0 0 0 0 0 0 0 0 0 0 181898070 0 0 0
ctxt 386534907
btime 1669654930
processes 553164
procs_running 1
procs_blocked 0
softirq 971622590 677119303 31547120 739331 75825496 434082 0 119516289 41434886 588 25005495

cpu  837618 36885 1405150 521277668 112358 0 2937722 0 0 0
cpu0 115943 9541 199645 130576104 30361 0 698312 0 0 0
cpu1 452616 10665 767879 129444592 23160 0 826016 0 0 0
cpu2 136827 2862 229728 130635008 30531 0 720102 0 0 0
cpu3 132231 13816 207898 130621962 28305 0 693290 0 0 0
intr 12026756321 0 0 2618204 81 0 735660 34014260 0 0 0 9316678 0 0 0 0 0 0 0 0 0 0 0 0 0 0 0 0 0 0 0 0 0 0 0 0 0 0 0 0 0 0 0 0 0 0 0 0 0 0 0 0 2468636385 0 0 0 0 0 0 0 0 826670 0 434153 0 0 0 0 0 0 0 0 0 0 0 719547479 1 0 0 0 0 0 0 0 0 0 0 0 0 0 0 0 0 0 0 0 0 0 0 426388 4219 0 0 0 0 18363453 0 0 0 0 0 0 0 0 0 0 0 0 0 0 0 0 0 0 0 0 0 0 0 0 0 0 0 0 0 0 0 0 0 0 0 0 0 0 0 0 0 0 0 0 0 0 0 0 0 0 0 0 0 0 0 0 0 0 0 0 0 0 0 0 0 0 0 0 0 0 0 0 0 0 0 181898099 0 0 0
ctxt 386535005
btime 1669654930
processes 553164
procs_running 1
procs_blocked 0
softirq 971622657 677119311 31547134 739331 75825497 434082 0 119516302 41434906 588 25005506

cpu  837618 36885 1405150 521277865 112358 0 2937722 0 0 0
cpu0 115943 9541 199645 130576153 30361 0 698312 0 0 0
cpu1 452616 10665 767879 129444642 23160 0 826016 0 0 0
cpu2 136828 2862 229728 130635057 30531 0 720102 0 0 0
cpu3 132231 13816 207898 130622011 28305 0 693290 0 0 0
intr 12026760517 0 0 2618204 81 0 735660 34014281 0 0 0 9316682 0 0 0 0 0 0 0 0 0 0 0 0 0 0 0 0 0 0 0 0 0 0 0 0 0 0 0 0 0 0 0 0 0 0 0 0 0 0 0 0 2468640381 0 0 0 0 0 0 0 0 826671 0 434153 0 0 0 0 0 0 0 0 0 0 0 719547609 1 0 0 0 0 0 0 0 0 0 0 0 0 0 0 0 0 0 0 0 0 0 0 426388 4219 0 0 0 0 18363468 0 0 0 0 0 0 0 0 0 0 0 0 0 0 0 0 0 0 0 0 0 0 0 0 0 0 0 0 0 0 0 0 0 0 0 0 0 0 0 0 0 0 0 0 0 0 0 0 0 0 0 0 0 0 0 0 0 0 0 0 0 0 0 0 0 0 0 0 0 0 0 0 0 0 0 181898128 0 0 0
ctxt 386535082
btime 1669654930
processes 553164
procs_running 1
procs_blocked 0
softirq 971622713 677119311 31547147 739331 75825498 434082 0 119516316 41434923 588 25005517

cpu  837619 36885 1405150 521278062 112358 0 2937722 0 0 0
cpu0 115943 9541 199645 130576203 30361 0 698312 0 0 0
cpu1 452616 10665 767879 129444691 23160 0 826016 0 0 0
cpu2 136828 2862 229728 130635107 30531 0 720102 0 0 0
cpu3 132231 13816 207898 130622061 28305 0 693290 0 0 0
intr 12026764769 0 0 2618204 81 0 735660 34014305 0 0 0 9316686 0 0 0 0 0 0 0 0 0 0 0 0 0 0 0 0 0 0 0 0 0 0 0 0 0 0 0 0 0 0 0 0 0 0 0 0 0 0 0 0 2468644409 0 0 0 0 0 0 0 0 826672 0 434153 0 0 0 0 0 0 0 0 0 0 0 719547761 1 0 0 0 0 0 0 0 0 0 0 0 0 0 0 0 0 0 0 0 0 0 0 426388 4219 0 0 0 0 18363483 0 0 0 0 0 0 0 0 0 0 0 0 0 0 0 0 0 0 0 0 0 0 0 0 0 0 0 0 0 0 0 0 0 0 0 0 0 0 0 0 0 0 0 0 0 0 0 0 0 0 0 0 0 0 0 0 0 0 0 0 0 0 0 0 0 0 0 0 0 0 0 0 0 0 0 181898155 0 0 0
ctxt 386535174
btime 1669654930
processes 553164
procs_running 1
procs_blocked 0
softirq 971622777 677119319 31547160 739331 75825499 434082 0 119516330 41434940 588 25005528

cpu  837619 36885 1405150 521278259 112358 0 2937722 0 0 0
cpu0 115943 9541 199645 130576252 30361 0 698312 0 0 0
cpu1 452616 10665 767879 129444740 23160 0 826016 0 0 0
cpu2 136828 2862 229728 130635156 30531 0 720102 0 0 0
cpu3 132231 13816 207898 130622110 28305 0 693290 0 0 0
intr 12026768971 0 0 2618204 81 0 735660 34014329 0 0 0 9316689 0 0 0 0 0 0 0 0 0 0 0 0 0 0 0 0 0 0 0 0 0 0 0 0 0 0 0 0 0 0 0 0 0 0 0 0 0 0 0 0 2468648406 0 0 0 0 0 0 0 0 826673 0 434153 0 0 0 0 0 0 0 0 0 0 0 719547891 1 0 0 0 0 0 0 0 0 0 0 0 0 0 0 0 0 0 0 0 0 0 0 426388 4219 0 0 0 0 18363498 0 0 0 0 0 0 0 0 0 0 0 0 0 0 0 0 0 0 0 0 0 0 0 0 0 0 0 0 0 0 0 0 0 0 0 0 0 0 0 0 0 0 0 0 0 0 0 0 0 0 0 0 0 0 0 0 0 0 0 0 0 0 0 0 0 0 0 0 0 0 0 0 0 0 0 181898188 0 0 0
ctxt 386535263
btime 1669654930
processes 553164
procs_running 1
procs_blocked 0
softirq 971622841 677119319 31547175 739332 75825500 434082 0 119516344 41434961 588 25005540

cpu  837620 36885 1405150 521278456 112358 0 2937722 0 0 0
cpu0 115943 9541 199645 130576301 30361 0 698312 0 0 0
cpu1 452616 10665 767879 129444789 23160 0 826016 0 0 0
cpu2 136829 2862 229728 130635205 30531 0 720102 0 0 0
cpu3 132231 13816 207898 130622159 28305 0 693290 0 0 0
intr 12026773226 0 0 2618205 81 0 735660 34014354 0 0 0 9316693 0 0 0 0 0 0 0 0 0 0 0 0 0 0 0 0 0 0 0 0 0 0 0 0 0 0 0 0 0 0 0 0 0 0 0 0 0 0 0 0 2468652434 0 0 0 0 0 0 0 0 826674 0 434153 0 0 0 0 0 0 0 0 0 0 0 719548043 1 0 0 0 0 0 0 0 0 0 0 0 0 0 0 0 0 0 0 0 0 0 0 426388 4219 0 0 0 0 18363513 0 0 0 0 0 0 0 0 0 0 0 0 0 0 0 0 0 0 0 0 0 0 0 0 0 0 0 0 0 0 0 0 0 0 0 0 0 0 0 0 0 0 0 0 0 0 0 0 0 0 0 0 0 0 0 0 0 0 0 0 0 0 0 0 0 0 0 0 0 0 0 0 0 0 0 181898217 0 0 0
ctxt 386535358
btime 1669654930
processes 553164
procs_running 1
procs_blocked 0
softirq 971622907 677119327 31547189 739332 75825501 434082 0 119516359 41434978 588 25005551

cpu  837620 36885 1405150 521278653 112358 0 2937722 0 0 0
cpu0 115943 9541 199645 130576351 30361 0 698312 0 0 0
cpu1 452616 10665 767879 129444839 23160 0 826016 0 0 0
cpu2 136829 2862 229728 130635254 30531 0 720102 0 0 0
cpu3 132231 13816 207898 130622209 28305 0 693290 0 0 0
intr 12026777420 0 0 2618205 81 0 735660 34014374 0 0 0 9316697 0 0 0 0 0 0 0 0 0 0 0 0 0 0 0 0 0 0 0 0 0 0 0 0 0 0 0 0 0 0 0 0 0 0 0 0 0 0 0 0 2468656430 0 0 0 0 0 0 0 0 826675 0 434153 0 0 0 0 0 0 0 0 0 0 0 719548173 1 0 0 0 0 0 0 0 0 0 0 0 0 0 0 0 0 0 0 0 0 0 0 426388 4219 0 0 0 0 18363528 0 0 0 0 0 0 0 0 0 0 0 0 0 0 0 0 0 0 0 0 0 0 0 0 0 0 0 0 0 0 0 0 0 0 0 0 0 0 0 0 0 0 0 0 0 0 0 0 0 0 0 0 0 0 0 0 0 0 0 0 0 0 0 0 0 0 0 0 0 0 0 0 0 0 0 181898244 0 0 0
ctxt 386535445
btime 1669654930
processes 553164
procs_running 1
procs_blocked 0
softirq 971622960 677119327 31547201 739332 75825502 434082 0 119516373 41434993 588 25005562

cpu  837620 36885 1405150 521278850 112358 0 2937722 0 0 0
cpu0 115943 9541 199645 130576400 30361 0 698312 0 0 0
cpu1 452616 10665 767879 129444888 23160 0 826016 0 0 0
cpu2 136830 2862 229728 130635303 30531 0 720102 0 0 0
cpu3 132231 13816 207898 130622258 28305 0 693290 0 0 0
intr 12026781668 0 0 2618205 81 0 735660 34014399 0 0 0 9316701 0 0 0 0 0 0 0 0 0 0 0 0 0 0 0 0 0 0 0 0 0 0 0 0 0 0 0 0 0 0 0 0 0 0 0 0 0 0 0 0 2468660456 0 0 0 0 0 0 0 0 826676 0 434153 0 0 0 0 0 0 0 0 0 0 0 719548323 1 0 0 0 0 0 0 0 0 0 0 0 0 0 0 0 0 0 0 0 0 0 0 426388 4219 0 0 0 0 18363543 0 0 0 0 0 0 0 0 0 0 0 0 0 0 0 0 0 0 0 0 0 0 0 0 0 0 0 0 0 0 0 0 0 0 0 0 0 0 0 0 0 0 0 0 0 0 0 0 0 0 0 0 0 0 0 0 0 0 0 0 0 0 0 0 0 0 0 0 0 0 0 0 0 0 0 181898271 0 0 0
ctxt 386535541
btime 1669654930
processes 553164
procs_running 1
procs_blocked 0
softirq 971623023 677119335 31547213 739332 75825503 434082 0 119516386 41435010 588 25005574

cpu  837621 36885 1405150 521279047 112358 0 2937722 0 0 0
cpu0 115943 9541 199645 130576449 30361 0 698312 0 0 0
cpu1 452616 10665 767879 129444937 23160 0 826016 0 0 0
cpu2 136830 2862 229728 130635352 30531 0 720102 0 0 0
cpu3 132231 13816 207898 130622307 28305 0 693290 0 0 0
intr 12026785890 0 0 2618209 81 0 735660 34014426 0 0 0 9316705 0 0 0 0 0 0 0 0 0 0 0 0 0 0 0 0 0 0 0 0 0 0 0 0 0 0 0 0 0 0 0 0 0 0 0 0 0 0 0 0 2468664452 0 0 0 0 0 0 0 0 826677 0 434153 0 0 0 0 0 0 0 0 0 0 0 719548453 1 0 0 0 0 0 0 0 0 0 0 0 0 0 0 0 0 0 0 0 0 0 0 426388 4219 0 0 0 0 18363568 0 0 0 0 0 0 0 0 0 0 0 0 0 0 0 0 0 0 0 0 0 0 0 0 0 0 0 0 0 0 0 0 0 0 0 0 0 0 0 0 0 0 0 0 0 0 0 0 0 0 0 0 0 0 0 0 0 0 0 0 0 0 0 0 0 0 0 0 0 0 0 0 0 0 0 181898306 0 0 0
ctxt 386535646
btime 1669654930
processes 553164
procs_running 1
procs_blocked 0
softirq 971623090 677119335 31547227 739332 75825505 434082 0 119516407 41435028 588 25005586

cpu  837621 36885 1405151 521279244 112358 0 2937722 0 0 0
cpu0 115943 9541 199645 130576499 30361 0 698312 0 0 0
cpu1 452616 10665 767879 129444987 23160 0 826016 0 0 0
cpu2 136830 2862 229728 130635401 30531 0 720102 0 0 0
cpu3 132231 13816 207898 130622357 28305 0 693290 0 0 0
intr 12026790146 0 0 2618210 81 0 735660 34014451 0 0 0 9316708 0 0 0 0 0 0 0 0 0 0 0 0 0 0 0 0 0 0 0 0 0 0 0 0 0 0 0 0 0 0 0 0 0 0 0 0 0 0 0 0 2468668480 0 0 0 0 0 0 0 0 826678 0 434153 0 0 0 0 0 0 0 0 0 0 0 719548605 1 0 0 0 0 0 0 0 0 0 0 0 0 0 0 0 0 0 0 0 0 0 0 426388 4219 0 0 0 0 18363583 0 0 0 0 0 0 0 0 0 0 0 0 0 0 0 0 0 0 0 0 0 0 0 0 0 0 0 0 0 0 0 0 0 0 0 0 0 0 0 0 0 0 0 0 0 0 0 0 0 0 0 0 0 0 0 0 0 0 0 0 0 0 0 0 0 0 0 0 0 0 0 0 0 0 0 181898337 0 0 0
ctxt 386535742
btime 1669654930
processes 553164
procs_running 1
procs_blocked 0
softirq 971623158 677119343 31547242 739332 75825506 434082 0 119516420 41435047 588 25005598

cpu  837621 36885 1405152 521279441 112358 0 2937722 0 0 0
cpu0 115943 9541 199645 130576548 30361 0 698312 0 0 0
cpu1 452616 10665 767879 129445036 23160 0 826016 0 0 0
cpu2 136830 2862 229729 130635450 30531 0 720102 0 0 0
cpu3 132231 13816 207898 130622406 28305 0 693290 0 0 0
intr 12026794340 0 0 2618210 81 0 735660 34014471 0 0 0 9316711 0 0 0 0 0 0 0 0 0 0 0 0 0 0 0 0 0 0 0 0 0 0 0 0 0 0 0 0 0 0 0 0 0 0 0 0 0 0 0 0 2468672476 0 0 0 0 0 0 0 0 826679 0 434153 0 0 0 0 0 0 0 0 0 0 0 719548735 1 0 0 0 0 0 0 0 0 0 0 0 0 0 0 0 0 0 0 0 0 0 0 426388 4219 0 0 0 0 18363598 0 0 0 0 0 0 0 0 0 0 0 0 0 0 0 0 0 0 0 0 0 0 0 0 0 0 0 0 0 0 0 0 0 0 0 0 0 0 0 0 0 0 0 0 0 0 0 0 0 0 0 0 0 0 0 0 0 0 0 0 0 0 0 0 0 0 0 0 0 0 0 0 0 0 0 181898367 0 0 0
ctxt 386535824
btime 1669654930
processes 553164
procs_running 1
procs_blocked 0
softirq 971623215 677119343 31547255 739332 75825507 434082 0 119516434 41435064 588 25005610

cpu  837622 36885 1405152 521279638 112358 0 2937722 0 0 0
cpu0 115943 9541 199645 130576597 30361 0 698312 0 0 0
cpu1 452616 10665 767879 129445085 23160 0 826016 0 0 0
cpu2 136831 2862 229729 130635499 30531 0 720102 0 0 0
cpu3 132231 13816 207898 130622455 28305 0 693290 0 0 0
intr 12026798590 0 0 2618210 81 0 735660 34014496 0 0 0 9316714 0 0 0 0 0 0 0 0 0 0 0 0 0 0 0 0 0 0 0 0 0 0 0 0 0 0 0 0 0 0 0 0 0 0 0 0 0 0 0 0 2468676502 0 0 0 0 0 0 0 0 826680 0 434153 0 0 0 0 0 0 0 0 0 0 0 719548887 1 0 0 0 0 0 0 0 0 0 0 0 0 0 0 0 0 0 0 0 0 0 0 426388 4219 0 0 0 0 18363613 0 0 0 0 0 0 0 0 0 0 0 0 0 0 0 0 0 0 0 0 0 0 0 0 0 0 0 0 0 0 0 0 0 0 0 0 0 0 0 0 0 0 0 0 0 0 0 0 0 0 0 0 0 0 0 0 0 0 0 0 0 0 0 0 0 0 0 0 0 0 0 0 0 0 0 181898395 0 0 0
ctxt 386535916
btime 1669654930
processes 553164
procs_running 1
procs_blocked 0
softirq 971623279 677119351 31547268 739332 75825508 434082 0 119516447 41435081 588 25005622

cpu  837622 36885 1405154 521279835 112358 0 2937722 0 0 0
cpu0 115943 9541 199645 130576647 30361 0 698312 0 0 0
cpu1 452616 10665 767879 129445134 23160 0 826016 0 0 0
cpu2 136831 2862 229730 130635548 30531 0 720102 0 0 0
cpu3 132231 13816 207898 130622505 28305 0 693290 0 0 0
intr 12026802830 0 0 2618210 81 0 735660 34014529 0 0 0 9316719 0 0 0 0 0 0 0 0 0 0 0 0 0 0 0 0 0 0 0 0 0 0 0 0 0 0 0 0 0 0 0 0 0 0 0 0 0 0 0 0 2468680500 0 0 0 0 0 0 0 0 826681 0 434153 0 0 0 0 0 0 0 0 0 0 0 719549017 1 0 0 0 0 0 0 0 0 0 0 0 0 0 0 0 0 0 0 0 0 0 0 426388 4219 0 0 0 0 18363645 0 0 0 0 0 0 0 0 0 0 0 0 0 0 0 0 0 0 0 0 0 0 0 0 0 0 0 0 0 0 0 0 0 0 0 0 0 0 0 0 0 0 0 0 0 0 0 0 0 0 0 0 0 0 0 0 0 0 0 0 0 0 0 0 0 0 0 0 0 0 0 0 0 0 0 181898436 0 0 0
ctxt 386536045
btime 1669654930
processes 553164
procs_running 1
procs_blocked 0
softirq 971623369 677119351 31547285 739332 75825511 434082 0 119516475 41435105 588 25005640

cpu  837622 36885 1405154 521280032 112358 0 2937722 0 0 0
cpu0 115943 9541 199645 130576696 30361 0 698312 0 0 0
cpu1 452616 10665 767879 129445184 23160 0 826016 0 0 0
cpu2 136831 2862 229730 130635597 30531 0 720102 0 0 0
cpu3 132231 13816 207898 130622554 28305 0 693290 0 0 0
intr 12026807080 0 0 2618211 81 0 735660 34014559 0 0 0 9316723 0 0 0 0 0 0 0 0 0 0 0 0 0 0 0 0 0 0 0 0 0 0 0 0 0 0 0 0 0 0 0 0 0 0 0 0 0 0 0 0 2468684518 0 0 0 0 0 0 0 0 826682 0 434153 0 0 0 0 0 0 0 0 0 0 0 719549169 1 0 0 0 0 0 0 0 0 0 0 0 0 0 0 0 0 0 0 0 0 0 0 426388 4219 0 0 0 0 18363660 0 0 0 0 0 0 0 0 0 0 0 0 0 0 0 0 0 0 0 0 0 0 0 0 0 0 0 0 0 0 0 0 0 0 0 0 0 0 0 0 0 0 0 0 0 0 0 0 0 0 0 0 0 0 0 0 0 0 0 0 0 0 0 0 0 0 0 0 0 0 0 0 0 0 0 181898465 0 0 0
ctxt 386536145
btime 1669654930
processes 553164
procs_running 1
procs_blocked 0
softirq 971623436 677119359 31547300 739332 75825512 434082 0 119516488 41435123 588 25005652
