cpu  801580 35469 1346504 496203681 106923 0 2285134 0 0 0
cpu0 107553 9541 186215 124309725 29155 0 534531 0 0 0
cpu1 443797 10657 752215 123170338 21788 0 667321 0 0 0
cpu2 128002 2862 214398 124366556 28851 0 555130 0 0 0
cpu3 122226 12408 193674 124357060 27126 0 528150 0 0 0
intr 11327376315 0 0 2524986 81 0 677179 30307641 0 0 0 8845622 0 0 0 0 0 0 0 0 0 0 0 0 0 0 0 0 0 0 0 0 0 0 0 0 0 0 0 0 0 0 0 0 0 0 0 0 0 0 0 0 1874384674 0 0 0 0 0 0 0 0 687272 0 389425 0 0 0 0 0 0 0 0 0 0 0 631988518 1 0 0 0 0 0 0 0 0 0 0 0 0 0 0 0 0 0 0 0 0 0 0 381660 4219 0 0 0 0 15821718 0 0 0 0 0 0 0 0 0 0 0 0 0 0 0 0 0 0 0 0 0 0 0 0 0 0 0 0 0 0 0 0 0 0 0 0 0 0 0 0 0 0 0 0 0 0 0 0 0 0 0 0 0 0 0 0 0 0 0 0 0 0 0 0 0 0 0 0 0 0 0 0 0 0 0 171428727 0 0 0
ctxt 367201693
btime 1669654930
processes 513482
procs_running 1
procs_blocked 0
softirq 767685779 538105674 28581172 727013 52847644 389359 0 91897419 36260177 557 18876764

cpu  801580 35469 1346505 496203878 106923 0 2285134 0 0 0
cpu0 107553 9541 186215 124309774 29155 0 534531 0 0 0
cpu1 443797 10657 752215 123170388 21788 0 667321 0 0 0
cpu2 128002 2862 214398 124366605 28851 0 555130 0 0 0
cpu3 122226 12408 193675 124357109 27126 0 528150 0 0 0
intr 11327380583 0 0 2524986 81 0 677179 30307672 0 0 0 8845626 0 0 0 0 0 0 0 0 0 0 0 0 0 0 0 0 0 0 0 0 0 0 0 0 0 0 0 0 0 0 0 0 0 0 0 0 0 0 0 0 1874388702 0 0 0 0 0 0 0 0 687273 0 389425 0 0 0 0 0 0 0 0 0 0 0 631988671 1 0 0 0 0 0 0 0 0 0 0 0 0 0 0 0 0 0 0 0 0 0 0 381660 4219 0 0 0 0 15821740 0 0 0 0 0 0 0 0 0 0 0 0 0 0 0 0 0 0 0 0 0 0 0 0 0 0 0 0 0 0 0 0 0 0 0 0 0 0 0 0 0 0 0 0 0 0 0 0 0 0 0 0 0 0 0 0 0 0 0 0 0 0 0 0 0 0 0 0 0 0 0 0 0 0 0 171428757 0 0 0
ctxt 367201795
btime 1669654930
processes 513482
procs_running 1
procs_blocked 0
softirq 767685849 538105682 28581186 727013 52847646 389359 0 91897439 36260195 557 18876772

cpu  801580 35469 1346506 496204075 106923 0 2285134 0 0 0
cpu0 107553 9541 186216 124309824 29155 0 534531 0 0 0
cpu1 443797 10657 752215 123170437 21788 0 667321 0 0 0
cpu2 128002 2862 214398 124366654 28851 0 555130 0 0 0
cpu3 122226 12408 193675 124357159 27126 0 528150 0 0 0
intr 11327384775 0 0 2524986 81 0 677179 30307688 0 0 0 8845629 0 0 0 0 0 0 0 0 0 0 0 0 0 0 0 0 0 0 0 0 0 0 0 0 0 0 0 0 0 0 0 0 0 0 0 0 0 0 0 0 1874392706 0 0 0 0 0 0 0 0 687274 0 389425 0 0 0 0 0 0 0 0 0 0 0 631988799 1 0 0 0 0 0 0 0 0 0 0 0 0 0 0 0 0 0 0 0 0 0 0 381660 4219 0 0 0 0 15821755 0 0 0 0 0 0 0 0 0 0 0 0 0 0 0 0 0 0 0 0 0 0 0 0 0 0 0 0 0 0 0 0 0 0 0 0 0 0 0 0 0 0 0 0 0 0 0 0 0 0 0 0 0 0 0 0 0 0 0 0 0 0 0 0 0 0 0 0 0 0 0 0 0 0 0 171428781 0 0 0
ctxt 367201863
btime 1669654930
processes 513482
procs_running 1
procs_blocked 0
softirq 767685901 538105682 28581199 727013 52847647 389359 0 91897453 36260211 557 18876780

cpu  801580 35469 1346506 496204272 106923 0 2285134 0 0 0
cpu0 107553 9541 186216 124309873 29155 0 534531 0 0 0
cpu1 443797 10657 752215 123170486 21788 0 667321 0 0 0
cpu2 128002 2862 214398 124366703 28851 0 555130 0 0 0
cpu3 122226 12408 193675 124357208 27126 0 528150 0 0 0
intr 11327389052 0 0 2524986 81 0 677179 30307724 0 0 0 8845633 0 0 0 0 0 0 0 0 0 0 0 0 0 0 0 0 0 0 0 0 0 0 0 0 0 0 0 0 0 0 0 0 0 0 0 0 0 0 0 0 1874396726 0 0 0 0 0 0 0 0 687275 0 389425 0 0 0 0 0 0 0 0 0 0 0 631988953 1 0 0 0 0 0 0 0 0 0 0 0 0 0 0 0 0 0 0 0 0 0 0 381660 4219 0 0 0 0 15821789 0 0 0 0 0 0 0 0 0 0 0 0 0 0 0 0 0 0 0 0 0 0 0 0 0 0 0 0 0 0 0 0 0 0 0 0 0 0 0 0 0 0 0 0 0 0 0 0 0 0 0 0 0 0 0 0 0 0 0 0 0 0 0 0 0 0 0 0 0 0 0 0 0 0 0 171428810 0 0 0
ctxt 367201988
btime 1669654930
processes 513482
procs_running 1
procs_blocked 0
softirq 767685983 538105690 28581214 727013 52847650 389359 0 91897481 36260229 557 18876790

cpu  801580 35469 1346507 496204469 106923 0 2285134 0 0 0
cpu0 107553 9541 186216 124309922 29155 0 534531 0 0 0
cpu1 443797 10657 752215 123170536 21788 0 667321 0 0 0
cpu2 128002 2862 214399 124366752 28851 0 555130 0 0 0
cpu3 122226 12408 193676 124357257 27126 0 528150 0 0 0
intr 11327393253 0 0 2524987 81 0 677179 30307742 0 0 0 8845635 0 0 0 0 0 0 0 0 0 0 0 0 0 0 0 0 0 0 0 0 0 0 0 0 0 0 0 0 0 0 0 0 0 0 0 0 0 0 0 0 1874400730 0 0 0 0 0 0 0 0 687276 0 389425 0 0 0 0 0 0 0 0 0 0 0 631989081 1 0 0 0 0 0 0 0 0 0 0 0 0 0 0 0 0 0 0 0 0 0 0 381660 4219 0 0 0 0 15821804 0 0 0 0 0 0 0 0 0 0 0 0 0 0 0 0 0 0 0 0 0 0 0 0 0 0 0 0 0 0 0 0 0 0 0 0 0 0 0 0 0 0 0 0 0 0 0 0 0 0 0 0 0 0 0 0 0 0 0 0 0 0 0 0 0 0 0 0 0 0 0 0 0 0 0 171428841 0 0 0
ctxt 367202064
btime 1669654930
processes 513482
procs_running 1
procs_blocked 0
softirq 767686045 538105690 28581229 727013 52847651 389359 0 91897495 36260249 557 18876802

cpu  801580 35469 1346508 496204666 106923 0 2285134 0 0 0
cpu0 107553 9541 186216 124309971 29155 0 534531 0 0 0
cpu1 443797 10657 752215 123170585 21788 0 667321 0 0 0
cpu2 128002 2862 214399 124366802 28851 0 555130 0 0 0
cpu3 122226 12408 193676 124357307 27126 0 528150 0 0 0
intr 11327397499 0 0 2524987 81 0 677179 30307762 0 0 0 8845639 0 0 0 0 0 0 0 0 0 0 0 0 0 0 0 0 0 0 0 0 0 0 0 0 0 0 0 0 0 0 0 0 0 0 0 0 0 0 0 0 1874404751 0 0 0 0 0 0 0 0 687277 0 389425 0 0 0 0 0 0 0 0 0 0 0 631989234 1 0 0 0 0 0 0 0 0 0 0 0 0 0 0 0 0 0 0 0 0 0 0 381660 4219 0 0 0 0 15821819 0 0 0 0 0 0 0 0 0 0 0 0 0 0 0 0 0 0 0 0 0 0 0 0 0 0 0 0 0 0 0 0 0 0 0 0 0 0 0 0 0 0 0 0 0 0 0 0 0 0 0 0 0 0 0 0 0 0 0 0 0 0 0 0 0 0 0 0 0 0 0 0 0 0 0 171428873 0 0 0
ctxt 367202155
btime 1669654930
processes 513482
procs_running 1
procs_blocked 0
softirq 767686110 538105698 28581241 727013 52847652 389359 0 91897510 36260267 557 18876813

cpu  801580 35469 1346508 496204863 106923 0 2285134 0 0 0
cpu0 107553 9541 186216 124310020 29155 0 534531 0 0 0
cpu1 443797 10657 752215 123170635 21788 0 667321 0 0 0
cpu2 128002 2862 214399 124366851 28851 0 555130 0 0 0
cpu3 122226 12408 193676 124357356 27126 0 528150 0 0 0
intr 11327401687 0 0 2524987 81 0 677179 30307782 0 0 0 8845641 0 0 0 0 0 0 0 0 0 0 0 0 0 0 0 0 0 0 0 0 0 0 0 0 0 0 0 0 0 0 0 0 0 0 0 0 0 0 0 0 1874408747 0 0 0 0 0 0 0 0 687278 0 389425 0 0 0 0 0 0 0 0 0 0 0 631989362 1 0 0 0 0 0 0 0 0 0 0 0 0 0 0 0 0 0 0 0 0 0 0 381660 4219 0 0 0 0 15821834 0 0 0 0 0 0 0 0 0 0 0 0 0 0 0 0 0 0 0 0 0 0 0 0 0 0 0 0 0 0 0 0 0 0 0 0 0 0 0 0 0 0 0 0 0 0 0 0 0 0 0 0 0 0 0 0 0 0 0 0 0 0 0 0 0 0 0 0 0 0 0 0 0 0 0 171428900 0 0 0
ctxt 367202233
btime 1669654930
processes 513482
procs_running 1
procs_blocked 0
softirq 767686168 538105698 28581256 727014 52847653 389359 0 91897524 36260285 557 18876822

cpu  801580 35469 1346508 496205060 106923 0 2285135 0 0 0
cpu0 107553 9541 186216 124310069 29155 0 534531 0 0 0
cpu1 443797 10657 752215 123170684 21788 0 667321 0 0 0
cpu2 128002 2862 214399 124366900 28851 0 555131 0 0 0
cpu3 122226 12408 193676 124357405 27126 0 528150 0 0 0
intr 11327405941 0 0 2524987 81 0 677179 30307804 0 0 0 8845646 0 0 0 0 0 0 0 0 0 0 0 0 0 0 0 0 0 0 0 0 0 0 0 0 0 0 0 0 0 0 0 0 0 0 0 0 0 0 0 0 1874412776 0 0 0 0 0 0 0 0 687279 0 389425 0 0 0 0 0 0 0 0 0 0 0 631989515 1 0 0 0 0 0 0 0 0 0 0 0 0 0 0 0 0 0 0 0 0 0 0 381660 4219 0 0 0 0 15821849 0 0 0 0 0 0 0 0 0 0 0 0 0 0 0 0 0 0 0 0 0 0 0 0 0 0 0 0 0 0 0 0 0 0 0 0 0 0 0 0 0 0 0 0 0 0 0 0 0 0 0 0 0 0 0 0 0 0 0 0 0 0 0 0 0 0 0 0 0 0 0 0 0 0 0 171428929 0 0 0
ctxt 367202322
btime 1669654930
processes 513482
procs_running 1
procs_blocked 0
softirq 767686235 538105706 28581271 727014 52847654 389359 0 91897539 36260303 557 18876832

cpu  801580 35469 1346508 496205257 106923 0 2285135 0 0 0
cpu0 107553 9541 186216 124310118 29155 0 534531 0 0 0
cpu1 443797 10657 752215 123170734 21788 0 667321 0 0 0
cpu2 128002 2862 214399 124366949 28851 0 555131 0 0 0
cpu3 122226 12408 193676 124357455 27126 0 528150 0 0 0
intr 11327410128 0 0 2524988 81 0 677179 30307821 0 0 0 8845648 0 0 0 0 0 0 0 0 0 0 0 0 0 0 0 0 0 0 0 0 0 0 0 0 0 0 0 0 0 0 0 0 0 0 0 0 0 0 0 0 1874416772 0 0 0 0 0 0 0 0 687280 0 389425 0 0 0 0 0 0 0 0 0 0 0 631989643 1 0 0 0 0 0 0 0 0 0 0 0 0 0 0 0 0 0 0 0 0 0 0 381660 4219 0 0 0 0 15821864 0 0 0 0 0 0 0 0 0 0 0 0 0 0 0 0 0 0 0 0 0 0 0 0 0 0 0 0 0 0 0 0 0 0 0 0 0 0 0 0 0 0 0 0 0 0 0 0 0 0 0 0 0 0 0 0 0 0 0 0 0 0 0 0 0 0 0 0 0 0 0 0 0 0 0 171428956 0 0 0
ctxt 367202396
btime 1669654930
processes 513482
procs_running 1
procs_blocked 0
softirq 767686288 538105706 28581284 727014 52847655 389359 0 91897553 36260320 557 18876840

cpu  801581 35469 1346508 496205454 106923 0 2285135 0 0 0
cpu0 107554 9541 186216 124310167 29155 0 534531 0 0 0
cpu1 443797 10657 752215 123170783 21788 0 667321 0 0 0
cpu2 128002 2862 214399 124366998 28851 0 555131 0 0 0
cpu3 122226 12408 193676 124357504 27126 0 528150 0 0 0
intr 11327414380 0 0 2524988 81 0 677179 30307847 0 0 0 8845652 0 0 0 0 0 0 0 0 0 0 0 0 0 0 0 0 0 0 0 0 0 0 0 0 0 0 0 0 0 0 0 0 0 0 0 0 0 0 0 0 1874420799 0 0 0 0 0 0 0 0 687281 0 389425 0 0 0 0 0 0 0 0 0 0 0 631989796 1 0 0 0 0 0 0 0 0 0 0 0 0 0 0 0 0 0 0 0 0 0 0 381660 4219 0 0 0 0 15821879 0 0 0 0 0 0 0 0 0 0 0 0 0 0 0 0 0 0 0 0 0 0 0 0 0 0 0 0 0 0 0 0 0 0 0 0 0 0 0 0 0 0 0 0 0 0 0 0 0 0 0 0 0 0 0 0 0 0 0 0 0 0 0 0 0 0 0 0 0 0 0 0 0 0 0 171428982 0 0 0
ctxt 367202487
btime 1669654930
processes 513482
procs_running 1
procs_blocked 0
softirq 767686350 538105714 28581297 727014 52847656 389359 0 91897567 36260336 557 18876850

cpu  801582 35469 1346508 496205651 106923 0 2285135 0 0 0
cpu0 107554 9541 186216 124310216 29155 0 534531 0 0 0
cpu1 443797 10657 752215 123170833 21788 0 667321 0 0 0
cpu2 128002 2862 214399 124367048 28851 0 555131 0 0 0
cpu3 122227 12408 193676 124357553 27126 0 528150 0 0 0
intr 11327418568 0 0 2524988 81 0 677179 30307867 0 0 0 8845654 0 0 0 0 0 0 0 0 0 0 0 0 0 0 0 0 0 0 0 0 0 0 0 0 0 0 0 0 0 0 0 0 0 0 0 0 0 0 0 0 1874424795 0 0 0 0 0 0 0 0 687282 0 389425 0 0 0 0 0 0 0 0 0 0 0 631989924 1 0 0 0 0 0 0 0 0 0 0 0 0 0 0 0 0 0 0 0 0 0 0 381660 4219 0 0 0 0 15821894 0 0 0 0 0 0 0 0 0 0 0 0 0 0 0 0 0 0 0 0 0 0 0 0 0 0 0 0 0 0 0 0 0 0 0 0 0 0 0 0 0 0 0 0 0 0 0 0 0 0 0 0 0 0 0 0 0 0 0 0 0 0 0 0 0 0 0 0 0 0 0 0 0 0 0 171429008 0 0 0
ctxt 367202556
btime 1669654930
processes 513482
procs_running 1
procs_blocked 0
softirq 767686404 538105714 28581310 727014 52847657 389359 0 91897580 36260353 557 18876860

cpu  801582 35469 1346508 496205849 106923 0 2285135 0 0 0
cpu0 107554 9541 186216 124310265 29155 0 534531 0 0 0
cpu1 443797 10657 752215 123170882 21788 0 667321 0 0 0
cpu2 128002 2862 214399 124367097 28851 0 555131 0 0 0
cpu3 122227 12408 193676 124357603 27126 0 528150 0 0 0
intr 11327422820 0 0 2524988 81 0 677179 30307893 0 0 0 8845657 0 0 0 0 0 0 0 0 0 0 0 0 0 0 0 0 0 0 0 0 0 0 0 0 0 0 0 0 0 0 0 0 0 0 0 0 0 0 0 0 1874428821 0 0 0 0 0 0 0 0 687283 0 389425 0 0 0 0 0 0 0 0 0 0 0 631990078 1 0 0 0 0 0 0 0 0 0 0 0 0 0 0 0 0 0 0 0 0 0 0 381660 4219 0 0 0 0 15821909 0 0 0 0 0 0 0 0 0 0 0 0 0 0 0 0 0 0 0 0 0 0 0 0 0 0 0 0 0 0 0 0 0 0 0 0 0 0 0 0 0 0 0 0 0 0 0 0 0 0 0 0 0 0 0 0 0 0 0 0 0 0 0 0 0 0 0 0 0 0 0 0 0 0 0 171429034 0 0 0
ctxt 367202644
btime 1669654930
processes 513482
procs_running 1
procs_blocked 0
softirq 767686468 538105722 28581323 727014 52847658 389359 0 91897594 36260370 557 18876871

cpu  801582 35469 1346508 496206046 106923 0 2285135 0 0 0
cpu0 107554 9541 186216 124310314 29155 0 534531 0 0 0
cpu1 443797 10657 752215 123170932 21788 0 667321 0 0 0
cpu2 128002 2862 214399 124367146 28851 0 555131 0 0 0
cpu3 122227 12408 193677 124357652 27126 0 528150 0 0 0
intr 11327427006 0 0 2524989 81 0 677179 30307911 0 0 0 8845660 0 0 0 0 0 0 0 0 0 0 0 0 0 0 0 0 0 0 0 0 0 0 0 0 0 0 0 0 0 0 0 0 0 0 0 0 0 0 0 0 1874432818 0 0 0 0 0 0 0 0 687284 0 389425 0 0 0 0 0 0 0 0 0 0 0 631990206 1 0 0 0 0 0 0 0 0 0 0 0 0 0 0 0 0 0 0 0 0 0 0 381660 4219 0 0 0 0 15821924 0 0 0 0 0 0 0 0 0 0 0 0 0 0 0 0 0 0 0 0 0 0 0 0 0 0 0 0 0 0 0 0 0 0 0 0 0 0 0 0 0 0 0 0 0 0 0 0 0 0 0 0 0 0 0 0 0 0 0 0 0 0 0 0 0 0 0 0 0 0 0 0 0 0 0 171429058 0 0 0
ctxt 367202713
btime 1669654930
processes 513482
procs_running 1
procs_blocked 0
softirq 767686516 538105722 28581334 727014 52847659 389359 0 91897607 36260384 557 18876880

cpu  801582 35469 1346508 496206243 106923 0 2285135 0 0 0
cpu0 107554 9541 186216 124310363 29155 0 534531 0 0 0
cpu1 443797 10657 752215 123170981 21788 0 667321 0 0 0
cpu2 128002 2862 214399 124367195 28851 0 555131 0 0 0
cpu3 122227 12408 193677 124357701 27126 0 528150 0 0 0
intr 11327431260 0 0 2524989 81 0 677179 30307941 0 0 0 8845664 0 0 0 0 0 0 0 0 0 0 0 0 0 0 0 0 0 0 0 0 0 0 0 0 0 0 0 0 0 0 0 0 0 0 0 0 0 0 0 0 1874436846 0 0 0 0 0 0 0 0 687285 0 389425 0 0 0 0 0 0 0 0 0 0 0 631990357 1 0 0 0 0 0 0 0 0 0 0 0 0 0 0 0 0 0 0 0 0 0 0 381660 4219 0 0 0 0 15821939 0 0 0 0 0 0 0 0 0 0 0 0 0 0 0 0 0 0 0 0 0 0 0 0 0 0 0 0 0 0 0 0 0 0 0 0 0 0 0 0 0 0 0 0 0 0 0 0 0 0 0 0 0 0 0 0 0 0 0 0 0 0 0 0 0 0 0 0 0 0 0 0 0 0 0 171429083 0 0 0
ctxt 367202805
btime 1669654930
processes 513482
procs_running 1
procs_blocked 0
softirq 767686578 538105730 28581347 727014 52847660 389359 0 91897621 36260399 557 18876891

cpu  801582 35469 1346509 496206440 106923 0 2285135 0 0 0
cpu0 107554 9541 186216 124310412 29155 0 534531 0 0 0
cpu1 443797 10657 752215 123171031 21788 0 667321 0 0 0
cpu2 128002 2862 214400 124367245 28851 0 555131 0 0 0
cpu3 122227 12408 193677 124357751 27126 0 528150 0 0 0
intr 11327435448 0 0 2524989 81 0 677179 30307962 0 0 0 8845667 0 0 0 0 0 0 0 0 0 0 0 0 0 0 0 0 0 0 0 0 0 0 0 0 0 0 0 0 0 0 0 0 0 0 0 0 0 0 0 0 1874440842 0 0 0 0 0 0 0 0 687286 0 389425 0 0 0 0 0 0 0 0 0 0 0 631990485 1 0 0 0 0 0 0 0 0 0 0 0 0 0 0 0 0 0 0 0 0 0 0 381660 4219 0 0 0 0 15821954 0 0 0 0 0 0 0 0 0 0 0 0 0 0 0 0 0 0 0 0 0 0 0 0 0 0 0 0 0 0 0 0 0 0 0 0 0 0 0 0 0 0 0 0 0 0 0 0 0 0 0 0 0 0 0 0 0 0 0 0 0 0 0 0 0 0 0 0 0 0 0 0 0 0 0 171429106 0 0 0
ctxt 367202878
btime 1669654930
processes 513482
procs_running 1
procs_blocked 0
softirq 767686626 538105730 28581358 727014 52847661 389359 0 91897634 36260413 557 18876900

cpu  801582 35469 1346509 496206637 106923 0 2285135 0 0 0
cpu0 107554 9541 186216 124310461 29155 0 534531 0 0 0
cpu1 443797 10657 752215 123171080 21788 0 667321 0 0 0
cpu2 128002 2862 214400 124367294 28851 0 555131 0 0 0
cpu3 122227 12408 193677 124357800 27126 0 528151 0 0 0
intr 11327439705 0 0 2524989 81 0 677179 30307990 0 0 0 8845670 0 0 0 0 0 0 0 0 0 0 0 0 0 0 0 0 0 0 0 0 0 0 0 0 0 0 0 0 0 0 0 0 0 0 0 0 0 0 0 0 1874444869 0 0 0 0 0 0 0 0 687287 0 389425 0 0 0 0 0 0 0 0 0 0 0 631990638 1 0 0 0 0 0 0 0 0 0 0 0 0 0 0 0 0 0 0 0 0 0 0 381660 4219 0 0 0 0 15821969 0 0 0 0 0 0 0 0 0 0 0 0 0 0 0 0 0 0 0 0 0 0 0 0 0 0 0 0 0 0 0 0 0 0 0 0 0 0 0 0 0 0 0 0 0 0 0 0 0 0 0 0 0 0 0 0 0 0 0 0 0 0 0 0 0 0 0 0 0 0 0 0 0 0 0 171429136 0 0 0
ctxt 367202976
btime 1669654930
processes 513482
procs_running 1
procs_blocked 0
softirq 767686692 538105738 28581372 727014 52847662 389359 0 91897648 36260430 557 18876912

cpu  801582 35469 1346510 496206834 106923 0 2285135 0 0 0
cpu0 107554 9541 186216 124310510 29155 0 534531 0 0 0
cpu1 443797 10657 752215 123171130 21788 0 667321 0 0 0
cpu2 128002 2862 214400 124367343 28851 0 555131 0 0 0
cpu3 122227 12408 193677 124357850 27126 0 528151 0 0 0
intr 11327443908 0 0 2524990 81 0 677179 30308011 0 0 0 8845673 0 0 0 0 0 0 0 0 0 0 0 0 0 0 0 0 0 0 0 0 0 0 0 0 0 0 0 0 0 0 0 0 0 0 0 0 0 0 0 0 1874448873 0 0 0 0 0 0 0 0 687288 0 389425 0 0 0 0 0 0 0 0 0 0 0 631990766 1 0 0 0 0 0 0 0 0 0 0 0 0 0 0 0 0 0 0 0 0 0 0 381660 4219 0 0 0 0 15821984 0 0 0 0 0 0 0 0 0 0 0 0 0 0 0 0 0 0 0 0 0 0 0 0 0 0 0 0 0 0 0 0 0 0 0 0 0 0 0 0 0 0 0 0 0 0 0 0 0 0 0 0 0 0 0 0 0 0 0 0 0 0 0 0 0 0 0 0 0 0 0 0 0 0 0 171429167 0 0 0
ctxt 367203056
btime 1669654930
processes 513482
procs_running 1
procs_blocked 0
softirq 767686748 538105738 28581385 727014 52847663 389359 0 91897661 36260448 557 18876923

cpu  801582 35469 1346510 496207031 106923 0 2285135 0 0 0
cpu0 107554 9541 186216 124310559 29155 0 534531 0 0 0
cpu1 443797 10657 752215 123171179 21788 0 667321 0 0 0
cpu2 128002 2862 214400 124367392 28851 0 555131 0 0 0
cpu3 122227 12408 193677 124357899 27126 0 528151 0 0 0
intr 11327448157 0 0 2524990 81 0 677179 30308038 0 0 0 8845678 0 0 0 0 0 0 0 0 0 0 0 0 0 0 0 0 0 0 0 0 0 0 0 0 0 0 0 0 0 0 0 0 0 0 0 0 0 0 0 0 1874452892 0 0 0 0 0 0 0 0 687289 0 389425 0 0 0 0 0 0 0 0 0 0 0 631990919 1 0 0 0 0 0 0 0 0 0 0 0 0 0 0 0 0 0 0 0 0 0 0 381660 4219 0 0 0 0 15821999 0 0 0 0 0 0 0 0 0 0 0 0 0 0 0 0 0 0 0 0 0 0 0 0 0 0 0 0 0 0 0 0 0 0 0 0 0 0 0 0 0 0 0 0 0 0 0 0 0 0 0 0 0 0 0 0 0 0 0 0 0 0 0 0 0 0 0 0 0 0 0 0 0 0 0 171429196 0 0 0
ctxt 367203157
btime 1669654930
processes 513482
procs_running 1
procs_blocked 0
softirq 767686815 538105746 28581399 727014 52847664 389359 0 91897677 36260465 557 18876934

cpu  801582 35469 1346510 496207228 106923 0 2285135 0 0 0
cpu0 107554 9541 186217 124310608 29155 0 534531 0 0 0
cpu1 443797 10657 752215 123171229 21788 0 667321 0 0 0
cpu2 128002 2862 214400 124367441 28851 0 555131 0 0 0
cpu3 122227 12408 193678 124357948 27126 0 528151 0 0 0
intr 11327452349 0 0 2524990 81 0 677179 30308057 0 0 0 8845682 0 0 0 0 0 0 0 0 0 0 0 0 0 0 0 0 0 0 0 0 0 0 0 0 0 0 0 0 0 0 0 0 0 0 0 0 0 0 0 0 1874456889 0 0 0 0 0 0 0 0 687290 0 389425 0 0 0 0 0 0 0 0 0 0 0 631991047 1 0 0 0 0 0 0 0 0 0 0 0 0 0 0 0 0 0 0 0 0 0 0 381660 4219 0 0 0 0 15822014 0 0 0 0 0 0 0 0 0 0 0 0 0 0 0 0 0 0 0 0 0 0 0 0 0 0 0 0 0 0 0 0 0 0 0 0 0 0 0 0 0 0 0 0 0 0 0 0 0 0 0 0 0 0 0 0 0 0 0 0 0 0 0 0 0 0 0 0 0 0 0 0 0 0 0 171429224 0 0 0
ctxt 367203240
btime 1669654930
processes 513482
procs_running 1
procs_blocked 0
softirq 767686873 538105746 28581414 727015 52847665 389359 0 91897690 36260482 557 18876945

cpu  801582 35469 1346511 496207425 106923 0 2285135 0 0 0
cpu0 107554 9541 186217 124310657 29155 0 534531 0 0 0
cpu1 443797 10657 752215 123171278 21788 0 667321 0 0 0
cpu2 128002 2862 214400 124367491 28851 0 555131 0 0 0
cpu3 122227 12408 193678 124357997 27126 0 528151 0 0 0
intr 11327456608 0 0 2524994 81 0 677179 30308086 0 0 0 8845685 0 0 0 0 0 0 0 0 0 0 0 0 0 0 0 0 0 0 0 0 0 0 0 0 0 0 0 0 0 0 0 0 0 0 0 0 0 0 0 0 1874460908 0 0 0 0 0 0 0 0 687291 0 389425 0 0 0 0 0 0 0 0 0 0 0 631991200 1 0 0 0 0 0 0 0 0 0 0 0 0 0 0 0 0 0 0 0 0 0 0 381660 4219 0 0 0 0 15822029 0 0 0 0 0 0 0 0 0 0 0 0 0 0 0 0 0 0 0 0 0 0 0 0 0 0 0 0 0 0 0 0 0 0 0 0 0 0 0 0 0 0 0 0 0 0 0 0 0 0 0 0 0 0 0 0 0 0 0 0 0 0 0 0 0 0 0 0 0 0 0 0 0 0 0 171429258 0 0 0
ctxt 367203339
btime 1669654930
processes 513482
procs_running 1
procs_blocked 0
softirq 767686944 538105754 28581430 727015 52847666 389359 0 91897704 36260502 557 18876957

cpu  801582 35469 1346512 496207622 106923 0 2285135 0 0 0
cpu0 107554 9541 186217 124310706 29155 0 534531 0 0 0
cpu1 443797 10657 752215 123171328 21788 0 667321 0 0 0
cpu2 128002 2862 214400 124367540 28851 0 555131 0 0 0
cpu3 122227 12408 193678 124358047 27126 0 528151 0 0 0
intr 11327460811 0 0 2524995 81 0 677179 30308107 0 0 0 8845688 0 0 0 0 0 0 0 0 0 0 0 0 0 0 0 0 0 0 0 0 0 0 0 0 0 0 0 0 0 0 0 0 0 0 0 0 0 0 0 0 1874464913 0 0 0 0 0 0 0 0 687292 0 389425 0 0 0 0 0 0 0 0 0 0 0 631991328 1 0 0 0 0 0 0 0 0 0 0 0 0 0 0 0 0 0 0 0 0 0 0 381660 4219 0 0 0 0 15822044 0 0 0 0 0 0 0 0 0 0 0 0 0 0 0 0 0 0 0 0 0 0 0 0 0 0 0 0 0 0 0 0 0 0 0 0 0 0 0 0 0 0 0 0 0 0 0 0 0 0 0 0 0 0 0 0 0 0 0 0 0 0 0 0 0 0 0 0 0 0 0 0 0 0 0 171429288 0 0 0
ctxt 367203417
btime 1669654930
processes 513482
procs_running 1
procs_blocked 0
softirq 767687004 538105754 28581444 727015 52847667 389359 0 91897717 36260522 557 18876969

cpu  801582 35469 1346512 496207819 106923 0 2285135 0 0 0
cpu0 107554 9541 186218 124310755 29155 0 534531 0 0 0
cpu1 443797 10657 752215 123171377 21788 0 667321 0 0 0
cpu2 128002 2862 214400 124367589 28851 0 555131 0 0 0
cpu3 122227 12408 193679 124358096 27126 0 528151 0 0 0
intr 11327465063 0 0 2524995 81 0 677179 30308135 0 0 0 8845693 0 0 0 0 0 0 0 0 0 0 0 0 0 0 0 0 0 0 0 0 0 0 0 0 0 0 0 0 0 0 0 0 0 0 0 0 0 0 0 0 1874468931 0 0 0 0 0 0 0 0 687293 0 389425 0 0 0 0 0 0 0 0 0 0 0 631991481 1 0 0 0 0 0 0 0 0 0 0 0 0 0 0 0 0 0 0 0 0 0 0 381660 4219 0 0 0 0 15822059 0 0 0 0 0 0 0 0 0 0 0 0 0 0 0 0 0 0 0 0 0 0 0 0 0 0 0 0 0 0 0 0 0 0 0 0 0 0 0 0 0 0 0 0 0 0 0 0 0 0 0 0 0 0 0 0 0 0 0 0 0 0 0 0 0 0 0 0 0 0 0 0 0 0 0 171429320 0 0 0
ctxt 367203521
btime 1669654930
processes 513482
procs_running 1
procs_blocked 0
softirq 767687072 538105762 28581458 727015 52847668 389359 0 91897731 36260540 557 18876982

cpu  801582 35469 1346512 496208016 106923 0 2285135 0 0 0
cpu0 107554 9541 186218 124310804 29155 0 534531 0 0 0
cpu1 443797 10657 752215 123171427 21788 0 667321 0 0 0
cpu2 128002 2862 214400 124367639 28851 0 555131 0 0 0
cpu3 122227 12408 193679 124358145 27126 0 528151 0 0 0
intr 11327469264 0 0 2524995 81 0 677179 30308154 0 0 0 8845696 0 0 0 0 0 0 0 0 0 0 0 0 0 0 0 0 0 0 0 0 0 0 0 0 0 0 0 0 0 0 0 0 0 0 0 0 0 0 0 0 1874472937 0 0 0 0 0 0 0 0 687294 0 389425 0 0 0 0 0 0 0 0 0 0 0 631991610 1 0 0 0 0 0 0 0 0 0 0 0 0 0 0 0 0 0 0 0 0 0 0 381660 4219 0 0 0 0 15822074 0 0 0 0 0 0 0 0 0 0 0 0 0 0 0 0 0 0 0 0 0 0 0 0 0 0 0 0 0 0 0 0 0 0 0 0 0 0 0 0 0 0 0 0 0 0 0 0 0 0 0 0 0 0 0 0 0 0 0 0 0 0 0 0 0 0 0 0 0 0 0 0 0 0 0 171429348 0 0 0
ctxt 367203608
btime 1669654930
processes 513482
procs_running 1
procs_blocked 0
softirq 767687127 538105763 28581471 727015 52847669 389359 0 91897745 36260554 557 18876994

cpu  801583 35469 1346512 496208213 106923 0 2285135 0 0 0
cpu0 107554 9541 186218 124310853 29155 0 534531 0 0 0
cpu1 443797 10657 752215 123171476 21788 0 667321 0 0 0
cpu2 128002 2862 214400 124367688 28851 0 555131 0 0 0
cpu3 122228 12408 193679 124358194 27126 0 528151 0 0 0
intr 11327473530 0 0 2524995 81 0 677179 30308187 0 0 0 8845699 0 0 0 0 0 0 0 0 0 0 0 0 0 0 0 0 0 0 0 0 0 0 0 0 0 0 0 0 0 0 0 0 0 0 0 0 0 0 0 0 1874476957 0 0 0 0 0 0 0 0 687295 0 389425 0 0 0 0 0 0 0 0 0 0 0 631991763 1 0 0 0 0 0 0 0 0 0 0 0 0 0 0 0 0 0 0 0 0 0 0 381660 4219 0 0 0 0 15822099 0 0 0 0 0 0 0 0 0 0 0 0 0 0 0 0 0 0 0 0 0 0 0 0 0 0 0 0 0 0 0 0 0 0 0 0 0 0 0 0 0 0 0 0 0 0 0 0 0 0 0 0 0 0 0 0 0 0 0 0 0 0 0 0 0 0 0 0 0 0 0 0 0 0 0 171429379 0 0 0
ctxt 367203730
btime 1669654930
processes 513482
procs_running 1
procs_blocked 0
softirq 767687202 538105771 28581485 727015 52847671 389359 0 91897767 36260571 557 18877006

cpu  801583 35469 1346512 496208410 106923 0 2285135 0 0 0
cpu0 107554 9541 186218 124310902 29155 0 534531 0 0 0
cpu1 443797 10657 752215 123171526 21788 0 667321 0 0 0
cpu2 128002 2862 214400 124367737 28851 0 555131 0 0 0
cpu3 122228 12408 193679 124358243 27126 0 528151 0 0 0
intr 11327477729 0 0 2524996 81 0 677179 30308206 0 0 0 8845703 0 0 0 0 0 0 0 0 0 0 0 0 0 0 0 0 0 0 0 0 0 0 0 0 0 0 0 0 0 0 0 0 0 0 0 0 0 0 0 0 1874480961 0 0 0 0 0 0 0 0 687296 0 389425 0 0 0 0 0 0 0 0 0 0 0 631991891 1 0 0 0 0 0 0 0 0 0 0 0 0 0 0 0 0 0 0 0 0 0 0 381660 4219 0 0 0 0 15822114 0 0 0 0 0 0 0 0 0 0 0 0 0 0 0 0 0 0 0 0 0 0 0 0 0 0 0 0 0 0 0 0 0 0 0 0 0 0 0 0 0 0 0 0 0 0 0 0 0 0 0 0 0 0 0 0 0 0 0 0 0 0 0 0 0 0 0 0 0 0 0 0 0 0 0 171429406 0 0 0
ctxt 367203808
btime 1669654930
processes 513482
procs_running 1
procs_blocked 0
softirq 767687254 538105771 28581498 727015 52847672 389359 0 91897780 36260586 557 18877016

cpu  801583 35469 1346512 496208607 106923 0 2285135 0 0 0
cpu0 107554 9541 186218 124310951 29155 0 534531 0 0 0
cpu1 443797 10657 752215 123171575 21788 0 667321 0 0 0
cpu2 128002 2862 214400 124367787 28851 0 555131 0 0 0
cpu3 122228 12408 193679 124358293 27126 0 528151 0 0 0
intr 11327481984 0 0 2524996 81 0 677179 30308235 0 0 0 8845706 0 0 0 0 0 0 0 0 0 0 0 0 0 0 0 0 0 0 0 0 0 0 0 0 0 0 0 0 0 0 0 0 0 0 0 0 0 0 0 0 1874484981 0 0 0 0 0 0 0 0 687297 0 389425 0 0 0 0 0 0 0 0 0 0 0 631992044 1 0 0 0 0 0 0 0 0 0 0 0 0 0 0 0 0 0 0 0 0 0 0 381660 4219 0 0 0 0 15822129 0 0 0 0 0 0 0 0 0 0 0 0 0 0 0 0 0 0 0 0 0 0 0 0 0 0 0 0 0 0 0 0 0 0 0 0 0 0 0 0 0 0 0 0 0 0 0 0 0 0 0 0 0 0 0 0 0 0 0 0 0 0 0 0 0 0 0 0 0 0 0 0 0 0 0 171429439 0 0 0
ctxt 367203912
btime 1669654930
processes 513482
procs_running 1
procs_blocked 0
softirq 767687323 538105779 28581513 727015 52847673 389359 0 91897795 36260604 557 18877028

cpu  801583 35469 1346513 496208804 106923 0 2285135 0 0 0
cpu0 107554 9541 186218 124311000 29155 0 534531 0 0 0
cpu1 443797 10657 752215 123171625 21788 0 667321 0 0 0
cpu2 128002 2862 214400 124367836 28851 0 555131 0 0 0
cpu3 122228 12408 193679 124358342 27126 0 528151 0 0 0
intr 11327486180 0 0 2524996 81 0 677179 30308253 0 0 0 8845709 0 0 0 0 0 0 0 0 0 0 0 0 0 0 0 0 0 0 0 0 0 0 0 0 0 0 0 0 0 0 0 0 0 0 0 0 0 0 0 0 1874488986 0 0 0 0 0 0 0 0 687298 0 389425 0 0 0 0 0 0 0 0 0 0 0 631992172 1 0 0 0 0 0 0 0 0 0 0 0 0 0 0 0 0 0 0 0 0 0 0 381660 4219 0 0 0 0 15822144 0 0 0 0 0 0 0 0 0 0 0 0 0 0 0 0 0 0 0 0 0 0 0 0 0 0 0 0 0 0 0 0 0 0 0 0 0 0 0 0 0 0 0 0 0 0 0 0 0 0 0 0 0 0 0 0 0 0 0 0 0 0 0 0 0 0 0 0 0 0 0 0 0 0 0 171429466 0 0 0
ctxt 367203990
btime 1669654930
processes 513482
procs_running 1
procs_blocked 0
softirq 767687376 538105779 28581526 727015 52847674 389359 0 91897808 36260620 557 18877038

cpu  801583 35469 1346513 496209000 106923 0 2285136 0 0 0
cpu0 107554 9541 186218 124311049 29155 0 534531 0 0 0
cpu1 443797 10657 752215 123171674 21788 0 667321 0 0 0
cpu2 128002 2862 214400 124367885 28851 0 555131 0 0 0
cpu3 122228 12408 193680 124358391 27126 0 528151 0 0 0
intr 11327490589 0 0 2524996 81 0 677179 30308280 0 0 0 8845713 0 0 0 0 0 0 0 0 0 0 0 0 0 0 0 0 0 0 0 0 0 0 0 0 0 0 0 0 0 0 0 0 0 0 0 0 0 0 0 0 1874493074 0 0 0 0 0 0 0 0 687299 0 389425 0 0 0 0 0 0 0 0 0 0 0 631992389 1 0 0 0 0 0 0 0 0 0 0 0 0 0 0 0 0 0 0 0 0 0 0 381660 4219 0 0 0 0 15822159 0 0 0 0 0 0 0 0 0 0 0 0 0 0 0 0 0 0 0 0 0 0 0 0 0 0 0 0 0 0 0 0 0 0 0 0 0 0 0 0 0 0 0 0 0 0 0 0 0 0 0 0 0 0 0 0 0 0 0 0 0 0 0 0 0 0 0 0 0 0 0 0 0 0 0 171429522 0 0 0
ctxt 367204100
btime 1669654930
processes 513482
procs_running 1
procs_blocked 0
softirq 767687674 538105851 28581544 727015 52847739 389359 0 91897892 36260650 557 18877067

cpu  801583 35469 1346514 496209197 106923 0 2285136 0 0 0
cpu0 107554 9541 186218 124311098 29155 0 534531 0 0 0
cpu1 443797 10657 752215 123171723 21788 0 667321 0 0 0
cpu2 128002 2862 214400 124367934 28851 0 555132 0 0 0
cpu3 122228 12408 193680 124358440 27126 0 528151 0 0 0
intr 11327494825 0 0 2524997 81 0 677179 30308313 0 0 0 8845717 0 0 0 0 0 0 0 0 0 0 0 0 0 0 0 0 0 0 0 0 0 0 0 0 0 0 0 0 0 0 0 0 0 0 0 0 0 0 0 0 1874497079 0 0 0 0 0 0 0 0 687300 0 389425 0 0 0 0 0 0 0 0 0 0 0 631992517 1 0 0 0 0 0 0 0 0 0 0 0 0 0 0 0 0 0 0 0 0 0 0 381660 4219 0 0 0 0 15822189 0 0 0 0 0 0 0 0 0 0 0 0 0 0 0 0 0 0 0 0 0 0 0 0 0 0 0 0 0 0 0 0 0 0 0 0 0 0 0 0 0 0 0 0 0 0 0 0 0 0 0 0 0 0 0 0 0 0 0 0 0 0 0 0 0 0 0 0 0 0 0 0 0 0 0 171429557 0 0 0
ctxt 367204216
btime 1669654930
processes 513482
procs_running 1
procs_blocked 0
softirq 767687757 538105851 28581562 727016 52847741 389359 0 91897917 36260671 557 18877083

cpu  801583 35469 1346514 496209393 106923 0 2285136 0 0 0
cpu0 107554 9541 186218 124311146 29155 0 534531 0 0 0
cpu1 443797 10657 752215 123171773 21788 0 667321 0 0 0
cpu2 128002 2862 214400 124367983 28851 0 555132 0 0 0
cpu3 122228 12408 193680 124358489 27126 0 528151 0 0 0
intr 11327499183 0 0 2524997 81 0 677179 30308335 0 0 0 8845720 0 0 0 0 0 0 0 0 0 0 0 0 0 0 0 0 0 0 0 0 0 0 0 0 0 0 0 0 0 0 0 0 0 0 0 0 0 0 0 0 1874501141 0 0 0 0 0 0 0 0 687301 0 389425 0 0 0 0 0 0 0 0 0 0 0 631992709 1 0 0 0 0 0 0 0 0 0 0 0 0 0 0 0 0 0 0 0 0 0 0 381660 4219 0 0 0 0 15822204 0 0 0 0 0 0 0 0 0 0 0 0 0 0 0 0 0 0 0 0 0 0 0 0 0 0 0 0 0 0 0 0 0 0 0 0 0 0 0 0 0 0 0 0 0 0 0 0 0 0 0 0 0 0 0 0 0 0 0 0 0 0 0 0 0 0 0 0 0 0 0 0 0 0 0 171429620 0 0 0
ctxt 367204307
btime 1669654930
processes 513482
procs_running 1
procs_blocked 0
softirq 767688047 538105915 28581579 727016 52847806 389359 0 91897997 36260706 557 18877112

cpu  801583 35469 1346514 496209589 106923 0 2285136 0 0 0
cpu0 107554 9541 186218 124311195 29155 0 534531 0 0 0
cpu1 443797 10657 752215 123171822 21788 0 667321 0 0 0
cpu2 128002 2862 214400 124368032 28851 0 555132 0 0 0
cpu3 122228 12408 193681 124358538 27126 0 528151 0 0 0
intr 11327503446 0 0 2524997 81 0 677179 30308365 0 0 0 8845723 0 0 0 0 0 0 0 0 0 0 0 0 0 0 0 0 0 0 0 0 0 0 0 0 0 0 0 0 0 0 0 0 0 0 0 0 0 0 0 0 1874505164 0 0 0 0 0 0 0 0 687302 0 389425 0 0 0 0 0 0 0 0 0 0 0 631992861 1 0 0 0 0 0 0 0 0 0 0 0 0 0 0 0 0 0 0 0 0 0 0 381660 4219 0 0 0 0 15822219 0 0 0 0 0 0 0 0 0 0 0 0 0 0 0 0 0 0 0 0 0 0 0 0 0 0 0 0 0 0 0 0 0 0 0 0 0 0 0 0 0 0 0 0 0 0 0 0 0 0 0 0 0 0 0 0 0 0 0 0 0 0 0 0 0 0 0 0 0 0 0 0 0 0 0 171429658 0 0 0
ctxt 367204415
btime 1669654930
processes 513482
procs_running 1
procs_blocked 0
softirq 767688126 538105923 28581593 727016 52847807 389359 0 91898013 36260729 557 18877129

cpu  801583 35469 1346515 496209787 106923 0 2285136 0 0 0
cpu0 107554 9541 186218 124311245 29155 0 534531 0 0 0
cpu1 443797 10657 752215 123171871 21788 0 667321 0 0 0
cpu2 128002 2862 214400 124368082 28851 0 555132 0 0 0
cpu3 122228 12408 193681 124358587 27126 0 528151 0 0 0
intr 11327507652 0 0 2524997 81 0 677179 30308387 0 0 0 8845727 0 0 0 0 0 0 0 0 0 0 0 0 0 0 0 0 0 0 0 0 0 0 0 0 0 0 0 0 0 0 0 0 0 0 0 0 0 0 0 0 1874509168 0 0 0 0 0 0 0 0 687303 0 389425 0 0 0 0 0 0 0 0 0 0 0 631992991 1 0 0 0 0 0 0 0 0 0 0 0 0 0 0 0 0 0 0 0 0 0 0 381660 4219 0 0 0 0 15822234 0 0 0 0 0 0 0 0 0 0 0 0 0 0 0 0 0 0 0 0 0 0 0 0 0 0 0 0 0 0 0 0 0 0 0 0 0 0 0 0 0 0 0 0 0 0 0 0 0 0 0 0 0 0 0 0 0 0 0 0 0 0 0 0 0 0 0 0 0 0 0 0 0 0 0 171429688 0 0 0
ctxt 367204506
btime 1669654930
processes 513482
procs_running 1
procs_blocked 0
softirq 767688181 538105923 28581606 727016 52847808 389359 0 91898027 36260745 557 18877140

cpu  801583 35469 1346515 496209983 106923 0 2285137 0 0 0
cpu0 107554 9541 186218 124311293 29155 0 534532 0 0 0
cpu1 443797 10657 752215 123171921 21788 0 667321 0 0 0
cpu2 128002 2862 214400 124368131 28851 0 555132 0 0 0
cpu3 122228 12408 193682 124358636 27126 0 528151 0 0 0
intr 11327512075 0 0 2524998 81 0 677179 30308417 0 0 0 8845732 0 0 0 0 0 0 0 0 0 0 0 0 0 0 0 0 0 0 0 0 0 0 0 0 0 0 0 0 0 0 0 0 0 0 0 0 0 0 0 0 1874513266 0 0 0 0 0 0 0 0 687304 0 389425 0 0 0 0 0 0 0 0 0 0 0 631993205 1 0 0 0 0 0 0 0 0 0 0 0 0 0 0 0 0 0 0 0 0 0 0 381660 4219 0 0 0 0 15822249 0 0 0 0 0 0 0 0 0 0 0 0 0 0 0 0 0 0 0 0 0 0 0 0 0 0 0 0 0 0 0 0 0 0 0 0 0 0 0 0 0 0 0 0 0 0 0 0 0 0 0 0 0 0 0 0 0 0 0 0 0 0 0 0 0 0 0 0 0 0 0 0 0 0 0 171429748 0 0 0
ctxt 367204617
btime 1669654930
processes 513482
procs_running 1
procs_blocked 0
softirq 767688488 538105995 28581625 727016 52847873 389359 0 91898111 36260781 557 18877171

cpu  801583 35469 1346516 496210180 106923 0 2285137 0 0 0
cpu0 107554 9541 186218 124311343 29155 0 534532 0 0 0
cpu1 443797 10657 752215 123171970 21788 0 667321 0 0 0
cpu2 128002 2862 214400 124368180 28851 0 555132 0 0 0
cpu3 122228 12408 193682 124358686 27126 0 528151 0 0 0
intr 11327516272 0 0 2524998 81 0 677179 30308439 0 0 0 8845736 0 0 0 0 0 0 0 0 0 0 0 0 0 0 0 0 0 0 0 0 0 0 0 0 0 0 0 0 0 0 0 0 0 0 0 0 0 0 0 0 1874517262 0 0 0 0 0 0 0 0 687305 0 389425 0 0 0 0 0 0 0 0 0 0 0 631993335 1 0 0 0 0 0 0 0 0 0 0 0 0 0 0 0 0 0 0 0 0 0 0 381660 4219 0 0 0 0 15822264 0 0 0 0 0 0 0 0 0 0 0 0 0 0 0 0 0 0 0 0 0 0 0 0 0 0 0 0 0 0 0 0 0 0 0 0 0 0 0 0 0 0 0 0 0 0 0 0 0 0 0 0 0 0 0 0 0 0 0 0 0 0 0 0 0 0 0 0 0 0 0 0 0 0 0 171429777 0 0 0
ctxt 367204693
btime 1669654930
processes 513482
procs_running 1
procs_blocked 0
softirq 767688545 538105995 28581638 727016 52847874 389359 0 91898125 36260799 557 18877182

cpu  801583 35469 1346516 496210376 106923 0 2285138 0 0 0
cpu0 107554 9541 186218 124311391 29155 0 534532 0 0 0
cpu1 443797 10657 752215 123172019 21788 0 667321 0 0 0
cpu2 128002 2862 214400 124368229 28851 0 555132 0 0 0
cpu3 122228 12408 193682 124358734 27126 0 528151 0 0 0
intr 11327520682 0 0 2524998 81 0 677179 30308465 0 0 0 8845739 0 0 0 0 0 0 0 0 0 0 0 0 0 0 0 0 0 0 0 0 0 0 0 0 0 0 0 0 0 0 0 0 0 0 0 0 0 0 0 0 1874521349 0 0 0 0 0 0 0 0 687306 0 389425 0 0 0 0 0 0 0 0 0 0 0 631993549 1 0 0 0 0 0 0 0 0 0 0 0 0 0 0 0 0 0 0 0 0 0 0 381660 4219 0 0 0 0 15822279 0 0 0 0 0 0 0 0 0 0 0 0 0 0 0 0 0 0 0 0 0 0 0 0 0 0 0 0 0 0 0 0 0 0 0 0 0 0 0 0 0 0 0 0 0 0 0 0 0 0 0 0 0 0 0 0 0 0 0 0 0 0 0 0 0 0 0 0 0 0 0 0 0 0 0 171429840 0 0 0
ctxt 367204805
btime 1669654930
processes 513482
procs_running 1
procs_blocked 0
softirq 767688850 538106067 28581657 727016 52847939 389359 0 91898205 36260835 557 18877215

cpu  801583 35469 1346516 496210573 106923 0 2285138 0 0 0
cpu0 107554 9541 186218 124311440 29155 0 534532 0 0 0
cpu1 443797 10657 752215 123172069 21788 0 667321 0 0 0
cpu2 128002 2862 214400 124368279 28851 0 555132 0 0 0
cpu3 122228 12408 193682 124358784 27126 0 528151 0 0 0
intr 11327524886 0 0 2524998 81 0 677179 30308484 0 0 0 8845743 0 0 0 0 0 0 0 0 0 0 0 0 0 0 0 0 0 0 0 0 0 0 0 0 0 0 0 0 0 0 0 0 0 0 0 0 0 0 0 0 1874525353 0 0 0 0 0 0 0 0 687307 0 389425 0 0 0 0 0 0 0 0 0 0 0 631993677 1 0 0 0 0 0 0 0 0 0 0 0 0 0 0 0 0 0 0 0 0 0 0 381660 4219 0 0 0 0 15822294 0 0 0 0 0 0 0 0 0 0 0 0 0 0 0 0 0 0 0 0 0 0 0 0 0 0 0 0 0 0 0 0 0 0 0 0 0 0 0 0 0 0 0 0 0 0 0 0 0 0 0 0 0 0 0 0 0 0 0 0 0 0 0 0 0 0 0 0 0 0 0 0 0 0 0 171429873 0 0 0
ctxt 367204881
btime 1669654930
processes 513482
procs_running 1
procs_blocked 0
softirq 767688913 538106067 28581673 727016 52847940 389359 0 91898219 36260856 557 18877226

cpu  801584 35469 1346517 496210770 106923 0 2285138 0 0 0
cpu0 107554 9541 186218 124311489 29155 0 534532 0 0 0
cpu1 443797 10657 752215 123172118 21788 0 667321 0 0 0
cpu2 128002 2862 214400 124368328 28851 0 555132 0 0 0
cpu3 122228 12408 193682 124358833 27126 0 528151 0 0 0
intr 11327529138 0 0 2524999 81 0 677179 30308508 0 0 0 8845747 0 0 0 0 0 0 0 0 0 0 0 0 0 0 0 0 0 0 0 0 0 0 0 0 0 0 0 0 0 0 0 0 0 0 0 0 0 0 0 0 1874529377 0 0 0 0 0 0 0 0 687308 0 389425 0 0 0 0 0 0 0 0 0 0 0 631993829 1 0 0 0 0 0 0 0 0 0 0 0 0 0 0 0 0 0 0 0 0 0 0 381660 4219 0 0 0 0 15822309 0 0 0 0 0 0 0 0 0 0 0 0 0 0 0 0 0 0 0 0 0 0 0 0 0 0 0 0 0 0 0 0 0 0 0 0 0 0 0 0 0 0 0 0 0 0 0 0 0 0 0 0 0 0 0 0 0 0 0 0 0 0 0 0 0 0 0 0 0 0 0 0 0 0 0 171429905 0 0 0
ctxt 367204979
btime 1669654930
processes 513482
procs_running 1
procs_blocked 0
softirq 767688983 538106075 28581688 727016 52847941 389359 0 91898235 36260875 557 18877237

cpu  801584 35469 1346517 496210966 106923 0 2285139 0 0 0
cpu0 107554 9541 186218 124311538 29155 0 534532 0 0 0
cpu1 443797 10657 752215 123172167 21788 0 667322 0 0 0
cpu2 128002 2862 214400 124368377 28851 0 555132 0 0 0
cpu3 122228 12408 193682 124358882 27126 0 528152 0 0 0
intr 11327533504 0 0 2524999 81 0 677179 30308532 0 0 0 8845751 0 0 0 0 0 0 0 0 0 0 0 0 0 0 0 0 0 0 0 0 0 0 0 0 0 0 0 0 0 0 0 0 0 0 0 0 0 0 0 0 1874533447 0 0 0 0 0 0 0 0 687309 0 389425 0 0 0 0 0 0 0 0 0 0 0 631994023 1 0 0 0 0 0 0 0 0 0 0 0 0 0 0 0 0 0 0 0 0 0 0 381660 4219 0 0 0 0 15822324 0 0 0 0 0 0 0 0 0 0 0 0 0 0 0 0 0 0 0 0 0 0 0 0 0 0 0 0 0 0 0 0 0 0 0 0 0 0 0 0 0 0 0 0 0 0 0 0 0 0 0 0 0 0 0 0 0 0 0 0 0 0 0 0 0 0 0 0 0 0 0 0 0 0 0 171429963 0 0 0
ctxt 367205070
btime 1669654930
processes 513482
procs_running 1
procs_blocked 0
softirq 767689271 538106139 28581705 727016 52848005 389359 0 91898314 36260908 557 18877268

cpu  801584 35469 1346517 496211163 106923 0 2285139 0 0 0
cpu0 107554 9541 186218 124311587 29155 0 534532 0 0 0
cpu1 443797 10657 752215 123172217 21788 0 667322 0 0 0
cpu2 128002 2862 214400 124368426 28851 0 555132 0 0 0
cpu3 122229 12408 193682 124358931 27126 0 528152 0 0 0
intr 11327537754 0 0 2524999 81 0 677179 30308559 0 0 0 8845756 0 0 0 0 0 0 0 0 0 0 0 0 0 0 0 0 0 0 0 0 0 0 0 0 0 0 0 0 0 0 0 0 0 0 0 0 0 0 0 0 1874537466 0 0 0 0 0 0 0 0 687310 0 389425 0 0 0 0 0 0 0 0 0 0 0 631994174 1 0 0 0 0 0 0 0 0 0 0 0 0 0 0 0 0 0 0 0 0 0 0 381660 4219 0 0 0 0 15822339 0 0 0 0 0 0 0 0 0 0 0 0 0 0 0 0 0 0 0 0 0 0 0 0 0 0 0 0 0 0 0 0 0 0 0 0 0 0 0 0 0 0 0 0 0 0 0 0 0 0 0 0 0 0 0 0 0 0 0 0 0 0 0 0 0 0 0 0 0 0 0 0 0 0 0 171429994 0 0 0
ctxt 367205171
btime 1669654930
processes 513482
procs_running 1
procs_blocked 0
softirq 767689335 538106147 28581718 727016 52848006 389359 0 91898327 36260926 557 18877279

cpu  801584 35469 1346517 496211360 106923 0 2285139 0 0 0
cpu0 107554 9541 186218 124311636 29155 0 534532 0 0 0
cpu1 443797 10657 752215 123172266 21788 0 667322 0 0 0
cpu2 128002 2862 214400 124368475 28851 0 555132 0 0 0
cpu3 122229 12408 193682 124358981 27126 0 528152 0 0 0
intr 11327541963 0 0 2525003 81 0 677179 30308583 0 0 0 8845759 0 0 0 0 0 0 0 0 0 0 0 0 0 0 0 0 0 0 0 0 0 0 0 0 0 0 0 0 0 0 0 0 0 0 0 0 0 0 0 0 1874541462 0 0 0 0 0 0 0 0 687311 0 389425 0 0 0 0 0 0 0 0 0 0 0 631994304 1 0 0 0 0 0 0 0 0 0 0 0 0 0 0 0 0 0 0 0 0 0 0 381660 4219 0 0 0 0 15822354 0 0 0 0 0 0 0 0 0 0 0 0 0 0 0 0 0 0 0 0 0 0 0 0 0 0 0 0 0 0 0 0 0 0 0 0 0 0 0 0 0 0 0 0 0 0 0 0 0 0 0 0 0 0 0 0 0 0 0 0 0 0 0 0 0 0 0 0 0 0 0 0 0 0 0 171430031 0 0 0
ctxt 367205261
btime 1669654930
processes 513482
procs_running 1
procs_blocked 0
softirq 767689402 538106147 28581737 727016 52848007 389359 0 91898341 36260947 557 18877291

cpu  801584 35469 1346517 496211556 106923 0 2285140 0 0 0
cpu0 107554 9541 186218 124311685 29155 0 534532 0 0 0
cpu1 443797 10657 752215 123172316 21788 0 667322 0 0 0
cpu2 128002 2862 214400 124368525 28851 0 555133 0 0 0
cpu3 122229 12408 193682 124359030 27126 0 528152 0 0 0
intr 11327546387 0 0 2525004 81 0 677179 30308613 0 0 0 8845763 0 0 0 0 0 0 0 0 0 0 0 0 0 0 0 0 0 0 0 0 0 0 0 0 0 0 0 0 0 0 0 0 0 0 0 0 0 0 0 0 1874545556 0 0 0 0 0 0 0 0 687312 0 389425 0 0 0 0 0 0 0 0 0 0 0 631994519 1 0 0 0 0 0 0 0 0 0 0 0 0 0 0 0 0 0 0 0 0 0 0 381660 4219 0 0 0 0 15822369 0 0 0 0 0 0 0 0 0 0 0 0 0 0 0 0 0 0 0 0 0 0 0 0 0 0 0 0 0 0 0 0 0 0 0 0 0 0 0 0 0 0 0 0 0 0 0 0 0 0 0 0 0 0 0 0 0 0 0 0 0 0 0 0 0 0 0 0 0 0 0 0 0 0 0 171430095 0 0 0
ctxt 367205378
btime 1669654930
processes 513482
procs_running 1
procs_blocked 0
softirq 767689703 538106219 28581757 727017 52848072 389359 0 91898420 36260980 557 18877322

cpu  801584 35469 1346518 496211753 106923 0 2285140 0 0 0
cpu0 107554 9541 186218 124311734 29155 0 534532 0 0 0
cpu1 443797 10657 752215 123172365 21788 0 667322 0 0 0
cpu2 128002 2862 214400 124368574 28851 0 555133 0 0 0
cpu3 122229 12408 193683 124359079 27126 0 528152 0 0 0
intr 11327550590 0 0 2525004 81 0 677179 30308635 0 0 0 8845767 0 0 0 0 0 0 0 0 0 0 0 0 0 0 0 0 0 0 0 0 0 0 0 0 0 0 0 0 0 0 0 0 0 0 0 0 0 0 0 0 1874549553 0 0 0 0 0 0 0 0 687313 0 389425 0 0 0 0 0 0 0 0 0 0 0 631994649 1 0 0 0 0 0 0 0 0 0 0 0 0 0 0 0 0 0 0 0 0 0 0 381660 4219 0 0 0 0 15822384 0 0 0 0 0 0 0 0 0 0 0 0 0 0 0 0 0 0 0 0 0 0 0 0 0 0 0 0 0 0 0 0 0 0 0 0 0 0 0 0 0 0 0 0 0 0 0 0 0 0 0 0 0 0 0 0 0 0 0 0 0 0 0 0 0 0 0 0 0 0 0 0 0 0 0 171430129 0 0 0
ctxt 367205461
btime 1669654930
processes 513482
procs_running 1
procs_blocked 0
softirq 767689762 538106219 28581770 727017 52848073 389359 0 91898434 36260999 557 18877334

cpu  801584 35469 1346518 496211949 106923 0 2285140 0 0 0
cpu0 107554 9541 186218 124311782 29155 0 534532 0 0 0
cpu1 443797 10657 752215 123172414 21788 0 667322 0 0 0
cpu2 128002 2862 214400 124368623 28851 0 555133 0 0 0
cpu3 122229 12408 193683 124359128 27126 0 528152 0 0 0
intr 11327555028 0 0 2525004 81 0 677179 30308670 0 0 0 8845770 0 0 0 0 0 0 0 0 0 0 0 0 0 0 0 0 0 0 0 0 0 0 0 0 0 0 0 0 0 0 0 0 0 0 0 0 0 0 0 0 1874553648 0 0 0 0 0 0 0 0 687314 0 389425 0 0 0 0 0 0 0 0 0 0 0 631994864 1 0 0 0 0 0 0 0 0 0 0 0 0 0 0 0 0 0 0 0 0 0 0 381660 4219 0 0 0 0 15822409 0 0 0 0 0 0 0 0 0 0 0 0 0 0 0 0 0 0 0 0 0 0 0 0 0 0 0 0 0 0 0 0 0 0 0 0 0 0 0 0 0 0 0 0 0 0 0 0 0 0 0 0 0 0 0 0 0 0 0 0 0 0 0 0 0 0 0 0 0 0 0 0 0 0 0 171430192 0 0 0
ctxt 367205590
btime 1669654930
processes 513482
procs_running 1
procs_blocked 0
softirq 767690076 538106291 28581790 727017 52848138 389359 0 91898520 36261035 557 18877369

cpu  801584 35469 1346518 496212146 106923 0 2285140 0 0 0
cpu0 107554 9541 186218 124311831 29155 0 534532 0 0 0
cpu1 443797 10657 752215 123172464 21788 0 667322 0 0 0
cpu2 128002 2862 214400 124368672 28851 0 555133 0 0 0
cpu3 122229 12408 193683 124359177 27126 0 528152 0 0 0
intr 11327559246 0 0 2525004 81 0 677179 30308701 0 0 0 8845774 0 0 0 0 0 0 0 0 0 0 0 0 0 0 0 0 0 0 0 0 0 0 0 0 0 0 0 0 0 0 0 0 0 0 0 0 0 0 0 0 1874557644 0 0 0 0 0 0 0 0 687315 0 389425 0 0 0 0 0 0 0 0 0 0 0 631994994 1 0 0 0 0 0 0 0 0 0 0 0 0 0 0 0 0 0 0 0 0 0 0 381660 4219 0 0 0 0 15822433 0 0 0 0 0 0 0 0 0 0 0 0 0 0 0 0 0 0 0 0 0 0 0 0 0 0 0 0 0 0 0 0 0 0 0 0 0 0 0 0 0 0 0 0 0 0 0 0 0 0 0 0 0 0 0 0 0 0 0 0 0 0 0 0 0 0 0 0 0 0 0 0 0 0 0 171430224 0 0 0
ctxt 367205689
btime 1669654930
processes 513482
procs_running 1
procs_blocked 0
softirq 767690144 538106291 28581805 727017 52848140 389359 0 91898541 36261053 557 18877381

cpu  801584 35469 1346518 496212343 106923 0 2285140 0 0 0
cpu0 107554 9541 186218 124311880 29155 0 534532 0 0 0
cpu1 443797 10657 752215 123172513 21788 0 667322 0 0 0
cpu2 128002 2862 214400 124368721 28851 0 555133 0 0 0
cpu3 122229 12408 193683 124359227 27126 0 528152 0 0 0
intr 11327563500 0 0 2525005 81 0 677179 30308727 0 0 0 8845777 0 0 0 0 0 0 0 0 0 0 0 0 0 0 0 0 0 0 0 0 0 0 0 0 0 0 0 0 0 0 0 0 0 0 0 0 0 0 0 0 1874561672 0 0 0 0 0 0 0 0 687316 0 389425 0 0 0 0 0 0 0 0 0 0 0 631995146 1 0 0 0 0 0 0 0 0 0 0 0 0 0 0 0 0 0 0 0 0 0 0 381660 4219 0 0 0 0 15822448 0 0 0 0 0 0 0 0 0 0 0 0 0 0 0 0 0 0 0 0 0 0 0 0 0 0 0 0 0 0 0 0 0 0 0 0 0 0 0 0 0 0 0 0 0 0 0 0 0 0 0 0 0 0 0 0 0 0 0 0 0 0 0 0 0 0 0 0 0 0 0 0 0 0 0 171430253 0 0 0
ctxt 367205784
btime 1669654930
processes 513482
procs_running 1
procs_blocked 0
softirq 767690209 538106299 28581819 727017 52848141 389359 0 91898555 36261070 557 18877392

cpu  801585 35469 1346518 496212539 106923 0 2285141 0 0 0
cpu0 107554 9541 186218 124311929 29155 0 534532 0 0 0
cpu1 443797 10657 752215 123172563 21788 0 667323 0 0 0
cpu2 128003 2862 214400 124368770 28851 0 555133 0 0 0
cpu3 122229 12408 193683 124359276 27126 0 528152 0 0 0
intr 11327567854 0 0 2525005 81 0 677179 30308745 0 0 0 8845782 0 0 0 0 0 0 0 0 0 0 0 0 0 0 0 0 0 0 0 0 0 0 0 0 0 0 0 0 0 0 0 0 0 0 0 0 0 0 0 0 1874565734 0 0 0 0 0 0 0 0 687317 0 389425 0 0 0 0 0 0 0 0 0 0 0 631995340 1 0 0 0 0 0 0 0 0 0 0 0 0 0 0 0 0 0 0 0 0 0 0 381660 4219 0 0 0 0 15822463 0 0 0 0 0 0 0 0 0 0 0 0 0 0 0 0 0 0 0 0 0 0 0 0 0 0 0 0 0 0 0 0 0 0 0 0 0 0 0 0 0 0 0 0 0 0 0 0 0 0 0 0 0 0 0 0 0 0 0 0 0 0 0 0 0 0 0 0 0 0 0 0 0 0 0 171430311 0 0 0
ctxt 367205875
btime 1669654930
processes 513482
procs_running 1
procs_blocked 0
softirq 767690493 538106363 28581836 727017 52848205 389359 0 91898634 36261102 557 18877420

cpu  801585 35469 1346518 496212736 106923 0 2285141 0 0 0
cpu0 107554 9541 186218 124311978 29155 0 534532 0 0 0
cpu1 443797 10657 752215 123172612 21788 0 667323 0 0 0
cpu2 128003 2862 214401 124368819 28851 0 555133 0 0 0
cpu3 122229 12408 193683 124359325 27126 0 528152 0 0 0
intr 11327572104 0 0 2525005 81 0 677179 30308772 0 0 0 8845786 0 0 0 0 0 0 0 0 0 0 0 0 0 0 0 0 0 0 0 0 0 0 0 0 0 0 0 0 0 0 0 0 0 0 0 0 0 0 0 0 1874569754 0 0 0 0 0 0 0 0 687318 0 389425 0 0 0 0 0 0 0 0 0 0 0 631995491 1 0 0 0 0 0 0 0 0 0 0 0 0 0 0 0 0 0 0 0 0 0 0 381660 4219 0 0 0 0 15822478 0 0 0 0 0 0 0 0 0 0 0 0 0 0 0 0 0 0 0 0 0 0 0 0 0 0 0 0 0 0 0 0 0 0 0 0 0 0 0 0 0 0 0 0 0 0 0 0 0 0 0 0 0 0 0 0 0 0 0 0 0 0 0 0 0 0 0 0 0 0 0 0 0 0 0 171430343 0 0 0
ctxt 367205972
btime 1669654930
processes 513482
procs_running 1
procs_blocked 0
softirq 767690562 538106371 28581850 727017 52848206 389359 0 91898648 36261123 557 18877431

cpu  801585 35469 1346518 496212933 106923 0 2285141 0 0 0
cpu0 107554 9541 186218 124312027 29155 0 534532 0 0 0
cpu1 443797 10657 752215 123172662 21788 0 667323 0 0 0
cpu2 128003 2862 214401 124368868 28851 0 555133 0 0 0
cpu3 122229 12408 193683 124359374 27126 0 528152 0 0 0
intr 11327576316 0 0 2525005 81 0 677179 30308792 0 0 0 8845789 0 0 0 0 0 0 0 0 0 0 0 0 0 0 0 0 0 0 0 0 0 0 0 0 0 0 0 0 0 0 0 0 0 0 0 0 0 0 0 0 1874573759 0 0 0 0 0 0 0 0 687319 0 389425 0 0 0 0 0 0 0 0 0 0 0 631995621 1 0 0 0 0 0 0 0 0 0 0 0 0 0 0 0 0 0 0 0 0 0 0 381660 4219 0 0 0 0 15822493 0 0 0 0 0 0 0 0 0 0 0 0 0 0 0 0 0 0 0 0 0 0 0 0 0 0 0 0 0 0 0 0 0 0 0 0 0 0 0 0 0 0 0 0 0 0 0 0 0 0 0 0 0 0 0 0 0 0 0 0 0 0 0 0 0 0 0 0 0 0 0 0 0 0 0 171430381 0 0 0
ctxt 367206067
btime 1669654930
processes 513482
procs_running 1
procs_blocked 0
softirq 767690622 538106371 28581865 727017 52848207 389359 0 91898662 36261142 557 18877442

cpu  801585 35469 1346519 496213130 106923 0 2285141 0 0 0
cpu0 107554 9541 186219 124312076 29155 0 534532 0 0 0
cpu1 443797 10657 752215 123172711 21788 0 667323 0 0 0
cpu2 128003 2862 214401 124368917 28851 0 555133 0 0 0
cpu3 122229 12408 193683 124359424 27126 0 528152 0 0 0
intr 11327580592 0 0 2525006 81 0 677179 30308823 0 0 0 8845793 0 0 0 0 0 0 0 0 0 0 0 0 0 0 0 0 0 0 0 0 0 0 0 0 0 0 0 0 0 0 0 0 0 0 0 0 0 0 0 0 1874577788 0 0 0 0 0 0 0 0 687320 0 389425 0 0 0 0 0 0 0 0 0 0 0 631995772 1 0 0 0 0 0 0 0 0 0 0 0 0 0 0 0 0 0 0 0 0 0 0 381660 4219 0 0 0 0 15822508 0 0 0 0 0 0 0 0 0 0 0 0 0 0 0 0 0 0 0 0 0 0 0 0 0 0 0 0 0 0 0 0 0 0 0 0 0 0 0 0 0 0 0 0 0 0 0 0 0 0 0 0 0 0 0 0 0 0 0 0 0 0 0 0 0 0 0 0 0 0 0 0 0 0 0 171430426 0 0 0
ctxt 367206174
btime 1669654930
processes 513482
procs_running 1
procs_blocked 0
softirq 767690714 538106379 28581885 727017 52848208 389359 0 91898676 36261172 557 18877461

cpu  801585 35469 1346521 496213326 106923 0 2285141 0 0 0
cpu0 107554 9541 186220 124312125 29155 0 534532 0 0 0
cpu1 443797 10657 752215 123172761 21788 0 667323 0 0 0
cpu2 128003 2862 214402 124368966 28851 0 555133 0 0 0
cpu3 122229 12408 193683 124359473 27126 0 528152 0 0 0
intr 11327584842 0 0 2525006 81 0 677180 30308867 0 0 0 8845797 0 0 0 0 0 0 0 0 0 0 0 0 0 0 0 0 0 0 0 0 0 0 0 0 0 0 0 0 0 0 0 0 0 0 0 0 0 0 0 0 1874581784 0 0 0 0 0 0 0 0 687321 0 389425 0 0 0 0 0 0 0 0 0 0 0 631995902 1 0 0 0 0 0 0 0 0 0 0 0 0 0 0 0 0 0 0 0 0 0 0 381660 4219 0 0 0 0 15822543 0 0 0 0 0 0 0 0 0 0 0 0 0 0 0 0 0 0 0 0 0 0 0 0 0 0 0 0 0 0 0 0 0 0 0 0 0 0 0 0 0 0 0 0 0 0 0 0 0 0 0 0 0 0 0 0 0 0 0 0 0 0 0 0 0 0 0 0 0 0 0 0 0 0 0 171430465 0 0 0
ctxt 367206310
btime 1669654930
processes 513483
procs_running 1
procs_blocked 0
softirq 767690801 538106379 28581902 727017 52848210 389359 0 91898707 36261198 557 18877472

cpu  801585 35469 1346521 496213523 106923 0 2285141 0 0 0
cpu0 107554 9541 186220 124312174 29155 0 534532 0 0 0
cpu1 443797 10657 752215 123172810 21788 0 667323 0 0 0
cpu2 128003 2862 214402 124369016 28851 0 555133 0 0 0
cpu3 122229 12408 193683 124359522 27126 0 528152 0 0 0
intr 11327589091 0 0 2525006 81 0 677180 30308894 0 0 0 8845801 0 0 0 0 0 0 0 0 0 0 0 0 0 0 0 0 0 0 0 0 0 0 0 0 0 0 0 0 0 0 0 0 0 0 0 0 0 0 0 0 1874585804 0 0 0 0 0 0 0 0 687322 0 389425 0 0 0 0 0 0 0 0 0 0 0 631996054 1 0 0 0 0 0 0 0 0 0 0 0 0 0 0 0 0 0 0 0 0 0 0 381660 4219 0 0 0 0 15822558 0 0 0 0 0 0 0 0 0 0 0 0 0 0 0 0 0 0 0 0 0 0 0 0 0 0 0 0 0 0 0 0 0 0 0 0 0 0 0 0 0 0 0 0 0 0 0 0 0 0 0 0 0 0 0 0 0 0 0 0 0 0 0 0 0 0 0 0 0 0 0 0 0 0 0 171430494 0 0 0
ctxt 367206404
btime 1669654930
processes 513483
procs_running 1
procs_blocked 0
softirq 767690869 538106387 28581916 727018 52848211 389359 0 91898721 36261217 557 18877483

cpu  801585 35469 1346521 496213720 106923 0 2285141 0 0 0
cpu0 107554 9541 186220 124312223 29155 0 534532 0 0 0
cpu1 443797 10657 752215 123172860 21788 0 667323 0 0 0
cpu2 128003 2862 214402 124369065 28851 0 555133 0 0 0
cpu3 122229 12408 193683 124359572 27126 0 528152 0 0 0
intr 11327593297 0 0 2525006 81 0 677180 30308916 0 0 0 8845804 0 0 0 0 0 0 0 0 0 0 0 0 0 0 0 0 0 0 0 0 0 0 0 0 0 0 0 0 0 0 0 0 0 0 0 0 0 0 0 0 1874589809 0 0 0 0 0 0 0 0 687323 0 389425 0 0 0 0 0 0 0 0 0 0 0 631996184 1 0 0 0 0 0 0 0 0 0 0 0 0 0 0 0 0 0 0 0 0 0 0 381660 4219 0 0 0 0 15822573 0 0 0 0 0 0 0 0 0 0 0 0 0 0 0 0 0 0 0 0 0 0 0 0 0 0 0 0 0 0 0 0 0 0 0 0 0 0 0 0 0 0 0 0 0 0 0 0 0 0 0 0 0 0 0 0 0 0 0 0 0 0 0 0 0 0 0 0 0 0 0 0 0 0 0 171430525 0 0 0
ctxt 367206487
btime 1669654930
processes 513483
procs_running 1
procs_blocked 0
softirq 767690926 538106387 28581930 727018 52848212 389359 0 91898735 36261234 557 18877494

cpu  801585 35469 1346522 496213917 106923 0 2285141 0 0 0
cpu0 107554 9541 186220 124312271 29155 0 534532 0 0 0
cpu1 443797 10657 752215 123172909 21788 0 667323 0 0 0
cpu2 128003 2862 214403 124369114 28851 0 555133 0 0 0
cpu3 122229 12408 193683 124359621 27126 0 528152 0 0 0
intr 11327597567 0 0 2525007 81 0 677180 30308947 0 0 0 8845808 0 0 0 0 0 0 0 0 0 0 0 0 0 0 0 0 0 0 0 0 0 0 0 0 0 0 0 0 0 0 0 0 0 0 0 0 0 0 0 0 1874593829 0 0 0 0 0 0 0 0 687324 0 389425 0 0 0 0 0 0 0 0 0 0 0 631996335 1 0 0 0 0 0 0 0 0 0 0 0 0 0 0 0 0 0 0 0 0 0 0 381660 4219 0 0 0 0 15822596 0 0 0 0 0 0 0 0 0 0 0 0 0 0 0 0 0 0 0 0 0 0 0 0 0 0 0 0 0 0 0 0 0 0 0 0 0 0 0 0 0 0 0 0 0 0 0 0 0 0 0 0 0 0 0 0 0 0 0 0 0 0 0 0 0 0 0 0 0 0 0 0 0 0 0 171430564 0 0 0
ctxt 367206605
btime 1669654930
processes 513483
procs_running 1
procs_blocked 0
softirq 767691011 538106395 28581948 727018 52848214 389359 0 91898754 36261257 557 18877509

cpu  801585 35469 1346522 496214114 106923 0 2285141 0 0 0
cpu0 107554 9541 186220 124312321 29155 0 534532 0 0 0
cpu1 443797 10657 752215 123172959 21788 0 667323 0 0 0
cpu2 128003 2862 214403 124369163 28851 0 555133 0 0 0
cpu3 122229 12408 193683 124359671 27126 0 528152 0 0 0
intr 11327601768 0 0 2525007 81 0 677180 30308967 0 0 0 8845812 0 0 0 0 0 0 0 0 0 0 0 0 0 0 0 0 0 0 0 0 0 0 0 0 0 0 0 0 0 0 0 0 0 0 0 0 0 0 0 0 1874597834 0 0 0 0 0 0 0 0 687325 0 389425 0 0 0 0 0 0 0 0 0 0 0 631996465 1 0 0 0 0 0 0 0 0 0 0 0 0 0 0 0 0 0 0 0 0 0 0 381660 4219 0 0 0 0 15822611 0 0 0 0 0 0 0 0 0 0 0 0 0 0 0 0 0 0 0 0 0 0 0 0 0 0 0 0 0 0 0 0 0 0 0 0 0 0 0 0 0 0 0 0 0 0 0 0 0 0 0 0 0 0 0 0 0 0 0 0 0 0 0 0 0 0 0 0 0 0 0 0 0 0 0 171430589 0 0 0
ctxt 367206682
btime 1669654930
processes 513483
procs_running 1
procs_blocked 0
softirq 767691061 538106395 28581959 727018 52848215 389359 0 91898767 36261271 557 18877520

cpu  801586 35469 1346522 496214311 106923 0 2285141 0 0 0
cpu0 107554 9541 186220 124312369 29155 0 534532 0 0 0
cpu1 443797 10657 752215 123173008 21788 0 667323 0 0 0
cpu2 128004 2862 214403 124369212 28851 0 555133 0 0 0
cpu3 122229 12408 193683 124359720 27126 0 528152 0 0 0
intr 11327606013 0 0 2525007 81 0 677180 30308992 0 0 0 8845816 0 0 0 0 0 0 0 0 0 0 0 0 0 0 0 0 0 0 0 0 0 0 0 0 0 0 0 0 0 0 0 0 0 0 0 0 0 0 0 0 1874601853 0 0 0 0 0 0 0 0 687326 0 389425 0 0 0 0 0 0 0 0 0 0 0 631996617 1 0 0 0 0 0 0 0 0 0 0 0 0 0 0 0 0 0 0 0 0 0 0 381660 4219 0 0 0 0 15822626 0 0 0 0 0 0 0 0 0 0 0 0 0 0 0 0 0 0 0 0 0 0 0 0 0 0 0 0 0 0 0 0 0 0 0 0 0 0 0 0 0 0 0 0 0 0 0 0 0 0 0 0 0 0 0 0 0 0 0 0 0 0 0 0 0 0 0 0 0 0 0 0 0 0 0 171430619 0 0 0
ctxt 367206784
btime 1669654930
processes 513483
procs_running 1
procs_blocked 0
softirq 767691128 538106403 28581972 727018 52848216 389359 0 91898783 36261288 557 18877532

cpu  801586 35469 1346522 496214508 106923 0 2285142 0 0 0
cpu0 107554 9541 186220 124312418 29155 0 534532 0 0 0
cpu1 443797 10657 752215 123173058 21788 0 667323 0 0 0
cpu2 128004 2862 214403 124369261 28851 0 555134 0 0 0
cpu3 122229 12408 193683 124359769 27126 0 528152 0 0 0
intr 11327610207 0 0 2525007 81 0 677180 30309012 0 0 0 8845819 0 0 0 0 0 0 0 0 0 0 0 0 0 0 0 0 0 0 0 0 0 0 0 0 0 0 0 0 0 0 0 0 0 0 0 0 0 0 0 0 1874605850 0 0 0 0 0 0 0 0 687327 0 389425 0 0 0 0 0 0 0 0 0 0 0 631996747 1 0 0 0 0 0 0 0 0 0 0 0 0 0 0 0 0 0 0 0 0 0 0 381660 4219 0 0 0 0 15822641 0 0 0 0 0 0 0 0 0 0 0 0 0 0 0 0 0 0 0 0 0 0 0 0 0 0 0 0 0 0 0 0 0 0 0 0 0 0 0 0 0 0 0 0 0 0 0 0 0 0 0 0 0 0 0 0 0 0 0 0 0 0 0 0 0 0 0 0 0 0 0 0 0 0 0 171430647 0 0 0
ctxt 367206861
btime 1669654930
processes 513483
procs_running 1
procs_blocked 0
softirq 767691181 538106403 28581984 727018 52848217 389359 0 91898796 36261304 557 18877543

cpu  801586 35469 1346522 496214705 106923 0 2285142 0 0 0
cpu0 107554 9541 186220 124312467 29155 0 534532 0 0 0
cpu1 443797 10657 752215 123173107 21788 0 667323 0 0 0
cpu2 128004 2862 214403 124369310 28851 0 555134 0 0 0
cpu3 122229 12408 193683 124359819 27126 0 528152 0 0 0
intr 11327614469 0 0 2525008 81 0 677180 30309040 0 0 0 8845823 0 0 0 0 0 0 0 0 0 0 0 0 0 0 0 0 0 0 0 0 0 0 0 0 0 0 0 0 0 0 0 0 0 0 0 0 0 0 0 0 1874609879 0 0 0 0 0 0 0 0 687328 0 389425 0 0 0 0 0 0 0 0 0 0 0 631996896 1 0 0 0 0 0 0 0 0 0 0 0 0 0 0 0 0 0 0 0 0 0 0 381660 4219 0 0 0 0 15822656 0 0 0 0 0 0 0 0 0 0 0 0 0 0 0 0 0 0 0 0 0 0 0 0 0 0 0 0 0 0 0 0 0 0 0 0 0 0 0 0 0 0 0 0 0 0 0 0 0 0 0 0 0 0 0 0 0 0 0 0 0 0 0 0 0 0 0 0 0 0 0 0 0 0 0 171430682 0 0 0
ctxt 367206968
btime 1669654930
processes 513483
procs_running 1
procs_blocked 0
softirq 767691252 538106411 28582000 727018 52848218 389359 0 91898811 36261323 557 18877555

cpu  801586 35469 1346523 496214902 106923 0 2285142 0 0 0
cpu0 107554 9541 186220 124312516 29155 0 534532 0 0 0
cpu1 443797 10657 752215 123173156 21788 0 667323 0 0 0
cpu2 128004 2862 214403 124369360 28851 0 555134 0 0 0
cpu3 122229 12408 193683 124359868 27126 0 528152 0 0 0
intr 11327618668 0 0 2525008 81 0 677181 30309061 0 0 0 8845827 0 0 0 0 0 0 0 0 0 0 0 0 0 0 0 0 0 0 0 0 0 0 0 0 0 0 0 0 0 0 0 0 0 0 0 0 0 0 0 0 1874613876 0 0 0 0 0 0 0 0 687329 0 389425 0 0 0 0 0 0 0 0 0 0 0 631997026 1 0 0 0 0 0 0 0 0 0 0 0 0 0 0 0 0 0 0 0 0 0 0 381660 4219 0 0 0 0 15822671 0 0 0 0 0 0 0 0 0 0 0 0 0 0 0 0 0 0 0 0 0 0 0 0 0 0 0 0 0 0 0 0 0 0 0 0 0 0 0 0 0 0 0 0 0 0 0 0 0 0 0 0 0 0 0 0 0 0 0 0 0 0 0 0 0 0 0 0 0 0 0 0 0 0 0 171430712 0 0 0
ctxt 367207040
btime 1669654930
processes 513483
procs_running 1
procs_blocked 0
softirq 767691313 538106411 28582013 727018 52848219 389359 0 91898824 36261343 557 18877569

cpu  801586 35469 1346523 496215099 106923 0 2285142 0 0 0
cpu0 107554 9541 186220 124312565 29155 0 534532 0 0 0
cpu1 443797 10657 752215 123173206 21788 0 667323 0 0 0
cpu2 128004 2862 214403 124369409 28851 0 555134 0 0 0
cpu3 122229 12408 193683 124359918 27126 0 528152 0 0 0
intr 11327622925 0 0 2525008 81 0 677181 30309088 0 0 0 8845831 0 0 0 0 0 0 0 0 0 0 0 0 0 0 0 0 0 0 0 0 0 0 0 0 0 0 0 0 0 0 0 0 0 0 0 0 0 0 0 0 1874617905 0 0 0 0 0 0 0 0 687330 0 389425 0 0 0 0 0 0 0 0 0 0 0 631997177 1 0 0 0 0 0 0 0 0 0 0 0 0 0 0 0 0 0 0 0 0 0 0 381660 4219 0 0 0 0 15822686 0 0 0 0 0 0 0 0 0 0 0 0 0 0 0 0 0 0 0 0 0 0 0 0 0 0 0 0 0 0 0 0 0 0 0 0 0 0 0 0 0 0 0 0 0 0 0 0 0 0 0 0 0 0 0 0 0 0 0 0 0 0 0 0 0 0 0 0 0 0 0 0 0 0 0 171430742 0 0 0
ctxt 367207144
btime 1669654930
processes 513483
procs_running 1
procs_blocked 0
softirq 767691382 538106419 28582028 727018 52848220 389359 0 91898840 36261360 557 18877581

cpu  801586 35469 1346524 496215296 106923 0 2285142 0 0 0
cpu0 107554 9541 186220 124312614 29155 0 534532 0 0 0
cpu1 443797 10657 752215 123173255 21788 0 667323 0 0 0
cpu2 128004 2862 214404 124369458 28851 0 555134 0 0 0
cpu3 122229 12408 193683 124359967 27126 0 528152 0 0 0
intr 11327627132 0 0 2525012 81 0 677181 30309111 0 0 0 8845834 0 0 0 0 0 0 0 0 0 0 0 0 0 0 0 0 0 0 0 0 0 0 0 0 0 0 0 0 0 0 0 0 0 0 0 0 0 0 0 0 1874621902 0 0 0 0 0 0 0 0 687331 0 389425 0 0 0 0 0 0 0 0 0 0 0 631997307 1 0 0 0 0 0 0 0 0 0 0 0 0 0 0 0 0 0 0 0 0 0 0 381660 4219 0 0 0 0 15822701 0 0 0 0 0 0 0 0 0 0 0 0 0 0 0 0 0 0 0 0 0 0 0 0 0 0 0 0 0 0 0 0 0 0 0 0 0 0 0 0 0 0 0 0 0 0 0 0 0 0 0 0 0 0 0 0 0 0 0 0 0 0 0 0 0 0 0 0 0 0 0 0 0 0 0 171430776 0 0 0
ctxt 367207228
btime 1669654930
processes 513483
procs_running 1
procs_blocked 0
softirq 767691437 538106419 28582040 727018 52848221 389359 0 91898853 36261377 557 18877593

cpu  801586 35469 1346524 496215493 106923 0 2285142 0 0 0
cpu0 107554 9541 186220 124312663 29155 0 534532 0 0 0
cpu1 443797 10657 752215 123173305 21788 0 667323 0 0 0
cpu2 128004 2862 214404 124369508 28851 0 555134 0 0 0
cpu3 122229 12408 193683 124360016 27126 0 528152 0 0 0
intr 11327631394 0 0 2525013 81 0 677181 30309142 0 0 0 8845838 0 0 0 0 0 0 0 0 0 0 0 0 0 0 0 0 0 0 0 0 0 0 0 0 0 0 0 0 0 0 0 0 0 0 0 0 0 0 0 0 1874625929 0 0 0 0 0 0 0 0 687332 0 389425 0 0 0 0 0 0 0 0 0 0 0 631997459 1 0 0 0 0 0 0 0 0 0 0 0 0 0 0 0 0 0 0 0 0 0 0 381660 4219 0 0 0 0 15822716 0 0 0 0 0 0 0 0 0 0 0 0 0 0 0 0 0 0 0 0 0 0 0 0 0 0 0 0 0 0 0 0 0 0 0 0 0 0 0 0 0 0 0 0 0 0 0 0 0 0 0 0 0 0 0 0 0 0 0 0 0 0 0 0 0 0 0 0 0 0 0 0 0 0 0 171430807 0 0 0
ctxt 367207331
btime 1669654930
processes 513483
procs_running 1
procs_blocked 0
softirq 767691510 538106427 28582056 727019 52848222 389359 0 91898867 36261397 557 18877606

cpu  801586 35469 1346524 496215690 106923 0 2285142 0 0 0
cpu0 107554 9541 186220 124312712 29155 0 534532 0 0 0
cpu1 443797 10657 752216 123173354 21788 0 667323 0 0 0
cpu2 128004 2862 214404 124369557 28851 0 555134 0 0 0
cpu3 122229 12408 193683 124360066 27126 0 528152 0 0 0
intr 11327635598 0 0 2525013 81 0 677181 30309165 0 0 0 8845842 0 0 0 0 0 0 0 0 0 0 0 0 0 0 0 0 0 0 0 0 0 0 0 0 0 0 0 0 0 0 0 0 0 0 0 0 0 0 0 0 1874629926 0 0 0 0 0 0 0 0 687333 0 389425 0 0 0 0 0 0 0 0 0 0 0 631997589 1 0 0 0 0 0 0 0 0 0 0 0 0 0 0 0 0 0 0 0 0 0 0 381660 4219 0 0 0 0 15822731 0 0 0 0 0 0 0 0 0 0 0 0 0 0 0 0 0 0 0 0 0 0 0 0 0 0 0 0 0 0 0 0 0 0 0 0 0 0 0 0 0 0 0 0 0 0 0 0 0 0 0 0 0 0 0 0 0 0 0 0 0 0 0 0 0 0 0 0 0 0 0 0 0 0 0 171430841 0 0 0
ctxt 367207418
btime 1669654930
processes 513483
procs_running 1
procs_blocked 0
softirq 767691565 538106427 28582069 727019 52848223 389359 0 91898880 36261414 557 18877617

cpu  801586 35469 1346524 496215887 106923 0 2285142 0 0 0
cpu0 107554 9541 186220 124312761 29155 0 534532 0 0 0
cpu1 443797 10657 752216 123173403 21788 0 667323 0 0 0
cpu2 128004 2862 214404 124369606 28851 0 555134 0 0 0
cpu3 122229 12408 193683 124360115 27126 0 528152 0 0 0
intr 11327639854 0 0 2525013 81 0 677181 30309194 0 0 0 8845846 0 0 0 0 0 0 0 0 0 0 0 0 0 0 0 0 0 0 0 0 0 0 0 0 0 0 0 0 0 0 0 0 0 0 0 0 0 0 0 0 1874633953 0 0 0 0 0 0 0 0 687334 0 389425 0 0 0 0 0 0 0 0 0 0 0 631997741 1 0 0 0 0 0 0 0 0 0 0 0 0 0 0 0 0 0 0 0 0 0 0 381660 4219 0 0 0 0 15822746 0 0 0 0 0 0 0 0 0 0 0 0 0 0 0 0 0 0 0 0 0 0 0 0 0 0 0 0 0 0 0 0 0 0 0 0 0 0 0 0 0 0 0 0 0 0 0 0 0 0 0 0 0 0 0 0 0 0 0 0 0 0 0 0 0 0 0 0 0 0 0 0 0 0 0 171430869 0 0 0
ctxt 367207518
btime 1669654930
processes 513483
procs_running 1
procs_blocked 0
softirq 767691633 538106435 28582083 727019 52848224 389359 0 91898894 36261432 557 18877630

cpu  801586 35469 1346525 496216084 106923 0 2285142 0 0 0
cpu0 107554 9541 186220 124312810 29155 0 534532 0 0 0
cpu1 443797 10657 752216 123173453 21788 0 667323 0 0 0
cpu2 128004 2862 214404 124369655 28851 0 555134 0 0 0
cpu3 122229 12408 193683 124360165 27126 0 528152 0 0 0
intr 11327644071 0 0 2525013 81 0 677182 30309222 0 0 0 8845850 0 0 0 0 0 0 0 0 0 0 0 0 0 0 0 0 0 0 0 0 0 0 0 0 0 0 0 0 0 0 0 0 0 0 0 0 0 0 0 0 1874637949 0 0 0 0 0 0 0 0 687335 0 389425 0 0 0 0 0 0 0 0 0 0 0 631997871 1 0 0 0 0 0 0 0 0 0 0 0 0 0 0 0 0 0 0 0 0 0 0 381660 4219 0 0 0 0 15822770 0 0 0 0 0 0 0 0 0 0 0 0 0 0 0 0 0 0 0 0 0 0 0 0 0 0 0 0 0 0 0 0 0 0 0 0 0 0 0 0 0 0 0 0 0 0 0 0 0 0 0 0 0 0 0 0 0 0 0 0 0 0 0 0 0 0 0 0 0 0 0 0 0 0 0 171430901 0 0 0
ctxt 367207617
btime 1669654930
processes 513483
procs_running 1
procs_blocked 0
softirq 767691702 538106435 28582096 727019 52848226 389359 0 91898914 36261453 557 18877643

cpu  801586 35469 1346526 496216281 106923 0 2285142 0 0 0
cpu0 107554 9541 186220 124312859 29155 0 534532 0 0 0
cpu1 443797 10657 752216 123173502 21788 0 667323 0 0 0
cpu2 128004 2862 214404 124369705 28851 0 555134 0 0 0
cpu3 122229 12408 193683 124360214 27126 0 528152 0 0 0
intr 11327648325 0 0 2525014 81 0 677182 30309245 0 0 0 8845853 0 0 0 0 0 0 0 0 0 0 0 0 0 0 0 0 0 0 0 0 0 0 0 0 0 0 0 0 0 0 0 0 0 0 0 0 0 0 0 0 1874641978 0 0 0 0 0 0 0 0 687336 0 389425 0 0 0 0 0 0 0 0 0 0 0 631998023 1 0 0 0 0 0 0 0 0 0 0 0 0 0 0 0 0 0 0 0 0 0 0 381660 4219 0 0 0 0 15822785 0 0 0 0 0 0 0 0 0 0 0 0 0 0 0 0 0 0 0 0 0 0 0 0 0 0 0 0 0 0 0 0 0 0 0 0 0 0 0 0 0 0 0 0 0 0 0 0 0 0 0 0 0 0 0 0 0 0 0 0 0 0 0 0 0 0 0 0 0 0 0 0 0 0 0 171430932 0 0 0
ctxt 367207712
btime 1669654930
processes 513483
procs_running 1
procs_blocked 0
softirq 767691774 538106443 28582111 727019 52848227 389359 0 91898929 36261473 557 18877656

cpu  801586 35469 1346526 496216478 106923 0 2285142 0 0 0
cpu0 107554 9541 186220 124312908 29155 0 534532 0 0 0
cpu1 443797 10657 752216 123173551 21788 0 667323 0 0 0
cpu2 128004 2862 214405 124369754 28851 0 555134 0 0 0
cpu3 122229 12408 193683 124360263 27126 0 528152 0 0 0
intr 11327652522 0 0 2525014 81 0 677182 30309267 0 0 0 8845857 0 0 0 0 0 0 0 0 0 0 0 0 0 0 0 0 0 0 0 0 0 0 0 0 0 0 0 0 0 0 0 0 0 0 0 0 0 0 0 0 1874645975 0 0 0 0 0 0 0 0 687337 0 389425 0 0 0 0 0 0 0 0 0 0 0 631998153 1 0 0 0 0 0 0 0 0 0 0 0 0 0 0 0 0 0 0 0 0 0 0 381660 4219 0 0 0 0 15822800 0 0 0 0 0 0 0 0 0 0 0 0 0 0 0 0 0 0 0 0 0 0 0 0 0 0 0 0 0 0 0 0 0 0 0 0 0 0 0 0 0 0 0 0 0 0 0 0 0 0 0 0 0 0 0 0 0 0 0 0 0 0 0 0 0 0 0 0 0 0 0 0 0 0 0 171430960 0 0 0
ctxt 367207792
btime 1669654930
processes 513483
procs_running 1
procs_blocked 0
softirq 767691827 538106443 28582123 727019 52848228 389359 0 91898942 36261488 557 18877668

cpu  801586 35469 1346526 496216675 106923 0 2285142 0 0 0
cpu0 107554 9541 186220 124312957 29155 0 534532 0 0 0
cpu1 443797 10657 752216 123173601 21788 0 667323 0 0 0
cpu2 128004 2862 214405 124369803 28851 0 555134 0 0 0
cpu3 122229 12408 193683 124360313 27126 0 528152 0 0 0
intr 11327656776 0 0 2525014 81 0 677182 30309299 0 0 0 8845861 0 0 0 0 0 0 0 0 0 0 0 0 0 0 0 0 0 0 0 0 0 0 0 0 0 0 0 0 0 0 0 0 0 0 0 0 0 0 0 0 1874649995 0 0 0 0 0 0 0 0 687338 0 389425 0 0 0 0 0 0 0 0 0 0 0 631998305 1 0 0 0 0 0 0 0 0 0 0 0 0 0 0 0 0 0 0 0 0 0 0 381660 4219 0 0 0 0 15822815 0 0 0 0 0 0 0 0 0 0 0 0 0 0 0 0 0 0 0 0 0 0 0 0 0 0 0 0 0 0 0 0 0 0 0 0 0 0 0 0 0 0 0 0 0 0 0 0 0 0 0 0 0 0 0 0 0 0 0 0 0 0 0 0 0 0 0 0 0 0 0 0 0 0 0 171430990 0 0 0
ctxt 367207894
btime 1669654930
processes 513483
procs_running 1
procs_blocked 0
softirq 767691894 538106451 28582138 727019 52848229 389359 0 91898956 36261506 557 18877679

cpu  801586 35469 1346526 496216872 106923 0 2285142 0 0 0
cpu0 107554 9541 186220 124313006 29155 0 534532 0 0 0
cpu1 443797 10657 752216 123173650 21788 0 667323 0 0 0
cpu2 128004 2862 214405 124369852 28851 0 555134 0 0 0
cpu3 122229 12408 193683 124360362 27126 0 528152 0 0 0
intr 11327660978 0 0 2525014 81 0 677182 30309319 0 0 0 8845864 0 0 0 0 0 0 0 0 0 0 0 0 0 0 0 0 0 0 0 0 0 0 0 0 0 0 0 0 0 0 0 0 0 0 0 0 0 0 0 0 1874654000 0 0 0 0 0 0 0 0 687339 0 389425 0 0 0 0 0 0 0 0 0 0 0 631998435 1 0 0 0 0 0 0 0 0 0 0 0 0 0 0 0 0 0 0 0 0 0 0 381660 4219 0 0 0 0 15822830 0 0 0 0 0 0 0 0 0 0 0 0 0 0 0 0 0 0 0 0 0 0 0 0 0 0 0 0 0 0 0 0 0 0 0 0 0 0 0 0 0 0 0 0 0 0 0 0 0 0 0 0 0 0 0 0 0 0 0 0 0 0 0 0 0 0 0 0 0 0 0 0 0 0 0 171431018 0 0 0
ctxt 367207968
btime 1669654930
processes 513483
procs_running 1
procs_blocked 0
softirq 767691947 538106451 28582150 727019 52848230 389359 0 91898969 36261522 557 18877690

cpu  801586 35469 1346527 496217069 106923 0 2285142 0 0 0
cpu0 107554 9541 186221 124313055 29155 0 534532 0 0 0
cpu1 443797 10657 752216 123173700 21788 0 667323 0 0 0
cpu2 128004 2862 214406 124369902 28851 0 555134 0 0 0
cpu3 122229 12408 193683 124360411 27126 0 528152 0 0 0
intr 11327665223 0 0 2525015 81 0 677182 30309343 0 0 0 8845867 0 0 0 0 0 0 0 0 0 0 0 0 0 0 0 0 0 0 0 0 0 0 0 0 0 0 0 0 0 0 0 0 0 0 0 0 0 0 0 0 1874658018 0 0 0 0 0 0 0 0 687340 0 389425 0 0 0 0 0 0 0 0 0 0 0 631998587 1 0 0 0 0 0 0 0 0 0 0 0 0 0 0 0 0 0 0 0 0 0 0 381660 4219 0 0 0 0 15822845 0 0 0 0 0 0 0 0 0 0 0 0 0 0 0 0 0 0 0 0 0 0 0 0 0 0 0 0 0 0 0 0 0 0 0 0 0 0 0 0 0 0 0 0 0 0 0 0 0 0 0 0 0 0 0 0 0 0 0 0 0 0 0 0 0 0 0 0 0 0 0 0 0 0 0 171431049 0 0 0
ctxt 367208061
btime 1669654930
processes 513483
procs_running 1
procs_blocked 0
softirq 767692016 538106459 28582165 727019 52848231 389359 0 91898983 36261542 557 18877701

cpu  801586 35469 1346527 496217266 106923 0 2285142 0 0 0
cpu0 107554 9541 186221 124313104 29155 0 534532 0 0 0
cpu1 443797 10657 752216 123173749 21788 0 667323 0 0 0
cpu2 128004 2862 214406 124369951 28851 0 555134 0 0 0
cpu3 122229 12408 193683 124360461 27126 0 528152 0 0 0
intr 11327669422 0 0 2525015 81 0 677182 30309365 0 0 0 8845870 0 0 0 0 0 0 0 0 0 0 0 0 0 0 0 0 0 0 0 0 0 0 0 0 0 0 0 0 0 0 0 0 0 0 0 0 0 0 0 0 1874662018 0 0 0 0 0 0 0 0 687341 0 389425 0 0 0 0 0 0 0 0 0 0 0 631998717 1 0 0 0 0 0 0 0 0 0 0 0 0 0 0 0 0 0 0 0 0 0 0 381660 4219 0 0 0 0 15822860 0 0 0 0 0 0 0 0 0 0 0 0 0 0 0 0 0 0 0 0 0 0 0 0 0 0 0 0 0 0 0 0 0 0 0 0 0 0 0 0 0 0 0 0 0 0 0 0 0 0 0 0 0 0 0 0 0 0 0 0 0 0 0 0 0 0 0 0 0 0 0 0 0 0 0 171431077 0 0 0
ctxt 367208141
btime 1669654930
processes 513483
procs_running 1
procs_blocked 0
softirq 767692069 538106459 28582177 727019 52848232 389359 0 91898996 36261558 557 18877712

cpu  801586 35469 1346527 496217463 106923 0 2285142 0 0 0
cpu0 107554 9541 186221 124313153 29155 0 534532 0 0 0
cpu1 443797 10657 752216 123173798 21788 0 667323 0 0 0
cpu2 128004 2862 214406 124370000 28851 0 555134 0 0 0
cpu3 122229 12408 193683 124360510 27126 0 528152 0 0 0
intr 11327673680 0 0 2525015 81 0 677182 30309391 0 0 0 8845873 0 0 0 0 0 0 0 0 0 0 0 0 0 0 0 0 0 0 0 0 0 0 0 0 0 0 0 0 0 0 0 0 0 0 0 0 0 0 0 0 1874666048 0 0 0 0 0 0 0 0 687342 0 389425 0 0 0 0 0 0 0 0 0 0 0 631998869 1 0 0 0 0 0 0 0 0 0 0 0 0 0 0 0 0 0 0 0 0 0 0 381660 4219 0 0 0 0 15822875 0 0 0 0 0 0 0 0 0 0 0 0 0 0 0 0 0 0 0 0 0 0 0 0 0 0 0 0 0 0 0 0 0 0 0 0 0 0 0 0 0 0 0 0 0 0 0 0 0 0 0 0 0 0 0 0 0 0 0 0 0 0 0 0 0 0 0 0 0 0 0 0 0 0 0 171431108 0 0 0
ctxt 367208238
btime 1669654930
processes 513483
procs_running 1
procs_blocked 0
softirq 767692142 538106467 28582193 727020 52848233 389359 0 91899013 36261577 557 18877723

cpu  801586 35469 1346528 496217660 106923 0 2285142 0 0 0
cpu0 107554 9541 186221 124313203 29155 0 534532 0 0 0
cpu1 443797 10657 752216 123173848 21788 0 667323 0 0 0
cpu2 128004 2862 214406 124370049 28851 0 555134 0 0 0
cpu3 122229 12408 193683 124360559 27126 0 528152 0 0 0
intr 11327677877 0 0 2525015 81 0 677182 30309413 0 0 0 8845876 0 0 0 0 0 0 0 0 0 0 0 0 0 0 0 0 0 0 0 0 0 0 0 0 0 0 0 0 0 0 0 0 0 0 0 0 0 0 0 0 1874670045 0 0 0 0 0 0 0 0 687343 0 389425 0 0 0 0 0 0 0 0 0 0 0 631998999 1 0 0 0 0 0 0 0 0 0 0 0 0 0 0 0 0 0 0 0 0 0 0 381660 4219 0 0 0 0 15822890 0 0 0 0 0 0 0 0 0 0 0 0 0 0 0 0 0 0 0 0 0 0 0 0 0 0 0 0 0 0 0 0 0 0 0 0 0 0 0 0 0 0 0 0 0 0 0 0 0 0 0 0 0 0 0 0 0 0 0 0 0 0 0 0 0 0 0 0 0 0 0 0 0 0 0 171431136 0 0 0
ctxt 367208316
btime 1669654930
processes 513483
procs_running 1
procs_blocked 0
softirq 767692195 538106467 28582205 727020 52848234 389359 0 91899026 36261593 557 18877734

cpu  801586 35469 1346528 496217857 106923 0 2285142 0 0 0
cpu0 107554 9541 186221 124313252 29155 0 534532 0 0 0
cpu1 443797 10657 752216 123173897 21788 0 667323 0 0 0
cpu2 128004 2862 214406 124370099 28851 0 555134 0 0 0
cpu3 122229 12408 193683 124360609 27126 0 528152 0 0 0
intr 11327682105 0 0 2525016 81 0 677182 30309441 0 0 0 8845880 0 0 0 0 0 0 0 0 0 0 0 0 0 0 0 0 0 0 0 0 0 0 0 0 0 0 0 0 0 0 0 0 0 0 0 0 0 0 0 0 1874674050 0 0 0 0 0 0 0 0 687344 0 389425 0 0 0 0 0 0 0 0 0 0 0 631999127 1 0 0 0 0 0 0 0 0 0 0 0 0 0 0 0 0 0 0 0 0 0 0 381660 4219 0 0 0 0 15822912 0 0 0 0 0 0 0 0 0 0 0 0 0 0 0 0 0 0 0 0 0 0 0 0 0 0 0 0 0 0 0 0 0 0 0 0 0 0 0 0 0 0 0 0 0 0 0 0 0 0 0 0 0 0 0 0 0 0 0 0 0 0 0 0 0 0 0 0 0 0 0 0 0 0 0 171431176 0 0 0
ctxt 367208418
btime 1669654930
processes 513483
procs_running 1
procs_blocked 0
softirq 767692279 538106467 28582225 727020 52848235 389359 0 91899046 36261618 557 18877752

cpu  801586 35469 1346528 496218054 106923 0 2285142 0 0 0
cpu0 107554 9541 186221 124313301 29155 0 534532 0 0 0
cpu1 443797 10657 752216 123173946 21788 0 667323 0 0 0
cpu2 128004 2862 214406 124370148 28851 0 555134 0 0 0
cpu3 122229 12408 193683 124360658 27126 0 528152 0 0 0
intr 11327686377 0 0 2525016 81 0 677182 30309473 0 0 0 8845883 0 0 0 0 0 0 0 0 0 0 0 0 0 0 0 0 0 0 0 0 0 0 0 0 0 0 0 0 0 0 0 0 0 0 0 0 0 0 0 0 1874678071 0 0 0 0 0 0 0 0 687346 0 389425 0 0 0 0 0 0 0 0 0 0 0 631999280 1 0 0 0 0 0 0 0 0 0 0 0 0 0 0 0 0 0 0 0 0 0 0 381660 4219 0 0 0 0 15822939 0 0 0 0 0 0 0 0 0 0 0 0 0 0 0 0 0 0 0 0 0 0 0 0 0 0 0 0 0 0 0 0 0 0 0 0 0 0 0 0 0 0 0 0 0 0 0 0 0 0 0 0 0 0 0 0 0 0 0 0 0 0 0 0 0 0 0 0 0 0 0 0 0 0 0 171431210 0 0 0
ctxt 367208537
btime 1669654930
processes 513483
procs_running 1
procs_blocked 0
softirq 767692362 538106475 28582241 727020 52848237 389359 0 91899069 36261639 557 18877765

cpu  801586 35469 1346529 496218251 106923 0 2285142 0 0 0
cpu0 107554 9541 186221 124313350 29155 0 534532 0 0 0
cpu1 443797 10657 752217 123173996 21788 0 667323 0 0 0
cpu2 128004 2862 214407 124370197 28851 0 555134 0 0 0
cpu3 122229 12408 193683 124360707 27126 0 528152 0 0 0
intr 11327690569 0 0 2525016 81 0 677182 30309494 0 0 0 8845886 0 0 0 0 0 0 0 0 0 0 0 0 0 0 0 0 0 0 0 0 0 0 0 0 0 0 0 0 0 0 0 0 0 0 0 0 0 0 0 0 1874682067 0 0 0 0 0 0 0 0 687347 0 389425 0 0 0 0 0 0 0 0 0 0 0 631999408 1 0 0 0 0 0 0 0 0 0 0 0 0 0 0 0 0 0 0 0 0 0 0 381660 4219 0 0 0 0 15822954 0 0 0 0 0 0 0 0 0 0 0 0 0 0 0 0 0 0 0 0 0 0 0 0 0 0 0 0 0 0 0 0 0 0 0 0 0 0 0 0 0 0 0 0 0 0 0 0 0 0 0 0 0 0 0 0 0 0 0 0 0 0 0 0 0 0 0 0 0 0 0 0 0 0 0 171431238 0 0 0
ctxt 367208612
btime 1669654930
processes 513483
procs_running 1
procs_blocked 0
softirq 767692419 538106475 28582254 727020 52848238 389359 0 91899083 36261657 557 18877776
