cpu  837028 36885 1404178 520806557 112339 0 2935470 0 0 0
cpu0 115810 9541 199463 130458263 30361 0 697772 0 0 0
cpu1 452442 10665 767603 129326893 23158 0 825438 0 0 0
cpu2 136663 2862 229421 130517311 30514 0 719536 0 0 0
cpu3 132112 13816 207689 130504088 28304 0 692723 0 0 0
intr 12016157278 0 0 2616806 81 0 734264 33949930 0 0 0 9307464 0 0 0 0 0 0 0 0 0 0 0 0 0 0 0 0 0 0 0 0 0 0 0 0 0 0 0 0 0 0 0 0 0 0 0 0 0 0 0 0 2458815620 0 0 0 0 0 0 0 0 824200 0 433864 0 0 0 0 0 0 0 0 0 0 0 719036790 1 0 0 0 0 0 0 0 0 0 0 0 0 0 0 0 0 0 0 0 0 0 0 426099 4219 0 0 0 0 18319190 0 0 0 0 0 0 0 0 0 0 0 0 0 0 0 0 0 0 0 0 0 0 0 0 0 0 0 0 0 0 0 0 0 0 0 0 0 0 0 0 0 0 0 0 0 0 0 0 0 0 0 0 0 0 0 0 0 0 0 0 0 0 0 0 0 0 0 0 0 0 0 0 0 0 0 181754159 0 0 0
ctxt 386248240
btime 1669654930
processes 552256
procs_running 1
procs_blocked 0
softirq 970887616 676792326 31502836 739105 75767173 433793 0 119365773 41355454 588 24930568

cpu  837028 36885 1404178 520806754 112339 0 2935470 0 0 0
cpu0 115810 9541 199463 130458313 30361 0 697772 0 0 0
cpu1 452443 10665 767603 129326942 23158 0 825438 0 0 0
cpu2 136663 2862 229421 130517361 30514 0 719536 0 0 0
cpu3 132112 13816 207689 130504137 28304 0 692723 0 0 0
intr 12016161482 0 0 2616806 81 0 734264 33949951 0 0 0 9307468 0 0 0 0 0 0 0 0 0 0 0 0 0 0 0 0 0 0 0 0 0 0 0 0 0 0 0 0 0 0 0 0 0 0 0 0 0 0 0 0 2458819625 0 0 0 0 0 0 0 0 824201 0 433864 0 0 0 0 0 0 0 0 0 0 0 719036918 1 0 0 0 0 0 0 0 0 0 0 0 0 0 0 0 0 0 0 0 0 0 0 426099 4219 0 0 0 0 18319209 0 0 0 0 0 0 0 0 0 0 0 0 0 0 0 0 0 0 0 0 0 0 0 0 0 0 0 0 0 0 0 0 0 0 0 0 0 0 0 0 0 0 0 0 0 0 0 0 0 0 0 0 0 0 0 0 0 0 0 0 0 0 0 0 0 0 0 0 0 0 0 0 0 0 0 181754185 0 0 0
ctxt 386248326
btime 1669654930
processes 552256
procs_running 1
procs_blocked 0
softirq 970887674 676792326 31502852 739106 75767174 433793 0 119365789 41355471 588 24930575

cpu  837029 36885 1404178 520806951 112339 0 2935470 0 0 0
cpu0 115810 9541 199463 130458362 30361 0 697772 0 0 0
cpu1 452443 10665 767603 129326991 23158 0 825438 0 0 0
cpu2 136663 2862 229421 130517410 30514 0 719536 0 0 0
cpu3 132112 13816 207689 130504187 28304 0 692723 0 0 0
intr 12016165729 0 0 2616807 81 0 734264 33949977 0 0 0 9307471 0 0 0 0 0 0 0 0 0 0 0 0 0 0 0 0 0 0 0 0 0 0 0 0 0 0 0 0 0 0 0 0 0 0 0 0 0 0 0 0 2458823650 0 0 0 0 0 0 0 0 824202 0 433864 0 0 0 0 0 0 0 0 0 0 0 719037071 1 0 0 0 0 0 0 0 0 0 0 0 0 0 0 0 0 0 0 0 0 0 0 426099 4219 0 0 0 0 18319224 0 0 0 0 0 0 0 0 0 0 0 0 0 0 0 0 0 0 0 0 0 0 0 0 0 0 0 0 0 0 0 0 0 0 0 0 0 0 0 0 0 0 0 0 0 0 0 0 0 0 0 0 0 0 0 0 0 0 0 0 0 0 0 0 0 0 0 0 0 0 0 0 0 0 0 181754207 0 0 0
ctxt 386248418
btime 1669654930
processes 552256
procs_running 1
procs_blocked 0
softirq 970887730 676792334 31502864 739106 75767175 433793 0 119365803 41355485 588 24930582

cpu  837029 36885 1404178 520807148 112339 0 2935470 0 0 0
cpu0 115810 9541 199463 130458411 30361 0 697772 0 0 0
cpu1 452444 10665 767603 129327040 23158 0 825438 0 0 0
cpu2 136663 2862 229421 130517459 30514 0 719536 0 0 0
cpu3 132112 13816 207690 130504236 28304 0 692723 0 0 0
intr 12016169918 0 0 2616807 81 0 734264 33949997 0 0 0 9307476 0 0 0 0 0 0 0 0 0 0 0 0 0 0 0 0 0 0 0 0 0 0 0 0 0 0 0 0 0 0 0 0 0 0 0 0 0 0 0 0 2458827647 0 0 0 0 0 0 0 0 824203 0 433864 0 0 0 0 0 0 0 0 0 0 0 719037199 1 0 0 0 0 0 0 0 0 0 0 0 0 0 0 0 0 0 0 0 0 0 0 426099 4219 0 0 0 0 18319239 0 0 0 0 0 0 0 0 0 0 0 0 0 0 0 0 0 0 0 0 0 0 0 0 0 0 0 0 0 0 0 0 0 0 0 0 0 0 0 0 0 0 0 0 0 0 0 0 0 0 0 0 0 0 0 0 0 0 0 0 0 0 0 0 0 0 0 0 0 0 0 0 0 0 0 181754231 0 0 0
ctxt 386248497
btime 1669654930
processes 552256
procs_running 1
procs_blocked 0
softirq 970887781 676792334 31502877 739106 75767176 433793 0 119365817 41355501 588 24930589

cpu  837030 36885 1404178 520807345 112339 0 2935470 0 0 0
cpu0 115810 9541 199463 130458461 30361 0 697772 0 0 0
cpu1 452444 10665 767603 129327089 23158 0 825438 0 0 0
cpu2 136663 2862 229421 130517509 30514 0 719536 0 0 0
cpu3 132112 13816 207690 130504285 28304 0 692723 0 0 0
intr 12016174166 0 0 2616807 81 0 734264 33950024 0 0 0 9307479 0 0 0 0 0 0 0 0 0 0 0 0 0 0 0 0 0 0 0 0 0 0 0 0 0 0 0 0 0 0 0 0 0 0 0 0 0 0 0 0 2458831671 0 0 0 0 0 0 0 0 824204 0 433864 0 0 0 0 0 0 0 0 0 0 0 719037352 1 0 0 0 0 0 0 0 0 0 0 0 0 0 0 0 0 0 0 0 0 0 0 426099 4219 0 0 0 0 18319254 0 0 0 0 0 0 0 0 0 0 0 0 0 0 0 0 0 0 0 0 0 0 0 0 0 0 0 0 0 0 0 0 0 0 0 0 0 0 0 0 0 0 0 0 0 0 0 0 0 0 0 0 0 0 0 0 0 0 0 0 0 0 0 0 0 0 0 0 0 0 0 0 0 0 0 181754256 0 0 0
ctxt 386248600
btime 1669654930
processes 552256
procs_running 1
procs_blocked 0
softirq 970887838 676792342 31502890 739106 75767177 433793 0 119365830 41355516 588 24930596

cpu  837030 36885 1404178 520807542 112339 0 2935470 0 0 0
cpu0 115810 9541 199463 130458510 30361 0 697772 0 0 0
cpu1 452444 10665 767603 129327138 23158 0 825438 0 0 0
cpu2 136663 2862 229421 130517558 30514 0 719536 0 0 0
cpu3 132112 13816 207690 130504334 28304 0 692723 0 0 0
intr 12016178348 0 0 2616807 81 0 734264 33950041 0 0 0 9307483 0 0 0 0 0 0 0 0 0 0 0 0 0 0 0 0 0 0 0 0 0 0 0 0 0 0 0 0 0 0 0 0 0 0 0 0 0 0 0 0 2458835667 0 0 0 0 0 0 0 0 824205 0 433864 0 0 0 0 0 0 0 0 0 0 0 719037480 1 0 0 0 0 0 0 0 0 0 0 0 0 0 0 0 0 0 0 0 0 0 0 426099 4219 0 0 0 0 18319269 0 0 0 0 0 0 0 0 0 0 0 0 0 0 0 0 0 0 0 0 0 0 0 0 0 0 0 0 0 0 0 0 0 0 0 0 0 0 0 0 0 0 0 0 0 0 0 0 0 0 0 0 0 0 0 0 0 0 0 0 0 0 0 0 0 0 0 0 0 0 0 0 0 0 0 181754277 0 0 0
ctxt 386248672
btime 1669654930
processes 552256
procs_running 1
procs_blocked 0
softirq 970887888 676792342 31502903 739106 75767178 433793 0 119365844 41355531 588 24930603

cpu  837030 36885 1404178 520807739 112339 0 2935470 0 0 0
cpu0 115810 9541 199463 130458559 30361 0 697772 0 0 0
cpu1 452445 10665 767603 129327187 23158 0 825438 0 0 0
cpu2 136663 2862 229421 130517608 30514 0 719536 0 0 0
cpu3 132112 13816 207690 130504384 28304 0 692723 0 0 0
intr 12016182606 0 0 2616808 81 0 734264 33950065 0 0 0 9307487 0 0 0 0 0 0 0 0 0 0 0 0 0 0 0 0 0 0 0 0 0 0 0 0 0 0 0 0 0 0 0 0 0 0 0 0 0 0 0 0 2458839696 0 0 0 0 0 0 0 0 824206 0 433864 0 0 0 0 0 0 0 0 0 0 0 719037634 1 0 0 0 0 0 0 0 0 0 0 0 0 0 0 0 0 0 0 0 0 0 0 426099 4219 0 0 0 0 18319284 0 0 0 0 0 0 0 0 0 0 0 0 0 0 0 0 0 0 0 0 0 0 0 0 0 0 0 0 0 0 0 0 0 0 0 0 0 0 0 0 0 0 0 0 0 0 0 0 0 0 0 0 0 0 0 0 0 0 0 0 0 0 0 0 0 0 0 0 0 0 0 0 0 0 0 181754307 0 0 0
ctxt 386248774
btime 1669654930
processes 552256
procs_running 1
procs_blocked 0
softirq 970887953 676792350 31502918 739106 75767179 433793 0 119365859 41355548 588 24930612

cpu  837031 36885 1404178 520807936 112339 0 2935470 0 0 0
cpu0 115810 9541 199463 130458608 30361 0 697772 0 0 0
cpu1 452445 10665 767603 129327236 23158 0 825438 0 0 0
cpu2 136663 2862 229421 130517657 30514 0 719536 0 0 0
cpu3 132112 13816 207690 130504433 28304 0 692723 0 0 0
intr 12016186792 0 0 2616808 81 0 734264 33950083 0 0 0 9307491 0 0 0 0 0 0 0 0 0 0 0 0 0 0 0 0 0 0 0 0 0 0 0 0 0 0 0 0 0 0 0 0 0 0 0 0 0 0 0 0 2458843692 0 0 0 0 0 0 0 0 824207 0 433864 0 0 0 0 0 0 0 0 0 0 0 719037762 1 0 0 0 0 0 0 0 0 0 0 0 0 0 0 0 0 0 0 0 0 0 0 426099 4219 0 0 0 0 18319299 0 0 0 0 0 0 0 0 0 0 0 0 0 0 0 0 0 0 0 0 0 0 0 0 0 0 0 0 0 0 0 0 0 0 0 0 0 0 0 0 0 0 0 0 0 0 0 0 0 0 0 0 0 0 0 0 0 0 0 0 0 0 0 0 0 0 0 0 0 0 0 0 0 0 0 181754331 0 0 0
ctxt 386248850
btime 1669654930
processes 552256
procs_running 1
procs_blocked 0
softirq 970888006 676792350 31502932 739106 75767180 433793 0 119365873 41355564 588 24930620

cpu  837031 36885 1404178 520808133 112339 0 2935470 0 0 0
cpu0 115810 9541 199463 130458658 30361 0 697772 0 0 0
cpu1 452446 10665 767603 129327285 23158 0 825438 0 0 0
cpu2 136663 2862 229421 130517707 30514 0 719536 0 0 0
cpu3 132112 13816 207690 130504482 28304 0 692723 0 0 0
intr 12016191050 0 0 2616808 81 0 734264 33950110 0 0 0 9307495 0 0 0 0 0 0 0 0 0 0 0 0 0 0 0 0 0 0 0 0 0 0 0 0 0 0 0 0 0 0 0 0 0 0 0 0 0 0 0 0 2458847721 0 0 0 0 0 0 0 0 824208 0 433864 0 0 0 0 0 0 0 0 0 0 0 719037916 1 0 0 0 0 0 0 0 0 0 0 0 0 0 0 0 0 0 0 0 0 0 0 426099 4219 0 0 0 0 18319314 0 0 0 0 0 0 0 0 0 0 0 0 0 0 0 0 0 0 0 0 0 0 0 0 0 0 0 0 0 0 0 0 0 0 0 0 0 0 0 0 0 0 0 0 0 0 0 0 0 0 0 0 0 0 0 0 0 0 0 0 0 0 0 0 0 0 0 0 0 0 0 0 0 0 0 181754359 0 0 0
ctxt 386248951
btime 1669654930
processes 552256
procs_running 1
procs_blocked 0
softirq 970888069 676792358 31502946 739106 75767181 433793 0 119365887 41355579 588 24930631

cpu  837032 36885 1404178 520808330 112339 0 2935470 0 0 0
cpu0 115810 9541 199463 130458707 30361 0 697772 0 0 0
cpu1 452446 10665 767603 129327334 23158 0 825438 0 0 0
cpu2 136663 2862 229421 130517756 30514 0 719536 0 0 0
cpu3 132112 13816 207690 130504532 28304 0 692723 0 0 0
intr 12016195283 0 0 2616808 81 0 734264 33950147 0 0 0 9307499 0 0 0 0 0 0 0 0 0 0 0 0 0 0 0 0 0 0 0 0 0 0 0 0 0 0 0 0 0 0 0 0 0 0 0 0 0 0 0 0 2458851717 0 0 0 0 0 0 0 0 824209 0 433864 0 0 0 0 0 0 0 0 0 0 0 719038042 1 0 0 0 0 0 0 0 0 0 0 0 0 0 0 0 0 0 0 0 0 0 0 426099 4219 0 0 0 0 18319351 0 0 0 0 0 0 0 0 0 0 0 0 0 0 0 0 0 0 0 0 0 0 0 0 0 0 0 0 0 0 0 0 0 0 0 0 0 0 0 0 0 0 0 0 0 0 0 0 0 0 0 0 0 0 0 0 0 0 0 0 0 0 0 0 0 0 0 0 0 0 0 0 0 0 0 181754390 0 0 0
ctxt 386249077
btime 1669654930
processes 552256
procs_running 1
procs_blocked 0
softirq 970888142 676792358 31502961 739106 75767184 433793 0 119365916 41355595 588 24930641

cpu  837032 36885 1404178 520808526 112339 0 2935471 0 0 0
cpu0 115810 9541 199463 130458756 30361 0 697772 0 0 0
cpu1 452446 10665 767603 129327383 23158 0 825438 0 0 0
cpu2 136663 2862 229421 130517805 30514 0 719536 0 0 0
cpu3 132112 13816 207690 130504581 28304 0 692724 0 0 0
intr 12016199531 0 0 2616809 81 0 734264 33950170 0 0 0 9307502 0 0 0 0 0 0 0 0 0 0 0 0 0 0 0 0 0 0 0 0 0 0 0 0 0 0 0 0 0 0 0 0 0 0 0 0 0 0 0 0 2458855738 0 0 0 0 0 0 0 0 824210 0 433864 0 0 0 0 0 0 0 0 0 0 0 719038195 1 0 0 0 0 0 0 0 0 0 0 0 0 0 0 0 0 0 0 0 0 0 0 426099 4219 0 0 0 0 18319366 0 0 0 0 0 0 0 0 0 0 0 0 0 0 0 0 0 0 0 0 0 0 0 0 0 0 0 0 0 0 0 0 0 0 0 0 0 0 0 0 0 0 0 0 0 0 0 0 0 0 0 0 0 0 0 0 0 0 0 0 0 0 0 0 0 0 0 0 0 0 0 0 0 0 0 181754422 0 0 0
ctxt 386249177
btime 1669654930
processes 552256
procs_running 1
procs_blocked 0
softirq 970888210 676792366 31502976 739106 75767185 433793 0 119365930 41355613 588 24930653

cpu  837032 36885 1404179 520808723 112339 0 2935471 0 0 0
cpu0 115810 9541 199463 130458806 30361 0 697772 0 0 0
cpu1 452446 10665 767604 129327432 23158 0 825438 0 0 0
cpu2 136663 2862 229421 130517855 30514 0 719536 0 0 0
cpu3 132112 13816 207690 130504630 28304 0 692724 0 0 0
intr 12016203769 0 0 2616809 81 0 734264 33950202 0 0 0 9307506 0 0 0 0 0 0 0 0 0 0 0 0 0 0 0 0 0 0 0 0 0 0 0 0 0 0 0 0 0 0 0 0 0 0 0 0 0 0 0 0 2458859742 0 0 0 0 0 0 0 0 824211 0 433864 0 0 0 0 0 0 0 0 0 0 0 719038323 1 0 0 0 0 0 0 0 0 0 0 0 0 0 0 0 0 0 0 0 0 0 0 426099 4219 0 0 0 0 18319398 0 0 0 0 0 0 0 0 0 0 0 0 0 0 0 0 0 0 0 0 0 0 0 0 0 0 0 0 0 0 0 0 0 0 0 0 0 0 0 0 0 0 0 0 0 0 0 0 0 0 0 0 0 0 0 0 0 0 0 0 0 0 0 0 0 0 0 0 0 0 0 0 0 0 0 181754458 0 0 0
ctxt 386249305
btime 1669654930
processes 552256
procs_running 1
procs_blocked 0
softirq 970888285 676792366 31502992 739106 75767187 433793 0 119365958 41355632 588 24930663

cpu  837032 36885 1404179 520808920 112339 0 2935471 0 0 0
cpu0 115810 9541 199463 130458855 30361 0 697772 0 0 0
cpu1 452447 10665 767604 129327481 23158 0 825438 0 0 0
cpu2 136663 2862 229421 130517904 30514 0 719536 0 0 0
cpu3 132112 13816 207690 130504679 28304 0 692724 0 0 0
intr 12016208017 0 0 2616809 81 0 734264 33950227 0 0 0 9307509 0 0 0 0 0 0 0 0 0 0 0 0 0 0 0 0 0 0 0 0 0 0 0 0 0 0 0 0 0 0 0 0 0 0 0 0 0 0 0 0 2458863763 0 0 0 0 0 0 0 0 824212 0 433864 0 0 0 0 0 0 0 0 0 0 0 719038477 1 0 0 0 0 0 0 0 0 0 0 0 0 0 0 0 0 0 0 0 0 0 0 426099 4219 0 0 0 0 18319413 0 0 0 0 0 0 0 0 0 0 0 0 0 0 0 0 0 0 0 0 0 0 0 0 0 0 0 0 0 0 0 0 0 0 0 0 0 0 0 0 0 0 0 0 0 0 0 0 0 0 0 0 0 0 0 0 0 0 0 0 0 0 0 0 0 0 0 0 0 0 0 0 0 0 0 181754487 0 0 0
ctxt 386249402
btime 1669654930
processes 552256
procs_running 1
procs_blocked 0
softirq 970888350 676792374 31503006 739106 75767188 433793 0 119365973 41355647 588 24930675

cpu  837035 36885 1404185 520809109 112339 0 2935471 0 0 0
cpu0 115810 9541 199464 130458903 30361 0 697772 0 0 0
cpu1 452448 10665 767605 129327528 23158 0 825438 0 0 0
cpu2 136663 2862 229424 130517951 30514 0 719536 0 0 0
cpu3 132112 13816 207691 130504726 28304 0 692724 0 0 0
intr 12016212399 0 0 2616813 81 0 734277 33950286 0 0 0 9307514 0 0 0 0 0 0 0 0 0 0 0 0 0 0 0 0 0 0 0 0 0 0 0 0 0 0 0 0 0 0 0 0 0 0 0 0 0 0 0 0 2458867767 0 0 0 0 0 0 0 0 824213 0 433864 0 0 0 0 0 0 0 0 0 0 0 719038605 1 0 0 0 0 0 0 0 0 0 0 0 0 0 0 0 0 0 0 0 0 0 0 426099 4219 0 0 0 0 18319445 0 0 0 0 0 0 0 0 0 0 0 0 0 0 0 0 0 0 0 0 0 0 0 0 0 0 0 0 0 0 0 0 0 0 0 0 0 0 0 0 0 0 0 0 0 0 0 0 0 0 0 0 0 0 0 0 0 0 0 0 0 0 0 0 0 0 0 0 0 0 0 0 0 0 0 181754624 0 0 0
ctxt 386249647
btime 1669654930
processes 552267
procs_running 1
procs_blocked 0
softirq 970888560 676792374 31503038 739107 75767191 433793 0 119366000 41355718 588 24930751

cpu  837035 36885 1404185 520809306 112339 0 2935471 0 0 0
cpu0 115810 9541 199464 130458952 30361 0 697772 0 0 0
cpu1 452448 10665 767605 129327577 23158 0 825438 0 0 0
cpu2 136663 2862 229424 130518001 30514 0 719536 0 0 0
cpu3 132112 13816 207691 130504776 28304 0 692724 0 0 0
intr 12016216656 0 0 2616814 81 0 734277 33950311 0 0 0 9307517 0 0 0 0 0 0 0 0 0 0 0 0 0 0 0 0 0 0 0 0 0 0 0 0 0 0 0 0 0 0 0 0 0 0 0 0 0 0 0 0 2458871794 0 0 0 0 0 0 0 0 824214 0 433864 0 0 0 0 0 0 0 0 0 0 0 719038758 1 0 0 0 0 0 0 0 0 0 0 0 0 0 0 0 0 0 0 0 0 0 0 426099 4219 0 0 0 0 18319460 0 0 0 0 0 0 0 0 0 0 0 0 0 0 0 0 0 0 0 0 0 0 0 0 0 0 0 0 0 0 0 0 0 0 0 0 0 0 0 0 0 0 0 0 0 0 0 0 0 0 0 0 0 0 0 0 0 0 0 0 0 0 0 0 0 0 0 0 0 0 0 0 0 0 0 181754656 0 0 0
ctxt 386249745
btime 1669654930
processes 552267
procs_running 1
procs_blocked 0
softirq 970888627 676792382 31503052 739107 75767192 433793 0 119366014 41355735 588 24930764

cpu  837036 36885 1404185 520809503 112339 0 2935471 0 0 0
cpu0 115810 9541 199464 130459001 30361 0 697772 0 0 0
cpu1 452449 10665 767605 129327626 23158 0 825438 0 0 0
cpu2 136663 2862 229424 130518050 30514 0 719536 0 0 0
cpu3 132112 13816 207691 130504825 28304 0 692724 0 0 0
intr 12016220888 0 0 2616814 81 0 734277 33950343 0 0 0 9307521 0 0 0 0 0 0 0 0 0 0 0 0 0 0 0 0 0 0 0 0 0 0 0 0 0 0 0 0 0 0 0 0 0 0 0 0 0 0 0 0 2458875790 0 0 0 0 0 0 0 0 824215 0 433864 0 0 0 0 0 0 0 0 0 0 0 719038886 1 0 0 0 0 0 0 0 0 0 0 0 0 0 0 0 0 0 0 0 0 0 0 426099 4219 0 0 0 0 18319489 0 0 0 0 0 0 0 0 0 0 0 0 0 0 0 0 0 0 0 0 0 0 0 0 0 0 0 0 0 0 0 0 0 0 0 0 0 0 0 0 0 0 0 0 0 0 0 0 0 0 0 0 0 0 0 0 0 0 0 0 0 0 0 0 0 0 0 0 0 0 0 0 0 0 0 181754697 0 0 0
ctxt 386249870
btime 1669654930
processes 552267
procs_running 1
procs_blocked 0
softirq 970888716 676792382 31503071 739107 75767194 433793 0 119366040 41355760 588 24930781

cpu  837036 36885 1404186 520809700 112339 0 2935471 0 0 0
cpu0 115810 9541 199464 130459050 30361 0 697772 0 0 0
cpu1 452449 10665 767605 129327675 23158 0 825438 0 0 0
cpu2 136663 2862 229424 130518099 30514 0 719536 0 0 0
cpu3 132112 13816 207692 130504874 28304 0 692724 0 0 0
intr 12016225136 0 0 2616814 81 0 734277 33950369 0 0 0 9307524 0 0 0 0 0 0 0 0 0 0 0 0 0 0 0 0 0 0 0 0 0 0 0 0 0 0 0 0 0 0 0 0 0 0 0 0 0 0 0 0 2458879808 0 0 0 0 0 0 0 0 824216 0 433864 0 0 0 0 0 0 0 0 0 0 0 719039039 1 0 0 0 0 0 0 0 0 0 0 0 0 0 0 0 0 0 0 0 0 0 0 426099 4219 0 0 0 0 18319504 0 0 0 0 0 0 0 0 0 0 0 0 0 0 0 0 0 0 0 0 0 0 0 0 0 0 0 0 0 0 0 0 0 0 0 0 0 0 0 0 0 0 0 0 0 0 0 0 0 0 0 0 0 0 0 0 0 0 0 0 0 0 0 0 0 0 0 0 0 0 0 0 0 0 0 181754729 0 0 0
ctxt 386249966
btime 1669654930
processes 552267
procs_running 1
procs_blocked 0
softirq 970888786 676792390 31503086 739107 75767195 433793 0 119366053 41355780 588 24930794

cpu  837036 36885 1404186 520809897 112339 0 2935471 0 0 0
cpu0 115810 9541 199464 130459099 30361 0 697772 0 0 0
cpu1 452449 10665 767605 129327724 23158 0 825438 0 0 0
cpu2 136663 2862 229424 130518149 30514 0 719536 0 0 0
cpu3 132112 13816 207692 130504923 28304 0 692724 0 0 0
intr 12016229360 0 0 2616814 81 0 734277 33950397 0 0 0 9307528 0 0 0 0 0 0 0 0 0 0 0 0 0 0 0 0 0 0 0 0 0 0 0 0 0 0 0 0 0 0 0 0 0 0 0 0 0 0 0 0 2458883812 0 0 0 0 0 0 0 0 824217 0 433864 0 0 0 0 0 0 0 0 0 0 0 719039167 1 0 0 0 0 0 0 0 0 0 0 0 0 0 0 0 0 0 0 0 0 0 0 426099 4219 0 0 0 0 18319526 0 0 0 0 0 0 0 0 0 0 0 0 0 0 0 0 0 0 0 0 0 0 0 0 0 0 0 0 0 0 0 0 0 0 0 0 0 0 0 0 0 0 0 0 0 0 0 0 0 0 0 0 0 0 0 0 0 0 0 0 0 0 0 0 0 0 0 0 0 0 0 0 0 0 0 181754767 0 0 0
ctxt 386250081
btime 1669654930
processes 552267
procs_running 1
procs_blocked 0
softirq 970888856 676792390 31503102 739107 75767197 433793 0 119366073 41355800 588 24930806

cpu  837036 36885 1404186 520810094 112339 0 2935471 0 0 0
cpu0 115810 9541 199464 130459149 30361 0 697772 0 0 0
cpu1 452450 10665 767605 129327773 23158 0 825438 0 0 0
cpu2 136663 2862 229424 130518198 30514 0 719536 0 0 0
cpu3 132112 13816 207692 130504973 28304 0 692724 0 0 0
intr 12016233621 0 0 2616815 81 0 734277 33950425 0 0 0 9307532 0 0 0 0 0 0 0 0 0 0 0 0 0 0 0 0 0 0 0 0 0 0 0 0 0 0 0 0 0 0 0 0 0 0 0 0 0 0 0 0 2458887839 0 0 0 0 0 0 0 0 824218 0 433864 0 0 0 0 0 0 0 0 0 0 0 719039321 1 0 0 0 0 0 0 0 0 0 0 0 0 0 0 0 0 0 0 0 0 0 0 426099 4219 0 0 0 0 18319541 0 0 0 0 0 0 0 0 0 0 0 0 0 0 0 0 0 0 0 0 0 0 0 0 0 0 0 0 0 0 0 0 0 0 0 0 0 0 0 0 0 0 0 0 0 0 0 0 0 0 0 0 0 0 0 0 0 0 0 0 0 0 0 0 0 0 0 0 0 0 0 0 0 0 0 181754798 0 0 0
ctxt 386250177
btime 1669654930
processes 552267
procs_running 1
procs_blocked 0
softirq 970888924 676792398 31503116 739107 75767198 433793 0 119366087 41355819 588 24930818

cpu  837037 36885 1404186 520810291 112339 0 2935471 0 0 0
cpu0 115810 9541 199464 130459198 30361 0 697772 0 0 0
cpu1 452450 10665 767605 129327822 23158 0 825438 0 0 0
cpu2 136663 2862 229424 130518248 30514 0 719536 0 0 0
cpu3 132112 13816 207692 130505022 28304 0 692724 0 0 0
intr 12016237820 0 0 2616815 81 0 734277 33950447 0 0 0 9307536 0 0 0 0 0 0 0 0 0 0 0 0 0 0 0 0 0 0 0 0 0 0 0 0 0 0 0 0 0 0 0 0 0 0 0 0 0 0 0 0 2458891835 0 0 0 0 0 0 0 0 824219 0 433864 0 0 0 0 0 0 0 0 0 0 0 719039449 1 0 0 0 0 0 0 0 0 0 0 0 0 0 0 0 0 0 0 0 0 0 0 426099 4219 0 0 0 0 18319556 0 0 0 0 0 0 0 0 0 0 0 0 0 0 0 0 0 0 0 0 0 0 0 0 0 0 0 0 0 0 0 0 0 0 0 0 0 0 0 0 0 0 0 0 0 0 0 0 0 0 0 0 0 0 0 0 0 0 0 0 0 0 0 0 0 0 0 0 0 0 0 0 0 0 0 181754831 0 0 0
ctxt 386250268
btime 1669654930
processes 552267
procs_running 1
procs_blocked 0
softirq 970888982 676792398 31503129 739107 75767199 433793 0 119366101 41355837 588 24930830

cpu  837037 36885 1404186 520810488 112339 0 2935471 0 0 0
cpu0 115810 9541 199464 130459247 30361 0 697772 0 0 0
cpu1 452450 10665 767605 129327871 23158 0 825438 0 0 0
cpu2 136663 2862 229424 130518297 30514 0 719536 0 0 0
cpu3 132112 13816 207692 130505071 28304 0 692724 0 0 0
intr 12016242090 0 0 2616819 81 0 734277 33950477 0 0 0 9307540 0 0 0 0 0 0 0 0 0 0 0 0 0 0 0 0 0 0 0 0 0 0 0 0 0 0 0 0 0 0 0 0 0 0 0 0 0 0 0 0 2458895860 0 0 0 0 0 0 0 0 824220 0 433864 0 0 0 0 0 0 0 0 0 0 0 719039603 1 0 0 0 0 0 0 0 0 0 0 0 0 0 0 0 0 0 0 0 0 0 0 426099 4219 0 0 0 0 18319571 0 0 0 0 0 0 0 0 0 0 0 0 0 0 0 0 0 0 0 0 0 0 0 0 0 0 0 0 0 0 0 0 0 0 0 0 0 0 0 0 0 0 0 0 0 0 0 0 0 0 0 0 0 0 0 0 0 0 0 0 0 0 0 0 0 0 0 0 0 0 0 0 0 0 0 181754868 0 0 0
ctxt 386250373
btime 1669654930
processes 552267
procs_running 1
procs_blocked 0
softirq 970889050 676792406 31503144 739107 75767200 433793 0 119366114 41355855 588 24930843

cpu  837038 36885 1404186 520810685 112339 0 2935471 0 0 0
cpu0 115810 9541 199464 130459297 30361 0 697772 0 0 0
cpu1 452451 10665 767605 129327920 23158 0 825438 0 0 0
cpu2 136663 2862 229424 130518346 30514 0 719536 0 0 0
cpu3 132112 13816 207692 130505120 28304 0 692724 0 0 0
intr 12016246283 0 0 2616819 81 0 734277 33950499 0 0 0 9307544 0 0 0 0 0 0 0 0 0 0 0 0 0 0 0 0 0 0 0 0 0 0 0 0 0 0 0 0 0 0 0 0 0 0 0 0 0 0 0 0 2458899856 0 0 0 0 0 0 0 0 824221 0 433864 0 0 0 0 0 0 0 0 0 0 0 719039731 1 0 0 0 0 0 0 0 0 0 0 0 0 0 0 0 0 0 0 0 0 0 0 426099 4219 0 0 0 0 18319586 0 0 0 0 0 0 0 0 0 0 0 0 0 0 0 0 0 0 0 0 0 0 0 0 0 0 0 0 0 0 0 0 0 0 0 0 0 0 0 0 0 0 0 0 0 0 0 0 0 0 0 0 0 0 0 0 0 0 0 0 0 0 0 0 0 0 0 0 0 0 0 0 0 0 0 181754895 0 0 0
ctxt 386250455
btime 1669654930
processes 552267
procs_running 1
procs_blocked 0
softirq 970889107 676792406 31503157 739107 75767201 433793 0 119366128 41355872 588 24930855

cpu  837038 36885 1404186 520810882 112339 0 2935471 0 0 0
cpu0 115810 9541 199464 130459346 30361 0 697772 0 0 0
cpu1 452451 10665 767605 129327969 23158 0 825438 0 0 0
cpu2 136663 2862 229424 130518396 30514 0 719536 0 0 0
cpu3 132112 13816 207692 130505170 28304 0 692724 0 0 0
intr 12016250548 0 0 2616820 81 0 734277 33950529 0 0 0 9307547 0 0 0 0 0 0 0 0 0 0 0 0 0 0 0 0 0 0 0 0 0 0 0 0 0 0 0 0 0 0 0 0 0 0 0 0 0 0 0 0 2458903884 0 0 0 0 0 0 0 0 824222 0 433864 0 0 0 0 0 0 0 0 0 0 0 719039885 1 0 0 0 0 0 0 0 0 0 0 0 0 0 0 0 0 0 0 0 0 0 0 426099 4219 0 0 0 0 18319601 0 0 0 0 0 0 0 0 0 0 0 0 0 0 0 0 0 0 0 0 0 0 0 0 0 0 0 0 0 0 0 0 0 0 0 0 0 0 0 0 0 0 0 0 0 0 0 0 0 0 0 0 0 0 0 0 0 0 0 0 0 0 0 0 0 0 0 0 0 0 0 0 0 0 0 181754928 0 0 0
ctxt 386250556
btime 1669654930
processes 552267
procs_running 1
procs_blocked 0
softirq 970889176 676792414 31503172 739107 75767202 433793 0 119366142 41355891 588 24930867

cpu  837038 36885 1404186 520811079 112339 0 2935471 0 0 0
cpu0 115810 9541 199464 130459395 30361 0 697772 0 0 0
cpu1 452452 10665 767605 129328018 23158 0 825438 0 0 0
cpu2 136663 2862 229424 130518445 30514 0 719536 0 0 0
cpu3 132112 13816 207692 130505219 28304 0 692724 0 0 0
intr 12016254745 0 0 2616820 81 0 734277 33950550 0 0 0 9307551 0 0 0 0 0 0 0 0 0 0 0 0 0 0 0 0 0 0 0 0 0 0 0 0 0 0 0 0 0 0 0 0 0 0 0 0 0 0 0 0 2458907880 0 0 0 0 0 0 0 0 824223 0 433864 0 0 0 0 0 0 0 0 0 0 0 719040013 1 0 0 0 0 0 0 0 0 0 0 0 0 0 0 0 0 0 0 0 0 0 0 426099 4219 0 0 0 0 18319616 0 0 0 0 0 0 0 0 0 0 0 0 0 0 0 0 0 0 0 0 0 0 0 0 0 0 0 0 0 0 0 0 0 0 0 0 0 0 0 0 0 0 0 0 0 0 0 0 0 0 0 0 0 0 0 0 0 0 0 0 0 0 0 0 0 0 0 0 0 0 0 0 0 0 0 181754960 0 0 0
ctxt 386250641
btime 1669654930
processes 552267
procs_running 1
procs_blocked 0
softirq 970889237 676792414 31503187 739108 75767203 433793 0 119366156 41355909 588 24930879

cpu  837039 36885 1404186 520811275 112339 0 2935472 0 0 0
cpu0 115810 9541 199464 130459444 30361 0 697772 0 0 0
cpu1 452452 10665 767605 129328067 23158 0 825439 0 0 0
cpu2 136663 2862 229424 130518494 30514 0 719536 0 0 0
cpu3 132112 13816 207692 130505268 28304 0 692724 0 0 0
intr 12016259174 0 0 2616820 81 0 734277 33950578 0 0 0 9307555 0 0 0 0 0 0 0 0 0 0 0 0 0 0 0 0 0 0 0 0 0 0 0 0 0 0 0 0 0 0 0 0 0 0 0 0 0 0 0 0 2458911973 0 0 0 0 0 0 0 0 824224 0 433864 0 0 0 0 0 0 0 0 0 0 0 719040230 1 0 0 0 0 0 0 0 0 0 0 0 0 0 0 0 0 0 0 0 0 0 0 426099 4219 0 0 0 0 18319631 0 0 0 0 0 0 0 0 0 0 0 0 0 0 0 0 0 0 0 0 0 0 0 0 0 0 0 0 0 0 0 0 0 0 0 0 0 0 0 0 0 0 0 0 0 0 0 0 0 0 0 0 0 0 0 0 0 0 0 0 0 0 0 0 0 0 0 0 0 0 0 0 0 0 0 181755031 0 0 0
ctxt 386250756
btime 1669654930
processes 552267
procs_running 1
procs_blocked 0
softirq 970889546 676792486 31503206 739108 75767268 433793 0 119366236 41355948 588 24930913

cpu  837039 36885 1404186 520811472 112339 0 2935472 0 0 0
cpu0 115810 9541 199464 130459494 30361 0 697772 0 0 0
cpu1 452452 10665 767605 129328116 23158 0 825439 0 0 0
cpu2 136663 2862 229424 130518544 30514 0 719536 0 0 0
cpu3 132112 13816 207692 130505317 28304 0 692724 0 0 0
intr 12016263364 0 0 2616820 81 0 734277 33950599 0 0 0 9307558 0 0 0 0 0 0 0 0 0 0 0 0 0 0 0 0 0 0 0 0 0 0 0 0 0 0 0 0 0 0 0 0 0 0 0 0 0 0 0 0 2458915969 0 0 0 0 0 0 0 0 824225 0 433864 0 0 0 0 0 0 0 0 0 0 0 719040358 1 0 0 0 0 0 0 0 0 0 0 0 0 0 0 0 0 0 0 0 0 0 0 426099 4219 0 0 0 0 18319646 0 0 0 0 0 0 0 0 0 0 0 0 0 0 0 0 0 0 0 0 0 0 0 0 0 0 0 0 0 0 0 0 0 0 0 0 0 0 0 0 0 0 0 0 0 0 0 0 0 0 0 0 0 0 0 0 0 0 0 0 0 0 0 0 0 0 0 0 0 0 0 0 0 0 0 181755057 0 0 0
ctxt 386250831
btime 1669654930
processes 552267
procs_running 1
procs_blocked 0
softirq 970889600 676792486 31503218 739108 75767269 433793 0 119366249 41355964 588 24930925

cpu  837040 36885 1404186 520811668 112339 0 2935472 0 0 0
cpu0 115810 9541 199464 130459543 30361 0 697772 0 0 0
cpu1 452453 10665 767605 129328165 23158 0 825439 0 0 0
cpu2 136663 2862 229424 130518593 30514 0 719536 0 0 0
cpu3 132112 13816 207692 130505366 28304 0 692724 0 0 0
intr 12016267622 0 0 2616821 81 0 734277 33950625 0 0 0 9307561 0 0 0 0 0 0 0 0 0 0 0 0 0 0 0 0 0 0 0 0 0 0 0 0 0 0 0 0 0 0 0 0 0 0 0 0 0 0 0 0 2458919989 0 0 0 0 0 0 0 0 824226 0 433864 0 0 0 0 0 0 0 0 0 0 0 719040512 1 0 0 0 0 0 0 0 0 0 0 0 0 0 0 0 0 0 0 0 0 0 0 426099 4219 0 0 0 0 18319661 0 0 0 0 0 0 0 0 0 0 0 0 0 0 0 0 0 0 0 0 0 0 0 0 0 0 0 0 0 0 0 0 0 0 0 0 0 0 0 0 0 0 0 0 0 0 0 0 0 0 0 0 0 0 0 0 0 0 0 0 0 0 0 0 0 0 0 0 0 0 0 0 0 0 0 181755095 0 0 0
ctxt 386250937
btime 1669654930
processes 552267
procs_running 1
procs_blocked 0
softirq 970889675 676792494 31503235 739108 75767270 433793 0 119366263 41355986 588 24930938

cpu  837040 36885 1404187 520811865 112339 0 2935473 0 0 0
cpu0 115810 9541 199464 130459592 30361 0 697772 0 0 0
cpu1 452453 10665 767606 129328213 23158 0 825439 0 0 0
cpu2 136663 2862 229424 130518643 30514 0 719536 0 0 0
cpu3 132112 13816 207692 130505415 28304 0 692724 0 0 0
intr 12016271992 0 0 2616821 81 0 734277 33950649 0 0 0 9307564 0 0 0 0 0 0 0 0 0 0 0 0 0 0 0 0 0 0 0 0 0 0 0 0 0 0 0 0 0 0 0 0 0 0 0 0 0 0 0 0 2458924061 0 0 0 0 0 0 0 0 824227 0 433864 0 0 0 0 0 0 0 0 0 0 0 719040704 1 0 0 0 0 0 0 0 0 0 0 0 0 0 0 0 0 0 0 0 0 0 0 426099 4219 0 0 0 0 18319676 0 0 0 0 0 0 0 0 0 0 0 0 0 0 0 0 0 0 0 0 0 0 0 0 0 0 0 0 0 0 0 0 0 0 0 0 0 0 0 0 0 0 0 0 0 0 0 0 0 0 0 0 0 0 0 0 0 0 0 0 0 0 0 0 0 0 0 0 0 0 0 0 0 0 0 181755158 0 0 0
ctxt 386251038
btime 1669654930
processes 552267
procs_running 1
procs_blocked 0
softirq 970889964 676792561 31503250 739108 75767334 433793 0 119366343 41356017 588 24930970

cpu  837040 36885 1404187 520812062 112339 0 2935473 0 0 0
cpu0 115810 9541 199464 130459641 30361 0 697772 0 0 0
cpu1 452453 10665 767606 129328262 23158 0 825439 0 0 0
cpu2 136663 2862 229424 130518692 30514 0 719536 0 0 0
cpu3 132112 13816 207692 130505464 28304 0 692724 0 0 0
intr 12016276198 0 0 2616821 81 0 734277 33950672 0 0 0 9307568 0 0 0 0 0 0 0 0 0 0 0 0 0 0 0 0 0 0 0 0 0 0 0 0 0 0 0 0 0 0 0 0 0 0 0 0 0 0 0 0 2458928058 0 0 0 0 0 0 0 0 824228 0 433864 0 0 0 0 0 0 0 0 0 0 0 719040835 1 0 0 0 0 0 0 0 0 0 0 0 0 0 0 0 0 0 0 0 0 0 0 426099 4219 0 0 0 0 18319691 0 0 0 0 0 0 0 0 0 0 0 0 0 0 0 0 0 0 0 0 0 0 0 0 0 0 0 0 0 0 0 0 0 0 0 0 0 0 0 0 0 0 0 0 0 0 0 0 0 0 0 0 0 0 0 0 0 0 0 0 0 0 0 0 0 0 0 0 0 0 0 0 0 0 0 181755193 0 0 0
ctxt 386251129
btime 1669654930
processes 552267
procs_running 1
procs_blocked 0
softirq 970890033 676792562 31503265 739108 75767336 433793 0 119366358 41356037 588 24930986

cpu  837040 36885 1404188 520812259 112339 0 2935473 0 0 0
cpu0 115810 9541 199464 130459691 30361 0 697772 0 0 0
cpu1 452454 10665 767606 129328311 23158 0 825439 0 0 0
cpu2 136663 2862 229424 130518742 30514 0 719536 0 0 0
cpu3 132112 13816 207692 130505514 28304 0 692724 0 0 0
intr 12016280482 0 0 2616821 81 0 734277 33950710 0 0 0 9307572 0 0 0 0 0 0 0 0 0 0 0 0 0 0 0 0 0 0 0 0 0 0 0 0 0 0 0 0 0 0 0 0 0 0 0 0 0 0 0 0 2458932087 0 0 0 0 0 0 0 0 824229 0 433864 0 0 0 0 0 0 0 0 0 0 0 719040986 1 0 0 0 0 0 0 0 0 0 0 0 0 0 0 0 0 0 0 0 0 0 0 426099 4219 0 0 0 0 18319716 0 0 0 0 0 0 0 0 0 0 0 0 0 0 0 0 0 0 0 0 0 0 0 0 0 0 0 0 0 0 0 0 0 0 0 0 0 0 0 0 0 0 0 0 0 0 0 0 0 0 0 0 0 0 0 0 0 0 0 0 0 0 0 0 0 0 0 0 0 0 0 0 0 0 0 181755229 0 0 0
ctxt 386251260
btime 1669654930
processes 552267
procs_running 1
procs_blocked 0
softirq 970890108 676792570 31503278 739108 75767338 433793 0 119366379 41356055 588 24930999

cpu  837041 36885 1404188 520812454 112339 0 2935474 0 0 0
cpu0 115810 9541 199464 130459740 30361 0 697772 0 0 0
cpu1 452454 10665 767606 129328360 23158 0 825439 0 0 0
cpu2 136663 2862 229424 130518791 30514 0 719536 0 0 0
cpu3 132112 13816 207692 130505563 28304 0 692725 0 0 0
intr 12016284851 0 0 2616822 81 0 734277 33950732 0 0 0 9307576 0 0 0 0 0 0 0 0 0 0 0 0 0 0 0 0 0 0 0 0 0 0 0 0 0 0 0 0 0 0 0 0 0 0 0 0 0 0 0 0 2458936151 0 0 0 0 0 0 0 0 824230 0 433864 0 0 0 0 0 0 0 0 0 0 0 719041178 1 0 0 0 0 0 0 0 0 0 0 0 0 0 0 0 0 0 0 0 0 0 0 426099 4219 0 0 0 0 18319731 0 0 0 0 0 0 0 0 0 0 0 0 0 0 0 0 0 0 0 0 0 0 0 0 0 0 0 0 0 0 0 0 0 0 0 0 0 0 0 0 0 0 0 0 0 0 0 0 0 0 0 0 0 0 0 0 0 0 0 0 0 0 0 0 0 0 0 0 0 0 0 0 0 0 0 181755299 0 0 0
ctxt 386251356
btime 1669654930
processes 552267
procs_running 1
procs_blocked 0
softirq 970890412 676792634 31503297 739108 75767403 433793 0 119366461 41356093 588 24931035

cpu  837041 36885 1404189 520812652 112339 0 2935474 0 0 0
cpu0 115810 9541 199464 130459789 30361 0 697772 0 0 0
cpu1 452454 10665 767607 129328409 23158 0 825439 0 0 0
cpu2 136663 2862 229424 130518840 30514 0 719536 0 0 0
cpu3 132112 13816 207693 130505612 28304 0 692725 0 0 0
intr 12016289110 0 0 2616822 81 0 734277 33950759 0 0 0 9307579 0 0 0 0 0 0 0 0 0 0 0 0 0 0 0 0 0 0 0 0 0 0 0 0 0 0 0 0 0 0 0 0 0 0 0 0 0 0 0 0 2458940178 0 0 0 0 0 0 0 0 824231 0 433864 0 0 0 0 0 0 0 0 0 0 0 719041329 1 0 0 0 0 0 0 0 0 0 0 0 0 0 0 0 0 0 0 0 0 0 0 426099 4219 0 0 0 0 18319746 0 0 0 0 0 0 0 0 0 0 0 0 0 0 0 0 0 0 0 0 0 0 0 0 0 0 0 0 0 0 0 0 0 0 0 0 0 0 0 0 0 0 0 0 0 0 0 0 0 0 0 0 0 0 0 0 0 0 0 0 0 0 0 0 0 0 0 0 0 0 0 0 0 0 0 181755334 0 0 0
ctxt 386251463
btime 1669654930
processes 552267
procs_running 1
procs_blocked 0
softirq 970890479 676792642 31503310 739108 75767404 433793 0 119366475 41356111 588 24931048

cpu  837041 36885 1404189 520812848 112339 0 2935474 0 0 0
cpu0 115810 9541 199464 130459838 30361 0 697772 0 0 0
cpu1 452454 10665 767607 129328458 23158 0 825439 0 0 0
cpu2 136663 2862 229424 130518890 30514 0 719536 0 0 0
cpu3 132112 13816 207693 130505661 28304 0 692725 0 0 0
intr 12016293306 0 0 2616822 81 0 734277 33950781 0 0 0 9307582 0 0 0 0 0 0 0 0 0 0 0 0 0 0 0 0 0 0 0 0 0 0 0 0 0 0 0 0 0 0 0 0 0 0 0 0 0 0 0 0 2458944174 0 0 0 0 0 0 0 0 824232 0 433864 0 0 0 0 0 0 0 0 0 0 0 719041459 1 0 0 0 0 0 0 0 0 0 0 0 0 0 0 0 0 0 0 0 0 0 0 426099 4219 0 0 0 0 18319761 0 0 0 0 0 0 0 0 0 0 0 0 0 0 0 0 0 0 0 0 0 0 0 0 0 0 0 0 0 0 0 0 0 0 0 0 0 0 0 0 0 0 0 0 0 0 0 0 0 0 0 0 0 0 0 0 0 0 0 0 0 0 0 0 0 0 0 0 0 0 0 0 0 0 0 181755363 0 0 0
ctxt 386251548
btime 1669654930
processes 552267
procs_running 1
procs_blocked 0
softirq 970890536 676792642 31503323 739108 75767405 433793 0 119366489 41356128 588 24931060

cpu  837041 36885 1404190 520813044 112339 0 2935474 0 0 0
cpu0 115810 9541 199464 130459887 30361 0 697772 0 0 0
cpu1 452454 10665 767608 129328507 23158 0 825440 0 0 0
cpu2 136663 2862 229424 130518939 30514 0 719536 0 0 0
cpu3 132112 13816 207693 130505710 28304 0 692725 0 0 0
intr 12016297747 0 0 2616822 81 0 734277 33950814 0 0 0 9307586 0 0 0 0 0 0 0 0 0 0 0 0 0 0 0 0 0 0 0 0 0 0 0 0 0 0 0 0 0 0 0 0 0 0 0 0 0 0 0 0 2458948271 0 0 0 0 0 0 0 0 824233 0 433864 0 0 0 0 0 0 0 0 0 0 0 719041673 1 0 0 0 0 0 0 0 0 0 0 0 0 0 0 0 0 0 0 0 0 0 0 426099 4219 0 0 0 0 18319776 0 0 0 0 0 0 0 0 0 0 0 0 0 0 0 0 0 0 0 0 0 0 0 0 0 0 0 0 0 0 0 0 0 0 0 0 0 0 0 0 0 0 0 0 0 0 0 0 0 0 0 0 0 0 0 0 0 0 0 0 0 0 0 0 0 0 0 0 0 0 0 0 0 0 0 181755440 0 0 0
ctxt 386251675
btime 1669654930
processes 552267
procs_running 1
procs_blocked 0
softirq 970890855 676792714 31503345 739109 75767470 433793 0 119366571 41356171 588 24931094

cpu  837042 36885 1404190 520813241 112339 0 2935474 0 0 0
cpu0 115810 9541 199464 130459937 30361 0 697772 0 0 0
cpu1 452455 10665 767608 129328556 23158 0 825440 0 0 0
cpu2 136663 2862 229424 130518988 30514 0 719536 0 0 0
cpu3 132112 13816 207694 130505759 28304 0 692725 0 0 0
intr 12016301945 0 0 2616823 81 0 734277 33950835 0 0 0 9307589 0 0 0 0 0 0 0 0 0 0 0 0 0 0 0 0 0 0 0 0 0 0 0 0 0 0 0 0 0 0 0 0 0 0 0 0 0 0 0 0 2458952267 0 0 0 0 0 0 0 0 824234 0 433864 0 0 0 0 0 0 0 0 0 0 0 719041803 1 0 0 0 0 0 0 0 0 0 0 0 0 0 0 0 0 0 0 0 0 0 0 426099 4219 0 0 0 0 18319791 0 0 0 0 0 0 0 0 0 0 0 0 0 0 0 0 0 0 0 0 0 0 0 0 0 0 0 0 0 0 0 0 0 0 0 0 0 0 0 0 0 0 0 0 0 0 0 0 0 0 0 0 0 0 0 0 0 0 0 0 0 0 0 0 0 0 0 0 0 0 0 0 0 0 0 181755471 0 0 0
ctxt 386251758
btime 1669654930
processes 552267
procs_running 1
procs_blocked 0
softirq 970890913 676792714 31503359 739109 75767471 433793 0 119366585 41356188 588 24931106

cpu  837042 36885 1404192 520813438 112339 0 2935474 0 0 0
cpu0 115810 9541 199464 130459986 30361 0 697772 0 0 0
cpu1 452455 10665 767608 129328605 23158 0 825440 0 0 0
cpu2 136663 2862 229424 130519038 30514 0 719536 0 0 0
cpu3 132112 13816 207694 130505809 28304 0 692725 0 0 0
intr 12016306204 0 0 2616823 81 0 734277 33950864 0 0 0 9307592 0 0 0 0 0 0 0 0 0 0 0 0 0 0 0 0 0 0 0 0 0 0 0 0 0 0 0 0 0 0 0 0 0 0 0 0 0 0 0 0 2458956294 0 0 0 0 0 0 0 0 824235 0 433864 0 0 0 0 0 0 0 0 0 0 0 719041954 1 0 0 0 0 0 0 0 0 0 0 0 0 0 0 0 0 0 0 0 0 0 0 426099 4219 0 0 0 0 18319806 0 0 0 0 0 0 0 0 0 0 0 0 0 0 0 0 0 0 0 0 0 0 0 0 0 0 0 0 0 0 0 0 0 0 0 0 0 0 0 0 0 0 0 0 0 0 0 0 0 0 0 0 0 0 0 0 0 0 0 0 0 0 0 0 0 0 0 0 0 0 0 0 0 0 0 181755504 0 0 0
ctxt 386251863
btime 1669654930
processes 552267
procs_running 1
procs_blocked 0
softirq 970890982 676792722 31503373 739109 75767472 433793 0 119366598 41356208 588 24931119

cpu  837042 36885 1404192 520813634 112339 0 2935475 0 0 0
cpu0 115810 9541 199464 130460035 30361 0 697772 0 0 0
cpu1 452455 10665 767608 129328653 23158 0 825440 0 0 0
cpu2 136663 2862 229424 130519087 30514 0 719536 0 0 0
cpu3 132112 13816 207694 130505858 28304 0 692726 0 0 0
intr 12016310593 0 0 2616823 81 0 734277 33950891 0 0 0 9307595 0 0 0 0 0 0 0 0 0 0 0 0 0 0 0 0 0 0 0 0 0 0 0 0 0 0 0 0 0 0 0 0 0 0 0 0 0 0 0 0 2458960368 0 0 0 0 0 0 0 0 824236 0 433864 0 0 0 0 0 0 0 0 0 0 0 719042148 1 0 0 0 0 0 0 0 0 0 0 0 0 0 0 0 0 0 0 0 0 0 0 426099 4219 0 0 0 0 18319821 0 0 0 0 0 0 0 0 0 0 0 0 0 0 0 0 0 0 0 0 0 0 0 0 0 0 0 0 0 0 0 0 0 0 0 0 0 0 0 0 0 0 0 0 0 0 0 0 0 0 0 0 0 0 0 0 0 0 0 0 0 0 0 0 0 0 0 0 0 0 0 0 0 0 0 181755578 0 0 0
ctxt 386251977
btime 1669654930
processes 552267
procs_running 1
procs_blocked 0
softirq 970891294 676792786 31503390 739109 75767537 433793 0 119366683 41356247 588 24931161

cpu  837042 36885 1404192 520813831 112339 0 2935475 0 0 0
cpu0 115810 9541 199464 130460084 30361 0 697772 0 0 0
cpu1 452456 10665 767608 129328702 23158 0 825440 0 0 0
cpu2 136663 2862 229424 130519136 30514 0 719536 0 0 0
cpu3 132112 13816 207694 130505907 28304 0 692726 0 0 0
intr 12016314841 0 0 2616823 81 0 734277 33950917 0 0 0 9307598 0 0 0 0 0 0 0 0 0 0 0 0 0 0 0 0 0 0 0 0 0 0 0 0 0 0 0 0 0 0 0 0 0 0 0 0 0 0 0 0 2458964389 0 0 0 0 0 0 0 0 824237 0 433864 0 0 0 0 0 0 0 0 0 0 0 719042300 1 0 0 0 0 0 0 0 0 0 0 0 0 0 0 0 0 0 0 0 0 0 0 426099 4219 0 0 0 0 18319836 0 0 0 0 0 0 0 0 0 0 0 0 0 0 0 0 0 0 0 0 0 0 0 0 0 0 0 0 0 0 0 0 0 0 0 0 0 0 0 0 0 0 0 0 0 0 0 0 0 0 0 0 0 0 0 0 0 0 0 0 0 0 0 0 0 0 0 0 0 0 0 0 0 0 0 181755608 0 0 0
ctxt 386252073
btime 1669654930
processes 552267
procs_running 1
procs_blocked 0
softirq 970891360 676792794 31503403 739109 75767538 433793 0 119366698 41356265 588 24931172

cpu  837043 36885 1404192 520814028 112339 0 2935475 0 0 0
cpu0 115810 9541 199464 130460134 30361 0 697772 0 0 0
cpu1 452456 10665 767608 129328751 23158 0 825440 0 0 0
cpu2 136663 2862 229424 130519186 30514 0 719536 0 0 0
cpu3 132112 13816 207694 130505956 28304 0 692726 0 0 0
intr 12016319049 0 0 2616824 81 0 734277 33950941 0 0 0 9307601 0 0 0 0 0 0 0 0 0 0 0 0 0 0 0 0 0 0 0 0 0 0 0 0 0 0 0 0 0 0 0 0 0 0 0 0 0 0 0 0 2458968393 0 0 0 0 0 0 0 0 824238 0 433864 0 0 0 0 0 0 0 0 0 0 0 719042430 1 0 0 0 0 0 0 0 0 0 0 0 0 0 0 0 0 0 0 0 0 0 0 426099 4219 0 0 0 0 18319851 0 0 0 0 0 0 0 0 0 0 0 0 0 0 0 0 0 0 0 0 0 0 0 0 0 0 0 0 0 0 0 0 0 0 0 0 0 0 0 0 0 0 0 0 0 0 0 0 0 0 0 0 0 0 0 0 0 0 0 0 0 0 0 0 0 0 0 0 0 0 0 0 0 0 0 181755638 0 0 0
ctxt 386252155
btime 1669654930
processes 552267
procs_running 1
procs_blocked 0
softirq 970891419 676792794 31503417 739109 75767539 433793 0 119366712 41356283 588 24931184

cpu  837043 36885 1404192 520814224 112339 0 2935476 0 0 0
cpu0 115810 9541 199464 130460183 30361 0 697773 0 0 0
cpu1 452456 10665 767608 129328800 23158 0 825440 0 0 0
cpu2 136663 2862 229424 130519235 30514 0 719536 0 0 0
cpu3 132112 13816 207694 130506005 28304 0 692726 0 0 0
intr 12016323457 0 0 2616824 81 0 734277 33950973 0 0 0 9307604 0 0 0 0 0 0 0 0 0 0 0 0 0 0 0 0 0 0 0 0 0 0 0 0 0 0 0 0 0 0 0 0 0 0 0 0 0 0 0 0 2458972481 0 0 0 0 0 0 0 0 824239 0 433864 0 0 0 0 0 0 0 0 0 0 0 719042646 1 0 0 0 0 0 0 0 0 0 0 0 0 0 0 0 0 0 0 0 0 0 0 426099 4219 0 0 0 0 18319866 0 0 0 0 0 0 0 0 0 0 0 0 0 0 0 0 0 0 0 0 0 0 0 0 0 0 0 0 0 0 0 0 0 0 0 0 0 0 0 0 0 0 0 0 0 0 0 0 0 0 0 0 0 0 0 0 0 0 0 0 0 0 0 0 0 0 0 0 0 0 0 0 0 0 0 181755692 0 0 0
ctxt 386252269
btime 1669654930
processes 552267
procs_running 1
procs_blocked 0
softirq 970891717 676792866 31503434 739109 75767604 433793 0 119366795 41356312 588 24931216

cpu  837044 36885 1404192 520814421 112339 0 2935476 0 0 0
cpu0 115810 9541 199464 130460232 30361 0 697773 0 0 0
cpu1 452457 10665 767608 129328849 23158 0 825440 0 0 0
cpu2 136663 2862 229424 130519285 30514 0 719536 0 0 0
cpu3 132112 13816 207694 130506054 28304 0 692726 0 0 0
intr 12016327675 0 0 2616828 81 0 734277 33950997 0 0 0 9307608 0 0 0 0 0 0 0 0 0 0 0 0 0 0 0 0 0 0 0 0 0 0 0 0 0 0 0 0 0 0 0 0 0 0 0 0 0 0 0 0 2458976484 0 0 0 0 0 0 0 0 824240 0 433864 0 0 0 0 0 0 0 0 0 0 0 719042776 1 0 0 0 0 0 0 0 0 0 0 0 0 0 0 0 0 0 0 0 0 0 0 426099 4219 0 0 0 0 18319881 0 0 0 0 0 0 0 0 0 0 0 0 0 0 0 0 0 0 0 0 0 0 0 0 0 0 0 0 0 0 0 0 0 0 0 0 0 0 0 0 0 0 0 0 0 0 0 0 0 0 0 0 0 0 0 0 0 0 0 0 0 0 0 0 0 0 0 0 0 0 0 0 0 0 0 181755728 0 0 0
ctxt 386252358
btime 1669654930
processes 552267
procs_running 1
procs_blocked 0
softirq 970891778 676792866 31503450 739109 75767605 433793 0 119366809 41356330 588 24931228

cpu  837044 36885 1404192 520814618 112339 0 2935476 0 0 0
cpu0 115810 9541 199464 130460281 30361 0 697773 0 0 0
cpu1 452457 10665 767609 129328898 23158 0 825440 0 0 0
cpu2 136663 2862 229424 130519334 30514 0 719536 0 0 0
cpu3 132112 13816 207694 130506104 28304 0 692726 0 0 0
intr 12016331923 0 0 2616828 81 0 734277 33951026 0 0 0 9307611 0 0 0 0 0 0 0 0 0 0 0 0 0 0 0 0 0 0 0 0 0 0 0 0 0 0 0 0 0 0 0 0 0 0 0 0 0 0 0 0 2458980505 0 0 0 0 0 0 0 0 824241 0 433864 0 0 0 0 0 0 0 0 0 0 0 719042927 1 0 0 0 0 0 0 0 0 0 0 0 0 0 0 0 0 0 0 0 0 0 0 426099 4219 0 0 0 0 18319896 0 0 0 0 0 0 0 0 0 0 0 0 0 0 0 0 0 0 0 0 0 0 0 0 0 0 0 0 0 0 0 0 0 0 0 0 0 0 0 0 0 0 0 0 0 0 0 0 0 0 0 0 0 0 0 0 0 0 0 0 0 0 0 0 0 0 0 0 0 0 0 0 0 0 0 181755757 0 0 0
ctxt 386252453
btime 1669654930
processes 552267
procs_running 1
procs_blocked 0
softirq 970891840 676792874 31503462 739109 75767606 433793 0 119366823 41356347 588 24931238

cpu  837044 36885 1404192 520814814 112339 0 2935477 0 0 0
cpu0 115810 9541 199464 130460330 30361 0 697773 0 0 0
cpu1 452458 10665 767609 129328947 23158 0 825440 0 0 0
cpu2 136663 2862 229424 130519383 30514 0 719537 0 0 0
cpu3 132112 13816 207694 130506153 28304 0 692726 0 0 0
intr 12016336291 0 0 2616829 81 0 734277 33951051 0 0 0 9307615 0 0 0 0 0 0 0 0 0 0 0 0 0 0 0 0 0 0 0 0 0 0 0 0 0 0 0 0 0 0 0 0 0 0 0 0 0 0 0 0 2458984568 0 0 0 0 0 0 0 0 824242 0 433864 0 0 0 0 0 0 0 0 0 0 0 719043121 1 0 0 0 0 0 0 0 0 0 0 0 0 0 0 0 0 0 0 0 0 0 0 426099 4219 0 0 0 0 18319911 0 0 0 0 0 0 0 0 0 0 0 0 0 0 0 0 0 0 0 0 0 0 0 0 0 0 0 0 0 0 0 0 0 0 0 0 0 0 0 0 0 0 0 0 0 0 0 0 0 0 0 0 0 0 0 0 0 0 0 0 0 0 0 0 0 0 0 0 0 0 0 0 0 0 0 181755822 0 0 0
ctxt 386252553
btime 1669654930
processes 552267
procs_running 1
procs_blocked 0
softirq 970892143 676792938 31503479 739109 75767671 433793 0 119366904 41356384 588 24931277

cpu  837044 36885 1404193 520815011 112339 0 2935477 0 0 0
cpu0 115810 9541 199464 130460380 30361 0 697773 0 0 0
cpu1 452458 10665 767609 129328995 23158 0 825440 0 0 0
cpu2 136663 2862 229424 130519432 30514 0 719537 0 0 0
cpu3 132112 13816 207694 130506202 28304 0 692726 0 0 0
intr 12016340570 0 0 2616829 81 0 734277 33951081 0 0 0 9307618 0 0 0 0 0 0 0 0 0 0 0 0 0 0 0 0 0 0 0 0 0 0 0 0 0 0 0 0 0 0 0 0 0 0 0 0 0 0 0 0 2458988597 0 0 0 0 0 0 0 0 824243 0 433864 0 0 0 0 0 0 0 0 0 0 0 719043273 1 0 0 0 0 0 0 0 0 0 0 0 0 0 0 0 0 0 0 0 0 0 0 426099 4219 0 0 0 0 18319926 0 0 0 0 0 0 0 0 0 0 0 0 0 0 0 0 0 0 0 0 0 0 0 0 0 0 0 0 0 0 0 0 0 0 0 0 0 0 0 0 0 0 0 0 0 0 0 0 0 0 0 0 0 0 0 0 0 0 0 0 0 0 0 0 0 0 0 0 0 0 0 0 0 0 0 181755871 0 0 0
ctxt 386252665
btime 1669654930
processes 552267
procs_running 1
procs_blocked 0
softirq 970892230 676792946 31503495 739110 75767672 433793 0 119366918 41356409 588 24931299

cpu  837045 36885 1404193 520815208 112339 0 2935477 0 0 0
cpu0 115810 9541 199464 130460429 30361 0 697773 0 0 0
cpu1 452458 10665 767609 129329044 23158 0 825440 0 0 0
cpu2 136663 2862 229424 130519482 30514 0 719537 0 0 0
cpu3 132112 13816 207694 130506251 28304 0 692726 0 0 0
intr 12016344775 0 0 2616829 81 0 734277 33951104 0 0 0 9307623 0 0 0 0 0 0 0 0 0 0 0 0 0 0 0 0 0 0 0 0 0 0 0 0 0 0 0 0 0 0 0 0 0 0 0 0 0 0 0 0 2458992601 0 0 0 0 0 0 0 0 824244 0 433864 0 0 0 0 0 0 0 0 0 0 0 719043403 1 0 0 0 0 0 0 0 0 0 0 0 0 0 0 0 0 0 0 0 0 0 0 426099 4219 0 0 0 0 18319941 0 0 0 0 0 0 0 0 0 0 0 0 0 0 0 0 0 0 0 0 0 0 0 0 0 0 0 0 0 0 0 0 0 0 0 0 0 0 0 0 0 0 0 0 0 0 0 0 0 0 0 0 0 0 0 0 0 0 0 0 0 0 0 0 0 0 0 0 0 0 0 0 0 0 0 181755898 0 0 0
ctxt 386252744
btime 1669654930
processes 552267
procs_running 1
procs_blocked 0
softirq 970892287 676792946 31503508 739110 75767673 433793 0 119366932 41356426 588 24931311

cpu  837045 36885 1404193 520815404 112339 0 2935478 0 0 0
cpu0 115810 9541 199464 130460478 30361 0 697773 0 0 0
cpu1 452458 10665 767609 129329093 23158 0 825440 0 0 0
cpu2 136663 2862 229424 130519531 30514 0 719537 0 0 0
cpu3 132112 13816 207694 130506300 28304 0 692727 0 0 0
intr 12016349184 0 0 2616829 81 0 734277 33951135 0 0 0 9307627 0 0 0 0 0 0 0 0 0 0 0 0 0 0 0 0 0 0 0 0 0 0 0 0 0 0 0 0 0 0 0 0 0 0 0 0 0 0 0 0 2458996687 0 0 0 0 0 0 0 0 824245 0 433864 0 0 0 0 0 0 0 0 0 0 0 719043619 1 0 0 0 0 0 0 0 0 0 0 0 0 0 0 0 0 0 0 0 0 0 0 426099 4219 0 0 0 0 18319956 0 0 0 0 0 0 0 0 0 0 0 0 0 0 0 0 0 0 0 0 0 0 0 0 0 0 0 0 0 0 0 0 0 0 0 0 0 0 0 0 0 0 0 0 0 0 0 0 0 0 0 0 0 0 0 0 0 0 0 0 0 0 0 0 0 0 0 0 0 0 0 0 0 0 0 181755954 0 0 0
ctxt 386252857
btime 1669654930
processes 552267
procs_running 1
procs_blocked 0
softirq 970892585 676793018 31503524 739110 75767738 433793 0 119367013 41356457 588 24931344

cpu  837046 36885 1404193 520815601 112339 0 2935478 0 0 0
cpu0 115810 9541 199464 130460527 30361 0 697773 0 0 0
cpu1 452459 10665 767609 129329142 23158 0 825440 0 0 0
cpu2 136663 2862 229424 130519580 30514 0 719537 0 0 0
cpu3 132112 13816 207694 130506349 28304 0 692727 0 0 0
intr 12016353384 0 0 2616830 81 0 734277 33951158 0 0 0 9307630 0 0 0 0 0 0 0 0 0 0 0 0 0 0 0 0 0 0 0 0 0 0 0 0 0 0 0 0 0 0 0 0 0 0 0 0 0 0 0 0 2459000683 0 0 0 0 0 0 0 0 824246 0 433864 0 0 0 0 0 0 0 0 0 0 0 719043749 1 0 0 0 0 0 0 0 0 0 0 0 0 0 0 0 0 0 0 0 0 0 0 426099 4219 0 0 0 0 18319971 0 0 0 0 0 0 0 0 0 0 0 0 0 0 0 0 0 0 0 0 0 0 0 0 0 0 0 0 0 0 0 0 0 0 0 0 0 0 0 0 0 0 0 0 0 0 0 0 0 0 0 0 0 0 0 0 0 0 0 0 0 0 0 0 0 0 0 0 0 0 0 0 0 0 0 181755985 0 0 0
ctxt 386252937
btime 1669654930
processes 552267
procs_running 1
procs_blocked 0
softirq 970892645 676793018 31503538 739110 75767739 433793 0 119367027 41356476 588 24931356

cpu  837046 36885 1404194 520815798 112339 0 2935478 0 0 0
cpu0 115810 9541 199464 130460577 30361 0 697773 0 0 0
cpu1 452459 10665 767610 129329191 23158 0 825440 0 0 0
cpu2 136663 2862 229424 130519630 30514 0 719537 0 0 0
cpu3 132112 13816 207694 130506399 28304 0 692727 0 0 0
intr 12016357648 0 0 2616830 81 0 734277 33951185 0 0 0 9307634 0 0 0 0 0 0 0 0 0 0 0 0 0 0 0 0 0 0 0 0 0 0 0 0 0 0 0 0 0 0 0 0 0 0 0 0 0 0 0 0 2459004709 0 0 0 0 0 0 0 0 824247 0 433864 0 0 0 0 0 0 0 0 0 0 0 719043900 1 0 0 0 0 0 0 0 0 0 0 0 0 0 0 0 0 0 0 0 0 0 0 426099 4219 0 0 0 0 18319986 0 0 0 0 0 0 0 0 0 0 0 0 0 0 0 0 0 0 0 0 0 0 0 0 0 0 0 0 0 0 0 0 0 0 0 0 0 0 0 0 0 0 0 0 0 0 0 0 0 0 0 0 0 0 0 0 0 0 0 0 0 0 0 0 0 0 0 0 0 0 0 0 0 0 0 181756025 0 0 0
ctxt 386253047
btime 1669654930
processes 552267
procs_running 1
procs_blocked 0
softirq 970892715 676793026 31503553 739110 75767740 433793 0 119367040 41356496 588 24931369

cpu  837046 36885 1404194 520815995 112339 0 2935478 0 0 0
cpu0 115810 9541 199464 130460626 30361 0 697773 0 0 0
cpu1 452459 10665 767610 129329240 23158 0 825440 0 0 0
cpu2 136663 2862 229424 130519679 30514 0 719537 0 0 0
cpu3 132112 13816 207694 130506448 28304 0 692727 0 0 0
intr 12016361844 0 0 2616830 81 0 734277 33951207 0 0 0 9307637 0 0 0 0 0 0 0 0 0 0 0 0 0 0 0 0 0 0 0 0 0 0 0 0 0 0 0 0 0 0 0 0 0 0 0 0 0 0 0 0 2459008705 0 0 0 0 0 0 0 0 824248 0 433864 0 0 0 0 0 0 0 0 0 0 0 719044030 1 0 0 0 0 0 0 0 0 0 0 0 0 0 0 0 0 0 0 0 0 0 0 426099 4219 0 0 0 0 18320001 0 0 0 0 0 0 0 0 0 0 0 0 0 0 0 0 0 0 0 0 0 0 0 0 0 0 0 0 0 0 0 0 0 0 0 0 0 0 0 0 0 0 0 0 0 0 0 0 0 0 0 0 0 0 0 0 0 0 0 0 0 0 0 0 0 0 0 0 0 0 0 0 0 0 0 181756054 0 0 0
ctxt 386253130
btime 1669654930
processes 552267
procs_running 1
procs_blocked 0
softirq 970892771 676793026 31503566 739110 75767741 433793 0 119367054 41356512 588 24931381

cpu  837046 36885 1404194 520816192 112339 0 2935478 0 0 0
cpu0 115810 9541 199464 130460675 30361 0 697773 0 0 0
cpu1 452459 10665 767610 129329289 23158 0 825440 0 0 0
cpu2 136663 2862 229424 130519729 30514 0 719537 0 0 0
cpu3 132112 13816 207694 130506497 28304 0 692727 0 0 0
intr 12016366117 0 0 2616830 81 0 734277 33951243 0 0 0 9307640 0 0 0 0 0 0 0 0 0 0 0 0 0 0 0 0 0 0 0 0 0 0 0 0 0 0 0 0 0 0 0 0 0 0 0 0 0 0 0 0 2459012733 0 0 0 0 0 0 0 0 824249 0 433864 0 0 0 0 0 0 0 0 0 0 0 719044182 1 0 0 0 0 0 0 0 0 0 0 0 0 0 0 0 0 0 0 0 0 0 0 426099 4219 0 0 0 0 18320026 0 0 0 0 0 0 0 0 0 0 0 0 0 0 0 0 0 0 0 0 0 0 0 0 0 0 0 0 0 0 0 0 0 0 0 0 0 0 0 0 0 0 0 0 0 0 0 0 0 0 0 0 0 0 0 0 0 0 0 0 0 0 0 0 0 0 0 0 0 0 0 0 0 0 0 181756082 0 0 0
ctxt 386253247
btime 1669654930
processes 552267
procs_running 1
procs_blocked 0
softirq 970892848 676793034 31503581 739110 75767743 433793 0 119367077 41356529 588 24931393

cpu  837046 36885 1404194 520816389 112339 0 2935478 0 0 0
cpu0 115810 9541 199464 130460725 30361 0 697773 0 0 0
cpu1 452460 10665 767610 129329338 23158 0 825440 0 0 0
cpu2 136663 2862 229424 130519778 30514 0 719537 0 0 0
cpu3 132112 13816 207695 130506547 28304 0 692727 0 0 0
intr 12016370338 0 0 2616831 81 0 734277 33951269 0 0 0 9307644 0 0 0 0 0 0 0 0 0 0 0 0 0 0 0 0 0 0 0 0 0 0 0 0 0 0 0 0 0 0 0 0 0 0 0 0 0 0 0 0 2459016737 0 0 0 0 0 0 0 0 824250 0 433864 0 0 0 0 0 0 0 0 0 0 0 719044312 1 0 0 0 0 0 0 0 0 0 0 0 0 0 0 0 0 0 0 0 0 0 0 426099 4219 0 0 0 0 18320047 0 0 0 0 0 0 0 0 0 0 0 0 0 0 0 0 0 0 0 0 0 0 0 0 0 0 0 0 0 0 0 0 0 0 0 0 0 0 0 0 0 0 0 0 0 0 0 0 0 0 0 0 0 0 0 0 0 0 0 0 0 0 0 0 0 0 0 0 0 0 0 0 0 0 0 181756115 0 0 0
ctxt 386253349
btime 1669654930
processes 552267
procs_running 1
procs_blocked 0
softirq 970892916 676793034 31503596 739110 75767746 433793 0 119367096 41356546 588 24931407

cpu  837047 36885 1404194 520816586 112339 0 2935478 0 0 0
cpu0 115810 9541 199464 130460774 30361 0 697773 0 0 0
cpu1 452460 10665 767610 129329387 23158 0 825440 0 0 0
cpu2 136663 2862 229424 130519828 30514 0 719537 0 0 0
cpu3 132112 13816 207695 130506596 28304 0 692727 0 0 0
intr 12016374582 0 0 2616831 81 0 734277 33951296 0 0 0 9307647 0 0 0 0 0 0 0 0 0 0 0 0 0 0 0 0 0 0 0 0 0 0 0 0 0 0 0 0 0 0 0 0 0 0 0 0 0 0 0 0 2459020757 0 0 0 0 0 0 0 0 824251 0 433864 0 0 0 0 0 0 0 0 0 0 0 719044463 1 0 0 0 0 0 0 0 0 0 0 0 0 0 0 0 0 0 0 0 0 0 0 426099 4219 0 0 0 0 18320062 0 0 0 0 0 0 0 0 0 0 0 0 0 0 0 0 0 0 0 0 0 0 0 0 0 0 0 0 0 0 0 0 0 0 0 0 0 0 0 0 0 0 0 0 0 0 0 0 0 0 0 0 0 0 0 0 0 0 0 0 0 0 0 0 0 0 0 0 0 0 0 0 0 0 0 181756143 0 0 0
ctxt 386253446
btime 1669654930
processes 552267
procs_running 1
procs_blocked 0
softirq 970892981 676793042 31503611 739110 75767747 433793 0 119367110 41356562 588 24931418

cpu  837047 36885 1404194 520816783 112339 0 2935478 0 0 0
cpu0 115810 9541 199464 130460823 30361 0 697773 0 0 0
cpu1 452460 10665 767610 129329436 23158 0 825440 0 0 0
cpu2 136663 2862 229424 130519877 30514 0 719537 0 0 0
cpu3 132112 13816 207695 130506645 28304 0 692727 0 0 0
intr 12016378782 0 0 2616831 81 0 734277 33951319 0 0 0 9307650 0 0 0 0 0 0 0 0 0 0 0 0 0 0 0 0 0 0 0 0 0 0 0 0 0 0 0 0 0 0 0 0 0 0 0 0 0 0 0 0 2459024761 0 0 0 0 0 0 0 0 824252 0 433864 0 0 0 0 0 0 0 0 0 0 0 719044591 1 0 0 0 0 0 0 0 0 0 0 0 0 0 0 0 0 0 0 0 0 0 0 426099 4219 0 0 0 0 18320077 0 0 0 0 0 0 0 0 0 0 0 0 0 0 0 0 0 0 0 0 0 0 0 0 0 0 0 0 0 0 0 0 0 0 0 0 0 0 0 0 0 0 0 0 0 0 0 0 0 0 0 0 0 0 0 0 0 0 0 0 0 0 0 0 0 0 0 0 0 0 0 0 0 0 0 181756169 0 0 0
ctxt 386253529
btime 1669654930
processes 552267
procs_running 1
procs_blocked 0
softirq 970893036 676793042 31503624 739110 75767748 433793 0 119367124 41356577 588 24931430

cpu  837048 36885 1404194 520816980 112339 0 2935478 0 0 0
cpu0 115810 9541 199464 130460872 30361 0 697773 0 0 0
cpu1 452461 10665 767610 129329485 23158 0 825440 0 0 0
cpu2 136663 2862 229424 130519926 30514 0 719537 0 0 0
cpu3 132112 13816 207695 130506695 28304 0 692727 0 0 0
intr 12016383028 0 0 2616831 81 0 734277 33951342 0 0 0 9307654 0 0 0 0 0 0 0 0 0 0 0 0 0 0 0 0 0 0 0 0 0 0 0 0 0 0 0 0 0 0 0 0 0 0 0 0 0 0 0 0 2459028783 0 0 0 0 0 0 0 0 824253 0 433864 0 0 0 0 0 0 0 0 0 0 0 719044743 1 0 0 0 0 0 0 0 0 0 0 0 0 0 0 0 0 0 0 0 0 0 0 426099 4219 0 0 0 0 18320092 0 0 0 0 0 0 0 0 0 0 0 0 0 0 0 0 0 0 0 0 0 0 0 0 0 0 0 0 0 0 0 0 0 0 0 0 0 0 0 0 0 0 0 0 0 0 0 0 0 0 0 0 0 0 0 0 0 0 0 0 0 0 0 0 0 0 0 0 0 0 0 0 0 0 0 181756198 0 0 0
ctxt 386253627
btime 1669654930
processes 552267
procs_running 1
procs_blocked 0
softirq 970893101 676793050 31503638 739110 75767749 433793 0 119367139 41356593 588 24931441

cpu  837048 36885 1404194 520817177 112339 0 2935478 0 0 0
cpu0 115810 9541 199464 130460922 30361 0 697773 0 0 0
cpu1 452461 10665 767610 129329534 23158 0 825440 0 0 0
cpu2 136663 2862 229424 130519976 30514 0 719537 0 0 0
cpu3 132112 13816 207695 130506744 28304 0 692727 0 0 0
intr 12016387292 0 0 2616832 81 0 734277 33951385 0 0 0 9307658 0 0 0 0 0 0 0 0 0 0 0 0 0 0 0 0 0 0 0 0 0 0 0 0 0 0 0 0 0 0 0 0 0 0 0 0 0 0 0 0 2459032787 0 0 0 0 0 0 0 0 824254 0 433864 0 0 0 0 0 0 0 0 0 0 0 719044873 1 0 0 0 0 0 0 0 0 0 0 0 0 0 0 0 0 0 0 0 0 0 0 426099 4219 0 0 0 0 18320133 0 0 0 0 0 0 0 0 0 0 0 0 0 0 0 0 0 0 0 0 0 0 0 0 0 0 0 0 0 0 0 0 0 0 0 0 0 0 0 0 0 0 0 0 0 0 0 0 0 0 0 0 0 0 0 0 0 0 0 0 0 0 0 0 0 0 0 0 0 0 0 0 0 0 0 181756238 0 0 0
ctxt 386253765
btime 1669654930
processes 552267
procs_running 1
procs_blocked 0
softirq 970893193 676793050 31503660 739110 75767751 433793 0 119367173 41356616 588 24931452

cpu  837048 36885 1404194 520817373 112339 0 2935478 0 0 0
cpu0 115810 9541 199464 130460971 30361 0 697773 0 0 0
cpu1 452462 10665 767610 129329583 23158 0 825440 0 0 0
cpu2 136663 2862 229424 130520025 30514 0 719537 0 0 0
cpu3 132112 13816 207695 130506793 28304 0 692728 0 0 0
intr 12016391551 0 0 2616832 81 0 734277 33951414 0 0 0 9307662 0 0 0 0 0 0 0 0 0 0 0 0 0 0 0 0 0 0 0 0 0 0 0 0 0 0 0 0 0 0 0 0 0 0 0 0 0 0 0 0 2459036806 0 0 0 0 0 0 0 0 824255 0 433864 0 0 0 0 0 0 0 0 0 0 0 719045024 1 0 0 0 0 0 0 0 0 0 0 0 0 0 0 0 0 0 0 0 0 0 0 426099 4219 0 0 0 0 18320148 0 0 0 0 0 0 0 0 0 0 0 0 0 0 0 0 0 0 0 0 0 0 0 0 0 0 0 0 0 0 0 0 0 0 0 0 0 0 0 0 0 0 0 0 0 0 0 0 0 0 0 0 0 0 0 0 0 0 0 0 0 0 0 0 0 0 0 0 0 0 0 0 0 0 0 181756278 0 0 0
ctxt 386253873
btime 1669654930
processes 552267
procs_running 1
procs_blocked 0
softirq 970893280 676793058 31503678 739111 75767752 433793 0 119367186 41356641 588 24931473

cpu  837049 36885 1404194 520817571 112339 0 2935478 0 0 0
cpu0 115810 9541 199464 130461020 30361 0 697773 0 0 0
cpu1 452462 10665 767610 129329632 23158 0 825440 0 0 0
cpu2 136663 2862 229424 130520075 30514 0 719537 0 0 0
cpu3 132112 13816 207695 130506842 28304 0 692728 0 0 0
intr 12016395754 0 0 2616832 81 0 734277 33951437 0 0 0 9307666 0 0 0 0 0 0 0 0 0 0 0 0 0 0 0 0 0 0 0 0 0 0 0 0 0 0 0 0 0 0 0 0 0 0 0 0 0 0 0 0 2459040809 0 0 0 0 0 0 0 0 824256 0 433864 0 0 0 0 0 0 0 0 0 0 0 719045154 1 0 0 0 0 0 0 0 0 0 0 0 0 0 0 0 0 0 0 0 0 0 0 426099 4219 0 0 0 0 18320163 0 0 0 0 0 0 0 0 0 0 0 0 0 0 0 0 0 0 0 0 0 0 0 0 0 0 0 0 0 0 0 0 0 0 0 0 0 0 0 0 0 0 0 0 0 0 0 0 0 0 0 0 0 0 0 0 0 0 0 0 0 0 0 0 0 0 0 0 0 0 0 0 0 0 0 181756304 0 0 0
ctxt 386253959
btime 1669654930
processes 552267
procs_running 1
procs_blocked 0
softirq 970893334 676793058 31503691 739111 75767753 433793 0 119367200 41356656 588 24931484

cpu  837049 36885 1404194 520817767 112339 0 2935478 0 0 0
cpu0 115810 9541 199464 130461070 30361 0 697773 0 0 0
cpu1 452462 10665 767610 129329681 23158 0 825440 0 0 0
cpu2 136663 2862 229424 130520124 30514 0 719537 0 0 0
cpu3 132112 13816 207695 130506892 28304 0 692728 0 0 0
intr 12016399997 0 0 2616832 81 0 734277 33951464 0 0 0 9307669 0 0 0 0 0 0 0 0 0 0 0 0 0 0 0 0 0 0 0 0 0 0 0 0 0 0 0 0 0 0 0 0 0 0 0 0 0 0 0 0 2459044827 0 0 0 0 0 0 0 0 824257 0 433864 0 0 0 0 0 0 0 0 0 0 0 719045305 1 0 0 0 0 0 0 0 0 0 0 0 0 0 0 0 0 0 0 0 0 0 0 426099 4219 0 0 0 0 18320178 0 0 0 0 0 0 0 0 0 0 0 0 0 0 0 0 0 0 0 0 0 0 0 0 0 0 0 0 0 0 0 0 0 0 0 0 0 0 0 0 0 0 0 0 0 0 0 0 0 0 0 0 0 0 0 0 0 0 0 0 0 0 0 0 0 0 0 0 0 0 0 0 0 0 0 181756332 0 0 0
ctxt 386254053
btime 1669654930
processes 552267
procs_running 1
procs_blocked 0
softirq 970893394 676793066 31503704 739111 75767754 433793 0 119367213 41356670 588 24931495

cpu  837050 36885 1404194 520817965 112339 0 2935478 0 0 0
cpu0 115810 9541 199464 130461119 30361 0 697773 0 0 0
cpu1 452463 10665 767610 129329730 23158 0 825440 0 0 0
cpu2 136663 2862 229424 130520174 30514 0 719537 0 0 0
cpu3 132112 13816 207695 130506941 28304 0 692728 0 0 0
intr 12016404206 0 0 2616833 81 0 734277 33951486 0 0 0 9307672 0 0 0 0 0 0 0 0 0 0 0 0 0 0 0 0 0 0 0 0 0 0 0 0 0 0 0 0 0 0 0 0 0 0 0 0 0 0 0 0 2459048832 0 0 0 0 0 0 0 0 824258 0 433864 0 0 0 0 0 0 0 0 0 0 0 719045436 1 0 0 0 0 0 0 0 0 0 0 0 0 0 0 0 0 0 0 0 0 0 0 426099 4219 0 0 0 0 18320193 0 0 0 0 0 0 0 0 0 0 0 0 0 0 0 0 0 0 0 0 0 0 0 0 0 0 0 0 0 0 0 0 0 0 0 0 0 0 0 0 0 0 0 0 0 0 0 0 0 0 0 0 0 0 0 0 0 0 0 0 0 0 0 0 0 0 0 0 0 0 0 0 0 0 0 181756363 0 0 0
ctxt 386254133
btime 1669654930
processes 552267
procs_running 1
procs_blocked 0
softirq 970893453 676793067 31503718 739111 75767755 433793 0 119367228 41356687 588 24931506

cpu  837050 36885 1404195 520818161 112339 0 2935478 0 0 0
cpu0 115810 9541 199464 130461168 30361 0 697773 0 0 0
cpu1 452463 10665 767610 129329779 23158 0 825440 0 0 0
cpu2 136663 2862 229424 130520223 30514 0 719537 0 0 0
cpu3 132112 13816 207695 130506990 28304 0 692728 0 0 0
intr 12016408450 0 0 2616833 81 0 734277 33951509 0 0 0 9307675 0 0 0 0 0 0 0 0 0 0 0 0 0 0 0 0 0 0 0 0 0 0 0 0 0 0 0 0 0 0 0 0 0 0 0 0 0 0 0 0 2459052853 0 0 0 0 0 0 0 0 824259 0 433864 0 0 0 0 0 0 0 0 0 0 0 719045588 1 0 0 0 0 0 0 0 0 0 0 0 0 0 0 0 0 0 0 0 0 0 0 426099 4219 0 0 0 0 18320208 0 0 0 0 0 0 0 0 0 0 0 0 0 0 0 0 0 0 0 0 0 0 0 0 0 0 0 0 0 0 0 0 0 0 0 0 0 0 0 0 0 0 0 0 0 0 0 0 0 0 0 0 0 0 0 0 0 0 0 0 0 0 0 0 0 0 0 0 0 0 0 0 0 0 0 181756393 0 0 0
ctxt 386254229
btime 1669654930
processes 552267
procs_running 1
procs_blocked 0
softirq 970893518 676793075 31503732 739111 75767756 433793 0 119367242 41356703 588 24931518

cpu  837051 36885 1404195 520818359 112339 0 2935478 0 0 0
cpu0 115810 9541 199464 130461217 30361 0 697773 0 0 0
cpu1 452464 10665 767610 129329828 23158 0 825440 0 0 0
cpu2 136663 2862 229424 130520272 30514 0 719537 0 0 0
cpu3 132112 13816 207695 130507040 28304 0 692728 0 0 0
intr 12016412650 0 0 2616833 81 0 734277 33951530 0 0 0 9307678 0 0 0 0 0 0 0 0 0 0 0 0 0 0 0 0 0 0 0 0 0 0 0 0 0 0 0 0 0 0 0 0 0 0 0 0 0 0 0 0 2459056857 0 0 0 0 0 0 0 0 824260 0 433864 0 0 0 0 0 0 0 0 0 0 0 719045718 1 0 0 0 0 0 0 0 0 0 0 0 0 0 0 0 0 0 0 0 0 0 0 426099 4219 0 0 0 0 18320223 0 0 0 0 0 0 0 0 0 0 0 0 0 0 0 0 0 0 0 0 0 0 0 0 0 0 0 0 0 0 0 0 0 0 0 0 0 0 0 0 0 0 0 0 0 0 0 0 0 0 0 0 0 0 0 0 0 0 0 0 0 0 0 0 0 0 0 0 0 0 0 0 0 0 0 181756419 0 0 0
ctxt 386254305
btime 1669654930
processes 552267
procs_running 1
procs_blocked 0
softirq 970893572 676793075 31503745 739111 75767757 433793 0 119367256 41356718 588 24931529

cpu  837051 36885 1404195 520818555 112339 0 2935478 0 0 0
cpu0 115810 9541 199464 130461267 30361 0 697773 0 0 0
cpu1 452464 10665 767610 129329877 23158 0 825440 0 0 0
cpu2 136663 2862 229424 130520322 30514 0 719537 0 0 0
cpu3 132112 13816 207696 130507089 28304 0 692728 0 0 0
intr 12016416911 0 0 2616837 81 0 734277 33951560 0 0 0 9307681 0 0 0 0 0 0 0 0 0 0 0 0 0 0 0 0 0 0 0 0 0 0 0 0 0 0 0 0 0 0 0 0 0 0 0 0 0 0 0 0 2459060880 0 0 0 0 0 0 0 0 824261 0 433864 0 0 0 0 0 0 0 0 0 0 0 719045870 1 0 0 0 0 0 0 0 0 0 0 0 0 0 0 0 0 0 0 0 0 0 0 426099 4219 0 0 0 0 18320238 0 0 0 0 0 0 0 0 0 0 0 0 0 0 0 0 0 0 0 0 0 0 0 0 0 0 0 0 0 0 0 0 0 0 0 0 0 0 0 0 0 0 0 0 0 0 0 0 0 0 0 0 0 0 0 0 0 0 0 0 0 0 0 0 0 0 0 0 0 0 0 0 0 0 0 181756452 0 0 0
ctxt 386254412
btime 1669654930
processes 552267
procs_running 1
procs_blocked 0
softirq 970893641 676793083 31503759 739111 75767758 433793 0 119367272 41356735 588 24931542

cpu  837052 36885 1404195 520818753 112339 0 2935478 0 0 0
cpu0 115810 9541 199464 130461316 30361 0 697773 0 0 0
cpu1 452464 10665 767610 129329926 23158 0 825440 0 0 0
cpu2 136663 2862 229424 130520371 30514 0 719537 0 0 0
cpu3 132112 13816 207696 130507138 28304 0 692728 0 0 0
intr 12016421116 0 0 2616838 81 0 734277 33951581 0 0 0 9307684 0 0 0 0 0 0 0 0 0 0 0 0 0 0 0 0 0 0 0 0 0 0 0 0 0 0 0 0 0 0 0 0 0 0 0 0 0 0 0 0 2459064884 0 0 0 0 0 0 0 0 824262 0 433864 0 0 0 0 0 0 0 0 0 0 0 719046000 1 0 0 0 0 0 0 0 0 0 0 0 0 0 0 0 0 0 0 0 0 0 0 426099 4219 0 0 0 0 18320253 0 0 0 0 0 0 0 0 0 0 0 0 0 0 0 0 0 0 0 0 0 0 0 0 0 0 0 0 0 0 0 0 0 0 0 0 0 0 0 0 0 0 0 0 0 0 0 0 0 0 0 0 0 0 0 0 0 0 0 0 0 0 0 0 0 0 0 0 0 0 0 0 0 0 0 181756482 0 0 0
ctxt 386254494
btime 1669654930
processes 552267
procs_running 1
procs_blocked 0
softirq 970893699 676793083 31503774 739111 75767759 433793 0 119367286 41356752 588 24931553

cpu  837052 36885 1404195 520818950 112339 0 2935478 0 0 0
cpu0 115810 9541 199464 130461365 30361 0 697773 0 0 0
cpu1 452465 10665 767610 129329975 23158 0 825440 0 0 0
cpu2 136663 2862 229424 130520420 30514 0 719537 0 0 0
cpu3 132112 13816 207696 130507187 28304 0 692728 0 0 0
intr 12016425360 0 0 2616838 81 0 734277 33951607 0 0 0 9307688 0 0 0 0 0 0 0 0 0 0 0 0 0 0 0 0 0 0 0 0 0 0 0 0 0 0 0 0 0 0 0 0 0 0 0 0 0 0 0 0 2459068904 0 0 0 0 0 0 0 0 824263 0 433864 0 0 0 0 0 0 0 0 0 0 0 719046152 1 0 0 0 0 0 0 0 0 0 0 0 0 0 0 0 0 0 0 0 0 0 0 426099 4219 0 0 0 0 18320268 0 0 0 0 0 0 0 0 0 0 0 0 0 0 0 0 0 0 0 0 0 0 0 0 0 0 0 0 0 0 0 0 0 0 0 0 0 0 0 0 0 0 0 0 0 0 0 0 0 0 0 0 0 0 0 0 0 0 0 0 0 0 0 0 0 0 0 0 0 0 0 0 0 0 0 181756508 0 0 0
ctxt 386254585
btime 1669654930
processes 552267
procs_running 1
procs_blocked 0
softirq 970893762 676793091 31503787 739111 75767760 433793 0 119367301 41356767 588 24931564

cpu  837052 36885 1404196 520819147 112339 0 2935478 0 0 0
cpu0 115810 9541 199464 130461415 30361 0 697773 0 0 0
cpu1 452465 10665 767611 129330024 23158 0 825440 0 0 0
cpu2 136663 2862 229424 130520470 30514 0 719537 0 0 0
cpu3 132112 13816 207696 130507237 28304 0 692728 0 0 0
intr 12016429565 0 0 2616838 81 0 734277 33951630 0 0 0 9307691 0 0 0 0 0 0 0 0 0 0 0 0 0 0 0 0 0 0 0 0 0 0 0 0 0 0 0 0 0 0 0 0 0 0 0 0 0 0 0 0 2459072907 0 0 0 0 0 0 0 0 824264 0 433864 0 0 0 0 0 0 0 0 0 0 0 719046282 1 0 0 0 0 0 0 0 0 0 0 0 0 0 0 0 0 0 0 0 0 0 0 426099 4219 0 0 0 0 18320283 0 0 0 0 0 0 0 0 0 0 0 0 0 0 0 0 0 0 0 0 0 0 0 0 0 0 0 0 0 0 0 0 0 0 0 0 0 0 0 0 0 0 0 0 0 0 0 0 0 0 0 0 0 0 0 0 0 0 0 0 0 0 0 0 0 0 0 0 0 0 0 0 0 0 0 181756537 0 0 0
ctxt 386254672
btime 1669654930
processes 552267
procs_running 1
procs_blocked 0
softirq 970893817 676793091 31503800 739111 75767761 433793 0 119367315 41356782 588 24931576

cpu  837052 36885 1404196 520819344 112339 0 2935478 0 0 0
cpu0 115810 9541 199464 130461464 30361 0 697773 0 0 0
cpu1 452465 10665 767611 129330073 23158 0 825440 0 0 0
cpu2 136663 2862 229424 130520519 30514 0 719537 0 0 0
cpu3 132112 13816 207696 130507286 28304 0 692728 0 0 0
intr 12016433805 0 0 2616838 81 0 734277 33951654 0 0 0 9307696 0 0 0 0 0 0 0 0 0 0 0 0 0 0 0 0 0 0 0 0 0 0 0 0 0 0 0 0 0 0 0 0 0 0 0 0 0 0 0 0 2459076925 0 0 0 0 0 0 0 0 824265 0 433864 0 0 0 0 0 0 0 0 0 0 0 719046433 1 0 0 0 0 0 0 0 0 0 0 0 0 0 0 0 0 0 0 0 0 0 0 426099 4219 0 0 0 0 18320298 0 0 0 0 0 0 0 0 0 0 0 0 0 0 0 0 0 0 0 0 0 0 0 0 0 0 0 0 0 0 0 0 0 0 0 0 0 0 0 0 0 0 0 0 0 0 0 0 0 0 0 0 0 0 0 0 0 0 0 0 0 0 0 0 0 0 0 0 0 0 0 0 0 0 0 181756564 0 0 0
ctxt 386254769
btime 1669654930
processes 552267
procs_running 1
procs_blocked 0
softirq 970893882 676793099 31503814 739112 75767762 433793 0 119367328 41356798 588 24931588

cpu  837052 36885 1404197 520819540 112339 0 2935478 0 0 0
cpu0 115810 9541 199464 130461513 30361 0 697773 0 0 0
cpu1 452465 10665 767611 129330121 23158 0 825440 0 0 0
cpu2 136663 2862 229424 130520569 30514 0 719537 0 0 0
cpu3 132112 13816 207696 130507335 28304 0 692728 0 0 0
intr 12016438053 0 0 2616839 81 0 734277 33951691 0 0 0 9307699 0 0 0 0 0 0 0 0 0 0 0 0 0 0 0 0 0 0 0 0 0 0 0 0 0 0 0 0 0 0 0 0 0 0 0 0 0 0 0 0 2459080929 0 0 0 0 0 0 0 0 824266 0 433864 0 0 0 0 0 0 0 0 0 0 0 719046563 1 0 0 0 0 0 0 0 0 0 0 0 0 0 0 0 0 0 0 0 0 0 0 426099 4219 0 0 0 0 18320333 0 0 0 0 0 0 0 0 0 0 0 0 0 0 0 0 0 0 0 0 0 0 0 0 0 0 0 0 0 0 0 0 0 0 0 0 0 0 0 0 0 0 0 0 0 0 0 0 0 0 0 0 0 0 0 0 0 0 0 0 0 0 0 0 0 0 0 0 0 0 0 0 0 0 0 181756601 0 0 0
ctxt 386254903
btime 1669654930
processes 552267
procs_running 1
procs_blocked 0
softirq 970893966 676793099 31503832 739112 75767764 433793 0 119367359 41356819 588 24931600

cpu  837053 36885 1404197 520819737 112339 0 2935478 0 0 0
cpu0 115810 9541 199464 130461563 30361 0 697773 0 0 0
cpu1 452466 10665 767611 129330170 23158 0 825440 0 0 0
cpu2 136663 2862 229424 130520618 30514 0 719537 0 0 0
cpu3 132112 13816 207696 130507384 28304 0 692728 0 0 0
intr 12016442300 0 0 2616839 81 0 734277 33951718 0 0 0 9307703 0 0 0 0 0 0 0 0 0 0 0 0 0 0 0 0 0 0 0 0 0 0 0 0 0 0 0 0 0 0 0 0 0 0 0 0 0 0 0 0 2459084949 0 0 0 0 0 0 0 0 824267 0 433864 0 0 0 0 0 0 0 0 0 0 0 719046715 1 0 0 0 0 0 0 0 0 0 0 0 0 0 0 0 0 0 0 0 0 0 0 426099 4219 0 0 0 0 18320348 0 0 0 0 0 0 0 0 0 0 0 0 0 0 0 0 0 0 0 0 0 0 0 0 0 0 0 0 0 0 0 0 0 0 0 0 0 0 0 0 0 0 0 0 0 0 0 0 0 0 0 0 0 0 0 0 0 0 0 0 0 0 0 0 0 0 0 0 0 0 0 0 0 0 0 181756629 0 0 0
ctxt 386255005
btime 1669654930
processes 552267
procs_running 1
procs_blocked 0
softirq 970894028 676793107 31503845 739112 75767765 433793 0 119367373 41356834 588 24931611

cpu  837053 36885 1404198 520819934 112339 0 2935478 0 0 0
cpu0 115810 9541 199464 130461612 30361 0 697773 0 0 0
cpu1 452466 10665 767612 129330219 23158 0 825440 0 0 0
cpu2 136663 2862 229424 130520668 30514 0 719537 0 0 0
cpu3 132112 13816 207696 130507433 28304 0 692728 0 0 0
intr 12016446551 0 0 2616839 81 0 734277 33951752 0 0 0 9307707 0 0 0 0 0 0 0 0 0 0 0 0 0 0 0 0 0 0 0 0 0 0 0 0 0 0 0 0 0 0 0 0 0 0 0 0 0 0 0 0 2459088953 0 0 0 0 0 0 0 0 824268 0 433864 0 0 0 0 0 0 0 0 0 0 0 719046845 1 0 0 0 0 0 0 0 0 0 0 0 0 0 0 0 0 0 0 0 0 0 0 426099 4219 0 0 0 0 18320380 0 0 0 0 0 0 0 0 0 0 0 0 0 0 0 0 0 0 0 0 0 0 0 0 0 0 0 0 0 0 0 0 0 0 0 0 0 0 0 0 0 0 0 0 0 0 0 0 0 0 0 0 0 0 0 0 0 0 0 0 0 0 0 0 0 0 0 0 0 0 0 0 0 0 0 181756675 0 0 0
ctxt 386255141
btime 1669654930
processes 552267
procs_running 1
procs_blocked 0
softirq 970894116 676793107 31503862 739112 75767767 433793 0 119367400 41356857 588 24931630

cpu  837053 36885 1404198 520820130 112339 0 2935478 0 0 0
cpu0 115810 9541 199464 130461661 30361 0 697773 0 0 0
cpu1 452466 10665 767612 129330268 23158 0 825440 0 0 0
cpu2 136663 2862 229424 130520717 30514 0 719537 0 0 0
cpu3 132112 13816 207696 130507483 28304 0 692728 0 0 0
intr 12016450841 0 0 2616839 81 0 734277 33951796 0 0 0 9307711 0 0 0 0 0 0 0 0 0 0 0 0 0 0 0 0 0 0 0 0 0 0 0 0 0 0 0 0 0 0 0 0 0 0 0 0 0 0 0 0 2459092971 0 0 0 0 0 0 0 0 824269 0 433864 0 0 0 0 0 0 0 0 0 0 0 719046996 1 0 0 0 0 0 0 0 0 0 0 0 0 0 0 0 0 0 0 0 0 0 0 426099 4219 0 0 0 0 18320417 0 0 0 0 0 0 0 0 0 0 0 0 0 0 0 0 0 0 0 0 0 0 0 0 0 0 0 0 0 0 0 0 0 0 0 0 0 0 0 0 0 0 0 0 0 0 0 0 0 0 0 0 0 0 0 0 0 0 0 0 0 0 0 0 0 0 0 0 0 0 0 0 0 0 0 181756709 0 0 0
ctxt 386255290
btime 1669654930
processes 552267
procs_running 1
procs_blocked 0
softirq 970894212 676793115 31503879 739112 75767770 433793 0 119367432 41356878 588 24931645

cpu  837053 36885 1404198 520820327 112339 0 2935478 0 0 0
cpu0 115810 9541 199464 130461711 30361 0 697773 0 0 0
cpu1 452466 10665 767612 129330317 23158 0 825440 0 0 0
cpu2 136663 2862 229424 130520767 30514 0 719537 0 0 0
cpu3 132112 13816 207696 130507531 28304 0 692728 0 0 0
intr 12016455097 0 0 2616840 81 0 734278 33951832 0 0 0 9307715 0 0 0 0 0 0 0 0 0 0 0 0 0 0 0 0 0 0 0 0 0 0 0 0 0 0 0 0 0 0 0 0 0 0 0 0 0 0 0 0 2459096975 0 0 0 0 0 0 0 0 824270 0 433864 0 0 0 0 0 0 0 0 0 0 0 719047126 1 0 0 0 0 0 0 0 0 0 0 0 0 0 0 0 0 0 0 0 0 0 0 426099 4219 0 0 0 0 18320458 0 0 0 0 0 0 0 0 0 0 0 0 0 0 0 0 0 0 0 0 0 0 0 0 0 0 0 0 0 0 0 0 0 0 0 0 0 0 0 0 0 0 0 0 0 0 0 0 0 0 0 0 0 0 0 0 0 0 0 0 0 0 0 0 0 0 0 0 0 0 0 0 0 0 0 181756747 0 0 0
ctxt 386255440
btime 1669654930
processes 552268
procs_running 1
procs_blocked 0
softirq 970894298 676793115 31503897 739112 75767772 433793 0 119367466 41356899 588 24931656

cpu  837054 36885 1404198 520820524 112339 0 2935479 0 0 0
cpu0 115810 9541 199464 130461760 30361 0 697773 0 0 0
cpu1 452466 10665 767612 129330366 23158 0 825440 0 0 0
cpu2 136663 2862 229424 130520816 30514 0 719537 0 0 0
cpu3 132112 13816 207696 130507581 28304 0 692728 0 0 0
intr 12016459317 0 0 2616840 81 0 734279 33951859 0 0 0 9307720 0 0 0 0 0 0 0 0 0 0 0 0 0 0 0 0 0 0 0 0 0 0 0 0 0 0 0 0 0 0 0 0 0 0 0 0 0 0 0 0 2459100979 0 0 0 0 0 0 0 0 824271 0 433864 0 0 0 0 0 0 0 0 0 0 0 719047254 1 0 0 0 0 0 0 0 0 0 0 0 0 0 0 0 0 0 0 0 0 0 0 426099 4219 0 0 0 0 18320480 0 0 0 0 0 0 0 0 0 0 0 0 0 0 0 0 0 0 0 0 0 0 0 0 0 0 0 0 0 0 0 0 0 0 0 0 0 0 0 0 0 0 0 0 0 0 0 0 0 0 0 0 0 0 0 0 0 0 0 0 0 0 0 0 0 0 0 0 0 0 0 0 0 0 0 181756780 0 0 0
ctxt 386255556
btime 1669654930
processes 552269
procs_running 1
procs_blocked 0
softirq 970894371 676793115 31503914 739112 75767773 433793 0 119367486 41356919 588 24931671

cpu  837054 36885 1404198 520820721 112339 0 2935479 0 0 0
cpu0 115810 9541 199464 130461809 30361 0 697773 0 0 0
cpu1 452467 10665 767612 129330415 23158 0 825440 0 0 0
cpu2 136663 2862 229424 130520865 30514 0 719537 0 0 0
cpu3 132112 13816 207696 130507630 28304 0 692728 0 0 0
intr 12016463567 0 0 2616840 81 0 734279 33951883 0 0 0 9307723 0 0 0 0 0 0 0 0 0 0 0 0 0 0 0 0 0 0 0 0 0 0 0 0 0 0 0 0 0 0 0 0 0 0 0 0 0 0 0 0 2459105002 0 0 0 0 0 0 0 0 824272 0 433864 0 0 0 0 0 0 0 0 0 0 0 719047408 1 0 0 0 0 0 0 0 0 0 0 0 0 0 0 0 0 0 0 0 0 0 0 426099 4219 0 0 0 0 18320495 0 0 0 0 0 0 0 0 0 0 0 0 0 0 0 0 0 0 0 0 0 0 0 0 0 0 0 0 0 0 0 0 0 0 0 0 0 0 0 0 0 0 0 0 0 0 0 0 0 0 0 0 0 0 0 0 0 0 0 0 0 0 0 0 0 0 0 0 0 0 0 0 0 0 0 181756810 0 0 0
ctxt 386255659
btime 1669654930
processes 552269
procs_running 1
procs_blocked 0
softirq 970894442 676793123 31503928 739112 75767774 433793 0 119367504 41356937 588 24931683

cpu  837054 36885 1404198 520820918 112339 0 2935479 0 0 0
cpu0 115810 9541 199464 130461859 30361 0 697773 0 0 0
cpu1 452467 10665 767612 129330464 23158 0 825440 0 0 0
cpu2 136663 2862 229424 130520915 30514 0 719537 0 0 0
cpu3 132112 13816 207696 130507679 28304 0 692728 0 0 0
intr 12016467766 0 0 2616840 81 0 734279 33951904 0 0 0 9307727 0 0 0 0 0 0 0 0 0 0 0 0 0 0 0 0 0 0 0 0 0 0 0 0 0 0 0 0 0 0 0 0 0 0 0 0 0 0 0 0 2459109006 0 0 0 0 0 0 0 0 824273 0 433864 0 0 0 0 0 0 0 0 0 0 0 719047534 1 0 0 0 0 0 0 0 0 0 0 0 0 0 0 0 0 0 0 0 0 0 0 426099 4219 0 0 0 0 18320510 0 0 0 0 0 0 0 0 0 0 0 0 0 0 0 0 0 0 0 0 0 0 0 0 0 0 0 0 0 0 0 0 0 0 0 0 0 0 0 0 0 0 0 0 0 0 0 0 0 0 0 0 0 0 0 0 0 0 0 0 0 0 0 0 0 0 0 0 0 0 0 0 0 0 0 181756838 0 0 0
ctxt 386255752
btime 1669654930
processes 552269
procs_running 1
procs_blocked 0
softirq 970894496 676793123 31503941 739112 75767775 433793 0 119367518 41356953 588 24931693

cpu  837055 36885 1404198 520821115 112339 0 2935480 0 0 0
cpu0 115810 9541 199464 130461908 30361 0 697773 0 0 0
cpu1 452468 10665 767612 129330513 23158 0 825440 0 0 0
cpu2 136663 2862 229424 130520964 30514 0 719537 0 0 0
cpu3 132112 13816 207696 130507728 28304 0 692728 0 0 0
intr 12016472012 0 0 2616841 81 0 734279 33951930 0 0 0 9307731 0 0 0 0 0 0 0 0 0 0 0 0 0 0 0 0 0 0 0 0 0 0 0 0 0 0 0 0 0 0 0 0 0 0 0 0 0 0 0 0 2459113023 0 0 0 0 0 0 0 0 824274 0 433864 0 0 0 0 0 0 0 0 0 0 0 719047686 1 0 0 0 0 0 0 0 0 0 0 0 0 0 0 0 0 0 0 0 0 0 0 426099 4219 0 0 0 0 18320525 0 0 0 0 0 0 0 0 0 0 0 0 0 0 0 0 0 0 0 0 0 0 0 0 0 0 0 0 0 0 0 0 0 0 0 0 0 0 0 0 0 0 0 0 0 0 0 0 0 0 0 0 0 0 0 0 0 0 0 0 0 0 0 0 0 0 0 0 0 0 0 0 0 0 0 181756868 0 0 0
ctxt 386255852
btime 1669654930
processes 552269
procs_running 1
procs_blocked 0
softirq 970894564 676793131 31503957 739112 75767776 433793 0 119367531 41356972 588 24931704
