cpu  855600 38662 1434133 533744487 114816 0 3275812 0 0 0
cpu0 119980 9541 206395 133689263 30937 0 786276 0 0 0
cpu1 457294 11232 775515 132564018 23857 0 908026 0 0 0
cpu2 141941 4072 237524 133749844 31151 0 805838 0 0 0
cpu3 136383 13816 214697 133741359 28869 0 775672 0 0 0
intr 12377275217 0 0 2664525 81 0 764525 35865529 0 0 0 9549981 0 0 0 0 0 0 0 0 0 0 0 0 0 0 0 0 0 0 0 0 0 0 0 0 0 0 0 0 0 0 0 0 0 0 0 0 0 0 0 0 2765549637 0 0 0 0 0 0 0 0 896002 0 456770 0 0 0 0 0 0 0 0 0 0 0 764270070 1 0 0 0 0 0 0 0 0 0 0 0 0 0 0 0 0 0 0 0 0 0 0 449005 4219 0 0 0 0 19622751 0 0 0 0 0 0 0 0 0 0 0 0 0 0 0 0 0 0 0 0 0 0 0 0 0 0 0 0 0 0 0 0 0 0 0 0 0 0 0 0 0 0 0 0 0 0 0 0 0 0 0 0 0 0 0 0 0 0 0 0 0 0 0 0 0 0 0 0 0 0 0 0 0 0 0 187247530 0 0 0
ctxt 396294476
btime 1669654930
processes 572591
procs_running 1
procs_blocked 0
softirq 1076188141 748804741 33043733 745464 87440509 456697 0 133464242 44072426 588 28159741

cpu  855600 38662 1434133 533744685 114816 0 3275812 0 0 0
cpu0 119980 9541 206395 133689313 30937 0 786276 0 0 0
cpu1 457294 11232 775515 132564068 23857 0 908026 0 0 0
cpu2 141941 4072 237525 133749894 31151 0 805838 0 0 0
cpu3 136383 13816 214697 133741409 28869 0 775672 0 0 0
intr 12377279485 0 0 2664525 81 0 764527 35865559 0 0 0 9549985 0 0 0 0 0 0 0 0 0 0 0 0 0 0 0 0 0 0 0 0 0 0 0 0 0 0 0 0 0 0 0 0 0 0 0 0 0 0 0 0 2765553674 0 0 0 0 0 0 0 0 896003 0 456770 0 0 0 0 0 0 0 0 0 0 0 764270223 1 0 0 0 0 0 0 0 0 0 0 0 0 0 0 0 0 0 0 0 0 0 0 449005 4219 0 0 0 0 19622766 0 0 0 0 0 0 0 0 0 0 0 0 0 0 0 0 0 0 0 0 0 0 0 0 0 0 0 0 0 0 0 0 0 0 0 0 0 0 0 0 0 0 0 0 0 0 0 0 0 0 0 0 0 0 0 0 0 0 0 0 0 0 0 0 0 0 0 0 0 0 0 0 0 0 0 187247556 0 0 0
ctxt 396294575
btime 1669654930
processes 572591
procs_running 1
procs_blocked 0
softirq 1076188208 748804749 33043748 745465 87440510 456697 0 133464256 44072445 588 28159750

cpu  855600 38662 1434133 533744882 114816 0 3275812 0 0 0
cpu0 119980 9541 206395 133689363 30937 0 786276 0 0 0
cpu1 457294 11232 775515 132564117 23857 0 908026 0 0 0
cpu2 141941 4072 237525 133749943 31151 0 805838 0 0 0
cpu3 136383 13816 214697 133741458 28869 0 775672 0 0 0
intr 12377283683 0 0 2664526 81 0 764527 35865580 0 0 0 9549989 0 0 0 0 0 0 0 0 0 0 0 0 0 0 0 0 0 0 0 0 0 0 0 0 0 0 0 0 0 0 0 0 0 0 0 0 0 0 0 0 2765557678 0 0 0 0 0 0 0 0 896004 0 456770 0 0 0 0 0 0 0 0 0 0 0 764270351 1 0 0 0 0 0 0 0 0 0 0 0 0 0 0 0 0 0 0 0 0 0 0 449005 4219 0 0 0 0 19622781 0 0 0 0 0 0 0 0 0 0 0 0 0 0 0 0 0 0 0 0 0 0 0 0 0 0 0 0 0 0 0 0 0 0 0 0 0 0 0 0 0 0 0 0 0 0 0 0 0 0 0 0 0 0 0 0 0 0 0 0 0 0 0 0 0 0 0 0 0 0 0 0 0 0 0 187247579 0 0 0
ctxt 396294651
btime 1669654930
processes 572591
procs_running 1
procs_blocked 0
softirq 1076188259 748804749 33043762 745465 87440511 456697 0 133464270 44072460 588 28159757

cpu  855600 38662 1434134 533745079 114816 0 3275812 0 0 0
cpu0 119980 9541 206395 133689412 30937 0 786276 0 0 0
cpu1 457294 11232 775515 132564167 23857 0 908026 0 0 0
cpu2 141941 4072 237525 133749991 31151 0 805838 0 0 0
cpu3 136383 13816 214697 133741507 28869 0 775672 0 0 0
intr 12377287880 0 0 2664530 81 0 764527 35865600 0 0 0 9549992 0 0 0 0 0 0 0 0 0 0 0 0 0 0 0 0 0 0 0 0 0 0 0 0 0 0 0 0 0 0 0 0 0 0 0 0 0 0 0 0 2765561676 0 0 0 0 0 0 0 0 896005 0 456770 0 0 0 0 0 0 0 0 0 0 0 764270481 1 0 0 0 0 0 0 0 0 0 0 0 0 0 0 0 0 0 0 0 0 0 0 449005 4219 0 0 0 0 19622796 0 0 0 0 0 0 0 0 0 0 0 0 0 0 0 0 0 0 0 0 0 0 0 0 0 0 0 0 0 0 0 0 0 0 0 0 0 0 0 0 0 0 0 0 0 0 0 0 0 0 0 0 0 0 0 0 0 0 0 0 0 0 0 0 0 0 0 0 0 0 0 0 0 0 0 187247606 0 0 0
ctxt 396294721
btime 1669654930
processes 572591
procs_running 1
procs_blocked 0
softirq 1076188311 748804749 33043775 745465 87440512 456697 0 133464283 44072478 588 28159764

cpu  855600 38662 1434134 533745276 114816 0 3275812 0 0 0
cpu0 119980 9541 206395 133689461 30937 0 786276 0 0 0
cpu1 457294 11232 775515 132564216 23857 0 908026 0 0 0
cpu2 141941 4072 237525 133750040 31151 0 805838 0 0 0
cpu3 136383 13816 214697 133741556 28869 0 775672 0 0 0
intr 12377292127 0 0 2664530 81 0 764527 35865628 0 0 0 9549995 0 0 0 0 0 0 0 0 0 0 0 0 0 0 0 0 0 0 0 0 0 0 0 0 0 0 0 0 0 0 0 0 0 0 0 0 0 0 0 0 2765565696 0 0 0 0 0 0 0 0 896006 0 456770 0 0 0 0 0 0 0 0 0 0 0 764270631 1 0 0 0 0 0 0 0 0 0 0 0 0 0 0 0 0 0 0 0 0 0 0 449005 4219 0 0 0 0 19622811 0 0 0 0 0 0 0 0 0 0 0 0 0 0 0 0 0 0 0 0 0 0 0 0 0 0 0 0 0 0 0 0 0 0 0 0 0 0 0 0 0 0 0 0 0 0 0 0 0 0 0 0 0 0 0 0 0 0 0 0 0 0 0 0 0 0 0 0 0 0 0 0 0 0 0 187247636 0 0 0
ctxt 396294826
btime 1669654930
processes 572591
procs_running 1
procs_blocked 0
softirq 1076188377 748804757 33043790 745465 87440513 456697 0 133464298 44072495 588 28159774

cpu  855600 38662 1434134 533745473 114816 0 3275812 0 0 0
cpu0 119980 9541 206395 133689511 30937 0 786276 0 0 0
cpu1 457294 11232 775515 132564266 23857 0 908026 0 0 0
cpu2 141941 4072 237525 133750089 31151 0 805838 0 0 0
cpu3 136383 13816 214697 133741606 28869 0 775672 0 0 0
intr 12377296332 0 0 2664530 81 0 764527 35865650 0 0 0 9549999 0 0 0 0 0 0 0 0 0 0 0 0 0 0 0 0 0 0 0 0 0 0 0 0 0 0 0 0 0 0 0 0 0 0 0 0 0 0 0 0 2765569701 0 0 0 0 0 0 0 0 896007 0 456770 0 0 0 0 0 0 0 0 0 0 0 764270761 1 0 0 0 0 0 0 0 0 0 0 0 0 0 0 0 0 0 0 0 0 0 0 449005 4219 0 0 0 0 19622830 0 0 0 0 0 0 0 0 0 0 0 0 0 0 0 0 0 0 0 0 0 0 0 0 0 0 0 0 0 0 0 0 0 0 0 0 0 0 0 0 0 0 0 0 0 0 0 0 0 0 0 0 0 0 0 0 0 0 0 0 0 0 0 0 0 0 0 0 0 0 0 0 0 0 0 187247660 0 0 0
ctxt 396294906
btime 1669654930
processes 572591
procs_running 1
procs_blocked 0
softirq 1076188434 748804757 33043804 745465 87440514 456697 0 133464313 44072512 588 28159784

cpu  855600 38662 1434134 533745670 114816 0 3275812 0 0 0
cpu0 119980 9541 206395 133689560 30937 0 786276 0 0 0
cpu1 457294 11232 775515 132564315 23857 0 908026 0 0 0
cpu2 141941 4072 237525 133750138 31151 0 805838 0 0 0
cpu3 136383 13816 214697 133741655 28869 0 775672 0 0 0
intr 12377300572 0 0 2664531 81 0 764527 35865675 0 0 0 9550002 0 0 0 0 0 0 0 0 0 0 0 0 0 0 0 0 0 0 0 0 0 0 0 0 0 0 0 0 0 0 0 0 0 0 0 0 0 0 0 0 2765573721 0 0 0 0 0 0 0 0 896008 0 456770 0 0 0 0 0 0 0 0 0 0 0 764270911 1 0 0 0 0 0 0 0 0 0 0 0 0 0 0 0 0 0 0 0 0 0 0 449005 4219 0 0 0 0 19622845 0 0 0 0 0 0 0 0 0 0 0 0 0 0 0 0 0 0 0 0 0 0 0 0 0 0 0 0 0 0 0 0 0 0 0 0 0 0 0 0 0 0 0 0 0 0 0 0 0 0 0 0 0 0 0 0 0 0 0 0 0 0 0 0 0 0 0 0 0 0 0 0 0 0 0 187247686 0 0 0
ctxt 396294997
btime 1669654930
processes 572591
procs_running 1
procs_blocked 0
softirq 1076188497 748804765 33043819 745465 87440515 456697 0 133464329 44072527 588 28159792

cpu  855600 38662 1434134 533745867 114816 0 3275812 0 0 0
cpu0 119980 9541 206395 133689610 30937 0 786276 0 0 0
cpu1 457294 11232 775515 132564364 23857 0 908026 0 0 0
cpu2 141941 4072 237526 133750187 31151 0 805838 0 0 0
cpu3 136383 13816 214697 133741704 28869 0 775672 0 0 0
intr 12377304780 0 0 2664531 81 0 764527 35865699 0 0 0 9550005 0 0 0 0 0 0 0 0 0 0 0 0 0 0 0 0 0 0 0 0 0 0 0 0 0 0 0 0 0 0 0 0 0 0 0 0 0 0 0 0 2765577726 0 0 0 0 0 0 0 0 896009 0 456770 0 0 0 0 0 0 0 0 0 0 0 764271041 1 0 0 0 0 0 0 0 0 0 0 0 0 0 0 0 0 0 0 0 0 0 0 449005 4219 0 0 0 0 19622864 0 0 0 0 0 0 0 0 0 0 0 0 0 0 0 0 0 0 0 0 0 0 0 0 0 0 0 0 0 0 0 0 0 0 0 0 0 0 0 0 0 0 0 0 0 0 0 0 0 0 0 0 0 0 0 0 0 0 0 0 0 0 0 0 0 0 0 0 0 0 0 0 0 0 0 187247711 0 0 0
ctxt 396295083
btime 1669654930
processes 572591
procs_running 1
procs_blocked 0
softirq 1076188548 748804765 33043832 745465 87440516 456697 0 133464344 44072542 588 28159799

cpu  855600 38662 1434135 533746064 114816 0 3275812 0 0 0
cpu0 119980 9541 206395 133689659 30937 0 786276 0 0 0
cpu1 457294 11232 775515 132564414 23857 0 908026 0 0 0
cpu2 141941 4072 237526 133750236 31151 0 805838 0 0 0
cpu3 136383 13816 214697 133741753 28869 0 775672 0 0 0
intr 12377309020 0 0 2664531 81 0 764527 35865725 0 0 0 9550009 0 0 0 0 0 0 0 0 0 0 0 0 0 0 0 0 0 0 0 0 0 0 0 0 0 0 0 0 0 0 0 0 0 0 0 0 0 0 0 0 2765581747 0 0 0 0 0 0 0 0 896010 0 456770 0 0 0 0 0 0 0 0 0 0 0 764271191 1 0 0 0 0 0 0 0 0 0 0 0 0 0 0 0 0 0 0 0 0 0 0 449005 4219 0 0 0 0 19622879 0 0 0 0 0 0 0 0 0 0 0 0 0 0 0 0 0 0 0 0 0 0 0 0 0 0 0 0 0 0 0 0 0 0 0 0 0 0 0 0 0 0 0 0 0 0 0 0 0 0 0 0 0 0 0 0 0 0 0 0 0 0 0 0 0 0 0 0 0 0 0 0 0 0 0 187247734 0 0 0
ctxt 396295178
btime 1669654930
processes 572591
procs_running 1
procs_blocked 0
softirq 1076188607 748804773 33043845 745465 87440517 456697 0 133464359 44072556 588 28159807

cpu  855600 38662 1434135 533746261 114816 0 3275812 0 0 0
cpu0 119980 9541 206395 133689709 30937 0 786276 0 0 0
cpu1 457294 11232 775515 132564463 23857 0 908026 0 0 0
cpu2 141941 4072 237526 133750285 31151 0 805838 0 0 0
cpu3 136383 13816 214697 133741803 28869 0 775672 0 0 0
intr 12377313204 0 0 2664531 81 0 764528 35865743 0 0 0 9550013 0 0 0 0 0 0 0 0 0 0 0 0 0 0 0 0 0 0 0 0 0 0 0 0 0 0 0 0 0 0 0 0 0 0 0 0 0 0 0 0 2765585743 0 0 0 0 0 0 0 0 896011 0 456770 0 0 0 0 0 0 0 0 0 0 0 764271319 1 0 0 0 0 0 0 0 0 0 0 0 0 0 0 0 0 0 0 0 0 0 0 449005 4219 0 0 0 0 19622894 0 0 0 0 0 0 0 0 0 0 0 0 0 0 0 0 0 0 0 0 0 0 0 0 0 0 0 0 0 0 0 0 0 0 0 0 0 0 0 0 0 0 0 0 0 0 0 0 0 0 0 0 0 0 0 0 0 0 0 0 0 0 0 0 0 0 0 0 0 0 0 0 0 0 0 187247755 0 0 0
ctxt 396295253
btime 1669654930
processes 572591
procs_running 1
procs_blocked 0
softirq 1076188652 748804773 33043857 745465 87440518 456697 0 133464372 44072568 588 28159814

cpu  855600 38662 1434136 533746458 114816 0 3275812 0 0 0
cpu0 119980 9541 206395 133689758 30937 0 786276 0 0 0
cpu1 457294 11232 775515 132564513 23857 0 908026 0 0 0
cpu2 141941 4072 237527 133750334 31151 0 805838 0 0 0
cpu3 136383 13816 214697 133741852 28869 0 775672 0 0 0
intr 12377317464 0 0 2664532 81 0 764528 35865771 0 0 0 9550017 0 0 0 0 0 0 0 0 0 0 0 0 0 0 0 0 0 0 0 0 0 0 0 0 0 0 0 0 0 0 0 0 0 0 0 0 0 0 0 0 2765589771 0 0 0 0 0 0 0 0 896012 0 456770 0 0 0 0 0 0 0 0 0 0 0 764271470 1 0 0 0 0 0 0 0 0 0 0 0 0 0 0 0 0 0 0 0 0 0 0 449005 4219 0 0 0 0 19622909 0 0 0 0 0 0 0 0 0 0 0 0 0 0 0 0 0 0 0 0 0 0 0 0 0 0 0 0 0 0 0 0 0 0 0 0 0 0 0 0 0 0 0 0 0 0 0 0 0 0 0 0 0 0 0 0 0 0 0 0 0 0 0 0 0 0 0 0 0 0 0 0 0 0 0 187247786 0 0 0
ctxt 396295354
btime 1669654930
processes 572591
procs_running 1
procs_blocked 0
softirq 1076188719 748804781 33043872 745465 87440519 456697 0 133464386 44072585 588 28159826

cpu  855600 38662 1434137 533746654 114816 0 3275812 0 0 0
cpu0 119980 9541 206395 133689807 30937 0 786276 0 0 0
cpu1 457294 11232 775515 132564562 23857 0 908026 0 0 0
cpu2 141941 4072 237527 133750383 31151 0 805838 0 0 0
cpu3 136383 13816 214698 133741900 28869 0 775672 0 0 0
intr 12377321732 0 0 2664532 81 0 764528 35865815 0 0 0 9550022 0 0 0 0 0 0 0 0 0 0 0 0 0 0 0 0 0 0 0 0 0 0 0 0 0 0 0 0 0 0 0 0 0 0 0 0 0 0 0 0 2765593769 0 0 0 0 0 0 0 0 896013 0 456795 0 0 0 0 0 0 0 0 0 0 0 764271600 1 0 0 0 0 0 0 0 0 0 0 0 0 0 0 0 0 0 0 0 0 0 0 449030 4219 0 0 0 0 19622924 0 0 0 0 0 0 0 0 0 0 0 0 0 0 0 0 0 0 0 0 0 0 0 0 0 0 0 0 0 0 0 0 0 0 0 0 0 0 0 0 0 0 0 0 0 0 0 0 0 0 0 0 0 0 0 0 0 0 0 0 0 0 0 0 0 0 0 0 0 0 0 0 0 0 0 187247814 0 0 0
ctxt 396295629
btime 1669654930
processes 572591
procs_running 2
procs_blocked 0
softirq 1076188876 748804781 33043886 745465 87440520 456722 0 133464474 44072603 588 28159837

cpu  855600 38662 1434137 533746851 114816 0 3275812 0 0 0
cpu0 119980 9541 206395 133689857 30937 0 786276 0 0 0
cpu1 457294 11232 775515 132564611 23857 0 908026 0 0 0
cpu2 141941 4072 237527 133750432 31151 0 805838 0 0 0
cpu3 136383 13816 214698 133741950 28869 0 775672 0 0 0
intr 12377326010 0 0 2664532 81 0 764528 35865852 0 0 0 9550026 0 0 0 0 0 0 0 0 0 0 0 0 0 0 0 0 0 0 0 0 0 0 0 0 0 0 0 0 0 0 0 0 0 0 0 0 0 0 0 0 2765597795 0 0 0 0 0 0 0 0 896015 0 456795 0 0 0 0 0 0 0 0 0 0 0 764271751 1 0 0 0 0 0 0 0 0 0 0 0 0 0 0 0 0 0 0 0 0 0 0 449030 4219 0 0 0 0 19622951 0 0 0 0 0 0 0 0 0 0 0 0 0 0 0 0 0 0 0 0 0 0 0 0 0 0 0 0 0 0 0 0 0 0 0 0 0 0 0 0 0 0 0 0 0 0 0 0 0 0 0 0 0 0 0 0 0 0 0 0 0 0 0 0 0 0 0 0 0 0 0 0 0 0 0 187247842 0 0 0
ctxt 396295748
btime 1669654930
processes 572591
procs_running 1
procs_blocked 0
softirq 1076188958 748804789 33043904 745466 87440522 456722 0 133464496 44072622 588 28159849

cpu  855600 38662 1434138 533747048 114816 0 3275812 0 0 0
cpu0 119980 9541 206395 133689906 30937 0 786276 0 0 0
cpu1 457294 11232 775515 132564661 23857 0 908026 0 0 0
cpu2 141941 4072 237528 133750481 31151 0 805838 0 0 0
cpu3 136383 13816 214698 133741999 28869 0 775672 0 0 0
intr 12377330220 0 0 2664532 81 0 764528 35865876 0 0 0 9550029 0 0 0 0 0 0 0 0 0 0 0 0 0 0 0 0 0 0 0 0 0 0 0 0 0 0 0 0 0 0 0 0 0 0 0 0 0 0 0 0 2765601791 0 0 0 0 0 0 0 0 896016 0 456795 0 0 0 0 0 0 0 0 0 0 0 764271881 1 0 0 0 0 0 0 0 0 0 0 0 0 0 0 0 0 0 0 0 0 0 0 449030 4219 0 0 0 0 19622966 0 0 0 0 0 0 0 0 0 0 0 0 0 0 0 0 0 0 0 0 0 0 0 0 0 0 0 0 0 0 0 0 0 0 0 0 0 0 0 0 0 0 0 0 0 0 0 0 0 0 0 0 0 0 0 0 0 0 0 0 0 0 0 0 0 0 0 0 0 0 0 0 0 0 0 187247885 0 0 0
ctxt 396295841
btime 1669654930
processes 572591
procs_running 1
procs_blocked 0
softirq 1076189036 748804789 33043920 745466 87440523 456722 0 133464510 44072644 588 28159874

cpu  855600 38662 1434138 533747245 114816 0 3275812 0 0 0
cpu0 119980 9541 206395 133689955 30937 0 786276 0 0 0
cpu1 457294 11232 775515 132564710 23857 0 908026 0 0 0
cpu2 141941 4072 237528 133750530 31151 0 805838 0 0 0
cpu3 136383 13816 214698 133742048 28869 0 775672 0 0 0
intr 12377334477 0 0 2664533 81 0 764528 35865901 0 0 0 9550034 0 0 0 0 0 0 0 0 0 0 0 0 0 0 0 0 0 0 0 0 0 0 0 0 0 0 0 0 0 0 0 0 0 0 0 0 0 0 0 0 2765605820 0 0 0 0 0 0 0 0 896017 0 456795 0 0 0 0 0 0 0 0 0 0 0 764272032 1 0 0 0 0 0 0 0 0 0 0 0 0 0 0 0 0 0 0 0 0 0 0 449030 4219 0 0 0 0 19622981 0 0 0 0 0 0 0 0 0 0 0 0 0 0 0 0 0 0 0 0 0 0 0 0 0 0 0 0 0 0 0 0 0 0 0 0 0 0 0 0 0 0 0 0 0 0 0 0 0 0 0 0 0 0 0 0 0 0 0 0 0 0 0 0 0 0 0 0 0 0 0 0 0 0 0 187247914 0 0 0
ctxt 396295943
btime 1669654930
processes 572591
procs_running 1
procs_blocked 0
softirq 1076189100 748804797 33043934 745466 87440524 456722 0 133464525 44072660 588 28159884

cpu  855601 38662 1434138 533747442 114816 0 3275812 0 0 0
cpu0 119980 9541 206395 133690005 30937 0 786276 0 0 0
cpu1 457294 11232 775515 132564759 23857 0 908026 0 0 0
cpu2 141941 4072 237528 133750579 31151 0 805838 0 0 0
cpu3 136384 13816 214698 133742097 28869 0 775672 0 0 0
intr 12377338671 0 0 2664533 81 0 764528 35865924 0 0 0 9550038 0 0 0 0 0 0 0 0 0 0 0 0 0 0 0 0 0 0 0 0 0 0 0 0 0 0 0 0 0 0 0 0 0 0 0 0 0 0 0 0 2765609818 0 0 0 0 0 0 0 0 896018 0 456795 0 0 0 0 0 0 0 0 0 0 0 764272162 1 0 0 0 0 0 0 0 0 0 0 0 0 0 0 0 0 0 0 0 0 0 0 449030 4219 0 0 0 0 19622996 0 0 0 0 0 0 0 0 0 0 0 0 0 0 0 0 0 0 0 0 0 0 0 0 0 0 0 0 0 0 0 0 0 0 0 0 0 0 0 0 0 0 0 0 0 0 0 0 0 0 0 0 0 0 0 0 0 0 0 0 0 0 0 0 0 0 0 0 0 0 0 0 0 0 0 187247937 0 0 0
ctxt 396296028
btime 1669654930
processes 572591
procs_running 1
procs_blocked 0
softirq 1076189150 748804797 33043946 745466 87440525 456722 0 133464539 44072673 588 28159894

cpu  855601 38662 1434138 533747639 114816 0 3275812 0 0 0
cpu0 119980 9541 206395 133690054 30937 0 786276 0 0 0
cpu1 457294 11232 775515 132564809 23857 0 908026 0 0 0
cpu2 141941 4072 237528 133750628 31151 0 805838 0 0 0
cpu3 136384 13816 214698 133742147 28869 0 775672 0 0 0
intr 12377342928 0 0 2664533 81 0 764528 35865958 0 0 0 9550042 0 0 0 0 0 0 0 0 0 0 0 0 0 0 0 0 0 0 0 0 0 0 0 0 0 0 0 0 0 0 0 0 0 0 0 0 0 0 0 0 2765613837 0 0 0 0 0 0 0 0 896019 0 456795 0 0 0 0 0 0 0 0 0 0 0 764272312 1 0 0 0 0 0 0 0 0 0 0 0 0 0 0 0 0 0 0 0 0 0 0 449030 4219 0 0 0 0 19623015 0 0 0 0 0 0 0 0 0 0 0 0 0 0 0 0 0 0 0 0 0 0 0 0 0 0 0 0 0 0 0 0 0 0 0 0 0 0 0 0 0 0 0 0 0 0 0 0 0 0 0 0 0 0 0 0 0 0 0 0 0 0 0 0 0 0 0 0 0 0 0 0 0 0 0 187247967 0 0 0
ctxt 396296137
btime 1669654930
processes 572591
procs_running 1
procs_blocked 0
softirq 1076189217 748804805 33043962 745466 87440526 456722 0 133464554 44072690 588 28159904

cpu  855601 38662 1434139 533747836 114816 0 3275812 0 0 0
cpu0 119980 9541 206395 133690104 30937 0 786276 0 0 0
cpu1 457294 11232 775515 132564858 23857 0 908026 0 0 0
cpu2 141941 4072 237529 133750676 31151 0 805838 0 0 0
cpu3 136384 13816 214698 133742196 28869 0 775672 0 0 0
intr 12377347149 0 0 2664533 81 0 764528 35865987 0 0 0 9550046 0 0 0 0 0 0 0 0 0 0 0 0 0 0 0 0 0 0 0 0 0 0 0 0 0 0 0 0 0 0 0 0 0 0 0 0 0 0 0 0 2765617842 0 0 0 0 0 0 0 0 896020 0 456795 0 0 0 0 0 0 0 0 0 0 0 764272442 1 0 0 0 0 0 0 0 0 0 0 0 0 0 0 0 0 0 0 0 0 0 0 449030 4219 0 0 0 0 19623038 0 0 0 0 0 0 0 0 0 0 0 0 0 0 0 0 0 0 0 0 0 0 0 0 0 0 0 0 0 0 0 0 0 0 0 0 0 0 0 0 0 0 0 0 0 0 0 0 0 0 0 0 0 0 0 0 0 0 0 0 0 0 0 0 0 0 0 0 0 0 0 0 0 0 0 187247995 0 0 0
ctxt 396296232
btime 1669654930
processes 572591
procs_running 1
procs_blocked 0
softirq 1076189283 748804805 33043978 745466 87440528 456722 0 133464573 44072709 588 28159914

cpu  855601 38662 1434139 533748033 114816 0 3275812 0 0 0
cpu0 119980 9541 206395 133690153 30937 0 786276 0 0 0
cpu1 457294 11232 775515 132564908 23857 0 908026 0 0 0
cpu2 141941 4072 237529 133750725 31151 0 805838 0 0 0
cpu3 136384 13816 214698 133742245 28869 0 775672 0 0 0
intr 12377351394 0 0 2664534 81 0 764528 35866010 0 0 0 9550050 0 0 0 0 0 0 0 0 0 0 0 0 0 0 0 0 0 0 0 0 0 0 0 0 0 0 0 0 0 0 0 0 0 0 0 0 0 0 0 0 2765621862 0 0 0 0 0 0 0 0 896021 0 456795 0 0 0 0 0 0 0 0 0 0 0 764272592 1 0 0 0 0 0 0 0 0 0 0 0 0 0 0 0 0 0 0 0 0 0 0 449030 4219 0 0 0 0 19623053 0 0 0 0 0 0 0 0 0 0 0 0 0 0 0 0 0 0 0 0 0 0 0 0 0 0 0 0 0 0 0 0 0 0 0 0 0 0 0 0 0 0 0 0 0 0 0 0 0 0 0 0 0 0 0 0 0 0 0 0 0 0 0 0 0 0 0 0 0 0 0 0 0 0 0 187248026 0 0 0
ctxt 396296324
btime 1669654930
processes 572591
procs_running 1
procs_blocked 0
softirq 1076189347 748804813 33043992 745466 87440529 456722 0 133464587 44072726 588 28159924

cpu  855601 38662 1434139 533748230 114816 0 3275812 0 0 0
cpu0 119980 9541 206395 133690202 30937 0 786276 0 0 0
cpu1 457294 11232 775515 132564957 23857 0 908026 0 0 0
cpu2 141941 4072 237529 133750774 31151 0 805838 0 0 0
cpu3 136384 13816 214698 133742294 28869 0 775672 0 0 0
intr 12377355589 0 0 2664534 81 0 764528 35866032 0 0 0 9550054 0 0 0 0 0 0 0 0 0 0 0 0 0 0 0 0 0 0 0 0 0 0 0 0 0 0 0 0 0 0 0 0 0 0 0 0 0 0 0 0 2765625859 0 0 0 0 0 0 0 0 896022 0 456795 0 0 0 0 0 0 0 0 0 0 0 764272722 1 0 0 0 0 0 0 0 0 0 0 0 0 0 0 0 0 0 0 0 0 0 0 449030 4219 0 0 0 0 19623068 0 0 0 0 0 0 0 0 0 0 0 0 0 0 0 0 0 0 0 0 0 0 0 0 0 0 0 0 0 0 0 0 0 0 0 0 0 0 0 0 0 0 0 0 0 0 0 0 0 0 0 0 0 0 0 0 0 0 0 0 0 0 0 0 0 0 0 0 0 0 0 0 0 0 0 187248052 0 0 0
ctxt 396296408
btime 1669654930
processes 572591
procs_running 1
procs_blocked 0
softirq 1076189401 748804813 33044006 745466 87440530 456722 0 133464601 44072741 588 28159934

cpu  855601 38662 1434140 533748427 114816 0 3275812 0 0 0
cpu0 119980 9541 206395 133690252 30937 0 786276 0 0 0
cpu1 457294 11232 775515 132565007 23857 0 908026 0 0 0
cpu2 141941 4072 237530 133750823 31151 0 805838 0 0 0
cpu3 136384 13816 214698 133742344 28869 0 775672 0 0 0
intr 12377359839 0 0 2664534 81 0 764528 35866060 0 0 0 9550058 0 0 0 0 0 0 0 0 0 0 0 0 0 0 0 0 0 0 0 0 0 0 0 0 0 0 0 0 0 0 0 0 0 0 0 0 0 0 0 0 2765629886 0 0 0 0 0 0 0 0 896023 0 456795 0 0 0 0 0 0 0 0 0 0 0 764272874 1 0 0 0 0 0 0 0 0 0 0 0 0 0 0 0 0 0 0 0 0 0 0 449030 4219 0 0 0 0 19623083 0 0 0 0 0 0 0 0 0 0 0 0 0 0 0 0 0 0 0 0 0 0 0 0 0 0 0 0 0 0 0 0 0 0 0 0 0 0 0 0 0 0 0 0 0 0 0 0 0 0 0 0 0 0 0 0 0 0 0 0 0 0 0 0 0 0 0 0 0 0 0 0 0 0 0 187248076 0 0 0
ctxt 396296503
btime 1669654930
processes 572591
procs_running 1
procs_blocked 0
softirq 1076189460 748804821 33044018 745466 87440531 456722 0 133464615 44072755 588 28159944

cpu  855601 38662 1434140 533748624 114816 0 3275812 0 0 0
cpu0 119980 9541 206395 133690301 30937 0 786276 0 0 0
cpu1 457294 11232 775516 132565056 23857 0 908026 0 0 0
cpu2 141941 4072 237530 133750872 31151 0 805838 0 0 0
cpu3 136384 13816 214698 133742393 28869 0 775672 0 0 0
intr 12377364037 0 0 2664534 81 0 764528 35866082 0 0 0 9550062 0 0 0 0 0 0 0 0 0 0 0 0 0 0 0 0 0 0 0 0 0 0 0 0 0 0 0 0 0 0 0 0 0 0 0 0 0 0 0 0 2765633883 0 0 0 0 0 0 0 0 896024 0 456795 0 0 0 0 0 0 0 0 0 0 0 764273004 1 0 0 0 0 0 0 0 0 0 0 0 0 0 0 0 0 0 0 0 0 0 0 449030 4219 0 0 0 0 19623098 0 0 0 0 0 0 0 0 0 0 0 0 0 0 0 0 0 0 0 0 0 0 0 0 0 0 0 0 0 0 0 0 0 0 0 0 0 0 0 0 0 0 0 0 0 0 0 0 0 0 0 0 0 0 0 0 0 0 0 0 0 0 0 0 0 0 0 0 0 0 0 0 0 0 0 187248106 0 0 0
ctxt 396296590
btime 1669654930
processes 572591
procs_running 1
procs_blocked 0
softirq 1076189516 748804821 33044032 745466 87440532 456722 0 133464629 44072771 588 28159955

cpu  855601 38662 1434142 533748820 114816 0 3275812 0 0 0
cpu0 119980 9541 206395 133690350 30937 0 786276 0 0 0
cpu1 457294 11232 775516 132565105 23857 0 908026 0 0 0
cpu2 141941 4072 237532 133750920 31151 0 805838 0 0 0
cpu3 136384 13816 214698 133742442 28869 0 775672 0 0 0
intr 12377368358 0 0 2664535 81 0 764528 35866136 0 0 0 9550066 0 0 0 0 0 0 0 0 0 0 0 0 0 0 0 0 0 0 0 0 0 0 0 0 0 0 0 0 0 0 0 0 0 0 0 0 0 0 0 0 2765637909 0 0 0 0 0 0 0 0 896025 0 456795 0 0 0 0 0 0 0 0 0 0 0 764273155 1 0 0 0 0 0 0 0 0 0 0 0 0 0 0 0 0 0 0 0 0 0 0 449030 4219 0 0 0 0 19623140 0 0 0 0 0 0 0 0 0 0 0 0 0 0 0 0 0 0 0 0 0 0 0 0 0 0 0 0 0 0 0 0 0 0 0 0 0 0 0 0 0 0 0 0 0 0 0 0 0 0 0 0 0 0 0 0 0 0 0 0 0 0 0 0 0 0 0 0 0 0 0 0 0 0 0 187248146 0 0 0
ctxt 396296753
btime 1669654930
processes 572591
procs_running 1
procs_blocked 0
softirq 1076189620 748804829 33044053 745466 87440534 456722 0 133464668 44072795 588 28159965

cpu  855601 38662 1434142 533749017 114816 0 3275812 0 0 0
cpu0 119980 9541 206395 133690400 30937 0 786276 0 0 0
cpu1 457294 11232 775516 132565155 23857 0 908026 0 0 0
cpu2 141941 4072 237532 133750969 31151 0 805838 0 0 0
cpu3 136384 13816 214698 133742492 28869 0 775672 0 0 0
intr 12377372565 0 0 2664539 81 0 764528 35866159 0 0 0 9550069 0 0 0 0 0 0 0 0 0 0 0 0 0 0 0 0 0 0 0 0 0 0 0 0 0 0 0 0 0 0 0 0 0 0 0 0 0 0 0 0 2765641907 0 0 0 0 0 0 0 0 896026 0 456795 0 0 0 0 0 0 0 0 0 0 0 764273285 1 0 0 0 0 0 0 0 0 0 0 0 0 0 0 0 0 0 0 0 0 0 0 449030 4219 0 0 0 0 19623155 0 0 0 0 0 0 0 0 0 0 0 0 0 0 0 0 0 0 0 0 0 0 0 0 0 0 0 0 0 0 0 0 0 0 0 0 0 0 0 0 0 0 0 0 0 0 0 0 0 0 0 0 0 0 0 0 0 0 0 0 0 0 0 0 0 0 0 0 0 0 0 0 0 0 0 187248180 0 0 0
ctxt 396296847
btime 1669654930
processes 572591
procs_running 1
procs_blocked 0
softirq 1076189680 748804829 33044069 745467 87440535 456722 0 133464682 44072813 588 28159975

cpu  855601 38662 1434143 533749201 114816 0 3275822 0 0 0
cpu0 119980 9541 206395 133690447 30937 0 786277 0 0 0
cpu1 457294 11232 775516 132565202 23857 0 908027 0 0 0
cpu2 141941 4072 237532 133751011 31151 0 805845 0 0 0
cpu3 136384 13816 214698 133742539 28869 0 775672 0 0 0
intr 12377379080 0 0 2664541 81 0 764528 35866202 0 0 0 9550073 0 0 0 0 0 0 0 0 0 0 0 0 0 0 0 0 0 0 0 0 0 0 0 0 0 0 0 0 0 0 0 0 0 0 0 0 0 0 0 0 2765646987 0 0 0 0 0 0 0 0 896028 0 456795 0 0 0 0 0 0 0 0 0 0 0 764274552 1 0 0 0 0 0 0 0 0 0 0 0 0 0 0 0 0 0 0 0 0 0 0 449030 4219 0 0 0 0 19623182 0 0 0 0 0 0 0 0 0 0 0 0 0 0 0 0 0 0 0 0 0 0 0 0 0 0 0 0 0 0 0 0 0 0 0 0 0 0 0 0 0 0 0 0 0 0 0 0 0 0 0 0 0 0 0 0 0 0 0 0 0 0 0 0 0 0 0 0 0 0 0 0 0 0 0 187248270 0 0 0
ctxt 396297057
btime 1669654930
processes 572591
procs_running 1
procs_blocked 0
softirq 1076192936 748807785 33044094 745467 87440595 456722 0 133464761 44072850 588 28160074

cpu  855601 38662 1434144 533749323 114816 0 3275890 0 0 0
cpu0 119980 9541 206395 133690477 30937 0 786292 0 0 0
cpu1 457294 11232 775516 132565233 23857 0 908044 0 0 0
cpu2 141941 4072 237533 133751039 31151 0 805863 0 0 0
cpu3 136384 13816 214699 133742572 28869 0 775689 0 0 0
intr 12377395009 0 0 2664543 81 0 764528 35866267 0 0 0 9550074 0 0 0 0 0 0 0 0 0 0 0 0 0 0 0 0 0 0 0 0 0 0 0 0 0 0 0 0 0 0 0 0 0 0 0 0 0 0 0 0 2765656477 0 0 0 0 0 0 0 0 896030 0 456795 0 0 0 0 0 0 0 0 0 0 0 764280382 1 0 0 0 0 0 0 0 0 0 0 0 0 0 0 0 0 0 0 0 0 0 0 449030 4219 0 0 0 0 19623209 0 0 0 0 0 0 0 0 0 0 0 0 0 0 0 0 0 0 0 0 0 0 0 0 0 0 0 0 0 0 0 0 0 0 0 0 0 0 0 0 0 0 0 0 0 0 0 0 0 0 0 0 0 0 0 0 0 0 0 0 0 0 0 0 0 0 0 0 0 0 0 0 0 0 0 187248782 0 0 0
ctxt 396298319
btime 1669654930
processes 572591
procs_running 2
procs_blocked 0
softirq 1076211322 748823229 33044185 745467 87441304 456722 0 133465748 44073115 588 28160964

cpu  855601 38662 1434146 533749439 114818 0 3275959 0 0 0
cpu0 119980 9541 206396 133690505 30937 0 786312 0 0 0
cpu1 457295 11232 775516 132565262 23858 0 908061 0 0 0
cpu2 141941 4072 237533 133751069 31151 0 805878 0 0 0
cpu3 136384 13816 214700 133742601 28870 0 775708 0 0 0
intr 12377410869 0 0 2664544 81 0 764529 35866357 0 0 0 9550074 0 0 0 0 0 0 0 0 0 0 0 0 0 0 0 0 0 0 0 0 0 0 0 0 0 0 0 0 0 0 0 0 0 0 0 0 0 0 0 0 2765665898 0 0 0 0 0 0 0 0 896031 0 456817 0 0 0 0 0 0 0 0 0 0 0 764286172 1 0 0 0 0 0 0 0 0 0 0 0 0 0 0 0 0 0 0 0 0 0 0 449052 4219 0 0 0 0 19623224 0 0 0 0 0 0 0 0 0 0 0 0 0 0 0 0 0 0 0 0 0 0 0 0 0 0 0 0 0 0 0 0 0 0 0 0 0 0 0 0 0 0 0 0 0 0 0 0 0 0 0 0 0 0 0 0 0 0 0 0 0 0 0 0 0 0 0 0 0 0 0 0 0 0 0 187249284 0 0 0
ctxt 396299790
btime 1669654930
processes 572592
procs_running 4
procs_blocked 0
softirq 1076229192 748838192 33044273 745467 87442011 456744 0 133466826 44073374 588 28161717

cpu  855602 38662 1434147 533749558 114818 0 3276022 0 0 0
cpu0 119980 9541 206396 133690535 30937 0 786326 0 0 0
cpu1 457295 11232 775516 132565292 23858 0 908077 0 0 0
cpu2 141942 4072 237534 133751097 31151 0 805896 0 0 0
cpu3 136384 13816 214701 133742631 28870 0 775722 0 0 0
intr 12377426622 0 0 2664544 81 0 764529 35866430 0 0 0 9550074 0 0 0 0 0 0 0 0 0 0 0 0 0 0 0 0 0 0 0 0 0 0 0 0 0 0 0 0 0 0 0 0 0 0 0 0 0 0 0 0 2765675257 0 0 0 0 0 0 0 0 896032 0 456817 0 0 0 0 0 0 0 0 0 0 0 764291930 1 0 0 0 0 0 0 0 0 0 0 0 0 0 0 0 0 0 0 0 0 0 0 449052 4219 0 0 0 0 19623274 0 0 0 0 0 0 0 0 0 0 0 0 0 0 0 0 0 0 0 0 0 0 0 0 0 0 0 0 0 0 0 0 0 0 0 0 0 0 0 0 0 0 0 0 0 0 0 0 0 0 0 0 0 0 0 0 0 0 0 0 0 0 0 0 0 0 0 0 0 0 0 0 0 0 0 187249791 0 0 0
ctxt 396301076
btime 1669654930
processes 572592
procs_running 2
procs_blocked 0
softirq 1076247305 748853594 33044364 745467 87442704 456744 0 133467804 44073643 588 28162397

cpu  855602 38662 1434148 533749679 114818 0 3276093 0 0 0
cpu0 119980 9541 206396 133690566 30937 0 786343 0 0 0
cpu1 457295 11232 775516 132565323 23858 0 908092 0 0 0
cpu2 141942 4072 237534 133751127 31151 0 805916 0 0 0
cpu3 136384 13816 214702 133742661 28870 0 775740 0 0 0
intr 12377442424 0 0 2664544 81 0 764529 35866477 0 0 0 9550074 0 0 0 0 0 0 0 0 0 0 0 0 0 0 0 0 0 0 0 0 0 0 0 0 0 0 0 0 0 0 0 0 0 0 0 0 0 0 0 0 2765684680 0 0 0 0 0 0 0 0 896033 0 456817 0 0 0 0 0 0 0 0 0 0 0 764297741 1 0 0 0 0 0 0 0 0 0 0 0 0 0 0 0 0 0 0 0 0 0 0 449052 4219 0 0 0 0 19623287 0 0 0 0 0 0 0 0 0 0 0 0 0 0 0 0 0 0 0 0 0 0 0 0 0 0 0 0 0 0 0 0 0 0 0 0 0 0 0 0 0 0 0 0 0 0 0 0 0 0 0 0 0 0 0 0 0 0 0 0 0 0 0 0 0 0 0 0 0 0 0 0 0 0 0 187250298 0 0 0
ctxt 396302321
btime 1669654930
processes 572592
procs_running 2
procs_blocked 0
softirq 1076264488 748868085 33044457 745467 87443416 456744 0 133468787 44073901 588 28163043

cpu  855603 38662 1434149 533749799 114818 0 3276160 0 0 0
cpu0 119980 9541 206396 133690599 30937 0 786360 0 0 0
cpu1 457295 11232 775516 132565353 23858 0 908108 0 0 0
cpu2 141942 4072 237534 133751154 31151 0 805937 0 0 0
cpu3 136384 13816 214702 133742692 28870 0 775754 0 0 0
intr 12377458252 0 0 2664544 81 0 764529 35866538 0 0 0 9550074 0 0 0 0 0 0 0 0 0 0 0 0 0 0 0 0 0 0 0 0 0 0 0 0 0 0 0 0 0 0 0 0 0 0 0 0 0 0 0 0 2765694103 0 0 0 0 0 0 0 0 896034 0 456817 0 0 0 0 0 0 0 0 0 0 0 764303538 1 0 0 0 0 0 0 0 0 0 0 0 0 0 0 0 0 0 0 0 0 0 0 449052 4219 0 0 0 0 19623329 0 0 0 0 0 0 0 0 0 0 0 0 0 0 0 0 0 0 0 0 0 0 0 0 0 0 0 0 0 0 0 0 0 0 0 0 0 0 0 0 0 0 0 0 0 0 0 0 0 0 0 0 0 0 0 0 0 0 0 0 0 0 0 0 0 0 0 0 0 0 0 0 0 0 0 187250805 0 0 0
ctxt 396303585
btime 1669654930
processes 572592
procs_running 3
procs_blocked 0
softirq 1076282463 748883315 33044553 745467 87444103 456744 0 133469803 44074158 588 28163732

cpu  855603 38662 1434150 533749919 114818 0 3276230 0 0 0
cpu0 119981 9541 206396 133690629 30937 0 786376 0 0 0
cpu1 457295 11232 775516 132565381 23858 0 908127 0 0 0
cpu2 141942 4072 237534 133751186 31151 0 805952 0 0 0
cpu3 136384 13816 214702 133742721 28870 0 775774 0 0 0
intr 12377473977 0 0 2664545 81 0 764529 35866586 0 0 0 9550074 0 0 0 0 0 0 0 0 0 0 0 0 0 0 0 0 0 0 0 0 0 0 0 0 0 0 0 0 0 0 0 0 0 0 0 0 0 0 0 0 2765703488 0 0 0 0 0 0 0 0 896035 0 456817 0 0 0 0 0 0 0 0 0 0 0 764309305 1 0 0 0 0 0 0 0 0 0 0 0 0 0 0 0 0 0 0 0 0 0 0 449052 4219 0 0 0 0 19623342 0 0 0 0 0 0 0 0 0 0 0 0 0 0 0 0 0 0 0 0 0 0 0 0 0 0 0 0 0 0 0 0 0 0 0 0 0 0 0 0 0 0 0 0 0 0 0 0 0 0 0 0 0 0 0 0 0 0 0 0 0 0 0 0 0 0 0 0 0 0 0 0 0 0 0 187251312 0 0 0
ctxt 396304860
btime 1669654930
processes 572592
procs_running 1
procs_blocked 0
softirq 1076300605 748898642 33044641 745467 87444843 456744 0 133470819 44074420 588 28164441

cpu  855604 38662 1434151 533750048 114818 0 3276288 0 0 0
cpu0 119981 9541 206397 133690662 30937 0 786390 0 0 0
cpu1 457295 11232 775516 132565413 23858 0 908141 0 0 0
cpu2 141942 4072 237534 133751219 31151 0 805964 0 0 0
cpu3 136384 13816 214702 133742753 28870 0 775790 0 0 0
intr 12377489881 0 0 2664545 81 0 764529 35866622 0 0 0 9550074 0 0 0 0 0 0 0 0 0 0 0 0 0 0 0 0 0 0 0 0 0 0 0 0 0 0 0 0 0 0 0 0 0 0 0 0 0 0 0 0 2765713047 0 0 0 0 0 0 0 0 896036 0 456817 0 0 0 0 0 0 0 0 0 0 0 764315130 1 0 0 0 0 0 0 0 0 0 0 0 0 0 0 0 0 0 0 0 0 0 0 449052 4219 0 0 0 0 19623357 0 0 0 0 0 0 0 0 0 0 0 0 0 0 0 0 0 0 0 0 0 0 0 0 0 0 0 0 0 0 0 0 0 0 0 0 0 0 0 0 0 0 0 0 0 0 0 0 0 0 0 0 0 0 0 0 0 0 0 0 0 0 0 0 0 0 0 0 0 0 0 0 0 0 0 187251817 0 0 0
ctxt 396305900
btime 1669654930
processes 572592
procs_running 1
procs_blocked 0
softirq 1076318637 748912097 33044733 745467 87446521 456744 0 133472753 44074669 588 28165065

cpu  855604 38662 1434152 533750167 114818 0 3276356 0 0 0
cpu0 119981 9541 206397 133690691 30937 0 786410 0 0 0
cpu1 457295 11232 775517 132565443 23858 0 908155 0 0 0
cpu2 141942 4072 237534 133751249 31151 0 805981 0 0 0
cpu3 136384 13816 214703 133742783 28870 0 775808 0 0 0
intr 12377505677 0 0 2664545 81 0 764529 35866681 0 0 0 9550074 0 0 0 0 0 0 0 0 0 0 0 0 0 0 0 0 0 0 0 0 0 0 0 0 0 0 0 0 0 0 0 0 0 0 0 0 0 0 0 0 2765722451 0 0 0 0 0 0 0 0 896037 0 456817 0 0 0 0 0 0 0 0 0 0 0 764320904 1 0 0 0 0 0 0 0 0 0 0 0 0 0 0 0 0 0 0 0 0 0 0 449052 4219 0 0 0 0 19623372 0 0 0 0 0 0 0 0 0 0 0 0 0 0 0 0 0 0 0 0 0 0 0 0 0 0 0 0 0 0 0 0 0 0 0 0 0 0 0 0 0 0 0 0 0 0 0 0 0 0 0 0 0 0 0 0 0 0 0 0 0 0 0 0 0 0 0 0 0 0 0 0 0 0 0 187252323 0 0 0
ctxt 396307112
btime 1669654930
processes 572592
procs_running 2
procs_blocked 0
softirq 1076337000 748927562 33044826 745467 87447244 456744 0 133473839 44074941 588 28165789

cpu  855604 38662 1434155 533750287 114818 0 3276421 0 0 0
cpu0 119981 9541 206397 133690719 30937 0 786429 0 0 0
cpu1 457296 11232 775518 132565472 23858 0 908174 0 0 0
cpu2 141942 4072 237535 133751281 31151 0 805994 0 0 0
cpu3 136384 13816 214704 133742814 28870 0 775822 0 0 0
intr 12377521421 0 0 2664545 81 0 764529 35866753 0 0 0 9550074 0 0 0 0 0 0 0 0 0 0 0 0 0 0 0 0 0 0 0 0 0 0 0 0 0 0 0 0 0 0 0 0 0 0 0 0 0 0 0 0 2765731815 0 0 0 0 0 0 0 0 896038 0 456817 0 0 0 0 0 0 0 0 0 0 0 764326669 1 0 0 0 0 0 0 0 0 0 0 0 0 0 0 0 0 0 0 0 0 0 0 449052 4219 0 0 0 0 19623413 0 0 0 0 0 0 0 0 0 0 0 0 0 0 0 0 0 0 0 0 0 0 0 0 0 0 0 0 0 0 0 0 0 0 0 0 0 0 0 0 0 0 0 0 0 0 0 0 0 0 0 0 0 0 0 0 0 0 0 0 0 0 0 0 0 0 0 0 0 0 0 0 0 0 0 187252828 0 0 0
ctxt 396308366
btime 1669654930
processes 572592
procs_running 1
procs_blocked 0
softirq 1076354440 748942302 33044921 745468 87447941 456744 0 133474804 44075205 588 28166467

cpu  855604 38662 1434157 533750408 114818 0 3276488 0 0 0
cpu0 119981 9541 206397 133690750 30937 0 786443 0 0 0
cpu1 457296 11232 775519 132565501 23858 0 908192 0 0 0
cpu2 141942 4072 237536 133751314 31151 0 806008 0 0 0
cpu3 136385 13816 214704 133742843 28870 0 775844 0 0 0
intr 12377537287 0 0 2664546 81 0 764529 35866807 0 0 0 9550074 0 0 0 0 0 0 0 0 0 0 0 0 0 0 0 0 0 0 0 0 0 0 0 0 0 0 0 0 0 0 0 0 0 0 0 0 0 0 0 0 2765741283 0 0 0 0 0 0 0 0 896039 0 456817 0 0 0 0 0 0 0 0 0 0 0 764332483 1 0 0 0 0 0 0 0 0 0 0 0 0 0 0 0 0 0 0 0 0 0 0 449052 4219 0 0 0 0 19623428 0 0 0 0 0 0 0 0 0 0 0 0 0 0 0 0 0 0 0 0 0 0 0 0 0 0 0 0 0 0 0 0 0 0 0 0 0 0 0 0 0 0 0 0 0 0 0 0 0 0 0 0 0 0 0 0 0 0 0 0 0 0 0 0 0 0 0 0 0 0 0 0 0 0 0 187253337 0 0 0
ctxt 396309568
btime 1669654930
processes 572592
procs_running 3
procs_blocked 0
softirq 1076372428 748957664 33045018 745468 87448611 456744 0 133475748 44075459 588 28167128

cpu  855605 38662 1434159 533750528 114818 0 3276555 0 0 0
cpu0 119981 9541 206397 133690780 30937 0 786460 0 0 0
cpu1 457296 11232 775520 132565530 23858 0 908208 0 0 0
cpu2 141942 4072 237537 133751344 31151 0 806026 0 0 0
cpu3 136386 13816 214704 133742873 28870 0 775860 0 0 0
intr 12377553136 0 0 2664554 81 0 764529 35866872 0 0 0 9550079 0 0 0 0 0 0 0 0 0 0 0 0 0 0 0 0 0 0 0 0 0 0 0 0 0 0 0 0 0 0 0 0 0 0 0 0 0 0 0 0 2765750721 0 0 0 0 0 0 0 0 896040 0 456817 0 0 0 0 0 0 0 0 0 0 0 764338271 1 0 0 0 0 0 0 0 0 0 0 0 0 0 0 0 0 0 0 0 0 0 0 449052 4219 0 0 0 0 19623460 0 0 0 0 0 0 0 0 0 0 0 0 0 0 0 0 0 0 0 0 0 0 0 0 0 0 0 0 0 0 0 0 0 0 0 0 0 0 0 0 0 0 0 0 0 0 0 0 0 0 0 0 0 0 0 0 0 0 0 0 0 0 0 0 0 0 0 0 0 0 0 0 0 0 0 187253849 0 0 0
ctxt 396310825
btime 1669654930
processes 572592
procs_running 3
procs_blocked 0
softirq 1076390614 748973122 33045109 745468 87449276 456744 0 133476761 44075720 588 28167826

cpu  855605 38662 1434161 533750649 114818 0 3276622 0 0 0
cpu0 119981 9541 206398 133690811 30937 0 786479 0 0 0
cpu1 457296 11232 775521 132565561 23858 0 908223 0 0 0
cpu2 141942 4072 237537 133751373 31151 0 806043 0 0 0
cpu3 136386 13816 214705 133742902 28870 0 775876 0 0 0
intr 12377568894 0 0 2664558 81 0 764529 35866925 0 0 0 9550084 0 0 0 0 0 0 0 0 0 0 0 0 0 0 0 0 0 0 0 0 0 0 0 0 0 0 0 0 0 0 0 0 0 0 0 0 0 0 0 0 2765760115 0 0 0 0 0 0 0 0 896041 0 456817 0 0 0 0 0 0 0 0 0 0 0 764344049 1 0 0 0 0 0 0 0 0 0 0 0 0 0 0 0 0 0 0 0 0 0 0 449052 4219 0 0 0 0 19623475 0 0 0 0 0 0 0 0 0 0 0 0 0 0 0 0 0 0 0 0 0 0 0 0 0 0 0 0 0 0 0 0 0 0 0 0 0 0 0 0 0 0 0 0 0 0 0 0 0 0 0 0 0 0 0 0 0 0 0 0 0 0 0 0 0 0 0 0 0 0 0 0 0 0 0 187254356 0 0 0
ctxt 396312049
btime 1669654930
processes 572592
procs_running 1
procs_blocked 0
softirq 1076408287 748988057 33045193 745468 87449961 456744 0 133477729 44075972 588 28168575

cpu  855606 38662 1434162 533750772 114819 0 3276688 0 0 0
cpu0 119981 9541 206398 133690843 30937 0 786494 0 0 0
cpu1 457296 11232 775521 132565590 23858 0 908240 0 0 0
cpu2 141942 4072 237537 133751404 31151 0 806057 0 0 0
cpu3 136386 13816 214705 133742933 28870 0 775895 0 0 0
intr 12377584659 0 0 2664562 81 0 764529 35866973 0 0 0 9550089 0 0 0 0 0 0 0 0 0 0 0 0 0 0 0 0 0 0 0 0 0 0 0 0 0 0 0 0 0 0 0 0 0 0 0 0 0 0 0 0 2765769496 0 0 0 0 0 0 0 0 896042 0 456819 0 0 0 0 0 0 0 0 0 0 0 764349842 1 0 0 0 0 0 0 0 0 0 0 0 0 0 0 0 0 0 0 0 0 0 0 449054 4219 0 0 0 0 19623494 0 0 0 0 0 0 0 0 0 0 0 0 0 0 0 0 0 0 0 0 0 0 0 0 0 0 0 0 0 0 0 0 0 0 0 0 0 0 0 0 0 0 0 0 0 0 0 0 0 0 0 0 0 0 0 0 0 0 0 0 0 0 0 0 0 0 0 0 0 0 0 0 0 0 0 187254867 0 0 0
ctxt 396313315
btime 1669654930
processes 572592
procs_running 1
procs_blocked 0
softirq 1076425395 749001906 33045289 745468 87450890 456746 0 133479029 44076229 588 28169250

cpu  855606 38662 1434163 533750893 114819 0 3276760 0 0 0
cpu0 119981 9541 206398 133690873 30937 0 786513 0 0 0
cpu1 457296 11232 775521 132565621 23858 0 908259 0 0 0
cpu2 141942 4072 237538 133751435 31151 0 806075 0 0 0
cpu3 136386 13816 214705 133742963 28870 0 775912 0 0 0
intr 12377600504 0 0 2664563 81 0 764529 35867024 0 0 0 9550094 0 0 0 0 0 0 0 0 0 0 0 0 0 0 0 0 0 0 0 0 0 0 0 0 0 0 0 0 0 0 0 0 0 0 0 0 0 0 0 0 2765778943 0 0 0 0 0 0 0 0 896043 0 456819 0 0 0 0 0 0 0 0 0 0 0 764355654 1 0 0 0 0 0 0 0 0 0 0 0 0 0 0 0 0 0 0 0 0 0 0 449054 4219 0 0 0 0 19623509 0 0 0 0 0 0 0 0 0 0 0 0 0 0 0 0 0 0 0 0 0 0 0 0 0 0 0 0 0 0 0 0 0 0 0 0 0 0 0 0 0 0 0 0 0 0 0 0 0 0 0 0 0 0 0 0 0 0 0 0 0 0 0 0 0 0 0 0 0 0 0 0 0 0 0 187255379 0 0 0
ctxt 396314532
btime 1669654930
processes 572592
procs_running 2
procs_blocked 0
softirq 1076442936 749016815 33045381 745468 87451565 456746 0 133479967 44076482 588 28169924

cpu  855606 38662 1434164 533751013 114819 0 3276827 0 0 0
cpu0 119981 9541 206399 133690903 30937 0 786528 0 0 0
cpu1 457296 11232 775521 132565651 23858 0 908275 0 0 0
cpu2 141942 4072 237538 133751466 31151 0 806092 0 0 0
cpu3 136386 13816 214705 133742992 28870 0 775932 0 0 0
intr 12377616244 0 0 2664567 81 0 764529 35867076 0 0 0 9550099 0 0 0 0 0 0 0 0 0 0 0 0 0 0 0 0 0 0 0 0 0 0 0 0 0 0 0 0 0 0 0 0 0 0 0 0 0 0 0 0 2765788389 0 0 0 0 0 0 0 0 896044 0 456819 0 0 0 0 0 0 0 0 0 0 0 764361446 1 0 0 0 0 0 0 0 0 0 0 0 0 0 0 0 0 0 0 0 0 0 0 449054 4219 0 0 0 0 19623524 0 0 0 0 0 0 0 0 0 0 0 0 0 0 0 0 0 0 0 0 0 0 0 0 0 0 0 0 0 0 0 0 0 0 0 0 0 0 0 0 0 0 0 0 0 0 0 0 0 0 0 0 0 0 0 0 0 0 0 0 0 0 0 0 0 0 0 0 0 0 0 0 0 0 0 187255888 0 0 0
ctxt 396315784
btime 1669654930
processes 572592
procs_running 2
procs_blocked 0
softirq 1076461042 749031970 33045468 745468 87452280 456746 0 133480991 44076735 588 28170796

cpu  855606 38662 1434165 533751133 114819 0 3276897 0 0 0
cpu0 119981 9541 206400 133690933 30937 0 786544 0 0 0
cpu1 457296 11232 775521 132565680 23858 0 908294 0 0 0
cpu2 141942 4072 237538 133751497 31151 0 806108 0 0 0
cpu3 136386 13816 214705 133743022 28870 0 775951 0 0 0
intr 12377632101 0 0 2664571 81 0 764529 35867134 0 0 0 9550104 0 0 0 0 0 0 0 0 0 0 0 0 0 0 0 0 0 0 0 0 0 0 0 0 0 0 0 0 0 0 0 0 0 0 0 0 0 0 0 0 2765797805 0 0 0 0 0 0 0 0 896045 0 456819 0 0 0 0 0 0 0 0 0 0 0 764367219 1 0 0 0 0 0 0 0 0 0 0 0 0 0 0 0 0 0 0 0 0 0 0 449054 4219 0 0 0 0 19623539 0 0 0 0 0 0 0 0 0 0 0 0 0 0 0 0 0 0 0 0 0 0 0 0 0 0 0 0 0 0 0 0 0 0 0 0 0 0 0 0 0 0 0 0 0 0 0 0 0 0 0 0 0 0 0 0 0 0 0 0 0 0 0 0 0 0 0 0 0 0 0 0 0 0 0 187256394 0 0 0
ctxt 396317017
btime 1669654930
processes 572592
procs_running 2
procs_blocked 0
softirq 1076478946 749047086 33045562 745468 87452968 456746 0 133482017 44076977 588 28171534

cpu  855606 38662 1434167 533751253 114819 0 3276962 0 0 0
cpu0 119982 9541 206400 133690964 30937 0 786558 0 0 0
cpu1 457296 11232 775522 132565710 23858 0 908310 0 0 0
cpu2 141942 4072 237538 133751526 31151 0 806126 0 0 0
cpu3 136386 13816 214706 133743052 28870 0 775967 0 0 0
intr 12377647901 0 0 2664575 81 0 764529 35867183 0 0 0 9550109 0 0 0 0 0 0 0 0 0 0 0 0 0 0 0 0 0 0 0 0 0 0 0 0 0 0 0 0 0 0 0 0 0 0 0 0 0 0 0 0 2765807234 0 0 0 0 0 0 0 0 896046 0 456819 0 0 0 0 0 0 0 0 0 0 0 764373003 1 0 0 0 0 0 0 0 0 0 0 0 0 0 0 0 0 0 0 0 0 0 0 449054 4219 0 0 0 0 19623554 0 0 0 0 0 0 0 0 0 0 0 0 0 0 0 0 0 0 0 0 0 0 0 0 0 0 0 0 0 0 0 0 0 0 0 0 0 0 0 0 0 0 0 0 0 0 0 0 0 0 0 0 0 0 0 0 0 0 0 0 0 0 0 0 0 0 0 0 0 0 0 0 0 0 0 187256902 0 0 0
ctxt 396318217
btime 1669654930
processes 572592
procs_running 2
procs_blocked 0
softirq 1076496842 749062134 33045650 745468 87453713 456746 0 133483055 44077231 588 28172257

cpu  855606 38662 1434168 533751378 114819 0 3277030 0 0 0
cpu0 119982 9541 206400 133690995 30937 0 786574 0 0 0
cpu1 457296 11232 775522 132565740 23858 0 908328 0 0 0
cpu2 141942 4072 237538 133751559 31151 0 806143 0 0 0
cpu3 136386 13816 214707 133743083 28870 0 775983 0 0 0
intr 12377663740 0 0 2664578 81 0 764529 35867234 0 0 0 9550114 0 0 0 0 0 0 0 0 0 0 0 0 0 0 0 0 0 0 0 0 0 0 0 0 0 0 0 0 0 0 0 0 0 0 0 0 0 0 0 0 2765816669 0 0 0 0 0 0 0 0 896047 0 456820 0 0 0 0 0 0 0 0 0 0 0 764378823 1 0 0 0 0 0 0 0 0 0 0 0 0 0 0 0 0 0 0 0 0 0 0 449055 4219 0 0 0 0 19623569 0 0 0 0 0 0 0 0 0 0 0 0 0 0 0 0 0 0 0 0 0 0 0 0 0 0 0 0 0 0 0 0 0 0 0 0 0 0 0 0 0 0 0 0 0 0 0 0 0 0 0 0 0 0 0 0 0 0 0 0 0 0 0 0 0 0 0 0 0 0 0 0 0 0 0 187257410 0 0 0
ctxt 396319403
btime 1669654930
processes 572592
procs_running 2
procs_blocked 0
softirq 1076514778 749076131 33045737 745468 87455007 456747 0 133484654 44077477 588 28172969

cpu  855607 38662 1434170 533751499 114819 0 3277098 0 0 0
cpu0 119982 9541 206400 133691025 30937 0 786591 0 0 0
cpu1 457296 11232 775522 132565770 23858 0 908348 0 0 0
cpu2 141942 4072 237539 133751589 31151 0 806160 0 0 0
cpu3 136386 13816 214707 133743113 28870 0 775999 0 0 0
intr 12377679482 0 0 2664582 81 0 764529 35867273 0 0 0 9550119 0 0 0 0 0 0 0 0 0 0 0 0 0 0 0 0 0 0 0 0 0 0 0 0 0 0 0 0 0 0 0 0 0 0 0 0 0 0 0 0 2765826080 0 0 0 0 0 0 0 0 896048 0 456820 0 0 0 0 0 0 0 0 0 0 0 764384579 1 0 0 0 0 0 0 0 0 0 0 0 0 0 0 0 0 0 0 0 0 0 0 449055 4219 0 0 0 0 19623584 0 0 0 0 0 0 0 0 0 0 0 0 0 0 0 0 0 0 0 0 0 0 0 0 0 0 0 0 0 0 0 0 0 0 0 0 0 0 0 0 0 0 0 0 0 0 0 0 0 0 0 0 0 0 0 0 0 0 0 0 0 0 0 0 0 0 0 0 0 0 0 0 0 0 0 187257921 0 0 0
ctxt 396320579
btime 1669654930
processes 572592
procs_running 2
procs_blocked 0
softirq 1076532236 749090925 33045827 745469 87455678 456747 0 133485636 44077741 588 28173625

cpu  855609 38662 1434172 533751617 114819 0 3277164 0 0 0
cpu0 119982 9541 206402 133691053 30937 0 786609 0 0 0
cpu1 457296 11232 775522 132565799 23858 0 908365 0 0 0
cpu2 141944 4072 237539 133751619 31151 0 806172 0 0 0
cpu3 136386 13816 214708 133743144 28870 0 776016 0 0 0
intr 12377695421 0 0 2664594 81 0 764533 35867355 0 0 0 9550124 0 0 0 0 0 0 0 0 0 0 0 0 0 0 0 0 0 0 0 0 0 0 0 0 0 0 0 0 0 0 0 0 0 0 0 0 0 0 0 0 2765835549 0 0 0 0 0 0 0 0 896049 0 456820 0 0 0 0 0 0 0 0 0 0 0 764390381 1 0 0 0 0 0 0 0 0 0 0 0 0 0 0 0 0 0 0 0 0 0 0 449055 4219 0 0 0 0 19623628 0 0 0 0 0 0 0 0 0 0 0 0 0 0 0 0 0 0 0 0 0 0 0 0 0 0 0 0 0 0 0 0 0 0 0 0 0 0 0 0 0 0 0 0 0 0 0 0 0 0 0 0 0 0 0 0 0 0 0 0 0 0 0 0 0 0 0 0 0 0 0 0 0 0 0 187258440 0 0 0
ctxt 396321849
btime 1669654930
processes 572595
procs_running 4
procs_blocked 0
softirq 1076549782 749105696 33045919 745469 87456369 456747 0 133486625 44078001 588 28174368

cpu  855612 38662 1434177 533751729 114819 0 3277235 0 0 0
cpu0 119983 9541 206403 133691083 30937 0 786623 0 0 0
cpu1 457296 11232 775524 132565827 23858 0 908385 0 0 0
cpu2 141944 4072 237541 133751647 31151 0 806190 0 0 0
cpu3 136387 13816 214708 133743171 28870 0 776036 0 0 0
intr 12377711297 0 0 2664596 81 0 764543 35867443 0 0 0 9550125 0 0 0 0 0 0 0 0 0 0 0 0 0 0 0 0 0 0 0 0 0 0 0 0 0 0 0 0 0 0 0 0 0 0 0 0 0 0 0 0 2765844993 0 0 0 0 0 0 0 0 896050 0 456820 0 0 0 0 0 0 0 0 0 0 0 764396197 1 0 0 0 0 0 0 0 0 0 0 0 0 0 0 0 0 0 0 0 0 0 0 449055 4219 0 0 0 0 19623668 0 0 0 0 0 0 0 0 0 0 0 0 0 0 0 0 0 0 0 0 0 0 0 0 0 0 0 0 0 0 0 0 0 0 0 0 0 0 0 0 0 0 0 0 0 0 0 0 0 0 0 0 0 0 0 0 0 0 0 0 0 0 0 0 0 0 0 0 0 0 0 0 0 0 0 187258951 0 0 0
ctxt 396323219
btime 1669654930
processes 572603
procs_running 2
procs_blocked 0
softirq 1076567774 749120748 33046022 745469 87457112 456747 0 133487639 44078275 588 28175174

cpu  855612 38662 1434178 533751878 114819 0 3277276 0 0 0
cpu0 119983 9541 206403 133691119 30937 0 786634 0 0 0
cpu1 457296 11232 775524 132565864 23858 0 908394 0 0 0
cpu2 141944 4072 237541 133751685 31151 0 806200 0 0 0
cpu3 136387 13816 214708 133743209 28870 0 776046 0 0 0
intr 12377722478 0 0 2664597 81 0 764543 35867488 0 0 0 9550125 0 0 0 0 0 0 0 0 0 0 0 0 0 0 0 0 0 0 0 0 0 0 0 0 0 0 0 0 0 0 0 0 0 0 0 0 0 0 0 0 2765852234 0 0 0 0 0 0 0 0 896051 0 456820 0 0 0 0 0 0 0 0 0 0 0 764399696 1 0 0 0 0 0 0 0 0 0 0 0 0 0 0 0 0 0 0 0 0 0 0 449055 4219 0 0 0 0 19623687 0 0 0 0 0 0 0 0 0 0 0 0 0 0 0 0 0 0 0 0 0 0 0 0 0 0 0 0 0 0 0 0 0 0 0 0 0 0 0 0 0 0 0 0 0 0 0 0 0 0 0 0 0 0 0 0 0 0 0 0 0 0 0 0 0 0 0 0 0 0 0 0 0 0 0 187259290 0 0 0
ctxt 396324021
btime 1669654930
processes 572603
procs_running 1
procs_blocked 0
softirq 1076578714 749129985 33046082 745469 87457552 456747 0 133488236 44078450 588 28175605

cpu  855612 38662 1434178 533752076 114819 0 3277276 0 0 0
cpu0 119983 9541 206404 133691168 30937 0 786634 0 0 0
cpu1 457296 11232 775524 132565913 23858 0 908394 0 0 0
cpu2 141944 4072 237541 133751734 31151 0 806200 0 0 0
cpu3 136387 13816 214708 133743258 28870 0 776046 0 0 0
intr 12377726732 0 0 2664597 81 0 764543 35867509 0 0 0 9550125 0 0 0 0 0 0 0 0 0 0 0 0 0 0 0 0 0 0 0 0 0 0 0 0 0 0 0 0 0 0 0 0 0 0 0 0 0 0 0 0 2765856266 0 0 0 0 0 0 0 0 896052 0 456820 0 0 0 0 0 0 0 0 0 0 0 764399850 1 0 0 0 0 0 0 0 0 0 0 0 0 0 0 0 0 0 0 0 0 0 0 449055 4219 0 0 0 0 19623700 0 0 0 0 0 0 0 0 0 0 0 0 0 0 0 0 0 0 0 0 0 0 0 0 0 0 0 0 0 0 0 0 0 0 0 0 0 0 0 0 0 0 0 0 0 0 0 0 0 0 0 0 0 0 0 0 0 0 0 0 0 0 0 0 0 0 0 0 0 0 0 0 0 0 0 187259322 0 0 0
ctxt 396324109
btime 1669654930
processes 572603
procs_running 1
procs_blocked 0
softirq 1076578788 749129993 33046098 745469 87457553 456747 0 133488252 44078471 588 28175617

cpu  855612 38662 1434178 533752273 114819 0 3277276 0 0 0
cpu0 119983 9541 206404 133691218 30937 0 786634 0 0 0
cpu1 457296 11232 775524 132565962 23858 0 908394 0 0 0
cpu2 141944 4072 237541 133751784 31151 0 806200 0 0 0
cpu3 136387 13816 214708 133743308 28870 0 776046 0 0 0
intr 12377730933 0 0 2664597 81 0 764543 35867534 0 0 0 9550125 0 0 0 0 0 0 0 0 0 0 0 0 0 0 0 0 0 0 0 0 0 0 0 0 0 0 0 0 0 0 0 0 0 0 0 0 0 0 0 0 2765860262 0 0 0 0 0 0 0 0 896053 0 456820 0 0 0 0 0 0 0 0 0 0 0 764399978 1 0 0 0 0 0 0 0 0 0 0 0 0 0 0 0 0 0 0 0 0 0 0 449055 4219 0 0 0 0 19623719 0 0 0 0 0 0 0 0 0 0 0 0 0 0 0 0 0 0 0 0 0 0 0 0 0 0 0 0 0 0 0 0 0 0 0 0 0 0 0 0 0 0 0 0 0 0 0 0 0 0 0 0 0 0 0 0 0 0 0 0 0 0 0 0 0 0 0 0 0 0 0 0 0 0 0 187259354 0 0 0
ctxt 396324202
btime 1669654930
processes 572603
procs_running 1
procs_blocked 0
softirq 1076578851 749129993 33046113 745469 87457555 456747 0 133488268 44078489 588 28175629

cpu  855612 38662 1434178 533752471 114819 0 3277276 0 0 0
cpu0 119983 9541 206404 133691267 30937 0 786634 0 0 0
cpu1 457296 11232 775524 132566012 23858 0 908394 0 0 0
cpu2 141944 4072 237541 133751833 31151 0 806200 0 0 0
cpu3 136387 13816 214708 133743358 28870 0 776046 0 0 0
intr 12377735287 0 0 2664597 81 0 764543 35867603 0 0 0 9550125 0 0 0 0 0 0 0 0 0 0 0 0 0 0 0 0 0 0 0 0 0 0 0 0 0 0 0 0 0 0 0 0 0 0 0 0 0 0 0 0 2765864289 0 0 0 0 0 0 0 0 896054 0 456820 0 0 0 0 0 0 0 0 0 0 0 764400132 1 0 0 0 0 0 0 0 0 0 0 0 0 0 0 0 0 0 0 0 0 0 0 449055 4219 0 0 0 0 19623792 0 0 0 0 0 0 0 0 0 0 0 0 0 0 0 0 0 0 0 0 0 0 0 0 0 0 0 0 0 0 0 0 0 0 0 0 0 0 0 0 0 0 0 0 0 0 0 0 0 0 0 0 0 0 0 0 0 0 0 0 0 0 0 0 0 0 0 0 0 0 0 0 0 0 0 187259385 0 0 0
ctxt 396324410
btime 1669654930
processes 572603
procs_running 1
procs_blocked 0
softirq 1076578967 749130001 33046130 745469 87457562 456747 0 133488323 44078507 588 28175640

cpu  855612 38662 1434178 533752669 114819 0 3277276 0 0 0
cpu0 119983 9541 206404 133691316 30937 0 786634 0 0 0
cpu1 457296 11232 775524 132566061 23858 0 908394 0 0 0
cpu2 141944 4072 237541 133751883 31151 0 806200 0 0 0
cpu3 136387 13816 214708 133743407 28870 0 776046 0 0 0
intr 12377739598 0 0 2664598 81 0 764543 35867672 0 0 0 9550125 0 0 0 0 0 0 0 0 0 0 0 0 0 0 0 0 0 0 0 0 0 0 0 0 0 0 0 0 0 0 0 0 0 0 0 0 0 0 0 0 2765868283 0 0 0 0 0 0 0 0 896055 0 456820 0 0 0 0 0 0 0 0 0 0 0 764400260 1 0 0 0 0 0 0 0 0 0 0 0 0 0 0 0 0 0 0 0 0 0 0 449055 4219 0 0 0 0 19623869 0 0 0 0 0 0 0 0 0 0 0 0 0 0 0 0 0 0 0 0 0 0 0 0 0 0 0 0 0 0 0 0 0 0 0 0 0 0 0 0 0 0 0 0 0 0 0 0 0 0 0 0 0 0 0 0 0 0 0 0 0 0 0 0 0 0 0 0 0 0 0 0 0 0 0 187259425 0 0 0
ctxt 396324624
btime 1669654930
processes 572603
procs_running 1
procs_blocked 0
softirq 1076579082 749130001 33046149 745469 87457569 456747 0 133488382 44078526 588 28175651

cpu  855612 38662 1434180 533752865 114819 0 3277276 0 0 0
cpu0 119983 9541 206405 133691364 30937 0 786634 0 0 0
cpu1 457296 11232 775524 132566110 23858 0 908394 0 0 0
cpu2 141944 4072 237541 133751932 31151 0 806200 0 0 0
cpu3 136387 13816 214708 133743456 28870 0 776046 0 0 0
intr 12377744057 0 0 2664598 81 0 764543 35867781 0 0 0 9550125 0 0 0 0 0 0 0 0 0 0 0 0 0 0 0 0 0 0 0 0 0 0 0 0 0 0 0 0 0 0 0 0 0 0 0 0 0 0 0 0 2765872313 0 0 0 0 0 0 0 0 896056 0 456820 0 0 0 0 0 0 0 0 0 0 0 764400414 1 0 0 0 0 0 0 0 0 0 0 0 0 0 0 0 0 0 0 0 0 0 0 449055 4219 0 0 0 0 19623984 0 0 0 0 0 0 0 0 0 0 0 0 0 0 0 0 0 0 0 0 0 0 0 0 0 0 0 0 0 0 0 0 0 0 0 0 0 0 0 0 0 0 0 0 0 0 0 0 0 0 0 0 0 0 0 0 0 0 0 0 0 0 0 0 0 0 0 0 0 0 0 0 0 0 0 187259475 0 0 0
ctxt 396324949
btime 1669654930
processes 572603
procs_running 2
procs_blocked 0
softirq 1076579258 749130009 33046172 745469 87457580 456747 0 133488471 44078558 588 28175664

cpu  855612 38662 1434180 533753061 114819 0 3277276 0 0 0
cpu0 119983 9541 206405 133691413 30937 0 786634 0 0 0
cpu1 457296 11232 775524 132566159 23858 0 908394 0 0 0
cpu2 141944 4072 237541 133751982 31151 0 806200 0 0 0
cpu3 136387 13816 214708 133743506 28870 0 776046 0 0 0
intr 12377748242 0 0 2664598 81 0 764543 35867798 0 0 0 9550125 0 0 0 0 0 0 0 0 0 0 0 0 0 0 0 0 0 0 0 0 0 0 0 0 0 0 0 0 0 0 0 0 0 0 0 0 0 0 0 0 2765876310 0 0 0 0 0 0 0 0 896057 0 456820 0 0 0 0 0 0 0 0 0 0 0 764400540 1 0 0 0 0 0 0 0 0 0 0 0 0 0 0 0 0 0 0 0 0 0 0 449055 4219 0 0 0 0 19623997 0 0 0 0 0 0 0 0 0 0 0 0 0 0 0 0 0 0 0 0 0 0 0 0 0 0 0 0 0 0 0 0 0 0 0 0 0 0 0 0 0 0 0 0 0 0 0 0 0 0 0 0 0 0 0 0 0 0 0 0 0 0 0 0 0 0 0 0 0 0 0 0 0 0 0 187259508 0 0 0
ctxt 396325024
btime 1669654930
processes 572603
procs_running 1
procs_blocked 0
softirq 1076579309 749130009 33046185 745469 87457581 456747 0 133488482 44078574 588 28175674

cpu  855612 38662 1434180 533753257 114819 0 3277276 0 0 0
cpu0 119983 9541 206405 133691462 30937 0 786634 0 0 0
cpu1 457296 11232 775524 132566208 23858 0 908394 0 0 0
cpu2 141944 4072 237541 133752031 31151 0 806200 0 0 0
cpu3 136387 13816 214708 133743555 28870 0 776046 0 0 0
intr 12377752546 0 0 2664598 81 0 764543 35867837 0 0 0 9550125 0 0 0 0 0 0 0 0 0 0 0 0 0 0 0 0 0 0 0 0 0 0 0 0 0 0 0 0 0 0 0 0 0 0 0 0 0 0 0 0 2765880338 0 0 0 0 0 0 0 0 896058 0 456820 0 0 0 0 0 0 0 0 0 0 0 764400693 1 0 0 0 0 0 0 0 0 0 0 0 0 0 0 0 0 0 0 0 0 0 0 449055 4219 0 0 0 0 19624035 0 0 0 0 0 0 0 0 0 0 0 0 0 0 0 0 0 0 0 0 0 0 0 0 0 0 0 0 0 0 0 0 0 0 0 0 0 0 0 0 0 0 0 0 0 0 0 0 0 0 0 0 0 0 0 0 0 0 0 0 0 0 0 0 0 0 0 0 0 0 0 0 0 0 0 187259551 0 0 0
ctxt 396325163
btime 1669654930
processes 572603
procs_running 1
procs_blocked 0
softirq 1076579402 749130017 33046201 745469 87457584 456747 0 133488513 44078596 588 28175687

cpu  855612 38662 1434181 533753454 114819 0 3277276 0 0 0
cpu0 119983 9541 206406 133691510 30937 0 786634 0 0 0
cpu1 457296 11232 775524 132566257 23859 0 908394 0 0 0
cpu2 141944 4072 237541 133752080 31151 0 806200 0 0 0
cpu3 136387 13816 214708 133743605 28870 0 776046 0 0 0
intr 12377756756 0 0 2664599 81 0 764543 35867863 0 0 0 9550125 0 0 0 0 0 0 0 0 0 0 0 0 0 0 0 0 0 0 0 0 0 0 0 0 0 0 0 0 0 0 0 0 0 0 0 0 0 0 0 0 2765884335 0 0 0 0 0 0 0 0 896059 0 456822 0 0 0 0 0 0 0 0 0 0 0 764400821 1 0 0 0 0 0 0 0 0 0 0 0 0 0 0 0 0 0 0 0 0 0 0 449057 4219 0 0 0 0 19624050 0 0 0 0 0 0 0 0 0 0 0 0 0 0 0 0 0 0 0 0 0 0 0 0 0 0 0 0 0 0 0 0 0 0 0 0 0 0 0 0 0 0 0 0 0 0 0 0 0 0 0 0 0 0 0 0 0 0 0 0 0 0 0 0 0 0 0 0 0 0 0 0 0 0 0 187259590 0 0 0
ctxt 396325280
btime 1669654930
processes 572603
procs_running 1
procs_blocked 0
softirq 1076579474 749130017 33046217 745470 87457585 456749 0 133488533 44078617 588 28175698

cpu  855612 38662 1434182 533753650 114819 0 3277276 0 0 0
cpu0 119984 9541 206406 133691559 30937 0 786634 0 0 0
cpu1 457296 11232 775524 132566306 23859 0 908394 0 0 0
cpu2 141944 4072 237541 133752130 31151 0 806200 0 0 0
cpu3 136387 13816 214708 133743654 28870 0 776046 0 0 0
intr 12377761084 0 0 2664601 81 0 764543 35867915 0 0 0 9550129 0 0 0 0 0 0 0 0 0 0 0 0 0 0 0 0 0 0 0 0 0 0 0 0 0 0 0 0 0 0 0 0 0 0 0 0 0 0 0 0 2765888360 0 0 0 0 0 0 0 0 896060 0 456822 0 0 0 0 0 0 0 0 0 0 0 764400974 1 0 0 0 0 0 0 0 0 0 0 0 0 0 0 0 0 0 0 0 0 0 0 449057 4219 0 0 0 0 19624098 0 0 0 0 0 0 0 0 0 0 0 0 0 0 0 0 0 0 0 0 0 0 0 0 0 0 0 0 0 0 0 0 0 0 0 0 0 0 0 0 0 0 0 0 0 0 0 0 0 0 0 0 0 0 0 0 0 0 0 0 0 0 0 0 0 0 0 0 0 0 0 0 0 0 0 187259632 0 0 0
ctxt 396325444
btime 1669654930
processes 572603
procs_running 1
procs_blocked 0
softirq 1076579578 749130025 33046235 745470 87457589 456749 0 133488570 44078640 588 28175712

cpu  855613 38662 1434182 533753847 114819 0 3277276 0 0 0
cpu0 119984 9541 206406 133691608 30937 0 786634 0 0 0
cpu1 457296 11232 775524 132566355 23859 0 908394 0 0 0
cpu2 141944 4072 237541 133752179 31151 0 806200 0 0 0
cpu3 136387 13816 214708 133743703 28870 0 776046 0 0 0
intr 12377765284 0 0 2664601 81 0 764543 35867938 0 0 0 9550132 0 0 0 0 0 0 0 0 0 0 0 0 0 0 0 0 0 0 0 0 0 0 0 0 0 0 0 0 0 0 0 0 0 0 0 0 0 0 0 0 2765892357 0 0 0 0 0 0 0 0 896061 0 456822 0 0 0 0 0 0 0 0 0 0 0 764401102 1 0 0 0 0 0 0 0 0 0 0 0 0 0 0 0 0 0 0 0 0 0 0 449057 4219 0 0 0 0 19624113 0 0 0 0 0 0 0 0 0 0 0 0 0 0 0 0 0 0 0 0 0 0 0 0 0 0 0 0 0 0 0 0 0 0 0 0 0 0 0 0 0 0 0 0 0 0 0 0 0 0 0 0 0 0 0 0 0 0 0 0 0 0 0 0 0 0 0 0 0 0 0 0 0 0 0 187259666 0 0 0
ctxt 396325530
btime 1669654930
processes 572603
procs_running 1
procs_blocked 0
softirq 1076579639 749130025 33046250 745470 87457590 456749 0 133488584 44078660 588 28175723

cpu  855613 38662 1434182 533754043 114819 0 3277276 0 0 0
cpu0 119984 9541 206406 133691656 30937 0 786635 0 0 0
cpu1 457296 11232 775524 132566404 23859 0 908394 0 0 0
cpu2 141944 4072 237541 133752228 31151 0 806200 0 0 0
cpu3 136387 13816 214708 133743753 28870 0 776046 0 0 0
intr 12377769598 0 0 2664601 81 0 764543 35867990 0 0 0 9550137 0 0 0 0 0 0 0 0 0 0 0 0 0 0 0 0 0 0 0 0 0 0 0 0 0 0 0 0 0 0 0 0 0 0 0 0 0 0 0 0 2765896377 0 0 0 0 0 0 0 0 896062 0 456822 0 0 0 0 0 0 0 0 0 0 0 764401255 1 0 0 0 0 0 0 0 0 0 0 0 0 0 0 0 0 0 0 0 0 0 0 449057 4219 0 0 0 0 19624159 0 0 0 0 0 0 0 0 0 0 0 0 0 0 0 0 0 0 0 0 0 0 0 0 0 0 0 0 0 0 0 0 0 0 0 0 0 0 0 0 0 0 0 0 0 0 0 0 0 0 0 0 0 0 0 0 0 0 0 0 0 0 0 0 0 0 0 0 0 0 0 0 0 0 0 187259703 0 0 0
ctxt 396325698
btime 1669654930
processes 572603
procs_running 1
procs_blocked 0
softirq 1076579737 749130033 33046267 745470 87457594 456749 0 133488622 44078679 588 28175735

cpu  855613 38662 1434182 533754240 114819 0 3277276 0 0 0
cpu0 119984 9541 206406 133691705 30937 0 786635 0 0 0
cpu1 457296 11232 775525 132566453 23859 0 908394 0 0 0
cpu2 141944 4072 237541 133752278 31151 0 806200 0 0 0
cpu3 136387 13816 214708 133743802 28870 0 776046 0 0 0
intr 12377773805 0 0 2664602 81 0 764543 35868011 0 0 0 9550141 0 0 0 0 0 0 0 0 0 0 0 0 0 0 0 0 0 0 0 0 0 0 0 0 0 0 0 0 0 0 0 0 0 0 0 0 0 0 0 0 2765900383 0 0 0 0 0 0 0 0 896063 0 456822 0 0 0 0 0 0 0 0 0 0 0 764401383 1 0 0 0 0 0 0 0 0 0 0 0 0 0 0 0 0 0 0 0 0 0 0 449057 4219 0 0 0 0 19624174 0 0 0 0 0 0 0 0 0 0 0 0 0 0 0 0 0 0 0 0 0 0 0 0 0 0 0 0 0 0 0 0 0 0 0 0 0 0 0 0 0 0 0 0 0 0 0 0 0 0 0 0 0 0 0 0 0 0 0 0 0 0 0 0 0 0 0 0 0 0 0 0 0 0 0 187259734 0 0 0
ctxt 396325781
btime 1669654930
processes 572603
procs_running 1
procs_blocked 0
softirq 1076579800 749130033 33046283 745470 87457595 456749 0 133488636 44078700 588 28175746

cpu  855613 38662 1434182 533754436 114819 0 3277276 0 0 0
cpu0 119984 9541 206406 133691754 30937 0 786635 0 0 0
cpu1 457296 11232 775525 132566502 23859 0 908394 0 0 0
cpu2 141944 4072 237541 133752327 31151 0 806200 0 0 0
cpu3 136387 13816 214708 133743851 28870 0 776046 0 0 0
intr 12377778095 0 0 2664602 81 0 764543 35868053 0 0 0 9550145 0 0 0 0 0 0 0 0 0 0 0 0 0 0 0 0 0 0 0 0 0 0 0 0 0 0 0 0 0 0 0 0 0 0 0 0 0 0 0 0 2765904404 0 0 0 0 0 0 0 0 896064 0 456822 0 0 0 0 0 0 0 0 0 0 0 764401537 1 0 0 0 0 0 0 0 0 0 0 0 0 0 0 0 0 0 0 0 0 0 0 449057 4219 0 0 0 0 19624210 0 0 0 0 0 0 0 0 0 0 0 0 0 0 0 0 0 0 0 0 0 0 0 0 0 0 0 0 0 0 0 0 0 0 0 0 0 0 0 0 0 0 0 0 0 0 0 0 0 0 0 0 0 0 0 0 0 0 0 0 0 0 0 0 0 0 0 0 0 0 0 0 0 0 0 187259767 0 0 0
ctxt 396325931
btime 1669654930
processes 572603
procs_running 1
procs_blocked 0
softirq 1076579885 749130041 33046299 745470 87457598 456749 0 133488667 44078716 588 28175757

cpu  855613 38662 1434183 533754633 114819 0 3277276 0 0 0
cpu0 119984 9541 206407 133691803 30937 0 786635 0 0 0
cpu1 457296 11232 775525 132566551 23859 0 908394 0 0 0
cpu2 141944 4072 237541 133752376 31151 0 806200 0 0 0
cpu3 136387 13816 214709 133743901 28870 0 776046 0 0 0
intr 12377782293 0 0 2664602 81 0 764543 35868070 0 0 0 9550149 0 0 0 0 0 0 0 0 0 0 0 0 0 0 0 0 0 0 0 0 0 0 0 0 0 0 0 0 0 0 0 0 0 0 0 0 0 0 0 0 2765908401 0 0 0 0 0 0 0 0 896065 0 456822 0 0 0 0 0 0 0 0 0 0 0 764401665 1 0 0 0 0 0 0 0 0 0 0 0 0 0 0 0 0 0 0 0 0 0 0 449057 4219 0 0 0 0 19624225 0 0 0 0 0 0 0 0 0 0 0 0 0 0 0 0 0 0 0 0 0 0 0 0 0 0 0 0 0 0 0 0 0 0 0 0 0 0 0 0 0 0 0 0 0 0 0 0 0 0 0 0 0 0 0 0 0 0 0 0 0 0 0 0 0 0 0 0 0 0 0 0 0 0 0 187259801 0 0 0
ctxt 396326016
btime 1669654930
processes 572603
procs_running 1
procs_blocked 0
softirq 1076579947 749130041 33046314 745470 87457599 456749 0 133488681 44078735 588 28175770

cpu  855613 38662 1434183 533754830 114819 0 3277276 0 0 0
cpu0 119984 9541 206407 133691853 30937 0 786635 0 0 0
cpu1 457296 11232 775525 132566600 23859 0 908394 0 0 0
cpu2 141944 4072 237541 133752425 31151 0 806200 0 0 0
cpu3 136387 13816 214709 133743950 28870 0 776046 0 0 0
intr 12377786548 0 0 2664602 81 0 764543 35868092 0 0 0 9550152 0 0 0 0 0 0 0 0 0 0 0 0 0 0 0 0 0 0 0 0 0 0 0 0 0 0 0 0 0 0 0 0 0 0 0 0 0 0 0 0 2765912432 0 0 0 0 0 0 0 0 896066 0 456822 0 0 0 0 0 0 0 0 0 0 0 764401819 1 0 0 0 0 0 0 0 0 0 0 0 0 0 0 0 0 0 0 0 0 0 0 449057 4219 0 0 0 0 19624240 0 0 0 0 0 0 0 0 0 0 0 0 0 0 0 0 0 0 0 0 0 0 0 0 0 0 0 0 0 0 0 0 0 0 0 0 0 0 0 0 0 0 0 0 0 0 0 0 0 0 0 0 0 0 0 0 0 0 0 0 0 0 0 0 0 0 0 0 0 0 0 0 0 0 0 187259831 0 0 0
ctxt 396326116
btime 1669654930
processes 572603
procs_running 1
procs_blocked 0
softirq 1076580015 749130049 33046328 745470 87457600 456749 0 133488696 44078752 588 28175783

cpu  855613 38662 1434184 533755026 114819 0 3277276 0 0 0
cpu0 119984 9541 206408 133691901 30938 0 786635 0 0 0
cpu1 457296 11232 775525 132566650 23859 0 908394 0 0 0
cpu2 141944 4072 237541 133752475 31151 0 806200 0 0 0
cpu3 136387 13816 214709 133744000 28870 0 776046 0 0 0
intr 12377790768 0 0 2664603 81 0 764543 35868121 0 0 0 9550156 0 0 0 0 0 0 0 0 0 0 0 0 0 0 0 0 0 0 0 0 0 0 0 0 0 0 0 0 0 0 0 0 0 0 0 0 0 0 0 0 2765916428 0 0 0 0 0 0 0 0 896067 0 456825 0 0 0 0 0 0 0 0 0 0 0 764401947 1 0 0 0 0 0 0 0 0 0 0 0 0 0 0 0 0 0 0 0 0 0 0 449060 4219 0 0 0 0 19624255 0 0 0 0 0 0 0 0 0 0 0 0 0 0 0 0 0 0 0 0 0 0 0 0 0 0 0 0 0 0 0 0 0 0 0 0 0 0 0 0 0 0 0 0 0 0 0 0 0 0 0 0 0 0 0 0 0 0 0 0 0 0 0 0 0 0 0 0 0 0 0 0 0 0 0 187259872 0 0 0
ctxt 396326247
btime 1669654930
processes 572603
procs_running 1
procs_blocked 0
softirq 1076580107 749130049 33046346 745470 87457601 456752 0 133488719 44078777 588 28175805

cpu  855613 38662 1434184 533755223 114819 0 3277276 0 0 0
cpu0 119984 9541 206408 133691949 30938 0 786635 0 0 0
cpu1 457296 11232 775525 132566699 23859 0 908394 0 0 0
cpu2 141944 4072 237541 133752524 31151 0 806200 0 0 0
cpu3 136387 13816 214709 133744049 28870 0 776046 0 0 0
intr 12377795028 0 0 2664603 81 0 764543 35868149 0 0 0 9550160 0 0 0 0 0 0 0 0 0 0 0 0 0 0 0 0 0 0 0 0 0 0 0 0 0 0 0 0 0 0 0 0 0 0 0 0 0 0 0 0 2765920455 0 0 0 0 0 0 0 0 896068 0 456825 0 0 0 0 0 0 0 0 0 0 0 764402100 1 0 0 0 0 0 0 0 0 0 0 0 0 0 0 0 0 0 0 0 0 0 0 449060 4219 0 0 0 0 19624270 0 0 0 0 0 0 0 0 0 0 0 0 0 0 0 0 0 0 0 0 0 0 0 0 0 0 0 0 0 0 0 0 0 0 0 0 0 0 0 0 0 0 0 0 0 0 0 0 0 0 0 0 0 0 0 0 0 0 0 0 0 0 0 0 0 0 0 0 0 0 0 0 0 0 0 187259902 0 0 0
ctxt 396326347
btime 1669654930
processes 572603
procs_running 1
procs_blocked 0
softirq 1076580178 749130057 33046361 745470 87457602 456752 0 133488732 44078797 588 28175819

cpu  855613 38662 1434185 533755420 114819 0 3277276 0 0 0
cpu0 119984 9541 206409 133691998 30938 0 786635 0 0 0
cpu1 457296 11232 775525 132566748 23859 0 908394 0 0 0
cpu2 141944 4072 237541 133752574 31151 0 806200 0 0 0
cpu3 136387 13816 214709 133744099 28870 0 776046 0 0 0
intr 12377799234 0 0 2664607 81 0 764543 35868173 0 0 0 9550163 0 0 0 0 0 0 0 0 0 0 0 0 0 0 0 0 0 0 0 0 0 0 0 0 0 0 0 0 0 0 0 0 0 0 0 0 0 0 0 0 2765924453 0 0 0 0 0 0 0 0 896069 0 456825 0 0 0 0 0 0 0 0 0 0 0 764402228 1 0 0 0 0 0 0 0 0 0 0 0 0 0 0 0 0 0 0 0 0 0 0 449060 4219 0 0 0 0 19624285 0 0 0 0 0 0 0 0 0 0 0 0 0 0 0 0 0 0 0 0 0 0 0 0 0 0 0 0 0 0 0 0 0 0 0 0 0 0 0 0 0 0 0 0 0 0 0 0 0 0 0 0 0 0 0 0 0 0 0 0 0 0 0 0 0 0 0 0 0 0 0 0 0 0 0 187259936 0 0 0
ctxt 396326441
btime 1669654930
processes 572603
procs_running 1
procs_blocked 0
softirq 1076580238 749130057 33046375 745470 87457603 456752 0 133488746 44078815 588 28175832

cpu  855613 38662 1434185 533755617 114819 0 3277276 0 0 0
cpu0 119984 9541 206409 133692047 30938 0 786635 0 0 0
cpu1 457296 11232 775525 132566797 23859 0 908394 0 0 0
cpu2 141944 4072 237541 133752623 31151 0 806200 0 0 0
cpu3 136387 13816 214709 133744148 28870 0 776046 0 0 0
intr 12377803482 0 0 2664607 81 0 764543 35868200 0 0 0 9550167 0 0 0 0 0 0 0 0 0 0 0 0 0 0 0 0 0 0 0 0 0 0 0 0 0 0 0 0 0 0 0 0 0 0 0 0 0 0 0 0 2765928472 0 0 0 0 0 0 0 0 896070 0 456825 0 0 0 0 0 0 0 0 0 0 0 764402381 1 0 0 0 0 0 0 0 0 0 0 0 0 0 0 0 0 0 0 0 0 0 0 449060 4219 0 0 0 0 19624300 0 0 0 0 0 0 0 0 0 0 0 0 0 0 0 0 0 0 0 0 0 0 0 0 0 0 0 0 0 0 0 0 0 0 0 0 0 0 0 0 0 0 0 0 0 0 0 0 0 0 0 0 0 0 0 0 0 0 0 0 0 0 0 0 0 0 0 0 0 0 0 0 0 0 0 187259965 0 0 0
ctxt 396326539
btime 1669654930
processes 572603
procs_running 1
procs_blocked 0
softirq 1076580308 749130065 33046389 745471 87457604 456752 0 133488760 44078835 588 28175844

cpu  855613 38662 1434186 533755814 114819 0 3277276 0 0 0
cpu0 119984 9541 206410 133692096 30938 0 786635 0 0 0
cpu1 457296 11232 775525 132566847 23859 0 908394 0 0 0
cpu2 141944 4072 237541 133752672 31151 0 806200 0 0 0
cpu3 136387 13816 214709 133744197 28870 0 776046 0 0 0
intr 12377807686 0 0 2664608 81 0 764543 35868221 0 0 0 9550171 0 0 0 0 0 0 0 0 0 0 0 0 0 0 0 0 0 0 0 0 0 0 0 0 0 0 0 0 0 0 0 0 0 0 0 0 0 0 0 0 2765932476 0 0 0 0 0 0 0 0 896071 0 456825 0 0 0 0 0 0 0 0 0 0 0 764402509 1 0 0 0 0 0 0 0 0 0 0 0 0 0 0 0 0 0 0 0 0 0 0 449060 4219 0 0 0 0 19624315 0 0 0 0 0 0 0 0 0 0 0 0 0 0 0 0 0 0 0 0 0 0 0 0 0 0 0 0 0 0 0 0 0 0 0 0 0 0 0 0 0 0 0 0 0 0 0 0 0 0 0 0 0 0 0 0 0 0 0 0 0 0 0 0 0 0 0 0 0 0 0 0 0 0 0 187259994 0 0 0
ctxt 396326624
btime 1669654930
processes 572603
procs_running 1
procs_blocked 0
softirq 1076580367 749130065 33046403 745471 87457605 456752 0 133488774 44078854 588 28175855

cpu  855613 38662 1434187 533756011 114819 0 3277277 0 0 0
cpu0 119984 9541 206410 133692145 30938 0 786635 0 0 0
cpu1 457296 11232 775525 132566896 23859 0 908394 0 0 0
cpu2 141944 4072 237541 133752722 31151 0 806200 0 0 0
cpu3 136387 13816 214709 133744247 28870 0 776046 0 0 0
intr 12377811933 0 0 2664608 81 0 764543 35868244 0 0 0 9550175 0 0 0 0 0 0 0 0 0 0 0 0 0 0 0 0 0 0 0 0 0 0 0 0 0 0 0 0 0 0 0 0 0 0 0 0 0 0 0 0 2765936498 0 0 0 0 0 0 0 0 896072 0 456825 0 0 0 0 0 0 0 0 0 0 0 764402662 1 0 0 0 0 0 0 0 0 0 0 0 0 0 0 0 0 0 0 0 0 0 0 449060 4219 0 0 0 0 19624330 0 0 0 0 0 0 0 0 0 0 0 0 0 0 0 0 0 0 0 0 0 0 0 0 0 0 0 0 0 0 0 0 0 0 0 0 0 0 0 0 0 0 0 0 0 0 0 0 0 0 0 0 0 0 0 0 0 0 0 0 0 0 0 0 0 0 0 0 0 0 0 0 0 0 0 187260025 0 0 0
ctxt 396326726
btime 1669654930
processes 572603
procs_running 2
procs_blocked 0
softirq 1076580428 749130073 33046416 745471 87457606 456752 0 133488788 44078869 588 28175865

cpu  855613 38662 1434187 533756208 114819 0 3277277 0 0 0
cpu0 119984 9541 206411 133692194 30938 0 786635 0 0 0
cpu1 457296 11232 775525 132566945 23859 0 908394 0 0 0
cpu2 141944 4072 237541 133752771 31151 0 806200 0 0 0
cpu3 136387 13816 214709 133744296 28870 0 776046 0 0 0
intr 12377816124 0 0 2664608 81 0 764543 35868262 0 0 0 9550179 0 0 0 0 0 0 0 0 0 0 0 0 0 0 0 0 0 0 0 0 0 0 0 0 0 0 0 0 0 0 0 0 0 0 0 0 0 0 0 0 2765940495 0 0 0 0 0 0 0 0 896073 0 456825 0 0 0 0 0 0 0 0 0 0 0 764402790 1 0 0 0 0 0 0 0 0 0 0 0 0 0 0 0 0 0 0 0 0 0 0 449060 4219 0 0 0 0 19624345 0 0 0 0 0 0 0 0 0 0 0 0 0 0 0 0 0 0 0 0 0 0 0 0 0 0 0 0 0 0 0 0 0 0 0 0 0 0 0 0 0 0 0 0 0 0 0 0 0 0 0 0 0 0 0 0 0 0 0 0 0 0 0 0 0 0 0 0 0 0 0 0 0 0 0 187260052 0 0 0
ctxt 396326809
btime 1669654930
processes 572603
procs_running 1
procs_blocked 0
softirq 1076580487 749130073 33046431 745471 87457607 456752 0 133488802 44078887 588 28175876

cpu  855613 38662 1434188 533756405 114819 0 3277277 0 0 0
cpu0 119984 9541 206411 133692243 30938 0 786635 0 0 0
cpu1 457296 11232 775526 132566995 23859 0 908394 0 0 0
cpu2 141944 4072 237542 133752821 31151 0 806200 0 0 0
cpu3 136387 13816 214709 133744346 28870 0 776046 0 0 0
intr 12377820382 0 0 2664608 81 0 764545 35868286 0 0 0 9550183 0 0 0 0 0 0 0 0 0 0 0 0 0 0 0 0 0 0 0 0 0 0 0 0 0 0 0 0 0 0 0 0 0 0 0 0 0 0 0 0 2765944525 0 0 0 0 0 0 0 0 896074 0 456825 0 0 0 0 0 0 0 0 0 0 0 764402943 1 0 0 0 0 0 0 0 0 0 0 0 0 0 0 0 0 0 0 0 0 0 0 449060 4219 0 0 0 0 19624360 0 0 0 0 0 0 0 0 0 0 0 0 0 0 0 0 0 0 0 0 0 0 0 0 0 0 0 0 0 0 0 0 0 0 0 0 0 0 0 0 0 0 0 0 0 0 0 0 0 0 0 0 0 0 0 0 0 0 0 0 0 0 0 0 0 0 0 0 0 0 0 0 0 0 0 187260081 0 0 0
ctxt 396326903
btime 1669654930
processes 572603
procs_running 1
procs_blocked 0
softirq 1076580558 749130081 33046444 745471 87457608 456752 0 133488817 44078908 588 28175889

cpu  855613 38662 1434188 533756602 114819 0 3277277 0 0 0
cpu0 119984 9541 206411 133692291 30938 0 786635 0 0 0
cpu1 457296 11232 775526 132567044 23859 0 908394 0 0 0
cpu2 141944 4072 237542 133752870 31151 0 806200 0 0 0
cpu3 136387 13816 214709 133744395 28870 0 776046 0 0 0
intr 12377824584 0 0 2664609 81 0 764545 35868310 0 0 0 9550187 0 0 0 0 0 0 0 0 0 0 0 0 0 0 0 0 0 0 0 0 0 0 0 0 0 0 0 0 0 0 0 0 0 0 0 0 0 0 0 0 2765948521 0 0 0 0 0 0 0 0 896075 0 456825 0 0 0 0 0 0 0 0 0 0 0 764403071 1 0 0 0 0 0 0 0 0 0 0 0 0 0 0 0 0 0 0 0 0 0 0 449060 4219 0 0 0 0 19624375 0 0 0 0 0 0 0 0 0 0 0 0 0 0 0 0 0 0 0 0 0 0 0 0 0 0 0 0 0 0 0 0 0 0 0 0 0 0 0 0 0 0 0 0 0 0 0 0 0 0 0 0 0 0 0 0 0 0 0 0 0 0 0 0 0 0 0 0 0 0 0 0 0 0 0 187260114 0 0 0
ctxt 396326995
btime 1669654930
processes 572603
procs_running 1
procs_blocked 0
softirq 1076580618 749130081 33046459 745471 87457609 456752 0 133488831 44078926 588 28175901

cpu  855614 38662 1434188 533756799 114819 0 3277277 0 0 0
cpu0 119985 9541 206411 133692340 30938 0 786635 0 0 0
cpu1 457296 11232 775526 132567094 23859 0 908394 0 0 0
cpu2 141944 4072 237542 133752919 31151 0 806200 0 0 0
cpu3 136387 13816 214709 133744444 28870 0 776046 0 0 0
intr 12377828840 0 0 2664609 81 0 764545 35868338 0 0 0 9550190 0 0 0 0 0 0 0 0 0 0 0 0 0 0 0 0 0 0 0 0 0 0 0 0 0 0 0 0 0 0 0 0 0 0 0 0 0 0 0 0 2765952548 0 0 0 0 0 0 0 0 896076 0 456825 0 0 0 0 0 0 0 0 0 0 0 764403224 1 0 0 0 0 0 0 0 0 0 0 0 0 0 0 0 0 0 0 0 0 0 0 449060 4219 0 0 0 0 19624390 0 0 0 0 0 0 0 0 0 0 0 0 0 0 0 0 0 0 0 0 0 0 0 0 0 0 0 0 0 0 0 0 0 0 0 0 0 0 0 0 0 0 0 0 0 0 0 0 0 0 0 0 0 0 0 0 0 0 0 0 0 0 0 0 0 0 0 0 0 0 0 0 0 0 0 187260143 0 0 0
ctxt 396327088
btime 1669654930
processes 572603
procs_running 1
procs_blocked 0
softirq 1076580683 749130089 33046472 745471 87457610 456752 0 133488844 44078943 588 28175914

cpu  855614 38662 1434188 533756996 114819 0 3277277 0 0 0
cpu0 119985 9541 206411 133692389 30938 0 786635 0 0 0
cpu1 457296 11232 775526 132567143 23859 0 908394 0 0 0
cpu2 141944 4072 237542 133752969 31151 0 806200 0 0 0
cpu3 136387 13816 214709 133744494 28870 0 776046 0 0 0
intr 12377833035 0 0 2664609 81 0 764545 35868361 0 0 0 9550194 0 0 0 0 0 0 0 0 0 0 0 0 0 0 0 0 0 0 0 0 0 0 0 0 0 0 0 0 0 0 0 0 0 0 0 0 0 0 0 0 2765956544 0 0 0 0 0 0 0 0 896077 0 456825 0 0 0 0 0 0 0 0 0 0 0 764403352 1 0 0 0 0 0 0 0 0 0 0 0 0 0 0 0 0 0 0 0 0 0 0 449060 4219 0 0 0 0 19624405 0 0 0 0 0 0 0 0 0 0 0 0 0 0 0 0 0 0 0 0 0 0 0 0 0 0 0 0 0 0 0 0 0 0 0 0 0 0 0 0 0 0 0 0 0 0 0 0 0 0 0 0 0 0 0 0 0 0 0 0 0 0 0 0 0 0 0 0 0 0 0 0 0 0 0 187260172 0 0 0
ctxt 396327174
btime 1669654930
processes 572603
procs_running 1
procs_blocked 0
softirq 1076580739 749130089 33046486 745471 87457611 456752 0 133488858 44078958 588 28175926

cpu  855614 38662 1434189 533757193 114819 0 3277277 0 0 0
cpu0 119985 9541 206412 133692438 30938 0 786635 0 0 0
cpu1 457296 11232 775526 132567192 23859 0 908394 0 0 0
cpu2 141944 4072 237542 133753018 31151 0 806200 0 0 0
cpu3 136387 13816 214709 133744543 28870 0 776046 0 0 0
intr 12377837297 0 0 2664609 81 0 764545 35868391 0 0 0 9550198 0 0 0 0 0 0 0 0 0 0 0 0 0 0 0 0 0 0 0 0 0 0 0 0 0 0 0 0 0 0 0 0 0 0 0 0 0 0 0 0 2765960575 0 0 0 0 0 0 0 0 896078 0 456825 0 0 0 0 0 0 0 0 0 0 0 764403503 1 0 0 0 0 0 0 0 0 0 0 0 0 0 0 0 0 0 0 0 0 0 0 449060 4219 0 0 0 0 19624420 0 0 0 0 0 0 0 0 0 0 0 0 0 0 0 0 0 0 0 0 0 0 0 0 0 0 0 0 0 0 0 0 0 0 0 0 0 0 0 0 0 0 0 0 0 0 0 0 0 0 0 0 0 0 0 0 0 0 0 0 0 0 0 0 0 0 0 0 0 0 0 0 0 0 0 187260201 0 0 0
ctxt 396327272
btime 1669654930
processes 572603
procs_running 1
procs_blocked 0
softirq 1076580809 749130097 33046500 745471 87457612 456752 0 133488874 44078977 588 28175938

cpu  855614 38662 1434189 533757390 114820 0 3277277 0 0 0
cpu0 119985 9541 206412 133692487 30938 0 786635 0 0 0
cpu1 457296 11232 775526 132567242 23859 0 908394 0 0 0
cpu2 141944 4072 237542 133753067 31151 0 806200 0 0 0
cpu3 136387 13816 214709 133744593 28870 0 776046 0 0 0
intr 12377841501 0 0 2664610 81 0 764545 35868412 0 0 0 9550202 0 0 0 0 0 0 0 0 0 0 0 0 0 0 0 0 0 0 0 0 0 0 0 0 0 0 0 0 0 0 0 0 0 0 0 0 0 0 0 0 2765964571 0 0 0 0 0 0 0 0 896079 0 456827 0 0 0 0 0 0 0 0 0 0 0 764403631 1 0 0 0 0 0 0 0 0 0 0 0 0 0 0 0 0 0 0 0 0 0 0 449062 4219 0 0 0 0 19624435 0 0 0 0 0 0 0 0 0 0 0 0 0 0 0 0 0 0 0 0 0 0 0 0 0 0 0 0 0 0 0 0 0 0 0 0 0 0 0 0 0 0 0 0 0 0 0 0 0 0 0 0 0 0 0 0 0 0 0 0 0 0 0 0 0 0 0 0 0 0 0 0 0 0 0 187260234 0 0 0
ctxt 396327384
btime 1669654930
processes 572603
procs_running 1
procs_blocked 0
softirq 1076580878 749130097 33046516 745471 87457613 456754 0 133488894 44078996 588 28175949
