cpu  837576 36885 1405050 521233778 112357 0 2936680 0 0 0
cpu0 115937 9541 199626 130565121 30361 0 698059 0 0 0
cpu1 452600 10665 767856 129433618 23160 0 825748 0 0 0
cpu2 136822 2862 229705 130624040 30531 0 719839 0 0 0
cpu3 132217 13816 207862 130610996 28305 0 693032 0 0 0
intr 12025613548 0 0 2618065 81 0 735611 34007872 0 0 0 9315746 0 0 0 0 0 0 0 0 0 0 0 0 0 0 0 0 0 0 0 0 0 0 0 0 0 0 0 0 0 0 0 0 0 0 0 0 0 0 0 0 2467649448 0 0 0 0 0 0 0 0 826438 0 434149 0 0 0 0 0 0 0 0 0 0 0 719440983 1 0 0 0 0 0 0 0 0 0 0 0 0 0 0 0 0 0 0 0 0 0 0 426384 4219 0 0 0 0 18359210 0 0 0 0 0 0 0 0 0 0 0 0 0 0 0 0 0 0 0 0 0 0 0 0 0 0 0 0 0 0 0 0 0 0 0 0 0 0 0 0 0 0 0 0 0 0 0 0 0 0 0 0 0 0 0 0 0 0 0 0 0 0 0 0 0 0 0 0 0 0 0 0 0 0 0 181860750 0 0 0
ctxt 386492230
btime 1669654930
processes 553130
procs_running 1
procs_blocked 0
softirq 971373996 676987947 31539557 739310 75803295 434078 0 119469671 41415825 588 24983725

cpu  837576 36885 1405050 521233975 112357 0 2936680 0 0 0
cpu0 115937 9541 199626 130565170 30361 0 698059 0 0 0
cpu1 452600 10665 767856 129433668 23160 0 825748 0 0 0
cpu2 136822 2862 229705 130624090 30531 0 719839 0 0 0
cpu3 132217 13816 207862 130611046 28305 0 693032 0 0 0
intr 12025617750 0 0 2618065 81 0 735611 34007895 0 0 0 9315750 0 0 0 0 0 0 0 0 0 0 0 0 0 0 0 0 0 0 0 0 0 0 0 0 0 0 0 0 0 0 0 0 0 0 0 0 0 0 0 0 2467653453 0 0 0 0 0 0 0 0 826439 0 434149 0 0 0 0 0 0 0 0 0 0 0 719441112 1 0 0 0 0 0 0 0 0 0 0 0 0 0 0 0 0 0 0 0 0 0 0 426384 4219 0 0 0 0 18359225 0 0 0 0 0 0 0 0 0 0 0 0 0 0 0 0 0 0 0 0 0 0 0 0 0 0 0 0 0 0 0 0 0 0 0 0 0 0 0 0 0 0 0 0 0 0 0 0 0 0 0 0 0 0 0 0 0 0 0 0 0 0 0 0 0 0 0 0 0 0 0 0 0 0 0 181860776 0 0 0
ctxt 386492307
btime 1669654930
processes 553130
procs_running 1
procs_blocked 0
softirq 971374051 676987947 31539569 739310 75803296 434078 0 119469685 41415843 588 24983735

cpu  837576 36885 1405051 521234172 112357 0 2936681 0 0 0
cpu0 115937 9541 199626 130565220 30361 0 698059 0 0 0
cpu1 452600 10665 767856 129433717 23160 0 825748 0 0 0
cpu2 136822 2862 229705 130624139 30531 0 719840 0 0 0
cpu3 132217 13816 207862 130611095 28305 0 693032 0 0 0
intr 12025622002 0 0 2618065 81 0 735611 34007920 0 0 0 9315753 0 0 0 0 0 0 0 0 0 0 0 0 0 0 0 0 0 0 0 0 0 0 0 0 0 0 0 0 0 0 0 0 0 0 0 0 0 0 0 0 2467657481 0 0 0 0 0 0 0 0 826440 0 434149 0 0 0 0 0 0 0 0 0 0 0 719441265 1 0 0 0 0 0 0 0 0 0 0 0 0 0 0 0 0 0 0 0 0 0 0 426384 4219 0 0 0 0 18359240 0 0 0 0 0 0 0 0 0 0 0 0 0 0 0 0 0 0 0 0 0 0 0 0 0 0 0 0 0 0 0 0 0 0 0 0 0 0 0 0 0 0 0 0 0 0 0 0 0 0 0 0 0 0 0 0 0 0 0 0 0 0 0 0 0 0 0 0 0 0 0 0 0 0 0 181860802 0 0 0
ctxt 386492403
btime 1669654930
processes 553130
procs_running 1
procs_blocked 0
softirq 971374111 676987955 31539580 739310 75803297 434078 0 119469699 41415859 588 24983745

cpu  837576 36885 1405051 521234369 112357 0 2936681 0 0 0
cpu0 115937 9541 199626 130565269 30361 0 698059 0 0 0
cpu1 452600 10665 767857 129433766 23160 0 825748 0 0 0
cpu2 136822 2862 229705 130624188 30531 0 719840 0 0 0
cpu3 132217 13816 207862 130611145 28305 0 693032 0 0 0
intr 12025626191 0 0 2618065 81 0 735611 34007937 0 0 0 9315757 0 0 0 0 0 0 0 0 0 0 0 0 0 0 0 0 0 0 0 0 0 0 0 0 0 0 0 0 0 0 0 0 0 0 0 0 0 0 0 0 2467661476 0 0 0 0 0 0 0 0 826441 0 434149 0 0 0 0 0 0 0 0 0 0 0 719441394 1 0 0 0 0 0 0 0 0 0 0 0 0 0 0 0 0 0 0 0 0 0 0 426384 4219 0 0 0 0 18359255 0 0 0 0 0 0 0 0 0 0 0 0 0 0 0 0 0 0 0 0 0 0 0 0 0 0 0 0 0 0 0 0 0 0 0 0 0 0 0 0 0 0 0 0 0 0 0 0 0 0 0 0 0 0 0 0 0 0 0 0 0 0 0 0 0 0 0 0 0 0 0 0 0 0 0 181860830 0 0 0
ctxt 386492473
btime 1669654930
processes 553130
procs_running 1
procs_blocked 0
softirq 971374173 676987955 31539595 739310 75803298 434078 0 119469713 41415879 588 24983757

cpu  837576 36885 1405051 521234566 112357 0 2936681 0 0 0
cpu0 115937 9541 199626 130565318 30361 0 698059 0 0 0
cpu1 452600 10665 767857 129433815 23160 0 825748 0 0 0
cpu2 136822 2862 229705 130624238 30531 0 719840 0 0 0
cpu3 132217 13816 207862 130611194 28305 0 693032 0 0 0
intr 12025630470 0 0 2618066 81 0 735611 34007971 0 0 0 9315761 0 0 0 0 0 0 0 0 0 0 0 0 0 0 0 0 0 0 0 0 0 0 0 0 0 0 0 0 0 0 0 0 0 0 0 0 0 0 0 0 2467665503 0 0 0 0 0 0 0 0 826442 0 434149 0 0 0 0 0 0 0 0 0 0 0 719441547 1 0 0 0 0 0 0 0 0 0 0 0 0 0 0 0 0 0 0 0 0 0 0 426384 4219 0 0 0 0 18359282 0 0 0 0 0 0 0 0 0 0 0 0 0 0 0 0 0 0 0 0 0 0 0 0 0 0 0 0 0 0 0 0 0 0 0 0 0 0 0 0 0 0 0 0 0 0 0 0 0 0 0 0 0 0 0 0 0 0 0 0 0 0 0 0 0 0 0 0 0 0 0 0 0 0 0 181860862 0 0 0
ctxt 386492595
btime 1669654930
processes 553130
procs_running 1
procs_blocked 0
softirq 971374252 676987963 31539611 739310 75803300 434078 0 119469734 41415899 588 24983769

cpu  837576 36885 1405052 521234763 112357 0 2936681 0 0 0
cpu0 115937 9541 199627 130565368 30361 0 698059 0 0 0
cpu1 452600 10665 767857 129433864 23160 0 825748 0 0 0
cpu2 136822 2862 229705 130624287 30531 0 719840 0 0 0
cpu3 132217 13816 207862 130611243 28305 0 693032 0 0 0
intr 12025634658 0 0 2618066 81 0 735611 34007988 0 0 0 9315765 0 0 0 0 0 0 0 0 0 0 0 0 0 0 0 0 0 0 0 0 0 0 0 0 0 0 0 0 0 0 0 0 0 0 0 0 0 0 0 0 2467669499 0 0 0 0 0 0 0 0 826443 0 434149 0 0 0 0 0 0 0 0 0 0 0 719441675 1 0 0 0 0 0 0 0 0 0 0 0 0 0 0 0 0 0 0 0 0 0 0 426384 4219 0 0 0 0 18359297 0 0 0 0 0 0 0 0 0 0 0 0 0 0 0 0 0 0 0 0 0 0 0 0 0 0 0 0 0 0 0 0 0 0 0 0 0 0 0 0 0 0 0 0 0 0 0 0 0 0 0 0 0 0 0 0 0 0 0 0 0 0 0 0 0 0 0 0 0 0 0 0 0 0 0 181860889 0 0 0
ctxt 386492665
btime 1669654930
processes 553130
procs_running 1
procs_blocked 0
softirq 971374306 676987963 31539624 739310 75803301 434078 0 119469748 41415916 588 24983778

cpu  837576 36885 1405052 521234960 112357 0 2936681 0 0 0
cpu0 115937 9541 199627 130565417 30361 0 698059 0 0 0
cpu1 452600 10665 767857 129433913 23160 0 825748 0 0 0
cpu2 136822 2862 229705 130624337 30531 0 719840 0 0 0
cpu3 132217 13816 207862 130611292 28305 0 693032 0 0 0
intr 12025638910 0 0 2618066 81 0 735611 34008013 0 0 0 9315769 0 0 0 0 0 0 0 0 0 0 0 0 0 0 0 0 0 0 0 0 0 0 0 0 0 0 0 0 0 0 0 0 0 0 0 0 0 0 0 0 2467673526 0 0 0 0 0 0 0 0 826444 0 434149 0 0 0 0 0 0 0 0 0 0 0 719441829 1 0 0 0 0 0 0 0 0 0 0 0 0 0 0 0 0 0 0 0 0 0 0 426384 4219 0 0 0 0 18359312 0 0 0 0 0 0 0 0 0 0 0 0 0 0 0 0 0 0 0 0 0 0 0 0 0 0 0 0 0 0 0 0 0 0 0 0 0 0 0 0 0 0 0 0 0 0 0 0 0 0 0 0 0 0 0 0 0 0 0 0 0 0 0 0 0 0 0 0 0 0 0 0 0 0 0 181860915 0 0 0
ctxt 386492760
btime 1669654930
processes 553130
procs_running 1
procs_blocked 0
softirq 971374366 676987971 31539637 739310 75803302 434078 0 119469761 41415932 588 24983787

cpu  837576 36885 1405052 521235157 112357 0 2936681 0 0 0
cpu0 115937 9541 199627 130565466 30361 0 698059 0 0 0
cpu1 452600 10665 767857 129433963 23160 0 825748 0 0 0
cpu2 136822 2862 229705 130624386 30531 0 719840 0 0 0
cpu3 132217 13816 207862 130611341 28305 0 693032 0 0 0
intr 12025643096 0 0 2618066 81 0 735611 34008030 0 0 0 9315772 0 0 0 0 0 0 0 0 0 0 0 0 0 0 0 0 0 0 0 0 0 0 0 0 0 0 0 0 0 0 0 0 0 0 0 0 0 0 0 0 2467677522 0 0 0 0 0 0 0 0 826445 0 434149 0 0 0 0 0 0 0 0 0 0 0 719441957 1 0 0 0 0 0 0 0 0 0 0 0 0 0 0 0 0 0 0 0 0 0 0 426384 4219 0 0 0 0 18359327 0 0 0 0 0 0 0 0 0 0 0 0 0 0 0 0 0 0 0 0 0 0 0 0 0 0 0 0 0 0 0 0 0 0 0 0 0 0 0 0 0 0 0 0 0 0 0 0 0 0 0 0 0 0 0 0 0 0 0 0 0 0 0 0 0 0 0 0 0 0 0 0 0 0 0 181860941 0 0 0
ctxt 386492829
btime 1669654930
processes 553130
procs_running 1
procs_blocked 0
softirq 971374420 676987971 31539650 739310 75803303 434078 0 119469775 41415949 588 24983796

cpu  837577 36885 1405052 521235355 112357 0 2936681 0 0 0
cpu0 115937 9541 199627 130565516 30361 0 698059 0 0 0
cpu1 452600 10665 767857 129434012 23160 0 825748 0 0 0
cpu2 136822 2862 229705 130624435 30531 0 719840 0 0 0
cpu3 132218 13816 207862 130611391 28305 0 693032 0 0 0
intr 12025647348 0 0 2618067 81 0 735611 34008055 0 0 0 9315776 0 0 0 0 0 0 0 0 0 0 0 0 0 0 0 0 0 0 0 0 0 0 0 0 0 0 0 0 0 0 0 0 0 0 0 0 0 0 0 0 2467681549 0 0 0 0 0 0 0 0 826446 0 434149 0 0 0 0 0 0 0 0 0 0 0 719442111 1 0 0 0 0 0 0 0 0 0 0 0 0 0 0 0 0 0 0 0 0 0 0 426384 4219 0 0 0 0 18359342 0 0 0 0 0 0 0 0 0 0 0 0 0 0 0 0 0 0 0 0 0 0 0 0 0 0 0 0 0 0 0 0 0 0 0 0 0 0 0 0 0 0 0 0 0 0 0 0 0 0 0 0 0 0 0 0 0 0 0 0 0 0 0 0 0 0 0 0 0 0 0 0 0 0 0 181860966 0 0 0
ctxt 386492916
btime 1669654930
processes 553130
procs_running 1
procs_blocked 0
softirq 971374478 676987979 31539662 739310 75803304 434078 0 119469788 41415964 588 24983805

cpu  837577 36885 1405052 521235552 112357 0 2936681 0 0 0
cpu0 115937 9541 199628 130565565 30361 0 698059 0 0 0
cpu1 452600 10665 767857 129434061 23160 0 825748 0 0 0
cpu2 136822 2862 229705 130624484 30531 0 719840 0 0 0
cpu3 132218 13816 207862 130611440 28305 0 693032 0 0 0
intr 12025651537 0 0 2618067 81 0 735611 34008073 0 0 0 9315779 0 0 0 0 0 0 0 0 0 0 0 0 0 0 0 0 0 0 0 0 0 0 0 0 0 0 0 0 0 0 0 0 0 0 0 0 0 0 0 0 2467685545 0 0 0 0 0 0 0 0 826447 0 434149 0 0 0 0 0 0 0 0 0 0 0 719442239 1 0 0 0 0 0 0 0 0 0 0 0 0 0 0 0 0 0 0 0 0 0 0 426384 4219 0 0 0 0 18359357 0 0 0 0 0 0 0 0 0 0 0 0 0 0 0 0 0 0 0 0 0 0 0 0 0 0 0 0 0 0 0 0 0 0 0 0 0 0 0 0 0 0 0 0 0 0 0 0 0 0 0 0 0 0 0 0 0 0 0 0 0 0 0 0 0 0 0 0 0 0 0 0 0 0 0 181860993 0 0 0
ctxt 386492990
btime 1669654930
processes 553130
procs_running 1
procs_blocked 0
softirq 971374533 676987979 31539675 739310 75803305 434078 0 119469802 41415980 588 24983816

cpu  837577 36885 1405053 521235749 112357 0 2936681 0 0 0
cpu0 115937 9541 199628 130565614 30361 0 698059 0 0 0
cpu1 452600 10665 767857 129434111 23160 0 825748 0 0 0
cpu2 136822 2862 229705 130624534 30531 0 719840 0 0 0
cpu3 132218 13816 207862 130611489 28305 0 693032 0 0 0
intr 12025655797 0 0 2618067 81 0 735611 34008099 0 0 0 9315782 0 0 0 0 0 0 0 0 0 0 0 0 0 0 0 0 0 0 0 0 0 0 0 0 0 0 0 0 0 0 0 0 0 0 0 0 0 0 0 0 2467689573 0 0 0 0 0 0 0 0 826448 0 434149 0 0 0 0 0 0 0 0 0 0 0 719442393 1 0 0 0 0 0 0 0 0 0 0 0 0 0 0 0 0 0 0 0 0 0 0 426384 4219 0 0 0 0 18359372 0 0 0 0 0 0 0 0 0 0 0 0 0 0 0 0 0 0 0 0 0 0 0 0 0 0 0 0 0 0 0 0 0 0 0 0 0 0 0 0 0 0 0 0 0 0 0 0 0 0 0 0 0 0 0 0 0 0 0 0 0 0 0 0 0 0 0 0 0 0 0 0 0 0 0 181861027 0 0 0
ctxt 386493081
btime 1669654930
processes 553130
procs_running 1
procs_blocked 0
softirq 971374609 676987987 31539693 739311 75803306 434078 0 119469815 41416001 588 24983830

cpu  837577 36885 1405053 521235946 112357 0 2936681 0 0 0
cpu0 115937 9541 199628 130565664 30361 0 698059 0 0 0
cpu1 452600 10665 767857 129434160 23160 0 825748 0 0 0
cpu2 136822 2862 229705 130624583 30531 0 719840 0 0 0
cpu3 132218 13816 207862 130611538 28305 0 693032 0 0 0
intr 12025660004 0 0 2618071 81 0 735611 34008119 0 0 0 9315785 0 0 0 0 0 0 0 0 0 0 0 0 0 0 0 0 0 0 0 0 0 0 0 0 0 0 0 0 0 0 0 0 0 0 0 0 0 0 0 0 2467693577 0 0 0 0 0 0 0 0 826449 0 434149 0 0 0 0 0 0 0 0 0 0 0 719442523 1 0 0 0 0 0 0 0 0 0 0 0 0 0 0 0 0 0 0 0 0 0 0 426384 4219 0 0 0 0 18359387 0 0 0 0 0 0 0 0 0 0 0 0 0 0 0 0 0 0 0 0 0 0 0 0 0 0 0 0 0 0 0 0 0 0 0 0 0 0 0 0 0 0 0 0 0 0 0 0 0 0 0 0 0 0 0 0 0 0 0 0 0 0 0 0 0 0 0 0 0 0 0 0 0 0 0 181861057 0 0 0
ctxt 386493164
btime 1669654930
processes 553130
procs_running 1
procs_blocked 0
softirq 971374663 676987987 31539707 739311 75803307 434078 0 119469829 41416017 588 24983839

cpu  837577 36885 1405054 521236143 112357 0 2936681 0 0 0
cpu0 115937 9541 199628 130565713 30361 0 698059 0 0 0
cpu1 452600 10665 767857 129434209 23160 0 825748 0 0 0
cpu2 136822 2862 229705 130624633 30531 0 719840 0 0 0
cpu3 132218 13816 207862 130611587 28305 0 693032 0 0 0
intr 12025664253 0 0 2618072 81 0 735611 34008146 0 0 0 9315788 0 0 0 0 0 0 0 0 0 0 0 0 0 0 0 0 0 0 0 0 0 0 0 0 0 0 0 0 0 0 0 0 0 0 0 0 0 0 0 0 2467697595 0 0 0 0 0 0 0 0 826450 0 434149 0 0 0 0 0 0 0 0 0 0 0 719442675 1 0 0 0 0 0 0 0 0 0 0 0 0 0 0 0 0 0 0 0 0 0 0 426384 4219 0 0 0 0 18359402 0 0 0 0 0 0 0 0 0 0 0 0 0 0 0 0 0 0 0 0 0 0 0 0 0 0 0 0 0 0 0 0 0 0 0 0 0 0 0 0 0 0 0 0 0 0 0 0 0 0 0 0 0 0 0 0 0 0 0 0 0 0 0 0 0 0 0 0 0 0 0 0 0 0 0 181861089 0 0 0
ctxt 386493265
btime 1669654930
processes 553130
procs_running 1
procs_blocked 0
softirq 971374725 676987995 31539721 739311 75803308 434078 0 119469843 41416033 588 24983848

cpu  837577 36885 1405054 521236340 112357 0 2936681 0 0 0
cpu0 115937 9541 199629 130565762 30361 0 698059 0 0 0
cpu1 452600 10665 767857 129434258 23160 0 825748 0 0 0
cpu2 136822 2862 229705 130624682 30531 0 719840 0 0 0
cpu3 132218 13816 207862 130611636 28305 0 693032 0 0 0
intr 12025668457 0 0 2618072 81 0 735611 34008165 0 0 0 9315792 0 0 0 0 0 0 0 0 0 0 0 0 0 0 0 0 0 0 0 0 0 0 0 0 0 0 0 0 0 0 0 0 0 0 0 0 0 0 0 0 2467701599 0 0 0 0 0 0 0 0 826451 0 434149 0 0 0 0 0 0 0 0 0 0 0 719442805 1 0 0 0 0 0 0 0 0 0 0 0 0 0 0 0 0 0 0 0 0 0 0 426384 4219 0 0 0 0 18359417 0 0 0 0 0 0 0 0 0 0 0 0 0 0 0 0 0 0 0 0 0 0 0 0 0 0 0 0 0 0 0 0 0 0 0 0 0 0 0 0 0 0 0 0 0 0 0 0 0 0 0 0 0 0 0 0 0 0 0 0 0 0 0 0 0 0 0 0 0 0 0 0 0 0 0 181861120 0 0 0
ctxt 386493343
btime 1669654930
processes 553130
procs_running 1
procs_blocked 0
softirq 971374785 676987995 31539736 739311 75803309 434078 0 119469857 41416052 588 24983859

cpu  837577 36885 1405054 521236537 112357 0 2936681 0 0 0
cpu0 115937 9541 199629 130565812 30361 0 698059 0 0 0
cpu1 452600 10665 767857 129434308 23160 0 825748 0 0 0
cpu2 136822 2862 229705 130624731 30531 0 719840 0 0 0
cpu3 132218 13816 207862 130611685 28305 0 693032 0 0 0
intr 12025672702 0 0 2618072 81 0 735611 34008187 0 0 0 9315796 0 0 0 0 0 0 0 0 0 0 0 0 0 0 0 0 0 0 0 0 0 0 0 0 0 0 0 0 0 0 0 0 0 0 0 0 0 0 0 0 2467705619 0 0 0 0 0 0 0 0 826452 0 434149 0 0 0 0 0 0 0 0 0 0 0 719442957 1 0 0 0 0 0 0 0 0 0 0 0 0 0 0 0 0 0 0 0 0 0 0 426384 4219 0 0 0 0 18359432 0 0 0 0 0 0 0 0 0 0 0 0 0 0 0 0 0 0 0 0 0 0 0 0 0 0 0 0 0 0 0 0 0 0 0 0 0 0 0 0 0 0 0 0 0 0 0 0 0 0 0 0 0 0 0 0 0 0 0 0 0 0 0 0 0 0 0 0 0 0 0 0 0 0 0 181861151 0 0 0
ctxt 386493440
btime 1669654930
processes 553130
procs_running 1
procs_blocked 0
softirq 971374853 676988003 31539751 739311 75803310 434078 0 119469871 41416071 588 24983870

cpu  837578 36885 1405055 521236734 112357 0 2936681 0 0 0
cpu0 115937 9541 199629 130565861 30361 0 698059 0 0 0
cpu1 452600 10665 767858 129434357 23160 0 825748 0 0 0
cpu2 136822 2862 229705 130624781 30531 0 719840 0 0 0
cpu3 132218 13816 207862 130611734 28305 0 693032 0 0 0
intr 12025676917 0 0 2618072 81 0 735611 34008214 0 0 0 9315800 0 0 0 0 0 0 0 0 0 0 0 0 0 0 0 0 0 0 0 0 0 0 0 0 0 0 0 0 0 0 0 0 0 0 0 0 0 0 0 0 2467709615 0 0 0 0 0 0 0 0 826454 0 434149 0 0 0 0 0 0 0 0 0 0 0 719443085 1 0 0 0 0 0 0 0 0 0 0 0 0 0 0 0 0 0 0 0 0 0 0 426384 4219 0 0 0 0 18359459 0 0 0 0 0 0 0 0 0 0 0 0 0 0 0 0 0 0 0 0 0 0 0 0 0 0 0 0 0 0 0 0 0 0 0 0 0 0 0 0 0 0 0 0 0 0 0 0 0 0 0 0 0 0 0 0 0 0 0 0 0 0 0 0 0 0 0 0 0 0 0 0 0 0 0 181861181 0 0 0
ctxt 386493545
btime 1669654930
processes 553130
procs_running 1
procs_blocked 0
softirq 971374923 676988003 31539767 739311 75803312 434078 0 119469894 41416091 588 24983879

cpu  837578 36885 1405056 521236931 112357 0 2936681 0 0 0
cpu0 115937 9541 199629 130565910 30361 0 698059 0 0 0
cpu1 452600 10665 767858 129434406 23160 0 825748 0 0 0
cpu2 136822 2862 229705 130624830 30531 0 719840 0 0 0
cpu3 132218 13816 207863 130611783 28305 0 693032 0 0 0
intr 12025681170 0 0 2618073 81 0 735611 34008239 0 0 0 9315804 0 0 0 0 0 0 0 0 0 0 0 0 0 0 0 0 0 0 0 0 0 0 0 0 0 0 0 0 0 0 0 0 0 0 0 0 0 0 0 0 2467713642 0 0 0 0 0 0 0 0 826455 0 434149 0 0 0 0 0 0 0 0 0 0 0 719443239 1 0 0 0 0 0 0 0 0 0 0 0 0 0 0 0 0 0 0 0 0 0 0 426384 4219 0 0 0 0 18359474 0 0 0 0 0 0 0 0 0 0 0 0 0 0 0 0 0 0 0 0 0 0 0 0 0 0 0 0 0 0 0 0 0 0 0 0 0 0 0 0 0 0 0 0 0 0 0 0 0 0 0 0 0 0 0 0 0 0 0 0 0 0 0 0 0 0 0 0 0 0 0 0 0 0 0 181861207 0 0 0
ctxt 386493633
btime 1669654930
processes 553130
procs_running 1
procs_blocked 0
softirq 971374985 676988011 31539781 739311 75803313 434078 0 119469907 41416108 588 24983888

cpu  837578 36885 1405056 521237128 112357 0 2936681 0 0 0
cpu0 115937 9541 199629 130565960 30361 0 698059 0 0 0
cpu1 452600 10665 767858 129434455 23160 0 825748 0 0 0
cpu2 136822 2862 229705 130624880 30531 0 719840 0 0 0
cpu3 132218 13816 207863 130611832 28305 0 693032 0 0 0
intr 12025685367 0 0 2618073 81 0 735611 34008259 0 0 0 9315808 0 0 0 0 0 0 0 0 0 0 0 0 0 0 0 0 0 0 0 0 0 0 0 0 0 0 0 0 0 0 0 0 0 0 0 0 0 0 0 0 2467717640 0 0 0 0 0 0 0 0 826456 0 434149 0 0 0 0 0 0 0 0 0 0 0 719443367 1 0 0 0 0 0 0 0 0 0 0 0 0 0 0 0 0 0 0 0 0 0 0 426384 4219 0 0 0 0 18359489 0 0 0 0 0 0 0 0 0 0 0 0 0 0 0 0 0 0 0 0 0 0 0 0 0 0 0 0 0 0 0 0 0 0 0 0 0 0 0 0 0 0 0 0 0 0 0 0 0 0 0 0 0 0 0 0 0 0 0 0 0 0 0 0 0 0 0 0 0 0 0 0 0 0 0 181861239 0 0 0
ctxt 386493718
btime 1669654930
processes 553130
procs_running 1
procs_blocked 0
softirq 971375046 676988011 31539795 739311 75803314 434078 0 119469921 41416127 588 24983901

cpu  837578 36885 1405057 521237325 112357 0 2936682 0 0 0
cpu0 115937 9541 199630 130566009 30361 0 698059 0 0 0
cpu1 452600 10665 767858 129434505 23160 0 825748 0 0 0
cpu2 136822 2862 229705 130624929 30531 0 719840 0 0 0
cpu3 132218 13816 207863 130611881 28305 0 693032 0 0 0
intr 12025689621 0 0 2618073 81 0 735611 34008283 0 0 0 9315811 0 0 0 0 0 0 0 0 0 0 0 0 0 0 0 0 0 0 0 0 0 0 0 0 0 0 0 0 0 0 0 0 0 0 0 0 0 0 0 0 2467721667 0 0 0 0 0 0 0 0 826457 0 434149 0 0 0 0 0 0 0 0 0 0 0 719443521 1 0 0 0 0 0 0 0 0 0 0 0 0 0 0 0 0 0 0 0 0 0 0 426384 4219 0 0 0 0 18359504 0 0 0 0 0 0 0 0 0 0 0 0 0 0 0 0 0 0 0 0 0 0 0 0 0 0 0 0 0 0 0 0 0 0 0 0 0 0 0 0 0 0 0 0 0 0 0 0 0 0 0 0 0 0 0 0 0 0 0 0 0 0 0 0 0 0 0 0 0 0 0 0 0 0 0 181861269 0 0 0
ctxt 386493809
btime 1669654930
processes 553130
procs_running 1
procs_blocked 0
softirq 971375116 676988019 31539811 739311 75803315 434078 0 119469935 41416147 588 24983912

cpu  837578 36885 1405057 521237522 112357 0 2936682 0 0 0
cpu0 115937 9541 199630 130566058 30361 0 698059 0 0 0
cpu1 452600 10665 767858 129434554 23160 0 825748 0 0 0
cpu2 136822 2862 229705 130624978 30531 0 719840 0 0 0
cpu3 132218 13816 207863 130611930 28305 0 693032 0 0 0
intr 12025693827 0 0 2618073 81 0 735611 34008310 0 0 0 9315815 0 0 0 0 0 0 0 0 0 0 0 0 0 0 0 0 0 0 0 0 0 0 0 0 0 0 0 0 0 0 0 0 0 0 0 0 0 0 0 0 2467725664 0 0 0 0 0 0 0 0 826458 0 434149 0 0 0 0 0 0 0 0 0 0 0 719443647 1 0 0 0 0 0 0 0 0 0 0 0 0 0 0 0 0 0 0 0 0 0 0 426384 4219 0 0 0 0 18359529 0 0 0 0 0 0 0 0 0 0 0 0 0 0 0 0 0 0 0 0 0 0 0 0 0 0 0 0 0 0 0 0 0 0 0 0 0 0 0 0 0 0 0 0 0 0 0 0 0 0 0 0 0 0 0 0 0 0 0 0 0 0 0 0 0 0 0 0 0 0 0 0 0 0 0 181861295 0 0 0
ctxt 386493917
btime 1669654930
processes 553130
procs_running 1
procs_blocked 0
softirq 971375181 676988019 31539825 739312 75803317 434078 0 119469956 41416164 588 24983922

cpu  837578 36885 1405057 521237719 112357 0 2936682 0 0 0
cpu0 115937 9541 199630 130566108 30361 0 698059 0 0 0
cpu1 452600 10665 767858 129434603 23160 0 825748 0 0 0
cpu2 136822 2862 229705 130625028 30531 0 719840 0 0 0
cpu3 132218 13816 207863 130611979 28305 0 693032 0 0 0
intr 12025698087 0 0 2618074 81 0 735611 34008334 0 0 0 9315819 0 0 0 0 0 0 0 0 0 0 0 0 0 0 0 0 0 0 0 0 0 0 0 0 0 0 0 0 0 0 0 0 0 0 0 0 0 0 0 0 2467729691 0 0 0 0 0 0 0 0 826459 0 434149 0 0 0 0 0 0 0 0 0 0 0 719443801 1 0 0 0 0 0 0 0 0 0 0 0 0 0 0 0 0 0 0 0 0 0 0 426384 4219 0 0 0 0 18359544 0 0 0 0 0 0 0 0 0 0 0 0 0 0 0 0 0 0 0 0 0 0 0 0 0 0 0 0 0 0 0 0 0 0 0 0 0 0 0 0 0 0 0 0 0 0 0 0 0 0 0 0 0 0 0 0 0 0 0 0 0 0 0 0 0 0 0 0 0 0 0 0 0 0 0 181861328 0 0 0
ctxt 386494018
btime 1669654930
processes 553130
procs_running 1
procs_blocked 0
softirq 971375246 676988027 31539840 739312 75803318 434078 0 119469969 41416182 588 24983932

cpu  837578 36885 1405058 521237916 112357 0 2936682 0 0 0
cpu0 115937 9541 199630 130566157 30361 0 698059 0 0 0
cpu1 452600 10665 767858 129434652 23160 0 825748 0 0 0
cpu2 136822 2862 229705 130625077 30531 0 719840 0 0 0
cpu3 132218 13816 207863 130612028 28305 0 693032 0 0 0
intr 12025702290 0 0 2618074 81 0 735611 34008354 0 0 0 9315823 0 0 0 0 0 0 0 0 0 0 0 0 0 0 0 0 0 0 0 0 0 0 0 0 0 0 0 0 0 0 0 0 0 0 0 0 0 0 0 0 2467733688 0 0 0 0 0 0 0 0 826460 0 434149 0 0 0 0 0 0 0 0 0 0 0 719443929 1 0 0 0 0 0 0 0 0 0 0 0 0 0 0 0 0 0 0 0 0 0 0 426384 4219 0 0 0 0 18359563 0 0 0 0 0 0 0 0 0 0 0 0 0 0 0 0 0 0 0 0 0 0 0 0 0 0 0 0 0 0 0 0 0 0 0 0 0 0 0 0 0 0 0 0 0 0 0 0 0 0 0 0 0 0 0 0 0 0 0 0 0 0 0 0 0 0 0 0 0 0 0 0 0 0 0 181861363 0 0 0
ctxt 386494116
btime 1669654930
processes 553130
procs_running 1
procs_blocked 0
softirq 971375311 676988027 31539857 739312 75803319 434078 0 119469985 41416202 588 24983943

cpu  837578 36885 1405058 521238113 112357 0 2936682 0 0 0
cpu0 115937 9541 199630 130566206 30361 0 698059 0 0 0
cpu1 452600 10665 767858 129434702 23160 0 825748 0 0 0
cpu2 136822 2862 229705 130625126 30531 0 719840 0 0 0
cpu3 132218 13816 207863 130612077 28305 0 693032 0 0 0
intr 12025706554 0 0 2618074 81 0 735611 34008384 0 0 0 9315827 0 0 0 0 0 0 0 0 0 0 0 0 0 0 0 0 0 0 0 0 0 0 0 0 0 0 0 0 0 0 0 0 0 0 0 0 0 0 0 0 2467737715 0 0 0 0 0 0 0 0 826461 0 434149 0 0 0 0 0 0 0 0 0 0 0 719444083 1 0 0 0 0 0 0 0 0 0 0 0 0 0 0 0 0 0 0 0 0 0 0 426384 4219 0 0 0 0 18359578 0 0 0 0 0 0 0 0 0 0 0 0 0 0 0 0 0 0 0 0 0 0 0 0 0 0 0 0 0 0 0 0 0 0 0 0 0 0 0 0 0 0 0 0 0 0 0 0 0 0 0 0 0 0 0 0 0 0 0 0 0 0 0 0 0 0 0 0 0 0 0 0 0 0 0 181861396 0 0 0
ctxt 386494219
btime 1669654930
processes 553130
procs_running 1
procs_blocked 0
softirq 971375381 676988035 31539872 739312 75803320 434078 0 119469998 41416222 588 24983956

cpu  837578 36885 1405058 521238309 112357 0 2936682 0 0 0
cpu0 115938 9541 199630 130566256 30361 0 698059 0 0 0
cpu1 452600 10665 767858 129434751 23160 0 825748 0 0 0
cpu2 136822 2862 229705 130625176 30531 0 719840 0 0 0
cpu3 132218 13816 207863 130612126 28305 0 693032 0 0 0
intr 12025710761 0 0 2618074 81 0 735611 34008406 0 0 0 9315831 0 0 0 0 0 0 0 0 0 0 0 0 0 0 0 0 0 0 0 0 0 0 0 0 0 0 0 0 0 0 0 0 0 0 0 0 0 0 0 0 2467741712 0 0 0 0 0 0 0 0 826462 0 434149 0 0 0 0 0 0 0 0 0 0 0 719444212 1 0 0 0 0 0 0 0 0 0 0 0 0 0 0 0 0 0 0 0 0 0 0 426384 4219 0 0 0 0 18359593 0 0 0 0 0 0 0 0 0 0 0 0 0 0 0 0 0 0 0 0 0 0 0 0 0 0 0 0 0 0 0 0 0 0 0 0 0 0 0 0 0 0 0 0 0 0 0 0 0 0 0 0 0 0 0 0 0 0 0 0 0 0 0 0 0 0 0 0 0 0 0 0 0 0 0 181861436 0 0 0
ctxt 386494321
btime 1669654930
processes 553130
procs_running 1
procs_blocked 0
softirq 971375454 676988035 31539888 739312 75803321 434078 0 119470012 41416245 588 24983975

cpu  837578 36885 1405058 521238494 112357 0 2936692 0 0 0
cpu0 115938 9541 199630 130566302 30361 0 698062 0 0 0
cpu1 452600 10665 767858 129434798 23160 0 825751 0 0 0
cpu2 136822 2862 229705 130625220 30531 0 719845 0 0 0
cpu3 132218 13816 207863 130612172 28305 0 693034 0 0 0
intr 12025716475 0 0 2618079 81 0 735611 34008440 0 0 0 9315836 0 0 0 0 0 0 0 0 0 0 0 0 0 0 0 0 0 0 0 0 0 0 0 0 0 0 0 0 0 0 0 0 0 0 0 0 0 0 0 0 2467746350 0 0 0 0 0 0 0 0 826463 0 434149 0 0 0 0 0 0 0 0 0 0 0 719445021 1 0 0 0 0 0 0 0 0 0 0 0 0 0 0 0 0 0 0 0 0 0 0 426384 4219 0 0 0 0 18359608 0 0 0 0 0 0 0 0 0 0 0 0 0 0 0 0 0 0 0 0 0 0 0 0 0 0 0 0 0 0 0 0 0 0 0 0 0 0 0 0 0 0 0 0 0 0 0 0 0 0 0 0 0 0 0 0 0 0 0 0 0 0 0 0 0 0 0 0 0 0 0 0 0 0 0 181861641 0 0 0
ctxt 386494568
btime 1669654930
processes 553130
procs_running 1
procs_blocked 0
softirq 971377715 676989422 31539929 739312 75803492 434078 0 119470371 41416349 588 24984174

cpu  837578 36885 1405058 521238668 112357 0 2936716 0 0 0
cpu0 115938 9541 199630 130566346 30361 0 698068 0 0 0
cpu1 452600 10665 767858 129434842 23160 0 825755 0 0 0
cpu2 136822 2862 229705 130625264 30531 0 719852 0 0 0
cpu3 132218 13816 207864 130612215 28305 0 693039 0 0 0
intr 12025723615 0 0 2618079 81 0 735611 34008473 0 0 0 9315841 0 0 0 0 0 0 0 0 0 0 0 0 0 0 0 0 0 0 0 0 0 0 0 0 0 0 0 0 0 0 0 0 0 0 0 0 0 0 0 0 2467751521 0 0 0 0 0 0 0 0 826464 0 434149 0 0 0 0 0 0 0 0 0 0 0 719446433 1 0 0 0 0 0 0 0 0 0 0 0 0 0 0 0 0 0 0 0 0 0 0 426384 4219 0 0 0 0 18359623 0 0 0 0 0 0 0 0 0 0 0 0 0 0 0 0 0 0 0 0 0 0 0 0 0 0 0 0 0 0 0 0 0 0 0 0 0 0 0 0 0 0 0 0 0 0 0 0 0 0 0 0 0 0 0 0 0 0 0 0 0 0 0 0 0 0 0 0 0 0 0 0 0 0 0 181862146 0 0 0
ctxt 386494989
btime 1669654930
processes 553130
procs_running 1
procs_blocked 0
softirq 971381957 676991487 31540008 739312 75803887 434078 0 119471484 41416599 588 24984514

cpu  837578 36885 1405059 521238842 112357 0 2936734 0 0 0
cpu0 115938 9541 199630 130566389 30361 0 698073 0 0 0
cpu1 452600 10665 767858 129434886 23160 0 825759 0 0 0
cpu2 136822 2862 229705 130625307 30531 0 719856 0 0 0
cpu3 132218 13816 207864 130612258 28305 0 693044 0 0 0
intr 12025730780 0 0 2618079 81 0 735611 34008505 0 0 0 9315846 0 0 0 0 0 0 0 0 0 0 0 0 0 0 0 0 0 0 0 0 0 0 0 0 0 0 0 0 0 0 0 0 0 0 0 0 0 0 0 0 2467756720 0 0 0 0 0 0 0 0 826465 0 434149 0 0 0 0 0 0 0 0 0 0 0 719447855 1 0 0 0 0 0 0 0 0 0 0 0 0 0 0 0 0 0 0 0 0 0 0 426384 4219 0 0 0 0 18359638 0 0 0 0 0 0 0 0 0 0 0 0 0 0 0 0 0 0 0 0 0 0 0 0 0 0 0 0 0 0 0 0 0 0 0 0 0 0 0 0 0 0 0 0 0 0 0 0 0 0 0 0 0 0 0 0 0 0 0 0 0 0 0 0 0 0 0 0 0 0 0 0 0 0 0 181862652 0 0 0
ctxt 386495428
btime 1669654930
processes 553130
procs_running 2
procs_blocked 0
softirq 971386296 676993726 31540086 739312 75804273 434078 0 119472544 41416848 588 24984841

cpu  837579 36885 1405059 521239016 112357 0 2936755 0 0 0
cpu0 115938 9541 199630 130566433 30361 0 698079 0 0 0
cpu1 452600 10665 767858 129434930 23160 0 825764 0 0 0
cpu2 136822 2862 229705 130625351 30531 0 719862 0 0 0
cpu3 132219 13816 207864 130612301 28305 0 693048 0 0 0
intr 12025737897 0 0 2618079 81 0 735611 34008531 0 0 0 9315851 0 0 0 0 0 0 0 0 0 0 0 0 0 0 0 0 0 0 0 0 0 0 0 0 0 0 0 0 0 0 0 0 0 0 0 0 0 0 0 0 2467761878 0 0 0 0 0 0 0 0 826466 0 434149 0 0 0 0 0 0 0 0 0 0 0 719449266 1 0 0 0 0 0 0 0 0 0 0 0 0 0 0 0 0 0 0 0 0 0 0 426384 4219 0 0 0 0 18359653 0 0 0 0 0 0 0 0 0 0 0 0 0 0 0 0 0 0 0 0 0 0 0 0 0 0 0 0 0 0 0 0 0 0 0 0 0 0 0 0 0 0 0 0 0 0 0 0 0 0 0 0 0 0 0 0 0 0 0 0 0 0 0 0 0 0 0 0 0 0 0 0 0 0 0 181863148 0 0 0
ctxt 386495841
btime 1669654930
processes 553130
procs_running 1
procs_blocked 0
softirq 971390566 676995874 31540171 739312 75804654 434078 0 119473639 41417097 588 24985153

cpu  837579 36885 1405060 521239189 112357 0 2936777 0 0 0
cpu0 115938 9541 199631 130566476 30361 0 698085 0 0 0
cpu1 452600 10665 767858 129434972 23160 0 825770 0 0 0
cpu2 136822 2862 229705 130625395 30531 0 719869 0 0 0
cpu3 132219 13816 207864 130612345 28305 0 693052 0 0 0
intr 12025745094 0 0 2618080 81 0 735611 34008565 0 0 0 9315856 0 0 0 0 0 0 0 0 0 0 0 0 0 0 0 0 0 0 0 0 0 0 0 0 0 0 0 0 0 0 0 0 0 0 0 0 0 0 0 0 2467767065 0 0 0 0 0 0 0 0 826467 0 434149 0 0 0 0 0 0 0 0 0 0 0 719450689 1 0 0 0 0 0 0 0 0 0 0 0 0 0 0 0 0 0 0 0 0 0 0 426384 4219 0 0 0 0 18359685 0 0 0 0 0 0 0 0 0 0 0 0 0 0 0 0 0 0 0 0 0 0 0 0 0 0 0 0 0 0 0 0 0 0 0 0 0 0 0 0 0 0 0 0 0 0 0 0 0 0 0 0 0 0 0 0 0 0 0 0 0 0 0 0 0 0 0 0 0 0 0 0 0 0 0 181863650 0 0 0
ctxt 386496321
btime 1669654930
processes 553130
procs_running 1
procs_blocked 0
softirq 971394896 676998011 31540254 739312 75805048 434078 0 119474766 41417349 588 24985490

cpu  837579 36885 1405060 521239363 112357 0 2936800 0 0 0
cpu0 115938 9541 199631 130566519 30361 0 698092 0 0 0
cpu1 452600 10665 767858 129435016 23160 0 825775 0 0 0
cpu2 136822 2862 229705 130625438 30531 0 719873 0 0 0
cpu3 132219 13816 207864 130612388 28305 0 693058 0 0 0
intr 12025752277 0 0 2618080 81 0 735611 34008607 0 0 0 9315861 0 0 0 0 0 0 0 0 0 0 0 0 0 0 0 0 0 0 0 0 0 0 0 0 0 0 0 0 0 0 0 0 0 0 0 0 0 0 0 0 2467772253 0 0 0 0 0 0 0 0 826468 0 434149 0 0 0 0 0 0 0 0 0 0 0 719452102 1 0 0 0 0 0 0 0 0 0 0 0 0 0 0 0 0 0 0 0 0 0 0 426384 4219 0 0 0 0 18359717 0 0 0 0 0 0 0 0 0 0 0 0 0 0 0 0 0 0 0 0 0 0 0 0 0 0 0 0 0 0 0 0 0 0 0 0 0 0 0 0 0 0 0 0 0 0 0 0 0 0 0 0 0 0 0 0 0 0 0 0 0 0 0 0 0 0 0 0 0 0 0 0 0 0 0 181864153 0 0 0
ctxt 386496779
btime 1669654930
processes 553130
procs_running 1
procs_blocked 0
softirq 971399150 677000060 31540337 739312 75805448 434078 0 119475932 41417600 588 24985795

cpu  837579 36885 1405061 521239536 112357 0 2936819 0 0 0
cpu0 115938 9541 199631 130566563 30361 0 698096 0 0 0
cpu1 452600 10665 767859 129435058 23160 0 825782 0 0 0
cpu2 136822 2862 229706 130625482 30531 0 719877 0 0 0
cpu3 132219 13816 207864 130612432 28305 0 693063 0 0 0
intr 12025759470 0 0 2618080 81 0 735611 34008646 0 0 0 9315866 0 0 0 0 0 0 0 0 0 0 0 0 0 0 0 0 0 0 0 0 0 0 0 0 0 0 0 0 0 0 0 0 0 0 0 0 0 0 0 0 2467777448 0 0 0 0 0 0 0 0 826469 0 434149 0 0 0 0 0 0 0 0 0 0 0 719453531 1 0 0 0 0 0 0 0 0 0 0 0 0 0 0 0 0 0 0 0 0 0 0 426384 4219 0 0 0 0 18359749 0 0 0 0 0 0 0 0 0 0 0 0 0 0 0 0 0 0 0 0 0 0 0 0 0 0 0 0 0 0 0 0 0 0 0 0 0 0 0 0 0 0 0 0 0 0 0 0 0 0 0 0 0 0 0 0 0 0 0 0 0 0 0 0 0 0 0 0 0 0 0 0 0 0 0 181864658 0 0 0
ctxt 386497272
btime 1669654930
processes 553130
procs_running 2
procs_blocked 0
softirq 971403497 677002263 31540422 739313 75805836 434078 0 119476996 41417852 588 24986149

cpu  837579 36885 1405062 521239710 112357 0 2936837 0 0 0
cpu0 115938 9541 199631 130566606 30361 0 698101 0 0 0
cpu1 452600 10665 767859 129435101 23160 0 825786 0 0 0
cpu2 136822 2862 229706 130625526 30531 0 719882 0 0 0
cpu3 132219 13816 207865 130612476 28305 0 693067 0 0 0
intr 12025766606 0 0 2618080 81 0 735611 34008679 0 0 0 9315870 0 0 0 0 0 0 0 0 0 0 0 0 0 0 0 0 0 0 0 0 0 0 0 0 0 0 0 0 0 0 0 0 0 0 0 0 0 0 0 0 2467782613 0 0 0 0 0 0 0 0 826470 0 434149 0 0 0 0 0 0 0 0 0 0 0 719454932 1 0 0 0 0 0 0 0 0 0 0 0 0 0 0 0 0 0 0 0 0 0 0 426384 4219 0 0 0 0 18359764 0 0 0 0 0 0 0 0 0 0 0 0 0 0 0 0 0 0 0 0 0 0 0 0 0 0 0 0 0 0 0 0 0 0 0 0 0 0 0 0 0 0 0 0 0 0 0 0 0 0 0 0 0 0 0 0 0 0 0 0 0 0 0 0 0 0 0 0 0 0 0 0 0 0 0 181865161 0 0 0
ctxt 386497693
btime 1669654930
processes 553130
procs_running 1
procs_blocked 0
softirq 971407793 677004342 31540508 739313 75806223 434078 0 119478148 41418101 588 24986492

cpu  837579 36885 1405062 521239884 112357 0 2936857 0 0 0
cpu0 115938 9541 199631 130566650 30361 0 698106 0 0 0
cpu1 452600 10665 767859 129435146 23160 0 825790 0 0 0
cpu2 136822 2862 229706 130625568 30531 0 719887 0 0 0
cpu3 132219 13816 207866 130612519 28305 0 693072 0 0 0
intr 12025773810 0 0 2618085 81 0 735611 34008715 0 0 0 9315875 0 0 0 0 0 0 0 0 0 0 0 0 0 0 0 0 0 0 0 0 0 0 0 0 0 0 0 0 0 0 0 0 0 0 0 0 0 0 0 0 2467787811 0 0 0 0 0 0 0 0 826471 0 434149 0 0 0 0 0 0 0 0 0 0 0 719456363 1 0 0 0 0 0 0 0 0 0 0 0 0 0 0 0 0 0 0 0 0 0 0 426384 4219 0 0 0 0 18359779 0 0 0 0 0 0 0 0 0 0 0 0 0 0 0 0 0 0 0 0 0 0 0 0 0 0 0 0 0 0 0 0 0 0 0 0 0 0 0 0 0 0 0 0 0 0 0 0 0 0 0 0 0 0 0 0 0 0 0 0 0 0 0 0 0 0 0 0 0 0 0 0 0 0 0 181865674 0 0 0
ctxt 386498115
btime 1669654930
processes 553130
procs_running 1
procs_blocked 0
softirq 971411944 677006362 31540587 739313 75806616 434078 0 119479230 41418353 588 24986817

cpu  837579 36885 1405062 521240058 112357 0 2936876 0 0 0
cpu0 115938 9541 199631 130566693 30361 0 698110 0 0 0
cpu1 452600 10665 767859 129435189 23160 0 825798 0 0 0
cpu2 136822 2862 229706 130625612 30531 0 719890 0 0 0
cpu3 132219 13816 207866 130612562 28305 0 693078 0 0 0
intr 12025780956 0 0 2618085 81 0 735611 34008749 0 0 0 9315880 0 0 0 0 0 0 0 0 0 0 0 0 0 0 0 0 0 0 0 0 0 0 0 0 0 0 0 0 0 0 0 0 0 0 0 0 0 0 0 0 2467792989 0 0 0 0 0 0 0 0 826472 0 434149 0 0 0 0 0 0 0 0 0 0 0 719457773 1 0 0 0 0 0 0 0 0 0 0 0 0 0 0 0 0 0 0 0 0 0 0 426384 4219 0 0 0 0 18359794 0 0 0 0 0 0 0 0 0 0 0 0 0 0 0 0 0 0 0 0 0 0 0 0 0 0 0 0 0 0 0 0 0 0 0 0 0 0 0 0 0 0 0 0 0 0 0 0 0 0 0 0 0 0 0 0 0 0 0 0 0 0 0 0 0 0 0 0 0 0 0 0 0 0 0 181866178 0 0 0
ctxt 386498541
btime 1669654930
processes 553130
procs_running 1
procs_blocked 0
softirq 971416199 677008416 31540665 739313 75807012 434078 0 119480383 41418601 588 24987143

cpu  837579 36885 1405063 521240232 112357 0 2936897 0 0 0
cpu0 115938 9541 199631 130566737 30361 0 698114 0 0 0
cpu1 452600 10665 767860 129435232 23160 0 825802 0 0 0
cpu2 136822 2862 229706 130625656 30531 0 719895 0 0 0
cpu3 132219 13816 207866 130612605 28305 0 693084 0 0 0
intr 12025788174 0 0 2618085 81 0 735611 34008792 0 0 0 9315885 0 0 0 0 0 0 0 0 0 0 0 0 0 0 0 0 0 0 0 0 0 0 0 0 0 0 0 0 0 0 0 0 0 0 0 0 0 0 0 0 2467798202 0 0 0 0 0 0 0 0 826473 0 434149 0 0 0 0 0 0 0 0 0 0 0 719459209 1 0 0 0 0 0 0 0 0 0 0 0 0 0 0 0 0 0 0 0 0 0 0 426384 4219 0 0 0 0 18359809 0 0 0 0 0 0 0 0 0 0 0 0 0 0 0 0 0 0 0 0 0 0 0 0 0 0 0 0 0 0 0 0 0 0 0 0 0 0 0 0 0 0 0 0 0 0 0 0 0 0 0 0 0 0 0 0 0 0 0 0 0 0 0 0 0 0 0 0 0 0 0 0 0 0 0 181866682 0 0 0
ctxt 386498996
btime 1669654930
processes 553130
procs_running 1
procs_blocked 0
softirq 971420472 677010514 31540741 739313 75807398 434078 0 119481497 41418850 588 24987493

cpu  837581 36885 1405068 521240399 112357 0 2936917 0 0 0
cpu0 115938 9541 199632 130566779 30361 0 698120 0 0 0
cpu1 452600 10665 767860 129435274 23160 0 825808 0 0 0
cpu2 136823 2862 229706 130625698 30531 0 719901 0 0 0
cpu3 132219 13816 207868 130612647 28305 0 693088 0 0 0
intr 12025795414 0 0 2618087 81 0 735627 34008874 0 0 0 9315890 0 0 0 0 0 0 0 0 0 0 0 0 0 0 0 0 0 0 0 0 0 0 0 0 0 0 0 0 0 0 0 0 0 0 0 0 0 0 0 0 2467803389 0 0 0 0 0 0 0 0 826474 0 434149 0 0 0 0 0 0 0 0 0 0 0 719460614 1 0 0 0 0 0 0 0 0 0 0 0 0 0 0 0 0 0 0 0 0 0 0 426384 4219 0 0 0 0 18359845 0 0 0 0 0 0 0 0 0 0 0 0 0 0 0 0 0 0 0 0 0 0 0 0 0 0 0 0 0 0 0 0 0 0 0 0 0 0 0 0 0 0 0 0 0 0 0 0 0 0 0 0 0 0 0 0 0 0 0 0 0 0 0 0 0 0 0 0 0 0 0 0 0 0 0 181867189 0 0 0
ctxt 386499579
btime 1669654930
processes 553141
procs_running 2
procs_blocked 0
softirq 971424778 677012777 31540826 739313 75807766 434078 0 119482438 41419114 588 24987878

cpu  837581 36885 1405069 521240572 112357 0 2936938 0 0 0
cpu0 115938 9541 199632 130566823 30361 0 698124 0 0 0
cpu1 452600 10665 767861 129435317 23160 0 825813 0 0 0
cpu2 136823 2862 229706 130625741 30531 0 719907 0 0 0
cpu3 132219 13816 207869 130612690 28305 0 693094 0 0 0
intr 12025802590 0 0 2618090 81 0 735627 34008912 0 0 0 9315895 0 0 0 0 0 0 0 0 0 0 0 0 0 0 0 0 0 0 0 0 0 0 0 0 0 0 0 0 0 0 0 0 0 0 0 0 0 0 0 0 2467808564 0 0 0 0 0 0 0 0 826475 0 434149 0 0 0 0 0 0 0 0 0 0 0 719462037 1 0 0 0 0 0 0 0 0 0 0 0 0 0 0 0 0 0 0 0 0 0 0 426384 4219 0 0 0 0 18359863 0 0 0 0 0 0 0 0 0 0 0 0 0 0 0 0 0 0 0 0 0 0 0 0 0 0 0 0 0 0 0 0 0 0 0 0 0 0 0 0 0 0 0 0 0 0 0 0 0 0 0 0 0 0 0 0 0 0 0 0 0 0 0 0 0 0 0 0 0 0 0 0 0 0 0 181867702 0 0 0
ctxt 386500056
btime 1669654930
processes 553141
procs_running 1
procs_blocked 0
softirq 971429158 677014901 31540913 739313 75808156 434078 0 119483630 41419366 588 24988213

cpu  837581 36885 1405070 521240746 112357 0 2936960 0 0 0
cpu0 115938 9541 199632 130566866 30361 0 698129 0 0 0
cpu1 452600 10665 767861 129435361 23160 0 825816 0 0 0
cpu2 136823 2862 229706 130625784 30531 0 719914 0 0 0
cpu3 132219 13816 207870 130612733 28305 0 693099 0 0 0
intr 12025809762 0 0 2618090 81 0 735627 34008948 0 0 0 9315900 0 0 0 0 0 0 0 0 0 0 0 0 0 0 0 0 0 0 0 0 0 0 0 0 0 0 0 0 0 0 0 0 0 0 0 0 0 0 0 0 2467813758 0 0 0 0 0 0 0 0 826476 0 434149 0 0 0 0 0 0 0 0 0 0 0 719463446 1 0 0 0 0 0 0 0 0 0 0 0 0 0 0 0 0 0 0 0 0 0 0 426384 4219 0 0 0 0 18359885 0 0 0 0 0 0 0 0 0 0 0 0 0 0 0 0 0 0 0 0 0 0 0 0 0 0 0 0 0 0 0 0 0 0 0 0 0 0 0 0 0 0 0 0 0 0 0 0 0 0 0 0 0 0 0 0 0 0 0 0 0 0 0 0 0 0 0 0 0 0 0 0 0 0 0 181868207 0 0 0
ctxt 386500481
btime 1669654930
processes 553141
procs_running 1
procs_blocked 0
softirq 971433386 677016991 31540995 739313 75808548 434078 0 119484760 41419612 588 24988501

cpu  837581 36885 1405070 521240920 112357 0 2936980 0 0 0
cpu0 115938 9541 199632 130566909 30361 0 698135 0 0 0
cpu1 452600 10665 767861 129435405 23160 0 825822 0 0 0
cpu2 136823 2862 229706 130625829 30531 0 719918 0 0 0
cpu3 132219 13816 207870 130612776 28305 0 693104 0 0 0
intr 12025816889 0 0 2618090 81 0 735627 34008972 0 0 0 9315905 0 0 0 0 0 0 0 0 0 0 0 0 0 0 0 0 0 0 0 0 0 0 0 0 0 0 0 0 0 0 0 0 0 0 0 0 0 0 0 0 2467818929 0 0 0 0 0 0 0 0 826477 0 434149 0 0 0 0 0 0 0 0 0 0 0 719464853 1 0 0 0 0 0 0 0 0 0 0 0 0 0 0 0 0 0 0 0 0 0 0 426384 4219 0 0 0 0 18359900 0 0 0 0 0 0 0 0 0 0 0 0 0 0 0 0 0 0 0 0 0 0 0 0 0 0 0 0 0 0 0 0 0 0 0 0 0 0 0 0 0 0 0 0 0 0 0 0 0 0 0 0 0 0 0 0 0 0 0 0 0 0 0 0 0 0 0 0 0 0 0 0 0 0 0 181868710 0 0 0
ctxt 386500902
btime 1669654930
processes 553141
procs_running 2
procs_blocked 0
softirq 971437534 677018968 31541076 739313 75808941 434078 0 119485882 41419862 588 24988826

cpu  837581 36885 1405071 521241094 112357 0 2937000 0 0 0
cpu0 115938 9541 199632 130566953 30361 0 698140 0 0 0
cpu1 452600 10665 767861 129435448 23160 0 825828 0 0 0
cpu2 136823 2862 229706 130625871 30531 0 719923 0 0 0
cpu3 132219 13816 207871 130612820 28305 0 693108 0 0 0
intr 12025824092 0 0 2618090 81 0 735627 34009020 0 0 0 9315910 0 0 0 0 0 0 0 0 0 0 0 0 0 0 0 0 0 0 0 0 0 0 0 0 0 0 0 0 0 0 0 0 0 0 0 0 0 0 0 0 2467824121 0 0 0 0 0 0 0 0 826478 0 434149 0 0 0 0 0 0 0 0 0 0 0 719466273 1 0 0 0 0 0 0 0 0 0 0 0 0 0 0 0 0 0 0 0 0 0 0 426384 4219 0 0 0 0 18359931 0 0 0 0 0 0 0 0 0 0 0 0 0 0 0 0 0 0 0 0 0 0 0 0 0 0 0 0 0 0 0 0 0 0 0 0 0 0 0 0 0 0 0 0 0 0 0 0 0 0 0 0 0 0 0 0 0 0 0 0 0 0 0 0 0 0 0 0 0 0 0 0 0 0 0 181869216 0 0 0
ctxt 386501371
btime 1669654930
processes 553141
procs_running 1
procs_blocked 0
softirq 971441679 677021001 31541158 739313 75809329 434078 0 119487006 41420110 588 24989096

cpu  837581 36885 1405071 521241268 112357 0 2937020 0 0 0
cpu0 115938 9541 199632 130566998 30361 0 698142 0 0 0
cpu1 452600 10665 767861 129435491 23160 0 825834 0 0 0
cpu2 136823 2862 229706 130625914 30531 0 719930 0 0 0
cpu3 132219 13816 207871 130612863 28305 0 693113 0 0 0
intr 12025831242 0 0 2618091 81 0 735627 34009047 0 0 0 9315915 0 0 0 0 0 0 0 0 0 0 0 0 0 0 0 0 0 0 0 0 0 0 0 0 0 0 0 0 0 0 0 0 0 0 0 0 0 0 0 0 2467829301 0 0 0 0 0 0 0 0 826479 0 434149 0 0 0 0 0 0 0 0 0 0 0 719467685 1 0 0 0 0 0 0 0 0 0 0 0 0 0 0 0 0 0 0 0 0 0 0 426384 4219 0 0 0 0 18359946 0 0 0 0 0 0 0 0 0 0 0 0 0 0 0 0 0 0 0 0 0 0 0 0 0 0 0 0 0 0 0 0 0 0 0 0 0 0 0 0 0 0 0 0 0 0 0 0 0 0 0 0 0 0 0 0 0 0 0 0 0 0 0 0 0 0 0 0 0 0 0 0 0 0 0 181869726 0 0 0
ctxt 386501793
btime 1669654930
processes 553141
procs_running 1
procs_blocked 0
softirq 971445852 677023102 31541239 739314 75809724 434078 0 119488051 41420361 588 24989395

cpu  837581 36885 1405072 521241441 112357 0 2937040 0 0 0
cpu0 115938 9541 199632 130567042 30361 0 698147 0 0 0
cpu1 452600 10665 767862 129435535 23160 0 825840 0 0 0
cpu2 136823 2862 229706 130625957 30531 0 719934 0 0 0
cpu3 132219 13816 207872 130612906 28305 0 693118 0 0 0
intr 12025838413 0 0 2618091 81 0 735627 34009081 0 0 0 9315920 0 0 0 0 0 0 0 0 0 0 0 0 0 0 0 0 0 0 0 0 0 0 0 0 0 0 0 0 0 0 0 0 0 0 0 0 0 0 0 0 2467834488 0 0 0 0 0 0 0 0 826480 0 434149 0 0 0 0 0 0 0 0 0 0 0 719469111 1 0 0 0 0 0 0 0 0 0 0 0 0 0 0 0 0 0 0 0 0 0 0 426384 4219 0 0 0 0 18359961 0 0 0 0 0 0 0 0 0 0 0 0 0 0 0 0 0 0 0 0 0 0 0 0 0 0 0 0 0 0 0 0 0 0 0 0 0 0 0 0 0 0 0 0 0 0 0 0 0 0 0 0 0 0 0 0 0 0 0 0 0 0 0 0 0 0 0 0 0 0 0 0 0 0 0 181870228 0 0 0
ctxt 386502239
btime 1669654930
processes 553141
procs_running 1
procs_blocked 0
softirq 971450063 677025178 31541319 739314 75810111 434078 0 119489141 41420587 588 24989747

cpu  837581 36885 1405072 521241615 112357 0 2937063 0 0 0
cpu0 115938 9541 199632 130567084 30361 0 698152 0 0 0
cpu1 452600 10665 767862 129435579 23160 0 825846 0 0 0
cpu2 136823 2862 229706 130626001 30531 0 719938 0 0 0
cpu3 132219 13816 207872 130612949 28305 0 693125 0 0 0
intr 12025845556 0 0 2618091 81 0 735627 34009113 0 0 0 9315925 0 0 0 0 0 0 0 0 0 0 0 0 0 0 0 0 0 0 0 0 0 0 0 0 0 0 0 0 0 0 0 0 0 0 0 0 0 0 0 0 2467839661 0 0 0 0 0 0 0 0 826481 0 434149 0 0 0 0 0 0 0 0 0 0 0 719470522 1 0 0 0 0 0 0 0 0 0 0 0 0 0 0 0 0 0 0 0 0 0 0 426384 4219 0 0 0 0 18359976 0 0 0 0 0 0 0 0 0 0 0 0 0 0 0 0 0 0 0 0 0 0 0 0 0 0 0 0 0 0 0 0 0 0 0 0 0 0 0 0 0 0 0 0 0 0 0 0 0 0 0 0 0 0 0 0 0 0 0 0 0 0 0 0 0 0 0 0 0 0 0 0 0 0 0 181870734 0 0 0
ctxt 386502688
btime 1669654930
processes 553141
procs_running 1
procs_blocked 0
softirq 971454359 677027331 31541399 739314 75810511 434078 0 119490194 41420832 588 24990112

cpu  837581 36885 1405072 521241789 112357 0 2937082 0 0 0
cpu0 115938 9541 199632 130567128 30361 0 698158 0 0 0
cpu1 452600 10665 767862 129435623 23160 0 825850 0 0 0
cpu2 136823 2862 229706 130626045 30531 0 719944 0 0 0
cpu3 132219 13816 207872 130612991 28305 0 693130 0 0 0
intr 12025852749 0 0 2618091 81 0 735627 34009149 0 0 0 9315930 0 0 0 0 0 0 0 0 0 0 0 0 0 0 0 0 0 0 0 0 0 0 0 0 0 0 0 0 0 0 0 0 0 0 0 0 0 0 0 0 2467844873 0 0 0 0 0 0 0 0 826482 0 434149 0 0 0 0 0 0 0 0 0 0 0 719471953 1 0 0 0 0 0 0 0 0 0 0 0 0 0 0 0 0 0 0 0 0 0 0 426384 4219 0 0 0 0 18359991 0 0 0 0 0 0 0 0 0 0 0 0 0 0 0 0 0 0 0 0 0 0 0 0 0 0 0 0 0 0 0 0 0 0 0 0 0 0 0 0 0 0 0 0 0 0 0 0 0 0 0 0 0 0 0 0 0 0 0 0 0 0 0 0 0 0 0 0 0 0 0 0 0 0 0 181871228 0 0 0
ctxt 386503117
btime 1669654930
processes 553141
procs_running 1
procs_blocked 0
softirq 971458575 677029388 31541479 739314 75810905 434078 0 119491306 41421077 588 24990440

cpu  837582 36885 1405073 521241963 112357 0 2937102 0 0 0
cpu0 115938 9541 199632 130567171 30361 0 698164 0 0 0
cpu1 452600 10665 767862 129435667 23160 0 825854 0 0 0
cpu2 136823 2862 229706 130626089 30531 0 719948 0 0 0
cpu3 132219 13816 207872 130613035 28305 0 693135 0 0 0
intr 12025859860 0 0 2618092 81 0 735627 34009176 0 0 0 9315935 0 0 0 0 0 0 0 0 0 0 0 0 0 0 0 0 0 0 0 0 0 0 0 0 0 0 0 0 0 0 0 0 0 0 0 0 0 0 0 0 2467850033 0 0 0 0 0 0 0 0 826483 0 434149 0 0 0 0 0 0 0 0 0 0 0 719473351 1 0 0 0 0 0 0 0 0 0 0 0 0 0 0 0 0 0 0 0 0 0 0 426384 4219 0 0 0 0 18360006 0 0 0 0 0 0 0 0 0 0 0 0 0 0 0 0 0 0 0 0 0 0 0 0 0 0 0 0 0 0 0 0 0 0 0 0 0 0 0 0 0 0 0 0 0 0 0 0 0 0 0 0 0 0 0 0 0 0 0 0 0 0 0 0 0 0 0 0 0 0 0 0 0 0 0 181871734 0 0 0
ctxt 386503510
btime 1669654930
processes 553141
procs_running 1
procs_blocked 0
softirq 971462657 677031289 31541558 739314 75811308 434078 0 119492439 41421300 588 24990783

cpu  837582 36885 1405073 521242137 112357 0 2937121 0 0 0
cpu0 115938 9541 199632 130567215 30361 0 698168 0 0 0
cpu1 452600 10665 767862 129435710 23160 0 825858 0 0 0
cpu2 136823 2862 229706 130626133 30531 0 719953 0 0 0
cpu3 132220 13816 207872 130613077 28305 0 693141 0 0 0
intr 12025867031 0 0 2618092 81 0 735627 34009210 0 0 0 9315940 0 0 0 0 0 0 0 0 0 0 0 0 0 0 0 0 0 0 0 0 0 0 0 0 0 0 0 0 0 0 0 0 0 0 0 0 0 0 0 0 2467855211 0 0 0 0 0 0 0 0 826484 0 434149 0 0 0 0 0 0 0 0 0 0 0 719474784 1 0 0 0 0 0 0 0 0 0 0 0 0 0 0 0 0 0 0 0 0 0 0 426384 4219 0 0 0 0 18360021 0 0 0 0 0 0 0 0 0 0 0 0 0 0 0 0 0 0 0 0 0 0 0 0 0 0 0 0 0 0 0 0 0 0 0 0 0 0 0 0 0 0 0 0 0 0 0 0 0 0 0 0 0 0 0 0 0 0 0 0 0 0 0 0 0 0 0 0 0 0 0 0 0 0 0 181872237 0 0 0
ctxt 386503922
btime 1669654930
processes 553141
procs_running 1
procs_blocked 0
softirq 971466853 677033338 31541634 739314 75811708 434078 0 119493578 41421552 588 24991063

cpu  837582 36885 1405074 521242325 112357 0 2937130 0 0 0
cpu0 115938 9541 199632 130567262 30361 0 698172 0 0 0
cpu1 452600 10665 767862 129435758 23160 0 825860 0 0 0
cpu2 136823 2862 229707 130626180 30531 0 719954 0 0 0
cpu3 132220 13816 207872 130613125 28305 0 693143 0 0 0
intr 12025872295 0 0 2618094 81 0 735627 34009233 0 0 0 9315944 0 0 0 0 0 0 0 0 0 0 0 0 0 0 0 0 0 0 0 0 0 0 0 0 0 0 0 0 0 0 0 0 0 0 0 0 0 0 0 0 2467859629 0 0 0 0 0 0 0 0 826485 0 434149 0 0 0 0 0 0 0 0 0 0 0 719475373 1 0 0 0 0 0 0 0 0 0 0 0 0 0 0 0 0 0 0 0 0 0 0 426384 4219 0 0 0 0 18360036 0 0 0 0 0 0 0 0 0 0 0 0 0 0 0 0 0 0 0 0 0 0 0 0 0 0 0 0 0 0 0 0 0 0 0 0 0 0 0 0 0 0 0 0 0 0 0 0 0 0 0 0 0 0 0 0 0 0 0 0 0 0 0 0 0 0 0 0 0 0 0 0 0 0 0 181872449 0 0 0
ctxt 386504131
btime 1669654930
processes 553141
procs_running 1
procs_blocked 0
softirq 971468430 677034120 31541672 739314 75811839 434078 0 119493942 41421657 588 24991220

cpu  837582 36885 1405075 521242522 112357 0 2937130 0 0 0
cpu0 115938 9541 199632 130567311 30361 0 698172 0 0 0
cpu1 452600 10665 767862 129435807 23160 0 825860 0 0 0
cpu2 136823 2862 229707 130626229 30531 0 719954 0 0 0
cpu3 132220 13816 207872 130613173 28305 0 693143 0 0 0
intr 12025876604 0 0 2618094 81 0 735627 34009281 0 0 0 9315948 0 0 0 0 0 0 0 0 0 0 0 0 0 0 0 0 0 0 0 0 0 0 0 0 0 0 0 0 0 0 0 0 0 0 0 0 0 0 0 0 2467863655 0 0 0 0 0 0 0 0 826486 0 434149 0 0 0 0 0 0 0 0 0 0 0 719475527 1 0 0 0 0 0 0 0 0 0 0 0 0 0 0 0 0 0 0 0 0 0 0 426384 4219 0 0 0 0 18360071 0 0 0 0 0 0 0 0 0 0 0 0 0 0 0 0 0 0 0 0 0 0 0 0 0 0 0 0 0 0 0 0 0 0 0 0 0 0 0 0 0 0 0 0 0 0 0 0 0 0 0 0 0 0 0 0 0 0 0 0 0 0 0 0 0 0 0 0 0 0 0 0 0 0 0 181872490 0 0 0
ctxt 386504291
btime 1669654930
processes 553141
procs_running 1
procs_blocked 0
softirq 971468526 677034128 31541690 739314 75811841 434078 0 119493972 41421682 588 24991233

cpu  837582 36885 1405076 521242719 112357 0 2937130 0 0 0
cpu0 115938 9541 199632 130567361 30361 0 698172 0 0 0
cpu1 452600 10665 767863 129435856 23160 0 825860 0 0 0
cpu2 136823 2862 229707 130626278 30531 0 719954 0 0 0
cpu3 132220 13816 207872 130613222 28305 0 693143 0 0 0
intr 12025880802 0 0 2618095 81 0 735627 34009304 0 0 0 9315952 0 0 0 0 0 0 0 0 0 0 0 0 0 0 0 0 0 0 0 0 0 0 0 0 0 0 0 0 0 0 0 0 0 0 0 0 0 0 0 0 2467867651 0 0 0 0 0 0 0 0 826487 0 434149 0 0 0 0 0 0 0 0 0 0 0 719475655 1 0 0 0 0 0 0 0 0 0 0 0 0 0 0 0 0 0 0 0 0 0 0 426384 4219 0 0 0 0 18360086 0 0 0 0 0 0 0 0 0 0 0 0 0 0 0 0 0 0 0 0 0 0 0 0 0 0 0 0 0 0 0 0 0 0 0 0 0 0 0 0 0 0 0 0 0 0 0 0 0 0 0 0 0 0 0 0 0 0 0 0 0 0 0 0 0 0 0 0 0 0 0 0 0 0 0 181872520 0 0 0
ctxt 386504370
btime 1669654930
processes 553141
procs_running 1
procs_blocked 0
softirq 971468587 677034128 31541704 739314 75811842 434078 0 119493986 41421701 588 24991246

cpu  837582 36885 1405076 521242916 112357 0 2937130 0 0 0
cpu0 115938 9541 199632 130567410 30361 0 698172 0 0 0
cpu1 452600 10665 767863 129435905 23160 0 825860 0 0 0
cpu2 136823 2862 229707 130626327 30531 0 719954 0 0 0
cpu3 132220 13816 207872 130613271 28305 0 693143 0 0 0
intr 12025885063 0 0 2618095 81 0 735627 34009334 0 0 0 9315955 0 0 0 0 0 0 0 0 0 0 0 0 0 0 0 0 0 0 0 0 0 0 0 0 0 0 0 0 0 0 0 0 0 0 0 0 0 0 0 0 2467871679 0 0 0 0 0 0 0 0 826488 0 434149 0 0 0 0 0 0 0 0 0 0 0 719475809 1 0 0 0 0 0 0 0 0 0 0 0 0 0 0 0 0 0 0 0 0 0 0 426384 4219 0 0 0 0 18360101 0 0 0 0 0 0 0 0 0 0 0 0 0 0 0 0 0 0 0 0 0 0 0 0 0 0 0 0 0 0 0 0 0 0 0 0 0 0 0 0 0 0 0 0 0 0 0 0 0 0 0 0 0 0 0 0 0 0 0 0 0 0 0 0 0 0 0 0 0 0 0 0 0 0 0 181872550 0 0 0
ctxt 386504470
btime 1669654930
processes 553141
procs_running 1
procs_blocked 0
softirq 971468654 677034136 31541717 739314 75811843 434078 0 119494001 41421718 588 24991259

cpu  837582 36885 1405076 521243113 112357 0 2937130 0 0 0
cpu0 115938 9541 199632 130567459 30361 0 698172 0 0 0
cpu1 452600 10665 767863 129435955 23160 0 825860 0 0 0
cpu2 136823 2862 229707 130626377 30531 0 719954 0 0 0
cpu3 132220 13816 207872 130613321 28305 0 693143 0 0 0
intr 12025889260 0 0 2618095 81 0 735627 34009356 0 0 0 9315959 0 0 0 0 0 0 0 0 0 0 0 0 0 0 0 0 0 0 0 0 0 0 0 0 0 0 0 0 0 0 0 0 0 0 0 0 0 0 0 0 2467875675 0 0 0 0 0 0 0 0 826489 0 434149 0 0 0 0 0 0 0 0 0 0 0 719475937 1 0 0 0 0 0 0 0 0 0 0 0 0 0 0 0 0 0 0 0 0 0 0 426384 4219 0 0 0 0 18360116 0 0 0 0 0 0 0 0 0 0 0 0 0 0 0 0 0 0 0 0 0 0 0 0 0 0 0 0 0 0 0 0 0 0 0 0 0 0 0 0 0 0 0 0 0 0 0 0 0 0 0 0 0 0 0 0 0 0 0 0 0 0 0 0 0 0 0 0 0 0 0 0 0 0 0 181872580 0 0 0
ctxt 386504550
btime 1669654930
processes 553141
procs_running 1
procs_blocked 0
softirq 971468713 677034136 31541730 739314 75811844 434078 0 119494015 41421737 588 24991271

cpu  837582 36885 1405076 521243310 112357 0 2937130 0 0 0
cpu0 115938 9541 199632 130567509 30361 0 698172 0 0 0
cpu1 452600 10665 767863 129436004 23160 0 825860 0 0 0
cpu2 136823 2862 229707 130626426 30531 0 719954 0 0 0
cpu3 132220 13816 207872 130613370 28305 0 693143 0 0 0
intr 12025893517 0 0 2618095 81 0 735627 34009382 0 0 0 9315963 0 0 0 0 0 0 0 0 0 0 0 0 0 0 0 0 0 0 0 0 0 0 0 0 0 0 0 0 0 0 0 0 0 0 0 0 0 0 0 0 2467879705 0 0 0 0 0 0 0 0 826490 0 434149 0 0 0 0 0 0 0 0 0 0 0 719476091 1 0 0 0 0 0 0 0 0 0 0 0 0 0 0 0 0 0 0 0 0 0 0 426384 4219 0 0 0 0 18360131 0 0 0 0 0 0 0 0 0 0 0 0 0 0 0 0 0 0 0 0 0 0 0 0 0 0 0 0 0 0 0 0 0 0 0 0 0 0 0 0 0 0 0 0 0 0 0 0 0 0 0 0 0 0 0 0 0 0 0 0 0 0 0 0 0 0 0 0 0 0 0 0 0 0 0 181872608 0 0 0
ctxt 386504641
btime 1669654930
processes 553141
procs_running 1
procs_blocked 0
softirq 971468777 677034144 31541742 739314 75811845 434078 0 119494030 41421753 588 24991283

cpu  837582 36885 1405077 521243507 112357 0 2937130 0 0 0
cpu0 115938 9541 199632 130567558 30361 0 698172 0 0 0
cpu1 452600 10665 767864 129436053 23160 0 825860 0 0 0
cpu2 136823 2862 229707 130626475 30531 0 719954 0 0 0
cpu3 132220 13816 207873 130613419 28305 0 693143 0 0 0
intr 12025897728 0 0 2618100 81 0 735627 34009405 0 0 0 9315967 0 0 0 0 0 0 0 0 0 0 0 0 0 0 0 0 0 0 0 0 0 0 0 0 0 0 0 0 0 0 0 0 0 0 0 0 0 0 0 0 2467883701 0 0 0 0 0 0 0 0 826491 0 434149 0 0 0 0 0 0 0 0 0 0 0 719476219 1 0 0 0 0 0 0 0 0 0 0 0 0 0 0 0 0 0 0 0 0 0 0 426384 4219 0 0 0 0 18360146 0 0 0 0 0 0 0 0 0 0 0 0 0 0 0 0 0 0 0 0 0 0 0 0 0 0 0 0 0 0 0 0 0 0 0 0 0 0 0 0 0 0 0 0 0 0 0 0 0 0 0 0 0 0 0 0 0 0 0 0 0 0 0 0 0 0 0 0 0 0 0 0 0 0 0 181872647 0 0 0
ctxt 386504736
btime 1669654930
processes 553141
procs_running 1
procs_blocked 0
softirq 971468841 677034144 31541758 739315 75811846 434078 0 119494044 41421772 588 24991296

cpu  837582 36885 1405077 521243704 112357 0 2937130 0 0 0
cpu0 115938 9541 199632 130567607 30361 0 698172 0 0 0
cpu1 452600 10665 767864 129436103 23160 0 825860 0 0 0
cpu2 136823 2862 229707 130626524 30531 0 719954 0 0 0
cpu3 132220 13816 207873 130613468 28305 0 693143 0 0 0
intr 12025902026 0 0 2618100 81 0 735627 34009449 0 0 0 9315971 0 0 0 0 0 0 0 0 0 0 0 0 0 0 0 0 0 0 0 0 0 0 0 0 0 0 0 0 0 0 0 0 0 0 0 0 0 0 0 0 2467887729 0 0 0 0 0 0 0 0 826492 0 434149 0 0 0 0 0 0 0 0 0 0 0 719476373 1 0 0 0 0 0 0 0 0 0 0 0 0 0 0 0 0 0 0 0 0 0 0 426384 4219 0 0 0 0 18360178 0 0 0 0 0 0 0 0 0 0 0 0 0 0 0 0 0 0 0 0 0 0 0 0 0 0 0 0 0 0 0 0 0 0 0 0 0 0 0 0 0 0 0 0 0 0 0 0 0 0 0 0 0 0 0 0 0 0 0 0 0 0 0 0 0 0 0 0 0 0 0 0 0 0 0 181872681 0 0 0
ctxt 386504868
btime 1669654930
processes 553141
procs_running 1
procs_blocked 0
softirq 971468934 677034152 31541775 739315 75811849 434078 0 119494071 41421793 588 24991313

cpu  837582 36885 1405077 521243901 112357 0 2937130 0 0 0
cpu0 115938 9541 199632 130567657 30361 0 698172 0 0 0
cpu1 452601 10665 767864 129436152 23160 0 825860 0 0 0
cpu2 136823 2862 229707 130626574 30531 0 719954 0 0 0
cpu3 132220 13816 207873 130613517 28305 0 693143 0 0 0
intr 12025906220 0 0 2618100 81 0 735627 34009470 0 0 0 9315974 0 0 0 0 0 0 0 0 0 0 0 0 0 0 0 0 0 0 0 0 0 0 0 0 0 0 0 0 0 0 0 0 0 0 0 0 0 0 0 0 2467891725 0 0 0 0 0 0 0 0 826493 0 434149 0 0 0 0 0 0 0 0 0 0 0 719476501 1 0 0 0 0 0 0 0 0 0 0 0 0 0 0 0 0 0 0 0 0 0 0 426384 4219 0 0 0 0 18360193 0 0 0 0 0 0 0 0 0 0 0 0 0 0 0 0 0 0 0 0 0 0 0 0 0 0 0 0 0 0 0 0 0 0 0 0 0 0 0 0 0 0 0 0 0 0 0 0 0 0 0 0 0 0 0 0 0 0 0 0 0 0 0 0 0 0 0 0 0 0 0 0 0 0 0 181872711 0 0 0
ctxt 386504951
btime 1669654930
processes 553141
procs_running 1
procs_blocked 0
softirq 971468993 677034152 31541788 739315 75811850 434078 0 119494085 41421811 588 24991326

cpu  837582 36885 1405077 521244098 112357 0 2937130 0 0 0
cpu0 115938 9541 199632 130567706 30361 0 698172 0 0 0
cpu1 452601 10665 767864 129436201 23160 0 825860 0 0 0
cpu2 136823 2862 229707 130626623 30531 0 719954 0 0 0
cpu3 132220 13816 207873 130613566 28305 0 693143 0 0 0
intr 12025910472 0 0 2618100 81 0 735627 34009496 0 0 0 9315977 0 0 0 0 0 0 0 0 0 0 0 0 0 0 0 0 0 0 0 0 0 0 0 0 0 0 0 0 0 0 0 0 0 0 0 0 0 0 0 0 2467895751 0 0 0 0 0 0 0 0 826494 0 434149 0 0 0 0 0 0 0 0 0 0 0 719476655 1 0 0 0 0 0 0 0 0 0 0 0 0 0 0 0 0 0 0 0 0 0 0 426384 4219 0 0 0 0 18360208 0 0 0 0 0 0 0 0 0 0 0 0 0 0 0 0 0 0 0 0 0 0 0 0 0 0 0 0 0 0 0 0 0 0 0 0 0 0 0 0 0 0 0 0 0 0 0 0 0 0 0 0 0 0 0 0 0 0 0 0 0 0 0 0 0 0 0 0 0 0 0 0 0 0 0 181872738 0 0 0
ctxt 386505041
btime 1669654930
processes 553141
procs_running 1
procs_blocked 0
softirq 971469057 677034160 31541801 739315 75811851 434078 0 119494098 41421827 588 24991339

cpu  837583 36885 1405077 521244295 112357 0 2937130 0 0 0
cpu0 115938 9541 199632 130567755 30361 0 698172 0 0 0
cpu1 452601 10665 767864 129436251 23160 0 825860 0 0 0
cpu2 136823 2862 229707 130626672 30531 0 719954 0 0 0
cpu3 132220 13816 207873 130613615 28305 0 693143 0 0 0
intr 12025914672 0 0 2618101 81 0 735627 34009519 0 0 0 9315980 0 0 0 0 0 0 0 0 0 0 0 0 0 0 0 0 0 0 0 0 0 0 0 0 0 0 0 0 0 0 0 0 0 0 0 0 0 0 0 0 2467899748 0 0 0 0 0 0 0 0 826495 0 434149 0 0 0 0 0 0 0 0 0 0 0 719476784 1 0 0 0 0 0 0 0 0 0 0 0 0 0 0 0 0 0 0 0 0 0 0 426384 4219 0 0 0 0 18360223 0 0 0 0 0 0 0 0 0 0 0 0 0 0 0 0 0 0 0 0 0 0 0 0 0 0 0 0 0 0 0 0 0 0 0 0 0 0 0 0 0 0 0 0 0 0 0 0 0 0 0 0 0 0 0 0 0 0 0 0 0 0 0 0 0 0 0 0 0 0 0 0 0 0 0 181872770 0 0 0
ctxt 386505128
btime 1669654930
processes 553141
procs_running 1
procs_blocked 0
softirq 971469120 677034161 31541815 739315 75811852 434078 0 119494113 41421846 588 24991352

cpu  837583 36885 1405077 521244492 112357 0 2937130 0 0 0
cpu0 115938 9541 199632 130567805 30361 0 698172 0 0 0
cpu1 452601 10665 767864 129436300 23160 0 825860 0 0 0
cpu2 136823 2862 229707 130626721 30531 0 719954 0 0 0
cpu3 132220 13816 207873 130613664 28305 0 693143 0 0 0
intr 12025918930 0 0 2618101 81 0 735627 34009545 0 0 0 9315983 0 0 0 0 0 0 0 0 0 0 0 0 0 0 0 0 0 0 0 0 0 0 0 0 0 0 0 0 0 0 0 0 0 0 0 0 0 0 0 0 2467903776 0 0 0 0 0 0 0 0 826496 0 434149 0 0 0 0 0 0 0 0 0 0 0 719476938 1 0 0 0 0 0 0 0 0 0 0 0 0 0 0 0 0 0 0 0 0 0 0 426384 4219 0 0 0 0 18360238 0 0 0 0 0 0 0 0 0 0 0 0 0 0 0 0 0 0 0 0 0 0 0 0 0 0 0 0 0 0 0 0 0 0 0 0 0 0 0 0 0 0 0 0 0 0 0 0 0 0 0 0 0 0 0 0 0 0 0 0 0 0 0 0 0 0 0 0 0 0 0 0 0 0 0 181872800 0 0 0
ctxt 386505220
btime 1669654930
processes 553141
procs_running 1
procs_blocked 0
softirq 971469187 677034169 31541828 739315 75811853 434078 0 119494127 41421864 588 24991365

cpu  837583 36885 1405077 521244689 112357 0 2937130 0 0 0
cpu0 115938 9541 199632 130567854 30361 0 698172 0 0 0
cpu1 452602 10665 767864 129436349 23160 0 825860 0 0 0
cpu2 136823 2862 229707 130626771 30531 0 719954 0 0 0
cpu3 132220 13816 207873 130613713 28305 0 693143 0 0 0
intr 12025923125 0 0 2618101 81 0 735627 34009566 0 0 0 9315987 0 0 0 0 0 0 0 0 0 0 0 0 0 0 0 0 0 0 0 0 0 0 0 0 0 0 0 0 0 0 0 0 0 0 0 0 0 0 0 0 2467907773 0 0 0 0 0 0 0 0 826497 0 434149 0 0 0 0 0 0 0 0 0 0 0 719477066 1 0 0 0 0 0 0 0 0 0 0 0 0 0 0 0 0 0 0 0 0 0 0 426384 4219 0 0 0 0 18360253 0 0 0 0 0 0 0 0 0 0 0 0 0 0 0 0 0 0 0 0 0 0 0 0 0 0 0 0 0 0 0 0 0 0 0 0 0 0 0 0 0 0 0 0 0 0 0 0 0 0 0 0 0 0 0 0 0 0 0 0 0 0 0 0 0 0 0 0 0 0 0 0 0 0 0 181872829 0 0 0
ctxt 386505297
btime 1669654930
processes 553141
procs_running 1
procs_blocked 0
softirq 971469245 677034169 31541841 739315 75811854 434078 0 119494141 41421881 588 24991378

cpu  837583 36885 1405077 521244886 112357 0 2937130 0 0 0
cpu0 115938 9541 199632 130567903 30361 0 698172 0 0 0
cpu1 452602 10665 767864 129436399 23160 0 825860 0 0 0
cpu2 136823 2862 229707 130626820 30531 0 719954 0 0 0
cpu3 132220 13816 207873 130613762 28305 0 693143 0 0 0
intr 12025927393 0 0 2618101 81 0 735627 34009599 0 0 0 9315990 0 0 0 0 0 0 0 0 0 0 0 0 0 0 0 0 0 0 0 0 0 0 0 0 0 0 0 0 0 0 0 0 0 0 0 0 0 0 0 0 2467911800 0 0 0 0 0 0 0 0 826498 0 434149 0 0 0 0 0 0 0 0 0 0 0 719477220 1 0 0 0 0 0 0 0 0 0 0 0 0 0 0 0 0 0 0 0 0 0 0 426384 4219 0 0 0 0 18360277 0 0 0 0 0 0 0 0 0 0 0 0 0 0 0 0 0 0 0 0 0 0 0 0 0 0 0 0 0 0 0 0 0 0 0 0 0 0 0 0 0 0 0 0 0 0 0 0 0 0 0 0 0 0 0 0 0 0 0 0 0 0 0 0 0 0 0 0 0 0 0 0 0 0 0 181872855 0 0 0
ctxt 386505405
btime 1669654930
processes 553141
procs_running 1
procs_blocked 0
softirq 971469318 677034177 31541854 739315 75811856 434078 0 119494161 41421898 588 24991391

cpu  837583 36885 1405078 521245083 112357 0 2937130 0 0 0
cpu0 115938 9541 199632 130567953 30361 0 698172 0 0 0
cpu1 452602 10665 767864 129436448 23160 0 825860 0 0 0
cpu2 136823 2862 229707 130626869 30531 0 719954 0 0 0
cpu3 132220 13816 207873 130613811 28305 0 693143 0 0 0
intr 12025931593 0 0 2618102 81 0 735627 34009621 0 0 0 9315993 0 0 0 0 0 0 0 0 0 0 0 0 0 0 0 0 0 0 0 0 0 0 0 0 0 0 0 0 0 0 0 0 0 0 0 0 0 0 0 0 2467915797 0 0 0 0 0 0 0 0 826499 0 434149 0 0 0 0 0 0 0 0 0 0 0 719477348 1 0 0 0 0 0 0 0 0 0 0 0 0 0 0 0 0 0 0 0 0 0 0 426384 4219 0 0 0 0 18360292 0 0 0 0 0 0 0 0 0 0 0 0 0 0 0 0 0 0 0 0 0 0 0 0 0 0 0 0 0 0 0 0 0 0 0 0 0 0 0 0 0 0 0 0 0 0 0 0 0 0 0 0 0 0 0 0 0 0 0 0 0 0 0 0 0 0 0 0 0 0 0 0 0 0 0 181872889 0 0 0
ctxt 386505490
btime 1669654930
processes 553141
procs_running 1
procs_blocked 0
softirq 971469379 677034177 31541869 739315 75811857 434078 0 119494175 41421916 588 24991404

cpu  837583 36885 1405078 521245280 112357 0 2937130 0 0 0
cpu0 115938 9541 199632 130568002 30361 0 698172 0 0 0
cpu1 452602 10665 767864 129436497 23160 0 825860 0 0 0
cpu2 136823 2862 229707 130626918 30531 0 719954 0 0 0
cpu3 132220 13816 207873 130613861 28305 0 693143 0 0 0
intr 12025935851 0 0 2618102 81 0 735627 34009651 0 0 0 9315996 0 0 0 0 0 0 0 0 0 0 0 0 0 0 0 0 0 0 0 0 0 0 0 0 0 0 0 0 0 0 0 0 0 0 0 0 0 0 0 0 2467919822 0 0 0 0 0 0 0 0 826500 0 434149 0 0 0 0 0 0 0 0 0 0 0 719477502 1 0 0 0 0 0 0 0 0 0 0 0 0 0 0 0 0 0 0 0 0 0 0 426384 4219 0 0 0 0 18360307 0 0 0 0 0 0 0 0 0 0 0 0 0 0 0 0 0 0 0 0 0 0 0 0 0 0 0 0 0 0 0 0 0 0 0 0 0 0 0 0 0 0 0 0 0 0 0 0 0 0 0 0 0 0 0 0 0 0 0 0 0 0 0 0 0 0 0 0 0 0 0 0 0 0 0 181872919 0 0 0
ctxt 386505584
btime 1669654930
processes 553141
procs_running 1
procs_blocked 0
softirq 971469447 677034185 31541884 739315 75811858 434078 0 119494188 41421934 588 24991417

cpu  837583 36885 1405078 521245477 112357 0 2937130 0 0 0
cpu0 115938 9541 199632 130568051 30361 0 698172 0 0 0
cpu1 452602 10665 767864 129436547 23160 0 825860 0 0 0
cpu2 136823 2862 229707 130626968 30531 0 719954 0 0 0
cpu3 132220 13816 207873 130613910 28305 0 693143 0 0 0
intr 12025940047 0 0 2618102 81 0 735627 34009673 0 0 0 9316000 0 0 0 0 0 0 0 0 0 0 0 0 0 0 0 0 0 0 0 0 0 0 0 0 0 0 0 0 0 0 0 0 0 0 0 0 0 0 0 0 2467923818 0 0 0 0 0 0 0 0 826501 0 434149 0 0 0 0 0 0 0 0 0 0 0 719477628 1 0 0 0 0 0 0 0 0 0 0 0 0 0 0 0 0 0 0 0 0 0 0 426384 4219 0 0 0 0 18360322 0 0 0 0 0 0 0 0 0 0 0 0 0 0 0 0 0 0 0 0 0 0 0 0 0 0 0 0 0 0 0 0 0 0 0 0 0 0 0 0 0 0 0 0 0 0 0 0 0 0 0 0 0 0 0 0 0 0 0 0 0 0 0 0 0 0 0 0 0 0 0 0 0 0 0 181872951 0 0 0
ctxt 386505668
btime 1669654930
processes 553141
procs_running 1
procs_blocked 0
softirq 971469508 677034185 31541899 739316 75811859 434078 0 119494202 41421952 588 24991429

cpu  837583 36885 1405078 521245674 112357 0 2937130 0 0 0
cpu0 115938 9541 199632 130568101 30361 0 698172 0 0 0
cpu1 452602 10665 767864 129436596 23160 0 825860 0 0 0
cpu2 136823 2862 229707 130627017 30531 0 719954 0 0 0
cpu3 132220 13816 207873 130613959 28305 0 693143 0 0 0
intr 12025944308 0 0 2618102 81 0 735627 34009704 0 0 0 9316003 0 0 0 0 0 0 0 0 0 0 0 0 0 0 0 0 0 0 0 0 0 0 0 0 0 0 0 0 0 0 0 0 0 0 0 0 0 0 0 0 2467927846 0 0 0 0 0 0 0 0 826502 0 434149 0 0 0 0 0 0 0 0 0 0 0 719477782 1 0 0 0 0 0 0 0 0 0 0 0 0 0 0 0 0 0 0 0 0 0 0 426384 4219 0 0 0 0 18360337 0 0 0 0 0 0 0 0 0 0 0 0 0 0 0 0 0 0 0 0 0 0 0 0 0 0 0 0 0 0 0 0 0 0 0 0 0 0 0 0 0 0 0 0 0 0 0 0 0 0 0 0 0 0 0 0 0 0 0 0 0 0 0 0 0 0 0 0 0 0 0 0 0 0 0 181872980 0 0 0
ctxt 386505765
btime 1669654930
processes 553141
procs_running 1
procs_blocked 0
softirq 971469580 677034193 31541915 739316 75811860 434078 0 119494217 41421970 588 24991443

cpu  837583 36885 1405078 521245871 112357 0 2937130 0 0 0
cpu0 115938 9541 199632 130568150 30361 0 698172 0 0 0
cpu1 452602 10665 767865 129436645 23160 0 825860 0 0 0
cpu2 136823 2862 229707 130627066 30531 0 719954 0 0 0
cpu3 132220 13816 207873 130614008 28305 0 693143 0 0 0
intr 12025948508 0 0 2618103 81 0 735627 34009726 0 0 0 9316007 0 0 0 0 0 0 0 0 0 0 0 0 0 0 0 0 0 0 0 0 0 0 0 0 0 0 0 0 0 0 0 0 0 0 0 0 0 0 0 0 2467931842 0 0 0 0 0 0 0 0 826503 0 434149 0 0 0 0 0 0 0 0 0 0 0 719477910 1 0 0 0 0 0 0 0 0 0 0 0 0 0 0 0 0 0 0 0 0 0 0 426384 4219 0 0 0 0 18360352 0 0 0 0 0 0 0 0 0 0 0 0 0 0 0 0 0 0 0 0 0 0 0 0 0 0 0 0 0 0 0 0 0 0 0 0 0 0 0 0 0 0 0 0 0 0 0 0 0 0 0 0 0 0 0 0 0 0 0 0 0 0 0 0 0 0 0 0 0 0 0 0 0 0 0 181873013 0 0 0
ctxt 386505849
btime 1669654930
processes 553141
procs_running 1
procs_blocked 0
softirq 971469645 677034193 31541931 739316 75811861 434078 0 119494231 41421990 588 24991457

cpu  837583 36885 1405078 521246068 112357 0 2937130 0 0 0
cpu0 115938 9541 199632 130568199 30361 0 698172 0 0 0
cpu1 452602 10665 767865 129436695 23160 0 825860 0 0 0
cpu2 136823 2862 229707 130627116 30531 0 719954 0 0 0
cpu3 132220 13816 207873 130614057 28305 0 693143 0 0 0
intr 12025952768 0 0 2618103 81 0 735627 34009754 0 0 0 9316010 0 0 0 0 0 0 0 0 0 0 0 0 0 0 0 0 0 0 0 0 0 0 0 0 0 0 0 0 0 0 0 0 0 0 0 0 0 0 0 0 2467935871 0 0 0 0 0 0 0 0 826504 0 434149 0 0 0 0 0 0 0 0 0 0 0 719478064 1 0 0 0 0 0 0 0 0 0 0 0 0 0 0 0 0 0 0 0 0 0 0 426384 4219 0 0 0 0 18360367 0 0 0 0 0 0 0 0 0 0 0 0 0 0 0 0 0 0 0 0 0 0 0 0 0 0 0 0 0 0 0 0 0 0 0 0 0 0 0 0 0 0 0 0 0 0 0 0 0 0 0 0 0 0 0 0 0 0 0 0 0 0 0 0 0 0 0 0 0 0 0 0 0 0 0 181873042 0 0 0
ctxt 386505940
btime 1669654930
processes 553141
procs_running 1
procs_blocked 0
softirq 971469717 677034201 31541947 739316 75811862 434078 0 119494246 41422009 588 24991470

cpu  837583 36885 1405079 521246265 112357 0 2937130 0 0 0
cpu0 115938 9541 199632 130568249 30361 0 698172 0 0 0
cpu1 452602 10665 767865 129436744 23160 0 825860 0 0 0
cpu2 136823 2862 229707 130627165 30531 0 719954 0 0 0
cpu3 132220 13816 207873 130614106 28305 0 693143 0 0 0
intr 12025956965 0 0 2618103 81 0 735627 34009778 0 0 0 9316014 0 0 0 0 0 0 0 0 0 0 0 0 0 0 0 0 0 0 0 0 0 0 0 0 0 0 0 0 0 0 0 0 0 0 0 0 0 0 0 0 2467939867 0 0 0 0 0 0 0 0 826505 0 434149 0 0 0 0 0 0 0 0 0 0 0 719478192 1 0 0 0 0 0 0 0 0 0 0 0 0 0 0 0 0 0 0 0 0 0 0 426384 4219 0 0 0 0 18360382 0 0 0 0 0 0 0 0 0 0 0 0 0 0 0 0 0 0 0 0 0 0 0 0 0 0 0 0 0 0 0 0 0 0 0 0 0 0 0 0 0 0 0 0 0 0 0 0 0 0 0 0 0 0 0 0 0 0 0 0 0 0 0 0 0 0 0 0 0 0 0 0 0 0 0 181873072 0 0 0
ctxt 386506026
btime 1669654930
processes 553141
procs_running 1
procs_blocked 0
softirq 971469774 677034201 31541960 739316 75811863 434078 0 119494260 41422026 588 24991482

cpu  837583 36885 1405079 521246462 112357 0 2937130 0 0 0
cpu0 115938 9541 199632 130568298 30361 0 698172 0 0 0
cpu1 452602 10665 767865 129436793 23160 0 825860 0 0 0
cpu2 136823 2862 229707 130627214 30531 0 719954 0 0 0
cpu3 132220 13816 207873 130614155 28305 0 693143 0 0 0
intr 12025961222 0 0 2618103 81 0 735627 34009804 0 0 0 9316018 0 0 0 0 0 0 0 0 0 0 0 0 0 0 0 0 0 0 0 0 0 0 0 0 0 0 0 0 0 0 0 0 0 0 0 0 0 0 0 0 2467943897 0 0 0 0 0 0 0 0 826506 0 434149 0 0 0 0 0 0 0 0 0 0 0 719478346 1 0 0 0 0 0 0 0 0 0 0 0 0 0 0 0 0 0 0 0 0 0 0 426384 4219 0 0 0 0 18360397 0 0 0 0 0 0 0 0 0 0 0 0 0 0 0 0 0 0 0 0 0 0 0 0 0 0 0 0 0 0 0 0 0 0 0 0 0 0 0 0 0 0 0 0 0 0 0 0 0 0 0 0 0 0 0 0 0 0 0 0 0 0 0 0 0 0 0 0 0 0 0 0 0 0 0 181873099 0 0 0
ctxt 386506121
btime 1669654930
processes 553141
procs_running 1
procs_blocked 0
softirq 971469842 677034209 31541974 739316 75811864 434078 0 119494275 41422044 588 24991494

cpu  837583 36885 1405079 521246659 112357 0 2937130 0 0 0
cpu0 115938 9541 199632 130568348 30361 0 698172 0 0 0
cpu1 452602 10665 767866 129436843 23160 0 825860 0 0 0
cpu2 136823 2862 229707 130627263 30531 0 719954 0 0 0
cpu3 132220 13816 207873 130614204 28305 0 693143 0 0 0
intr 12025965429 0 0 2618104 81 0 735627 34009826 0 0 0 9316022 0 0 0 0 0 0 0 0 0 0 0 0 0 0 0 0 0 0 0 0 0 0 0 0 0 0 0 0 0 0 0 0 0 0 0 0 0 0 0 0 2467947901 0 0 0 0 0 0 0 0 826507 0 434149 0 0 0 0 0 0 0 0 0 0 0 719478474 1 0 0 0 0 0 0 0 0 0 0 0 0 0 0 0 0 0 0 0 0 0 0 426384 4219 0 0 0 0 18360412 0 0 0 0 0 0 0 0 0 0 0 0 0 0 0 0 0 0 0 0 0 0 0 0 0 0 0 0 0 0 0 0 0 0 0 0 0 0 0 0 0 0 0 0 0 0 0 0 0 0 0 0 0 0 0 0 0 0 0 0 0 0 0 0 0 0 0 0 0 0 0 0 0 0 0 181873131 0 0 0
ctxt 386506205
btime 1669654930
processes 553141
procs_running 1
procs_blocked 0
softirq 971469903 677034209 31541989 739316 75811865 434078 0 119494289 41422063 588 24991506

cpu  837583 36885 1405080 521246856 112357 0 2937130 0 0 0
cpu0 115938 9541 199632 130568397 30361 0 698172 0 0 0
cpu1 452602 10665 767866 129436892 23160 0 825860 0 0 0
cpu2 136823 2862 229707 130627313 30531 0 719954 0 0 0
cpu3 132220 13816 207874 130614253 28305 0 693143 0 0 0
intr 12025969678 0 0 2618104 81 0 735627 34009853 0 0 0 9316026 0 0 0 0 0 0 0 0 0 0 0 0 0 0 0 0 0 0 0 0 0 0 0 0 0 0 0 0 0 0 0 0 0 0 0 0 0 0 0 0 2467951921 0 0 0 0 0 0 0 0 826508 0 434149 0 0 0 0 0 0 0 0 0 0 0 719478628 1 0 0 0 0 0 0 0 0 0 0 0 0 0 0 0 0 0 0 0 0 0 0 426384 4219 0 0 0 0 18360427 0 0 0 0 0 0 0 0 0 0 0 0 0 0 0 0 0 0 0 0 0 0 0 0 0 0 0 0 0 0 0 0 0 0 0 0 0 0 0 0 0 0 0 0 0 0 0 0 0 0 0 0 0 0 0 0 0 0 0 0 0 0 0 0 0 0 0 0 0 0 0 0 0 0 0 181873159 0 0 0
ctxt 386506289
btime 1669654930
processes 553141
procs_running 1
procs_blocked 0
softirq 971469969 677034217 31542002 739316 75811866 434078 0 119494303 41422081 588 24991518

cpu  837583 36885 1405081 521247053 112357 0 2937130 0 0 0
cpu0 115938 9541 199632 130568446 30361 0 698172 0 0 0
cpu1 452602 10665 767866 129436941 23160 0 825860 0 0 0
cpu2 136823 2862 229708 130627362 30531 0 719954 0 0 0
cpu3 132220 13816 207874 130614302 28305 0 693143 0 0 0
intr 12025973880 0 0 2618104 81 0 735627 34009875 0 0 0 9316029 0 0 0 0 0 0 0 0 0 0 0 0 0 0 0 0 0 0 0 0 0 0 0 0 0 0 0 0 0 0 0 0 0 0 0 0 0 0 0 0 2467955924 0 0 0 0 0 0 0 0 826509 0 434149 0 0 0 0 0 0 0 0 0 0 0 719478756 1 0 0 0 0 0 0 0 0 0 0 0 0 0 0 0 0 0 0 0 0 0 0 426384 4219 0 0 0 0 18360442 0 0 0 0 0 0 0 0 0 0 0 0 0 0 0 0 0 0 0 0 0 0 0 0 0 0 0 0 0 0 0 0 0 0 0 0 0 0 0 0 0 0 0 0 0 0 0 0 0 0 0 0 0 0 0 0 0 0 0 0 0 0 0 0 0 0 0 0 0 0 0 0 0 0 0 181873188 0 0 0
ctxt 386506364
btime 1669654930
processes 553141
procs_running 1
procs_blocked 0
softirq 971470030 677034217 31542017 739316 75811867 434078 0 119494317 41422100 588 24991530

cpu  837583 36885 1405082 521247250 112357 0 2937130 0 0 0
cpu0 115938 9541 199632 130568496 30361 0 698172 0 0 0
cpu1 452602 10665 767867 129436990 23160 0 825860 0 0 0
cpu2 136823 2862 229708 130627411 30531 0 719954 0 0 0
cpu3 132220 13816 207874 130614351 28305 0 693143 0 0 0
intr 12025978128 0 0 2618104 81 0 735627 34009902 0 0 0 9316034 0 0 0 0 0 0 0 0 0 0 0 0 0 0 0 0 0 0 0 0 0 0 0 0 0 0 0 0 0 0 0 0 0 0 0 0 0 0 0 0 2467959942 0 0 0 0 0 0 0 0 826510 0 434149 0 0 0 0 0 0 0 0 0 0 0 719478910 1 0 0 0 0 0 0 0 0 0 0 0 0 0 0 0 0 0 0 0 0 0 0 426384 4219 0 0 0 0 18360457 0 0 0 0 0 0 0 0 0 0 0 0 0 0 0 0 0 0 0 0 0 0 0 0 0 0 0 0 0 0 0 0 0 0 0 0 0 0 0 0 0 0 0 0 0 0 0 0 0 0 0 0 0 0 0 0 0 0 0 0 0 0 0 0 0 0 0 0 0 0 0 0 0 0 0 181873218 0 0 0
ctxt 386506459
btime 1669654930
processes 553141
procs_running 1
procs_blocked 0
softirq 971470096 677034225 31542031 739316 75811868 434078 0 119494330 41422118 588 24991542

cpu  837583 36885 1405082 521247447 112357 0 2937130 0 0 0
cpu0 115938 9541 199632 130568545 30361 0 698172 0 0 0
cpu1 452602 10665 767867 129437040 23160 0 825860 0 0 0
cpu2 136823 2862 229708 130627461 30531 0 719954 0 0 0
cpu3 132220 13816 207874 130614400 28305 0 693143 0 0 0
intr 12025982333 0 0 2618105 81 0 735627 34009924 0 0 0 9316037 0 0 0 0 0 0 0 0 0 0 0 0 0 0 0 0 0 0 0 0 0 0 0 0 0 0 0 0 0 0 0 0 0 0 0 0 0 0 0 0 2467963946 0 0 0 0 0 0 0 0 826511 0 434149 0 0 0 0 0 0 0 0 0 0 0 719479038 1 0 0 0 0 0 0 0 0 0 0 0 0 0 0 0 0 0 0 0 0 0 0 426384 4219 0 0 0 0 18360472 0 0 0 0 0 0 0 0 0 0 0 0 0 0 0 0 0 0 0 0 0 0 0 0 0 0 0 0 0 0 0 0 0 0 0 0 0 0 0 0 0 0 0 0 0 0 0 0 0 0 0 0 0 0 0 0 0 0 0 0 0 0 0 0 0 0 0 0 0 0 0 0 0 0 0 181873248 0 0 0
ctxt 386506543
btime 1669654930
processes 553141
procs_running 1
procs_blocked 0
softirq 971470155 677034225 31542046 739316 75811869 434078 0 119494344 41422136 588 24991553

cpu  837583 36885 1405082 521247644 112357 0 2937130 0 0 0
cpu0 115938 9541 199632 130568594 30361 0 698172 0 0 0
cpu1 452602 10665 767867 129437089 23160 0 825860 0 0 0
cpu2 136823 2862 229708 130627510 30531 0 719954 0 0 0
cpu3 132220 13816 207874 130614449 28305 0 693143 0 0 0
intr 12025986598 0 0 2618109 81 0 735627 34009955 0 0 0 9316042 0 0 0 0 0 0 0 0 0 0 0 0 0 0 0 0 0 0 0 0 0 0 0 0 0 0 0 0 0 0 0 0 0 0 0 0 0 0 0 0 2467967967 0 0 0 0 0 0 0 0 826512 0 434149 0 0 0 0 0 0 0 0 0 0 0 719479192 1 0 0 0 0 0 0 0 0 0 0 0 0 0 0 0 0 0 0 0 0 0 0 426384 4219 0 0 0 0 18360487 0 0 0 0 0 0 0 0 0 0 0 0 0 0 0 0 0 0 0 0 0 0 0 0 0 0 0 0 0 0 0 0 0 0 0 0 0 0 0 0 0 0 0 0 0 0 0 0 0 0 0 0 0 0 0 0 0 0 0 0 0 0 0 0 0 0 0 0 0 0 0 0 0 0 0 181873283 0 0 0
ctxt 386506643
btime 1669654930
processes 553141
procs_running 1
procs_blocked 0
softirq 971470223 677034233 31542061 739316 75811870 434078 0 119494358 41422155 588 24991564

cpu  837583 36885 1405082 521247841 112357 0 2937130 0 0 0
cpu0 115938 9541 199632 130568644 30361 0 698172 0 0 0
cpu1 452602 10665 767867 129437139 23160 0 825860 0 0 0
cpu2 136823 2862 229708 130627559 30531 0 719954 0 0 0
cpu3 132220 13816 207874 130614498 28305 0 693143 0 0 0
intr 12025990799 0 0 2618109 81 0 735627 34009975 0 0 0 9316046 0 0 0 0 0 0 0 0 0 0 0 0 0 0 0 0 0 0 0 0 0 0 0 0 0 0 0 0 0 0 0 0 0 0 0 0 0 0 0 0 2467971971 0 0 0 0 0 0 0 0 826513 0 434149 0 0 0 0 0 0 0 0 0 0 0 719479320 1 0 0 0 0 0 0 0 0 0 0 0 0 0 0 0 0 0 0 0 0 0 0 426384 4219 0 0 0 0 18360502 0 0 0 0 0 0 0 0 0 0 0 0 0 0 0 0 0 0 0 0 0 0 0 0 0 0 0 0 0 0 0 0 0 0 0 0 0 0 0 0 0 0 0 0 0 0 0 0 0 0 0 0 0 0 0 0 0 0 0 0 0 0 0 0 0 0 0 0 0 0 0 0 0 0 0 181873311 0 0 0
ctxt 386506713
btime 1669654930
processes 553141
procs_running 1
procs_blocked 0
softirq 971470282 677034233 31542076 739317 75811871 434078 0 119494372 41422172 588 24991575
