Latency
1804146
10099774
10411806
10725055
11038098
67282318
67580945
67893967
68221598
68534645
68847803
69173839
69473829
69786937
70100195
70411744
70726405
71039532
71352636
71664200
71978927
72292346
72598142
72909559
73224301
73537366
73850552
197516479
197829420
198142498
198455710
198768730
199081919
199395128
199708196
200021321
200307809
200605873
200919134
201242653
201555616
201868787
202182045
202494996
202779785
203093201
203393179
203719266
204032350
204345544
204658562
204971440
205244515
205547618
205876275
206173827
206472998
206786117
207085199
207398058
207648850
207974828
208287794
208601067
208914188
209227357
209539018
209840717
210137871
210450968
222736817
223049838
223363027
223672852
223986035
224299176
224584016
224896637
225220918
225522886
225839170
226149231
226462238
226775497
227048051
227354887
227682181
227995335
228316677
228621564
228934691
229261416
244508916
231011160
224680192
224993040
225305800
225618603
225931427
226244123
226542466
220203274
220530321
220842925
221155793
221468715
221781346
222094053
222406905
222719663
223032491
223345272
223658142
223970866
240353675
240664877
240977650
241290465
241603242
241916041
242228926
242541664
242854399
236523154
236836017
237148789
237461587
237774133
238086961
238399631
238712447
239025185
239337955
239650317
239949990
240262728
255197537
255510420
255809699
256122228
256435095
256748024
257061327
257374067
257695856
251371737
251684680
251998598
252310112
252622951
252935840
253234722
253547886
253873972
254186879
254499580
254812348
255125221
269969921
270282728
270595434
270908469
271221129
271533942
271846756
252196028
252508895
252821719
253117584
253430387
253757472
254070287
254383114
121583644
121896510
122209070
122521987
122834723
123147589
123460361
160646944
160959697
161272548
161585507
161898249
162211182
162524004
162836871
163149555
163462116
163775044
164087916
164400961
164713674
158382322
158695067
159007788
159320546
159633323
159932696
160245256
160571885
216767261
217119697
217442583
217755480
218068028
218381104
218693810
219006527
219319173
219632198
219930475
220243362
220570590
207572098
207885009
208197769
201877650
202179183
202491955
202804760
203117634
203430405
251991794
252304504
252616728
252929609
253227969
253540545
253867872
254180671
254493439
254806153
255119108
255431802
255744677
256057405
236411537
236724240
237037023
237349837
237662707
237975547
238288309
238601109
281116710
281429384
281742252
282054994
282367820
282680693
282993641
283310193
283619227
283932088
284244952
284568336
278225912
278552998
265533604
265846235
266159237
266457798
266770828
267097013
267409933
267722795
311350382
311663147
305332442
305645025
305957890
306256841
306570469
306895676
307209163
307522125
307835288
308154048
308460564
308773426
295771501
296095769
296396924
296709826
297022661
290702108
291013212
291317141
326350256
326663259
326988853
327303312
327616085
327928872
328240192
328554635
328867124
329179987
329491218
329805668
330118428
330431370
310783098
311097122
311409813
311722614
312035379
312348115
312660661
312960231
362860852
363177109
363489964
363802670
364115390
364436323
364741095
365053871
365366657
365679490
365992279
366290887
366604447
360286900
327312058
327624578
327937322
328250185
328562950
328875818
329188532
329515969
372778690
373076792
373330506
367014388
367327245
367639960
367952735
368265581
368578442
368891187
369203968
369516642
369829478
370142286
310553541
310866385
311179288
311492151
311804950
312117808
312430704
312743472
355565596
355877810
356190570
356503481
356816337
357129024
357441900
357754687
358067613
358380382
352048776
352361705
352674522
352974286
353285854
353612988
307329372
307642390
307954910
308267957
308580362
308893173
356264631
356577485
356890647
357203258
357515921
357828884
351497714
351810385
352123222
352436183
352748894
353047945
353361238
353687447
354000224
354312917
354625732
354938677
315311472
315624371
315936995
316249850
363337749
363650790
357319152
357631965
357944922
358257585
358570343
358883345
359196022
359494424
359807802
360121470
360447103
360760000
361072759
314800603
315107047
315419882
315732633
316045415
316358219
316671047
354793166
355105974
355418687
355718598
356044105
356356895
350026501
350352833
350651998
350964617
351277955
351590207
351902734
352215725
352528487
352827185
353139888
353452383
320497272
320791589
321104461
321417203
362990590
363303471
363615951
363928690
364241777
357929695
358242521
358555191
358867918
359180840
359484490
359791861
360104663
360432014
360744841
361057291
361370207
308440024
308752740
309065563
309386980
309691533
365708050
366021504
366319739
366632773
366959799
367272590
367598688
367898230
368210788
368523590
368836712
369149112
369461858
369774733
370087540
370400315
324122358
324434885
324747805
325060702
325375505
319042221
357203327
357516063
357828447
358141264
358453990
358766835
359079764
359392470
359691669
360004256
360330805
360643664
360956444
361269287
361582221
361894694
362207405
362506475
362819394
363132165
363444947
317189736
359422307
359720357
360033125
360360416
360673256
360985918
361297237
361611565
361924388
362237332
362565547
362862867
363175794
363488710
363799969
364114258
364427424
364740001
365050958
312124125
312436928
312749787
359610052
359923415
360249748
360562431
360875391
361191458
361500891
361813561
362126333
362439280
362752049
363064821
363377565
363690441
357359918
357672555
357985309
311698842
312011599
312324338
312637010
312935671
346503098
346801224
347126698
347439511
347752295
348052845
348364152
348676952
348989641
349303038
349615676
349927924
343614634
343927354
344240192
344553021
344865868
345178684
345491357
305870388
306182967
306481230
350644838
350957733
351270620
351583408
351896193
352209138
352522496
352837863
353133189
353446263
353773366
354086158
354398821
354711575
355024504
355337223
355650119
349318775
349631351
349944195
350256938
310632348
358418357
358780838
359123575
359441477
359847910
360173884
360486759
360799599
361112358
361425334
361738716
362051501
362356437
362683335
362989258
363302110
363614957
363927633
357596349
357909079
304968379
305281565
305594037
345256835
345556461
345869096
346168318
346480964
346793305
347120552
347433317
347744512
348059006
348371835
342046072
342351388
342665925
303037250
303349660
303648324
303961368
304274343
304586958
304899816
305212594
341603964
341992474
342305477
342617037
342931777
336614159
336926842
337238878
337552268
337865095
338177905
338489097
338803608
339116343
339429153
339727281
340039998
340367380
340680118
340991635
341305779
301697382
351115357
351428237
351740699
352053633
352366396
352679210
352978447
353291719
346973534
347294531
347599517
347911934
348224836
348537691
348850648
349163271
302879447
303192310
303505139
303817971
304130899
304443597
347167944
347480961
347793618
341462229
341775056
342087863
342387764
342713378
343026298
343339085
343651941
343964750
344277608
344590530
344903267
345219296
345528764
345841625
312872420
313171392
313484557
313811514
353274494
353602245
353914561
347583177
347895821
348208697
348524075
348834362
349147144
349465563
349772922
350085438
350398282
350717182
351024111
351336751
351649694
351969347
352275327
305997945
306296269
306608777
353082444
353393791
353740502
354044700
354365325
354670278
354983181
355296051
355617891
349264812
349577648
349890157
350202928
350515782
350828616
351141320
351467716
351767002
352079827
352392698
306124055
306422469
342462204
342782208
343095209
343407927
343720733
344044432
344346515
344659220
338327901
338640695
338953618
339266420
339578356
339878283
340205147
340517569
300889165
301201626
301519898
301826964
302129127
302425953
355684581
355996926
356309811
356622813
356935872
357248898
350933988
351246744
351559597
351872490
352184961
352497785
352810328
353109734
353423185
353749082
354079150
321087455
314756805
315069557
315382289
315695200
356736011
357048708
357361513
357674117
357986851
358299577
358612347
358925096
359237864
359537400
359848987
360176298
360489019
360801923
361114838
361427551
361740212
308812415
309125154
309437899
309750741
310063474
351045597
351358475
351670935
351983749
352296658
352609513
352907994
353220768
353548131
353860987
354173479
354486336
348155130
348467878
348780714
349080557
309461543
309774362
310087131
310399997
310714962
304381571
362664905
362977691
363290518
363603356
363916225
364229083
364541989
364854511
365167387
365480344
365793068
366106967
366405417
366717119
367044310
367357066
367669975
367982962
328348308
328661150
328974061
329286918
361554053
361866817
362179628
362492434
362805445
363118044
356799628
357112366
357427801
357738024
358050841
358363729
358676560
358989331
359302575
359600509
313324972
313642287
307310596
307623340
307936215
308248989
355746672
356059437
356372231
356685067
356997786
357310735
357623594
357945564
358249191
358562049
358874703
359187470
359487217
359799124
360113721
360438856
360751774
361064581
354726988
355039763
355352566
355665546
364621111
364933834
365236016
365548809
365861707
366174959
366474527
366787288
367113011
367425749
367738535
368051451
368364021
368676821
368989772
369302548
369615374
369928420
370241070
310657597
310970510
311290665
354915521
355228272
355541072
355853912
356166628
356486451
356792382
357105078
357417590
357730287
358043078
358355958
358668836
358981530
359294947
359593009
359905912
353589095
313960801
314273440
314586181
314915412
354311168
354623996
354936794
355249714
355562453
355875409
356188082
356500662
356813480
357138684
350794974
351107760
351420662
351733402
352046321
352359037
352671922
352971535
353283126
353610464
353923269
314301167
352840993
353120875
353433924
353760065
354072951
354385482
354709449
355011277
355324107
355637065
355949807
356262592
356575475
356888215
357202799
350867778
351182203
291589351
291918568
292214955
292527899
292840532
336381937
336697048
337009910
337322581
337635399
337948323
338260758
338573738
338886624
339199447
339506354
339811546
340123219
340450468
340763183
341075848
334756063
308423312
308737104
309049046
302717534
303030484
345955560
346255181
346566783
346894072
347206933
347519592
347832591
348145390
348458065
348770934
349083855
349396504
349709310
350022183
350335080
350647929
350960569
298032896
298345699
298658488
298971282
299284022
346276187
346600193
346926364
347239104
347551974
347864770
348177553
348490582
348803158
349115837
349428540
349741321
350054163
350367009
350679837
350992523
344662014
305048345
305345475
305658320
305971227
306270322
351817039
352129835
352442648
352755443
353053890
353367324
353693949
354006675
347675324
347988111
348300792
348616814
348926248
349239243
349552149
349864961
350177768
350490532
310859871
304528408
304841312
305154107
339244414
339595811
339860734
340163610
340487503
340800462
341119220
341425954
341738685
342051485
342370497
342677234
342989979
343302858
343623573
343928657
344246387
344554205
344875967
345179863
305557814
305870571
306183514
361188284
361501221
355301335
355614116
355926936
356239799
356552666
356874386
357178323
357491466
357803981
358116838
358429563
358742553
359055480
359367957
319729862
320042953
320369831
320682696
320995497
321308488
361744557
362057445
362357212
362682988
356351758
356664850
356977541
357289970
357602903
357915694
358228549
358541335
358854210
359167082
312905482
313189198
313501182
313828617
314141016
314453808
314766570
315079520
366675936
367003120
367315873
367628802
367941508
368254381
368567226
368879989
369192807
369505333
369818181
370144640
363800327
364113170
364425864
364738603
365051159
325420911
325733354
326046215
326344520
326657385
364992243
365283482
358948656
359261405
359559685
359872468
360199734
360512520
360825354
361140998
361450855
361763769
362076568
362386016
362701929
363014829
363327399
363640216
363952961
364265767
364578649
318305724
352863160
353175337
353489152
353814914
354127941
354440577
354753395
348421638
348734444
349046131
349360133
349673015
349985850
350298762
350611608
350924431
351237166
304955749
305268632
305581471
305894267
306207302
348012856
348336468
348638328
348951161
349263923
349580734
349889737
343558369
343870804
344193180
344496591
344809351
345122193
345444109
345748013
346060729
346359024
313391244
313720375
314030285
314343201
314656071
360077788
360410417
360723179
361034397
361348846
361661755
361974320
355641413
355955937
356269079
356581591
356894354
357207370
357519867
357832661
304886114
298557228
298870222
299182940
299493999
299794860
300106754
360551681
361007372
361423706
361736582
362049357
362349352
362681145
362988020
363300664
363613532
363926424
364239345
364552122
364864934
365177821
358846306
359159184
359471541
359770343
360083798
327120873
327433691
356885814
350554143
350866972
351179781
351492595
351805455
352118339
352431180
352743977
353043148
353355356
353682385
353995022
354307988
354620882
354933611
301996152
302308987
302621919
302934660
303247518
303560383
353260141
346942299
347254908
347576618
347880644
348193475
348506418
348819049
349131920
349444877
349757645
350070804
350383300
350696026
351008693
351321420
351634376
351947255
312328292
312655030
312939972
313253580
346545800
346871801
347184545
347497724
347810610
348123046
348436017
348748519
349061478
349374325
349687012
343355940
343670057
343981500
344294174
311320808
311633664
311946482
312259116
312572187
312883945
313184099
359273542
359571191
353240256
353566205
353879082
354191885
354504844
354817528
355130515
355443628
355754416
356068736
356395259
356694345
357007243
357320076
357633052
311359977
311672612
311985435
312301994
312611151
354827657
355140530
355453387
355753242
356079035
356391930
356704735
357017215
357330069
357642975
357955788
358268642
358581459
358894196
359207053
359506595
353174071
353488174
353813775
354126745
314494210
314807070
360952065
361264934
361577651
361890434
355559445
355872070
356184945
356497660
356810457
357123325
357436081
357748840
358062770
358374551
358687350
359000185
359313009
359611904
300015655
300342883
300655691
300968639
352034880
345742532
346045848
346344196
346657009
346984254
347297137
347609926
347922754
348235482
348548222
348861049
349173855
349486645
349799496
350112123
350424744
317480744
317776124
318088914
318402008
318714574
348202365
348515274
348828021
349140834
349453764
349766588
350079415
350392456
350705096
351017993
351330761
351643322
345311818
345624827
345937712
346235954
346549457
346876102
300591791
300904567
301217574
301530487
352874640
353187767
353513920
353826759
354139548
354452607
348120985
348433747
348746534
349046567
349372105
349684918
349997817
350310620
350623581
317652918
317965769
318278574
318591171
318904115
319216944
319529204
350734563
351057023
344715809
345028484
345341386
345654266
345967168
346266372
346579333
346905490
347218332
347531214
347843961
348156871
348469724
348782421
349095472
302833493
303127876
303440588
303753441
304079694
351713628
352028019
352340785
352653621
352953168
346621525
346948896
347261256
347572355
347886881
348207375
348512448
348825087
349137954
349450795
349763504
350075738
350389224
310762176
311074965
311387715
311700349
357846768
351517696
351830459
352143262
352456105
352768931
353068346
353380672
353707185
354019932
354332735
354645651
354958412
355271258
355584036
309301925
309614749
309927671
310244632
310553124
304221661
304534515
337067157
337379722
337692763
338005363
338318218
338631121
338944017
339256766
339555075
339868712
340182177
340507902
340820785
341133587
341446471
341759262
288826938
289139641
289452504
289765288
290077781
290390596
341931834
342244347
342557100
342869896
343182790
343495665
337164002
337476697
337789590
338107687
338415230
338728038
339040911
339353789
339652210
313337228
313663757
313976525
314289246
314601791
314914667
315227575
372128762
372541806
372841280
373157261
373467633
373793128
374105970
374427728
374731806
375044581
375357385
375657520
375983214
376295989
376608741
323678330
323984050
324296566
324609338
324922239
325234860
325547381
349855601
343524984
343837776
344150563
344463363
344776020
345088835
345401597
345717105
346027005
346325854
346639371
346963822
347278270
347591351
347903776
348215064
348529469
315567308
315880241
316191421
316505828
360271219
360583762
360996515
361309154
361621945
361935305
362247807
362560413
362873198
363185963
363498779
357168134
357480925
357793740
358106602
358419269
358732068
312450374
312763435
313061392
313374220
313701441
336464311
336777131
337089522
337402323
337715101
338027911
338340777
338653520
338966275
339279165
332934480
333248191
333580154
333886843
334199844
287917690
288230554
288543393
288856217
289169097
289481761
289794646
296942922
297255750
297568565
297881527
298194029
298506875
298819813
299132624
292801122
293100512
293412711
293739534
294052025
294365098
294677821
294990804
295303340
262335212
262648034
262960844
263273646
263586521
275901945
276227761
276540628
276853416
277170225
277479042
277792271
278104817
278417714
272086104
272398895
272711624
273010667
273322858
273650190
273963049
274275718
274588505
274901346
275214152
275536329
229229493
244431385
244744421
238412629
238725403
239038300
239351425
239663346
239962363
240275630
240602391
240915130
241227764
241540558
241853517
242166344
242479077
176230066
176543223
176855717
177168399
177481297
177794142
191889005
192201805
192514646
192838502
186483191
186795250
187122080
187434791
187747637
188060474
188373221
188685796
188998507
189311366
189624382
189936798
190249639
163943025
164255950
164568627
164881358
165194297
206080226
206388421
206692060
207005288
207331353
207644172
207957091
208269634
208590029
208895231
209207987
209520612
209833495
203502782
203815415
204128078
204441108
204753714
165100229
165413088
165726067
166039177
212809190
213108590
213423495
207126064
207438869
207751560
208071206
208376833
208689638
209002554
209315325
209654213
209966954
210279710
210592452
210905161
184600704
184913495
185226280
185539161
185851998
186164887
237319876
237632787
237945544
238258359
238571168
238884080
239196945
239509436
239807818
240121004
240447994
240760800
241073741
241386595
241699191
228710291
229023304
229336063
229648816
229961597
230274486
230587379
287621446
287934264
288246845
288559612
288872487
289185402
289498316
289811005
290123802
290436565
290749396
291062148
291375189
285043525
285356348
279002748
272671328
272969917
273282424
273597052
273922556
274235429
318940978
319253492
319553020
319864610
320179273
320504765
320817595
321130368
321443207
321756310
322068890
322381758
322694670
323007428
323320302
303673263
303986127
304299008
304611839
304924625
305237301
305550166
340628587
340941390
341254168
341570293
341880010
342192510
342505415
342823290
343131005
343443820
343756679
337433475
337738070
338050772
325049149
325361950
325674736
325987751
326286008
326598740
326926029
327238813
377426361
377739217
378052893
378364881
378677655
378990625
379304777
372957888
373271297
373597531
373921111
374223127
374535911
374848824
335237123
335536933
335850050
336163098
336489012
336788950
337102028
337415224
364157229
364429329
364723872
365046967
358729431
359042215
359354937
359653830
359967225
360293189
360605995
360918774
361246714
361544381
361857178
362170019
362500207
316199577
316512262
316825181
317156610
317450717
360133575
360459151
360771624
361084460
361397271
361710103
362022820
362335498
362648352
362961080
363273941
363586753
363899536
364212375
364525216
364838018
365150472
365463334
365776119
366088946
366388004
313458422
355128580
355442026
355741927
356067571
356380351
356693280
357008655
357318826
357631595
357944433
358257035
358569794
358882552
352552042
352850941
353164327
353477527
353802700
354115457
354428326
301486383
301799335
340843360
341156143
341468913
341772510
342085094
335753891
336066615
336379391
336692694
337005024
337317584
337630493
337943270
338256115
338569000
338881787
339194667
339506899
339805825
340119359
293853576
294166382
355481142
355793982
356106767
356419554
356732478
357045360
357358227
351026640
351339534
351666355
351965099
352277788
352590709
352889431
353203095
353528915
353841804
354154702
354467494
321492698
321805462
322118310
352644854
352943748
353256724
353583531
353896218
347570417
347900285
348196118
348508886
348821763
349121705
349447582
349758584
350073072
350386035
297450534
297763275
298076182
298388842
298702222
299017552
299327359
339638229
339951494
340278217
340590982
340903851
341216612
341529376
341842179
335502372
335802214
336127910
336440844
336753601
337066472
337379344
337692134
338005003
338318095
312013579
312336603
312639282
312938210
354000002
354312845
354625656
354938417
355251215
355564147
355877049
356189845
349858232
350171059
350483770
350796826
351119776
351422098
351734917
352047514
352360291
352673106
352971937
353285451
307016440
307329232
343882655
344195292
344508115
344820877
345133628
345446508
339115902
339428761
339727352
340054630
340367266
340680025
340992824
341305773
341618652
341931424
302300514
295969075
296281967
296594626
296907398
297220311
338438934
338751702
339064441
339377352
339676646
339988634
340315934
340628775
340941663
341254151
341566953
341879892
342192759
342505558
342818414
343131061
343444034
303821498
304134302
304447081
304759926
298428557
339784991
340124855
340450970
340763743
341076350
341389294
341702125
342014923
342328350
342640741
342953404
343266338
343579131
343891970
344204788
344517698
344830453
345143197
278903848
279216704
279529504
279829308
338958628
339271175
339569801
339898607
340209739
340522598
340835359
341146499
341460852
341773815
342086650
342393544
342712232
343025211
343337772
343648874
343963496
310999373
311312160
311635794
311937706
312250531
354628174
354940973
355253721
355566501
355879464
349548494
349861370
350174140
350486864
350799659
351112686
351425098
351737948
352050777
352363522
352676227
352974552
313344852
313671950
313984807
314297607
314610488
355299747
355612650
355925210
356237807
349911839
350224762
350537690
350850371
351163231
351475932
351788752
352101665
352414460
352727314
353026132
353339090
353665759
314040799
314353587
314666331
314979281
315292067
348500280
348775970
349086717
349404854
343073875
343386386
343699121
344011941
344324516
344637412
344950107
345249500
345562418
305955057
306254292
306567601
306880031
307206435
307519032
307832191
308144547
308457350
352631442
352931224
353244046
353571322
353895952
354197110
354510020
354822749
355138075
355448266
349121798
349429597
349747568
350055408
310426468
310739225
311052095
311364639
311677454
311990230
312311289
312615974
360055839
360374279
354042915
354355649
354666897
354981341
355294517
355607113
355930180
356232735
356545574
356858318
357185300
357484026
357809397
358109287
358436854
358735005
359047764
359360771
319731913
320036810
362329633
362655366
362968272
363280740
363593558
363906404
357575026
357887841
358200492
358513357
358826179
359138993
359452849
359750961
360062983
360390283
360703053
361015919
301423039
301735845
302048630
302361574
349038375
349364064
349676840
349989594
350302370
350615328
350928185
344596622
344909412
345221851
345535150
345847570
346159898
346458803
346772081
347104047
347411688
307783519
308097108
308409048
308721732
309034289
362104525
362440681
356109978
356422697
356735375
357048250
357361138
357673695
357986353
358299168
358611981
358924837
359237533
359536449
359848664
320235291
313903782
314216481
314529329
314842322
315155047
315467921
352999573
353313221
353639486
353952309
354265103
354577718
354890717
355203540
355516225
355829127
356142082
356454749
356767674
357080475
357393426
357706222
318099007
318405397
318718146
319031012
319353736
319642136
352148137
352460954
352773591
353072231
353384712
353712161
354024848
354337503
354650117
354963042
355275830
355598962
355901344
356214257
356527104
356839747
350509271
350822174
311191661
311504437
311817193
312130043
371653101
371965930
372282667
372591379
372890818
373203455
366878436
367191094
367503842
367816712
368129347
368442107
368754954
369072771
369380378
369693084
370005939
370318775
324042415
324355210
324667922
324996114
347808062
341514518
341824553
342148593
342467901
342762883
343075653
343386838
343701311
344014203
344326802
344651524
344952317
345265147
345577852
345905732
346190008
346502475
346816262
300562256
300877762
301189520
343727534
344051087
344363878
344676575
344989364
345302346
345615244
345927779
346226279
346539097
346867717
347179164
347491950
347804857
348117807
348430557
348743112
342398560
296128915
296441744
296754526
297067407
370883695
371198121
371510917
371823941
372136636
372449435
372762804
373061374
373373321
373700601
374013518
374326271
374639124
374951911
375264604
368933085
369245868
369561834
369871534
370184512
370497551
324208932
353161187
353478265
347157262
347469915
347782826
348097096
348408560
348721311
349021260
349345350
349659880
349972702
350285660
350606474
350911230
311285661
311606750
311911400
312224012
312552604
312850382
313160504
354206204
347876605
348189490
348502333
348815031
349119542
349440628
349753373
350066186
350379067
350691697
351005020
351317538
351630355
351943226
352256059
352568711
352867267
319903757
320232043
320543792
320856453
381627274
381940042
382252820
382565701
382878648
383191443
383504313
383821829
384129804
377798062
378110835
378434029
378736594
379049436
379362308
379662617
320067035
320394280
320707035
321019900
321332451
321645507
341294166
341623642
341919627
342232424
342545226
342858112
343170971
343483698
343796302
337465844
337778812
338091317
338404290
338717098
319057298
312720906
313019508
313332916
313659278
313971847
314284666
314597549
361467904
361782137
362094912
362408044
362720488
363033196
363346025
363658803
363971654
364284360
364596849
364909697
365222562
365535316
365848165
359503889
359815895
360130371
360455838
320830780
321143856
321456474
369357902
369670457
369983194
370296159
370608958
370921898
371234714
371547434
371860271
372173125
372485809
372788549
373097062
373409915
367092659
367405680
367718299
368031105
295123040
295441391
295748779
296061591
347908117
348220838
348533660
348846545
349159347
349472171
349785044
350097906
350410560
350723202
344391910
344704909
345017960
345331100
345643139
345955885
346254207
346567082
320266006
320578864
320891670
321204585
353473332
353800221
354112971
354425677
348094355
348407128
348720498
349032739
349345596
349658488
349971178
350284123
350596977
350914335
351222660
351535218
351848079
312221221
312533953
312846792
313145866
313458881
354402911
354765309
355078529
355391342
355704179
356016915
356329783
356642545
356955287
357268219
357581022
357893698
358206588
358520742
358831872
359144644
359457442
299847612
300160286
293844455
294157131
294469926
340652645
340966651
341279392
341592281
341905098
342217898
342530682
342843691
343156243
343469119
343781850
344095007
344407857
344720058
345032764
345345436
325690436
326003297
326301614
319970204
320297380
320610414
356581127
356893948
357206758
357519634
357832500
358145386
358457983
358771208
359083751
359396573
359694909
360007675
360335024
360647910
360960698
361273407
361586271
361899060
308972447
309285290
309598234
309911070
345951229
346249674
346562370
346889474
347202448
347515250
347828123
348140671
348453544
348764746
349079155
349392035
349710016
350017560
350330582
350643715
350956264
344624772
344937933
345250394
345563328
299283460
347058420
347367878
347680924
347993513
348321752
348618997
348932054
349244862
349556129
349870597
350183420
350496361
350809105
351122127
351434654
351747500
352062476
299121273
292790486
293089478
293417341
293728627
329670218
329982906
330295770
330608554
330933902
331234165
331546924
331859686
332172742
332487972
332797864
333096218
333409527
333736112
334049007
334361730
334674594
334995970
328657010
302337281
302650132
302962902
362388002
362700823
363050579
363363347
363676081
357345153
357657960
357970777
358292797
358596651
358909102
359221757
359520597
359832840
360147212
313874929
314187728
314500674
308168703
308481467
308794218
309106178
342009151
342396371
342709005
343021789
343334618
343647447
343960009
344272889
344585650
344898476
345213509
345524004
345836785
346149054
346447944
346761368
347088039
300810966
301123760
301436268
301749283
302062068
342304138
342616822
336285412
336598213
336911150
337223967
337536838
337849624
338171198
338475299
338788124
339101057
339413859
339712766
306739559
300421478
300734431
301047339
301360054
301672612
301985471
302298331
350876470
351283764
351596491
351909374
352222181
352535109
352833982
353158581
353471884
353786289
354099041
354411623
354724662
355037314
315418074
315735277
316043842
316356741
316669481
316986918
317295230
317617500
368480075
368792939
369105628
362774246
363085203
363399752
363712624
364025372
364343331
364651146
364963953
365276608
365597692
365902275
366201340
319915833
320247893
313911504
314224249
314537047
314850039
315162583
351691716
352041081
352352352
352665272
352963732
353277314
353603707
353916277
354229150
354541922
354854695
355174758
355480424
355780302
356106061
356418903
356731810
357044643
350712991
351025874
351338814
318366744
359679796
359992667
360337788
360632235
360944397
361257087
361569925
361882895
362195403
362508228
362821016
363133737
363446366
363759293
364072191
364391442
364697665
305107781
298777578
299090052
299402765
299702470
334271517
334584457
334897251
335210020
335522868
335835757
336148660
336461184
336774149
337087016
337399795
337712648
338025365
338338218
338650911
305688826
305994838
299649703
299961554
300288842
300601732
300914565
348566607
349098493
349423961
349736786
350049640
350362514
350675418
350988168
351310877
351613695
351926473
352239388
352552280
352851620
353164585
306894135
307219768
307532745
307845546
308158503
308471218
308784046
358473695
358786515
359099434
359411822
359710872
360024576
360350645
360663274
360976100
361288936
361601840
361920379
362227490
355896459
356214778
356521651
356834430
357147399
310869176
311177895
311490543
311803468
367416292
367728996
368047211
368360563
368673241
368985555
369298356
369611212
369926569
370236882
370549678
364218349
364531122
364844086
365156780
365469563
365792498
366095148
313146225
313459051
313791793
314104485
344473965
344786716
345099384
345412366
345725060
346037976
346336823
346650478
346976380
347289373
347601880
347914674
348227595
348540440
348853637
349184521
342834651
343147496
343458579
310489494
310802040
311114960
349732826
350045652
350358640
350671309
350984208
351297027
351610035
351922783
352235497
352548285
352846989
353159197
346829627
307211143
307524104
307837222
308149776
308462734
308775346
309088256
309400994
309713863
353237497
346918952
347231729
347545058
347857745
348170585
348485869
348796317
349109012
349436387
349734447
350047309
350360145
350672971
350985920
351298683
318329529
318642314
318955118
319268112
319567638
313235204
372591511
372890711
373202693
373530075
373842772
374155706
374468585
374781364
375094170
375406980
375719814
376032666
376345574
376658519
376971123
377283706
377596546
324668961
324981702
325294866
325607450
325920206
359840184
360218010
360483885
360796629
361109439
361422324
361735283
362048145
362360874
362673736
362986419
363299244
363612009
363924742
364237673
364550496
364863250
358531947
312245767
312558541
312871185
313169810
313484127
350123522
350436450
350749278
351062256
351374875
351687809
352000517
345669054
345981779
346280916
346593012
346920265
347232880
347545572
347858622
348171332
348484088
295542345
295855177
296167951
289821773
290134597
349533176
349845959
350158643
350471414
350784215
351096966
351409760
351722344
352035043
352347886
352660635
352959040
353271744
353585567
353898333
354211119
354523958
354836762
321905210
322218034
322530892
322843785
356539006
356851868
357164605
357477413
357790021
358102920
358415784
358728472
359041342
359354273
359653788
359966312
360292762
353961065
354273656
314647144
314960037
315272909
315585789
315898531
316211386
316524308
351701564
352014391
352327244
352639987
352938884
353251846
353578560
353891201
354204226
354516901
348185645
348498245
348811037
349123967
349436769
349749448
350062230
350375261
350687989
351000793
311373583
311686476
360189483
360502303
360815236
361127888
361440609
355109302
355422289
355734888
356047781
356360627
356688771
356986115
357298934
357611882
357929055
358237456
358550141
298956761
299276199
299573999
299880748
300193631
343338321
343644430
343956708
344267894
344582087
344894961
338547082
338853741
339167933
339480241
339779019
340092427
340419094
340731854
341044681
341357348
308406823
308719741
309032449
309345732
303013762
303326482
326926058
327239057
327551668
327878502
328177382
328490298
328803167
329132332
329428781
329741463
330054290
330383871
330678148
330992715
331305590
331618531
331931220
332244098
332556887
332855283
293240431
293556778
301193831
301506654
301833397
302132121
302445024
302757845
303080568
303383505
303696584
304009146
304333519
304634596
304947407
305260294
305573225
305887718
239646876
239946037
240259267
240585326
240897972
241210879
254672250
254985150
255297699
255610580
255923441
256236303
256549097
256861855
257174827
257487405
257800196
258113049
258425880
258738755
259051634
219441315
219736580
220049834
220363557
220689201
221001827
221314591
236264160
236576897
236889671
237202632
237515421
237828227
238141237
238453939
238766837
239079640
239392754
239692029
240003374
233673844
233999555
234312185
234625030
201653959
201966768
202279593
202598990
202905099
218408071
218720849
219033586
219346603
219675101
219957715
220270654
220597922
214266198
214579063
214891899
215204671
215517450
215830270
216143190
216455953
216768724
170483815
170796628
171109434
171422398
171735036
209463175
209775966
203445483
203758172
204071054
204383833
204696525
205016606
205322050
205634845
205947681
206260458
206558840
206871728
207198928
207511435
207824192
161550322
161862842
162175583
162488419
162801192
207720078
208032677
208346241
208658268
208971065
209284053
209597765
209909451
210222224
210534818
210834301
211147080
211459645
211772524
205463308
205768405
186106710
186416319
186718910
187039865
187357721
187670499
248661945
248974760
249288947
249600287
243269528
243582246
243895144
244207924
244520694
244833351
245146043
245458882
245771725
246084508
239723772
240054060
240363070
240675657
241006830
234657427
234970258
235283181
270966020
271278946
271591702
271904501
272217440
272532177
272842584
273140927
273455308
273781460
274093979
274406793
274719743
275032539
262033602
262346473
262659311
262972129
263284872
263597595
257266054
257582978
296623420
296936252
297248801
297561581
297874387
298187371
298500264
298812968
299125805
299438666
299738326
300049915
300377209
300690073
287687655
281356116
281668783
281981663
282294475
282607396
282920193
283233062
323247885
323560511
323873406
324186165
324499041
324811902
325124744
325437385
325750140
326063078
326362325
326674855
327004664
327314366
307666825
307979662
308292552
308605403
308917934
309230575
309543407
309856390
373704087
374027601
374340490
374653287
374966037
375293630
375591876
375904601
376217492
369885988
370198831
370511644
370824669
331200927
331513995
331826638
332139422
332452089
332765040
333063274
333376544
333703390
359959694
360292287
360599749
360912197
361224959
361546427
361850830
362163576
362476357
362787588
363102070
356770684
357083570
357409768
357709194
358021970
358334820
358647677
358960520
319328845
319627174
313296472
363066326
363379166
363691855
364004550
364317491
364630470
364943311
365255952
365568774
365881707
366180040
366493205
366807268
367132998
367445815
367758460
368071117
368383994
368696915
309102173
309414944
303084418
350516910
350819382
351132141
351443257
351757700
352070571
352383417
352696045
352994404
353307480
353634439
353947121
354259815
354573931
354885285
315268801
315581598
315894486
316207410
316520156
316832831
317145689
353936389
354248802
354561601
354874601
355187423
355500186
355815767
356125792
356438589
356751385
357064164
357377016
351045593
311420646
311733491
312046240
312359172
312671907
312970397
313283441
313610462
313923431
357886492
358165041
358477608
358790447
359103265
359416027
359714657
360027261
360354891
360667392
360980278
361293042
354961612
355274409
355587314
355900050
316277154
316589740
316902645
317215381
317528452
317840974
370066637
370370922
370683807
370996717
371309494
371622348
371935241
372246855
372560834
372859792
373172256
373514490
373812095
374138272
374437789
368124566
308505035
308817962
309130847
309443479
309756301
310069205
346109710
339763593
340083499
340403663
340716505
341029408
341342139
341654891
341967738
342280538
342593402
342906327
343219153
343531969
343844942
344157378
317838401
318151160
318464043
318776845
319089635
319402469
355441576
355751498
349430765
349743568
350063423
350369160
350682017
350997810
351307430
351620240
351951452
352245910
352558424
352857218
353170153
353483951
353809619
300879168
301192001
301504866
301817729
302130524
347033688
347350133
347662939
347975879
348288651
348601798
348927111
349227330
349539936
349852830
350165677
350478548
350791347
344459775
344772502
345085169
345397893
345710682
299416552
299725092
300028118
300355441
345888342
346210484
346524086
346850665
347163718
347477055
347789834
348103420
348415922
348728978
349029198
349355082
349667852
349980952
343660219
343972993
344285736
311309065
311621948
311934834
312247477
305916273
352199873
352512571
352824485
353123342
353436451
353763416
354076334
354388975
354701729
355014671
355327514
355640273
355952984
356265855
356578598
356891254
357204038
357517106
357829692
311555470
311868289
312181237
355644637
355938232
356251124
356564012
356876952
357189586
357502448
357815349
358128119
358440960
358753349
359066297
352734899
353033252
353346065
353660403
353973179
301049640
301379997
301675355
301988077
302300759
334279687
334592305
334905187
335218014
335530697
335843545
336156431
336469196
336768378
337081280
337394487
337706932
338019701
338332758
338645992
332329450
299355307
299653585
299966300
300293409
300606199
300919161
365228787
365541482
365854277
366153317
366466687
360152813
360461417
360774147
361087025
361399981
361712660
362025452
362335030
362651221
362964076
363276681
363589350
323968907
324281650
324594511
324907266
325232310
355122917
355435675
355735556
356061117
356373786
356686556
356999437
357312380
357624841
357937573
358250292
358563225
358875910
359188781
359487145
359799812
360114284
313852619
314165360
314478114
314791108
315103611
353371738
353709985
347418504
347731232
348096345
348408931
348721789
349034687
349347315
349659970
349972705
350285554
350598446
350911263
351224140
351536986
351849857
352162701
305883974
306197261
306495746
306808184
357440230
357753101
358065919
358378782
358691515
352368303
352672511
352981503
353283886
353610931
353923813
354236644
354549438
354862222
355174940
355486109
355800536
309522645
309835488
310149492
310461107
310774010
360027640
360354097
360666878
360979754
361292684
361603788
361918317
362231019
362543994
362857272
356524990
356837822
357150632
357463408
357776325
311495878
311808664
312122275
312434264
312747094
313046176
313373685
348700964
349001148
349313795
349626642
349944880
350252425
350565122
350878929
351190690
351503510
351816362
345484955
345799721
346110471
346408873
346721527
347059681
347361607
347674432
321357448
321670097
321982968
371465153
371777906
365446480
365759247
366072062
366371495
366684281
367010655
367323466
367636141
367948699
368270025
368574427
368887388
369200980
369513308
369825816
303578123
303890958
304203721
304516477
304829310
340872379
341177531
341490310
341803277
342115505
342428519
342741242
336410667
336723432
337036248
337349109
337661712
337974440
338287262
338600148
338912849
339225626
312893986
306563045
306876669
307202328
307515203
364158728
364466845
364779544
365092358
365405202
365718048
366030879
366329254
366642242
366969315
367282175
367594946
367907708
368232447
368533310
368846160
369159043
369471982
329848914
330161744
330474634
330787455
357528817
357841545
358154141
358466988
358781441
359092720
359405596
359704330
360017826
360344013
360656865
360969684
361282571
361595662
361908302
362220625
362533504
362846339
363159073
310229909
310542859
310855528
348685073
348997670
349310574
349636837
349936238
350249066
350561969
350873156
351187544
351500450
351813312
352124222
352438633
352751604
346406420
346719774
300445755
300757987
301070792
301382012
301696298
302009197
344231600
344544075
344856845
338526447
338839247
339152073
339464935
339763841
340076021
340402948
340715690
341028608
341341378
341654192
341967040
308994237
302652380
302964836
303277597
303590427
303903262
304215830
352347968
352654221
352952737
353266154
353592596
353905551
354218263
354531038
354843869
355138186
355450937
355763855
356077003
356390159
356703151
357016117
304116893
304429697
304742436
305055330
305368265
305681054
349342912
349655862
349968589
350287115
350593978
350906917
351219724
351532603
351845507
352158273
352471051
352783833
346438042
313461187
313788321
314100787
314413621
314726473
315039167
308722748
309021571
309334529
362372502
362685227
363002966
363310800
363623517
363936212
364249074
364561821
364874679
365187562
365500304
365813258
366125348
366424431
366737739
367064286
307477329
307790249
308115760
308415875
308729054
309041538
348646065
348958867
349271690
349584490
349897331
350210250
350523037
350835644
351148607
344817204
345129934
345442751
345755652
346068254
346366637
346679523
313725701
314038240
314351100
314663577
314976435
315289239
350386883
350717774
351030531
351343492
351656198
351969051
352281840
352762089
353060368
353373172
347056908
347369785
347682526
347995377
348308261
348620922
348933694
315957755
309626476
309940550
310251957
310564797
368047407
368360181
368673047
368985646
369298403
369611362
369924175
370236825
370549668
370862564
371175059
371487795
371800536
372113397
372426244
372739131
373038517
326766087
327092852
327405601
327718514
328031179
366496290
366837024
367136376
367449392
367762043
368075014
368387901
368700835
369013272
369326012
369638816
363307614
363620226
363933124
364245807
364558552
364871287
318585970
318898842
319211656
319524127
319822939
364105171
364373574
364690951
365003565
358672420
358985231
359298115
359597266
359909313
360236601
360549216
360861969
361174965
361487713
361800547
362126579
362426269
362738857
363051684
363364588
317092700
317405437
356896147
357358015
357679041
357983621
358296443
358609374
358935483
359234818
359533385
359846850
360182501
360485985
360798713
361111671
361423244
361737259
308798614
302467166
302794142
303092719
303405683
303718515
340342469
340655448
340982700
341295512
341608351
341921172
342233819
342546567
342859441
343172332
343485151
343797956
344110852
344423549
344736327
345061165
345362374
299091070
299403654
299703000
300015744
300342109
343238441
343551251
343863987
344176769
344489553
344802467
345115003
345427821
345740609
346053415
346351764
346664710
346991733
347304580
340973934
341286671
341599493
341912316
342225085
342544464
342850600
309881660
365795320
366107635
366408075
366719797
367046611
367359514
367672630
367985320
368297987
368610818
368923620
369236334
362892394
363205218
363518139
363830864
364143585
364456234
364769010
311838260
312151031
312463897
346201412
339868590
340190407
340516304
340829022
341141898
341454798
341767399
342080010
342392901
342705687
343018589
343331375
343644234
343957131
344269891
344597008
304959844
305272717
305585427
305898335
306210687
347756474
348069222
348381865
348694775
342363414
342676097
342989002
343301821
343614728
343927482
344240272
344553119
344865984
345178911
345491784
345804282
346117155
299826502
300138545
300465628
300778456
301091241
349896530
350209200
350522018
350834857
351147432
351460207
351773180
352085949
352398799
352711626
353010557
346678822
347006096
347318854
347631744
347944595
308321006
308633085
308945916
309258552
309571387
309884165
340734253
341047095
341358222
341672583
341985420
342298095
342628207
342923667
343236500
343549168
343866149
344161130
344481558
338157140
338469918
338785585
305807135
306120085
306418423
306731407
307058552
307371379
354432720
348101358
348414130
348725284
349042639
349352614
349665539
349978296
350291141
350603959
350916468
351229277
351542088
351854985
352167937
352480605
306206651
306506253
306818218
307144970
307458028
307771002
359650309
359963922
360469175
360918191
361231020
361543688
361856532
362169317
362482051
362795020
363107858
363420624
363734277
357401906
357714751
358027870
358340337
305399190
305711980
306024764
306323621
306637128
337638643
337951492
338264328
338577047
338889712
339211268
332865472
333178045
333495060
333818146
334130921
334443735
334756465
335069302
335386487
302411011
302723387
303036276
303349109
303661948
303974644
304287436
344734998
338403518
338716484
339029257
339342083
339641284
339954310
340280320
340612611
340905952
341218880
341531693
341844532
342157412
342457462
342783112
343095938
343408762
303784572
304097236
304410062
304727638
358317460
358630267
352298672
352616238
352909921
353222791
353550116
353872169
354175737
354488633
354801365
355114045
355426909
355726847
356052649
303122143
303434924
303747879
304060762
304373522
304686418
304999162
350192217
350505012
350817835
351130702
351443347
351756202
352069070
352381877
352694628
352992928
353305754
353633060
353945863
354258845
347926950
321605700
321918587
322231322
322544156
322856928
316526449
316839188
357281022
357598457
357911221
358224093
358549967
358849837
359162745
359474931
359774114
360087181
360414247
360726956
361039814
361352551
361665525
361978046
362290984
362603727
316324099
316636874
316949828
317262261
355501065
355813885
356126670
349796056
350109014
350421900
350734646
351047220
351359901
351672734
351985524
352298279
352611187
352909519
353222307
300297202
300610037
300922952
301235778
294903874
295216777
295529640
335895878
336208706
336521434
336834155
337147350
337459778
337772717
338085438
338398397
338711118
339024095
339336814
339635877
339949266
340275200
340588019
340900921
307938532
308251288
308564176
308877038
309189738
361855898
362168763
362481507
362794344
363107166
363419891
363732785
364053808
357714001
358026845
358339590
358662632
358965417
359278139
359577733
359889795
360216667
360529605
360842396
321218725
321531593
321844504
357261800
357574827
357887345
358200247
358513161
358825894
359138477
359451310
359750016
360063234
353745695
354058430
354370952
354693271
354996794
355309536
355622351
355935213
302984720
303297341
303610251
303923040
358724695
359037501
359350310
359648644
359961536
360288774
360601611
354281687
354594518
354907148
355220077
355533195
355845686
356158544
356471654
356784200
357097058
357409838
357722650
311446071
311758845
312069762
349801577
350114638
350427082
350739882
351052756
351365653
351678468
351991167
352304183
352616872
352915907
353229104
353555302
353868210
347536680
347849347
348162222
348475139
308850064
309159727
309475484
309788378
346343830
346658015
346985145
347297805
347610612
347923632
348250392
348549163
348861952
349174820
349487487
349800309
350113230
343781380
344094320
311113142
311426005
311738824
305410579
305727206
306036045
306334821
357140876
357435265
357748102
358060966
358373847
358686592
358999367
359312015
359611730
359926257
360250592
360563257
360876379
361188974
361501839
321876098
315544770
315844646
316170425
316483248
316796102
317108832
351333078
351645847
351958749
352271631
352584442
352884068
353207712
353523018
353835741
354148497
354461306
354774129
355086914
355399642
355717425
302774491
296443851
296756608
297078893
297382282
297694967
298007765
340885838
341175419
341499043
341811829
342124708
342424591
342750357
343062888
343375828
343688574
344001270
344314044
344626908
344939526
345252253
345565075
339234714
306251817
306564869
306876741
307204112
307516738
364968158
365281010
365593780
365906513
366205207
366517514
366844820
367157604
367470385
367783241
368095779
368408606
368721419
309119780
309445304
309758158
310070851
310383750
310696432
311009263
311322034
311634946
339259808
339558627
333228341
333561377
333874093
334186761
334499619
334812333
335125202
335437922
335750848
336063558
336376077
336689201
337001862
337314513
337627264
337940192
298322454
298635380
298948145
299261005
326401578
326714923
327041205
327353870
327666687
327986125
328292404
328605198
328918069
329230802
329543648
329856459
330169240
323838165
324150782
324463231
324776063
325088964
325401827
292429945
292742865
293053278
304320166
304632945
304945741
305258537
305571356
305884387
306196757
299851863
300165126
300491181
300804259
301116797
301440945
301742544
302055097
302367754
249433825
249746722
250059622
250372295
250685192
250998090
264483479
264796098
265108921
265421818
265734588
266047484
266346883
266659399
266972905
267311334
267611447
267924348
268237189
261905553
262218518
262531298
229557346
229870088
230182686
230495650
230808382
231121219
245336686
245649414
245962248
239631067
239929449
240243559
240569598
240882417
241195201
241508126
241829441
242133604
242446444
242759585
243072159
243385026
243697786
244010477
244323207
244636199
244948848
205324478
219972282
220284883
220612079
220924903
214593957
214905142
215219655
215532376
215844938
216156165
216470618
216783383
217096147
217407324
217721906
218034508
158443021
158755069
159068787
159381538
159694303
159992855
174722410
175035326
175348030
175661218
175960612
176286351
176599200
170267815
170580797
170893667
171206350
171518990
171831814
172144681
172457680
172770284
173083163
146756142
147069209
147395971
147708930
148021993
164004315
164317248
164629986
164942845
165255673
165568574
159237006
159549827
159849134
160161748
160488200
160801011
161113874
161426842
161739684
162052383
135739495
136039318
136364995
136677790
136990745
137303689
151626260
151939196
152251841
152564630
152877449
146531968
146845863
147159010
147496248
147797338
148110138
148441877
148735844
149048621
136039045
136364655
136677343
136990257
137303085
137615921
137928596
138241514
152236994
152537687
152850481
153148793
153462018
153776055
154106769
154414545
154727374
155040231
148708753
149021665
149334444
149647506
136647326
136960025
137272922
137585855
137898633
138211432
138524054
138836931
154188861
154501602
154814558
155127176
155440019
155752842
156052842
156378485
156691337
157004202
150672774
150985621
151298481
151611272
138609909
138922662
139235507
139548452
139846756
140160263
140474056
140799500
