cpu  815095 36845 1366752 504710252 108654 0 2502990 0 0 0
cpu0 110560 9541 190949 126438263 29541 0 586761 0 0 0
cpu1 446830 10657 757605 125299235 22289 0 720566 0 0 0
cpu2 130970 2862 219348 126493344 29369 0 610900 0 0 0
cpu3 126734 13783 198848 126479409 27453 0 584762 0 0 0
intr 11563475678 0 0 2556636 81 0 697211 31545194 0 0 0 9004524 0 0 0 0 0 0 0 0 0 0 0 0 0 0 0 0 0 0 0 0 0 0 0 0 0 0 0 0 0 0 0 0 0 0 0 0 0 0 0 0 2075437880 0 0 0 0 0 0 0 0 733596 0 405053 0 0 0 0 0 0 0 0 0 0 0 661168906 1 0 0 0 0 0 0 0 0 0 0 0 0 0 0 0 0 0 0 0 0 0 0 397288 4219 0 0 0 0 16658266 0 0 0 0 0 0 0 0 0 0 0 0 0 0 0 0 0 0 0 0 0 0 0 0 0 0 0 0 0 0 0 0 0 0 0 0 0 0 0 0 0 0 0 0 0 0 0 0 0 0 0 0 0 0 0 0 0 0 0 0 0 0 0 0 0 0 0 0 0 0 0 0 0 0 0 174932232 0 0 0
ctxt 373651522
btime 1669654930
processes 527131
procs_running 1
procs_blocked 0
softirq 835390613 584458457 29575323 731191 60370273 404985 0 100942676 37988559 588 20918561

cpu  815096 36845 1366752 504710450 108654 0 2502990 0 0 0
cpu0 110560 9541 190949 126438312 29541 0 586761 0 0 0
cpu1 446830 10657 757605 125299284 22289 0 720566 0 0 0
cpu2 130970 2862 219348 126493394 29369 0 610900 0 0 0
cpu3 126734 13783 198848 126479458 27453 0 584762 0 0 0
intr 11563479919 0 0 2556636 81 0 697211 31545233 0 0 0 9004529 0 0 0 0 0 0 0 0 0 0 0 0 0 0 0 0 0 0 0 0 0 0 0 0 0 0 0 0 0 0 0 0 0 0 0 0 0 0 0 0 2075441884 0 0 0 0 0 0 0 0 733597 0 405053 0 0 0 0 0 0 0 0 0 0 0 661169036 1 0 0 0 0 0 0 0 0 0 0 0 0 0 0 0 0 0 0 0 0 0 0 397288 4219 0 0 0 0 16658296 0 0 0 0 0 0 0 0 0 0 0 0 0 0 0 0 0 0 0 0 0 0 0 0 0 0 0 0 0 0 0 0 0 0 0 0 0 0 0 0 0 0 0 0 0 0 0 0 0 0 0 0 0 0 0 0 0 0 0 0 0 0 0 0 0 0 0 0 0 0 0 0 0 0 0 174932263 0 0 0
ctxt 373651638
btime 1669654930
processes 527131
procs_running 1
procs_blocked 0
softirq 835390688 584458457 29575339 731191 60370275 404985 0 100942701 37988579 588 20918573

cpu  815096 36845 1366752 504710646 108654 0 2502990 0 0 0
cpu0 110560 9541 190949 126438361 29541 0 586761 0 0 0
cpu1 446830 10657 757605 125299333 22289 0 720566 0 0 0
cpu2 130970 2862 219348 126493443 29369 0 610900 0 0 0
cpu3 126735 13783 198848 126479507 27453 0 584762 0 0 0
intr 11563484243 0 0 2556637 81 0 697211 31545286 0 0 0 9004533 0 0 0 0 0 0 0 0 0 0 0 0 0 0 0 0 0 0 0 0 0 0 0 0 0 0 0 0 0 0 0 0 0 0 0 0 0 0 0 0 2075445913 0 0 0 0 0 0 0 0 733598 0 405053 0 0 0 0 0 0 0 0 0 0 0 661169189 1 0 0 0 0 0 0 0 0 0 0 0 0 0 0 0 0 0 0 0 0 0 0 397288 4219 0 0 0 0 16658339 0 0 0 0 0 0 0 0 0 0 0 0 0 0 0 0 0 0 0 0 0 0 0 0 0 0 0 0 0 0 0 0 0 0 0 0 0 0 0 0 0 0 0 0 0 0 0 0 0 0 0 0 0 0 0 0 0 0 0 0 0 0 0 0 0 0 0 0 0 0 0 0 0 0 0 174932304 0 0 0
ctxt 373651797
btime 1669654930
processes 527131
procs_running 1
procs_blocked 0
softirq 835390795 584458465 29575360 731191 60370278 404985 0 100942739 37988604 588 20918585

cpu  815096 36845 1366753 504710843 108654 0 2502990 0 0 0
cpu0 110560 9541 190949 126438411 29541 0 586761 0 0 0
cpu1 446830 10657 757605 125299382 22289 0 720566 0 0 0
cpu2 130970 2862 219348 126493493 29369 0 610900 0 0 0
cpu3 126735 13783 198849 126479556 27453 0 584762 0 0 0
intr 11563488498 0 0 2556637 81 0 697211 31545330 0 0 0 9004537 0 0 0 0 0 0 0 0 0 0 0 0 0 0 0 0 0 0 0 0 0 0 0 0 0 0 0 0 0 0 0 0 0 0 0 0 0 0 0 0 2075449910 0 0 0 0 0 0 0 0 733599 0 405053 0 0 0 0 0 0 0 0 0 0 0 661169318 1 0 0 0 0 0 0 0 0 0 0 0 0 0 0 0 0 0 0 0 0 0 0 397288 4219 0 0 0 0 16658381 0 0 0 0 0 0 0 0 0 0 0 0 0 0 0 0 0 0 0 0 0 0 0 0 0 0 0 0 0 0 0 0 0 0 0 0 0 0 0 0 0 0 0 0 0 0 0 0 0 0 0 0 0 0 0 0 0 0 0 0 0 0 0 0 0 0 0 0 0 0 0 0 0 0 0 174932342 0 0 0
ctxt 373651927
btime 1669654930
processes 527131
procs_running 1
procs_blocked 0
softirq 835390890 584458465 29575380 731191 60370280 404985 0 100942775 37988630 588 20918596

cpu  815097 36845 1366754 504711039 108654 0 2502990 0 0 0
cpu0 110560 9541 190950 126438460 29541 0 586761 0 0 0
cpu1 446831 10657 757606 125299430 22289 0 720566 0 0 0
cpu2 130970 2862 219348 126493542 29369 0 610900 0 0 0
cpu3 126735 13783 198849 126479605 27453 0 584762 0 0 0
intr 11563492885 0 0 2556637 81 0 697211 31545409 0 0 0 9004541 0 0 0 0 0 0 0 0 0 0 0 0 0 0 0 0 0 0 0 0 0 0 0 0 0 0 0 0 0 0 0 0 0 0 0 0 0 0 0 0 2075453938 0 0 0 0 0 0 0 0 733600 0 405053 0 0 0 0 0 0 0 0 0 0 0 661169472 1 0 0 0 0 0 0 0 0 0 0 0 0 0 0 0 0 0 0 0 0 0 0 397288 4219 0 0 0 0 16658456 0 0 0 0 0 0 0 0 0 0 0 0 0 0 0 0 0 0 0 0 0 0 0 0 0 0 0 0 0 0 0 0 0 0 0 0 0 0 0 0 0 0 0 0 0 0 0 0 0 0 0 0 0 0 0 0 0 0 0 0 0 0 0 0 0 0 0 0 0 0 0 0 0 0 0 174932389 0 0 0
ctxt 373652154
btime 1669654930
processes 527131
procs_running 1
procs_blocked 0
softirq 835391030 584458473 29575402 731192 60370286 404985 0 100942835 37988662 588 20918607

cpu  815097 36845 1366756 504711235 108654 0 2502990 0 0 0
cpu0 110560 9541 190950 126438509 29541 0 586761 0 0 0
cpu1 446831 10657 757607 125299479 22289 0 720566 0 0 0
cpu2 130970 2862 219349 126493591 29369 0 610900 0 0 0
cpu3 126735 13783 198849 126479654 27453 0 584762 0 0 0
intr 11563497175 0 0 2556637 81 0 697211 31545471 0 0 0 9004545 0 0 0 0 0 0 0 0 0 0 0 0 0 0 0 0 0 0 0 0 0 0 0 0 0 0 0 0 0 0 0 0 0 0 0 0 0 0 0 0 2075457935 0 0 0 0 0 0 0 0 733601 0 405053 0 0 0 0 0 0 0 0 0 0 0 661169600 1 0 0 0 0 0 0 0 0 0 0 0 0 0 0 0 0 0 0 0 0 0 0 397288 4219 0 0 0 0 16658515 0 0 0 0 0 0 0 0 0 0 0 0 0 0 0 0 0 0 0 0 0 0 0 0 0 0 0 0 0 0 0 0 0 0 0 0 0 0 0 0 0 0 0 0 0 0 0 0 0 0 0 0 0 0 0 0 0 0 0 0 0 0 0 0 0 0 0 0 0 0 0 0 0 0 0 174932426 0 0 0
ctxt 373652330
btime 1669654930
processes 527131
procs_running 1
procs_blocked 0
softirq 835391134 584458473 29575418 731192 60370291 404985 0 100942883 37988685 588 20918619

cpu  815097 36845 1366756 504711432 108654 0 2502990 0 0 0
cpu0 110560 9541 190950 126438559 29541 0 586761 0 0 0
cpu1 446831 10657 757607 125299528 22289 0 720566 0 0 0
cpu2 130970 2862 219349 126493641 29369 0 610900 0 0 0
cpu3 126736 13783 198849 126479703 27453 0 584762 0 0 0
intr 11563501466 0 0 2556638 81 0 697211 31545511 0 0 0 9004549 0 0 0 0 0 0 0 0 0 0 0 0 0 0 0 0 0 0 0 0 0 0 0 0 0 0 0 0 0 0 0 0 0 0 0 0 0 0 0 0 2075461956 0 0 0 0 0 0 0 0 733602 0 405053 0 0 0 0 0 0 0 0 0 0 0 661169752 1 0 0 0 0 0 0 0 0 0 0 0 0 0 0 0 0 0 0 0 0 0 0 397288 4219 0 0 0 0 16658550 0 0 0 0 0 0 0 0 0 0 0 0 0 0 0 0 0 0 0 0 0 0 0 0 0 0 0 0 0 0 0 0 0 0 0 0 0 0 0 0 0 0 0 0 0 0 0 0 0 0 0 0 0 0 0 0 0 0 0 0 0 0 0 0 0 0 0 0 0 0 0 0 0 0 0 174932463 0 0 0
ctxt 373652475
btime 1669654930
processes 527131
procs_running 1
procs_blocked 0
softirq 835391231 584458481 29575438 731192 60370294 404985 0 100942915 37988709 588 20918629

cpu  815098 36845 1366756 504711629 108654 0 2502990 0 0 0
cpu0 110560 9541 190950 126438608 29541 0 586761 0 0 0
cpu1 446832 10657 757607 125299576 22289 0 720566 0 0 0
cpu2 130970 2862 219349 126493690 29369 0 610900 0 0 0
cpu3 126736 13783 198849 126479753 27453 0 584762 0 0 0
intr 11563505702 0 0 2556638 81 0 697211 31545545 0 0 0 9004553 0 0 0 0 0 0 0 0 0 0 0 0 0 0 0 0 0 0 0 0 0 0 0 0 0 0 0 0 0 0 0 0 0 0 0 0 0 0 0 0 2075465960 0 0 0 0 0 0 0 0 733603 0 405053 0 0 0 0 0 0 0 0 0 0 0 661169882 1 0 0 0 0 0 0 0 0 0 0 0 0 0 0 0 0 0 0 0 0 0 0 397288 4219 0 0 0 0 16658585 0 0 0 0 0 0 0 0 0 0 0 0 0 0 0 0 0 0 0 0 0 0 0 0 0 0 0 0 0 0 0 0 0 0 0 0 0 0 0 0 0 0 0 0 0 0 0 0 0 0 0 0 0 0 0 0 0 0 0 0 0 0 0 0 0 0 0 0 0 0 0 0 0 0 0 174932491 0 0 0
ctxt 373652579
btime 1669654930
processes 527131
procs_running 1
procs_blocked 0
softirq 835391305 584458481 29575452 731192 60370297 404985 0 100942942 37988728 588 20918640

cpu  815101 36845 1366762 504711817 108654 0 2502990 0 0 0
cpu0 110561 9541 190951 126438655 29541 0 586761 0 0 0
cpu1 446833 10657 757609 125299622 22289 0 720566 0 0 0
cpu2 130970 2862 219351 126493738 29369 0 610900 0 0 0
cpu3 126736 13783 198850 126479801 27453 0 584762 0 0 0
intr 11563510164 0 0 2556642 81 0 697225 31545629 0 0 0 9004557 0 0 0 0 0 0 0 0 0 0 0 0 0 0 0 0 0 0 0 0 0 0 0 0 0 0 0 0 0 0 0 0 0 0 0 0 0 0 0 0 2075469980 0 0 0 0 0 0 0 0 733604 0 405053 0 0 0 0 0 0 0 0 0 0 0 661170034 1 0 0 0 0 0 0 0 0 0 0 0 0 0 0 0 0 0 0 0 0 0 0 397288 4219 0 0 0 0 16658624 0 0 0 0 0 0 0 0 0 0 0 0 0 0 0 0 0 0 0 0 0 0 0 0 0 0 0 0 0 0 0 0 0 0 0 0 0 0 0 0 0 0 0 0 0 0 0 0 0 0 0 0 0 0 0 0 0 0 0 0 0 0 0 0 0 0 0 0 0 0 0 0 0 0 0 174932636 0 0 0
ctxt 373652863
btime 1669654930
processes 527142
procs_running 1
procs_blocked 0
softirq 835391547 584458489 29575490 731192 60370300 404985 0 100942976 37988811 588 20918716

cpu  815101 36845 1366762 504712014 108654 0 2502990 0 0 0
cpu0 110561 9541 190951 126438705 29541 0 586761 0 0 0
cpu1 446833 10657 757609 125299670 22289 0 720566 0 0 0
cpu2 130970 2862 219351 126493787 29369 0 610900 0 0 0
cpu3 126736 13783 198850 126479850 27453 0 584762 0 0 0
intr 11563514439 0 0 2556642 81 0 697225 31545681 0 0 0 9004561 0 0 0 0 0 0 0 0 0 0 0 0 0 0 0 0 0 0 0 0 0 0 0 0 0 0 0 0 0 0 0 0 0 0 0 0 0 0 0 0 2075473985 0 0 0 0 0 0 0 0 733605 0 405053 0 0 0 0 0 0 0 0 0 0 0 661170164 1 0 0 0 0 0 0 0 0 0 0 0 0 0 0 0 0 0 0 0 0 0 0 397288 4219 0 0 0 0 16658673 0 0 0 0 0 0 0 0 0 0 0 0 0 0 0 0 0 0 0 0 0 0 0 0 0 0 0 0 0 0 0 0 0 0 0 0 0 0 0 0 0 0 0 0 0 0 0 0 0 0 0 0 0 0 0 0 0 0 0 0 0 0 0 0 0 0 0 0 0 0 0 0 0 0 0 174932670 0 0 0
ctxt 373653016
btime 1669654930
processes 527142
procs_running 1
procs_blocked 0
softirq 835391639 584458489 29575508 731192 60370304 404985 0 100943016 37988830 588 20918727

cpu  815101 36845 1366762 504712210 108654 0 2502990 0 0 0
cpu0 110561 9541 190952 126438754 29541 0 586761 0 0 0
cpu1 446833 10657 757609 125299719 22289 0 720566 0 0 0
cpu2 130970 2862 219351 126493836 29369 0 610900 0 0 0
cpu3 126736 13783 198850 126479899 27453 0 584762 0 0 0
intr 11563518731 0 0 2556643 81 0 697226 31545726 0 0 0 9004565 0 0 0 0 0 0 0 0 0 0 0 0 0 0 0 0 0 0 0 0 0 0 0 0 0 0 0 0 0 0 0 0 0 0 0 0 0 0 0 0 2075478008 0 0 0 0 0 0 0 0 733606 0 405053 0 0 0 0 0 0 0 0 0 0 0 661170316 1 0 0 0 0 0 0 0 0 0 0 0 0 0 0 0 0 0 0 0 0 0 0 397288 4219 0 0 0 0 16658700 0 0 0 0 0 0 0 0 0 0 0 0 0 0 0 0 0 0 0 0 0 0 0 0 0 0 0 0 0 0 0 0 0 0 0 0 0 0 0 0 0 0 0 0 0 0 0 0 0 0 0 0 0 0 0 0 0 0 0 0 0 0 0 0 0 0 0 0 0 0 0 0 0 0 0 174932708 0 0 0
ctxt 373653161
btime 1669654930
processes 527142
procs_running 1
procs_blocked 0
softirq 835391732 584458497 29575528 731192 60370306 404985 0 100943043 37988855 588 20918738

cpu  815102 36845 1366762 504712408 108654 0 2502990 0 0 0
cpu0 110561 9541 190952 126438804 29541 0 586761 0 0 0
cpu1 446834 10657 757609 125299768 22289 0 720566 0 0 0
cpu2 130970 2862 219351 126493886 29369 0 610900 0 0 0
cpu3 126736 13783 198850 126479949 27453 0 584762 0 0 0
intr 11563522937 0 0 2556643 81 0 697226 31545750 0 0 0 9004569 0 0 0 0 0 0 0 0 0 0 0 0 0 0 0 0 0 0 0 0 0 0 0 0 0 0 0 0 0 0 0 0 0 0 0 0 0 0 0 0 2075482012 0 0 0 0 0 0 0 0 733607 0 405053 0 0 0 0 0 0 0 0 0 0 0 661170446 1 0 0 0 0 0 0 0 0 0 0 0 0 0 0 0 0 0 0 0 0 0 0 397288 4219 0 0 0 0 16658715 0 0 0 0 0 0 0 0 0 0 0 0 0 0 0 0 0 0 0 0 0 0 0 0 0 0 0 0 0 0 0 0 0 0 0 0 0 0 0 0 0 0 0 0 0 0 0 0 0 0 0 0 0 0 0 0 0 0 0 0 0 0 0 0 0 0 0 0 0 0 0 0 0 0 0 174932736 0 0 0
ctxt 373653243
btime 1669654930
processes 527142
procs_running 1
procs_blocked 0
softirq 835391789 584458497 29575542 731192 60370307 404985 0 100943056 37988872 588 20918750

cpu  815102 36845 1366762 504712604 108654 0 2502990 0 0 0
cpu0 110561 9541 190952 126438853 29541 0 586761 0 0 0
cpu1 446834 10657 757609 125299817 22289 0 720566 0 0 0
cpu2 130970 2862 219351 126493935 29369 0 610900 0 0 0
cpu3 126736 13783 198850 126479998 27453 0 584762 0 0 0
intr 11563527216 0 0 2556643 81 0 697226 31545789 0 0 0 9004572 0 0 0 0 0 0 0 0 0 0 0 0 0 0 0 0 0 0 0 0 0 0 0 0 0 0 0 0 0 0 0 0 0 0 0 0 0 0 0 0 2075486032 0 0 0 0 0 0 0 0 733608 0 405053 0 0 0 0 0 0 0 0 0 0 0 661170598 1 0 0 0 0 0 0 0 0 0 0 0 0 0 0 0 0 0 0 0 0 0 0 397288 4219 0 0 0 0 16658742 0 0 0 0 0 0 0 0 0 0 0 0 0 0 0 0 0 0 0 0 0 0 0 0 0 0 0 0 0 0 0 0 0 0 0 0 0 0 0 0 0 0 0 0 0 0 0 0 0 0 0 0 0 0 0 0 0 0 0 0 0 0 0 0 0 0 0 0 0 0 0 0 0 0 0 174932773 0 0 0
ctxt 373653379
btime 1669654930
processes 527142
procs_running 1
procs_blocked 0
softirq 835391877 584458505 29575560 731192 60370309 404985 0 100943082 37988895 588 20918761

cpu  815102 36845 1366762 504712801 108654 0 2502990 0 0 0
cpu0 110561 9541 190952 126438902 29541 0 586761 0 0 0
cpu1 446834 10657 757609 125299866 22289 0 720566 0 0 0
cpu2 130970 2862 219351 126493985 29369 0 610900 0 0 0
cpu3 126736 13783 198850 126480047 27453 0 584762 0 0 0
intr 11563531422 0 0 2556643 81 0 697226 31545814 0 0 0 9004576 0 0 0 0 0 0 0 0 0 0 0 0 0 0 0 0 0 0 0 0 0 0 0 0 0 0 0 0 0 0 0 0 0 0 0 0 0 0 0 0 2075490036 0 0 0 0 0 0 0 0 733609 0 405053 0 0 0 0 0 0 0 0 0 0 0 661170728 1 0 0 0 0 0 0 0 0 0 0 0 0 0 0 0 0 0 0 0 0 0 0 397288 4219 0 0 0 0 16658757 0 0 0 0 0 0 0 0 0 0 0 0 0 0 0 0 0 0 0 0 0 0 0 0 0 0 0 0 0 0 0 0 0 0 0 0 0 0 0 0 0 0 0 0 0 0 0 0 0 0 0 0 0 0 0 0 0 0 0 0 0 0 0 0 0 0 0 0 0 0 0 0 0 0 0 174932800 0 0 0
ctxt 373653462
btime 1669654930
processes 527142
procs_running 1
procs_blocked 0
softirq 835391932 584458505 29575573 731192 60370310 404985 0 100943095 37988911 588 20918773

cpu  815103 36845 1366763 504712998 108654 0 2502990 0 0 0
cpu0 110562 9541 190952 126438952 29541 0 586761 0 0 0
cpu1 446834 10657 757609 125299914 22289 0 720566 0 0 0
cpu2 130970 2862 219351 126494034 29369 0 610900 0 0 0
cpu3 126736 13783 198850 126480096 27453 0 584762 0 0 0
intr 11563535679 0 0 2556644 81 0 697226 31545842 0 0 0 9004580 0 0 0 0 0 0 0 0 0 0 0 0 0 0 0 0 0 0 0 0 0 0 0 0 0 0 0 0 0 0 0 0 0 0 0 0 0 0 0 0 2075494055 0 0 0 0 0 0 0 0 733610 0 405053 0 0 0 0 0 0 0 0 0 0 0 661170880 1 0 0 0 0 0 0 0 0 0 0 0 0 0 0 0 0 0 0 0 0 0 0 397288 4219 0 0 0 0 16658772 0 0 0 0 0 0 0 0 0 0 0 0 0 0 0 0 0 0 0 0 0 0 0 0 0 0 0 0 0 0 0 0 0 0 0 0 0 0 0 0 0 0 0 0 0 0 0 0 0 0 0 0 0 0 0 0 0 0 0 0 0 0 0 0 0 0 0 0 0 0 0 0 0 0 0 174932837 0 0 0
ctxt 373653567
btime 1669654930
processes 527142
procs_running 1
procs_blocked 0
softirq 835392006 584458513 29575589 731192 60370311 404985 0 100943110 37988934 588 20918784

cpu  815103 36845 1366763 504713195 108654 0 2502990 0 0 0
cpu0 110562 9541 190952 126439001 29541 0 586761 0 0 0
cpu1 446834 10657 757609 125299963 22289 0 720566 0 0 0
cpu2 130970 2862 219351 126494083 29369 0 610900 0 0 0
cpu3 126736 13783 198850 126480146 27453 0 584762 0 0 0
intr 11563539883 0 0 2556644 81 0 697226 31545864 0 0 0 9004584 0 0 0 0 0 0 0 0 0 0 0 0 0 0 0 0 0 0 0 0 0 0 0 0 0 0 0 0 0 0 0 0 0 0 0 0 0 0 0 0 2075498059 0 0 0 0 0 0 0 0 733611 0 405053 0 0 0 0 0 0 0 0 0 0 0 661171010 1 0 0 0 0 0 0 0 0 0 0 0 0 0 0 0 0 0 0 0 0 0 0 397288 4219 0 0 0 0 16658787 0 0 0 0 0 0 0 0 0 0 0 0 0 0 0 0 0 0 0 0 0 0 0 0 0 0 0 0 0 0 0 0 0 0 0 0 0 0 0 0 0 0 0 0 0 0 0 0 0 0 0 0 0 0 0 0 0 0 0 0 0 0 0 0 0 0 0 0 0 0 0 0 0 0 0 174932865 0 0 0
ctxt 373653645
btime 1669654930
processes 527142
procs_running 1
procs_blocked 0
softirq 835392061 584458513 29575602 731192 60370312 404985 0 100943123 37988951 588 20918795

cpu  815103 36845 1366763 504713392 108654 0 2502990 0 0 0
cpu0 110562 9541 190952 126439050 29541 0 586761 0 0 0
cpu1 446834 10657 757609 125300012 22289 0 720566 0 0 0
cpu2 130970 2862 219351 126494133 29369 0 610900 0 0 0
cpu3 126736 13783 198850 126480195 27453 0 584762 0 0 0
intr 11563544146 0 0 2556648 81 0 697226 31545894 0 0 0 9004587 0 0 0 0 0 0 0 0 0 0 0 0 0 0 0 0 0 0 0 0 0 0 0 0 0 0 0 0 0 0 0 0 0 0 0 0 0 0 0 0 2075502078 0 0 0 0 0 0 0 0 733612 0 405053 0 0 0 0 0 0 0 0 0 0 0 661171160 1 0 0 0 0 0 0 0 0 0 0 0 0 0 0 0 0 0 0 0 0 0 0 397288 4219 0 0 0 0 16658802 0 0 0 0 0 0 0 0 0 0 0 0 0 0 0 0 0 0 0 0 0 0 0 0 0 0 0 0 0 0 0 0 0 0 0 0 0 0 0 0 0 0 0 0 0 0 0 0 0 0 0 0 0 0 0 0 0 0 0 0 0 0 0 0 0 0 0 0 0 0 0 0 0 0 0 174932905 0 0 0
ctxt 373653752
btime 1669654930
processes 527142
procs_running 1
procs_blocked 0
softirq 835392134 584458521 29575619 731193 60370313 404985 0 100943137 37988972 588 20918806

cpu  815104 36845 1366764 504713588 108654 0 2502990 0 0 0
cpu0 110562 9541 190952 126439100 29541 0 586761 0 0 0
cpu1 446835 10657 757609 125300061 22289 0 720566 0 0 0
cpu2 130970 2862 219351 126494182 29369 0 610900 0 0 0
cpu3 126736 13783 198850 126480244 27453 0 584762 0 0 0
intr 11563548382 0 0 2556648 81 0 697226 31545932 0 0 0 9004592 0 0 0 0 0 0 0 0 0 0 0 0 0 0 0 0 0 0 0 0 0 0 0 0 0 0 0 0 0 0 0 0 0 0 0 0 0 0 0 0 2075506074 0 0 0 0 0 0 0 0 733613 0 405053 0 0 0 0 0 0 0 0 0 0 0 661171290 1 0 0 0 0 0 0 0 0 0 0 0 0 0 0 0 0 0 0 0 0 0 0 397288 4219 0 0 0 0 16658832 0 0 0 0 0 0 0 0 0 0 0 0 0 0 0 0 0 0 0 0 0 0 0 0 0 0 0 0 0 0 0 0 0 0 0 0 0 0 0 0 0 0 0 0 0 0 0 0 0 0 0 0 0 0 0 0 0 0 0 0 0 0 0 0 0 0 0 0 0 0 0 0 0 0 0 174932941 0 0 0
ctxt 373653866
btime 1669654930
processes 527142
procs_running 1
procs_blocked 0
softirq 835392218 584458521 29575635 731193 60370315 404985 0 100943162 37988995 588 20918824

cpu  815104 36845 1366764 504713786 108654 0 2502990 0 0 0
cpu0 110562 9541 190952 126439149 29541 0 586761 0 0 0
cpu1 446835 10657 757609 125300110 22289 0 720566 0 0 0
cpu2 130970 2862 219351 126494231 29369 0 610900 0 0 0
cpu3 126736 13783 198850 126480294 27453 0 584762 0 0 0
intr 11563552643 0 0 2556649 81 0 697226 31545959 0 0 0 9004596 0 0 0 0 0 0 0 0 0 0 0 0 0 0 0 0 0 0 0 0 0 0 0 0 0 0 0 0 0 0 0 0 0 0 0 0 0 0 0 0 2075510104 0 0 0 0 0 0 0 0 733614 0 405053 0 0 0 0 0 0 0 0 0 0 0 661171442 1 0 0 0 0 0 0 0 0 0 0 0 0 0 0 0 0 0 0 0 0 0 0 397288 4219 0 0 0 0 16658847 0 0 0 0 0 0 0 0 0 0 0 0 0 0 0 0 0 0 0 0 0 0 0 0 0 0 0 0 0 0 0 0 0 0 0 0 0 0 0 0 0 0 0 0 0 0 0 0 0 0 0 0 0 0 0 0 0 0 0 0 0 0 0 0 0 0 0 0 0 0 0 0 0 0 0 174932973 0 0 0
ctxt 373653974
btime 1669654930
processes 527142
procs_running 1
procs_blocked 0
softirq 835392288 584458529 29575651 731193 60370316 404985 0 100943177 37989014 588 20918835

cpu  815104 36845 1366764 504713982 108654 0 2502990 0 0 0
cpu0 110562 9541 190952 126439198 29541 0 586761 0 0 0
cpu1 446836 10657 757610 125300159 22289 0 720566 0 0 0
cpu2 130970 2862 219351 126494281 29369 0 610900 0 0 0
cpu3 126736 13783 198850 126480343 27453 0 584762 0 0 0
intr 11563556836 0 0 2556649 81 0 697226 31545980 0 0 0 9004599 0 0 0 0 0 0 0 0 0 0 0 0 0 0 0 0 0 0 0 0 0 0 0 0 0 0 0 0 0 0 0 0 0 0 0 0 0 0 0 0 2075514100 0 0 0 0 0 0 0 0 733615 0 405053 0 0 0 0 0 0 0 0 0 0 0 661171572 1 0 0 0 0 0 0 0 0 0 0 0 0 0 0 0 0 0 0 0 0 0 0 397288 4219 0 0 0 0 16658862 0 0 0 0 0 0 0 0 0 0 0 0 0 0 0 0 0 0 0 0 0 0 0 0 0 0 0 0 0 0 0 0 0 0 0 0 0 0 0 0 0 0 0 0 0 0 0 0 0 0 0 0 0 0 0 0 0 0 0 0 0 0 0 0 0 0 0 0 0 0 0 0 0 0 0 174933000 0 0 0
ctxt 373654054
btime 1669654930
processes 527142
procs_running 1
procs_blocked 0
softirq 835392341 584458529 29575663 731193 60370317 404985 0 100943190 37989030 588 20918846

cpu  815105 36845 1366764 504714179 108654 0 2502990 0 0 0
cpu0 110562 9541 190952 126439248 29541 0 586761 0 0 0
cpu1 446836 10657 757610 125300208 22289 0 720566 0 0 0
cpu2 130970 2862 219352 126494330 29369 0 610900 0 0 0
cpu3 126736 13783 198850 126480392 27453 0 584762 0 0 0
intr 11563561110 0 0 2556649 81 0 697226 31546015 0 0 0 9004603 0 0 0 0 0 0 0 0 0 0 0 0 0 0 0 0 0 0 0 0 0 0 0 0 0 0 0 0 0 0 0 0 0 0 0 0 0 0 0 0 2075518125 0 0 0 0 0 0 0 0 733616 0 405053 0 0 0 0 0 0 0 0 0 0 0 661171724 1 0 0 0 0 0 0 0 0 0 0 0 0 0 0 0 0 0 0 0 0 0 0 397288 4219 0 0 0 0 16658886 0 0 0 0 0 0 0 0 0 0 0 0 0 0 0 0 0 0 0 0 0 0 0 0 0 0 0 0 0 0 0 0 0 0 0 0 0 0 0 0 0 0 0 0 0 0 0 0 0 0 0 0 0 0 0 0 0 0 0 0 0 0 0 0 0 0 0 0 0 0 0 0 0 0 0 174933033 0 0 0
ctxt 373654178
btime 1669654930
processes 527142
procs_running 1
procs_blocked 0
softirq 835392420 584458537 29575680 731193 60370318 404985 0 100943211 37989051 588 20918857

cpu  815105 36845 1366765 504714376 108654 0 2502990 0 0 0
cpu0 110562 9541 190952 126439297 29541 0 586761 0 0 0
cpu1 446836 10657 757610 125300257 22289 0 720566 0 0 0
cpu2 130970 2862 219352 126494379 29369 0 610900 0 0 0
cpu3 126736 13783 198850 126480442 27453 0 584762 0 0 0
intr 11563565307 0 0 2556649 81 0 697226 31546039 0 0 0 9004606 0 0 0 0 0 0 0 0 0 0 0 0 0 0 0 0 0 0 0 0 0 0 0 0 0 0 0 0 0 0 0 0 0 0 0 0 0 0 0 0 2075522122 0 0 0 0 0 0 0 0 733617 0 405053 0 0 0 0 0 0 0 0 0 0 0 661171854 1 0 0 0 0 0 0 0 0 0 0 0 0 0 0 0 0 0 0 0 0 0 0 397288 4219 0 0 0 0 16658901 0 0 0 0 0 0 0 0 0 0 0 0 0 0 0 0 0 0 0 0 0 0 0 0 0 0 0 0 0 0 0 0 0 0 0 0 0 0 0 0 0 0 0 0 0 0 0 0 0 0 0 0 0 0 0 0 0 0 0 0 0 0 0 0 0 0 0 0 0 0 0 0 0 0 0 174933060 0 0 0
ctxt 373654258
btime 1669654930
processes 527142
procs_running 1
procs_blocked 0
softirq 835392474 584458537 29575693 731193 60370319 404985 0 100943224 37989067 588 20918868

cpu  815105 36845 1366765 504714573 108654 0 2502990 0 0 0
cpu0 110562 9541 190952 126439346 29541 0 586761 0 0 0
cpu1 446836 10657 757610 125300306 22289 0 720566 0 0 0
cpu2 130970 2862 219352 126494429 29369 0 610900 0 0 0
cpu3 126736 13783 198850 126480491 27453 0 584762 0 0 0
intr 11563569562 0 0 2556650 81 0 697226 31546065 0 0 0 9004609 0 0 0 0 0 0 0 0 0 0 0 0 0 0 0 0 0 0 0 0 0 0 0 0 0 0 0 0 0 0 0 0 0 0 0 0 0 0 0 0 2075526151 0 0 0 0 0 0 0 0 733618 0 405053 0 0 0 0 0 0 0 0 0 0 0 661172006 1 0 0 0 0 0 0 0 0 0 0 0 0 0 0 0 0 0 0 0 0 0 0 397288 4219 0 0 0 0 16658916 0 0 0 0 0 0 0 0 0 0 0 0 0 0 0 0 0 0 0 0 0 0 0 0 0 0 0 0 0 0 0 0 0 0 0 0 0 0 0 0 0 0 0 0 0 0 0 0 0 0 0 0 0 0 0 0 0 0 0 0 0 0 0 0 0 0 0 0 0 0 0 0 0 0 0 174933088 0 0 0
ctxt 373654363
btime 1669654930
processes 527142
procs_running 1
procs_blocked 0
softirq 835392543 584458545 29575708 731193 60370320 404985 0 100943240 37989085 588 20918879

cpu  815106 36845 1366766 504714770 108654 0 2502990 0 0 0
cpu0 110562 9541 190952 126439396 29541 0 586761 0 0 0
cpu1 446837 10657 757611 125300355 22289 0 720566 0 0 0
cpu2 130970 2862 219352 126494478 29369 0 610900 0 0 0
cpu3 126736 13783 198850 126480540 27453 0 584762 0 0 0
intr 11563573756 0 0 2556650 81 0 697226 31546088 0 0 0 9004612 0 0 0 0 0 0 0 0 0 0 0 0 0 0 0 0 0 0 0 0 0 0 0 0 0 0 0 0 0 0 0 0 0 0 0 0 0 0 0 0 2075530147 0 0 0 0 0 0 0 0 733619 0 405053 0 0 0 0 0 0 0 0 0 0 0 661172136 1 0 0 0 0 0 0 0 0 0 0 0 0 0 0 0 0 0 0 0 0 0 0 397288 4219 0 0 0 0 16658931 0 0 0 0 0 0 0 0 0 0 0 0 0 0 0 0 0 0 0 0 0 0 0 0 0 0 0 0 0 0 0 0 0 0 0 0 0 0 0 0 0 0 0 0 0 0 0 0 0 0 0 0 0 0 0 0 0 0 0 0 0 0 0 0 0 0 0 0 0 0 0 0 0 0 0 174933114 0 0 0
ctxt 373654438
btime 1669654930
processes 527142
procs_running 1
procs_blocked 0
softirq 835392595 584458545 29575720 731193 60370321 404985 0 100943253 37989100 588 20918890

cpu  815106 36845 1366766 504714968 108654 0 2502990 0 0 0
cpu0 110562 9541 190952 126439445 29541 0 586761 0 0 0
cpu1 446837 10657 757611 125300404 22289 0 720566 0 0 0
cpu2 130970 2862 219352 126494527 29369 0 610900 0 0 0
cpu3 126736 13783 198850 126480590 27453 0 584762 0 0 0
intr 11563578008 0 0 2556650 81 0 697226 31546116 0 0 0 9004615 0 0 0 0 0 0 0 0 0 0 0 0 0 0 0 0 0 0 0 0 0 0 0 0 0 0 0 0 0 0 0 0 0 0 0 0 0 0 0 0 2075534174 0 0 0 0 0 0 0 0 733620 0 405053 0 0 0 0 0 0 0 0 0 0 0 661172288 1 0 0 0 0 0 0 0 0 0 0 0 0 0 0 0 0 0 0 0 0 0 0 397288 4219 0 0 0 0 16658946 0 0 0 0 0 0 0 0 0 0 0 0 0 0 0 0 0 0 0 0 0 0 0 0 0 0 0 0 0 0 0 0 0 0 0 0 0 0 0 0 0 0 0 0 0 0 0 0 0 0 0 0 0 0 0 0 0 0 0 0 0 0 0 0 0 0 0 0 0 0 0 0 0 0 0 174933140 0 0 0
ctxt 373654534
btime 1669654930
processes 527142
procs_running 1
procs_blocked 0
softirq 835392660 584458553 29575734 731193 60370322 404985 0 100943268 37989116 588 20918901

cpu  815106 36845 1366766 504715162 108654 0 2502992 0 0 0
cpu0 110562 9541 190952 126439494 29541 0 586761 0 0 0
cpu1 446838 10657 757611 125300452 22289 0 720566 0 0 0
cpu2 130970 2862 219352 126494576 29369 0 610901 0 0 0
cpu3 126736 13783 198850 126480638 27453 0 584762 0 0 0
intr 11563582539 0 0 2556650 81 0 697226 31546148 0 0 0 9004619 0 0 0 0 0 0 0 0 0 0 0 0 0 0 0 0 0 0 0 0 0 0 0 0 0 0 0 0 0 0 0 0 0 0 0 0 0 0 0 0 2075538304 0 0 0 0 0 0 0 0 733621 0 405053 0 0 0 0 0 0 0 0 0 0 0 661172545 1 0 0 0 0 0 0 0 0 0 0 0 0 0 0 0 0 0 0 0 0 0 0 397288 4219 0 0 0 0 16658971 0 0 0 0 0 0 0 0 0 0 0 0 0 0 0 0 0 0 0 0 0 0 0 0 0 0 0 0 0 0 0 0 0 0 0 0 0 0 0 0 0 0 0 0 0 0 0 0 0 0 0 0 0 0 0 0 0 0 0 0 0 0 0 0 0 0 0 0 0 0 0 0 0 0 0 174933222 0 0 0
ctxt 373654655
btime 1669654930
processes 527142
procs_running 1
procs_blocked 0
softirq 835393186 584458689 29575753 731193 60370445 404985 0 100943422 37989163 588 20918948

cpu  815107 36845 1366766 504715359 108654 0 2502993 0 0 0
cpu0 110562 9541 190952 126439543 29541 0 586761 0 0 0
cpu1 446838 10657 757611 125300501 22289 0 720566 0 0 0
cpu2 130970 2862 219352 126494625 29369 0 610902 0 0 0
cpu3 126736 13783 198850 126480688 27453 0 584762 0 0 0
intr 11563586943 0 0 2556651 81 0 697226 31546175 0 0 0 9004623 0 0 0 0 0 0 0 0 0 0 0 0 0 0 0 0 0 0 0 0 0 0 0 0 0 0 0 0 0 0 0 0 0 0 0 0 0 0 0 0 2075542388 0 0 0 0 0 0 0 0 733622 0 405053 0 0 0 0 0 0 0 0 0 0 0 661172761 1 0 0 0 0 0 0 0 0 0 0 0 0 0 0 0 0 0 0 0 0 0 0 397288 4219 0 0 0 0 16658986 0 0 0 0 0 0 0 0 0 0 0 0 0 0 0 0 0 0 0 0 0 0 0 0 0 0 0 0 0 0 0 0 0 0 0 0 0 0 0 0 0 0 0 0 0 0 0 0 0 0 0 0 0 0 0 0 0 0 0 0 0 0 0 0 0 0 0 0 0 0 0 0 0 0 0 174933279 0 0 0
ctxt 373654768
btime 1669654930
processes 527142
procs_running 1
procs_blocked 0
softirq 835393479 584458764 29575771 731194 60370507 404985 0 100943497 37989194 588 20918979

cpu  815107 36845 1366766 504715555 108654 0 2502994 0 0 0
cpu0 110562 9541 190952 126439592 29541 0 586762 0 0 0
cpu1 446838 10657 757612 125300549 22289 0 720566 0 0 0
cpu2 130970 2862 219352 126494675 29369 0 610902 0 0 0
cpu3 126736 13783 198850 126480737 27453 0 584763 0 0 0
intr 11563591308 0 0 2556651 81 0 697226 31546200 0 0 0 9004626 0 0 0 0 0 0 0 0 0 0 0 0 0 0 0 0 0 0 0 0 0 0 0 0 0 0 0 0 0 0 0 0 0 0 0 0 0 0 0 0 2075546453 0 0 0 0 0 0 0 0 733623 0 405053 0 0 0 0 0 0 0 0 0 0 0 661172954 1 0 0 0 0 0 0 0 0 0 0 0 0 0 0 0 0 0 0 0 0 0 0 397288 4219 0 0 0 0 16659006 0 0 0 0 0 0 0 0 0 0 0 0 0 0 0 0 0 0 0 0 0 0 0 0 0 0 0 0 0 0 0 0 0 0 0 0 0 0 0 0 0 0 0 0 0 0 0 0 0 0 0 0 0 0 0 0 0 0 0 0 0 0 0 0 0 0 0 0 0 0 0 0 0 0 0 174933336 0 0 0
ctxt 373654868
btime 1669654930
processes 527142
procs_running 1
procs_blocked 0
softirq 835393787 584458831 29575789 731194 60370571 404985 0 100943589 37989228 588 20919012

cpu  815107 36845 1366766 504715751 108654 0 2502994 0 0 0
cpu0 110562 9541 190952 126439642 29541 0 586762 0 0 0
cpu1 446838 10657 757612 125300598 22289 0 720566 0 0 0
cpu2 130970 2862 219352 126494724 29369 0 610902 0 0 0
cpu3 126736 13783 198850 126480786 27453 0 584763 0 0 0
intr 11563595712 0 0 2556651 81 0 697226 31546225 0 0 0 9004630 0 0 0 0 0 0 0 0 0 0 0 0 0 0 0 0 0 0 0 0 0 0 0 0 0 0 0 0 0 0 0 0 0 0 0 0 0 0 0 0 2075550547 0 0 0 0 0 0 0 0 733624 0 405053 0 0 0 0 0 0 0 0 0 0 0 661173171 1 0 0 0 0 0 0 0 0 0 0 0 0 0 0 0 0 0 0 0 0 0 0 397288 4219 0 0 0 0 16659021 0 0 0 0 0 0 0 0 0 0 0 0 0 0 0 0 0 0 0 0 0 0 0 0 0 0 0 0 0 0 0 0 0 0 0 0 0 0 0 0 0 0 0 0 0 0 0 0 0 0 0 0 0 0 0 0 0 0 0 0 0 0 0 0 0 0 0 0 0 0 0 0 0 0 0 174933385 0 0 0
ctxt 373654977
btime 1669654930
processes 527142
procs_running 1
procs_blocked 0
softirq 835394081 584458909 29575806 731194 60370633 404985 0 100943670 37989257 588 20919039

cpu  815107 36845 1366767 504715948 108654 0 2502994 0 0 0
cpu0 110562 9541 190952 126439691 29541 0 586762 0 0 0
cpu1 446838 10657 757612 125300648 22289 0 720566 0 0 0
cpu2 130970 2862 219352 126494773 29369 0 610902 0 0 0
cpu3 126736 13783 198850 126480835 27453 0 584763 0 0 0
intr 11563599912 0 0 2556651 81 0 697226 31546241 0 0 0 9004634 0 0 0 0 0 0 0 0 0 0 0 0 0 0 0 0 0 0 0 0 0 0 0 0 0 0 0 0 0 0 0 0 0 0 0 0 0 0 0 0 2075554543 0 0 0 0 0 0 0 0 733625 0 405053 0 0 0 0 0 0 0 0 0 0 0 661173300 1 0 0 0 0 0 0 0 0 0 0 0 0 0 0 0 0 0 0 0 0 0 0 397288 4219 0 0 0 0 16659036 0 0 0 0 0 0 0 0 0 0 0 0 0 0 0 0 0 0 0 0 0 0 0 0 0 0 0 0 0 0 0 0 0 0 0 0 0 0 0 0 0 0 0 0 0 0 0 0 0 0 0 0 0 0 0 0 0 0 0 0 0 0 0 0 0 0 0 0 0 0 0 0 0 0 0 174933423 0 0 0
ctxt 373655061
btime 1669654930
processes 527142
procs_running 1
procs_blocked 0
softirq 835394148 584458909 29575822 731194 60370634 404985 0 100943684 37989277 588 20919055

cpu  815108 36845 1366767 504716144 108654 0 2502994 0 0 0
cpu0 110562 9541 190952 126439740 29541 0 586762 0 0 0
cpu1 446838 10657 757612 125300697 22289 0 720566 0 0 0
cpu2 130970 2862 219352 126494822 29369 0 610902 0 0 0
cpu3 126736 13783 198850 126480883 27453 0 584764 0 0 0
intr 11563604273 0 0 2556652 81 0 697226 31546260 0 0 0 9004638 0 0 0 0 0 0 0 0 0 0 0 0 0 0 0 0 0 0 0 0 0 0 0 0 0 0 0 0 0 0 0 0 0 0 0 0 0 0 0 0 2075558617 0 0 0 0 0 0 0 0 733626 0 405053 0 0 0 0 0 0 0 0 0 0 0 661173493 1 0 0 0 0 0 0 0 0 0 0 0 0 0 0 0 0 0 0 0 0 0 0 397288 4219 0 0 0 0 16659051 0 0 0 0 0 0 0 0 0 0 0 0 0 0 0 0 0 0 0 0 0 0 0 0 0 0 0 0 0 0 0 0 0 0 0 0 0 0 0 0 0 0 0 0 0 0 0 0 0 0 0 0 0 0 0 0 0 0 0 0 0 0 0 0 0 0 0 0 0 0 0 0 0 0 0 174933478 0 0 0
ctxt 373655147
btime 1669654930
processes 527142
procs_running 1
procs_blocked 0
softirq 835394430 584458979 29575841 731194 60370694 404985 0 100943762 37989306 588 20919081

cpu  815108 36845 1366768 504716340 108654 0 2502995 0 0 0
cpu0 110562 9541 190952 126439789 29541 0 586762 0 0 0
cpu1 446838 10657 757612 125300746 22289 0 720566 0 0 0
cpu2 130970 2862 219352 126494871 29369 0 610902 0 0 0
cpu3 126736 13783 198850 126480932 27453 0 584764 0 0 0
intr 11563608701 0 0 2556652 81 0 697226 31546291 0 0 0 9004641 0 0 0 0 0 0 0 0 0 0 0 0 0 0 0 0 0 0 0 0 0 0 0 0 0 0 0 0 0 0 0 0 0 0 0 0 0 0 0 0 2075562708 0 0 0 0 0 0 0 0 733627 0 405053 0 0 0 0 0 0 0 0 0 0 0 661173710 1 0 0 0 0 0 0 0 0 0 0 0 0 0 0 0 0 0 0 0 0 0 0 397288 4219 0 0 0 0 16659066 0 0 0 0 0 0 0 0 0 0 0 0 0 0 0 0 0 0 0 0 0 0 0 0 0 0 0 0 0 0 0 0 0 0 0 0 0 0 0 0 0 0 0 0 0 0 0 0 0 0 0 0 0 0 0 0 0 0 0 0 0 0 0 0 0 0 0 0 0 0 0 0 0 0 0 174933546 0 0 0
ctxt 373655264
btime 1669654930
processes 527142
procs_running 1
procs_blocked 0
softirq 835394741 584459064 29575862 731194 60370751 404985 0 100943842 37989342 588 20919113

cpu  815108 36845 1366768 504716536 108654 0 2502996 0 0 0
cpu0 110562 9541 190952 126439839 29541 0 586762 0 0 0
cpu1 446838 10657 757612 125300795 22289 0 720566 0 0 0
cpu2 130970 2862 219352 126494921 29369 0 610902 0 0 0
cpu3 126737 13783 198850 126480981 27453 0 584764 0 0 0
intr 11563613050 0 0 2556652 81 0 697226 31546313 0 0 0 9004644 0 0 0 0 0 0 0 0 0 0 0 0 0 0 0 0 0 0 0 0 0 0 0 0 0 0 0 0 0 0 0 0 0 0 0 0 0 0 0 0 2075566770 0 0 0 0 0 0 0 0 733628 0 405053 0 0 0 0 0 0 0 0 0 0 0 661173903 1 0 0 0 0 0 0 0 0 0 0 0 0 0 0 0 0 0 0 0 0 0 0 397288 4219 0 0 0 0 16659081 0 0 0 0 0 0 0 0 0 0 0 0 0 0 0 0 0 0 0 0 0 0 0 0 0 0 0 0 0 0 0 0 0 0 0 0 0 0 0 0 0 0 0 0 0 0 0 0 0 0 0 0 0 0 0 0 0 0 0 0 0 0 0 0 0 0 0 0 0 0 0 0 0 0 0 174933601 0 0 0
ctxt 373655354
btime 1669654930
processes 527142
procs_running 1
procs_blocked 0
softirq 835395026 584459131 29575880 731194 60370815 404985 0 100943922 37989372 588 20919139

cpu  815108 36845 1366768 504716732 108654 0 2502996 0 0 0
cpu0 110562 9541 190953 126439887 29541 0 586762 0 0 0
cpu1 446838 10657 757612 125300844 22289 0 720567 0 0 0
cpu2 130970 2862 219352 126494970 29369 0 610902 0 0 0
cpu3 126737 13783 198851 126481030 27453 0 584764 0 0 0
intr 11563617460 0 0 2556652 81 0 697226 31546345 0 0 0 9004647 0 0 0 0 0 0 0 0 0 0 0 0 0 0 0 0 0 0 0 0 0 0 0 0 0 0 0 0 0 0 0 0 0 0 0 0 0 0 0 0 2075570844 0 0 0 0 0 0 0 0 733629 0 405053 0 0 0 0 0 0 0 0 0 0 0 661174119 1 0 0 0 0 0 0 0 0 0 0 0 0 0 0 0 0 0 0 0 0 0 0 397288 4219 0 0 0 0 16659101 0 0 0 0 0 0 0 0 0 0 0 0 0 0 0 0 0 0 0 0 0 0 0 0 0 0 0 0 0 0 0 0 0 0 0 0 0 0 0 0 0 0 0 0 0 0 0 0 0 0 0 0 0 0 0 0 0 0 0 0 0 0 0 0 0 0 0 0 0 0 0 0 0 0 0 174933664 0 0 0
ctxt 373655477
btime 1669654930
processes 527142
procs_running 1
procs_blocked 0
softirq 835395339 584459203 29575901 731194 60370880 404985 0 100944008 37989409 588 20919171

cpu  815108 36845 1366768 504716928 108654 0 2502998 0 0 0
cpu0 110562 9541 190953 126439936 29541 0 586762 0 0 0
cpu1 446838 10657 757612 125300893 22289 0 720567 0 0 0
cpu2 130970 2862 219352 126495019 29369 0 610902 0 0 0
cpu3 126737 13783 198851 126481079 27453 0 584764 0 0 0
intr 11563621841 0 0 2556653 81 0 697226 31546379 0 0 0 9004651 0 0 0 0 0 0 0 0 0 0 0 0 0 0 0 0 0 0 0 0 0 0 0 0 0 0 0 0 0 0 0 0 0 0 0 0 0 0 0 0 2075574907 0 0 0 0 0 0 0 0 733630 0 405053 0 0 0 0 0 0 0 0 0 0 0 661174312 1 0 0 0 0 0 0 0 0 0 0 0 0 0 0 0 0 0 0 0 0 0 0 397288 4219 0 0 0 0 16659125 0 0 0 0 0 0 0 0 0 0 0 0 0 0 0 0 0 0 0 0 0 0 0 0 0 0 0 0 0 0 0 0 0 0 0 0 0 0 0 0 0 0 0 0 0 0 0 0 0 0 0 0 0 0 0 0 0 0 0 0 0 0 0 0 0 0 0 0 0 0 0 0 0 0 0 174933726 0 0 0
ctxt 373655593
btime 1669654930
processes 527142
procs_running 1
procs_blocked 0
softirq 835395644 584459273 29575923 731194 60370941 404985 0 100944091 37989446 588 20919203

cpu  815108 36845 1366769 504717124 108654 0 2502998 0 0 0
cpu0 110562 9541 190953 126439985 29541 0 586762 0 0 0
cpu1 446838 10657 757612 125300942 22289 0 720567 0 0 0
cpu2 130970 2862 219352 126495067 29369 0 610903 0 0 0
cpu3 126737 13783 198851 126481128 27453 0 584764 0 0 0
intr 11563626231 0 0 2556653 81 0 697226 31546410 0 0 0 9004655 0 0 0 0 0 0 0 0 0 0 0 0 0 0 0 0 0 0 0 0 0 0 0 0 0 0 0 0 0 0 0 0 0 0 0 0 0 0 0 0 2075578971 0 0 0 0 0 0 0 0 733631 0 405053 0 0 0 0 0 0 0 0 0 0 0 661174527 1 0 0 0 0 0 0 0 0 0 0 0 0 0 0 0 0 0 0 0 0 0 0 397288 4219 0 0 0 0 16659140 0 0 0 0 0 0 0 0 0 0 0 0 0 0 0 0 0 0 0 0 0 0 0 0 0 0 0 0 0 0 0 0 0 0 0 0 0 0 0 0 0 0 0 0 0 0 0 0 0 0 0 0 0 0 0 0 0 0 0 0 0 0 0 0 0 0 0 0 0 0 0 0 0 0 0 174933785 0 0 0
ctxt 373655703
btime 1669654930
processes 527142
procs_running 1
procs_blocked 0
softirq 835395942 584459349 29575942 731194 60371005 404985 0 100944168 37989479 588 20919232

cpu  815109 36845 1366769 504717321 108654 0 2502998 0 0 0
cpu0 110562 9541 190953 126440035 29541 0 586762 0 0 0
cpu1 446838 10657 757612 125300991 22289 0 720567 0 0 0
cpu2 130971 2862 219352 126495116 29369 0 610903 0 0 0
cpu3 126737 13783 198851 126481177 27453 0 584764 0 0 0
intr 11563630577 0 0 2556657 81 0 697226 31546438 0 0 0 9004658 0 0 0 0 0 0 0 0 0 0 0 0 0 0 0 0 0 0 0 0 0 0 0 0 0 0 0 0 0 0 0 0 0 0 0 0 0 0 0 0 2075583014 0 0 0 0 0 0 0 0 733632 0 405053 0 0 0 0 0 0 0 0 0 0 0 661174719 1 0 0 0 0 0 0 0 0 0 0 0 0 0 0 0 0 0 0 0 0 0 0 397288 4219 0 0 0 0 16659155 0 0 0 0 0 0 0 0 0 0 0 0 0 0 0 0 0 0 0 0 0 0 0 0 0 0 0 0 0 0 0 0 0 0 0 0 0 0 0 0 0 0 0 0 0 0 0 0 0 0 0 0 0 0 0 0 0 0 0 0 0 0 0 0 0 0 0 0 0 0 0 0 0 0 0 174933844 0 0 0
ctxt 373655799
btime 1669654930
processes 527142
procs_running 1
procs_blocked 0
softirq 835396227 584459422 29575959 731195 60371066 404985 0 100944241 37989511 588 20919260

cpu  815109 36845 1366769 504717516 108654 0 2502999 0 0 0
cpu0 110562 9541 190953 126440083 29541 0 586763 0 0 0
cpu1 446838 10657 757612 125301040 22289 0 720567 0 0 0
cpu2 130971 2862 219352 126495165 29369 0 610904 0 0 0
cpu3 126737 13783 198851 126481227 27453 0 584764 0 0 0
intr 11563635010 0 0 2556657 81 0 697226 31546477 0 0 0 9004663 0 0 0 0 0 0 0 0 0 0 0 0 0 0 0 0 0 0 0 0 0 0 0 0 0 0 0 0 0 0 0 0 0 0 0 0 0 0 0 0 2075587103 0 0 0 0 0 0 0 0 733633 0 405053 0 0 0 0 0 0 0 0 0 0 0 661174935 1 0 0 0 0 0 0 0 0 0 0 0 0 0 0 0 0 0 0 0 0 0 0 397288 4219 0 0 0 0 16659179 0 0 0 0 0 0 0 0 0 0 0 0 0 0 0 0 0 0 0 0 0 0 0 0 0 0 0 0 0 0 0 0 0 0 0 0 0 0 0 0 0 0 0 0 0 0 0 0 0 0 0 0 0 0 0 0 0 0 0 0 0 0 0 0 0 0 0 0 0 0 0 0 0 0 0 174933904 0 0 0
ctxt 373655928
btime 1669654930
processes 527142
procs_running 1
procs_blocked 0
softirq 835396540 584459495 29575981 731195 60371128 404985 0 100944331 37989547 588 20919290

cpu  815110 36845 1366769 504717713 108654 0 2503000 0 0 0
cpu0 110562 9541 190953 126440133 29541 0 586764 0 0 0
cpu1 446838 10657 757612 125301089 22289 0 720567 0 0 0
cpu2 130972 2862 219352 126495213 29369 0 610904 0 0 0
cpu3 126737 13783 198851 126481276 27453 0 584765 0 0 0
intr 11563639361 0 0 2556658 81 0 697226 31546501 0 0 0 9004667 0 0 0 0 0 0 0 0 0 0 0 0 0 0 0 0 0 0 0 0 0 0 0 0 0 0 0 0 0 0 0 0 0 0 0 0 0 0 0 0 2075591150 0 0 0 0 0 0 0 0 733634 0 405053 0 0 0 0 0 0 0 0 0 0 0 661175126 1 0 0 0 0 0 0 0 0 0 0 0 0 0 0 0 0 0 0 0 0 0 0 397288 4219 0 0 0 0 16659194 0 0 0 0 0 0 0 0 0 0 0 0 0 0 0 0 0 0 0 0 0 0 0 0 0 0 0 0 0 0 0 0 0 0 0 0 0 0 0 0 0 0 0 0 0 0 0 0 0 0 0 0 0 0 0 0 0 0 0 0 0 0 0 0 0 0 0 0 0 0 0 0 0 0 0 174933972 0 0 0
ctxt 373656025
btime 1669654930
processes 527142
procs_running 1
procs_blocked 0
softirq 835396839 584459569 29576002 731195 60371188 404985 0 100944404 37989587 588 20919321

cpu  815110 36845 1366769 504717908 108654 0 2503001 0 0 0
cpu0 110562 9541 190953 126440182 29541 0 586764 0 0 0
cpu1 446838 10657 757612 125301138 22289 0 720568 0 0 0
cpu2 130972 2862 219352 126495262 29369 0 610904 0 0 0
cpu3 126737 13783 198851 126481325 27453 0 584765 0 0 0
intr 11563643792 0 0 2556658 81 0 697226 31546539 0 0 0 9004671 0 0 0 0 0 0 0 0 0 0 0 0 0 0 0 0 0 0 0 0 0 0 0 0 0 0 0 0 0 0 0 0 0 0 0 0 0 0 0 0 2075595233 0 0 0 0 0 0 0 0 733635 0 405053 0 0 0 0 0 0 0 0 0 0 0 661175343 1 0 0 0 0 0 0 0 0 0 0 0 0 0 0 0 0 0 0 0 0 0 0 397288 4219 0 0 0 0 16659218 0 0 0 0 0 0 0 0 0 0 0 0 0 0 0 0 0 0 0 0 0 0 0 0 0 0 0 0 0 0 0 0 0 0 0 0 0 0 0 0 0 0 0 0 0 0 0 0 0 0 0 0 0 0 0 0 0 0 0 0 0 0 0 0 0 0 0 0 0 0 0 0 0 0 0 174934036 0 0 0
ctxt 373656163
btime 1669654930
processes 527142
procs_running 1
procs_blocked 0
softirq 835397160 584459641 29576025 731195 60371253 404985 0 100944496 37989625 588 20919352

cpu  815110 36845 1366769 504718104 108654 0 2503002 0 0 0
cpu0 110562 9541 190953 126440231 29541 0 586764 0 0 0
cpu1 446838 10657 757612 125301187 22289 0 720568 0 0 0
cpu2 130972 2862 219352 126495311 29369 0 610904 0 0 0
cpu3 126737 13783 198851 126481374 27453 0 584765 0 0 0
intr 11563648231 0 0 2556658 81 0 697226 31546596 0 0 0 9004675 0 0 0 0 0 0 0 0 0 0 0 0 0 0 0 0 0 0 0 0 0 0 0 0 0 0 0 0 0 0 0 0 0 0 0 0 0 0 0 0 2075599305 0 0 0 0 0 0 0 0 733637 0 405053 0 0 0 0 0 0 0 0 0 0 0 661175535 1 0 0 0 0 0 0 0 0 0 0 0 0 0 0 0 0 0 0 0 0 0 0 397288 4219 0 0 0 0 16659267 0 0 0 0 0 0 0 0 0 0 0 0 0 0 0 0 0 0 0 0 0 0 0 0 0 0 0 0 0 0 0 0 0 0 0 0 0 0 0 0 0 0 0 0 0 0 0 0 0 0 0 0 0 0 0 0 0 0 0 0 0 0 0 0 0 0 0 0 0 0 0 0 0 0 0 174934098 0 0 0
ctxt 373656321
btime 1669654930
processes 527142
procs_running 1
procs_blocked 0
softirq 835397486 584459708 29576047 731195 60371317 404985 0 100944602 37989663 588 20919381

cpu  815111 36845 1366770 504718300 108654 0 2503002 0 0 0
cpu0 110562 9541 190953 126440280 29541 0 586764 0 0 0
cpu1 446838 10657 757612 125301236 22289 0 720568 0 0 0
cpu2 130973 2862 219352 126495360 29369 0 610904 0 0 0
cpu3 126737 13783 198851 126481423 27453 0 584765 0 0 0
intr 11563652633 0 0 2556658 81 0 697226 31546627 0 0 0 9004680 0 0 0 0 0 0 0 0 0 0 0 0 0 0 0 0 0 0 0 0 0 0 0 0 0 0 0 0 0 0 0 0 0 0 0 0 0 0 0 0 2075603378 0 0 0 0 0 0 0 0 733638 0 405053 0 0 0 0 0 0 0 0 0 0 0 661175753 1 0 0 0 0 0 0 0 0 0 0 0 0 0 0 0 0 0 0 0 0 0 0 397288 4219 0 0 0 0 16659282 0 0 0 0 0 0 0 0 0 0 0 0 0 0 0 0 0 0 0 0 0 0 0 0 0 0 0 0 0 0 0 0 0 0 0 0 0 0 0 0 0 0 0 0 0 0 0 0 0 0 0 0 0 0 0 0 0 0 0 0 0 0 0 0 0 0 0 0 0 0 0 0 0 0 0 174934158 0 0 0
ctxt 373656437
btime 1669654930
processes 527142
procs_running 1
procs_blocked 0
softirq 835397787 584459780 29576066 731195 60371381 404985 0 100944682 37989698 588 20919412

cpu  815111 36845 1366770 504718496 108654 0 2503003 0 0 0
cpu0 110562 9541 190953 126440329 29541 0 586764 0 0 0
cpu1 446838 10657 757612 125301285 22289 0 720568 0 0 0
cpu2 130973 2862 219352 126495408 29369 0 610904 0 0 0
cpu3 126737 13783 198851 126481472 27453 0 584765 0 0 0
intr 11563656993 0 0 2556659 81 0 697226 31546653 0 0 0 9004683 0 0 0 0 0 0 0 0 0 0 0 0 0 0 0 0 0 0 0 0 0 0 0 0 0 0 0 0 0 0 0 0 0 0 0 0 0 0 0 0 2075607425 0 0 0 0 0 0 0 0 733639 0 405053 0 0 0 0 0 0 0 0 0 0 0 661175945 1 0 0 0 0 0 0 0 0 0 0 0 0 0 0 0 0 0 0 0 0 0 0 397288 4219 0 0 0 0 16659297 0 0 0 0 0 0 0 0 0 0 0 0 0 0 0 0 0 0 0 0 0 0 0 0 0 0 0 0 0 0 0 0 0 0 0 0 0 0 0 0 0 0 0 0 0 0 0 0 0 0 0 0 0 0 0 0 0 0 0 0 0 0 0 0 0 0 0 0 0 0 0 0 0 0 0 174934234 0 0 0
ctxt 373656539
btime 1669654930
processes 527142
procs_running 1
procs_blocked 0
softirq 835398087 584459846 29576085 731195 60371443 404985 0 100944756 37989740 588 20919449

cpu  815112 36845 1366770 504718692 108654 0 2503004 0 0 0
cpu0 110562 9541 190953 126440378 29541 0 586764 0 0 0
cpu1 446838 10657 757612 125301334 22289 0 720568 0 0 0
cpu2 130974 2862 219353 126495457 29369 0 610904 0 0 0
cpu3 126737 13783 198851 126481521 27453 0 584766 0 0 0
intr 11563661438 0 0 2556659 81 0 697226 31546694 0 0 0 9004687 0 0 0 0 0 0 0 0 0 0 0 0 0 0 0 0 0 0 0 0 0 0 0 0 0 0 0 0 0 0 0 0 0 0 0 0 0 0 0 0 2075611510 0 0 0 0 0 0 0 0 733640 0 405053 0 0 0 0 0 0 0 0 0 0 0 661176162 1 0 0 0 0 0 0 0 0 0 0 0 0 0 0 0 0 0 0 0 0 0 0 397288 4219 0 0 0 0 16659327 0 0 0 0 0 0 0 0 0 0 0 0 0 0 0 0 0 0 0 0 0 0 0 0 0 0 0 0 0 0 0 0 0 0 0 0 0 0 0 0 0 0 0 0 0 0 0 0 0 0 0 0 0 0 0 0 0 0 0 0 0 0 0 0 0 0 0 0 0 0 0 0 0 0 0 174934300 0 0 0
ctxt 373656688
btime 1669654930
processes 527142
procs_running 1
procs_blocked 0
softirq 835398403 584459920 29576105 731195 60371506 404985 0 100944845 37989776 588 20919483

cpu  815112 36845 1366770 504718888 108654 0 2503004 0 0 0
cpu0 110562 9541 190953 126440428 29541 0 586764 0 0 0
cpu1 446838 10657 757612 125301383 22289 0 720569 0 0 0
cpu2 130974 2862 219353 126495505 29369 0 610904 0 0 0
cpu3 126737 13783 198851 126481570 27453 0 584766 0 0 0
intr 11563665824 0 0 2556659 81 0 697226 31546725 0 0 0 9004691 0 0 0 0 0 0 0 0 0 0 0 0 0 0 0 0 0 0 0 0 0 0 0 0 0 0 0 0 0 0 0 0 0 0 0 0 0 0 0 0 2075615576 0 0 0 0 0 0 0 0 733641 0 405053 0 0 0 0 0 0 0 0 0 0 0 661176356 1 0 0 0 0 0 0 0 0 0 0 0 0 0 0 0 0 0 0 0 0 0 0 397288 4219 0 0 0 0 16659351 0 0 0 0 0 0 0 0 0 0 0 0 0 0 0 0 0 0 0 0 0 0 0 0 0 0 0 0 0 0 0 0 0 0 0 0 0 0 0 0 0 0 0 0 0 0 0 0 0 0 0 0 0 0 0 0 0 0 0 0 0 0 0 0 0 0 0 0 0 0 0 0 0 0 0 174934367 0 0 0
ctxt 373656800
btime 1669654930
processes 527142
procs_running 1
procs_blocked 0
softirq 835398707 584459987 29576125 731195 60371568 404985 0 100944929 37989815 588 20919515

cpu  815112 36845 1366771 504719084 108654 0 2503004 0 0 0
cpu0 110562 9541 190954 126440477 29541 0 586764 0 0 0
cpu1 446838 10657 757612 125301432 22289 0 720569 0 0 0
cpu2 130974 2862 219353 126495554 29369 0 610904 0 0 0
cpu3 126737 13783 198851 126481620 27453 0 584766 0 0 0
intr 11563670130 0 0 2556659 81 0 697226 31546772 0 0 0 9004695 0 0 0 0 0 0 0 0 0 0 0 0 0 0 0 0 0 0 0 0 0 0 0 0 0 0 0 0 0 0 0 0 0 0 0 0 0 0 0 0 2075619597 0 0 0 0 0 0 0 0 733642 0 405053 0 0 0 0 0 0 0 0 0 0 0 661176508 1 0 0 0 0 0 0 0 0 0 0 0 0 0 0 0 0 0 0 0 0 0 0 397288 4219 0 0 0 0 16659390 0 0 0 0 0 0 0 0 0 0 0 0 0 0 0 0 0 0 0 0 0 0 0 0 0 0 0 0 0 0 0 0 0 0 0 0 0 0 0 0 0 0 0 0 0 0 0 0 0 0 0 0 0 0 0 0 0 0 0 0 0 0 0 0 0 0 0 0 0 0 0 0 0 0 0 174934407 0 0 0
ctxt 373656960
btime 1669654930
processes 527142
procs_running 1
procs_blocked 0
softirq 835398807 584459995 29576145 731195 60371570 404985 0 100944963 37989840 588 20919526

cpu  815112 36845 1366772 504719282 108654 0 2503004 0 0 0
cpu0 110562 9541 190954 126440527 29541 0 586764 0 0 0
cpu1 446838 10657 757612 125301481 22289 0 720569 0 0 0
cpu2 130974 2862 219353 126495604 29369 0 610904 0 0 0
cpu3 126737 13783 198851 126481669 27453 0 584766 0 0 0
intr 11563674344 0 0 2556660 81 0 697226 31546792 0 0 0 9004699 0 0 0 0 0 0 0 0 0 0 0 0 0 0 0 0 0 0 0 0 0 0 0 0 0 0 0 0 0 0 0 0 0 0 0 0 0 0 0 0 2075623602 0 0 0 0 0 0 0 0 733643 0 405053 0 0 0 0 0 0 0 0 0 0 0 661176638 1 0 0 0 0 0 0 0 0 0 0 0 0 0 0 0 0 0 0 0 0 0 0 397288 4219 0 0 0 0 16659410 0 0 0 0 0 0 0 0 0 0 0 0 0 0 0 0 0 0 0 0 0 0 0 0 0 0 0 0 0 0 0 0 0 0 0 0 0 0 0 0 0 0 0 0 0 0 0 0 0 0 0 0 0 0 0 0 0 0 0 0 0 0 0 0 0 0 0 0 0 0 0 0 0 0 0 174934440 0 0 0
ctxt 373657048
btime 1669654930
processes 527142
procs_running 1
procs_blocked 0
softirq 835398874 584459995 29576160 731196 60371571 404985 0 100944981 37989861 588 20919537

cpu  815113 36845 1366772 504719478 108654 0 2503004 0 0 0
cpu0 110562 9541 190954 126440576 29541 0 586764 0 0 0
cpu1 446838 10657 757612 125301530 22289 0 720569 0 0 0
cpu2 130974 2862 219353 126495653 29369 0 610904 0 0 0
cpu3 126737 13783 198851 126481718 27453 0 584766 0 0 0
intr 11563678596 0 0 2556660 81 0 697226 31546821 0 0 0 9004703 0 0 0 0 0 0 0 0 0 0 0 0 0 0 0 0 0 0 0 0 0 0 0 0 0 0 0 0 0 0 0 0 0 0 0 0 0 0 0 0 2075627622 0 0 0 0 0 0 0 0 733644 0 405053 0 0 0 0 0 0 0 0 0 0 0 661176790 1 0 0 0 0 0 0 0 0 0 0 0 0 0 0 0 0 0 0 0 0 0 0 397288 4219 0 0 0 0 16659425 0 0 0 0 0 0 0 0 0 0 0 0 0 0 0 0 0 0 0 0 0 0 0 0 0 0 0 0 0 0 0 0 0 0 0 0 0 0 0 0 0 0 0 0 0 0 0 0 0 0 0 0 0 0 0 0 0 0 0 0 0 0 0 0 0 0 0 0 0 0 0 0 0 0 0 174934471 0 0 0
ctxt 373657155
btime 1669654930
processes 527142
procs_running 1
procs_blocked 0
softirq 835398944 584460003 29576175 731196 60371572 404985 0 100944996 37989881 588 20919548

cpu  815113 36845 1366772 504719675 108654 0 2503004 0 0 0
cpu0 110562 9541 190954 126440625 29541 0 586764 0 0 0
cpu1 446838 10657 757612 125301579 22289 0 720569 0 0 0
cpu2 130975 2862 219353 126495702 29369 0 610904 0 0 0
cpu3 126737 13783 198851 126481767 27453 0 584766 0 0 0
intr 11563682835 0 0 2556660 81 0 697226 31546855 0 0 0 9004707 0 0 0 0 0 0 0 0 0 0 0 0 0 0 0 0 0 0 0 0 0 0 0 0 0 0 0 0 0 0 0 0 0 0 0 0 0 0 0 0 2075631618 0 0 0 0 0 0 0 0 733645 0 405053 0 0 0 0 0 0 0 0 0 0 0 661176918 1 0 0 0 0 0 0 0 0 0 0 0 0 0 0 0 0 0 0 0 0 0 0 397288 4219 0 0 0 0 16659462 0 0 0 0 0 0 0 0 0 0 0 0 0 0 0 0 0 0 0 0 0 0 0 0 0 0 0 0 0 0 0 0 0 0 0 0 0 0 0 0 0 0 0 0 0 0 0 0 0 0 0 0 0 0 0 0 0 0 0 0 0 0 0 0 0 0 0 0 0 0 0 0 0 0 0 174934510 0 0 0
ctxt 373657275
btime 1669654930
processes 527142
procs_running 1
procs_blocked 0
softirq 835399032 584460003 29576193 731196 60371574 404985 0 100945027 37989905 588 20919561

cpu  815114 36845 1366772 504719871 108654 0 2503004 0 0 0
cpu0 110562 9541 190954 126440675 29541 0 586764 0 0 0
cpu1 446838 10657 757612 125301629 22289 0 720569 0 0 0
cpu2 130975 2862 219353 126495751 29369 0 610904 0 0 0
cpu3 126737 13783 198851 126481816 27454 0 584766 0 0 0
intr 11563687112 0 0 2556660 81 0 697227 31546888 0 0 0 9004711 0 0 0 0 0 0 0 0 0 0 0 0 0 0 0 0 0 0 0 0 0 0 0 0 0 0 0 0 0 0 0 0 0 0 0 0 0 0 0 0 2075635646 0 0 0 0 0 0 0 0 733646 0 405056 0 0 0 0 0 0 0 0 0 0 0 661177072 1 0 0 0 0 0 0 0 0 0 0 0 0 0 0 0 0 0 0 0 0 0 0 397291 4219 0 0 0 0 16659477 0 0 0 0 0 0 0 0 0 0 0 0 0 0 0 0 0 0 0 0 0 0 0 0 0 0 0 0 0 0 0 0 0 0 0 0 0 0 0 0 0 0 0 0 0 0 0 0 0 0 0 0 0 0 0 0 0 0 0 0 0 0 0 0 0 0 0 0 0 0 0 0 0 0 0 174934546 0 0 0
ctxt 373657423
btime 1669654930
processes 527143
procs_running 1
procs_blocked 0
softirq 835399122 584460011 29576210 731196 60371575 404988 0 100945051 37989927 588 20919576

cpu  815114 36845 1366772 504720069 108654 0 2503004 0 0 0
cpu0 110562 9541 190954 126440724 29541 0 586764 0 0 0
cpu1 446838 10657 757612 125301678 22289 0 720569 0 0 0
cpu2 130976 2862 219353 126495800 29369 0 610904 0 0 0
cpu3 126737 13783 198851 126481865 27454 0 584766 0 0 0
intr 11563691319 0 0 2556661 81 0 697227 31546911 0 0 0 9004715 0 0 0 0 0 0 0 0 0 0 0 0 0 0 0 0 0 0 0 0 0 0 0 0 0 0 0 0 0 0 0 0 0 0 0 0 0 0 0 0 2075639650 0 0 0 0 0 0 0 0 733647 0 405056 0 0 0 0 0 0 0 0 0 0 0 661177202 1 0 0 0 0 0 0 0 0 0 0 0 0 0 0 0 0 0 0 0 0 0 0 397291 4219 0 0 0 0 16659492 0 0 0 0 0 0 0 0 0 0 0 0 0 0 0 0 0 0 0 0 0 0 0 0 0 0 0 0 0 0 0 0 0 0 0 0 0 0 0 0 0 0 0 0 0 0 0 0 0 0 0 0 0 0 0 0 0 0 0 0 0 0 0 0 0 0 0 0 0 0 0 0 0 0 0 174934575 0 0 0
ctxt 373657511
btime 1669654930
processes 527143
procs_running 1
procs_blocked 0
softirq 835399177 584460011 29576223 731196 60371576 404988 0 100945064 37989944 588 20919587

cpu  815114 36845 1366772 504720265 108654 0 2503004 0 0 0
cpu0 110562 9541 190954 126440773 29541 0 586764 0 0 0
cpu1 446838 10657 757613 125301727 22289 0 720569 0 0 0
cpu2 130976 2862 219353 126495849 29369 0 610904 0 0 0
cpu3 126737 13783 198851 126481914 27454 0 584766 0 0 0
intr 11563695577 0 0 2556661 81 0 697227 31546938 0 0 0 9004719 0 0 0 0 0 0 0 0 0 0 0 0 0 0 0 0 0 0 0 0 0 0 0 0 0 0 0 0 0 0 0 0 0 0 0 0 0 0 0 0 2075643670 0 0 0 0 0 0 0 0 733648 0 405056 0 0 0 0 0 0 0 0 0 0 0 661177354 1 0 0 0 0 0 0 0 0 0 0 0 0 0 0 0 0 0 0 0 0 0 0 397291 4219 0 0 0 0 16659512 0 0 0 0 0 0 0 0 0 0 0 0 0 0 0 0 0 0 0 0 0 0 0 0 0 0 0 0 0 0 0 0 0 0 0 0 0 0 0 0 0 0 0 0 0 0 0 0 0 0 0 0 0 0 0 0 0 0 0 0 0 0 0 0 0 0 0 0 0 0 0 0 0 0 0 174934608 0 0 0
ctxt 373657621
btime 1669654930
processes 527143
procs_running 1
procs_blocked 0
softirq 835399252 584460019 29576239 731196 60371577 404988 0 100945083 37989966 588 20919596

cpu  815114 36845 1366772 504720463 108654 0 2503004 0 0 0
cpu0 110562 9541 190954 126440823 29541 0 586764 0 0 0
cpu1 446838 10657 757613 125301776 22289 0 720569 0 0 0
cpu2 130976 2862 219353 126495898 29369 0 610904 0 0 0
cpu3 126737 13783 198851 126481964 27454 0 584766 0 0 0
intr 11563699777 0 0 2556661 81 0 697227 31546957 0 0 0 9004723 0 0 0 0 0 0 0 0 0 0 0 0 0 0 0 0 0 0 0 0 0 0 0 0 0 0 0 0 0 0 0 0 0 0 0 0 0 0 0 0 2075647674 0 0 0 0 0 0 0 0 733649 0 405056 0 0 0 0 0 0 0 0 0 0 0 661177484 1 0 0 0 0 0 0 0 0 0 0 0 0 0 0 0 0 0 0 0 0 0 0 397291 4219 0 0 0 0 16659527 0 0 0 0 0 0 0 0 0 0 0 0 0 0 0 0 0 0 0 0 0 0 0 0 0 0 0 0 0 0 0 0 0 0 0 0 0 0 0 0 0 0 0 0 0 0 0 0 0 0 0 0 0 0 0 0 0 0 0 0 0 0 0 0 0 0 0 0 0 0 0 0 0 0 0 174934635 0 0 0
ctxt 373657705
btime 1669654930
processes 527143
procs_running 1
procs_blocked 0
softirq 835399304 584460019 29576251 731196 60371578 404988 0 100945096 37989983 588 20919605

cpu  815115 36845 1366773 504720659 108654 0 2503004 0 0 0
cpu0 110562 9541 190954 126440872 29541 0 586764 0 0 0
cpu1 446838 10657 757613 125301826 22289 0 720569 0 0 0
cpu2 130976 2862 219354 126495947 29369 0 610904 0 0 0
cpu3 126737 13783 198851 126482013 27454 0 584766 0 0 0
intr 11563704027 0 0 2556661 81 0 697227 31546983 0 0 0 9004728 0 0 0 0 0 0 0 0 0 0 0 0 0 0 0 0 0 0 0 0 0 0 0 0 0 0 0 0 0 0 0 0 0 0 0 0 0 0 0 0 2075651693 0 0 0 0 0 0 0 0 733650 0 405056 0 0 0 0 0 0 0 0 0 0 0 661177636 1 0 0 0 0 0 0 0 0 0 0 0 0 0 0 0 0 0 0 0 0 0 0 397291 4219 0 0 0 0 16659542 0 0 0 0 0 0 0 0 0 0 0 0 0 0 0 0 0 0 0 0 0 0 0 0 0 0 0 0 0 0 0 0 0 0 0 0 0 0 0 0 0 0 0 0 0 0 0 0 0 0 0 0 0 0 0 0 0 0 0 0 0 0 0 0 0 0 0 0 0 0 0 0 0 0 0 174934668 0 0 0
ctxt 373657816
btime 1669654930
processes 527143
procs_running 1
procs_blocked 0
softirq 835399375 584460027 29576266 731196 60371579 404988 0 100945111 37990004 588 20919616

cpu  815115 36845 1366773 504720856 108654 0 2503004 0 0 0
cpu0 110562 9541 190954 126440922 29541 0 586764 0 0 0
cpu1 446838 10657 757613 125301875 22289 0 720569 0 0 0
cpu2 130976 2862 219354 126495996 29369 0 610904 0 0 0
cpu3 126737 13783 198851 126482062 27454 0 584766 0 0 0
intr 11563708237 0 0 2556662 81 0 697227 31547011 0 0 0 9004732 0 0 0 0 0 0 0 0 0 0 0 0 0 0 0 0 0 0 0 0 0 0 0 0 0 0 0 0 0 0 0 0 0 0 0 0 0 0 0 0 2075655689 0 0 0 0 0 0 0 0 733651 0 405056 0 0 0 0 0 0 0 0 0 0 0 661177764 1 0 0 0 0 0 0 0 0 0 0 0 0 0 0 0 0 0 0 0 0 0 0 397291 4219 0 0 0 0 16659562 0 0 0 0 0 0 0 0 0 0 0 0 0 0 0 0 0 0 0 0 0 0 0 0 0 0 0 0 0 0 0 0 0 0 0 0 0 0 0 0 0 0 0 0 0 0 0 0 0 0 0 0 0 0 0 0 0 0 0 0 0 0 0 0 0 0 0 0 0 0 0 0 0 0 0 174934700 0 0 0
ctxt 373657910
btime 1669654930
processes 527143
procs_running 1
procs_blocked 0
softirq 835399438 584460027 29576281 731196 60371580 404988 0 100945129 37990023 588 20919626

cpu  815116 36845 1366773 504721053 108654 0 2503004 0 0 0
cpu0 110562 9541 190954 126440971 29541 0 586764 0 0 0
cpu1 446838 10657 757613 125301924 22289 0 720569 0 0 0
cpu2 130977 2862 219354 126496045 29369 0 610904 0 0 0
cpu3 126737 13783 198851 126482111 27454 0 584766 0 0 0
intr 11563712507 0 0 2556662 81 0 697227 31547044 0 0 0 9004735 0 0 0 0 0 0 0 0 0 0 0 0 0 0 0 0 0 0 0 0 0 0 0 0 0 0 0 0 0 0 0 0 0 0 0 0 0 0 0 0 2075659715 0 0 0 0 0 0 0 0 733652 0 405056 0 0 0 0 0 0 0 0 0 0 0 661177918 1 0 0 0 0 0 0 0 0 0 0 0 0 0 0 0 0 0 0 0 0 0 0 397291 4219 0 0 0 0 16659582 0 0 0 0 0 0 0 0 0 0 0 0 0 0 0 0 0 0 0 0 0 0 0 0 0 0 0 0 0 0 0 0 0 0 0 0 0 0 0 0 0 0 0 0 0 0 0 0 0 0 0 0 0 0 0 0 0 0 0 0 0 0 0 0 0 0 0 0 0 0 0 0 0 0 0 174934733 0 0 0
ctxt 373658021
btime 1669654930
processes 527143
procs_running 1
procs_blocked 0
softirq 835399511 584460035 29576297 731196 60371581 404988 0 100945148 37990042 588 20919636

cpu  815116 36845 1366773 504721251 108654 0 2503004 0 0 0
cpu0 110562 9541 190954 126441021 29541 0 586764 0 0 0
cpu1 446838 10657 757613 125301974 22289 0 720569 0 0 0
cpu2 130977 2862 219354 126496094 29369 0 610904 0 0 0
cpu3 126737 13783 198851 126482160 27454 0 584766 0 0 0
intr 11563716714 0 0 2556662 81 0 697227 31547065 0 0 0 9004739 0 0 0 0 0 0 0 0 0 0 0 0 0 0 0 0 0 0 0 0 0 0 0 0 0 0 0 0 0 0 0 0 0 0 0 0 0 0 0 0 2075663719 0 0 0 0 0 0 0 0 733653 0 405056 0 0 0 0 0 0 0 0 0 0 0 661178048 1 0 0 0 0 0 0 0 0 0 0 0 0 0 0 0 0 0 0 0 0 0 0 397291 4219 0 0 0 0 16659597 0 0 0 0 0 0 0 0 0 0 0 0 0 0 0 0 0 0 0 0 0 0 0 0 0 0 0 0 0 0 0 0 0 0 0 0 0 0 0 0 0 0 0 0 0 0 0 0 0 0 0 0 0 0 0 0 0 0 0 0 0 0 0 0 0 0 0 0 0 0 0 0 0 0 0 174934764 0 0 0
ctxt 373658105
btime 1669654930
processes 527143
procs_running 1
procs_blocked 0
softirq 835399566 584460035 29576311 731196 60371582 404988 0 100945161 37990059 588 20919646

cpu  815116 36845 1366773 504721447 108654 0 2503004 0 0 0
cpu0 110563 9541 190954 126441070 29541 0 586764 0 0 0
cpu1 446838 10657 757614 125302023 22289 0 720569 0 0 0
cpu2 130977 2862 219354 126496143 29369 0 610904 0 0 0
cpu3 126737 13783 198851 126482210 27454 0 584766 0 0 0
intr 11563720970 0 0 2556666 81 0 697227 31547092 0 0 0 9004743 0 0 0 0 0 0 0 0 0 0 0 0 0 0 0 0 0 0 0 0 0 0 0 0 0 0 0 0 0 0 0 0 0 0 0 0 0 0 0 0 2075667736 0 0 0 0 0 0 0 0 733654 0 405056 0 0 0 0 0 0 0 0 0 0 0 661178200 1 0 0 0 0 0 0 0 0 0 0 0 0 0 0 0 0 0 0 0 0 0 0 397291 4219 0 0 0 0 16659612 0 0 0 0 0 0 0 0 0 0 0 0 0 0 0 0 0 0 0 0 0 0 0 0 0 0 0 0 0 0 0 0 0 0 0 0 0 0 0 0 0 0 0 0 0 0 0 0 0 0 0 0 0 0 0 0 0 0 0 0 0 0 0 0 0 0 0 0 0 0 0 0 0 0 0 174934801 0 0 0
ctxt 373658207
btime 1669654930
processes 527143
procs_running 1
procs_blocked 0
softirq 835399640 584460043 29576327 731196 60371583 404988 0 100945175 37990083 588 20919657

cpu  815117 36845 1366774 504721645 108654 0 2503004 0 0 0
cpu0 110563 9541 190954 126441119 29541 0 586764 0 0 0
cpu1 446838 10657 757614 125302073 22289 0 720569 0 0 0
cpu2 130978 2862 219354 126496192 29369 0 610904 0 0 0
cpu3 126737 13783 198851 126482259 27454 0 584766 0 0 0
intr 11563725176 0 0 2556667 81 0 697227 31547113 0 0 0 9004747 0 0 0 0 0 0 0 0 0 0 0 0 0 0 0 0 0 0 0 0 0 0 0 0 0 0 0 0 0 0 0 0 0 0 0 0 0 0 0 0 2075671740 0 0 0 0 0 0 0 0 733655 0 405056 0 0 0 0 0 0 0 0 0 0 0 661178328 1 0 0 0 0 0 0 0 0 0 0 0 0 0 0 0 0 0 0 0 0 0 0 397291 4219 0 0 0 0 16659627 0 0 0 0 0 0 0 0 0 0 0 0 0 0 0 0 0 0 0 0 0 0 0 0 0 0 0 0 0 0 0 0 0 0 0 0 0 0 0 0 0 0 0 0 0 0 0 0 0 0 0 0 0 0 0 0 0 0 0 0 0 0 0 0 0 0 0 0 0 0 0 0 0 0 0 174934833 0 0 0
ctxt 373658286
btime 1669654930
processes 527143
procs_running 1
procs_blocked 0
softirq 835399700 584460043 29576341 731197 60371584 404988 0 100945188 37990103 588 20919668

cpu  815117 36845 1366775 504721841 108654 0 2503004 0 0 0
cpu0 110563 9541 190954 126441168 29541 0 586764 0 0 0
cpu1 446838 10657 757614 125302122 22289 0 720569 0 0 0
cpu2 130978 2862 219354 126496241 29369 0 610904 0 0 0
cpu3 126737 13783 198852 126482308 27454 0 584766 0 0 0
intr 11563729426 0 0 2556667 81 0 697227 31547140 0 0 0 9004752 0 0 0 0 0 0 0 0 0 0 0 0 0 0 0 0 0 0 0 0 0 0 0 0 0 0 0 0 0 0 0 0 0 0 0 0 0 0 0 0 2075675759 0 0 0 0 0 0 0 0 733656 0 405056 0 0 0 0 0 0 0 0 0 0 0 661178480 1 0 0 0 0 0 0 0 0 0 0 0 0 0 0 0 0 0 0 0 0 0 0 397291 4219 0 0 0 0 16659642 0 0 0 0 0 0 0 0 0 0 0 0 0 0 0 0 0 0 0 0 0 0 0 0 0 0 0 0 0 0 0 0 0 0 0 0 0 0 0 0 0 0 0 0 0 0 0 0 0 0 0 0 0 0 0 0 0 0 0 0 0 0 0 0 0 0 0 0 0 0 0 0 0 0 0 174934864 0 0 0
ctxt 373658382
btime 1669654930
processes 527143
procs_running 1
procs_blocked 0
softirq 835399771 584460051 29576356 731197 60371585 404988 0 100945203 37990125 588 20919678

cpu  815117 36845 1366775 504722039 108654 0 2503004 0 0 0
cpu0 110563 9541 190954 126441218 29541 0 586764 0 0 0
cpu1 446838 10657 757614 125302171 22289 0 720569 0 0 0
cpu2 130978 2862 219354 126496291 29369 0 610904 0 0 0
cpu3 126737 13783 198852 126482357 27454 0 584766 0 0 0
intr 11563733630 0 0 2556667 81 0 697227 31547160 0 0 0 9004756 0 0 0 0 0 0 0 0 0 0 0 0 0 0 0 0 0 0 0 0 0 0 0 0 0 0 0 0 0 0 0 0 0 0 0 0 0 0 0 0 2075679763 0 0 0 0 0 0 0 0 733657 0 405056 0 0 0 0 0 0 0 0 0 0 0 661178610 1 0 0 0 0 0 0 0 0 0 0 0 0 0 0 0 0 0 0 0 0 0 0 397291 4219 0 0 0 0 16659657 0 0 0 0 0 0 0 0 0 0 0 0 0 0 0 0 0 0 0 0 0 0 0 0 0 0 0 0 0 0 0 0 0 0 0 0 0 0 0 0 0 0 0 0 0 0 0 0 0 0 0 0 0 0 0 0 0 0 0 0 0 0 0 0 0 0 0 0 0 0 0 0 0 0 0 174934894 0 0 0
ctxt 373658463
btime 1669654930
processes 527143
procs_running 1
procs_blocked 0
softirq 835399827 584460051 29576370 731197 60371586 404988 0 100945216 37990143 588 20919688

cpu  815117 36845 1366775 504722235 108654 0 2503004 0 0 0
cpu0 110563 9541 190954 126441267 29541 0 586764 0 0 0
cpu1 446838 10657 757614 125302221 22289 0 720569 0 0 0
cpu2 130978 2862 219354 126496340 29369 0 610904 0 0 0
cpu3 126737 13783 198852 126482406 27454 0 584766 0 0 0
intr 11563737878 0 0 2556667 81 0 697227 31547189 0 0 0 9004759 0 0 0 0 0 0 0 0 0 0 0 0 0 0 0 0 0 0 0 0 0 0 0 0 0 0 0 0 0 0 0 0 0 0 0 0 0 0 0 0 2075683782 0 0 0 0 0 0 0 0 733658 0 405056 0 0 0 0 0 0 0 0 0 0 0 661178762 1 0 0 0 0 0 0 0 0 0 0 0 0 0 0 0 0 0 0 0 0 0 0 397291 4219 0 0 0 0 16659672 0 0 0 0 0 0 0 0 0 0 0 0 0 0 0 0 0 0 0 0 0 0 0 0 0 0 0 0 0 0 0 0 0 0 0 0 0 0 0 0 0 0 0 0 0 0 0 0 0 0 0 0 0 0 0 0 0 0 0 0 0 0 0 0 0 0 0 0 0 0 0 0 0 0 0 174934922 0 0 0
ctxt 373658562
btime 1669654930
processes 527143
procs_running 1
procs_blocked 0
softirq 835399894 584460059 29576384 731197 60371587 404988 0 100945231 37990162 588 20919698

cpu  815118 36845 1366775 504722433 108654 0 2503004 0 0 0
cpu0 110563 9541 190954 126441317 29541 0 586764 0 0 0
cpu1 446838 10657 757614 125302270 22289 0 720569 0 0 0
cpu2 130978 2862 219354 126496389 29369 0 610904 0 0 0
cpu3 126737 13783 198852 126482456 27454 0 584766 0 0 0
intr 11563742095 0 0 2556668 81 0 697227 31547214 0 0 0 9004763 0 0 0 0 0 0 0 0 0 0 0 0 0 0 0 0 0 0 0 0 0 0 0 0 0 0 0 0 0 0 0 0 0 0 0 0 0 0 0 0 2075687786 0 0 0 0 0 0 0 0 733659 0 405056 0 0 0 0 0 0 0 0 0 0 0 661178892 1 0 0 0 0 0 0 0 0 0 0 0 0 0 0 0 0 0 0 0 0 0 0 397291 4219 0 0 0 0 16659692 0 0 0 0 0 0 0 0 0 0 0 0 0 0 0 0 0 0 0 0 0 0 0 0 0 0 0 0 0 0 0 0 0 0 0 0 0 0 0 0 0 0 0 0 0 0 0 0 0 0 0 0 0 0 0 0 0 0 0 0 0 0 0 0 0 0 0 0 0 0 0 0 0 0 0 174934954 0 0 0
ctxt 373658657
btime 1669654930
processes 527143
procs_running 1
procs_blocked 0
softirq 835399959 584460059 29576400 731197 60371588 404988 0 100945249 37990182 588 20919708

cpu  815118 36845 1366776 504722629 108654 0 2503004 0 0 0
cpu0 110563 9541 190954 126441366 29541 0 586764 0 0 0
cpu1 446838 10657 757615 125302319 22289 0 720569 0 0 0
cpu2 130978 2862 219354 126496438 29369 0 610904 0 0 0
cpu3 126737 13783 198852 126482505 27454 0 584766 0 0 0
intr 11563746341 0 0 2556668 81 0 697227 31547239 0 0 0 9004768 0 0 0 0 0 0 0 0 0 0 0 0 0 0 0 0 0 0 0 0 0 0 0 0 0 0 0 0 0 0 0 0 0 0 0 0 0 0 0 0 2075691804 0 0 0 0 0 0 0 0 733660 0 405056 0 0 0 0 0 0 0 0 0 0 0 661179044 1 0 0 0 0 0 0 0 0 0 0 0 0 0 0 0 0 0 0 0 0 0 0 397291 4219 0 0 0 0 16659707 0 0 0 0 0 0 0 0 0 0 0 0 0 0 0 0 0 0 0 0 0 0 0 0 0 0 0 0 0 0 0 0 0 0 0 0 0 0 0 0 0 0 0 0 0 0 0 0 0 0 0 0 0 0 0 0 0 0 0 0 0 0 0 0 0 0 0 0 0 0 0 0 0 0 0 174934984 0 0 0
ctxt 373658754
btime 1669654930
processes 527143
procs_running 1
procs_blocked 0
softirq 835400029 584460067 29576415 731197 60371589 404988 0 100945263 37990204 588 20919718

cpu  815118 36845 1366776 504722826 108654 0 2503004 0 0 0
cpu0 110563 9541 190954 126441415 29541 0 586764 0 0 0
cpu1 446838 10657 757615 125302369 22289 0 720569 0 0 0
cpu2 130979 2862 219354 126496487 29369 0 610904 0 0 0
cpu3 126737 13783 198852 126482554 27454 0 584766 0 0 0
intr 11563750543 0 0 2556668 81 0 697227 31547262 0 0 0 9004772 0 0 0 0 0 0 0 0 0 0 0 0 0 0 0 0 0 0 0 0 0 0 0 0 0 0 0 0 0 0 0 0 0 0 0 0 0 0 0 0 2075695802 0 0 0 0 0 0 0 0 733661 0 405056 0 0 0 0 0 0 0 0 0 0 0 661179173 1 0 0 0 0 0 0 0 0 0 0 0 0 0 0 0 0 0 0 0 0 0 0 397291 4219 0 0 0 0 16659722 0 0 0 0 0 0 0 0 0 0 0 0 0 0 0 0 0 0 0 0 0 0 0 0 0 0 0 0 0 0 0 0 0 0 0 0 0 0 0 0 0 0 0 0 0 0 0 0 0 0 0 0 0 0 0 0 0 0 0 0 0 0 0 0 0 0 0 0 0 0 0 0 0 0 0 174935017 0 0 0
ctxt 373658838
btime 1669654930
processes 527143
procs_running 1
procs_blocked 0
softirq 835400094 584460068 29576429 731197 60371591 404988 0 100945277 37990224 588 20919732

cpu  815118 36845 1366776 504723023 108654 0 2503004 0 0 0
cpu0 110563 9541 190954 126441465 29541 0 586764 0 0 0
cpu1 446838 10657 757615 125302418 22289 0 720569 0 0 0
cpu2 130979 2862 219354 126496536 29369 0 610904 0 0 0
cpu3 126737 13783 198852 126482603 27454 0 584766 0 0 0
intr 11563754819 0 0 2556668 81 0 697227 31547298 0 0 0 9004776 0 0 0 0 0 0 0 0 0 0 0 0 0 0 0 0 0 0 0 0 0 0 0 0 0 0 0 0 0 0 0 0 0 0 0 0 0 0 0 0 2075699829 0 0 0 0 0 0 0 0 733662 0 405056 0 0 0 0 0 0 0 0 0 0 0 661179327 1 0 0 0 0 0 0 0 0 0 0 0 0 0 0 0 0 0 0 0 0 0 0 397291 4219 0 0 0 0 16659747 0 0 0 0 0 0 0 0 0 0 0 0 0 0 0 0 0 0 0 0 0 0 0 0 0 0 0 0 0 0 0 0 0 0 0 0 0 0 0 0 0 0 0 0 0 0 0 0 0 0 0 0 0 0 0 0 0 0 0 0 0 0 0 0 0 0 0 0 0 0 0 0 0 0 0 174935046 0 0 0
ctxt 373658956
btime 1669654930
processes 527143
procs_running 1
procs_blocked 0
softirq 835400168 584460076 29576442 731197 60371593 404988 0 100945298 37990243 588 20919743

cpu  815119 36845 1366776 504723221 108654 0 2503004 0 0 0
cpu0 110563 9541 190954 126441514 29541 0 586764 0 0 0
cpu1 446838 10657 757615 125302468 22289 0 720569 0 0 0
cpu2 130980 2862 219354 126496585 29369 0 610904 0 0 0
cpu3 126737 13783 198852 126482652 27454 0 584766 0 0 0
intr 11563759025 0 0 2556669 81 0 697227 31547318 0 0 0 9004779 0 0 0 0 0 0 0 0 0 0 0 0 0 0 0 0 0 0 0 0 0 0 0 0 0 0 0 0 0 0 0 0 0 0 0 0 0 0 0 0 2075703833 0 0 0 0 0 0 0 0 733663 0 405056 0 0 0 0 0 0 0 0 0 0 0 661179457 1 0 0 0 0 0 0 0 0 0 0 0 0 0 0 0 0 0 0 0 0 0 0 397291 4219 0 0 0 0 16659762 0 0 0 0 0 0 0 0 0 0 0 0 0 0 0 0 0 0 0 0 0 0 0 0 0 0 0 0 0 0 0 0 0 0 0 0 0 0 0 0 0 0 0 0 0 0 0 0 0 0 0 0 0 0 0 0 0 0 0 0 0 0 0 0 0 0 0 0 0 0 0 0 0 0 0 174935077 0 0 0
ctxt 373659034
btime 1669654930
processes 527143
procs_running 1
procs_blocked 0
softirq 835400223 584460076 29576455 731197 60371594 404988 0 100945311 37990261 588 20919753

cpu  815119 36845 1366777 504723417 108654 0 2503004 0 0 0
cpu0 110563 9541 190955 126441563 29541 0 586764 0 0 0
cpu1 446838 10657 757615 125302517 22289 0 720569 0 0 0
cpu2 130980 2862 219354 126496634 29369 0 610904 0 0 0
cpu3 126737 13783 198852 126482702 27454 0 584766 0 0 0
intr 11563763275 0 0 2556669 81 0 697227 31547346 0 0 0 9004783 0 0 0 0 0 0 0 0 0 0 0 0 0 0 0 0 0 0 0 0 0 0 0 0 0 0 0 0 0 0 0 0 0 0 0 0 0 0 0 0 2075707853 0 0 0 0 0 0 0 0 733664 0 405056 0 0 0 0 0 0 0 0 0 0 0 661179609 1 0 0 0 0 0 0 0 0 0 0 0 0 0 0 0 0 0 0 0 0 0 0 397291 4219 0 0 0 0 16659777 0 0 0 0 0 0 0 0 0 0 0 0 0 0 0 0 0 0 0 0 0 0 0 0 0 0 0 0 0 0 0 0 0 0 0 0 0 0 0 0 0 0 0 0 0 0 0 0 0 0 0 0 0 0 0 0 0 0 0 0 0 0 0 0 0 0 0 0 0 0 0 0 0 0 0 174935108 0 0 0
ctxt 373659133
btime 1669654930
processes 527143
procs_running 1
procs_blocked 0
softirq 835400293 584460084 29576470 731197 60371595 404988 0 100945325 37990283 588 20919763

cpu  815119 36845 1366777 504723614 108654 0 2503004 0 0 0
cpu0 110563 9541 190955 126441613 29541 0 586764 0 0 0
cpu1 446838 10657 757615 125302566 22289 0 720569 0 0 0
cpu2 130980 2862 219354 126496683 29369 0 610904 0 0 0
cpu3 126737 13783 198852 126482751 27454 0 584766 0 0 0
intr 11563767465 0 0 2556669 81 0 697227 31547364 0 0 0 9004787 0 0 0 0 0 0 0 0 0 0 0 0 0 0 0 0 0 0 0 0 0 0 0 0 0 0 0 0 0 0 0 0 0 0 0 0 0 0 0 0 2075711849 0 0 0 0 0 0 0 0 733665 0 405056 0 0 0 0 0 0 0 0 0 0 0 661179737 1 0 0 0 0 0 0 0 0 0 0 0 0 0 0 0 0 0 0 0 0 0 0 397291 4219 0 0 0 0 16659792 0 0 0 0 0 0 0 0 0 0 0 0 0 0 0 0 0 0 0 0 0 0 0 0 0 0 0 0 0 0 0 0 0 0 0 0 0 0 0 0 0 0 0 0 0 0 0 0 0 0 0 0 0 0 0 0 0 0 0 0 0 0 0 0 0 0 0 0 0 0 0 0 0 0 0 174935136 0 0 0
ctxt 373659201
btime 1669654930
processes 527143
procs_running 1
procs_blocked 0
softirq 835400349 584460084 29576483 731198 60371596 404988 0 100945338 37990301 588 20919773

cpu  815120 36845 1366777 504723811 108654 0 2503004 0 0 0
cpu0 110563 9541 190955 126441662 29541 0 586764 0 0 0
cpu1 446838 10657 757615 125302616 22289 0 720569 0 0 0
cpu2 130980 2862 219354 126496732 29369 0 610904 0 0 0
cpu3 126737 13783 198852 126482800 27454 0 584766 0 0 0
intr 11563771752 0 0 2556669 81 0 697227 31547403 0 0 0 9004790 0 0 0 0 0 0 0 0 0 0 0 0 0 0 0 0 0 0 0 0 0 0 0 0 0 0 0 0 0 0 0 0 0 0 0 0 0 0 0 0 2075715876 0 0 0 0 0 0 0 0 733666 0 405056 0 0 0 0 0 0 0 0 0 0 0 661179891 1 0 0 0 0 0 0 0 0 0 0 0 0 0 0 0 0 0 0 0 0 0 0 397291 4219 0 0 0 0 16659824 0 0 0 0 0 0 0 0 0 0 0 0 0 0 0 0 0 0 0 0 0 0 0 0 0 0 0 0 0 0 0 0 0 0 0 0 0 0 0 0 0 0 0 0 0 0 0 0 0 0 0 0 0 0 0 0 0 0 0 0 0 0 0 0 0 0 0 0 0 0 0 0 0 0 0 174935166 0 0 0
ctxt 373659322
btime 1669654930
processes 527143
procs_running 1
procs_blocked 0
softirq 835400431 584460092 29576498 731198 60371598 404988 0 100945365 37990321 588 20919783

cpu  815120 36845 1366777 504724009 108654 0 2503004 0 0 0
cpu0 110563 9541 190955 126441711 29541 0 586764 0 0 0
cpu1 446838 10657 757615 125302665 22289 0 720569 0 0 0
cpu2 130981 2862 219354 126496781 29369 0 610904 0 0 0
cpu3 126737 13783 198852 126482849 27454 0 584766 0 0 0
intr 11563775960 0 0 2556670 81 0 697227 31547425 0 0 0 9004793 0 0 0 0 0 0 0 0 0 0 0 0 0 0 0 0 0 0 0 0 0 0 0 0 0 0 0 0 0 0 0 0 0 0 0 0 0 0 0 0 2075719880 0 0 0 0 0 0 0 0 733667 0 405056 0 0 0 0 0 0 0 0 0 0 0 661180021 1 0 0 0 0 0 0 0 0 0 0 0 0 0 0 0 0 0 0 0 0 0 0 397291 4219 0 0 0 0 16659839 0 0 0 0 0 0 0 0 0 0 0 0 0 0 0 0 0 0 0 0 0 0 0 0 0 0 0 0 0 0 0 0 0 0 0 0 0 0 0 0 0 0 0 0 0 0 0 0 0 0 0 0 0 0 0 0 0 0 0 0 0 0 0 0 0 0 0 0 0 0 0 0 0 0 0 174935198 0 0 0
ctxt 373659410
btime 1669654930
processes 527143
procs_running 1
procs_blocked 0
softirq 835400489 584460092 29576512 731198 60371599 404988 0 100945379 37990339 588 20919794

cpu  815120 36845 1366778 504724205 108654 0 2503004 0 0 0
cpu0 110563 9541 190955 126441761 29541 0 586764 0 0 0
cpu1 446838 10657 757616 125302715 22289 0 720569 0 0 0
cpu2 130981 2862 219354 126496830 29369 0 610904 0 0 0
cpu3 126737 13783 198852 126482899 27454 0 584766 0 0 0
intr 11563780205 0 0 2556670 81 0 697227 31547453 0 0 0 9004797 0 0 0 0 0 0 0 0 0 0 0 0 0 0 0 0 0 0 0 0 0 0 0 0 0 0 0 0 0 0 0 0 0 0 0 0 0 0 0 0 2075723899 0 0 0 0 0 0 0 0 733668 0 405056 0 0 0 0 0 0 0 0 0 0 0 661180173 1 0 0 0 0 0 0 0 0 0 0 0 0 0 0 0 0 0 0 0 0 0 0 397291 4219 0 0 0 0 16659854 0 0 0 0 0 0 0 0 0 0 0 0 0 0 0 0 0 0 0 0 0 0 0 0 0 0 0 0 0 0 0 0 0 0 0 0 0 0 0 0 0 0 0 0 0 0 0 0 0 0 0 0 0 0 0 0 0 0 0 0 0 0 0 0 0 0 0 0 0 0 0 0 0 0 0 174935225 0 0 0
ctxt 373659506
btime 1669654930
processes 527143
procs_running 1
procs_blocked 0
softirq 835400555 584460100 29576526 731198 60371600 404988 0 100945392 37990357 588 20919806

cpu  815120 36845 1366778 504724403 108654 0 2503004 0 0 0
cpu0 110563 9541 190955 126441810 29541 0 586764 0 0 0
cpu1 446838 10657 757616 125302764 22289 0 720569 0 0 0
cpu2 130981 2862 219354 126496879 29369 0 610904 0 0 0
cpu3 126737 13783 198852 126482948 27454 0 584766 0 0 0
intr 11563784421 0 0 2556670 81 0 697227 31547478 0 0 0 9004800 0 0 0 0 0 0 0 0 0 0 0 0 0 0 0 0 0 0 0 0 0 0 0 0 0 0 0 0 0 0 0 0 0 0 0 0 0 0 0 0 2075727903 0 0 0 0 0 0 0 0 733669 0 405056 0 0 0 0 0 0 0 0 0 0 0 661180303 1 0 0 0 0 0 0 0 0 0 0 0 0 0 0 0 0 0 0 0 0 0 0 397291 4219 0 0 0 0 16659874 0 0 0 0 0 0 0 0 0 0 0 0 0 0 0 0 0 0 0 0 0 0 0 0 0 0 0 0 0 0 0 0 0 0 0 0 0 0 0 0 0 0 0 0 0 0 0 0 0 0 0 0 0 0 0 0 0 0 0 0 0 0 0 0 0 0 0 0 0 0 0 0 0 0 0 174935258 0 0 0
ctxt 373659600
btime 1669654930
processes 527143
procs_running 1
procs_blocked 0
softirq 835400624 584460100 29576541 731198 60371601 404988 0 100945411 37990380 588 20919817

cpu  815120 36845 1366779 504724599 108654 0 2503004 0 0 0
cpu0 110563 9541 190955 126441860 29541 0 586764 0 0 0
cpu1 446838 10657 757616 125302813 22289 0 720569 0 0 0
cpu2 130981 2862 219354 126496928 29369 0 610904 0 0 0
cpu3 126737 13783 198853 126482997 27454 0 584766 0 0 0
intr 11563788613 0 0 2556670 81 0 697227 31547498 0 0 0 9004804 0 0 0 0 0 0 0 0 0 0 0 0 0 0 0 0 0 0 0 0 0 0 0 0 0 0 0 0 0 0 0 0 0 0 0 0 0 0 0 0 2075731898 0 0 0 0 0 0 0 0 733670 0 405056 0 0 0 0 0 0 0 0 0 0 0 661180431 1 0 0 0 0 0 0 0 0 0 0 0 0 0 0 0 0 0 0 0 0 0 0 397291 4219 0 0 0 0 16659889 0 0 0 0 0 0 0 0 0 0 0 0 0 0 0 0 0 0 0 0 0 0 0 0 0 0 0 0 0 0 0 0 0 0 0 0 0 0 0 0 0 0 0 0 0 0 0 0 0 0 0 0 0 0 0 0 0 0 0 0 0 0 0 0 0 0 0 0 0 0 0 0 0 0 0 174935286 0 0 0
ctxt 373659677
btime 1669654930
processes 527143
procs_running 1
procs_blocked 0
softirq 835400681 584460100 29576554 731198 60371602 404988 0 100945424 37990399 588 20919828

cpu  815121 36845 1366779 504724796 108654 0 2503004 0 0 0
cpu0 110563 9541 190955 126441909 29541 0 586764 0 0 0
cpu1 446838 10657 757616 125302863 22289 0 720569 0 0 0
cpu2 130982 2862 219354 126496977 29369 0 610904 0 0 0
cpu3 126737 13783 198853 126483046 27454 0 584766 0 0 0
intr 11563792899 0 0 2556671 81 0 697227 31547530 0 0 0 9004808 0 0 0 0 0 0 0 0 0 0 0 0 0 0 0 0 0 0 0 0 0 0 0 0 0 0 0 0 0 0 0 0 0 0 0 0 0 0 0 0 2075735926 0 0 0 0 0 0 0 0 733671 0 405056 0 0 0 0 0 0 0 0 0 0 0 661180585 1 0 0 0 0 0 0 0 0 0 0 0 0 0 0 0 0 0 0 0 0 0 0 397291 4219 0 0 0 0 16659919 0 0 0 0 0 0 0 0 0 0 0 0 0 0 0 0 0 0 0 0 0 0 0 0 0 0 0 0 0 0 0 0 0 0 0 0 0 0 0 0 0 0 0 0 0 0 0 0 0 0 0 0 0 0 0 0 0 0 0 0 0 0 0 0 0 0 0 0 0 0 0 0 0 0 0 174935323 0 0 0
ctxt 373659807
btime 1669654930
processes 527143
procs_running 1
procs_blocked 0
softirq 835400773 584460108 29576572 731198 60371604 404988 0 100945451 37990422 588 20919842
