cpu  850925 38662 1426239 530162015 114326 0 3202543 0 0 0
cpu0 118985 9541 204706 132795834 30844 0 765451 0 0 0
cpu1 456075 11232 773401 131668787 23735 0 889168 0 0 0
cpu2 140622 4072 235304 132853978 30984 0 787959 0 0 0
cpu3 135242 13816 212827 132843415 28761 0 759964 0 0 0
intr 12282562719 0 0 2651500 81 0 756571 35338656 0 0 0 9482470 0 0 0 0 0 0 0 0 0 0 0 0 0 0 0 0 0 0 0 0 0 0 0 0 0 0 0 0 0 0 0 0 0 0 0 0 0 0 0 0 2683410650 0 0 0 0 0 0 0 0 875956 0 451477 0 0 0 0 0 0 0 0 0 0 0 754094662 1 0 0 0 0 0 0 0 0 0 0 0 0 0 0 0 0 0 0 0 0 0 0 443712 4219 0 0 0 0 19255665 0 0 0 0 0 0 0 0 0 0 0 0 0 0 0 0 0 0 0 0 0 0 0 0 0 0 0 0 0 0 0 0 0 0 0 0 0 0 0 0 0 0 0 0 0 0 0 0 0 0 0 0 0 0 0 0 0 0 0 0 0 0 0 0 0 0 0 0 0 0 0 0 0 0 0 185862508 0 0 0
ctxt 393663205
btime 1669654930
processes 567233
procs_running 1
procs_blocked 0
softirq 1053555506 734088372 32642707 743716 84751639 451405 0 130152549 43369862 588 27354668

cpu  850925 38662 1426240 530162212 114326 0 3202543 0 0 0
cpu0 118985 9541 204706 132795883 30844 0 765451 0 0 0
cpu1 456075 11232 773401 131668836 23735 0 889168 0 0 0
cpu2 140622 4072 235304 132854027 30984 0 787959 0 0 0
cpu3 135242 13816 212827 132843464 28761 0 759964 0 0 0
intr 12282566968 0 0 2651500 81 0 756571 35338682 0 0 0 9482474 0 0 0 0 0 0 0 0 0 0 0 0 0 0 0 0 0 0 0 0 0 0 0 0 0 0 0 0 0 0 0 0 0 0 0 0 0 0 0 0 2683414677 0 0 0 0 0 0 0 0 875957 0 451477 0 0 0 0 0 0 0 0 0 0 0 754094814 1 0 0 0 0 0 0 0 0 0 0 0 0 0 0 0 0 0 0 0 0 0 0 443712 4219 0 0 0 0 19255680 0 0 0 0 0 0 0 0 0 0 0 0 0 0 0 0 0 0 0 0 0 0 0 0 0 0 0 0 0 0 0 0 0 0 0 0 0 0 0 0 0 0 0 0 0 0 0 0 0 0 0 0 0 0 0 0 0 0 0 0 0 0 0 0 0 0 0 0 0 0 0 0 0 0 0 185862532 0 0 0
ctxt 393663296
btime 1669654930
processes 567233
procs_running 1
procs_blocked 0
softirq 1053555569 734088380 32642721 743716 84751640 451405 0 130152564 43369877 588 27354678

cpu  850925 38662 1426240 530162410 114326 0 3202543 0 0 0
cpu0 118985 9541 204706 132795933 30844 0 765451 0 0 0
cpu1 456075 11232 773401 131668885 23735 0 889168 0 0 0
cpu2 140622 4072 235304 132854076 30984 0 787959 0 0 0
cpu3 135242 13816 212827 132843514 28761 0 759964 0 0 0
intr 12282571168 0 0 2651501 81 0 756571 35338701 0 0 0 9482478 0 0 0 0 0 0 0 0 0 0 0 0 0 0 0 0 0 0 0 0 0 0 0 0 0 0 0 0 0 0 0 0 0 0 0 0 0 0 0 0 2683418681 0 0 0 0 0 0 0 0 875958 0 451477 0 0 0 0 0 0 0 0 0 0 0 754094944 1 0 0 0 0 0 0 0 0 0 0 0 0 0 0 0 0 0 0 0 0 0 0 443712 4219 0 0 0 0 19255695 0 0 0 0 0 0 0 0 0 0 0 0 0 0 0 0 0 0 0 0 0 0 0 0 0 0 0 0 0 0 0 0 0 0 0 0 0 0 0 0 0 0 0 0 0 0 0 0 0 0 0 0 0 0 0 0 0 0 0 0 0 0 0 0 0 0 0 0 0 0 0 0 0 0 0 185862557 0 0 0
ctxt 393663367
btime 1669654930
processes 567233
procs_running 1
procs_blocked 0
softirq 1053555620 734088380 32642734 743716 84751641 451405 0 130152577 43369891 588 27354688

cpu  850926 38662 1426240 530162607 114326 0 3202543 0 0 0
cpu0 118985 9541 204706 132795982 30844 0 765451 0 0 0
cpu1 456075 11232 773401 131668935 23735 0 889168 0 0 0
cpu2 140622 4072 235304 132854125 30984 0 787959 0 0 0
cpu3 135242 13816 212827 132843563 28761 0 759964 0 0 0
intr 12282575435 0 0 2651501 81 0 756571 35338734 0 0 0 9482482 0 0 0 0 0 0 0 0 0 0 0 0 0 0 0 0 0 0 0 0 0 0 0 0 0 0 0 0 0 0 0 0 0 0 0 0 0 0 0 0 2683422703 0 0 0 0 0 0 0 0 875960 0 451477 0 0 0 0 0 0 0 0 0 0 0 754095096 1 0 0 0 0 0 0 0 0 0 0 0 0 0 0 0 0 0 0 0 0 0 0 443712 4219 0 0 0 0 19255722 0 0 0 0 0 0 0 0 0 0 0 0 0 0 0 0 0 0 0 0 0 0 0 0 0 0 0 0 0 0 0 0 0 0 0 0 0 0 0 0 0 0 0 0 0 0 0 0 0 0 0 0 0 0 0 0 0 0 0 0 0 0 0 0 0 0 0 0 0 0 0 0 0 0 0 185862585 0 0 0
ctxt 393663481
btime 1669654930
processes 567233
procs_running 1
procs_blocked 0
softirq 1053555697 734088388 32642750 743716 84751643 451405 0 130152601 43369909 588 27354697

cpu  850926 38662 1426240 530162804 114326 0 3202543 0 0 0
cpu0 118985 9541 204706 132796031 30844 0 765451 0 0 0
cpu1 456075 11232 773401 131668984 23735 0 889168 0 0 0
cpu2 140623 4072 235305 132854174 30984 0 787959 0 0 0
cpu3 135242 13816 212827 132843613 28761 0 759964 0 0 0
intr 12282579638 0 0 2651501 81 0 756571 35338756 0 0 0 9482486 0 0 0 0 0 0 0 0 0 0 0 0 0 0 0 0 0 0 0 0 0 0 0 0 0 0 0 0 0 0 0 0 0 0 0 0 0 0 0 0 2683426707 0 0 0 0 0 0 0 0 875961 0 451477 0 0 0 0 0 0 0 0 0 0 0 754095226 1 0 0 0 0 0 0 0 0 0 0 0 0 0 0 0 0 0 0 0 0 0 0 443712 4219 0 0 0 0 19255737 0 0 0 0 0 0 0 0 0 0 0 0 0 0 0 0 0 0 0 0 0 0 0 0 0 0 0 0 0 0 0 0 0 0 0 0 0 0 0 0 0 0 0 0 0 0 0 0 0 0 0 0 0 0 0 0 0 0 0 0 0 0 0 0 0 0 0 0 0 0 0 0 0 0 0 185862612 0 0 0
ctxt 393663562
btime 1669654930
processes 567233
procs_running 1
procs_blocked 0
softirq 1053555746 734088388 32642762 743716 84751644 451405 0 130152614 43369923 588 27354706

cpu  850926 38662 1426240 530163001 114326 0 3202543 0 0 0
cpu0 118985 9541 204706 132796081 30844 0 765451 0 0 0
cpu1 456075 11232 773401 131669033 23735 0 889168 0 0 0
cpu2 140623 4072 235305 132854223 30984 0 787959 0 0 0
cpu3 135242 13816 212827 132843662 28761 0 759964 0 0 0
intr 12282583889 0 0 2651501 81 0 756571 35338784 0 0 0 9482490 0 0 0 0 0 0 0 0 0 0 0 0 0 0 0 0 0 0 0 0 0 0 0 0 0 0 0 0 0 0 0 0 0 0 0 0 0 0 0 0 2683430728 0 0 0 0 0 0 0 0 875962 0 451477 0 0 0 0 0 0 0 0 0 0 0 754095378 1 0 0 0 0 0 0 0 0 0 0 0 0 0 0 0 0 0 0 0 0 0 0 443712 4219 0 0 0 0 19255752 0 0 0 0 0 0 0 0 0 0 0 0 0 0 0 0 0 0 0 0 0 0 0 0 0 0 0 0 0 0 0 0 0 0 0 0 0 0 0 0 0 0 0 0 0 0 0 0 0 0 0 0 0 0 0 0 0 0 0 0 0 0 0 0 0 0 0 0 0 0 0 0 0 0 0 185862642 0 0 0
ctxt 393663667
btime 1669654930
processes 567233
procs_running 1
procs_blocked 0
softirq 1053555813 734088396 32642776 743717 84751645 451405 0 130152629 43369942 588 27354715

cpu  850927 38662 1426241 530163198 114326 0 3202543 0 0 0
cpu0 118985 9541 204706 132796130 30844 0 765451 0 0 0
cpu1 456075 11232 773401 131669082 23735 0 889168 0 0 0
cpu2 140624 4072 235306 132854272 30984 0 787959 0 0 0
cpu3 135242 13816 212827 132843712 28761 0 759964 0 0 0
intr 12282588092 0 0 2651502 81 0 756571 35338805 0 0 0 9482494 0 0 0 0 0 0 0 0 0 0 0 0 0 0 0 0 0 0 0 0 0 0 0 0 0 0 0 0 0 0 0 0 0 0 0 0 0 0 0 0 2683434725 0 0 0 0 0 0 0 0 875963 0 451477 0 0 0 0 0 0 0 0 0 0 0 754095508 1 0 0 0 0 0 0 0 0 0 0 0 0 0 0 0 0 0 0 0 0 0 0 443712 4219 0 0 0 0 19255767 0 0 0 0 0 0 0 0 0 0 0 0 0 0 0 0 0 0 0 0 0 0 0 0 0 0 0 0 0 0 0 0 0 0 0 0 0 0 0 0 0 0 0 0 0 0 0 0 0 0 0 0 0 0 0 0 0 0 0 0 0 0 0 0 0 0 0 0 0 0 0 0 0 0 0 185862676 0 0 0
ctxt 393663751
btime 1669654930
processes 567233
procs_running 1
procs_blocked 0
softirq 1053555871 734088396 32642790 743717 84751646 451405 0 130152642 43369961 588 27354726

cpu  850927 38662 1426242 530163395 114326 0 3202543 0 0 0
cpu0 118985 9541 204706 132796179 30844 0 765451 0 0 0
cpu1 456075 11232 773402 131669132 23735 0 889168 0 0 0
cpu2 140624 4072 235306 132854321 30984 0 787959 0 0 0
cpu3 135242 13816 212827 132843761 28761 0 759964 0 0 0
intr 12282592350 0 0 2651502 81 0 756571 35338830 0 0 0 9482498 0 0 0 0 0 0 0 0 0 0 0 0 0 0 0 0 0 0 0 0 0 0 0 0 0 0 0 0 0 0 0 0 0 0 0 0 0 0 0 0 2683438755 0 0 0 0 0 0 0 0 875964 0 451477 0 0 0 0 0 0 0 0 0 0 0 754095660 1 0 0 0 0 0 0 0 0 0 0 0 0 0 0 0 0 0 0 0 0 0 0 443712 4219 0 0 0 0 19255782 0 0 0 0 0 0 0 0 0 0 0 0 0 0 0 0 0 0 0 0 0 0 0 0 0 0 0 0 0 0 0 0 0 0 0 0 0 0 0 0 0 0 0 0 0 0 0 0 0 0 0 0 0 0 0 0 0 0 0 0 0 0 0 0 0 0 0 0 0 0 0 0 0 0 0 185862706 0 0 0
ctxt 393663858
btime 1669654930
processes 567233
procs_running 1
procs_blocked 0
softirq 1053555935 734088404 32642803 743717 84751647 451405 0 130152657 43369978 588 27354736

cpu  850927 38662 1426242 530163592 114326 0 3202543 0 0 0
cpu0 118985 9541 204706 132796229 30844 0 765451 0 0 0
cpu1 456075 11232 773402 131669181 23735 0 889168 0 0 0
cpu2 140624 4072 235306 132854370 30984 0 787959 0 0 0
cpu3 135242 13816 212827 132843810 28761 0 759964 0 0 0
intr 12282596537 0 0 2651502 81 0 756571 35338848 0 0 0 9482502 0 0 0 0 0 0 0 0 0 0 0 0 0 0 0 0 0 0 0 0 0 0 0 0 0 0 0 0 0 0 0 0 0 0 0 0 0 0 0 0 2683442752 0 0 0 0 0 0 0 0 875965 0 451477 0 0 0 0 0 0 0 0 0 0 0 754095790 1 0 0 0 0 0 0 0 0 0 0 0 0 0 0 0 0 0 0 0 0 0 0 443712 4219 0 0 0 0 19255797 0 0 0 0 0 0 0 0 0 0 0 0 0 0 0 0 0 0 0 0 0 0 0 0 0 0 0 0 0 0 0 0 0 0 0 0 0 0 0 0 0 0 0 0 0 0 0 0 0 0 0 0 0 0 0 0 0 0 0 0 0 0 0 0 0 0 0 0 0 0 0 0 0 0 0 185862729 0 0 0
ctxt 393663927
btime 1669654930
processes 567233
procs_running 1
procs_blocked 0
softirq 1053555985 734088404 32642814 743717 84751648 451405 0 130152670 43369993 588 27354746

cpu  850928 38662 1426242 530163789 114326 0 3202543 0 0 0
cpu0 118985 9541 204706 132796278 30844 0 765451 0 0 0
cpu1 456075 11232 773402 131669230 23735 0 889168 0 0 0
cpu2 140624 4072 235306 132854419 30984 0 787959 0 0 0
cpu3 135242 13816 212827 132843860 28761 0 759964 0 0 0
intr 12282600792 0 0 2651502 81 0 756571 35338875 0 0 0 9482506 0 0 0 0 0 0 0 0 0 0 0 0 0 0 0 0 0 0 0 0 0 0 0 0 0 0 0 0 0 0 0 0 0 0 0 0 0 0 0 0 2683446779 0 0 0 0 0 0 0 0 875966 0 451477 0 0 0 0 0 0 0 0 0 0 0 754095940 1 0 0 0 0 0 0 0 0 0 0 0 0 0 0 0 0 0 0 0 0 0 0 443712 4219 0 0 0 0 19255812 0 0 0 0 0 0 0 0 0 0 0 0 0 0 0 0 0 0 0 0 0 0 0 0 0 0 0 0 0 0 0 0 0 0 0 0 0 0 0 0 0 0 0 0 0 0 0 0 0 0 0 0 0 0 0 0 0 0 0 0 0 0 0 0 0 0 0 0 0 0 0 0 0 0 0 185862760 0 0 0
ctxt 393664032
btime 1669654930
processes 567233
procs_running 1
procs_blocked 0
softirq 1053556053 734088412 32642829 743717 84751649 451405 0 130152685 43370012 588 27354756

cpu  850928 38662 1426242 530163986 114326 0 3202543 0 0 0
cpu0 118985 9541 204706 132796328 30844 0 765451 0 0 0
cpu1 456075 11232 773402 131669280 23735 0 889168 0 0 0
cpu2 140625 4072 235306 132854468 30984 0 787959 0 0 0
cpu3 135242 13816 212827 132843909 28761 0 759964 0 0 0
intr 12282604995 0 0 2651503 81 0 756571 35338896 0 0 0 9482510 0 0 0 0 0 0 0 0 0 0 0 0 0 0 0 0 0 0 0 0 0 0 0 0 0 0 0 0 0 0 0 0 0 0 0 0 0 0 0 0 2683450775 0 0 0 0 0 0 0 0 875967 0 451477 0 0 0 0 0 0 0 0 0 0 0 754096070 1 0 0 0 0 0 0 0 0 0 0 0 0 0 0 0 0 0 0 0 0 0 0 443712 4219 0 0 0 0 19255827 0 0 0 0 0 0 0 0 0 0 0 0 0 0 0 0 0 0 0 0 0 0 0 0 0 0 0 0 0 0 0 0 0 0 0 0 0 0 0 0 0 0 0 0 0 0 0 0 0 0 0 0 0 0 0 0 0 0 0 0 0 0 0 0 0 0 0 0 0 0 0 0 0 0 0 185862794 0 0 0
ctxt 393664119
btime 1669654930
processes 567233
procs_running 1
procs_blocked 0
softirq 1053556108 734088412 32642843 743717 84751650 451405 0 130152698 43370029 588 27354766

cpu  850928 38662 1426242 530164183 114326 0 3202543 0 0 0
cpu0 118985 9541 204706 132796377 30844 0 765451 0 0 0
cpu1 456075 11232 773402 131669329 23735 0 889168 0 0 0
cpu2 140625 4072 235306 132854517 30984 0 787959 0 0 0
cpu3 135242 13816 212827 132843959 28761 0 759964 0 0 0
intr 12282609269 0 0 2651503 81 0 756571 35338928 0 0 0 9482513 0 0 0 0 0 0 0 0 0 0 0 0 0 0 0 0 0 0 0 0 0 0 0 0 0 0 0 0 0 0 0 0 0 0 0 0 0 0 0 0 2683454800 0 0 0 0 0 0 0 0 875968 0 451477 0 0 0 0 0 0 0 0 0 0 0 754096222 1 0 0 0 0 0 0 0 0 0 0 0 0 0 0 0 0 0 0 0 0 0 0 443712 4219 0 0 0 0 19255852 0 0 0 0 0 0 0 0 0 0 0 0 0 0 0 0 0 0 0 0 0 0 0 0 0 0 0 0 0 0 0 0 0 0 0 0 0 0 0 0 0 0 0 0 0 0 0 0 0 0 0 0 0 0 0 0 0 0 0 0 0 0 0 0 0 0 0 0 0 0 0 0 0 0 0 185862831 0 0 0
ctxt 393664243
btime 1669654930
processes 567233
procs_running 1
procs_blocked 0
softirq 1053556188 734088420 32642859 743717 84751652 451405 0 130152719 43370050 588 27354778

cpu  850929 38662 1426242 530164380 114326 0 3202543 0 0 0
cpu0 118985 9541 204706 132796426 30844 0 765451 0 0 0
cpu1 456075 11232 773402 131669378 23735 0 889168 0 0 0
cpu2 140626 4072 235306 132854566 30984 0 787959 0 0 0
cpu3 135242 13816 212827 132844008 28761 0 759964 0 0 0
intr 12282613468 0 0 2651503 81 0 756571 35338949 0 0 0 9482517 0 0 0 0 0 0 0 0 0 0 0 0 0 0 0 0 0 0 0 0 0 0 0 0 0 0 0 0 0 0 0 0 0 0 0 0 0 0 0 0 2683458797 0 0 0 0 0 0 0 0 875969 0 451477 0 0 0 0 0 0 0 0 0 0 0 754096352 1 0 0 0 0 0 0 0 0 0 0 0 0 0 0 0 0 0 0 0 0 0 0 443712 4219 0 0 0 0 19255867 0 0 0 0 0 0 0 0 0 0 0 0 0 0 0 0 0 0 0 0 0 0 0 0 0 0 0 0 0 0 0 0 0 0 0 0 0 0 0 0 0 0 0 0 0 0 0 0 0 0 0 0 0 0 0 0 0 0 0 0 0 0 0 0 0 0 0 0 0 0 0 0 0 0 0 185862862 0 0 0
ctxt 393664322
btime 1669654930
processes 567233
procs_running 1
procs_blocked 0
softirq 1053556246 734088420 32642872 743717 84751653 451405 0 130152732 43370069 588 27354790

cpu  850929 38662 1426242 530164577 114326 0 3202543 0 0 0
cpu0 118985 9541 204706 132796475 30844 0 765451 0 0 0
cpu1 456075 11232 773402 131669427 23735 0 889168 0 0 0
cpu2 140626 4072 235306 132854615 30984 0 787959 0 0 0
cpu3 135242 13816 212827 132844057 28761 0 759964 0 0 0
intr 12282617728 0 0 2651503 81 0 756571 35338974 0 0 0 9482521 0 0 0 0 0 0 0 0 0 0 0 0 0 0 0 0 0 0 0 0 0 0 0 0 0 0 0 0 0 0 0 0 0 0 0 0 0 0 0 0 2683462825 0 0 0 0 0 0 0 0 875970 0 451477 0 0 0 0 0 0 0 0 0 0 0 754096504 1 0 0 0 0 0 0 0 0 0 0 0 0 0 0 0 0 0 0 0 0 0 0 443712 4219 0 0 0 0 19255882 0 0 0 0 0 0 0 0 0 0 0 0 0 0 0 0 0 0 0 0 0 0 0 0 0 0 0 0 0 0 0 0 0 0 0 0 0 0 0 0 0 0 0 0 0 0 0 0 0 0 0 0 0 0 0 0 0 0 0 0 0 0 0 0 0 0 0 0 0 0 0 0 0 0 0 185862896 0 0 0
ctxt 393664423
btime 1669654930
processes 567233
procs_running 1
procs_blocked 0
softirq 1053556317 734088428 32642887 743717 84751654 451405 0 130152747 43370089 588 27354802

cpu  850930 38662 1426242 530164774 114326 0 3202543 0 0 0
cpu0 118985 9541 204706 132796525 30844 0 765451 0 0 0
cpu1 456075 11232 773402 131669477 23735 0 889168 0 0 0
cpu2 140626 4072 235306 132854664 30984 0 787959 0 0 0
cpu3 135242 13816 212827 132844107 28761 0 759964 0 0 0
intr 12282621929 0 0 2651504 81 0 756571 35338997 0 0 0 9482525 0 0 0 0 0 0 0 0 0 0 0 0 0 0 0 0 0 0 0 0 0 0 0 0 0 0 0 0 0 0 0 0 0 0 0 0 0 0 0 0 2683466822 0 0 0 0 0 0 0 0 875971 0 451477 0 0 0 0 0 0 0 0 0 0 0 754096634 1 0 0 0 0 0 0 0 0 0 0 0 0 0 0 0 0 0 0 0 0 0 0 443712 4219 0 0 0 0 19255897 0 0 0 0 0 0 0 0 0 0 0 0 0 0 0 0 0 0 0 0 0 0 0 0 0 0 0 0 0 0 0 0 0 0 0 0 0 0 0 0 0 0 0 0 0 0 0 0 0 0 0 0 0 0 0 0 0 0 0 0 0 0 0 0 0 0 0 0 0 0 0 0 0 0 0 185862927 0 0 0
ctxt 393664509
btime 1669654930
processes 567233
procs_running 1
procs_blocked 0
softirq 1053556372 734088428 32642900 743717 84751655 451405 0 130152760 43370105 588 27354814

cpu  850930 38662 1426242 530164970 114326 0 3202543 0 0 0
cpu0 118985 9541 204706 132796574 30844 0 765451 0 0 0
cpu1 456075 11232 773402 131669526 23735 0 889168 0 0 0
cpu2 140627 4072 235306 132854713 30984 0 787959 0 0 0
cpu3 135242 13816 212827 132844156 28761 0 759964 0 0 0
intr 12282626181 0 0 2651504 81 0 756571 35339022 0 0 0 9482529 0 0 0 0 0 0 0 0 0 0 0 0 0 0 0 0 0 0 0 0 0 0 0 0 0 0 0 0 0 0 0 0 0 0 0 0 0 0 0 0 2683470840 0 0 0 0 0 0 0 0 875972 0 451477 0 0 0 0 0 0 0 0 0 0 0 754096787 1 0 0 0 0 0 0 0 0 0 0 0 0 0 0 0 0 0 0 0 0 0 0 443712 4219 0 0 0 0 19255912 0 0 0 0 0 0 0 0 0 0 0 0 0 0 0 0 0 0 0 0 0 0 0 0 0 0 0 0 0 0 0 0 0 0 0 0 0 0 0 0 0 0 0 0 0 0 0 0 0 0 0 0 0 0 0 0 0 0 0 0 0 0 0 0 0 0 0 0 0 0 0 0 0 0 0 185862963 0 0 0
ctxt 393664614
btime 1669654930
processes 567233
procs_running 1
procs_blocked 0
softirq 1053556453 734088437 32642916 743718 84751657 451405 0 130152775 43370126 588 27354831

cpu  850930 38662 1426243 530165167 114326 0 3202543 0 0 0
cpu0 118985 9541 204706 132796623 30844 0 765451 0 0 0
cpu1 456075 11232 773402 131669575 23735 0 889168 0 0 0
cpu2 140627 4072 235306 132854761 30984 0 787959 0 0 0
cpu3 135242 13816 212827 132844206 28761 0 759964 0 0 0
intr 12282630443 0 0 2651508 81 0 756571 35339061 0 0 0 9482533 0 0 0 0 0 0 0 0 0 0 0 0 0 0 0 0 0 0 0 0 0 0 0 0 0 0 0 0 0 0 0 0 0 0 0 0 0 0 0 0 2683474844 0 0 0 0 0 0 0 0 875973 0 451477 0 0 0 0 0 0 0 0 0 0 0 754096917 1 0 0 0 0 0 0 0 0 0 0 0 0 0 0 0 0 0 0 0 0 0 0 443712 4219 0 0 0 0 19255950 0 0 0 0 0 0 0 0 0 0 0 0 0 0 0 0 0 0 0 0 0 0 0 0 0 0 0 0 0 0 0 0 0 0 0 0 0 0 0 0 0 0 0 0 0 0 0 0 0 0 0 0 0 0 0 0 0 0 0 0 0 0 0 0 0 0 0 0 0 0 0 0 0 0 0 185863005 0 0 0
ctxt 393664751
btime 1669654930
processes 567233
procs_running 1
procs_blocked 0
softirq 1053556532 734088437 32642931 743718 84751660 451405 0 130152805 43370145 588 27354843

cpu  850930 38662 1426243 530165363 114326 0 3202543 0 0 0
cpu0 118985 9541 204706 132796673 30844 0 765451 0 0 0
cpu1 456075 11232 773402 131669624 23735 0 889168 0 0 0
cpu2 140627 4072 235306 132854810 30984 0 787959 0 0 0
cpu3 135242 13816 212827 132844255 28761 0 759964 0 0 0
intr 12282634731 0 0 2651508 81 0 756571 35339101 0 0 0 9482537 0 0 0 0 0 0 0 0 0 0 0 0 0 0 0 0 0 0 0 0 0 0 0 0 0 0 0 0 0 0 0 0 0 0 0 0 0 0 0 0 2683478865 0 0 0 0 0 0 0 0 875974 0 451477 0 0 0 0 0 0 0 0 0 0 0 754097069 1 0 0 0 0 0 0 0 0 0 0 0 0 0 0 0 0 0 0 0 0 0 0 443712 4219 0 0 0 0 19255986 0 0 0 0 0 0 0 0 0 0 0 0 0 0 0 0 0 0 0 0 0 0 0 0 0 0 0 0 0 0 0 0 0 0 0 0 0 0 0 0 0 0 0 0 0 0 0 0 0 0 0 0 0 0 0 0 0 0 0 0 0 0 0 0 0 0 0 0 0 0 0 0 0 0 0 185863039 0 0 0
ctxt 393664897
btime 1669654930
processes 567233
procs_running 1
procs_blocked 0
softirq 1053556624 734088445 32642947 743718 84751663 451405 0 130152838 43370165 588 27354855

cpu  850931 38662 1426243 530165560 114326 0 3202544 0 0 0
cpu0 118985 9541 204706 132796722 30844 0 765451 0 0 0
cpu1 456075 11232 773403 131669673 23735 0 889168 0 0 0
cpu2 140628 4072 235306 132854859 30984 0 787960 0 0 0
cpu3 135242 13816 212827 132844304 28761 0 759964 0 0 0
intr 12282639042 0 0 2651509 81 0 756571 35339164 0 0 0 9482541 0 0 0 0 0 0 0 0 0 0 0 0 0 0 0 0 0 0 0 0 0 0 0 0 0 0 0 0 0 0 0 0 0 0 0 0 0 0 0 0 2683482869 0 0 0 0 0 0 0 0 875975 0 451477 0 0 0 0 0 0 0 0 0 0 0 754097199 1 0 0 0 0 0 0 0 0 0 0 0 0 0 0 0 0 0 0 0 0 0 0 443712 4219 0 0 0 0 19256053 0 0 0 0 0 0 0 0 0 0 0 0 0 0 0 0 0 0 0 0 0 0 0 0 0 0 0 0 0 0 0 0 0 0 0 0 0 0 0 0 0 0 0 0 0 0 0 0 0 0 0 0 0 0 0 0 0 0 0 0 0 0 0 0 0 0 0 0 0 0 0 0 0 0 0 185863080 0 0 0
ctxt 393665093
btime 1669654930
processes 567233
procs_running 1
procs_blocked 0
softirq 1053556739 734088445 32642964 743718 84751669 451405 0 130152893 43370190 588 27354867

cpu  850932 38662 1426244 530165756 114326 0 3202544 0 0 0
cpu0 118985 9541 204706 132796771 30844 0 765451 0 0 0
cpu1 456076 11232 773403 131669721 23735 0 889168 0 0 0
cpu2 140628 4072 235306 132854908 30984 0 787960 0 0 0
cpu3 135242 13816 212827 132844354 28761 0 759964 0 0 0
intr 12282643357 0 0 2651509 81 0 756571 35339215 0 0 0 9482545 0 0 0 0 0 0 0 0 0 0 0 0 0 0 0 0 0 0 0 0 0 0 0 0 0 0 0 0 0 0 0 0 0 0 0 0 0 0 0 0 2683486888 0 0 0 0 0 0 0 0 875976 0 451477 0 0 0 0 0 0 0 0 0 0 0 754097351 1 0 0 0 0 0 0 0 0 0 0 0 0 0 0 0 0 0 0 0 0 0 0 443712 4219 0 0 0 0 19256104 0 0 0 0 0 0 0 0 0 0 0 0 0 0 0 0 0 0 0 0 0 0 0 0 0 0 0 0 0 0 0 0 0 0 0 0 0 0 0 0 0 0 0 0 0 0 0 0 0 0 0 0 0 0 0 0 0 0 0 0 0 0 0 0 0 0 0 0 0 0 0 0 0 0 0 185863117 0 0 0
ctxt 393665280
btime 1669654930
processes 567233
procs_running 1
procs_blocked 0
softirq 1053556846 734088453 32642982 743718 84751674 451405 0 130152933 43370214 588 27354879

cpu  850932 38662 1426244 530165953 114326 0 3202544 0 0 0
cpu0 118985 9541 204706 132796821 30844 0 765451 0 0 0
cpu1 456076 11232 773404 131669770 23735 0 889168 0 0 0
cpu2 140628 4072 235306 132854957 30984 0 787960 0 0 0
cpu3 135242 13816 212827 132844403 28761 0 759964 0 0 0
intr 12282647593 0 0 2651509 81 0 756571 35339245 0 0 0 9482549 0 0 0 0 0 0 0 0 0 0 0 0 0 0 0 0 0 0 0 0 0 0 0 0 0 0 0 0 0 0 0 0 0 0 0 0 0 0 0 0 2683490892 0 0 0 0 0 0 0 0 875977 0 451477 0 0 0 0 0 0 0 0 0 0 0 754097481 1 0 0 0 0 0 0 0 0 0 0 0 0 0 0 0 0 0 0 0 0 0 0 443712 4219 0 0 0 0 19256133 0 0 0 0 0 0 0 0 0 0 0 0 0 0 0 0 0 0 0 0 0 0 0 0 0 0 0 0 0 0 0 0 0 0 0 0 0 0 0 0 0 0 0 0 0 0 0 0 0 0 0 0 0 0 0 0 0 0 0 0 0 0 0 0 0 0 0 0 0 0 0 0 0 0 0 185863155 0 0 0
ctxt 393665395
btime 1669654930
processes 567233
procs_running 1
procs_blocked 0
softirq 1053556925 734088453 32642999 743718 84751676 451405 0 130152958 43370236 588 27354892

cpu  850933 38662 1426244 530166149 114326 0 3202544 0 0 0
cpu0 118985 9541 204706 132796870 30844 0 765451 0 0 0
cpu1 456076 11232 773404 131669819 23735 0 889168 0 0 0
cpu2 140629 4072 235306 132855006 30984 0 787960 0 0 0
cpu3 135242 13816 212827 132844453 28761 0 759964 0 0 0
intr 12282651839 0 0 2651509 81 0 756571 35339269 0 0 0 9482552 0 0 0 0 0 0 0 0 0 0 0 0 0 0 0 0 0 0 0 0 0 0 0 0 0 0 0 0 0 0 0 0 0 0 0 0 0 0 0 0 2683494913 0 0 0 0 0 0 0 0 875978 0 451477 0 0 0 0 0 0 0 0 0 0 0 754097633 1 0 0 0 0 0 0 0 0 0 0 0 0 0 0 0 0 0 0 0 0 0 0 443712 4219 0 0 0 0 19256148 0 0 0 0 0 0 0 0 0 0 0 0 0 0 0 0 0 0 0 0 0 0 0 0 0 0 0 0 0 0 0 0 0 0 0 0 0 0 0 0 0 0 0 0 0 0 0 0 0 0 0 0 0 0 0 0 0 0 0 0 0 0 0 0 0 0 0 0 0 0 0 0 0 0 0 185863185 0 0 0
ctxt 393665489
btime 1669654930
processes 567233
procs_running 1
procs_blocked 0
softirq 1053556990 734088461 32643012 743718 84751677 451405 0 130152972 43370253 588 27354904

cpu  850933 38662 1426244 530166347 114326 0 3202544 0 0 0
cpu0 118985 9541 204706 132796919 30844 0 765451 0 0 0
cpu1 456076 11232 773404 131669869 23735 0 889168 0 0 0
cpu2 140629 4072 235306 132855055 30984 0 787960 0 0 0
cpu3 135242 13816 212827 132844502 28761 0 759964 0 0 0
intr 12282656047 0 0 2651510 81 0 756571 35339291 0 0 0 9482555 0 0 0 0 0 0 0 0 0 0 0 0 0 0 0 0 0 0 0 0 0 0 0 0 0 0 0 0 0 0 0 0 0 0 0 0 0 0 0 0 2683498917 0 0 0 0 0 0 0 0 875979 0 451477 0 0 0 0 0 0 0 0 0 0 0 754097763 1 0 0 0 0 0 0 0 0 0 0 0 0 0 0 0 0 0 0 0 0 0 0 443712 4219 0 0 0 0 19256163 0 0 0 0 0 0 0 0 0 0 0 0 0 0 0 0 0 0 0 0 0 0 0 0 0 0 0 0 0 0 0 0 0 0 0 0 0 0 0 0 0 0 0 0 0 0 0 0 0 0 0 0 0 0 0 0 0 0 0 0 0 0 0 0 0 0 0 0 0 0 0 0 0 0 0 185863217 0 0 0
ctxt 393665573
btime 1669654930
processes 567233
procs_running 1
procs_blocked 0
softirq 1053557048 734088461 32643026 743718 84751678 451405 0 130152986 43370271 588 27354915

cpu  850934 38662 1426244 530166543 114326 0 3202544 0 0 0
cpu0 118985 9541 204706 132796968 30844 0 765451 0 0 0
cpu1 456076 11232 773404 131669918 23735 0 889168 0 0 0
cpu2 140630 4072 235306 132855104 30984 0 787960 0 0 0
cpu3 135242 13816 212827 132844552 28761 0 759964 0 0 0
intr 12282660319 0 0 2651510 81 0 756572 35339326 0 0 0 9482558 0 0 0 0 0 0 0 0 0 0 0 0 0 0 0 0 0 0 0 0 0 0 0 0 0 0 0 0 0 0 0 0 0 0 0 0 0 0 0 0 2683502940 0 0 0 0 0 0 0 0 875980 0 451477 0 0 0 0 0 0 0 0 0 0 0 754097915 1 0 0 0 0 0 0 0 0 0 0 0 0 0 0 0 0 0 0 0 0 0 0 443712 4219 0 0 0 0 19256187 0 0 0 0 0 0 0 0 0 0 0 0 0 0 0 0 0 0 0 0 0 0 0 0 0 0 0 0 0 0 0 0 0 0 0 0 0 0 0 0 0 0 0 0 0 0 0 0 0 0 0 0 0 0 0 0 0 0 0 0 0 0 0 0 0 0 0 0 0 0 0 0 0 0 0 185863250 0 0 0
ctxt 393665689
btime 1669654930
processes 567233
procs_running 1
procs_blocked 0
softirq 1053557126 734088469 32643040 743718 84751680 451405 0 130153007 43370292 588 27354927

cpu  850934 38662 1426244 530166704 114326 0 3202580 0 0 0
cpu0 118985 9541 204706 132797009 30844 0 765460 0 0 0
cpu1 456076 11232 773404 131669958 23735 0 889178 0 0 0
cpu2 140630 4072 235306 132855144 30984 0 787968 0 0 0
cpu3 135242 13816 212827 132844592 28761 0 759973 0 0 0
intr 12282672037 0 0 2651516 81 0 756572 35339352 0 0 0 9482563 0 0 0 0 0 0 0 0 0 0 0 0 0 0 0 0 0 0 0 0 0 0 0 0 0 0 0 0 0 0 0 0 0 0 0 0 0 0 0 0 2683510605 0 0 0 0 0 0 0 0 875981 0 451477 0 0 0 0 0 0 0 0 0 0 0 754101525 1 0 0 0 0 0 0 0 0 0 0 0 0 0 0 0 0 0 0 0 0 0 0 443712 4219 0 0 0 0 19256202 0 0 0 0 0 0 0 0 0 0 0 0 0 0 0 0 0 0 0 0 0 0 0 0 0 0 0 0 0 0 0 0 0 0 0 0 0 0 0 0 0 0 0 0 0 0 0 0 0 0 0 0 0 0 0 0 0 0 0 0 0 0 0 0 0 0 0 0 0 0 0 0 0 0 0 185863644 0 0 0
ctxt 393666007
btime 1669654930
processes 567233
procs_running 2
procs_blocked 0
softirq 1053568283 734091982 32643103 743718 84755176 451405 0 130156685 43370489 588 27355137

cpu  850934 38662 1426244 530166854 114326 0 3202624 0 0 0
cpu0 118985 9541 204706 132797046 30844 0 765468 0 0 0
cpu1 456076 11232 773404 131669995 23735 0 889190 0 0 0
cpu2 140630 4072 235306 132855181 30984 0 787981 0 0 0
cpu3 135242 13816 212827 132844630 28761 0 759984 0 0 0
intr 12282686631 0 0 2651526 81 0 756572 35339399 0 0 0 9482568 0 0 0 0 0 0 0 0 0 0 0 0 0 0 0 0 0 0 0 0 0 0 0 0 0 0 0 0 0 0 0 0 0 0 0 0 0 0 0 0 2683519656 0 0 0 0 0 0 0 0 875982 0 451477 0 0 0 0 0 0 0 0 0 0 0 754106458 1 0 0 0 0 0 0 0 0 0 0 0 0 0 0 0 0 0 0 0 0 0 0 443712 4219 0 0 0 0 19256230 0 0 0 0 0 0 0 0 0 0 0 0 0 0 0 0 0 0 0 0 0 0 0 0 0 0 0 0 0 0 0 0 0 0 0 0 0 0 0 0 0 0 0 0 0 0 0 0 0 0 0 0 0 0 0 0 0 0 0 0 0 0 0 0 0 0 0 0 0 0 0 0 0 0 0 185864164 0 0 0
ctxt 393666440
btime 1669654930
processes 567233
procs_running 1
procs_blocked 0
softirq 1053583507 734096816 32643184 743718 84759980 451405 0 130161724 43370713 588 27355379

cpu  850935 38662 1426244 530167005 114326 0 3202670 0 0 0
cpu0 118985 9541 204706 132797084 30844 0 765482 0 0 0
cpu1 456076 11232 773404 131670033 23735 0 889201 0 0 0
cpu2 140630 4072 235306 132855219 30984 0 787992 0 0 0
cpu3 135242 13816 212827 132844668 28761 0 759994 0 0 0
intr 12282701106 0 0 2651537 81 0 756572 35339419 0 0 0 9482573 0 0 0 0 0 0 0 0 0 0 0 0 0 0 0 0 0 0 0 0 0 0 0 0 0 0 0 0 0 0 0 0 0 0 0 0 0 0 0 0 2683528651 0 0 0 0 0 0 0 0 875983 0 451477 0 0 0 0 0 0 0 0 0 0 0 754111365 1 0 0 0 0 0 0 0 0 0 0 0 0 0 0 0 0 0 0 0 0 0 0 443712 4219 0 0 0 0 19256245 0 0 0 0 0 0 0 0 0 0 0 0 0 0 0 0 0 0 0 0 0 0 0 0 0 0 0 0 0 0 0 0 0 0 0 0 0 0 0 0 0 0 0 0 0 0 0 0 0 0 0 0 0 0 0 0 0 0 0 0 0 0 0 0 0 0 0 0 0 0 0 0 0 0 0 185864681 0 0 0
ctxt 393666814
btime 1669654930
processes 567233
procs_running 1
procs_blocked 0
softirq 1053598653 734101629 32643260 743718 84764778 451405 0 130166727 43370927 588 27355621

cpu  850935 38662 1426245 530167156 114326 0 3202716 0 0 0
cpu0 118985 9541 204706 132797122 30844 0 765493 0 0 0
cpu1 456076 11232 773404 131670070 23735 0 889215 0 0 0
cpu2 140630 4072 235306 132855257 30984 0 788003 0 0 0
cpu3 135242 13816 212827 132844705 28761 0 760004 0 0 0
intr 12282715638 0 0 2651545 81 0 756572 35339463 0 0 0 9482578 0 0 0 0 0 0 0 0 0 0 0 0 0 0 0 0 0 0 0 0 0 0 0 0 0 0 0 0 0 0 0 0 0 0 0 0 0 0 0 0 2683537658 0 0 0 0 0 0 0 0 875984 0 451477 0 0 0 0 0 0 0 0 0 0 0 754116287 1 0 0 0 0 0 0 0 0 0 0 0 0 0 0 0 0 0 0 0 0 0 0 443712 4219 0 0 0 0 19256281 0 0 0 0 0 0 0 0 0 0 0 0 0 0 0 0 0 0 0 0 0 0 0 0 0 0 0 0 0 0 0 0 0 0 0 0 0 0 0 0 0 0 0 0 0 0 0 0 0 0 0 0 0 0 0 0 0 0 0 0 0 0 0 0 0 0 0 0 0 0 0 0 0 0 0 185865196 0 0 0
ctxt 393667258
btime 1669654930
processes 567233
procs_running 1
procs_blocked 0
softirq 1053613906 734106456 32643347 743719 84769574 451405 0 130171738 43371167 588 27355912

cpu  850935 38662 1426245 530167307 114326 0 3202763 0 0 0
cpu0 118985 9541 204706 132797159 30844 0 765502 0 0 0
cpu1 456077 11232 773404 131670108 23735 0 889226 0 0 0
cpu2 140630 4072 235306 132855295 30984 0 788014 0 0 0
cpu3 135242 13816 212827 132844744 28761 0 760019 0 0 0
intr 12282730148 0 0 2651553 81 0 756572 35339502 0 0 0 9482583 0 0 0 0 0 0 0 0 0 0 0 0 0 0 0 0 0 0 0 0 0 0 0 0 0 0 0 0 0 0 0 0 0 0 0 0 0 0 0 0 2683546652 0 0 0 0 0 0 0 0 875985 0 451477 0 0 0 0 0 0 0 0 0 0 0 754121199 1 0 0 0 0 0 0 0 0 0 0 0 0 0 0 0 0 0 0 0 0 0 0 443712 4219 0 0 0 0 19256313 0 0 0 0 0 0 0 0 0 0 0 0 0 0 0 0 0 0 0 0 0 0 0 0 0 0 0 0 0 0 0 0 0 0 0 0 0 0 0 0 0 0 0 0 0 0 0 0 0 0 0 0 0 0 0 0 0 0 0 0 0 0 0 0 0 0 0 0 0 0 0 0 0 0 0 185865710 0 0 0
ctxt 393667667
btime 1669654930
processes 567233
procs_running 1
procs_blocked 0
softirq 1053629127 734111291 32643438 743719 84774362 451405 0 130176748 43371384 588 27356192

cpu  850936 38662 1426245 530167458 114326 0 3202809 0 0 0
cpu0 118985 9541 204706 132797197 30844 0 765515 0 0 0
cpu1 456077 11232 773404 131670146 23735 0 889234 0 0 0
cpu2 140630 4072 235306 132855333 30984 0 788028 0 0 0
cpu3 135242 13816 212827 132844782 28761 0 760031 0 0 0
intr 12282744725 0 0 2651561 81 0 756572 35339551 0 0 0 9482588 0 0 0 0 0 0 0 0 0 0 0 0 0 0 0 0 0 0 0 0 0 0 0 0 0 0 0 0 0 0 0 0 0 0 0 0 0 0 0 0 2683555687 0 0 0 0 0 0 0 0 875988 0 451477 0 0 0 0 0 0 0 0 0 0 0 754126127 1 0 0 0 0 0 0 0 0 0 0 0 0 0 0 0 0 0 0 0 0 0 0 443712 4219 0 0 0 0 19256349 0 0 0 0 0 0 0 0 0 0 0 0 0 0 0 0 0 0 0 0 0 0 0 0 0 0 0 0 0 0 0 0 0 0 0 0 0 0 0 0 0 0 0 0 0 0 0 0 0 0 0 0 0 0 0 0 0 0 0 0 0 0 0 0 0 0 0 0 0 0 0 0 0 0 0 185866226 0 0 0
ctxt 393668117
btime 1669654930
processes 567233
procs_running 1
procs_blocked 0
softirq 1053644398 734116121 32643522 743719 84779166 451405 0 130181779 43371620 588 27356478

cpu  850936 38662 1426245 530167609 114326 0 3202856 0 0 0
cpu0 118985 9541 204706 132797235 30844 0 765531 0 0 0
cpu1 456078 11232 773404 131670183 23735 0 889244 0 0 0
cpu2 140630 4072 235306 132855371 30984 0 788038 0 0 0
cpu3 135242 13816 212827 132844819 28761 0 760042 0 0 0
intr 12282759261 0 0 2651571 81 0 756572 35339593 0 0 0 9482593 0 0 0 0 0 0 0 0 0 0 0 0 0 0 0 0 0 0 0 0 0 0 0 0 0 0 0 0 0 0 0 0 0 0 0 0 0 0 0 0 2683564701 0 0 0 0 0 0 0 0 875989 0 451477 0 0 0 0 0 0 0 0 0 0 0 754131039 1 0 0 0 0 0 0 0 0 0 0 0 0 0 0 0 0 0 0 0 0 0 0 443712 4219 0 0 0 0 19256377 0 0 0 0 0 0 0 0 0 0 0 0 0 0 0 0 0 0 0 0 0 0 0 0 0 0 0 0 0 0 0 0 0 0 0 0 0 0 0 0 0 0 0 0 0 0 0 0 0 0 0 0 0 0 0 0 0 0 0 0 0 0 0 0 0 0 0 0 0 0 0 0 0 0 0 185866744 0 0 0
ctxt 393668521
btime 1669654930
processes 567233
procs_running 1
procs_blocked 0
softirq 1053659633 734120947 32643604 743719 84783966 451405 0 130186809 43371845 588 27356750

cpu  850936 38662 1426245 530167759 114326 0 3202903 0 0 0
cpu0 118985 9541 204706 132797272 30844 0 765545 0 0 0
cpu1 456078 11232 773404 131670220 23735 0 889252 0 0 0
cpu2 140630 4072 235306 132855409 30984 0 788051 0 0 0
cpu3 135242 13816 212827 132844856 28761 0 760053 0 0 0
intr 12282773789 0 0 2651582 81 0 756572 35339625 0 0 0 9482598 0 0 0 0 0 0 0 0 0 0 0 0 0 0 0 0 0 0 0 0 0 0 0 0 0 0 0 0 0 0 0 0 0 0 0 0 0 0 0 0 2683573724 0 0 0 0 0 0 0 0 875990 0 451477 0 0 0 0 0 0 0 0 0 0 0 754135960 1 0 0 0 0 0 0 0 0 0 0 0 0 0 0 0 0 0 0 0 0 0 0 443712 4219 0 0 0 0 19256396 0 0 0 0 0 0 0 0 0 0 0 0 0 0 0 0 0 0 0 0 0 0 0 0 0 0 0 0 0 0 0 0 0 0 0 0 0 0 0 0 0 0 0 0 0 0 0 0 0 0 0 0 0 0 0 0 0 0 0 0 0 0 0 0 0 0 0 0 0 0 0 0 0 0 0 185867263 0 0 0
ctxt 393668934
btime 1669654930
processes 567233
procs_running 1
procs_blocked 0
softirq 1053674840 734125766 32643684 743719 84788764 451405 0 130191824 43372078 588 27357012

cpu  850936 38662 1426245 530167910 114326 0 3202947 0 0 0
cpu0 118985 9541 204706 132797310 30844 0 765556 0 0 0
cpu1 456078 11232 773404 131670258 23735 0 889263 0 0 0
cpu2 140630 4072 235306 132855447 30984 0 788062 0 0 0
cpu3 135242 13816 212827 132844894 28761 0 760065 0 0 0
intr 12282788284 0 0 2651590 81 0 756572 35339646 0 0 0 9482603 0 0 0 0 0 0 0 0 0 0 0 0 0 0 0 0 0 0 0 0 0 0 0 0 0 0 0 0 0 0 0 0 0 0 0 0 0 0 0 0 2683582739 0 0 0 0 0 0 0 0 875991 0 451477 0 0 0 0 0 0 0 0 0 0 0 754140874 1 0 0 0 0 0 0 0 0 0 0 0 0 0 0 0 0 0 0 0 0 0 0 443712 4219 0 0 0 0 19256411 0 0 0 0 0 0 0 0 0 0 0 0 0 0 0 0 0 0 0 0 0 0 0 0 0 0 0 0 0 0 0 0 0 0 0 0 0 0 0 0 0 0 0 0 0 0 0 0 0 0 0 0 0 0 0 0 0 0 0 0 0 0 0 0 0 0 0 0 0 0 0 0 0 0 0 185867776 0 0 0
ctxt 393669292
btime 1669654930
processes 567233
procs_running 1
procs_blocked 0
softirq 1053690043 734130589 32643759 743719 84793564 451405 0 130196843 43372320 588 27357256

cpu  850937 38662 1426245 530168062 114326 0 3202992 0 0 0
cpu0 118985 9541 204706 132797348 30844 0 765566 0 0 0
cpu1 456078 11232 773404 131670296 23735 0 889274 0 0 0
cpu2 140630 4072 235306 132855485 30984 0 788076 0 0 0
cpu3 135242 13816 212827 132844932 28761 0 760075 0 0 0
intr 12282802786 0 0 2651598 81 0 756572 35339677 0 0 0 9482607 0 0 0 0 0 0 0 0 0 0 0 0 0 0 0 0 0 0 0 0 0 0 0 0 0 0 0 0 0 0 0 0 0 0 0 0 0 0 0 0 2683591746 0 0 0 0 0 0 0 0 875992 0 451477 0 0 0 0 0 0 0 0 0 0 0 754145798 1 0 0 0 0 0 0 0 0 0 0 0 0 0 0 0 0 0 0 0 0 0 0 443712 4219 0 0 0 0 19256426 0 0 0 0 0 0 0 0 0 0 0 0 0 0 0 0 0 0 0 0 0 0 0 0 0 0 0 0 0 0 0 0 0 0 0 0 0 0 0 0 0 0 0 0 0 0 0 0 0 0 0 0 0 0 0 0 0 0 0 0 0 0 0 0 0 0 0 0 0 0 0 0 0 0 0 185868290 0 0 0
ctxt 393669674
btime 1669654930
processes 567233
procs_running 1
procs_blocked 0
softirq 1053705275 734135422 32643845 743719 84798358 451405 0 130201840 43372571 588 27357527

cpu  850937 38662 1426245 530168213 114326 0 3203036 0 0 0
cpu0 118985 9541 204706 132797386 30844 0 765576 0 0 0
cpu1 456078 11232 773404 131670333 23735 0 889287 0 0 0
cpu2 140630 4072 235306 132855523 30984 0 788087 0 0 0
cpu3 135242 13816 212827 132844970 28761 0 760085 0 0 0
intr 12282817272 0 0 2651606 81 0 756572 35339702 0 0 0 9482612 0 0 0 0 0 0 0 0 0 0 0 0 0 0 0 0 0 0 0 0 0 0 0 0 0 0 0 0 0 0 0 0 0 0 0 0 0 0 0 0 2683600757 0 0 0 0 0 0 0 0 875993 0 451477 0 0 0 0 0 0 0 0 0 0 0 754150709 1 0 0 0 0 0 0 0 0 0 0 0 0 0 0 0 0 0 0 0 0 0 0 443712 4219 0 0 0 0 19256441 0 0 0 0 0 0 0 0 0 0 0 0 0 0 0 0 0 0 0 0 0 0 0 0 0 0 0 0 0 0 0 0 0 0 0 0 0 0 0 0 0 0 0 0 0 0 0 0 0 0 0 0 0 0 0 0 0 0 0 0 0 0 0 0 0 0 0 0 0 0 0 0 0 0 0 185868803 0 0 0
ctxt 393670052
btime 1669654930
processes 567233
procs_running 1
procs_blocked 0
softirq 1053720532 734140244 32643922 743719 84803154 451405 0 130206856 43372816 588 27357828

cpu  850937 38662 1426245 530168363 114326 0 3203080 0 0 0
cpu0 118985 9541 204706 132797423 30844 0 765586 0 0 0
cpu1 456079 11232 773404 131670371 23735 0 889300 0 0 0
cpu2 140630 4072 235306 132855560 30984 0 788095 0 0 0
cpu3 135242 13816 212827 132845008 28761 0 760099 0 0 0
intr 12282831848 0 0 2651617 81 0 756572 35339753 0 0 0 9482617 0 0 0 0 0 0 0 0 0 0 0 0 0 0 0 0 0 0 0 0 0 0 0 0 0 0 0 0 0 0 0 0 0 0 0 0 0 0 0 0 2683609777 0 0 0 0 0 0 0 0 875994 0 451477 0 0 0 0 0 0 0 0 0 0 0 754155640 1 0 0 0 0 0 0 0 0 0 0 0 0 0 0 0 0 0 0 0 0 0 0 443712 4219 0 0 0 0 19256477 0 0 0 0 0 0 0 0 0 0 0 0 0 0 0 0 0 0 0 0 0 0 0 0 0 0 0 0 0 0 0 0 0 0 0 0 0 0 0 0 0 0 0 0 0 0 0 0 0 0 0 0 0 0 0 0 0 0 0 0 0 0 0 0 0 0 0 0 0 0 0 0 0 0 0 185869321 0 0 0
ctxt 393670510
btime 1669654930
processes 567233
procs_running 1
procs_blocked 0
softirq 1053735779 734145071 32644008 743719 84807958 451405 0 130211880 43373065 588 27358085

cpu  850938 38662 1426245 530168514 114326 0 3203123 0 0 0
cpu0 118985 9541 204706 132797461 30844 0 765598 0 0 0
cpu1 456079 11232 773404 131670408 23735 0 889311 0 0 0
cpu2 140630 4072 235306 132855598 30984 0 788107 0 0 0
cpu3 135242 13816 212827 132845045 28761 0 760107 0 0 0
intr 12282846330 0 0 2651631 81 0 756572 35339783 0 0 0 9482622 0 0 0 0 0 0 0 0 0 0 0 0 0 0 0 0 0 0 0 0 0 0 0 0 0 0 0 0 0 0 0 0 0 0 0 0 0 0 0 0 2683618762 0 0 0 0 0 0 0 0 875995 0 451477 0 0 0 0 0 0 0 0 0 0 0 754160551 1 0 0 0 0 0 0 0 0 0 0 0 0 0 0 0 0 0 0 0 0 0 0 443712 4219 0 0 0 0 19256492 0 0 0 0 0 0 0 0 0 0 0 0 0 0 0 0 0 0 0 0 0 0 0 0 0 0 0 0 0 0 0 0 0 0 0 0 0 0 0 0 0 0 0 0 0 0 0 0 0 0 0 0 0 0 0 0 0 0 0 0 0 0 0 0 0 0 0 0 0 0 0 0 0 0 0 185869843 0 0 0
ctxt 393670888
btime 1669654930
processes 567233
procs_running 1
procs_blocked 0
softirq 1053750980 734149878 32644093 743719 84812760 451405 0 130216890 43373307 588 27358340

cpu  850938 38662 1426245 530168664 114326 0 3203168 0 0 0
cpu0 118985 9541 204706 132797499 30844 0 765609 0 0 0
cpu1 456079 11232 773404 131670446 23735 0 889322 0 0 0
cpu2 140630 4072 235306 132855635 30984 0 788119 0 0 0
cpu3 135242 13816 212827 132845083 28761 0 760116 0 0 0
intr 12282860862 0 0 2651641 81 0 756572 35339817 0 0 0 9482627 0 0 0 0 0 0 0 0 0 0 0 0 0 0 0 0 0 0 0 0 0 0 0 0 0 0 0 0 0 0 0 0 0 0 0 0 0 0 0 0 2683627790 0 0 0 0 0 0 0 0 875996 0 451477 0 0 0 0 0 0 0 0 0 0 0 754165475 1 0 0 0 0 0 0 0 0 0 0 0 0 0 0 0 0 0 0 0 0 0 0 443712 4219 0 0 0 0 19256507 0 0 0 0 0 0 0 0 0 0 0 0 0 0 0 0 0 0 0 0 0 0 0 0 0 0 0 0 0 0 0 0 0 0 0 0 0 0 0 0 0 0 0 0 0 0 0 0 0 0 0 0 0 0 0 0 0 0 0 0 0 0 0 0 0 0 0 0 0 0 0 0 0 0 0 185870358 0 0 0
ctxt 393671290
btime 1669654930
processes 567233
procs_running 1
procs_blocked 0
softirq 1053766250 734154703 32644178 743720 84817555 451405 0 130221913 43373549 588 27358639

cpu  850938 38662 1426245 530168815 114326 0 3203212 0 0 0
cpu0 118985 9541 204706 132797536 30844 0 765621 0 0 0
cpu1 456079 11232 773404 131670484 23735 0 889332 0 0 0
cpu2 140630 4072 235306 132855673 30984 0 788130 0 0 0
cpu3 135242 13816 212827 132845121 28761 0 760127 0 0 0
intr 12282875351 0 0 2651651 81 0 756572 35339844 0 0 0 9482632 0 0 0 0 0 0 0 0 0 0 0 0 0 0 0 0 0 0 0 0 0 0 0 0 0 0 0 0 0 0 0 0 0 0 0 0 0 0 0 0 2683636788 0 0 0 0 0 0 0 0 875997 0 451477 0 0 0 0 0 0 0 0 0 0 0 754170385 1 0 0 0 0 0 0 0 0 0 0 0 0 0 0 0 0 0 0 0 0 0 0 443712 4219 0 0 0 0 19256530 0 0 0 0 0 0 0 0 0 0 0 0 0 0 0 0 0 0 0 0 0 0 0 0 0 0 0 0 0 0 0 0 0 0 0 0 0 0 0 0 0 0 0 0 0 0 0 0 0 0 0 0 0 0 0 0 0 0 0 0 0 0 0 0 0 0 0 0 0 0 0 0 0 0 0 185870875 0 0 0
ctxt 393671664
btime 1669654930
processes 567233
procs_running 1
procs_blocked 0
softirq 1053781442 734159544 32644252 743720 84822352 451405 0 130226924 43373780 588 27358877

cpu  850938 38662 1426245 530168965 114326 0 3203256 0 0 0
cpu0 118985 9541 204706 132797574 30844 0 765632 0 0 0
cpu1 456079 11232 773404 131670521 23735 0 889342 0 0 0
cpu2 140630 4072 235306 132855710 30984 0 788141 0 0 0
cpu3 135242 13816 212827 132845158 28761 0 760140 0 0 0
intr 12282889882 0 0 2651662 81 0 756572 35339882 0 0 0 9482637 0 0 0 0 0 0 0 0 0 0 0 0 0 0 0 0 0 0 0 0 0 0 0 0 0 0 0 0 0 0 0 0 0 0 0 0 0 0 0 0 2683645800 0 0 0 0 0 0 0 0 875998 0 451477 0 0 0 0 0 0 0 0 0 0 0 754175314 1 0 0 0 0 0 0 0 0 0 0 0 0 0 0 0 0 0 0 0 0 0 0 443712 4219 0 0 0 0 19256545 0 0 0 0 0 0 0 0 0 0 0 0 0 0 0 0 0 0 0 0 0 0 0 0 0 0 0 0 0 0 0 0 0 0 0 0 0 0 0 0 0 0 0 0 0 0 0 0 0 0 0 0 0 0 0 0 0 0 0 0 0 0 0 0 0 0 0 0 0 0 0 0 0 0 0 185871392 0 0 0
ctxt 393672072
btime 1669654930
processes 567233
procs_running 1
procs_blocked 0
softirq 1053796694 734164373 32644347 743720 84827154 451405 0 130231939 43374022 588 27359146

cpu  850938 38662 1426245 530169115 114326 0 3203300 0 0 0
cpu0 118985 9541 204706 132797612 30844 0 765643 0 0 0
cpu1 456079 11232 773404 131670559 23735 0 889352 0 0 0
cpu2 140630 4072 235307 132855748 30984 0 788156 0 0 0
cpu3 135242 13816 212827 132845195 28761 0 760148 0 0 0
intr 12282904387 0 0 2651672 81 0 756573 35339934 0 0 0 9482642 0 0 0 0 0 0 0 0 0 0 0 0 0 0 0 0 0 0 0 0 0 0 0 0 0 0 0 0 0 0 0 0 0 0 0 0 0 0 0 0 2683654773 0 0 0 0 0 0 0 0 875999 0 451477 0 0 0 0 0 0 0 0 0 0 0 754180226 1 0 0 0 0 0 0 0 0 0 0 0 0 0 0 0 0 0 0 0 0 0 0 443712 4219 0 0 0 0 19256581 0 0 0 0 0 0 0 0 0 0 0 0 0 0 0 0 0 0 0 0 0 0 0 0 0 0 0 0 0 0 0 0 0 0 0 0 0 0 0 0 0 0 0 0 0 0 0 0 0 0 0 0 0 0 0 0 0 0 0 0 0 0 0 0 0 0 0 0 0 0 0 0 0 0 0 185871910 0 0 0
ctxt 393672504
btime 1669654930
processes 567234
procs_running 2
procs_blocked 0
softirq 1053811939 734169205 32644429 743720 84831952 451405 0 130236958 43374263 588 27359419

cpu  850938 38662 1426245 530169267 114326 0 3203340 0 0 0
cpu0 118985 9541 204706 132797649 30844 0 765655 0 0 0
cpu1 456080 11232 773404 131670596 23735 0 889359 0 0 0
cpu2 140630 4072 235307 132855786 30984 0 788168 0 0 0
cpu3 135242 13816 212827 132845233 28761 0 760158 0 0 0
intr 12282918868 0 0 2651680 81 0 756573 35339966 0 0 0 9482647 0 0 0 0 0 0 0 0 0 0 0 0 0 0 0 0 0 0 0 0 0 0 0 0 0 0 0 0 0 0 0 0 0 0 0 0 0 0 0 0 2683663753 0 0 0 0 0 0 0 0 876000 0 451477 0 0 0 0 0 0 0 0 0 0 0 754185151 1 0 0 0 0 0 0 0 0 0 0 0 0 0 0 0 0 0 0 0 0 0 0 443712 4219 0 0 0 0 19256596 0 0 0 0 0 0 0 0 0 0 0 0 0 0 0 0 0 0 0 0 0 0 0 0 0 0 0 0 0 0 0 0 0 0 0 0 0 0 0 0 0 0 0 0 0 0 0 0 0 0 0 0 0 0 0 0 0 0 0 0 0 0 0 0 0 0 0 0 0 0 0 0 0 0 0 185872423 0 0 0
ctxt 393672894
btime 1669654930
processes 567234
procs_running 1
procs_blocked 0
softirq 1053827169 734174048 32644513 743720 84836742 451405 0 130241945 43374513 588 27359695

cpu  850939 38662 1426246 530169417 114326 0 3203382 0 0 0
cpu0 118985 9541 204706 132797687 30844 0 765666 0 0 0
cpu1 456080 11232 773404 131670634 23735 0 889369 0 0 0
cpu2 140631 4072 235307 132855824 30984 0 788175 0 0 0
cpu3 135242 13816 212828 132845271 28761 0 760170 0 0 0
intr 12282933430 0 0 2651690 81 0 756573 35340035 0 0 0 9482652 0 0 0 0 0 0 0 0 0 0 0 0 0 0 0 0 0 0 0 0 0 0 0 0 0 0 0 0 0 0 0 0 0 0 0 0 0 0 0 0 2683672727 0 0 0 0 0 0 0 0 876001 0 451477 0 0 0 0 0 0 0 0 0 0 0 754190069 1 0 0 0 0 0 0 0 0 0 0 0 0 0 0 0 0 0 0 0 0 0 0 443712 4219 0 0 0 0 19256662 0 0 0 0 0 0 0 0 0 0 0 0 0 0 0 0 0 0 0 0 0 0 0 0 0 0 0 0 0 0 0 0 0 0 0 0 0 0 0 0 0 0 0 0 0 0 0 0 0 0 0 0 0 0 0 0 0 0 0 0 0 0 0 0 0 0 0 0 0 0 0 0 0 0 0 185872941 0 0 0
ctxt 393673390
btime 1669654930
processes 567234
procs_running 1
procs_blocked 0
softirq 1053842430 734178880 32644608 743720 84841535 451405 0 130246982 43374759 588 27359953

cpu  850940 38662 1426246 530169567 114326 0 3203421 0 0 0
cpu0 118985 9541 204706 132797724 30844 0 765679 0 0 0
cpu1 456080 11232 773404 131670672 23735 0 889378 0 0 0
cpu2 140631 4072 235307 132855861 30984 0 788185 0 0 0
cpu3 135242 13816 212828 132845308 28761 0 760178 0 0 0
intr 12282947964 0 0 2651701 81 0 756573 35340083 0 0 0 9482657 0 0 0 0 0 0 0 0 0 0 0 0 0 0 0 0 0 0 0 0 0 0 0 0 0 0 0 0 0 0 0 0 0 0 0 0 0 0 0 0 2683681732 0 0 0 0 0 0 0 0 876002 0 451477 0 0 0 0 0 0 0 0 0 0 0 754194980 1 0 0 0 0 0 0 0 0 0 0 0 0 0 0 0 0 0 0 0 0 0 0 443712 4219 0 0 0 0 19256698 0 0 0 0 0 0 0 0 0 0 0 0 0 0 0 0 0 0 0 0 0 0 0 0 0 0 0 0 0 0 0 0 0 0 0 0 0 0 0 0 0 0 0 0 0 0 0 0 0 0 0 0 0 0 0 0 0 0 0 0 0 0 0 0 0 0 0 0 0 0 0 0 0 0 0 185873461 0 0 0
ctxt 393673811
btime 1669654930
processes 567234
procs_running 2
procs_blocked 0
softirq 1053857707 734183723 32644692 743720 84846333 451405 0 130252025 43374997 588 27360224

cpu  850940 38662 1426246 530169718 114326 0 3203460 0 0 0
cpu0 118985 9541 204706 132797762 30844 0 765687 0 0 0
cpu1 456080 11232 773404 131670710 23735 0 889389 0 0 0
cpu2 140632 4072 235307 132855899 30984 0 788194 0 0 0
cpu3 135242 13816 212828 132845346 28761 0 760189 0 0 0
intr 12282962506 0 0 2651709 81 0 756573 35340120 0 0 0 9482662 0 0 0 0 0 0 0 0 0 0 0 0 0 0 0 0 0 0 0 0 0 0 0 0 0 0 0 0 0 0 0 0 0 0 0 0 0 0 0 0 2683690766 0 0 0 0 0 0 0 0 876003 0 451477 0 0 0 0 0 0 0 0 0 0 0 754199907 1 0 0 0 0 0 0 0 0 0 0 0 0 0 0 0 0 0 0 0 0 0 0 443712 4219 0 0 0 0 19256713 0 0 0 0 0 0 0 0 0 0 0 0 0 0 0 0 0 0 0 0 0 0 0 0 0 0 0 0 0 0 0 0 0 0 0 0 0 0 0 0 0 0 0 0 0 0 0 0 0 0 0 0 0 0 0 0 0 0 0 0 0 0 0 0 0 0 0 0 0 0 0 0 0 0 0 185873976 0 0 0
ctxt 393674208
btime 1669654930
processes 567234
procs_running 1
procs_blocked 0
softirq 1053872927 734188555 32644776 743720 84851126 451405 0 130257043 43375234 588 27360480

cpu  850940 38662 1426246 530169869 114326 0 3203497 0 0 0
cpu0 118985 9541 204706 132797800 30844 0 765693 0 0 0
cpu1 456080 11232 773404 131670748 23735 0 889400 0 0 0
cpu2 140632 4072 235307 132855936 30984 0 788202 0 0 0
cpu3 135242 13816 212828 132845384 28761 0 760201 0 0 0
intr 12282977018 0 0 2651719 81 0 756573 35340147 0 0 0 9482667 0 0 0 0 0 0 0 0 0 0 0 0 0 0 0 0 0 0 0 0 0 0 0 0 0 0 0 0 0 0 0 0 0 0 0 0 0 0 0 0 2683699789 0 0 0 0 0 0 0 0 876004 0 451477 0 0 0 0 0 0 0 0 0 0 0 754204824 1 0 0 0 0 0 0 0 0 0 0 0 0 0 0 0 0 0 0 0 0 0 0 443712 4219 0 0 0 0 19256728 0 0 0 0 0 0 0 0 0 0 0 0 0 0 0 0 0 0 0 0 0 0 0 0 0 0 0 0 0 0 0 0 0 0 0 0 0 0 0 0 0 0 0 0 0 0 0 0 0 0 0 0 0 0 0 0 0 0 0 0 0 0 0 0 0 0 0 0 0 0 0 0 0 0 0 185874491 0 0 0
ctxt 393674587
btime 1669654930
processes 567234
procs_running 2
procs_blocked 0
softirq 1053888174 734193401 32644865 743720 84855922 451405 0 130262052 43375486 588 27360735

cpu  850940 38662 1426246 530170064 114326 0 3203499 0 0 0
cpu0 118985 9541 204706 132797848 30844 0 765693 0 0 0
cpu1 456080 11232 773404 131670796 23735 0 889401 0 0 0
cpu2 140632 4072 235307 132855985 30984 0 788202 0 0 0
cpu3 135242 13816 212828 132845433 28761 0 760201 0 0 0
intr 12282981705 0 0 2651721 81 0 756573 35340173 0 0 0 9482670 0 0 0 0 0 0 0 0 0 0 0 0 0 0 0 0 0 0 0 0 0 0 0 0 0 0 0 0 0 0 0 0 0 0 0 0 0 0 0 0 2683704005 0 0 0 0 0 0 0 0 876005 0 451477 0 0 0 0 0 0 0 0 0 0 0 754205169 1 0 0 0 0 0 0 0 0 0 0 0 0 0 0 0 0 0 0 0 0 0 0 443712 4219 0 0 0 0 19256743 0 0 0 0 0 0 0 0 0 0 0 0 0 0 0 0 0 0 0 0 0 0 0 0 0 0 0 0 0 0 0 0 0 0 0 0 0 0 0 0 0 0 0 0 0 0 0 0 0 0 0 0 0 0 0 0 0 0 0 0 0 0 0 0 0 0 0 0 0 0 0 0 0 0 0 185874564 0 0 0
ctxt 393674709
btime 1669654930
processes 567234
procs_running 1
procs_blocked 0
softirq 1053888874 734193601 32644884 743720 84856115 451405 0 130262267 43375521 588 27360773

cpu  850941 38662 1426247 530170261 114326 0 3203499 0 0 0
cpu0 118985 9541 204706 132797898 30844 0 765693 0 0 0
cpu1 456080 11232 773404 131670846 23735 0 889401 0 0 0
cpu2 140632 4072 235307 132856034 30984 0 788202 0 0 0
cpu3 135242 13816 212828 132845482 28761 0 760201 0 0 0
intr 12282985910 0 0 2651722 81 0 756573 35340193 0 0 0 9482674 0 0 0 0 0 0 0 0 0 0 0 0 0 0 0 0 0 0 0 0 0 0 0 0 0 0 0 0 0 0 0 0 0 0 0 0 0 0 0 0 2683708009 0 0 0 0 0 0 0 0 876006 0 451477 0 0 0 0 0 0 0 0 0 0 0 754205297 1 0 0 0 0 0 0 0 0 0 0 0 0 0 0 0 0 0 0 0 0 0 0 443712 4219 0 0 0 0 19256758 0 0 0 0 0 0 0 0 0 0 0 0 0 0 0 0 0 0 0 0 0 0 0 0 0 0 0 0 0 0 0 0 0 0 0 0 0 0 0 0 0 0 0 0 0 0 0 0 0 0 0 0 0 0 0 0 0 0 0 0 0 0 0 0 0 0 0 0 0 0 0 0 0 0 0 185874596 0 0 0
ctxt 393674797
btime 1669654930
processes 567234
procs_running 1
procs_blocked 0
softirq 1053888930 734193601 32644898 743720 84856116 451405 0 130262280 43375538 588 27360784

cpu  850941 38662 1426247 530170458 114326 0 3203499 0 0 0
cpu0 118985 9541 204706 132797947 30844 0 765693 0 0 0
cpu1 456080 11232 773404 131670895 23735 0 889401 0 0 0
cpu2 140633 4072 235307 132856083 30984 0 788202 0 0 0
cpu3 135242 13816 212828 132845531 28761 0 760201 0 0 0
intr 12282990205 0 0 2651722 81 0 756573 35340241 0 0 0 9482678 0 0 0 0 0 0 0 0 0 0 0 0 0 0 0 0 0 0 0 0 0 0 0 0 0 0 0 0 0 0 0 0 0 0 0 0 0 0 0 0 2683712030 0 0 0 0 0 0 0 0 876007 0 451477 0 0 0 0 0 0 0 0 0 0 0 754205451 1 0 0 0 0 0 0 0 0 0 0 0 0 0 0 0 0 0 0 0 0 0 0 443712 4219 0 0 0 0 19256794 0 0 0 0 0 0 0 0 0 0 0 0 0 0 0 0 0 0 0 0 0 0 0 0 0 0 0 0 0 0 0 0 0 0 0 0 0 0 0 0 0 0 0 0 0 0 0 0 0 0 0 0 0 0 0 0 0 0 0 0 0 0 0 0 0 0 0 0 0 0 0 0 0 0 0 185874627 0 0 0
ctxt 393674942
btime 1669654930
processes 567234
procs_running 1
procs_blocked 0
softirq 1053889020 734193609 32644913 743720 84856119 451405 0 130262313 43375557 588 27360796

cpu  850942 38662 1426247 530170655 114326 0 3203499 0 0 0
cpu0 118985 9541 204706 132797996 30844 0 765693 0 0 0
cpu1 456080 11232 773404 131670945 23735 0 889401 0 0 0
cpu2 140633 4072 235307 132856132 30984 0 788202 0 0 0
cpu3 135242 13816 212828 132845580 28761 0 760201 0 0 0
intr 12282994407 0 0 2651722 81 0 756573 35340261 0 0 0 9482681 0 0 0 0 0 0 0 0 0 0 0 0 0 0 0 0 0 0 0 0 0 0 0 0 0 0 0 0 0 0 0 0 0 0 0 0 0 0 0 0 2683716034 0 0 0 0 0 0 0 0 876008 0 451477 0 0 0 0 0 0 0 0 0 0 0 754205579 1 0 0 0 0 0 0 0 0 0 0 0 0 0 0 0 0 0 0 0 0 0 0 443712 4219 0 0 0 0 19256809 0 0 0 0 0 0 0 0 0 0 0 0 0 0 0 0 0 0 0 0 0 0 0 0 0 0 0 0 0 0 0 0 0 0 0 0 0 0 0 0 0 0 0 0 0 0 0 0 0 0 0 0 0 0 0 0 0 0 0 0 0 0 0 0 0 0 0 0 0 0 0 0 0 0 0 185874659 0 0 0
ctxt 393675021
btime 1669654930
processes 567234
procs_running 1
procs_blocked 0
softirq 1053889078 734193609 32644926 743721 84856120 451405 0 130262326 43375575 588 27360808

cpu  850942 38662 1426247 530170852 114326 0 3203499 0 0 0
cpu0 118985 9541 204706 132798045 30844 0 765693 0 0 0
cpu1 456080 11232 773404 131670994 23735 0 889401 0 0 0
cpu2 140634 4072 235307 132856181 30984 0 788202 0 0 0
cpu3 135242 13816 212828 132845630 28761 0 760201 0 0 0
intr 12282998654 0 0 2651722 81 0 756573 35340285 0 0 0 9482685 0 0 0 0 0 0 0 0 0 0 0 0 0 0 0 0 0 0 0 0 0 0 0 0 0 0 0 0 0 0 0 0 0 0 0 0 0 0 0 0 2683720054 0 0 0 0 0 0 0 0 876009 0 451477 0 0 0 0 0 0 0 0 0 0 0 754205733 1 0 0 0 0 0 0 0 0 0 0 0 0 0 0 0 0 0 0 0 0 0 0 443712 4219 0 0 0 0 19256824 0 0 0 0 0 0 0 0 0 0 0 0 0 0 0 0 0 0 0 0 0 0 0 0 0 0 0 0 0 0 0 0 0 0 0 0 0 0 0 0 0 0 0 0 0 0 0 0 0 0 0 0 0 0 0 0 0 0 0 0 0 0 0 0 0 0 0 0 0 0 0 0 0 0 0 185874688 0 0 0
ctxt 393675121
btime 1669654930
processes 567234
procs_running 1
procs_blocked 0
softirq 1053889143 734193617 32644939 743721 84856121 451405 0 130262341 43375592 588 27360819

cpu  850942 38662 1426248 530171049 114326 0 3203499 0 0 0
cpu0 118985 9541 204706 132798095 30844 0 765693 0 0 0
cpu1 456080 11232 773404 131671043 23735 0 889401 0 0 0
cpu2 140634 4072 235308 132856230 30984 0 788202 0 0 0
cpu3 135242 13816 212828 132845679 28761 0 760201 0 0 0
intr 12283002877 0 0 2651723 81 0 756573 35340313 0 0 0 9482688 0 0 0 0 0 0 0 0 0 0 0 0 0 0 0 0 0 0 0 0 0 0 0 0 0 0 0 0 0 0 0 0 0 0 0 0 0 0 0 0 2683724057 0 0 0 0 0 0 0 0 876010 0 451477 0 0 0 0 0 0 0 0 0 0 0 754205861 1 0 0 0 0 0 0 0 0 0 0 0 0 0 0 0 0 0 0 0 0 0 0 443712 4219 0 0 0 0 19256848 0 0 0 0 0 0 0 0 0 0 0 0 0 0 0 0 0 0 0 0 0 0 0 0 0 0 0 0 0 0 0 0 0 0 0 0 0 0 0 0 0 0 0 0 0 0 0 0 0 0 0 0 0 0 0 0 0 0 0 0 0 0 0 0 0 0 0 0 0 0 0 0 0 0 0 185874722 0 0 0
ctxt 393675225
btime 1669654930
processes 567234
procs_running 1
procs_blocked 0
softirq 1053889211 734193617 32644953 743721 84856123 451405 0 130262361 43375612 588 27360831

cpu  850942 38662 1426248 530171246 114326 0 3203499 0 0 0
cpu0 118985 9541 204706 132798144 30844 0 765693 0 0 0
cpu1 456080 11232 773404 131671093 23735 0 889401 0 0 0
cpu2 140634 4072 235308 132856279 30984 0 788202 0 0 0
cpu3 135242 13816 212828 132845728 28761 0 760201 0 0 0
intr 12283007122 0 0 2651723 81 0 756573 35340334 0 0 0 9482692 0 0 0 0 0 0 0 0 0 0 0 0 0 0 0 0 0 0 0 0 0 0 0 0 0 0 0 0 0 0 0 0 0 0 0 0 0 0 0 0 2683728083 0 0 0 0 0 0 0 0 876011 0 451477 0 0 0 0 0 0 0 0 0 0 0 754206013 1 0 0 0 0 0 0 0 0 0 0 0 0 0 0 0 0 0 0 0 0 0 0 443712 4219 0 0 0 0 19256863 0 0 0 0 0 0 0 0 0 0 0 0 0 0 0 0 0 0 0 0 0 0 0 0 0 0 0 0 0 0 0 0 0 0 0 0 0 0 0 0 0 0 0 0 0 0 0 0 0 0 0 0 0 0 0 0 0 0 0 0 0 0 0 0 0 0 0 0 0 0 0 0 0 0 0 185874749 0 0 0
ctxt 393675317
btime 1669654930
processes 567234
procs_running 1
procs_blocked 0
softirq 1053889274 734193625 32644965 743721 84856124 451405 0 130262375 43375628 588 27360843

cpu  850943 38662 1426248 530171443 114326 0 3203499 0 0 0
cpu0 118985 9541 204706 132798194 30844 0 765693 0 0 0
cpu1 456080 11232 773404 131671142 23735 0 889401 0 0 0
cpu2 140634 4072 235308 132856328 30984 0 788202 0 0 0
cpu3 135242 13816 212828 132845777 28761 0 760201 0 0 0
intr 12283011307 0 0 2651723 81 0 756573 35340352 0 0 0 9482694 0 0 0 0 0 0 0 0 0 0 0 0 0 0 0 0 0 0 0 0 0 0 0 0 0 0 0 0 0 0 0 0 0 0 0 0 0 0 0 0 2683732079 0 0 0 0 0 0 0 0 876012 0 451477 0 0 0 0 0 0 0 0 0 0 0 754206141 1 0 0 0 0 0 0 0 0 0 0 0 0 0 0 0 0 0 0 0 0 0 0 443712 4219 0 0 0 0 19256878 0 0 0 0 0 0 0 0 0 0 0 0 0 0 0 0 0 0 0 0 0 0 0 0 0 0 0 0 0 0 0 0 0 0 0 0 0 0 0 0 0 0 0 0 0 0 0 0 0 0 0 0 0 0 0 0 0 0 0 0 0 0 0 0 0 0 0 0 0 0 0 0 0 0 0 185874774 0 0 0
ctxt 393675387
btime 1669654930
processes 567234
procs_running 1
procs_blocked 0
softirq 1053889326 734193625 32644977 743721 84856125 451405 0 130262388 43375643 588 27360854

cpu  850943 38662 1426248 530171640 114326 0 3203499 0 0 0
cpu0 118985 9541 204706 132798243 30844 0 765693 0 0 0
cpu1 456080 11232 773404 131671192 23735 0 889401 0 0 0
cpu2 140635 4072 235308 132856378 30984 0 788202 0 0 0
cpu3 135242 13816 212828 132845826 28761 0 760201 0 0 0
intr 12283015554 0 0 2651723 81 0 756573 35340373 0 0 0 9482697 0 0 0 0 0 0 0 0 0 0 0 0 0 0 0 0 0 0 0 0 0 0 0 0 0 0 0 0 0 0 0 0 0 0 0 0 0 0 0 0 2683736105 0 0 0 0 0 0 0 0 876013 0 451477 0 0 0 0 0 0 0 0 0 0 0 754206295 1 0 0 0 0 0 0 0 0 0 0 0 0 0 0 0 0 0 0 0 0 0 0 443712 4219 0 0 0 0 19256893 0 0 0 0 0 0 0 0 0 0 0 0 0 0 0 0 0 0 0 0 0 0 0 0 0 0 0 0 0 0 0 0 0 0 0 0 0 0 0 0 0 0 0 0 0 0 0 0 0 0 0 0 0 0 0 0 0 0 0 0 0 0 0 0 0 0 0 0 0 0 0 0 0 0 0 185874801 0 0 0
ctxt 393675478
btime 1669654930
processes 567234
procs_running 1
procs_blocked 0
softirq 1053889391 734193633 32644990 743721 84856126 451405 0 130262402 43375660 588 27360866

cpu  850944 38662 1426248 530171837 114326 0 3203499 0 0 0
cpu0 118985 9541 204706 132798293 30844 0 765693 0 0 0
cpu1 456080 11232 773404 131671241 23735 0 889401 0 0 0
cpu2 140635 4072 235308 132856427 30984 0 788202 0 0 0
cpu3 135242 13816 212828 132845875 28761 0 760201 0 0 0
intr 12283019747 0 0 2651724 81 0 756573 35340391 0 0 0 9482701 0 0 0 0 0 0 0 0 0 0 0 0 0 0 0 0 0 0 0 0 0 0 0 0 0 0 0 0 0 0 0 0 0 0 0 0 0 0 0 0 2683740101 0 0 0 0 0 0 0 0 876014 0 451477 0 0 0 0 0 0 0 0 0 0 0 754206423 1 0 0 0 0 0 0 0 0 0 0 0 0 0 0 0 0 0 0 0 0 0 0 443712 4219 0 0 0 0 19256908 0 0 0 0 0 0 0 0 0 0 0 0 0 0 0 0 0 0 0 0 0 0 0 0 0 0 0 0 0 0 0 0 0 0 0 0 0 0 0 0 0 0 0 0 0 0 0 0 0 0 0 0 0 0 0 0 0 0 0 0 0 0 0 0 0 0 0 0 0 0 0 0 0 0 0 185874830 0 0 0
ctxt 393675563
btime 1669654930
processes 567234
procs_running 1
procs_blocked 0
softirq 1053889445 734193633 32645003 743721 84856127 451405 0 130262415 43375676 588 27360877

cpu  850944 38662 1426248 530172034 114326 0 3203499 0 0 0
cpu0 118985 9541 204706 132798342 30844 0 765693 0 0 0
cpu1 456080 11232 773404 131671290 23735 0 889401 0 0 0
cpu2 140636 4072 235308 132856476 30984 0 788202 0 0 0
cpu3 135242 13816 212828 132845924 28761 0 760201 0 0 0
intr 12283024050 0 0 2651724 81 0 756573 35340438 0 0 0 9482705 0 0 0 0 0 0 0 0 0 0 0 0 0 0 0 0 0 0 0 0 0 0 0 0 0 0 0 0 0 0 0 0 0 0 0 0 0 0 0 0 2683744129 0 0 0 0 0 0 0 0 876015 0 451477 0 0 0 0 0 0 0 0 0 0 0 754206577 1 0 0 0 0 0 0 0 0 0 0 0 0 0 0 0 0 0 0 0 0 0 0 443712 4219 0 0 0 0 19256944 0 0 0 0 0 0 0 0 0 0 0 0 0 0 0 0 0 0 0 0 0 0 0 0 0 0 0 0 0 0 0 0 0 0 0 0 0 0 0 0 0 0 0 0 0 0 0 0 0 0 0 0 0 0 0 0 0 0 0 0 0 0 0 0 0 0 0 0 0 0 0 0 0 0 0 185874863 0 0 0
ctxt 393675719
btime 1669654930
processes 567234
procs_running 1
procs_blocked 0
softirq 1053889535 734193641 32645019 743721 84856130 451405 0 130262447 43375694 588 27360890

cpu  850944 38662 1426248 530172231 114326 0 3203499 0 0 0
cpu0 118985 9541 204706 132798391 30844 0 765693 0 0 0
cpu1 456080 11232 773404 131671340 23735 0 889401 0 0 0
cpu2 140636 4072 235308 132856525 30984 0 788202 0 0 0
cpu3 135242 13816 212828 132845973 28761 0 760201 0 0 0
intr 12283028245 0 0 2651728 81 0 756573 35340457 0 0 0 9482708 0 0 0 0 0 0 0 0 0 0 0 0 0 0 0 0 0 0 0 0 0 0 0 0 0 0 0 0 0 0 0 0 0 0 0 0 0 0 0 0 2683748125 0 0 0 0 0 0 0 0 876016 0 451477 0 0 0 0 0 0 0 0 0 0 0 754206705 1 0 0 0 0 0 0 0 0 0 0 0 0 0 0 0 0 0 0 0 0 0 0 443712 4219 0 0 0 0 19256959 0 0 0 0 0 0 0 0 0 0 0 0 0 0 0 0 0 0 0 0 0 0 0 0 0 0 0 0 0 0 0 0 0 0 0 0 0 0 0 0 0 0 0 0 0 0 0 0 0 0 0 0 0 0 0 0 0 0 0 0 0 0 0 0 0 0 0 0 0 0 0 0 0 0 0 185874893 0 0 0
ctxt 393675798
btime 1669654930
processes 567234
procs_running 1
procs_blocked 0
softirq 1053889591 734193641 32645033 743721 84856131 451405 0 130262460 43375710 588 27360902

cpu  850945 38662 1426248 530172428 114326 0 3203499 0 0 0
cpu0 118985 9541 204706 132798441 30844 0 765693 0 0 0
cpu1 456080 11232 773404 131671389 23735 0 889401 0 0 0
cpu2 140636 4072 235308 132856574 30984 0 788202 0 0 0
cpu3 135242 13816 212828 132846022 28761 0 760201 0 0 0
intr 12283032501 0 0 2651728 81 0 756573 35340481 0 0 0 9482711 0 0 0 0 0 0 0 0 0 0 0 0 0 0 0 0 0 0 0 0 0 0 0 0 0 0 0 0 0 0 0 0 0 0 0 0 0 0 0 0 2683752153 0 0 0 0 0 0 0 0 876017 0 451477 0 0 0 0 0 0 0 0 0 0 0 754206859 1 0 0 0 0 0 0 0 0 0 0 0 0 0 0 0 0 0 0 0 0 0 0 443712 4219 0 0 0 0 19256974 0 0 0 0 0 0 0 0 0 0 0 0 0 0 0 0 0 0 0 0 0 0 0 0 0 0 0 0 0 0 0 0 0 0 0 0 0 0 0 0 0 0 0 0 0 0 0 0 0 0 0 0 0 0 0 0 0 0 0 0 0 0 0 0 0 0 0 0 0 0 0 0 0 0 0 185874924 0 0 0
ctxt 393675896
btime 1669654930
processes 567234
procs_running 1
procs_blocked 0
softirq 1053889663 734193649 32645048 743721 84856132 451405 0 130262475 43375729 588 27360916

cpu  850945 38662 1426248 530172625 114326 0 3203499 0 0 0
cpu0 118985 9541 204706 132798490 30844 0 765693 0 0 0
cpu1 456081 11232 773404 131671438 23735 0 889401 0 0 0
cpu2 140636 4072 235308 132856623 30984 0 788202 0 0 0
cpu3 135242 13816 212828 132846072 28761 0 760201 0 0 0
intr 12283036695 0 0 2651729 81 0 756573 35340497 0 0 0 9482715 0 0 0 0 0 0 0 0 0 0 0 0 0 0 0 0 0 0 0 0 0 0 0 0 0 0 0 0 0 0 0 0 0 0 0 0 0 0 0 0 2683756150 0 0 0 0 0 0 0 0 876018 0 451477 0 0 0 0 0 0 0 0 0 0 0 754206987 1 0 0 0 0 0 0 0 0 0 0 0 0 0 0 0 0 0 0 0 0 0 0 443712 4219 0 0 0 0 19256989 0 0 0 0 0 0 0 0 0 0 0 0 0 0 0 0 0 0 0 0 0 0 0 0 0 0 0 0 0 0 0 0 0 0 0 0 0 0 0 0 0 0 0 0 0 0 0 0 0 0 0 0 0 0 0 0 0 0 0 0 0 0 0 0 0 0 0 0 0 0 0 0 0 0 0 185874956 0 0 0
ctxt 393675974
btime 1669654930
processes 567234
procs_running 1
procs_blocked 0
softirq 1053889724 734193649 32645062 743722 84856133 451405 0 130262488 43375749 588 27360928

cpu  850946 38662 1426248 530172821 114326 0 3203499 0 0 0
cpu0 118985 9541 204706 132798540 30844 0 765693 0 0 0
cpu1 456081 11232 773404 131671487 23735 0 889401 0 0 0
cpu2 140636 4072 235308 132856673 30984 0 788202 0 0 0
cpu3 135242 13816 212828 132846121 28761 0 760201 0 0 0
intr 12283040944 0 0 2651729 81 0 756573 35340520 0 0 0 9482718 0 0 0 0 0 0 0 0 0 0 0 0 0 0 0 0 0 0 0 0 0 0 0 0 0 0 0 0 0 0 0 0 0 0 0 0 0 0 0 0 2683760169 0 0 0 0 0 0 0 0 876019 0 451477 0 0 0 0 0 0 0 0 0 0 0 754207141 1 0 0 0 0 0 0 0 0 0 0 0 0 0 0 0 0 0 0 0 0 0 0 443712 4219 0 0 0 0 19257004 0 0 0 0 0 0 0 0 0 0 0 0 0 0 0 0 0 0 0 0 0 0 0 0 0 0 0 0 0 0 0 0 0 0 0 0 0 0 0 0 0 0 0 0 0 0 0 0 0 0 0 0 0 0 0 0 0 0 0 0 0 0 0 0 0 0 0 0 0 0 0 0 0 0 0 185874990 0 0 0
ctxt 393676080
btime 1669654930
processes 567234
procs_running 1
procs_blocked 0
softirq 1053889793 734193657 32645077 743722 84856134 451405 0 130262502 43375768 588 27360940

cpu  850946 38662 1426248 530173019 114326 0 3203499 0 0 0
cpu0 118985 9541 204706 132798589 30844 0 765693 0 0 0
cpu1 456081 11232 773405 131671536 23735 0 889401 0 0 0
cpu2 140636 4072 235308 132856722 30984 0 788202 0 0 0
cpu3 135242 13816 212829 132846170 28761 0 760201 0 0 0
intr 12283045155 0 0 2651729 81 0 756573 35340537 0 0 0 9482722 0 0 0 0 0 0 0 0 0 0 0 0 0 0 0 0 0 0 0 0 0 0 0 0 0 0 0 0 0 0 0 0 0 0 0 0 0 0 0 0 2683764173 0 0 0 0 0 0 0 0 876020 0 451477 0 0 0 0 0 0 0 0 0 0 0 754207269 1 0 0 0 0 0 0 0 0 0 0 0 0 0 0 0 0 0 0 0 0 0 0 443712 4219 0 0 0 0 19257019 0 0 0 0 0 0 0 0 0 0 0 0 0 0 0 0 0 0 0 0 0 0 0 0 0 0 0 0 0 0 0 0 0 0 0 0 0 0 0 0 0 0 0 0 0 0 0 0 0 0 0 0 0 0 0 0 0 0 0 0 0 0 0 0 0 0 0 0 0 0 0 0 0 0 0 185875032 0 0 0
ctxt 393676172
btime 1669654930
processes 567234
procs_running 1
procs_blocked 0
softirq 1053889862 734193657 32645095 743722 84856135 451405 0 130262515 43375791 588 27360954

cpu  850946 38662 1426248 530173215 114326 0 3203499 0 0 0
cpu0 118985 9541 204706 132798638 30844 0 765693 0 0 0
cpu1 456082 11232 773405 131671585 23735 0 889401 0 0 0
cpu2 140636 4072 235308 132856772 30984 0 788202 0 0 0
cpu3 135242 13816 212829 132846219 28761 0 760201 0 0 0
intr 12283049398 0 0 2651729 81 0 756573 35340563 0 0 0 9482724 0 0 0 0 0 0 0 0 0 0 0 0 0 0 0 0 0 0 0 0 0 0 0 0 0 0 0 0 0 0 0 0 0 0 0 0 0 0 0 0 2683768190 0 0 0 0 0 0 0 0 876021 0 451477 0 0 0 0 0 0 0 0 0 0 0 754207423 1 0 0 0 0 0 0 0 0 0 0 0 0 0 0 0 0 0 0 0 0 0 0 443712 4219 0 0 0 0 19257034 0 0 0 0 0 0 0 0 0 0 0 0 0 0 0 0 0 0 0 0 0 0 0 0 0 0 0 0 0 0 0 0 0 0 0 0 0 0 0 0 0 0 0 0 0 0 0 0 0 0 0 0 0 0 0 0 0 0 0 0 0 0 0 0 0 0 0 0 0 0 0 0 0 0 0 185875060 0 0 0
ctxt 393676263
btime 1669654930
processes 567234
procs_running 1
procs_blocked 0
softirq 1053889926 734193665 32645108 743722 84856136 451405 0 130262528 43375807 588 27360967

cpu  850946 38662 1426250 530173412 114326 0 3203499 0 0 0
cpu0 118985 9541 204706 132798688 30844 0 765693 0 0 0
cpu1 456082 11232 773406 131671634 23735 0 889401 0 0 0
cpu2 140636 4072 235308 132856821 30984 0 788202 0 0 0
cpu3 135242 13816 212829 132846268 28761 0 760201 0 0 0
intr 12283053619 0 0 2651730 81 0 756573 35340582 0 0 0 9482729 0 0 0 0 0 0 0 0 0 0 0 0 0 0 0 0 0 0 0 0 0 0 0 0 0 0 0 0 0 0 0 0 0 0 0 0 0 0 0 0 2683772194 0 0 0 0 0 0 0 0 876022 0 451477 0 0 0 0 0 0 0 0 0 0 0 754207551 1 0 0 0 0 0 0 0 0 0 0 0 0 0 0 0 0 0 0 0 0 0 0 443712 4219 0 0 0 0 19257049 0 0 0 0 0 0 0 0 0 0 0 0 0 0 0 0 0 0 0 0 0 0 0 0 0 0 0 0 0 0 0 0 0 0 0 0 0 0 0 0 0 0 0 0 0 0 0 0 0 0 0 0 0 0 0 0 0 0 0 0 0 0 0 0 0 0 0 0 0 0 0 0 0 0 0 185875107 0 0 0
ctxt 393676357
btime 1669654930
processes 567234
procs_running 1
procs_blocked 0
softirq 1053890001 734193665 32645125 743722 84856137 451405 0 130262542 43375831 588 27360986

cpu  850946 38662 1426250 530173609 114326 0 3203499 0 0 0
cpu0 118985 9541 204706 132798737 30844 0 765693 0 0 0
cpu1 456082 11232 773406 131671683 23735 0 889401 0 0 0
cpu2 140636 4072 235308 132856870 30984 0 788202 0 0 0
cpu3 135242 13816 212829 132846317 28761 0 760201 0 0 0
intr 12283057864 0 0 2651730 81 0 756573 35340607 0 0 0 9482732 0 0 0 0 0 0 0 0 0 0 0 0 0 0 0 0 0 0 0 0 0 0 0 0 0 0 0 0 0 0 0 0 0 0 0 0 0 0 0 0 2683776216 0 0 0 0 0 0 0 0 876023 0 451477 0 0 0 0 0 0 0 0 0 0 0 754207705 1 0 0 0 0 0 0 0 0 0 0 0 0 0 0 0 0 0 0 0 0 0 0 443712 4219 0 0 0 0 19257064 0 0 0 0 0 0 0 0 0 0 0 0 0 0 0 0 0 0 0 0 0 0 0 0 0 0 0 0 0 0 0 0 0 0 0 0 0 0 0 0 0 0 0 0 0 0 0 0 0 0 0 0 0 0 0 0 0 0 0 0 0 0 0 0 0 0 0 0 0 0 0 0 0 0 0 185875133 0 0 0
ctxt 393676447
btime 1669654930
processes 567234
procs_running 1
procs_blocked 0
softirq 1053890063 734193673 32645136 743722 84856138 451405 0 130262557 43375846 588 27360998

cpu  850946 38662 1426250 530173806 114326 0 3203499 0 0 0
cpu0 118985 9541 204706 132798787 30844 0 765693 0 0 0
cpu1 456082 11232 773406 131671732 23735 0 889401 0 0 0
cpu2 140636 4072 235308 132856920 30984 0 788202 0 0 0
cpu3 135242 13816 212829 132846366 28761 0 760201 0 0 0
intr 12283062064 0 0 2651730 81 0 756573 35340623 0 0 0 9482736 0 0 0 0 0 0 0 0 0 0 0 0 0 0 0 0 0 0 0 0 0 0 0 0 0 0 0 0 0 0 0 0 0 0 0 0 0 0 0 0 2683780220 0 0 0 0 0 0 0 0 876024 0 451477 0 0 0 0 0 0 0 0 0 0 0 754207833 1 0 0 0 0 0 0 0 0 0 0 0 0 0 0 0 0 0 0 0 0 0 0 443712 4219 0 0 0 0 19257079 0 0 0 0 0 0 0 0 0 0 0 0 0 0 0 0 0 0 0 0 0 0 0 0 0 0 0 0 0 0 0 0 0 0 0 0 0 0 0 0 0 0 0 0 0 0 0 0 0 0 0 0 0 0 0 0 0 0 0 0 0 0 0 0 0 0 0 0 0 0 0 0 0 0 0 185875165 0 0 0
ctxt 393676525
btime 1669654930
processes 567234
procs_running 1
procs_blocked 0
softirq 1053890121 734193673 32645149 743722 84856139 451405 0 130262571 43375864 588 27361010

cpu  850947 38662 1426251 530174003 114326 0 3203499 0 0 0
cpu0 118985 9541 204706 132798836 30844 0 765693 0 0 0
cpu1 456082 11232 773406 131671781 23735 0 889401 0 0 0
cpu2 140636 4072 235308 132856969 30984 0 788202 0 0 0
cpu3 135242 13816 212830 132846415 28761 0 760201 0 0 0
intr 12283066353 0 0 2651730 81 0 756573 35340666 0 0 0 9482740 0 0 0 0 0 0 0 0 0 0 0 0 0 0 0 0 0 0 0 0 0 0 0 0 0 0 0 0 0 0 0 0 0 0 0 0 0 0 0 0 2683784240 0 0 0 0 0 0 0 0 876025 0 451477 0 0 0 0 0 0 0 0 0 0 0 754207987 1 0 0 0 0 0 0 0 0 0 0 0 0 0 0 0 0 0 0 0 0 0 0 443712 4219 0 0 0 0 19257115 0 0 0 0 0 0 0 0 0 0 0 0 0 0 0 0 0 0 0 0 0 0 0 0 0 0 0 0 0 0 0 0 0 0 0 0 0 0 0 0 0 0 0 0 0 0 0 0 0 0 0 0 0 0 0 0 0 0 0 0 0 0 0 0 0 0 0 0 0 0 0 0 0 0 0 185875196 0 0 0
ctxt 393676663
btime 1669654930
processes 567234
procs_running 1
procs_blocked 0
softirq 1053890206 734193681 32645164 743722 84856142 451405 0 130262601 43375881 588 27361022

cpu  850947 38662 1426251 530174200 114326 0 3203499 0 0 0
cpu0 118985 9541 204706 132798886 30844 0 765693 0 0 0
cpu1 456083 11232 773406 131671830 23735 0 889401 0 0 0
cpu2 140636 4072 235308 132857019 30984 0 788202 0 0 0
cpu3 135242 13816 212830 132846464 28761 0 760201 0 0 0
intr 12283070598 0 0 2651731 81 0 756573 35340697 0 0 0 9482744 0 0 0 0 0 0 0 0 0 0 0 0 0 0 0 0 0 0 0 0 0 0 0 0 0 0 0 0 0 0 0 0 0 0 0 0 0 0 0 0 2683788245 0 0 0 0 0 0 0 0 876026 0 451477 0 0 0 0 0 0 0 0 0 0 0 754208115 1 0 0 0 0 0 0 0 0 0 0 0 0 0 0 0 0 0 0 0 0 0 0 443712 4219 0 0 0 0 19257150 0 0 0 0 0 0 0 0 0 0 0 0 0 0 0 0 0 0 0 0 0 0 0 0 0 0 0 0 0 0 0 0 0 0 0 0 0 0 0 0 0 0 0 0 0 0 0 0 0 0 0 0 0 0 0 0 0 0 0 0 0 0 0 0 0 0 0 0 0 0 0 0 0 0 0 185875235 0 0 0
ctxt 393676796
btime 1669654930
processes 567234
procs_running 1
procs_blocked 0
softirq 1053890293 734193681 32645183 743722 84856144 451405 0 130262632 43375904 588 27361034

cpu  850948 38662 1426252 530174396 114326 0 3203499 0 0 0
cpu0 118985 9541 204706 132798935 30844 0 765693 0 0 0
cpu1 456083 11232 773406 131671879 23735 0 889401 0 0 0
cpu2 140636 4072 235308 132857068 30984 0 788202 0 0 0
cpu3 135242 13816 212830 132846513 28761 0 760201 0 0 0
intr 12283074849 0 0 2651731 81 0 756573 35340726 0 0 0 9482748 0 0 0 0 0 0 0 0 0 0 0 0 0 0 0 0 0 0 0 0 0 0 0 0 0 0 0 0 0 0 0 0 0 0 0 0 0 0 0 0 2683792265 0 0 0 0 0 0 0 0 876027 0 451477 0 0 0 0 0 0 0 0 0 0 0 754208269 1 0 0 0 0 0 0 0 0 0 0 0 0 0 0 0 0 0 0 0 0 0 0 443712 4219 0 0 0 0 19257165 0 0 0 0 0 0 0 0 0 0 0 0 0 0 0 0 0 0 0 0 0 0 0 0 0 0 0 0 0 0 0 0 0 0 0 0 0 0 0 0 0 0 0 0 0 0 0 0 0 0 0 0 0 0 0 0 0 0 0 0 0 0 0 0 0 0 0 0 0 0 0 0 0 0 0 185875263 0 0 0
ctxt 393676889
btime 1669654930
processes 567234
procs_running 1
procs_blocked 0
softirq 1053890357 734193689 32645195 743722 84856145 451405 0 130262645 43375921 588 27361047

cpu  850948 38662 1426252 530174594 114326 0 3203499 0 0 0
cpu0 118985 9541 204706 132798985 30844 0 765693 0 0 0
cpu1 456084 11232 773406 131671928 23735 0 889401 0 0 0
cpu2 140636 4072 235308 132857117 30984 0 788202 0 0 0
cpu3 135242 13816 212830 132846562 28761 0 760201 0 0 0
intr 12283079049 0 0 2651731 81 0 756573 35340745 0 0 0 9482752 0 0 0 0 0 0 0 0 0 0 0 0 0 0 0 0 0 0 0 0 0 0 0 0 0 0 0 0 0 0 0 0 0 0 0 0 0 0 0 0 2683796270 0 0 0 0 0 0 0 0 876028 0 451477 0 0 0 0 0 0 0 0 0 0 0 754208397 1 0 0 0 0 0 0 0 0 0 0 0 0 0 0 0 0 0 0 0 0 0 0 443712 4219 0 0 0 0 19257180 0 0 0 0 0 0 0 0 0 0 0 0 0 0 0 0 0 0 0 0 0 0 0 0 0 0 0 0 0 0 0 0 0 0 0 0 0 0 0 0 0 0 0 0 0 0 0 0 0 0 0 0 0 0 0 0 0 0 0 0 0 0 0 0 0 0 0 0 0 0 0 0 0 0 0 185875292 0 0 0
ctxt 393676965
btime 1669654930
processes 567234
procs_running 1
procs_blocked 0
softirq 1053890418 734193689 32645210 743723 84856146 451405 0 130262659 43375940 588 27361058

cpu  850948 38662 1426252 530174790 114326 0 3203499 0 0 0
cpu0 118985 9541 204706 132799034 30844 0 765693 0 0 0
cpu1 456084 11232 773406 131671977 23735 0 889401 0 0 0
cpu2 140636 4072 235308 132857167 30984 0 788202 0 0 0
cpu3 135242 13816 212830 132846612 28761 0 760201 0 0 0
intr 12283083297 0 0 2651731 81 0 756573 35340768 0 0 0 9482756 0 0 0 0 0 0 0 0 0 0 0 0 0 0 0 0 0 0 0 0 0 0 0 0 0 0 0 0 0 0 0 0 0 0 0 0 0 0 0 0 2683800290 0 0 0 0 0 0 0 0 876029 0 451477 0 0 0 0 0 0 0 0 0 0 0 754208551 1 0 0 0 0 0 0 0 0 0 0 0 0 0 0 0 0 0 0 0 0 0 0 443712 4219 0 0 0 0 19257195 0 0 0 0 0 0 0 0 0 0 0 0 0 0 0 0 0 0 0 0 0 0 0 0 0 0 0 0 0 0 0 0 0 0 0 0 0 0 0 0 0 0 0 0 0 0 0 0 0 0 0 0 0 0 0 0 0 0 0 0 0 0 0 0 0 0 0 0 0 0 0 0 0 0 0 185875322 0 0 0
ctxt 393677062
btime 1669654930
processes 567234
procs_running 1
procs_blocked 0
softirq 1053890481 734193697 32645223 743723 84856147 451405 0 130262672 43375957 588 27361069

cpu  850949 38662 1426252 530174987 114326 0 3203499 0 0 0
cpu0 118985 9541 204706 132799083 30844 0 765693 0 0 0
cpu1 456084 11232 773406 131672026 23735 0 889401 0 0 0
cpu2 140636 4072 235308 132857216 30984 0 788202 0 0 0
cpu3 135242 13816 212830 132846661 28761 0 760201 0 0 0
intr 12283087514 0 0 2651732 81 0 756573 35340798 0 0 0 9482760 0 0 0 0 0 0 0 0 0 0 0 0 0 0 0 0 0 0 0 0 0 0 0 0 0 0 0 0 0 0 0 0 0 0 0 0 0 0 0 0 2683804287 0 0 0 0 0 0 0 0 876030 0 451477 0 0 0 0 0 0 0 0 0 0 0 754208679 1 0 0 0 0 0 0 0 0 0 0 0 0 0 0 0 0 0 0 0 0 0 0 443712 4219 0 0 0 0 19257220 0 0 0 0 0 0 0 0 0 0 0 0 0 0 0 0 0 0 0 0 0 0 0 0 0 0 0 0 0 0 0 0 0 0 0 0 0 0 0 0 0 0 0 0 0 0 0 0 0 0 0 0 0 0 0 0 0 0 0 0 0 0 0 0 0 0 0 0 0 0 0 0 0 0 0 185875354 0 0 0
ctxt 393677163
btime 1669654930
processes 567234
procs_running 1
procs_blocked 0
softirq 1053890550 734193697 32645238 743723 84856149 451405 0 130262693 43375976 588 27361081

cpu  850949 38662 1426252 530175184 114326 0 3203499 0 0 0
cpu0 118985 9541 204706 132799133 30844 0 765693 0 0 0
cpu1 456084 11232 773407 131672075 23735 0 889401 0 0 0
cpu2 140636 4072 235309 132857265 30984 0 788202 0 0 0
cpu3 135242 13816 212830 132846710 28761 0 760201 0 0 0
intr 12283091771 0 0 2651732 81 0 756573 35340822 0 0 0 9482764 0 0 0 0 0 0 0 0 0 0 0 0 0 0 0 0 0 0 0 0 0 0 0 0 0 0 0 0 0 0 0 0 0 0 0 0 0 0 0 0 2683808313 0 0 0 0 0 0 0 0 876031 0 451477 0 0 0 0 0 0 0 0 0 0 0 754208833 1 0 0 0 0 0 0 0 0 0 0 0 0 0 0 0 0 0 0 0 0 0 0 443712 4219 0 0 0 0 19257235 0 0 0 0 0 0 0 0 0 0 0 0 0 0 0 0 0 0 0 0 0 0 0 0 0 0 0 0 0 0 0 0 0 0 0 0 0 0 0 0 0 0 0 0 0 0 0 0 0 0 0 0 0 0 0 0 0 0 0 0 0 0 0 0 0 0 0 0 0 0 0 0 0 0 0 185875387 0 0 0
ctxt 393677267
btime 1669654930
processes 567234
procs_running 1
procs_blocked 0
softirq 1053890611 734193705 32645250 743723 84856150 451405 0 130262706 43375992 588 27361092

cpu  850949 38662 1426252 530175381 114326 0 3203500 0 0 0
cpu0 118985 9541 204706 132799182 30844 0 765693 0 0 0
cpu1 456085 11232 773407 131672124 23735 0 889401 0 0 0
cpu2 140636 4072 235309 132857314 30984 0 788203 0 0 0
cpu3 135242 13816 212830 132846759 28761 0 760201 0 0 0
intr 12283095964 0 0 2651732 81 0 756573 35340843 0 0 0 9482768 0 0 0 0 0 0 0 0 0 0 0 0 0 0 0 0 0 0 0 0 0 0 0 0 0 0 0 0 0 0 0 0 0 0 0 0 0 0 0 0 2683812309 0 0 0 0 0 0 0 0 876032 0 451477 0 0 0 0 0 0 0 0 0 0 0 754208959 1 0 0 0 0 0 0 0 0 0 0 0 0 0 0 0 0 0 0 0 0 0 0 443712 4219 0 0 0 0 19257250 0 0 0 0 0 0 0 0 0 0 0 0 0 0 0 0 0 0 0 0 0 0 0 0 0 0 0 0 0 0 0 0 0 0 0 0 0 0 0 0 0 0 0 0 0 0 0 0 0 0 0 0 0 0 0 0 0 0 0 0 0 0 0 0 0 0 0 0 0 0 0 0 0 0 0 185875417 0 0 0
ctxt 393677345
btime 1669654930
processes 567234
procs_running 1
procs_blocked 0
softirq 1053890668 734193705 32645264 743723 84856151 451405 0 130262720 43376009 588 27361103

cpu  850950 38662 1426253 530175578 114326 0 3203500 0 0 0
cpu0 118985 9541 204706 132799231 30844 0 765693 0 0 0
cpu1 456085 11232 773407 131672173 23735 0 889401 0 0 0
cpu2 140636 4072 235309 132857364 30984 0 788203 0 0 0
cpu3 135242 13816 212830 132846809 28761 0 760201 0 0 0
intr 12283100227 0 0 2651732 81 0 756573 35340873 0 0 0 9482772 0 0 0 0 0 0 0 0 0 0 0 0 0 0 0 0 0 0 0 0 0 0 0 0 0 0 0 0 0 0 0 0 0 0 0 0 0 0 0 0 2683816337 0 0 0 0 0 0 0 0 876033 0 451477 0 0 0 0 0 0 0 0 0 0 0 754209113 1 0 0 0 0 0 0 0 0 0 0 0 0 0 0 0 0 0 0 0 0 0 0 443712 4219 0 0 0 0 19257265 0 0 0 0 0 0 0 0 0 0 0 0 0 0 0 0 0 0 0 0 0 0 0 0 0 0 0 0 0 0 0 0 0 0 0 0 0 0 0 0 0 0 0 0 0 0 0 0 0 0 0 0 0 0 0 0 0 0 0 0 0 0 0 0 0 0 0 0 0 0 0 0 0 0 0 185875447 0 0 0
ctxt 393677443
btime 1669654930
processes 567234
procs_running 1
procs_blocked 0
softirq 1053890732 734193713 32645277 743723 84856152 451405 0 130262734 43376026 588 27361114
