cpu  763096 33748 1283155 468166350 100722 0 1537771 0 0 0
cpu0 99054 9522 171690 117301589 27559 0 347362 0 0 0
cpu1 433957 10210 735575 116161585 20335 0 477990 0 0 0
cpu2 117666 2833 197706 117357628 27185 0 366669 0 0 0
cpu3 112418 11183 178182 117345547 25642 0 345748 0 0 0
intr 10540671771 0 0 2421981 81 0 609661 26275075 0 0 0 8321641 0 0 0 0 0 0 0 0 0 0 0 0 0 0 0 0 0 0 0 0 0 0 0 0 0 0 0 0 0 0 0 0 0 0 0 0 0 0 0 0 1207374437 0 0 0 0 0 0 0 0 533822 0 343538 0 0 0 0 0 0 0 0 0 0 0 531711477 1 0 0 0 0 0 0 0 0 0 0 0 0 0 0 0 0 0 0 0 0 0 0 335773 4219 0 0 0 0 13106675 0 0 0 0 0 0 0 0 0 0 0 0 0 0 0 0 0 0 0 0 0 0 0 0 0 0 0 0 0 0 0 0 0 0 0 0 0 0 0 0 0 0 0 0 0 0 0 0 0 0 0 0 0 0 0 0 0 0 0 0 0 0 0 0 0 0 0 0 0 0 0 0 0 0 0 159698799 0 0 0
ctxt 345851523
btime 1669654930
processes 467895
procs_running 1
procs_blocked 0
softirq 533837683 378901450 25256431 713232 26114038 343478 0 60021265 30485548 557 12001684

cpu  763096 33748 1283156 468166547 100722 0 1537771 0 0 0
cpu0 99054 9522 171690 117301639 27559 0 347362 0 0 0
cpu1 433957 10210 735575 116161634 20335 0 477990 0 0 0
cpu2 117666 2833 197707 117357677 27185 0 366669 0 0 0
cpu3 112418 11183 178182 117345596 25642 0 345748 0 0 0
intr 10540676046 0 0 2421982 81 0 609661 26275110 0 0 0 8321645 0 0 0 0 0 0 0 0 0 0 0 0 0 0 0 0 0 0 0 0 0 0 0 0 0 0 0 0 0 0 0 0 0 0 0 0 0 0 0 0 1207378467 0 0 0 0 0 0 0 0 533823 0 343538 0 0 0 0 0 0 0 0 0 0 0 531711629 1 0 0 0 0 0 0 0 0 0 0 0 0 0 0 0 0 0 0 0 0 0 0 335773 4219 0 0 0 0 13106695 0 0 0 0 0 0 0 0 0 0 0 0 0 0 0 0 0 0 0 0 0 0 0 0 0 0 0 0 0 0 0 0 0 0 0 0 0 0 0 0 0 0 0 0 0 0 0 0 0 0 0 0 0 0 0 0 0 0 0 0 0 0 0 0 0 0 0 0 0 0 0 0 0 0 0 159698831 0 0 0
ctxt 345851635
btime 1669654930
processes 467895
procs_running 1
procs_blocked 0
softirq 533837760 378901458 25256450 713232 26114039 343478 0 60021284 30485569 557 12001693

cpu  763096 33748 1283156 468166744 100722 0 1537771 0 0 0
cpu0 99054 9522 171690 117301688 27559 0 347362 0 0 0
cpu1 433957 10210 735575 116161683 20335 0 477990 0 0 0
cpu2 117666 2833 197707 117357726 27185 0 366669 0 0 0
cpu3 112418 11183 178182 117345645 25642 0 345748 0 0 0
intr 10540680249 0 0 2421982 81 0 609661 26275137 0 0 0 8321649 0 0 0 0 0 0 0 0 0 0 0 0 0 0 0 0 0 0 0 0 0 0 0 0 0 0 0 0 0 0 0 0 0 0 0 0 0 0 0 0 1207382463 0 0 0 0 0 0 0 0 533824 0 343538 0 0 0 0 0 0 0 0 0 0 0 531711759 1 0 0 0 0 0 0 0 0 0 0 0 0 0 0 0 0 0 0 0 0 0 0 335773 4219 0 0 0 0 13106715 0 0 0 0 0 0 0 0 0 0 0 0 0 0 0 0 0 0 0 0 0 0 0 0 0 0 0 0 0 0 0 0 0 0 0 0 0 0 0 0 0 0 0 0 0 0 0 0 0 0 0 0 0 0 0 0 0 0 0 0 0 0 0 0 0 0 0 0 0 0 0 0 0 0 0 159698856 0 0 0
ctxt 345851713
btime 1669654930
processes 467895
procs_running 1
procs_blocked 0
softirq 533837816 378901458 25256463 713232 26114040 343478 0 60021302 30485585 557 12001701

cpu  763096 33748 1283156 468166941 100722 0 1537771 0 0 0
cpu0 99054 9522 171690 117301737 27559 0 347362 0 0 0
cpu1 433957 10210 735575 116161733 20335 0 477990 0 0 0
cpu2 117666 2833 197707 117357775 27185 0 366669 0 0 0
cpu3 112418 11183 178183 117345694 25642 0 345748 0 0 0
intr 10540684553 0 0 2421982 81 0 609661 26275182 0 0 0 8321653 0 0 0 0 0 0 0 0 0 0 0 0 0 0 0 0 0 0 0 0 0 0 0 0 0 0 0 0 0 0 0 0 0 0 0 0 0 0 0 0 1207386494 0 0 0 0 0 0 0 0 533826 0 343538 0 0 0 0 0 0 0 0 0 0 0 531711911 1 0 0 0 0 0 0 0 0 0 0 0 0 0 0 0 0 0 0 0 0 0 0 335773 4219 0 0 0 0 13106752 0 0 0 0 0 0 0 0 0 0 0 0 0 0 0 0 0 0 0 0 0 0 0 0 0 0 0 0 0 0 0 0 0 0 0 0 0 0 0 0 0 0 0 0 0 0 0 0 0 0 0 0 0 0 0 0 0 0 0 0 0 0 0 0 0 0 0 0 0 0 0 0 0 0 0 159698889 0 0 0
ctxt 345851856
btime 1669654930
processes 467895
procs_running 1
procs_blocked 0
softirq 533837910 378901466 25256483 713232 26114042 343478 0 60021337 30485607 557 12001708

cpu  763096 33748 1283157 468167138 100722 0 1537771 0 0 0
cpu0 99054 9522 171690 117301787 27559 0 347362 0 0 0
cpu1 433957 10210 735575 116161782 20335 0 477990 0 0 0
cpu2 117666 2833 197707 117357824 27185 0 366669 0 0 0
cpu3 112418 11183 178184 117345743 25642 0 345748 0 0 0
intr 10540688757 0 0 2421982 81 0 609661 26275207 0 0 0 8321657 0 0 0 0 0 0 0 0 0 0 0 0 0 0 0 0 0 0 0 0 0 0 0 0 0 0 0 0 0 0 0 0 0 0 0 0 0 0 0 0 1207390491 0 0 0 0 0 0 0 0 533827 0 343538 0 0 0 0 0 0 0 0 0 0 0 531712041 1 0 0 0 0 0 0 0 0 0 0 0 0 0 0 0 0 0 0 0 0 0 0 335773 4219 0 0 0 0 13106772 0 0 0 0 0 0 0 0 0 0 0 0 0 0 0 0 0 0 0 0 0 0 0 0 0 0 0 0 0 0 0 0 0 0 0 0 0 0 0 0 0 0 0 0 0 0 0 0 0 0 0 0 0 0 0 0 0 0 0 0 0 0 0 0 0 0 0 0 0 0 0 0 0 0 0 159698917 0 0 0
ctxt 345851945
btime 1669654930
processes 467895
procs_running 1
procs_blocked 0
softirq 533837970 378901466 25256498 713232 26114043 343478 0 60021355 30485624 557 12001717

cpu  763096 33748 1283158 468167334 100722 0 1537771 0 0 0
cpu0 99054 9522 171690 117301836 27559 0 347362 0 0 0
cpu1 433957 10210 735575 116161831 20335 0 477990 0 0 0
cpu2 117666 2833 197707 117357873 27185 0 366669 0 0 0
cpu3 112418 11183 178184 117345792 25642 0 345748 0 0 0
intr 10540693014 0 0 2421983 81 0 609661 26275233 0 0 0 8321661 0 0 0 0 0 0 0 0 0 0 0 0 0 0 0 0 0 0 0 0 0 0 0 0 0 0 0 0 0 0 0 0 0 0 0 0 0 0 0 0 1207394510 0 0 0 0 0 0 0 0 533828 0 343538 0 0 0 0 0 0 0 0 0 0 0 531712193 1 0 0 0 0 0 0 0 0 0 0 0 0 0 0 0 0 0 0 0 0 0 0 335773 4219 0 0 0 0 13106792 0 0 0 0 0 0 0 0 0 0 0 0 0 0 0 0 0 0 0 0 0 0 0 0 0 0 0 0 0 0 0 0 0 0 0 0 0 0 0 0 0 0 0 0 0 0 0 0 0 0 0 0 0 0 0 0 0 0 0 0 0 0 0 0 0 0 0 0 0 0 0 0 0 0 0 159698949 0 0 0
ctxt 345852059
btime 1669654930
processes 467895
procs_running 1
procs_blocked 0
softirq 533838050 378901474 25256518 713233 26114044 343478 0 60021374 30485646 557 12001726

cpu  763096 33748 1283158 468167532 100722 0 1537771 0 0 0
cpu0 99054 9522 171690 117301885 27559 0 347362 0 0 0
cpu1 433957 10210 735575 116161881 20335 0 477990 0 0 0
cpu2 117666 2833 197707 117357923 27185 0 366669 0 0 0
cpu3 112418 11183 178184 117345841 25642 0 345748 0 0 0
intr 10540697211 0 0 2421983 81 0 609661 26275251 0 0 0 8321665 0 0 0 0 0 0 0 0 0 0 0 0 0 0 0 0 0 0 0 0 0 0 0 0 0 0 0 0 0 0 0 0 0 0 0 0 0 0 0 0 1207398515 0 0 0 0 0 0 0 0 533829 0 343538 0 0 0 0 0 0 0 0 0 0 0 531712323 1 0 0 0 0 0 0 0 0 0 0 0 0 0 0 0 0 0 0 0 0 0 0 335773 4219 0 0 0 0 13106807 0 0 0 0 0 0 0 0 0 0 0 0 0 0 0 0 0 0 0 0 0 0 0 0 0 0 0 0 0 0 0 0 0 0 0 0 0 0 0 0 0 0 0 0 0 0 0 0 0 0 0 0 0 0 0 0 0 0 0 0 0 0 0 0 0 0 0 0 0 0 0 0 0 0 0 159698974 0 0 0
ctxt 345852136
btime 1669654930
processes 467895
procs_running 1
procs_blocked 0
softirq 533838105 378901474 25256534 713233 26114045 343478 0 60021387 30485663 557 12001734

cpu  763097 33748 1283158 468167728 100722 0 1537771 0 0 0
cpu0 99054 9522 171690 117301935 27559 0 347362 0 0 0
cpu1 433957 10210 735575 116161930 20335 0 477990 0 0 0
cpu2 117666 2833 197707 117357972 27185 0 366669 0 0 0
cpu3 112419 11183 178184 117345890 25642 0 345748 0 0 0
intr 10540701459 0 0 2421983 81 0 609661 26275277 0 0 0 8321669 0 0 0 0 0 0 0 0 0 0 0 0 0 0 0 0 0 0 0 0 0 0 0 0 0 0 0 0 0 0 0 0 0 0 0 0 0 0 0 0 1207402534 0 0 0 0 0 0 0 0 533830 0 343538 0 0 0 0 0 0 0 0 0 0 0 531712475 1 0 0 0 0 0 0 0 0 0 0 0 0 0 0 0 0 0 0 0 0 0 0 335773 4219 0 0 0 0 13106822 0 0 0 0 0 0 0 0 0 0 0 0 0 0 0 0 0 0 0 0 0 0 0 0 0 0 0 0 0 0 0 0 0 0 0 0 0 0 0 0 0 0 0 0 0 0 0 0 0 0 0 0 0 0 0 0 0 0 0 0 0 0 0 0 0 0 0 0 0 0 0 0 0 0 0 159699005 0 0 0
ctxt 345852240
btime 1669654930
processes 467895
procs_running 1
procs_blocked 0
softirq 533838173 378901482 25256551 713233 26114046 343478 0 60021402 30485682 557 12001742

cpu  763097 33748 1283158 468167925 100722 0 1537771 0 0 0
cpu0 99054 9522 171690 117301984 27559 0 347362 0 0 0
cpu1 433957 10210 735575 116161979 20335 0 477990 0 0 0
cpu2 117666 2833 197707 117358022 27185 0 366669 0 0 0
cpu3 112419 11183 178184 117345939 25642 0 345748 0 0 0
intr 10540705664 0 0 2421983 81 0 609662 26275298 0 0 0 8321673 0 0 0 0 0 0 0 0 0 0 0 0 0 0 0 0 0 0 0 0 0 0 0 0 0 0 0 0 0 0 0 0 0 0 0 0 0 0 0 0 1207406539 0 0 0 0 0 0 0 0 533831 0 343538 0 0 0 0 0 0 0 0 0 0 0 531712605 1 0 0 0 0 0 0 0 0 0 0 0 0 0 0 0 0 0 0 0 0 0 0 335773 4219 0 0 0 0 13106837 0 0 0 0 0 0 0 0 0 0 0 0 0 0 0 0 0 0 0 0 0 0 0 0 0 0 0 0 0 0 0 0 0 0 0 0 0 0 0 0 0 0 0 0 0 0 0 0 0 0 0 0 0 0 0 0 0 0 0 0 0 0 0 0 0 0 0 0 0 0 0 0 0 0 0 159699033 0 0 0
ctxt 345852312
btime 1669654930
processes 467895
procs_running 1
procs_blocked 0
softirq 533838231 378901482 25256565 713233 26114047 343478 0 60021415 30485701 557 12001753

cpu  763097 33748 1283158 468168122 100722 0 1537771 0 0 0
cpu0 99054 9522 171690 117302034 27559 0 347362 0 0 0
cpu1 433957 10210 735575 116162028 20335 0 477990 0 0 0
cpu2 117666 2833 197707 117358071 27185 0 366669 0 0 0
cpu3 112419 11183 178184 117345988 25642 0 345748 0 0 0
intr 10540709914 0 0 2421984 81 0 609662 26275326 0 0 0 8321677 0 0 0 0 0 0 0 0 0 0 0 0 0 0 0 0 0 0 0 0 0 0 0 0 0 0 0 0 0 0 0 0 0 0 0 0 0 0 0 0 1207410559 0 0 0 0 0 0 0 0 533832 0 343538 0 0 0 0 0 0 0 0 0 0 0 531712757 1 0 0 0 0 0 0 0 0 0 0 0 0 0 0 0 0 0 0 0 0 0 0 335773 4219 0 0 0 0 13106852 0 0 0 0 0 0 0 0 0 0 0 0 0 0 0 0 0 0 0 0 0 0 0 0 0 0 0 0 0 0 0 0 0 0 0 0 0 0 0 0 0 0 0 0 0 0 0 0 0 0 0 0 0 0 0 0 0 0 0 0 0 0 0 0 0 0 0 0 0 0 0 0 0 0 0 159699063 0 0 0
ctxt 345852406
btime 1669654930
processes 467895
procs_running 1
procs_blocked 0
softirq 533838298 378901490 25256580 713233 26114048 343478 0 60021429 30485720 557 12001763

cpu  763097 33748 1283159 468168320 100722 0 1537771 0 0 0
cpu0 99054 9522 171690 117302083 27559 0 347362 0 0 0
cpu1 433957 10210 735576 116162078 20335 0 477990 0 0 0
cpu2 117666 2833 197707 117358120 27185 0 366669 0 0 0
cpu3 112419 11183 178184 117346037 25642 0 345748 0 0 0
intr 10540714137 0 0 2421984 81 0 609662 26275353 0 0 0 8321681 0 0 0 0 0 0 0 0 0 0 0 0 0 0 0 0 0 0 0 0 0 0 0 0 0 0 0 0 0 0 0 0 0 0 0 0 0 0 0 0 1207414564 0 0 0 0 0 0 0 0 533833 0 343538 0 0 0 0 0 0 0 0 0 0 0 531712887 1 0 0 0 0 0 0 0 0 0 0 0 0 0 0 0 0 0 0 0 0 0 0 335773 4219 0 0 0 0 13106876 0 0 0 0 0 0 0 0 0 0 0 0 0 0 0 0 0 0 0 0 0 0 0 0 0 0 0 0 0 0 0 0 0 0 0 0 0 0 0 0 0 0 0 0 0 0 0 0 0 0 0 0 0 0 0 0 0 0 0 0 0 0 0 0 0 0 0 0 0 0 0 0 0 0 0 159699093 0 0 0
ctxt 345852501
btime 1669654930
processes 467895
procs_running 1
procs_blocked 0
softirq 533838363 378901490 25256594 713233 26114049 343478 0 60021449 30485740 557 12001773

cpu  763097 33748 1283159 468168516 100722 0 1537771 0 0 0
cpu0 99054 9522 171690 117302133 27559 0 347362 0 0 0
cpu1 433957 10210 735576 116162127 20335 0 477990 0 0 0
cpu2 117666 2833 197707 117358170 27185 0 366669 0 0 0
cpu3 112419 11183 178184 117346086 25642 0 345748 0 0 0
intr 10540718398 0 0 2421984 81 0 609662 26275389 0 0 0 8321685 0 0 0 0 0 0 0 0 0 0 0 0 0 0 0 0 0 0 0 0 0 0 0 0 0 0 0 0 0 0 0 0 0 0 0 0 0 0 0 0 1207418584 0 0 0 0 0 0 0 0 533834 0 343538 0 0 0 0 0 0 0 0 0 0 0 531713037 1 0 0 0 0 0 0 0 0 0 0 0 0 0 0 0 0 0 0 0 0 0 0 335773 4219 0 0 0 0 13106896 0 0 0 0 0 0 0 0 0 0 0 0 0 0 0 0 0 0 0 0 0 0 0 0 0 0 0 0 0 0 0 0 0 0 0 0 0 0 0 0 0 0 0 0 0 0 0 0 0 0 0 0 0 0 0 0 0 0 0 0 0 0 0 0 0 0 0 0 0 0 0 0 0 0 0 159699124 0 0 0
ctxt 345852609
btime 1669654930
processes 467895
procs_running 1
procs_blocked 0
softirq 533838440 378901498 25256611 713233 26114050 343478 0 60021469 30485760 557 12001784

cpu  763097 33748 1283159 468168713 100722 0 1537771 0 0 0
cpu0 99054 9522 171690 117302182 27559 0 347362 0 0 0
cpu1 433957 10210 735576 116162176 20335 0 477990 0 0 0
cpu2 117666 2833 197707 117358219 27185 0 366669 0 0 0
cpu3 112419 11183 178184 117346135 25642 0 345748 0 0 0
intr 10540722608 0 0 2421984 81 0 609662 26275416 0 0 0 8321689 0 0 0 0 0 0 0 0 0 0 0 0 0 0 0 0 0 0 0 0 0 0 0 0 0 0 0 0 0 0 0 0 0 0 0 0 0 0 0 0 1207422581 0 0 0 0 0 0 0 0 533835 0 343538 0 0 0 0 0 0 0 0 0 0 0 531713167 1 0 0 0 0 0 0 0 0 0 0 0 0 0 0 0 0 0 0 0 0 0 0 335773 4219 0 0 0 0 13106916 0 0 0 0 0 0 0 0 0 0 0 0 0 0 0 0 0 0 0 0 0 0 0 0 0 0 0 0 0 0 0 0 0 0 0 0 0 0 0 0 0 0 0 0 0 0 0 0 0 0 0 0 0 0 0 0 0 0 0 0 0 0 0 0 0 0 0 0 0 0 0 0 0 0 0 159699156 0 0 0
ctxt 345852700
btime 1669654930
processes 467895
procs_running 1
procs_blocked 0
softirq 533838502 378901498 25256626 713233 26114051 343478 0 60021487 30485778 557 12001794

cpu  763097 33748 1283160 468168910 100722 0 1537771 0 0 0
cpu0 99054 9522 171690 117302231 27559 0 347362 0 0 0
cpu1 433957 10210 735576 116162225 20335 0 477990 0 0 0
cpu2 117666 2833 197708 117358268 27185 0 366669 0 0 0
cpu3 112419 11183 178184 117346184 25642 0 345748 0 0 0
intr 10540726865 0 0 2421985 81 0 609662 26275441 0 0 0 8321693 0 0 0 0 0 0 0 0 0 0 0 0 0 0 0 0 0 0 0 0 0 0 0 0 0 0 0 0 0 0 0 0 0 0 0 0 0 0 0 0 1207426608 0 0 0 0 0 0 0 0 533836 0 343538 0 0 0 0 0 0 0 0 0 0 0 531713319 1 0 0 0 0 0 0 0 0 0 0 0 0 0 0 0 0 0 0 0 0 0 0 335773 4219 0 0 0 0 13106931 0 0 0 0 0 0 0 0 0 0 0 0 0 0 0 0 0 0 0 0 0 0 0 0 0 0 0 0 0 0 0 0 0 0 0 0 0 0 0 0 0 0 0 0 0 0 0 0 0 0 0 0 0 0 0 0 0 0 0 0 0 0 0 0 0 0 0 0 0 0 0 0 0 0 0 159699187 0 0 0
ctxt 345852796
btime 1669654930
processes 467895
procs_running 1
procs_blocked 0
softirq 533838570 378901506 25256641 713233 26114052 343478 0 60021501 30485797 557 12001805

cpu  763097 33748 1283160 468169107 100722 0 1537771 0 0 0
cpu0 99054 9522 171690 117302281 27559 0 347362 0 0 0
cpu1 433957 10210 735577 116162275 20335 0 477990 0 0 0
cpu2 117666 2833 197708 117358317 27185 0 366669 0 0 0
cpu3 112419 11183 178184 117346233 25642 0 345748 0 0 0
intr 10540731057 0 0 2421985 81 0 609662 26275461 0 0 0 8321697 0 0 0 0 0 0 0 0 0 0 0 0 0 0 0 0 0 0 0 0 0 0 0 0 0 0 0 0 0 0 0 0 0 0 0 0 0 0 0 0 1207430605 0 0 0 0 0 0 0 0 533837 0 343538 0 0 0 0 0 0 0 0 0 0 0 531713449 1 0 0 0 0 0 0 0 0 0 0 0 0 0 0 0 0 0 0 0 0 0 0 335773 4219 0 0 0 0 13106946 0 0 0 0 0 0 0 0 0 0 0 0 0 0 0 0 0 0 0 0 0 0 0 0 0 0 0 0 0 0 0 0 0 0 0 0 0 0 0 0 0 0 0 0 0 0 0 0 0 0 0 0 0 0 0 0 0 0 0 0 0 0 0 0 0 0 0 0 0 0 0 0 0 0 0 159699214 0 0 0
ctxt 345852876
btime 1669654930
processes 467895
procs_running 1
procs_blocked 0
softirq 533838621 378901506 25256653 713233 26114053 343478 0 60021514 30485811 557 12001816

cpu  763097 33748 1283160 468169305 100722 0 1537771 0 0 0
cpu0 99054 9522 171690 117302330 27559 0 347362 0 0 0
cpu1 433957 10210 735577 116162324 20335 0 477990 0 0 0
cpu2 117666 2833 197708 117358367 27185 0 366669 0 0 0
cpu3 112419 11183 178184 117346282 25642 0 345748 0 0 0
intr 10540735321 0 0 2421985 81 0 609662 26275490 0 0 0 8321702 0 0 0 0 0 0 0 0 0 0 0 0 0 0 0 0 0 0 0 0 0 0 0 0 0 0 0 0 0 0 0 0 0 0 0 0 0 0 0 0 1207434633 0 0 0 0 0 0 0 0 533838 0 343538 0 0 0 0 0 0 0 0 0 0 0 531713601 1 0 0 0 0 0 0 0 0 0 0 0 0 0 0 0 0 0 0 0 0 0 0 335773 4219 0 0 0 0 13106961 0 0 0 0 0 0 0 0 0 0 0 0 0 0 0 0 0 0 0 0 0 0 0 0 0 0 0 0 0 0 0 0 0 0 0 0 0 0 0 0 0 0 0 0 0 0 0 0 0 0 0 0 0 0 0 0 0 0 0 0 0 0 0 0 0 0 0 0 0 0 0 0 0 0 0 159699246 0 0 0
ctxt 345852978
btime 1669654930
processes 467895
procs_running 1
procs_blocked 0
softirq 533838695 378901514 25256670 713234 26114054 343478 0 60021529 30485832 557 12001827

cpu  763098 33748 1283160 468169501 100722 0 1537771 0 0 0
cpu0 99054 9522 171690 117302380 27559 0 347362 0 0 0
cpu1 433957 10210 735577 116162373 20335 0 477990 0 0 0
cpu2 117666 2833 197708 117358416 27185 0 366669 0 0 0
cpu3 112420 11183 178184 117346331 25642 0 345748 0 0 0
intr 10540739540 0 0 2421985 81 0 609662 26275522 0 0 0 8321705 0 0 0 0 0 0 0 0 0 0 0 0 0 0 0 0 0 0 0 0 0 0 0 0 0 0 0 0 0 0 0 0 0 0 0 0 0 0 0 0 1207438631 0 0 0 0 0 0 0 0 533839 0 343538 0 0 0 0 0 0 0 0 0 0 0 531713731 1 0 0 0 0 0 0 0 0 0 0 0 0 0 0 0 0 0 0 0 0 0 0 335773 4219 0 0 0 0 13106985 0 0 0 0 0 0 0 0 0 0 0 0 0 0 0 0 0 0 0 0 0 0 0 0 0 0 0 0 0 0 0 0 0 0 0 0 0 0 0 0 0 0 0 0 0 0 0 0 0 0 0 0 0 0 0 0 0 0 0 0 0 0 0 0 0 0 0 0 0 0 0 0 0 0 0 159699277 0 0 0
ctxt 345853077
btime 1669654930
processes 467895
procs_running 1
procs_blocked 0
softirq 533838763 378901514 25256685 713234 26114056 343478 0 60021550 30485851 557 12001838

cpu  763098 33748 1283160 468169698 100722 0 1537771 0 0 0
cpu0 99054 9522 171690 117302429 27559 0 347362 0 0 0
cpu1 433957 10210 735577 116162422 20335 0 477990 0 0 0
cpu2 117666 2833 197708 117358465 27185 0 366669 0 0 0
cpu3 112420 11183 178184 117346380 25642 0 345748 0 0 0
intr 10540743816 0 0 2421986 81 0 609662 26275557 0 0 0 8321709 0 0 0 0 0 0 0 0 0 0 0 0 0 0 0 0 0 0 0 0 0 0 0 0 0 0 0 0 0 0 0 0 0 0 0 0 0 0 0 0 1207442650 0 0 0 0 0 0 0 0 533840 0 343538 0 0 0 0 0 0 0 0 0 0 0 531713883 1 0 0 0 0 0 0 0 0 0 0 0 0 0 0 0 0 0 0 0 0 0 0 335773 4219 0 0 0 0 13107009 0 0 0 0 0 0 0 0 0 0 0 0 0 0 0 0 0 0 0 0 0 0 0 0 0 0 0 0 0 0 0 0 0 0 0 0 0 0 0 0 0 0 0 0 0 0 0 0 0 0 0 0 0 0 0 0 0 0 0 0 0 0 0 0 0 0 0 0 0 0 0 0 0 0 0 159699318 0 0 0
ctxt 345853198
btime 1669654930
processes 467895
procs_running 1
procs_blocked 0
softirq 533838849 378901522 25256704 713234 26114057 343478 0 60021573 30485875 557 12001849

cpu  763098 33748 1283161 468169895 100722 0 1537771 0 0 0
cpu0 99054 9522 171690 117302478 27559 0 347362 0 0 0
cpu1 433957 10210 735577 116162472 20335 0 477990 0 0 0
cpu2 117666 2833 197708 117358515 27185 0 366669 0 0 0
cpu3 112420 11183 178184 117346429 25642 0 345748 0 0 0
intr 10540748054 0 0 2421986 81 0 609662 26275591 0 0 0 8321713 0 0 0 0 0 0 0 0 0 0 0 0 0 0 0 0 0 0 0 0 0 0 0 0 0 0 0 0 0 0 0 0 0 0 0 0 0 0 0 0 1207446655 0 0 0 0 0 0 0 0 533841 0 343538 0 0 0 0 0 0 0 0 0 0 0 531714013 1 0 0 0 0 0 0 0 0 0 0 0 0 0 0 0 0 0 0 0 0 0 0 335773 4219 0 0 0 0 13107041 0 0 0 0 0 0 0 0 0 0 0 0 0 0 0 0 0 0 0 0 0 0 0 0 0 0 0 0 0 0 0 0 0 0 0 0 0 0 0 0 0 0 0 0 0 0 0 0 0 0 0 0 0 0 0 0 0 0 0 0 0 0 0 0 0 0 0 0 0 0 0 0 0 0 0 159699349 0 0 0
ctxt 345853307
btime 1669654930
processes 467895
procs_running 1
procs_blocked 0
softirq 533838926 378901522 25256721 713234 26114059 343478 0 60021599 30485896 557 12001860

cpu  763098 33748 1283161 468170092 100722 0 1537771 0 0 0
cpu0 99054 9522 171690 117302528 27559 0 347362 0 0 0
cpu1 433957 10210 735577 116162521 20335 0 477990 0 0 0
cpu2 117666 2833 197708 117358564 27185 0 366669 0 0 0
cpu3 112420 11183 178184 117346478 25642 0 345748 0 0 0
intr 10540752305 0 0 2421986 81 0 609662 26275617 0 0 0 8321718 0 0 0 0 0 0 0 0 0 0 0 0 0 0 0 0 0 0 0 0 0 0 0 0 0 0 0 0 0 0 0 0 0 0 0 0 0 0 0 0 1207450676 0 0 0 0 0 0 0 0 533842 0 343538 0 0 0 0 0 0 0 0 0 0 0 531714165 1 0 0 0 0 0 0 0 0 0 0 0 0 0 0 0 0 0 0 0 0 0 0 335773 4219 0 0 0 0 13107056 0 0 0 0 0 0 0 0 0 0 0 0 0 0 0 0 0 0 0 0 0 0 0 0 0 0 0 0 0 0 0 0 0 0 0 0 0 0 0 0 0 0 0 0 0 0 0 0 0 0 0 0 0 0 0 0 0 0 0 0 0 0 0 0 0 0 0 0 0 0 0 0 0 0 0 159699381 0 0 0
ctxt 345853409
btime 1669654930
processes 467895
procs_running 1
procs_blocked 0
softirq 533838991 378901530 25256735 713234 26114060 343478 0 60021615 30485912 557 12001870

cpu  763098 33748 1283161 468170289 100722 0 1537771 0 0 0
cpu0 99054 9522 171690 117302577 27559 0 347362 0 0 0
cpu1 433957 10210 735578 116162570 20335 0 477990 0 0 0
cpu2 117666 2833 197708 117358613 27185 0 366669 0 0 0
cpu3 112420 11183 178184 117346528 25642 0 345748 0 0 0
intr 10540756552 0 0 2421990 81 0 609662 26275653 0 0 0 8321722 0 0 0 0 0 0 0 0 0 0 0 0 0 0 0 0 0 0 0 0 0 0 0 0 0 0 0 0 0 0 0 0 0 0 0 0 0 0 0 0 1207454681 0 0 0 0 0 0 0 0 533843 0 343538 0 0 0 0 0 0 0 0 0 0 0 531714295 1 0 0 0 0 0 0 0 0 0 0 0 0 0 0 0 0 0 0 0 0 0 0 335773 4219 0 0 0 0 13107088 0 0 0 0 0 0 0 0 0 0 0 0 0 0 0 0 0 0 0 0 0 0 0 0 0 0 0 0 0 0 0 0 0 0 0 0 0 0 0 0 0 0 0 0 0 0 0 0 0 0 0 0 0 0 0 0 0 0 0 0 0 0 0 0 0 0 0 0 0 0 0 0 0 0 0 159699415 0 0 0
ctxt 345853526
btime 1669654930
processes 467895
procs_running 1
procs_blocked 0
softirq 533839064 378901530 25256749 713234 26114062 343478 0 60021642 30485932 557 12001880

cpu  763098 33748 1283162 468170486 100722 0 1537772 0 0 0
cpu0 99054 9522 171690 117302627 27559 0 347362 0 0 0
cpu1 433957 10210 735578 116162618 20335 0 477990 0 0 0
cpu2 117666 2833 197708 117358662 27185 0 366670 0 0 0
cpu3 112420 11183 178184 117346577 25642 0 345748 0 0 0
intr 10540760836 0 0 2421991 81 0 609662 26275691 0 0 0 8321726 0 0 0 0 0 0 0 0 0 0 0 0 0 0 0 0 0 0 0 0 0 0 0 0 0 0 0 0 0 0 0 0 0 0 0 0 0 0 0 0 1207458699 0 0 0 0 0 0 0 0 533844 0 343538 0 0 0 0 0 0 0 0 0 0 0 531714447 1 0 0 0 0 0 0 0 0 0 0 0 0 0 0 0 0 0 0 0 0 0 0 335773 4219 0 0 0 0 13107120 0 0 0 0 0 0 0 0 0 0 0 0 0 0 0 0 0 0 0 0 0 0 0 0 0 0 0 0 0 0 0 0 0 0 0 0 0 0 0 0 0 0 0 0 0 0 0 0 0 0 0 0 0 0 0 0 0 0 0 0 0 0 0 0 0 0 0 0 0 0 0 0 0 0 0 159699452 0 0 0
ctxt 345853665
btime 1669654930
processes 467895
procs_running 1
procs_blocked 0
softirq 533839154 378901538 25256766 713234 26114064 343478 0 60021671 30485956 557 12001890

cpu  763098 33748 1283162 468170683 100722 0 1537772 0 0 0
cpu0 99054 9522 171690 117302676 27559 0 347362 0 0 0
cpu1 433957 10210 735578 116162668 20335 0 477990 0 0 0
cpu2 117666 2833 197708 117358711 27185 0 366670 0 0 0
cpu3 112420 11183 178184 117346626 25642 0 345748 0 0 0
intr 10540765073 0 0 2421991 81 0 609662 26275725 0 0 0 8321730 0 0 0 0 0 0 0 0 0 0 0 0 0 0 0 0 0 0 0 0 0 0 0 0 0 0 0 0 0 0 0 0 0 0 0 0 0 0 0 0 1207462704 0 0 0 0 0 0 0 0 533845 0 343538 0 0 0 0 0 0 0 0 0 0 0 531714577 1 0 0 0 0 0 0 0 0 0 0 0 0 0 0 0 0 0 0 0 0 0 0 335773 4219 0 0 0 0 13107152 0 0 0 0 0 0 0 0 0 0 0 0 0 0 0 0 0 0 0 0 0 0 0 0 0 0 0 0 0 0 0 0 0 0 0 0 0 0 0 0 0 0 0 0 0 0 0 0 0 0 0 0 0 0 0 0 0 0 0 0 0 0 0 0 0 0 0 0 0 0 0 0 0 0 0 159699484 0 0 0
ctxt 345853787
btime 1669654930
processes 467895
procs_running 1
procs_blocked 0
softirq 533839225 378901538 25256780 713234 26114066 343478 0 60021698 30485973 557 12001901

cpu  763098 33748 1283162 468170879 100722 0 1537772 0 0 0
cpu0 99054 9522 171690 117302725 27559 0 347362 0 0 0
cpu1 433957 10210 735578 116162717 20335 0 477990 0 0 0
cpu2 117666 2833 197708 117358760 27185 0 366670 0 0 0
cpu3 112420 11183 178184 117346675 25642 0 345748 0 0 0
intr 10540769320 0 0 2421991 81 0 609662 26275752 0 0 0 8321733 0 0 0 0 0 0 0 0 0 0 0 0 0 0 0 0 0 0 0 0 0 0 0 0 0 0 0 0 0 0 0 0 0 0 0 0 0 0 0 0 1207466725 0 0 0 0 0 0 0 0 533846 0 343538 0 0 0 0 0 0 0 0 0 0 0 531714729 1 0 0 0 0 0 0 0 0 0 0 0 0 0 0 0 0 0 0 0 0 0 0 335773 4219 0 0 0 0 13107167 0 0 0 0 0 0 0 0 0 0 0 0 0 0 0 0 0 0 0 0 0 0 0 0 0 0 0 0 0 0 0 0 0 0 0 0 0 0 0 0 0 0 0 0 0 0 0 0 0 0 0 0 0 0 0 0 0 0 0 0 0 0 0 0 0 0 0 0 0 0 0 0 0 0 0 159699512 0 0 0
ctxt 345853884
btime 1669654930
processes 467895
procs_running 1
procs_blocked 0
softirq 533839294 378901546 25256794 713234 26114067 343478 0 60021714 30485991 557 12001913

cpu  763098 33748 1283162 468171070 100722 0 1537777 0 0 0
cpu0 99054 9522 171690 117302773 27559 0 347363 0 0 0
cpu1 433957 10210 735578 116162764 20335 0 477992 0 0 0
cpu2 117666 2833 197708 117358808 27185 0 366671 0 0 0
cpu3 112420 11183 178184 117346723 25642 0 345749 0 0 0
intr 10540774731 0 0 2421995 81 0 609662 26275795 0 0 0 8321737 0 0 0 0 0 0 0 0 0 0 0 0 0 0 0 0 0 0 0 0 0 0 0 0 0 0 0 0 0 0 0 0 0 0 0 0 0 0 0 0 1207471209 0 0 0 0 0 0 0 0 533847 0 343538 0 0 0 0 0 0 0 0 0 0 0 531715329 1 0 0 0 0 0 0 0 0 0 0 0 0 0 0 0 0 0 0 0 0 0 0 335773 4219 0 0 0 0 13107199 0 0 0 0 0 0 0 0 0 0 0 0 0 0 0 0 0 0 0 0 0 0 0 0 0 0 0 0 0 0 0 0 0 0 0 0 0 0 0 0 0 0 0 0 0 0 0 0 0 0 0 0 0 0 0 0 0 0 0 0 0 0 0 0 0 0 0 0 0 0 0 0 0 0 0 159699755 0 0 0
ctxt 345854077
btime 1669654930
processes 467895
procs_running 1
procs_blocked 0
softirq 533841087 378902019 25256838 713234 26114538 343478 0 60022234 30486118 557 12002071

cpu  763098 33748 1283163 468171261 100722 0 1537782 0 0 0
cpu0 99054 9522 171690 117302821 27559 0 347364 0 0 0
cpu1 433957 10210 735578 116162812 20335 0 477994 0 0 0
cpu2 117666 2833 197708 117358856 27185 0 366672 0 0 0
cpu3 112420 11183 178185 117346771 25642 0 345750 0 0 0
intr 10540780030 0 0 2421996 81 0 609662 26275842 0 0 0 8321742 0 0 0 0 0 0 0 0 0 0 0 0 0 0 0 0 0 0 0 0 0 0 0 0 0 0 0 0 0 0 0 0 0 0 0 0 0 0 0 0 1207475642 0 0 0 0 0 0 0 0 533848 0 343538 0 0 0 0 0 0 0 0 0 0 0 531715865 1 0 0 0 0 0 0 0 0 0 0 0 0 0 0 0 0 0 0 0 0 0 0 335773 4219 0 0 0 0 13107231 0 0 0 0 0 0 0 0 0 0 0 0 0 0 0 0 0 0 0 0 0 0 0 0 0 0 0 0 0 0 0 0 0 0 0 0 0 0 0 0 0 0 0 0 0 0 0 0 0 0 0 0 0 0 0 0 0 0 0 0 0 0 0 0 0 0 0 0 0 0 0 0 0 0 0 159699999 0 0 0
ctxt 345854287
btime 1669654930
processes 467895
procs_running 1
procs_blocked 0
softirq 533842618 378902411 25256880 713234 26114924 343478 0 60022670 30486248 557 12002216

cpu  763098 33748 1283164 468171452 100722 0 1537786 0 0 0
cpu0 99054 9522 171690 117302869 27559 0 347364 0 0 0
cpu1 433957 10210 735578 116162859 20335 0 477995 0 0 0
cpu2 117666 2833 197709 117358903 27185 0 366674 0 0 0
cpu3 112420 11183 178185 117346819 25642 0 345751 0 0 0
intr 10540785408 0 0 2421996 81 0 609662 26275879 0 0 0 8321746 0 0 0 0 0 0 0 0 0 0 0 0 0 0 0 0 0 0 0 0 0 0 0 0 0 0 0 0 0 0 0 0 0 0 0 0 0 0 0 0 1207480107 0 0 0 0 0 0 0 0 533849 0 343538 0 0 0 0 0 0 0 0 0 0 0 531716443 1 0 0 0 0 0 0 0 0 0 0 0 0 0 0 0 0 0 0 0 0 0 0 335773 4219 0 0 0 0 13107263 0 0 0 0 0 0 0 0 0 0 0 0 0 0 0 0 0 0 0 0 0 0 0 0 0 0 0 0 0 0 0 0 0 0 0 0 0 0 0 0 0 0 0 0 0 0 0 0 0 0 0 0 0 0 0 0 0 0 0 0 0 0 0 0 0 0 0 0 0 0 0 0 0 0 0 159700260 0 0 0
ctxt 345854484
btime 1669654930
processes 467895
procs_running 2
procs_blocked 0
softirq 533844360 378902862 25256928 713234 26115373 343478 0 60023173 30486390 557 12002365

cpu  763098 33748 1283164 468171644 100722 0 1537790 0 0 0
cpu0 99054 9522 171690 117302917 27559 0 347364 0 0 0
cpu1 433957 10210 735579 116162907 20335 0 477997 0 0 0
cpu2 117666 2833 197709 117358951 27185 0 366676 0 0 0
cpu3 112420 11183 178185 117346867 25642 0 345752 0 0 0
intr 10540790739 0 0 2422000 81 0 609662 26275924 0 0 0 8321751 0 0 0 0 0 0 0 0 0 0 0 0 0 0 0 0 0 0 0 0 0 0 0 0 0 0 0 0 0 0 0 0 0 0 0 0 0 0 0 0 1207484528 0 0 0 0 0 0 0 0 533850 0 343538 0 0 0 0 0 0 0 0 0 0 0 531716976 1 0 0 0 0 0 0 0 0 0 0 0 0 0 0 0 0 0 0 0 0 0 0 335773 4219 0 0 0 0 13107295 0 0 0 0 0 0 0 0 0 0 0 0 0 0 0 0 0 0 0 0 0 0 0 0 0 0 0 0 0 0 0 0 0 0 0 0 0 0 0 0 0 0 0 0 0 0 0 0 0 0 0 0 0 0 0 0 0 0 0 0 0 0 0 0 0 0 0 0 0 0 0 0 0 0 0 159700550 0 0 0
ctxt 345854715
btime 1669654930
processes 467895
procs_running 1
procs_blocked 0
softirq 533845918 378903254 25256979 713235 26115759 343478 0 60023601 30486543 557 12002512

cpu  763098 33748 1283165 468171835 100722 0 1537794 0 0 0
cpu0 99054 9522 171690 117302965 27559 0 347366 0 0 0
cpu1 433957 10210 735580 116162954 20335 0 477998 0 0 0
cpu2 117666 2833 197709 117358999 27185 0 366676 0 0 0
cpu3 112420 11183 178185 117346915 25642 0 345753 0 0 0
intr 10540795995 0 0 2422004 81 0 609662 26275970 0 0 0 8321756 0 0 0 0 0 0 0 0 0 0 0 0 0 0 0 0 0 0 0 0 0 0 0 0 0 0 0 0 0 0 0 0 0 0 0 0 0 0 0 0 1207488925 0 0 0 0 0 0 0 0 533851 0 343538 0 0 0 0 0 0 0 0 0 0 0 531717489 1 0 0 0 0 0 0 0 0 0 0 0 0 0 0 0 0 0 0 0 0 0 0 335773 4219 0 0 0 0 13107327 0 0 0 0 0 0 0 0 0 0 0 0 0 0 0 0 0 0 0 0 0 0 0 0 0 0 0 0 0 0 0 0 0 0 0 0 0 0 0 0 0 0 0 0 0 0 0 0 0 0 0 0 0 0 0 0 0 0 0 0 0 0 0 0 0 0 0 0 0 0 0 0 0 0 0 159700808 0 0 0
ctxt 345854918
btime 1669654930
processes 467895
procs_running 1
procs_blocked 0
softirq 533847442 378903638 25257022 713235 26116145 343478 0 60024033 30486678 557 12002656

cpu  763098 33748 1283165 468172026 100722 0 1537799 0 0 0
cpu0 99054 9522 171690 117303013 27559 0 347367 0 0 0
cpu1 433957 10210 735580 116163002 20335 0 478000 0 0 0
cpu2 117666 2833 197709 117359046 27185 0 366678 0 0 0
cpu3 112420 11183 178185 117346963 25642 0 345753 0 0 0
intr 10540801376 0 0 2422009 81 0 609662 26276010 0 0 0 8321760 0 0 0 0 0 0 0 0 0 0 0 0 0 0 0 0 0 0 0 0 0 0 0 0 0 0 0 0 0 0 0 0 0 0 0 0 0 0 0 0 1207493385 0 0 0 0 0 0 0 0 533852 0 343538 0 0 0 0 0 0 0 0 0 0 0 531718065 1 0 0 0 0 0 0 0 0 0 0 0 0 0 0 0 0 0 0 0 0 0 0 335773 4219 0 0 0 0 13107359 0 0 0 0 0 0 0 0 0 0 0 0 0 0 0 0 0 0 0 0 0 0 0 0 0 0 0 0 0 0 0 0 0 0 0 0 0 0 0 0 0 0 0 0 0 0 0 0 0 0 0 0 0 0 0 0 0 0 0 0 0 0 0 0 0 0 0 0 0 0 0 0 0 0 0 159701071 0 0 0
ctxt 345855114
btime 1669654930
processes 467895
procs_running 1
procs_blocked 0
softirq 533849173 378904086 25257067 713235 26116595 343478 0 60024530 30486818 557 12002807

cpu  763098 33748 1283165 468172218 100722 0 1537803 0 0 0
cpu0 99054 9522 171690 117303061 27559 0 347367 0 0 0
cpu1 433957 10210 735580 116163050 20335 0 478001 0 0 0
cpu2 117666 2833 197709 117359094 27185 0 366680 0 0 0
cpu3 112420 11183 178185 117347011 25642 0 345754 0 0 0
intr 10540806613 0 0 2422009 81 0 609662 26276042 0 0 0 8321765 0 0 0 0 0 0 0 0 0 0 0 0 0 0 0 0 0 0 0 0 0 0 0 0 0 0 0 0 0 0 0 0 0 0 0 0 0 0 0 0 1207497816 0 0 0 0 0 0 0 0 533853 0 343538 0 0 0 0 0 0 0 0 0 0 0 531718599 1 0 0 0 0 0 0 0 0 0 0 0 0 0 0 0 0 0 0 0 0 0 0 335773 4219 0 0 0 0 13107374 0 0 0 0 0 0 0 0 0 0 0 0 0 0 0 0 0 0 0 0 0 0 0 0 0 0 0 0 0 0 0 0 0 0 0 0 0 0 0 0 0 0 0 0 0 0 0 0 0 0 0 0 0 0 0 0 0 0 0 0 0 0 0 0 0 0 0 0 0 0 0 0 0 0 0 159701289 0 0 0
ctxt 345855278
btime 1669654930
processes 467895
procs_running 1
procs_blocked 0
softirq 533850667 378904478 25257106 713235 26116980 343478 0 60024951 30486933 557 12002949

cpu  763098 33748 1283165 468172409 100722 0 1537807 0 0 0
cpu0 99054 9522 171690 117303109 27559 0 347368 0 0 0
cpu1 433957 10210 735580 116163098 20335 0 478002 0 0 0
cpu2 117666 2833 197709 117359142 27185 0 366680 0 0 0
cpu3 112420 11183 178185 117347060 25642 0 345755 0 0 0
intr 10540811801 0 0 2422009 81 0 609662 26276067 0 0 0 8321769 0 0 0 0 0 0 0 0 0 0 0 0 0 0 0 0 0 0 0 0 0 0 0 0 0 0 0 0 0 0 0 0 0 0 0 0 0 0 0 0 1207502235 0 0 0 0 0 0 0 0 533854 0 343538 0 0 0 0 0 0 0 0 0 0 0 531719130 1 0 0 0 0 0 0 0 0 0 0 0 0 0 0 0 0 0 0 0 0 0 0 335773 4219 0 0 0 0 13107389 0 0 0 0 0 0 0 0 0 0 0 0 0 0 0 0 0 0 0 0 0 0 0 0 0 0 0 0 0 0 0 0 0 0 0 0 0 0 0 0 0 0 0 0 0 0 0 0 0 0 0 0 0 0 0 0 0 0 0 0 0 0 0 0 0 0 0 0 0 0 0 0 0 0 0 159701488 0 0 0
ctxt 345855431
btime 1669654930
processes 467895
procs_running 1
procs_blocked 0
softirq 533852198 378904881 25257145 713235 26117383 343478 0 60025387 30487042 557 12003090

cpu  763098 33748 1283166 468172600 100722 0 1537811 0 0 0
cpu0 99054 9522 171690 117303156 27559 0 347369 0 0 0
cpu1 433957 10210 735581 116163145 20335 0 478003 0 0 0
cpu2 117666 2833 197709 117359190 27185 0 366682 0 0 0
cpu3 112420 11183 178185 117347107 25642 0 345756 0 0 0
intr 10540817170 0 0 2422013 81 0 609662 26276108 0 0 0 8321774 0 0 0 0 0 0 0 0 0 0 0 0 0 0 0 0 0 0 0 0 0 0 0 0 0 0 0 0 0 0 0 0 0 0 0 0 0 0 0 0 1207506698 0 0 0 0 0 0 0 0 533855 0 343538 0 0 0 0 0 0 0 0 0 0 0 531719707 1 0 0 0 0 0 0 0 0 0 0 0 0 0 0 0 0 0 0 0 0 0 0 335773 4219 0 0 0 0 13107417 0 0 0 0 0 0 0 0 0 0 0 0 0 0 0 0 0 0 0 0 0 0 0 0 0 0 0 0 0 0 0 0 0 0 0 0 0 0 0 0 0 0 0 0 0 0 0 0 0 0 0 0 0 0 0 0 0 0 0 0 0 0 0 0 0 0 0 0 0 0 0 0 0 0 0 159701733 0 0 0
ctxt 345855635
btime 1669654930
processes 467895
procs_running 1
procs_blocked 0
softirq 533853864 378905318 25257186 713235 26117813 343478 0 60025865 30487167 557 12003245

cpu  763098 33748 1283167 468172792 100722 0 1537815 0 0 0
cpu0 99054 9522 171690 117303204 27559 0 347370 0 0 0
cpu1 433957 10210 735581 116163193 20335 0 478004 0 0 0
cpu2 117666 2833 197709 117359238 27185 0 366684 0 0 0
cpu3 112420 11183 178185 117347156 25642 0 345756 0 0 0
intr 10540822339 0 0 2422018 81 0 609662 26276138 0 0 0 8321778 0 0 0 0 0 0 0 0 0 0 0 0 0 0 0 0 0 0 0 0 0 0 0 0 0 0 0 0 0 0 0 0 0 0 0 0 0 0 0 0 1207511090 0 0 0 0 0 0 0 0 533856 0 343538 0 0 0 0 0 0 0 0 0 0 0 531720217 1 0 0 0 0 0 0 0 0 0 0 0 0 0 0 0 0 0 0 0 0 0 0 335773 4219 0 0 0 0 13107432 0 0 0 0 0 0 0 0 0 0 0 0 0 0 0 0 0 0 0 0 0 0 0 0 0 0 0 0 0 0 0 0 0 0 0 0 0 0 0 0 0 0 0 0 0 0 0 0 0 0 0 0 0 0 0 0 0 0 0 0 0 0 0 0 0 0 0 0 0 0 0 0 0 0 0 159701945 0 0 0
ctxt 345855788
btime 1669654930
processes 467895
procs_running 1
procs_blocked 0
softirq 533855328 378905702 25257220 713235 26118198 343478 0 60026280 30487276 557 12003382

cpu  763098 33748 1283168 468172983 100722 0 1537820 0 0 0
cpu0 99054 9522 171691 117303252 27559 0 347371 0 0 0
cpu1 433957 10210 735582 116163240 20335 0 478006 0 0 0
cpu2 117666 2833 197709 117359286 27185 0 366685 0 0 0
cpu3 112420 11183 178185 117347203 25642 0 345757 0 0 0
intr 10540827760 0 0 2422018 81 0 609662 26276191 0 0 0 8321783 0 0 0 0 0 0 0 0 0 0 0 0 0 0 0 0 0 0 0 0 0 0 0 0 0 0 0 0 0 0 0 0 0 0 0 0 0 0 0 0 1207515577 0 0 0 0 0 0 0 0 533857 0 343538 0 0 0 0 0 0 0 0 0 0 0 531720819 1 0 0 0 0 0 0 0 0 0 0 0 0 0 0 0 0 0 0 0 0 0 0 335773 4219 0 0 0 0 13107468 0 0 0 0 0 0 0 0 0 0 0 0 0 0 0 0 0 0 0 0 0 0 0 0 0 0 0 0 0 0 0 0 0 0 0 0 0 0 0 0 0 0 0 0 0 0 0 0 0 0 0 0 0 0 0 0 0 0 0 0 0 0 0 0 0 0 0 0 0 0 0 0 0 0 0 159702181 0 0 0
ctxt 345856017
btime 1669654930
processes 467895
procs_running 1
procs_blocked 0
softirq 533857054 378906158 25257261 713235 26118649 343478 0 60026778 30487402 557 12003536

cpu  763098 33748 1283168 468173175 100722 0 1537824 0 0 0
cpu0 99054 9522 171691 117303300 27559 0 347371 0 0 0
cpu1 433957 10210 735582 116163288 20335 0 478007 0 0 0
cpu2 117666 2833 197709 117359334 27185 0 366686 0 0 0
cpu3 112420 11183 178185 117347251 25642 0 345758 0 0 0
intr 10540832964 0 0 2422022 81 0 609662 26276222 0 0 0 8321787 0 0 0 0 0 0 0 0 0 0 0 0 0 0 0 0 0 0 0 0 0 0 0 0 0 0 0 0 0 0 0 0 0 0 0 0 0 0 0 0 1207519978 0 0 0 0 0 0 0 0 533858 0 343538 0 0 0 0 0 0 0 0 0 0 0 531721329 1 0 0 0 0 0 0 0 0 0 0 0 0 0 0 0 0 0 0 0 0 0 0 335773 4219 0 0 0 0 13107483 0 0 0 0 0 0 0 0 0 0 0 0 0 0 0 0 0 0 0 0 0 0 0 0 0 0 0 0 0 0 0 0 0 0 0 0 0 0 0 0 0 0 0 0 0 0 0 0 0 0 0 0 0 0 0 0 0 0 0 0 0 0 0 0 0 0 0 0 0 0 0 0 0 0 0 159702420 0 0 0
ctxt 345856179
btime 1669654930
processes 467895
procs_running 1
procs_blocked 0
softirq 533858556 378906542 25257301 713235 26119034 343478 0 60027198 30487524 557 12003687

cpu  763098 33748 1283168 468173366 100722 0 1537828 0 0 0
cpu0 99054 9522 171691 117303347 27559 0 347372 0 0 0
cpu1 433957 10210 735582 116163336 20335 0 478008 0 0 0
cpu2 117666 2833 197709 117359382 27185 0 366687 0 0 0
cpu3 112420 11183 178185 117347299 25642 0 345759 0 0 0
intr 10540838192 0 0 2422022 81 0 609662 26276260 0 0 0 8321791 0 0 0 0 0 0 0 0 0 0 0 0 0 0 0 0 0 0 0 0 0 0 0 0 0 0 0 0 0 0 0 0 0 0 0 0 0 0 0 0 1207524400 0 0 0 0 0 0 0 0 533859 0 343538 0 0 0 0 0 0 0 0 0 0 0 531721866 1 0 0 0 0 0 0 0 0 0 0 0 0 0 0 0 0 0 0 0 0 0 0 335773 4219 0 0 0 0 13107502 0 0 0 0 0 0 0 0 0 0 0 0 0 0 0 0 0 0 0 0 0 0 0 0 0 0 0 0 0 0 0 0 0 0 0 0 0 0 0 0 0 0 0 0 0 0 0 0 0 0 0 0 0 0 0 0 0 0 0 0 0 0 0 0 0 0 0 0 0 0 0 0 0 0 0 159702626 0 0 0
ctxt 345856354
btime 1669654930
processes 467895
procs_running 1
procs_blocked 0
softirq 533860046 378906937 25257341 713236 26119419 343478 0 60027622 30487635 557 12003821

cpu  763098 33748 1283169 468173557 100722 0 1537833 0 0 0
cpu0 99054 9522 171691 117303395 27559 0 347373 0 0 0
cpu1 433958 10210 735582 116163382 20335 0 478010 0 0 0
cpu2 117666 2833 197709 117359430 27185 0 366688 0 0 0
cpu3 112420 11183 178185 117347347 25642 0 345760 0 0 0
intr 10540843540 0 0 2422023 81 0 609662 26276294 0 0 0 8321796 0 0 0 0 0 0 0 0 0 0 0 0 0 0 0 0 0 0 0 0 0 0 0 0 0 0 0 0 0 0 0 0 0 0 0 0 0 0 0 0 1207528882 0 0 0 0 0 0 0 0 533860 0 343538 0 0 0 0 0 0 0 0 0 0 0 531722441 1 0 0 0 0 0 0 0 0 0 0 0 0 0 0 0 0 0 0 0 0 0 0 335773 4219 0 0 0 0 13107521 0 0 0 0 0 0 0 0 0 0 0 0 0 0 0 0 0 0 0 0 0 0 0 0 0 0 0 0 0 0 0 0 0 0 0 0 0 0 0 0 0 0 0 0 0 0 0 0 0 0 0 0 0 0 0 0 0 0 0 0 0 0 0 0 0 0 0 0 0 0 0 0 0 0 0 159702857 0 0 0
ctxt 345856525
btime 1669654930
processes 467895
procs_running 1
procs_blocked 0
softirq 533861746 378907385 25257380 713236 26119868 343478 0 60028119 30487756 557 12003967

cpu  763098 33748 1283169 468173748 100722 0 1537836 0 0 0
cpu0 99054 9522 171691 117303443 27559 0 347374 0 0 0
cpu1 433958 10210 735582 116163430 20335 0 478011 0 0 0
cpu2 117666 2833 197709 117359478 27185 0 366690 0 0 0
cpu3 112420 11183 178185 117347396 25642 0 345760 0 0 0
intr 10540848778 0 0 2422027 81 0 609662 26276336 0 0 0 8321800 0 0 0 0 0 0 0 0 0 0 0 0 0 0 0 0 0 0 0 0 0 0 0 0 0 0 0 0 0 0 0 0 0 0 0 0 0 0 0 0 1207533307 0 0 0 0 0 0 0 0 533861 0 343538 0 0 0 0 0 0 0 0 0 0 0 531722977 1 0 0 0 0 0 0 0 0 0 0 0 0 0 0 0 0 0 0 0 0 0 0 335773 4219 0 0 0 0 13107547 0 0 0 0 0 0 0 0 0 0 0 0 0 0 0 0 0 0 0 0 0 0 0 0 0 0 0 0 0 0 0 0 0 0 0 0 0 0 0 0 0 0 0 0 0 0 0 0 0 0 0 0 0 0 0 0 0 0 0 0 0 0 0 0 0 0 0 0 0 0 0 0 0 0 0 159703058 0 0 0
ctxt 345856714
btime 1669654930
processes 467895
procs_running 1
procs_blocked 0
softirq 533863226 378907777 25257421 713236 26120254 343478 0 60028549 30487857 557 12004097

cpu  763098 33748 1283169 468173940 100722 0 1537842 0 0 0
cpu0 99054 9522 171691 117303491 27559 0 347375 0 0 0
cpu1 433958 10210 735583 116163478 20335 0 478013 0 0 0
cpu2 117666 2833 197709 117359527 27185 0 366690 0 0 0
cpu3 112420 11183 178185 117347444 25642 0 345762 0 0 0
intr 10540854058 0 0 2422027 81 0 609662 26276369 0 0 0 8321805 0 0 0 0 0 0 0 0 0 0 0 0 0 0 0 0 0 0 0 0 0 0 0 0 0 0 0 0 0 0 0 0 0 0 0 0 0 0 0 0 1207537761 0 0 0 0 0 0 0 0 533862 0 343538 0 0 0 0 0 0 0 0 0 0 0 531723534 1 0 0 0 0 0 0 0 0 0 0 0 0 0 0 0 0 0 0 0 0 0 0 335773 4219 0 0 0 0 13107562 0 0 0 0 0 0 0 0 0 0 0 0 0 0 0 0 0 0 0 0 0 0 0 0 0 0 0 0 0 0 0 0 0 0 0 0 0 0 0 0 0 0 0 0 0 0 0 0 0 0 0 0 0 0 0 0 0 0 0 0 0 0 0 0 0 0 0 0 0 0 0 0 0 0 0 159703275 0 0 0
ctxt 345856877
btime 1669654930
processes 467895
procs_running 1
procs_blocked 0
softirq 533864834 378908205 25257455 713236 26120681 343478 0 60029014 30487970 557 12004238

cpu  763098 33748 1283170 468174131 100722 0 1537846 0 0 0
cpu0 99054 9522 171692 117303538 27559 0 347377 0 0 0
cpu1 433958 10210 735583 116163525 20335 0 478013 0 0 0
cpu2 117666 2833 197709 117359575 27185 0 366692 0 0 0
cpu3 112420 11183 178185 117347491 25642 0 345762 0 0 0
intr 10540859347 0 0 2422027 81 0 609662 26276419 0 0 0 8321810 0 0 0 0 0 0 0 0 0 0 0 0 0 0 0 0 0 0 0 0 0 0 0 0 0 0 0 0 0 0 0 0 0 0 0 0 0 0 0 0 1207542188 0 0 0 0 0 0 0 0 533863 0 343538 0 0 0 0 0 0 0 0 0 0 0 531724087 1 0 0 0 0 0 0 0 0 0 0 0 0 0 0 0 0 0 0 0 0 0 0 335773 4219 0 0 0 0 13107598 0 0 0 0 0 0 0 0 0 0 0 0 0 0 0 0 0 0 0 0 0 0 0 0 0 0 0 0 0 0 0 0 0 0 0 0 0 0 0 0 0 0 0 0 0 0 0 0 0 0 0 0 0 0 0 0 0 0 0 0 0 0 0 0 0 0 0 0 0 0 0 0 0 0 0 159703490 0 0 0
ctxt 345857093
btime 1669654930
processes 467895
procs_running 1
procs_blocked 0
softirq 533866398 378908619 25257497 713236 26121088 343478 0 60029465 30488085 557 12004373

cpu  763098 33748 1283171 468174322 100722 0 1537850 0 0 0
cpu0 99054 9522 171693 117303585 27559 0 347378 0 0 0
cpu1 433958 10210 735583 116163573 20335 0 478014 0 0 0
cpu2 117666 2833 197709 117359623 27185 0 366693 0 0 0
cpu3 112420 11183 178185 117347539 25642 0 345764 0 0 0
intr 10540864577 0 0 2422036 81 0 609662 26276467 0 0 0 8321814 0 0 0 0 0 0 0 0 0 0 0 0 0 0 0 0 0 0 0 0 0 0 0 0 0 0 0 0 0 0 0 0 0 0 0 0 0 0 0 0 1207546580 0 0 0 0 0 0 0 0 533864 0 343538 0 0 0 0 0 0 0 0 0 0 0 531724598 1 0 0 0 0 0 0 0 0 0 0 0 0 0 0 0 0 0 0 0 0 0 0 335773 4219 0 0 0 0 13107643 0 0 0 0 0 0 0 0 0 0 0 0 0 0 0 0 0 0 0 0 0 0 0 0 0 0 0 0 0 0 0 0 0 0 0 0 0 0 0 0 0 0 0 0 0 0 0 0 0 0 0 0 0 0 0 0 0 0 0 0 0 0 0 0 0 0 0 0 0 0 0 0 0 0 0 159703711 0 0 0
ctxt 345857314
btime 1669654930
processes 467895
procs_running 1
procs_blocked 0
softirq 533867893 378909003 25257538 713236 26121475 343478 0 60029906 30488197 557 12004503

cpu  763098 33748 1283172 468174513 100722 0 1537854 0 0 0
cpu0 99054 9522 171693 117303633 27559 0 347379 0 0 0
cpu1 433958 10210 735583 116163621 20335 0 478014 0 0 0
cpu2 117666 2833 197709 117359671 27185 0 366694 0 0 0
cpu3 112420 11183 178185 117347587 25642 0 345766 0 0 0
intr 10540869972 0 0 2422040 81 0 609662 26276511 0 0 0 8321819 0 0 0 0 0 0 0 0 0 0 0 0 0 0 0 0 0 0 0 0 0 0 0 0 0 0 0 0 0 0 0 0 0 0 0 0 0 0 0 0 1207551072 0 0 0 0 0 0 0 0 533865 0 343538 0 0 0 0 0 0 0 0 0 0 0 531725198 1 0 0 0 0 0 0 0 0 0 0 0 0 0 0 0 0 0 0 0 0 0 0 335773 4219 0 0 0 0 13107675 0 0 0 0 0 0 0 0 0 0 0 0 0 0 0 0 0 0 0 0 0 0 0 0 0 0 0 0 0 0 0 0 0 0 0 0 0 0 0 0 0 0 0 0 0 0 0 0 0 0 0 0 0 0 0 0 0 0 0 0 0 0 0 0 0 0 0 0 0 0 0 0 0 0 0 159703927 0 0 0
ctxt 345857524
btime 1669654930
processes 467895
procs_running 1
procs_blocked 0
softirq 533869587 378909462 25257580 713236 26121923 343478 0 60030403 30488311 557 12004637

cpu  763098 33748 1283172 468174705 100722 0 1537858 0 0 0
cpu0 99054 9522 171694 117303680 27559 0 347380 0 0 0
cpu1 433958 10210 735584 116163669 20335 0 478014 0 0 0
cpu2 117666 2833 197709 117359719 27185 0 366694 0 0 0
cpu3 112420 11183 178185 117347635 25642 0 345768 0 0 0
intr 10540875165 0 0 2422040 81 0 609662 26276552 0 0 0 8321823 0 0 0 0 0 0 0 0 0 0 0 0 0 0 0 0 0 0 0 0 0 0 0 0 0 0 0 0 0 0 0 0 0 0 0 0 0 0 0 0 1207555465 0 0 0 0 0 0 0 0 533866 0 343538 0 0 0 0 0 0 0 0 0 0 0 531725710 1 0 0 0 0 0 0 0 0 0 0 0 0 0 0 0 0 0 0 0 0 0 0 335773 4219 0 0 0 0 13107707 0 0 0 0 0 0 0 0 0 0 0 0 0 0 0 0 0 0 0 0 0 0 0 0 0 0 0 0 0 0 0 0 0 0 0 0 0 0 0 0 0 0 0 0 0 0 0 0 0 0 0 0 0 0 0 0 0 0 0 0 0 0 0 0 0 0 0 0 0 0 0 0 0 0 0 159704136 0 0 0
ctxt 345857706
btime 1669654930
processes 467895
procs_running 1
procs_blocked 0
softirq 533871072 378909846 25257617 713236 26122307 343478 0 60030832 30488425 557 12004774

cpu  763098 33748 1283172 468174896 100722 0 1537863 0 0 0
cpu0 99054 9522 171694 117303727 27559 0 347382 0 0 0
cpu1 433958 10210 735584 116163717 20335 0 478016 0 0 0
cpu2 117666 2833 197709 117359767 27185 0 366694 0 0 0
cpu3 112420 11183 178185 117347683 25642 0 345770 0 0 0
intr 10540880416 0 0 2422040 81 0 609662 26276602 0 0 0 8321828 0 0 0 0 0 0 0 0 0 0 0 0 0 0 0 0 0 0 0 0 0 0 0 0 0 0 0 0 0 0 0 0 0 0 0 0 0 0 0 0 1207559886 0 0 0 0 0 0 0 0 533867 0 343538 0 0 0 0 0 0 0 0 0 0 0 531726247 1 0 0 0 0 0 0 0 0 0 0 0 0 0 0 0 0 0 0 0 0 0 0 335773 4219 0 0 0 0 13107739 0 0 0 0 0 0 0 0 0 0 0 0 0 0 0 0 0 0 0 0 0 0 0 0 0 0 0 0 0 0 0 0 0 0 0 0 0 0 0 0 0 0 0 0 0 0 0 0 0 0 0 0 0 0 0 0 0 0 0 0 0 0 0 0 0 0 0 0 0 0 0 0 0 0 0 159704341 0 0 0
ctxt 345857920
btime 1669654930
processes 467895
procs_running 1
procs_blocked 0
softirq 533872581 378910238 25257657 713236 26122693 343478 0 60031267 30488540 557 12004915

cpu  763098 33748 1283173 468175089 100722 0 1537867 0 0 0
cpu0 99054 9522 171694 117303775 27559 0 347383 0 0 0
cpu1 433958 10210 735584 116163765 20335 0 478016 0 0 0
cpu2 117666 2833 197709 117359816 27185 0 366694 0 0 0
cpu3 112420 11183 178185 117347732 25642 0 345772 0 0 0
intr 10540885442 0 0 2422041 81 0 609663 26276641 0 0 0 8321833 0 0 0 0 0 0 0 0 0 0 0 0 0 0 0 0 0 0 0 0 0 0 0 0 0 0 0 0 0 0 0 0 0 0 0 0 0 0 0 0 1207564221 0 0 0 0 0 0 0 0 533868 0 343538 0 0 0 0 0 0 0 0 0 0 0 531726694 1 0 0 0 0 0 0 0 0 0 0 0 0 0 0 0 0 0 0 0 0 0 0 335773 4219 0 0 0 0 13107771 0 0 0 0 0 0 0 0 0 0 0 0 0 0 0 0 0 0 0 0 0 0 0 0 0 0 0 0 0 0 0 0 0 0 0 0 0 0 0 0 0 0 0 0 0 0 0 0 0 0 0 0 0 0 0 0 0 0 0 0 0 0 0 0 0 0 0 0 0 0 0 0 0 0 0 159704507 0 0 0
ctxt 345858084
btime 1669654930
processes 467895
procs_running 1
procs_blocked 0
softirq 533873809 378910558 25257691 713236 26123013 343478 0 60031629 30488630 557 12005017

cpu  763098 33748 1283173 468175286 100722 0 1537867 0 0 0
cpu0 99054 9522 171694 117303824 27559 0 347383 0 0 0
cpu1 433958 10210 735584 116163814 20335 0 478016 0 0 0
cpu2 117666 2833 197709 117359865 27185 0 366694 0 0 0
cpu3 112420 11183 178185 117347781 25642 0 345772 0 0 0
intr 10540889718 0 0 2422041 81 0 609663 26276676 0 0 0 8321836 0 0 0 0 0 0 0 0 0 0 0 0 0 0 0 0 0 0 0 0 0 0 0 0 0 0 0 0 0 0 0 0 0 0 0 0 0 0 0 0 1207568241 0 0 0 0 0 0 0 0 533869 0 343538 0 0 0 0 0 0 0 0 0 0 0 531726848 1 0 0 0 0 0 0 0 0 0 0 0 0 0 0 0 0 0 0 0 0 0 0 335773 4219 0 0 0 0 13107803 0 0 0 0 0 0 0 0 0 0 0 0 0 0 0 0 0 0 0 0 0 0 0 0 0 0 0 0 0 0 0 0 0 0 0 0 0 0 0 0 0 0 0 0 0 0 0 0 0 0 0 0 0 0 0 0 0 0 0 0 0 0 0 0 0 0 0 0 0 0 0 0 0 0 0 159704537 0 0 0
ctxt 345858208
btime 1669654930
processes 467895
procs_running 1
procs_blocked 0
softirq 533873896 378910566 25257707 713236 26123015 343478 0 60031657 30488650 557 12005030

cpu  763098 33748 1283174 468175483 100722 0 1537867 0 0 0
cpu0 99054 9522 171694 117303873 27559 0 347383 0 0 0
cpu1 433958 10210 735584 116163864 20335 0 478016 0 0 0
cpu2 117666 2833 197709 117359914 27185 0 366694 0 0 0
cpu3 112420 11183 178185 117347831 25642 0 345772 0 0 0
intr 10540893949 0 0 2422041 81 0 609663 26276707 0 0 0 8321838 0 0 0 0 0 0 0 0 0 0 0 0 0 0 0 0 0 0 0 0 0 0 0 0 0 0 0 0 0 0 0 0 0 0 0 0 0 0 0 0 1207572245 0 0 0 0 0 0 0 0 533870 0 343538 0 0 0 0 0 0 0 0 0 0 0 531726976 1 0 0 0 0 0 0 0 0 0 0 0 0 0 0 0 0 0 0 0 0 0 0 335773 4219 0 0 0 0 13107835 0 0 0 0 0 0 0 0 0 0 0 0 0 0 0 0 0 0 0 0 0 0 0 0 0 0 0 0 0 0 0 0 0 0 0 0 0 0 0 0 0 0 0 0 0 0 0 0 0 0 0 0 0 0 0 0 0 0 0 0 0 0 0 0 0 0 0 0 0 0 0 0 0 0 0 159704571 0 0 0
ctxt 345858319
btime 1669654930
processes 467895
procs_running 1
procs_blocked 0
softirq 533873978 378910566 25257724 713237 26123017 343478 0 60031684 30488671 557 12005044

cpu  763098 33748 1283174 468175679 100722 0 1537867 0 0 0
cpu0 99054 9522 171694 117303922 27559 0 347383 0 0 0
cpu1 433958 10210 735584 116163913 20335 0 478016 0 0 0
cpu2 117666 2833 197709 117359963 27185 0 366694 0 0 0
cpu3 112420 11183 178185 117347880 25642 0 345772 0 0 0
intr 10540898194 0 0 2422041 81 0 609663 26276732 0 0 0 8321841 0 0 0 0 0 0 0 0 0 0 0 0 0 0 0 0 0 0 0 0 0 0 0 0 0 0 0 0 0 0 0 0 0 0 0 0 0 0 0 0 1207576266 0 0 0 0 0 0 0 0 533871 0 343538 0 0 0 0 0 0 0 0 0 0 0 531727130 1 0 0 0 0 0 0 0 0 0 0 0 0 0 0 0 0 0 0 0 0 0 0 335773 4219 0 0 0 0 13107850 0 0 0 0 0 0 0 0 0 0 0 0 0 0 0 0 0 0 0 0 0 0 0 0 0 0 0 0 0 0 0 0 0 0 0 0 0 0 0 0 0 0 0 0 0 0 0 0 0 0 0 0 0 0 0 0 0 0 0 0 0 0 0 0 0 0 0 0 0 0 0 0 0 0 0 159704597 0 0 0
ctxt 345858415
btime 1669654930
processes 467895
procs_running 1
procs_blocked 0
softirq 533874042 378910574 25257737 713237 26123018 343478 0 60031699 30488687 557 12005055

cpu  763099 33748 1283174 468175877 100722 0 1537867 0 0 0
cpu0 99054 9522 171694 117303971 27559 0 347383 0 0 0
cpu1 433958 10210 735584 116163962 20335 0 478016 0 0 0
cpu2 117666 2833 197709 117360013 27185 0 366694 0 0 0
cpu3 112420 11183 178185 117347929 25642 0 345772 0 0 0
intr 10540902401 0 0 2422042 81 0 609663 26276753 0 0 0 8321845 0 0 0 0 0 0 0 0 0 0 0 0 0 0 0 0 0 0 0 0 0 0 0 0 0 0 0 0 0 0 0 0 0 0 0 0 0 0 0 0 1207580270 0 0 0 0 0 0 0 0 533872 0 343538 0 0 0 0 0 0 0 0 0 0 0 531727258 1 0 0 0 0 0 0 0 0 0 0 0 0 0 0 0 0 0 0 0 0 0 0 335773 4219 0 0 0 0 13107865 0 0 0 0 0 0 0 0 0 0 0 0 0 0 0 0 0 0 0 0 0 0 0 0 0 0 0 0 0 0 0 0 0 0 0 0 0 0 0 0 0 0 0 0 0 0 0 0 0 0 0 0 0 0 0 0 0 0 0 0 0 0 0 0 0 0 0 0 0 0 0 0 0 0 0 159704630 0 0 0
ctxt 345858489
btime 1669654930
processes 467895
procs_running 1
procs_blocked 0
softirq 533874098 378910574 25257752 713237 26123019 343478 0 60031712 30488703 557 12005066

cpu  763099 33748 1283174 468176073 100722 0 1537867 0 0 0
cpu0 99054 9522 171694 117304020 27559 0 347383 0 0 0
cpu1 433958 10210 735584 116164011 20335 0 478016 0 0 0
cpu2 117666 2833 197710 117360062 27185 0 366694 0 0 0
cpu3 112420 11183 178185 117347979 25642 0 345772 0 0 0
intr 10540906703 0 0 2422042 81 0 609663 26276799 0 0 0 8321848 0 0 0 0 0 0 0 0 0 0 0 0 0 0 0 0 0 0 0 0 0 0 0 0 0 0 0 0 0 0 0 0 0 0 0 0 0 0 0 0 1207584288 0 0 0 0 0 0 0 0 533873 0 343538 0 0 0 0 0 0 0 0 0 0 0 531727412 1 0 0 0 0 0 0 0 0 0 0 0 0 0 0 0 0 0 0 0 0 0 0 335773 4219 0 0 0 0 13107902 0 0 0 0 0 0 0 0 0 0 0 0 0 0 0 0 0 0 0 0 0 0 0 0 0 0 0 0 0 0 0 0 0 0 0 0 0 0 0 0 0 0 0 0 0 0 0 0 0 0 0 0 0 0 0 0 0 0 0 0 0 0 0 0 0 0 0 0 0 0 0 0 0 0 0 159704672 0 0 0
ctxt 345858642
btime 1669654930
processes 467895
procs_running 1
procs_blocked 0
softirq 533874198 378910582 25257771 713237 26123021 343478 0 60031745 30488728 557 12005079

cpu  763099 33748 1283175 468176270 100722 0 1537867 0 0 0
cpu0 99054 9522 171694 117304069 27559 0 347383 0 0 0
cpu1 433958 10210 735584 116164060 20335 0 478016 0 0 0
cpu2 117666 2833 197710 117360111 27185 0 366694 0 0 0
cpu3 112420 11183 178185 117348028 25642 0 345772 0 0 0
intr 10540910943 0 0 2422042 81 0 609664 26276833 0 0 0 8321852 0 0 0 0 0 0 0 0 0 0 0 0 0 0 0 0 0 0 0 0 0 0 0 0 0 0 0 0 0 0 0 0 0 0 0 0 0 0 0 0 1207588294 0 0 0 0 0 0 0 0 533874 0 343538 0 0 0 0 0 0 0 0 0 0 0 531727540 1 0 0 0 0 0 0 0 0 0 0 0 0 0 0 0 0 0 0 0 0 0 0 335773 4219 0 0 0 0 13107934 0 0 0 0 0 0 0 0 0 0 0 0 0 0 0 0 0 0 0 0 0 0 0 0 0 0 0 0 0 0 0 0 0 0 0 0 0 0 0 0 0 0 0 0 0 0 0 0 0 0 0 0 0 0 0 0 0 0 0 0 0 0 0 0 0 0 0 0 0 0 0 0 0 0 0 159704707 0 0 0
ctxt 345858761
btime 1669654930
processes 467895
procs_running 1
procs_blocked 0
softirq 533874276 378910582 25257788 713237 26123023 343478 0 60031772 30488749 557 12005090

cpu  763099 33748 1283176 468176467 100722 0 1537867 0 0 0
cpu0 99054 9522 171694 117304118 27559 0 347383 0 0 0
cpu1 433958 10210 735584 116164110 20335 0 478016 0 0 0
cpu2 117666 2833 197711 117360160 27185 0 366694 0 0 0
cpu3 112420 11183 178185 117348077 25642 0 345772 0 0 0
intr 10540915251 0 0 2422042 81 0 609664 26276882 0 0 0 8321856 0 0 0 0 0 0 0 0 0 0 0 0 0 0 0 0 0 0 0 0 0 0 0 0 0 0 0 0 0 0 0 0 0 0 0 0 0 0 0 0 1207592315 0 0 0 0 0 0 0 0 533875 0 343538 0 0 0 0 0 0 0 0 0 0 0 531727694 1 0 0 0 0 0 0 0 0 0 0 0 0 0 0 0 0 0 0 0 0 0 0 335773 4219 0 0 0 0 13107973 0 0 0 0 0 0 0 0 0 0 0 0 0 0 0 0 0 0 0 0 0 0 0 0 0 0 0 0 0 0 0 0 0 0 0 0 0 0 0 0 0 0 0 0 0 0 0 0 0 0 0 0 0 0 0 0 0 0 0 0 0 0 0 0 0 0 0 0 0 0 0 0 0 0 0 159704748 0 0 0
ctxt 345858916
btime 1669654930
processes 467895
procs_running 1
procs_blocked 0
softirq 533874382 378910590 25257809 713237 26123025 343478 0 60031806 30488774 557 12005106

cpu  763099 33748 1283176 468176664 100722 0 1537867 0 0 0
cpu0 99054 9522 171694 117304167 27559 0 347383 0 0 0
cpu1 433958 10210 735584 116164159 20335 0 478016 0 0 0
cpu2 117666 2833 197711 117360209 27185 0 366694 0 0 0
cpu3 112420 11183 178185 117348127 25642 0 345772 0 0 0
intr 10540919490 0 0 2422043 81 0 609664 26276914 0 0 0 8321860 0 0 0 0 0 0 0 0 0 0 0 0 0 0 0 0 0 0 0 0 0 0 0 0 0 0 0 0 0 0 0 0 0 0 0 0 0 0 0 0 1207596319 0 0 0 0 0 0 0 0 533876 0 343538 0 0 0 0 0 0 0 0 0 0 0 531727822 1 0 0 0 0 0 0 0 0 0 0 0 0 0 0 0 0 0 0 0 0 0 0 335773 4219 0 0 0 0 13108005 0 0 0 0 0 0 0 0 0 0 0 0 0 0 0 0 0 0 0 0 0 0 0 0 0 0 0 0 0 0 0 0 0 0 0 0 0 0 0 0 0 0 0 0 0 0 0 0 0 0 0 0 0 0 0 0 0 0 0 0 0 0 0 0 0 0 0 0 0 0 0 0 0 0 0 159704784 0 0 0
ctxt 345859030
btime 1669654930
processes 467895
procs_running 1
procs_blocked 0
softirq 533874459 378910590 25257826 713237 26123027 343478 0 60031833 30488795 557 12005116

cpu  763099 33748 1283176 468176860 100722 0 1537867 0 0 0
cpu0 99054 9522 171694 117304216 27559 0 347383 0 0 0
cpu1 433958 10210 735584 116164208 20335 0 478016 0 0 0
cpu2 117666 2833 197711 117360258 27185 0 366694 0 0 0
cpu3 112420 11183 178185 117348176 25642 0 345772 0 0 0
intr 10540923764 0 0 2422043 81 0 609664 26276950 0 0 0 8321864 0 0 0 0 0 0 0 0 0 0 0 0 0 0 0 0 0 0 0 0 0 0 0 0 0 0 0 0 0 0 0 0 0 0 0 0 0 0 0 0 1207600339 0 0 0 0 0 0 0 0 533877 0 343538 0 0 0 0 0 0 0 0 0 0 0 531727974 1 0 0 0 0 0 0 0 0 0 0 0 0 0 0 0 0 0 0 0 0 0 0 335773 4219 0 0 0 0 13108032 0 0 0 0 0 0 0 0 0 0 0 0 0 0 0 0 0 0 0 0 0 0 0 0 0 0 0 0 0 0 0 0 0 0 0 0 0 0 0 0 0 0 0 0 0 0 0 0 0 0 0 0 0 0 0 0 0 0 0 0 0 0 0 0 0 0 0 0 0 0 0 0 0 0 0 159704817 0 0 0
ctxt 345859158
btime 1669654930
processes 467895
procs_running 1
procs_blocked 0
softirq 533874537 378910598 25257842 713237 26123029 343478 0 60031856 30488814 557 12005126

cpu  763099 33748 1283176 468177058 100722 0 1537867 0 0 0
cpu0 99054 9522 171694 117304266 27559 0 347383 0 0 0
cpu1 433958 10210 735584 116164258 20335 0 478016 0 0 0
cpu2 117666 2833 197711 117360308 27185 0 366694 0 0 0
cpu3 112420 11183 178186 117348225 25642 0 345772 0 0 0
intr 10540927965 0 0 2422043 81 0 609664 26276970 0 0 0 8321867 0 0 0 0 0 0 0 0 0 0 0 0 0 0 0 0 0 0 0 0 0 0 0 0 0 0 0 0 0 0 0 0 0 0 0 0 0 0 0 0 1207604343 0 0 0 0 0 0 0 0 533878 0 343538 0 0 0 0 0 0 0 0 0 0 0 531728102 1 0 0 0 0 0 0 0 0 0 0 0 0 0 0 0 0 0 0 0 0 0 0 335773 4219 0 0 0 0 13108047 0 0 0 0 0 0 0 0 0 0 0 0 0 0 0 0 0 0 0 0 0 0 0 0 0 0 0 0 0 0 0 0 0 0 0 0 0 0 0 0 0 0 0 0 0 0 0 0 0 0 0 0 0 0 0 0 0 0 0 0 0 0 0 0 0 0 0 0 0 0 0 0 0 0 0 159704848 0 0 0
ctxt 345859240
btime 1669654930
processes 467895
procs_running 1
procs_blocked 0
softirq 533874591 378910598 25257855 713237 26123030 343478 0 60031869 30488830 557 12005137

cpu  763100 33748 1283176 468177254 100722 0 1537867 0 0 0
cpu0 99054 9522 171694 117304315 27559 0 347383 0 0 0
cpu1 433958 10210 735584 116164307 20335 0 478016 0 0 0
cpu2 117667 2833 197711 117360357 27185 0 366694 0 0 0
cpu3 112420 11183 178186 117348274 25642 0 345772 0 0 0
intr 10540932228 0 0 2422043 81 0 609664 26277001 0 0 0 8321871 0 0 0 0 0 0 0 0 0 0 0 0 0 0 0 0 0 0 0 0 0 0 0 0 0 0 0 0 0 0 0 0 0 0 0 0 0 0 0 0 1207608362 0 0 0 0 0 0 0 0 533879 0 343538 0 0 0 0 0 0 0 0 0 0 0 531728256 1 0 0 0 0 0 0 0 0 0 0 0 0 0 0 0 0 0 0 0 0 0 0 335773 4219 0 0 0 0 13108072 0 0 0 0 0 0 0 0 0 0 0 0 0 0 0 0 0 0 0 0 0 0 0 0 0 0 0 0 0 0 0 0 0 0 0 0 0 0 0 0 0 0 0 0 0 0 0 0 0 0 0 0 0 0 0 0 0 0 0 0 0 0 0 0 0 0 0 0 0 0 0 0 0 0 0 159704876 0 0 0
ctxt 345859351
btime 1669654930
processes 467895
procs_running 1
procs_blocked 0
softirq 533874667 378910606 25257870 713237 26123032 343478 0 60031890 30488848 557 12005149

cpu  763100 33748 1283176 468177451 100722 0 1537867 0 0 0
cpu0 99054 9522 171694 117304364 27559 0 347383 0 0 0
cpu1 433958 10210 735584 116164357 20335 0 478016 0 0 0
cpu2 117667 2833 197711 117360406 27185 0 366694 0 0 0
cpu3 112420 11183 178186 117348324 25642 0 345772 0 0 0
intr 10540936436 0 0 2422044 81 0 609664 26277022 0 0 0 8321876 0 0 0 0 0 0 0 0 0 0 0 0 0 0 0 0 0 0 0 0 0 0 0 0 0 0 0 0 0 0 0 0 0 0 0 0 0 0 0 0 1207612366 0 0 0 0 0 0 0 0 533880 0 343538 0 0 0 0 0 0 0 0 0 0 0 531728384 1 0 0 0 0 0 0 0 0 0 0 0 0 0 0 0 0 0 0 0 0 0 0 335773 4219 0 0 0 0 13108087 0 0 0 0 0 0 0 0 0 0 0 0 0 0 0 0 0 0 0 0 0 0 0 0 0 0 0 0 0 0 0 0 0 0 0 0 0 0 0 0 0 0 0 0 0 0 0 0 0 0 0 0 0 0 0 0 0 0 0 0 0 0 0 0 0 0 0 0 0 0 0 0 0 0 0 159704909 0 0 0
ctxt 345859433
btime 1669654930
processes 467895
procs_running 1
procs_blocked 0
softirq 533874729 378910606 25257886 713238 26123033 343478 0 60031903 30488867 557 12005161

cpu  763104 33748 1283186 468177631 100723 0 1537867 0 0 0
cpu0 99054 9522 171697 117304409 27560 0 347383 0 0 0
cpu1 433959 10210 735587 116164401 20335 0 478016 0 0 0
cpu2 117668 2833 197713 117360452 27185 0 366694 0 0 0
cpu3 112421 11183 178189 117348368 25642 0 345773 0 0 0
intr 10540940992 0 0 2422046 81 0 609717 26277155 0 0 0 8321880 0 0 0 0 0 0 0 0 0 0 0 0 0 0 0 0 0 0 0 0 0 0 0 0 0 0 0 0 0 0 0 0 0 0 0 0 0 0 0 0 1207616386 0 0 0 0 0 0 0 0 533881 0 343541 0 0 0 0 0 0 0 0 0 0 0 531728538 1 0 0 0 0 0 0 0 0 0 0 0 0 0 0 0 0 0 0 0 0 0 0 335776 4219 0 0 0 0 13108123 0 0 0 0 0 0 0 0 0 0 0 0 0 0 0 0 0 0 0 0 0 0 0 0 0 0 0 0 0 0 0 0 0 0 0 0 0 0 0 0 0 0 0 0 0 0 0 0 0 0 0 0 0 0 0 0 0 0 0 0 0 0 0 0 0 0 0 0 0 0 0 0 0 0 0 159705056 0 0 0
ctxt 345859914
btime 1669654930
processes 467926
procs_running 3
procs_blocked 0
softirq 533874980 378910614 25257919 713238 26123036 343481 0 60031944 30488947 557 12005244

cpu  763107 33748 1283191 468177819 100723 0 1537867 0 0 0
cpu0 99056 9522 171698 117304455 27560 0 347383 0 0 0
cpu1 433959 10210 735588 116164449 20335 0 478016 0 0 0
cpu2 117669 2833 197714 117360499 27185 0 366694 0 0 0
cpu3 112422 11183 178190 117348414 25642 0 345773 0 0 0
intr 10540945454 0 0 2422050 81 0 609751 26277257 0 0 0 8321884 0 0 0 0 0 0 0 0 0 0 0 0 0 0 0 0 0 0 0 0 0 0 0 0 0 0 0 0 0 0 0 0 0 0 0 0 0 0 0 0 1207620382 0 0 0 0 0 0 0 0 533882 0 343541 0 0 0 0 0 0 0 0 0 0 0 531728666 1 0 0 0 0 0 0 0 0 0 0 0 0 0 0 0 0 0 0 0 0 0 0 335776 4219 0 0 0 0 13108162 0 0 0 0 0 0 0 0 0 0 0 0 0 0 0 0 0 0 0 0 0 0 0 0 0 0 0 0 0 0 0 0 0 0 0 0 0 0 0 0 0 0 0 0 0 0 0 0 0 0 0 0 0 0 0 0 0 0 0 0 0 0 0 0 0 0 0 0 0 0 0 0 0 0 0 159705211 0 0 0
ctxt 345860270
btime 1669654930
processes 467949
procs_running 1
procs_blocked 0
softirq 533875230 378910614 25257958 713238 26123038 343481 0 60031976 30489029 557 12005339

cpu  763108 33748 1283191 468178016 100723 0 1537868 0 0 0
cpu0 99056 9522 171698 117304505 27560 0 347383 0 0 0
cpu1 433959 10210 735588 116164498 20335 0 478016 0 0 0
cpu2 117669 2833 197714 117360548 27185 0 366694 0 0 0
cpu3 112422 11183 178190 117348463 25642 0 345773 0 0 0
intr 10540949763 0 0 2422050 81 0 609751 26277301 0 0 0 8321888 0 0 0 0 0 0 0 0 0 0 0 0 0 0 0 0 0 0 0 0 0 0 0 0 0 0 0 0 0 0 0 0 0 0 0 0 0 0 0 0 1207624411 0 0 0 0 0 0 0 0 533883 0 343541 0 0 0 0 0 0 0 0 0 0 0 531728820 1 0 0 0 0 0 0 0 0 0 0 0 0 0 0 0 0 0 0 0 0 0 0 335776 4219 0 0 0 0 13108198 0 0 0 0 0 0 0 0 0 0 0 0 0 0 0 0 0 0 0 0 0 0 0 0 0 0 0 0 0 0 0 0 0 0 0 0 0 0 0 0 0 0 0 0 0 0 0 0 0 0 0 0 0 0 0 0 0 0 0 0 0 0 0 0 0 0 0 0 0 0 0 0 0 0 0 159705251 0 0 0
ctxt 345860424
btime 1669654930
processes 467949
procs_running 1
procs_blocked 0
softirq 533875336 378910622 25257981 713238 26123040 343481 0 60032007 30489054 557 12005356

cpu  763108 33748 1283193 468178204 100729 0 1537868 0 0 0
cpu0 99056 9522 171698 117304553 27560 0 347383 0 0 0
cpu1 433959 10210 735589 116164541 20339 0 478016 0 0 0
cpu2 117669 2833 197714 117360597 27185 0 366694 0 0 0
cpu3 112422 11183 178190 117348511 25643 0 345773 0 0 0
intr 10540954147 0 0 2422057 81 0 609753 26277373 0 0 0 8321893 0 0 0 0 0 0 0 0 0 0 0 0 0 0 0 0 0 0 0 0 0 0 0 0 0 0 0 0 0 0 0 0 0 0 0 0 0 0 0 0 1207628408 0 0 0 0 0 0 0 0 533884 0 343590 0 0 0 0 0 0 0 0 0 0 0 531728948 1 0 0 0 0 0 0 0 0 0 0 0 0 0 0 0 0 0 0 0 0 0 0 335825 4219 0 0 0 0 13108220 0 0 0 0 0 0 0 0 0 0 0 0 0 0 0 0 0 0 0 0 0 0 0 0 0 0 0 0 0 0 0 0 0 0 0 0 0 0 0 0 0 0 0 0 0 0 0 0 0 0 0 0 0 0 0 0 0 0 0 0 0 0 0 0 0 0 0 0 0 0 0 0 0 0 0 159705306 0 0 0
ctxt 345861006
btime 1669654930
processes 467951
procs_running 1
procs_blocked 0
softirq 533875618 378910622 25258000 713238 26123041 343530 0 60032172 30489083 557 12005375

cpu  763108 33748 1283194 468178401 100729 0 1537868 0 0 0
cpu0 99056 9522 171699 117304602 27560 0 347383 0 0 0
cpu1 433959 10210 735589 116164590 20339 0 478016 0 0 0
cpu2 117669 2833 197714 117360647 27185 0 366694 0 0 0
cpu3 112422 11183 178190 117348560 25643 0 345773 0 0 0
intr 10540958416 0 0 2422059 81 0 609753 26277401 0 0 0 8321897 0 0 0 0 0 0 0 0 0 0 0 0 0 0 0 0 0 0 0 0 0 0 0 0 0 0 0 0 0 0 0 0 0 0 0 0 0 0 0 0 1207632431 0 0 0 0 0 0 0 0 533885 0 343590 0 0 0 0 0 0 0 0 0 0 0 531729102 1 0 0 0 0 0 0 0 0 0 0 0 0 0 0 0 0 0 0 0 0 0 0 335825 4219 0 0 0 0 13108235 0 0 0 0 0 0 0 0 0 0 0 0 0 0 0 0 0 0 0 0 0 0 0 0 0 0 0 0 0 0 0 0 0 0 0 0 0 0 0 0 0 0 0 0 0 0 0 0 0 0 0 0 0 0 0 0 0 0 0 0 0 0 0 0 0 0 0 0 0 0 0 0 0 0 0 159705345 0 0 0
ctxt 345861112
btime 1669654930
processes 467951
procs_running 1
procs_blocked 0
softirq 533875699 378910630 25258018 713238 26123042 343530 0 60032188 30489107 557 12005389

cpu  763108 33748 1283194 468178598 100729 0 1537868 0 0 0
cpu0 99056 9522 171699 117304651 27560 0 347383 0 0 0
cpu1 433959 10210 735589 116164640 20339 0 478016 0 0 0
cpu2 117669 2833 197715 117360696 27185 0 366694 0 0 0
cpu3 112422 11183 178191 117348609 25643 0 345773 0 0 0
intr 10540962619 0 0 2422059 81 0 609753 26277423 0 0 0 8321901 0 0 0 0 0 0 0 0 0 0 0 0 0 0 0 0 0 0 0 0 0 0 0 0 0 0 0 0 0 0 0 0 0 0 0 0 0 0 0 0 1207636438 0 0 0 0 0 0 0 0 533886 0 343590 0 0 0 0 0 0 0 0 0 0 0 531729230 1 0 0 0 0 0 0 0 0 0 0 0 0 0 0 0 0 0 0 0 0 0 0 335825 4219 0 0 0 0 13108250 0 0 0 0 0 0 0 0 0 0 0 0 0 0 0 0 0 0 0 0 0 0 0 0 0 0 0 0 0 0 0 0 0 0 0 0 0 0 0 0 0 0 0 0 0 0 0 0 0 0 0 0 0 0 0 0 0 0 0 0 0 0 0 0 0 0 0 0 0 0 0 0 0 0 0 159705372 0 0 0
ctxt 345861198
btime 1669654930
processes 467951
procs_running 1
procs_blocked 0
softirq 533875756 378910630 25258031 713238 26123043 343530 0 60032201 30489124 557 12005402

cpu  763108 33748 1283194 468178795 100729 0 1537868 0 0 0
cpu0 99056 9522 171699 117304700 27560 0 347383 0 0 0
cpu1 433959 10210 735589 116164689 20339 0 478016 0 0 0
cpu2 117669 2833 197715 117360746 27185 0 366694 0 0 0
cpu3 112422 11183 178191 117348658 25643 0 345773 0 0 0
intr 10540966880 0 0 2422059 81 0 609753 26277454 0 0 0 8321904 0 0 0 0 0 0 0 0 0 0 0 0 0 0 0 0 0 0 0 0 0 0 0 0 0 0 0 0 0 0 0 0 0 0 0 0 0 0 0 0 1207640458 0 0 0 0 0 0 0 0 533887 0 343590 0 0 0 0 0 0 0 0 0 0 0 531729384 1 0 0 0 0 0 0 0 0 0 0 0 0 0 0 0 0 0 0 0 0 0 0 335825 4219 0 0 0 0 13108270 0 0 0 0 0 0 0 0 0 0 0 0 0 0 0 0 0 0 0 0 0 0 0 0 0 0 0 0 0 0 0 0 0 0 0 0 0 0 0 0 0 0 0 0 0 0 0 0 0 0 0 0 0 0 0 0 0 0 0 0 0 0 0 0 0 0 0 0 0 0 0 0 0 0 0 159705404 0 0 0
ctxt 345861311
btime 1669654930
processes 467951
procs_running 1
procs_blocked 0
softirq 533875833 378910638 25258047 713238 26123044 343530 0 60032221 30489144 557 12005414

cpu  763108 33748 1283194 468178992 100729 0 1537868 0 0 0
cpu0 99056 9522 171699 117304749 27560 0 347383 0 0 0
cpu1 433959 10210 735589 116164739 20339 0 478016 0 0 0
cpu2 117669 2833 197715 117360795 27185 0 366694 0 0 0
cpu3 112422 11183 178191 117348708 25643 0 345773 0 0 0
intr 10540971093 0 0 2422060 81 0 609753 26277476 0 0 0 8321908 0 0 0 0 0 0 0 0 0 0 0 0 0 0 0 0 0 0 0 0 0 0 0 0 0 0 0 0 0 0 0 0 0 0 0 0 0 0 0 0 1207644456 0 0 0 0 0 0 0 0 533888 0 343590 0 0 0 0 0 0 0 0 0 0 0 531729512 1 0 0 0 0 0 0 0 0 0 0 0 0 0 0 0 0 0 0 0 0 0 0 335825 4219 0 0 0 0 13108294 0 0 0 0 0 0 0 0 0 0 0 0 0 0 0 0 0 0 0 0 0 0 0 0 0 0 0 0 0 0 0 0 0 0 0 0 0 0 0 0 0 0 0 0 0 0 0 0 0 0 0 0 0 0 0 0 0 0 0 0 0 0 0 0 0 0 0 0 0 0 0 0 0 0 0 159705440 0 0 0
ctxt 345861415
btime 1669654930
processes 467951
procs_running 2
procs_blocked 0
softirq 533875902 378910638 25258065 713238 26123045 343530 0 60032241 30489163 557 12005425

cpu  763108 33748 1283195 468179188 100729 0 1537868 0 0 0
cpu0 99056 9522 171699 117304798 27560 0 347383 0 0 0
cpu1 433959 10210 735589 116164788 20339 0 478016 0 0 0
cpu2 117669 2833 197715 117360844 27185 0 366694 0 0 0
cpu3 112422 11183 178191 117348757 25643 0 345773 0 0 0
intr 10540975361 0 0 2422060 81 0 609753 26277508 0 0 0 8321912 0 0 0 0 0 0 0 0 0 0 0 0 0 0 0 0 0 0 0 0 0 0 0 0 0 0 0 0 0 0 0 0 0 0 0 0 0 0 0 0 1207648475 0 0 0 0 0 0 0 0 533889 0 343590 0 0 0 0 0 0 0 0 0 0 0 531729666 1 0 0 0 0 0 0 0 0 0 0 0 0 0 0 0 0 0 0 0 0 0 0 335825 4219 0 0 0 0 13108318 0 0 0 0 0 0 0 0 0 0 0 0 0 0 0 0 0 0 0 0 0 0 0 0 0 0 0 0 0 0 0 0 0 0 0 0 0 0 0 0 0 0 0 0 0 0 0 0 0 0 0 0 0 0 0 0 0 0 0 0 0 0 0 0 0 0 0 0 0 0 0 0 0 0 0 159705473 0 0 0
ctxt 345861541
btime 1669654930
processes 467951
procs_running 1
procs_blocked 0
softirq 533875979 378910646 25258082 713238 26123046 343530 0 60032262 30489182 557 12005436

cpu  763109 33748 1283195 468179385 100729 0 1537868 0 0 0
cpu0 99056 9522 171699 117304847 27560 0 347383 0 0 0
cpu1 433959 10210 735589 116164837 20339 0 478016 0 0 0
cpu2 117670 2833 197715 117360894 27185 0 366694 0 0 0
cpu3 112423 11183 178191 117348805 25643 0 345773 0 0 0
intr 10540979568 0 0 2422060 81 0 609755 26277528 0 0 0 8321916 0 0 0 0 0 0 0 0 0 0 0 0 0 0 0 0 0 0 0 0 0 0 0 0 0 0 0 0 0 0 0 0 0 0 0 0 0 0 0 0 1207652480 0 0 0 0 0 0 0 0 533890 0 343590 0 0 0 0 0 0 0 0 0 0 0 531729794 1 0 0 0 0 0 0 0 0 0 0 0 0 0 0 0 0 0 0 0 0 0 0 335825 4219 0 0 0 0 13108333 0 0 0 0 0 0 0 0 0 0 0 0 0 0 0 0 0 0 0 0 0 0 0 0 0 0 0 0 0 0 0 0 0 0 0 0 0 0 0 0 0 0 0 0 0 0 0 0 0 0 0 0 0 0 0 0 0 0 0 0 0 0 0 0 0 0 0 0 0 0 0 0 0 0 0 159705504 0 0 0
ctxt 345861621
btime 1669654930
processes 467951
procs_running 1
procs_blocked 0
softirq 533876036 378910646 25258096 713238 26123047 343530 0 60032275 30489199 557 12005448

cpu  763109 33748 1283195 468179582 100729 0 1537868 0 0 0
cpu0 99056 9522 171699 117304897 27560 0 347383 0 0 0
cpu1 433959 10210 735589 116164887 20339 0 478016 0 0 0
cpu2 117670 2833 197716 117360943 27185 0 366694 0 0 0
cpu3 112423 11183 178191 117348854 25643 0 345773 0 0 0
intr 10540983823 0 0 2422060 81 0 609755 26277557 0 0 0 8321920 0 0 0 0 0 0 0 0 0 0 0 0 0 0 0 0 0 0 0 0 0 0 0 0 0 0 0 0 0 0 0 0 0 0 0 0 0 0 0 0 1207656503 0 0 0 0 0 0 0 0 533891 0 343590 0 0 0 0 0 0 0 0 0 0 0 531729948 1 0 0 0 0 0 0 0 0 0 0 0 0 0 0 0 0 0 0 0 0 0 0 335825 4219 0 0 0 0 13108348 0 0 0 0 0 0 0 0 0 0 0 0 0 0 0 0 0 0 0 0 0 0 0 0 0 0 0 0 0 0 0 0 0 0 0 0 0 0 0 0 0 0 0 0 0 0 0 0 0 0 0 0 0 0 0 0 0 0 0 0 0 0 0 0 0 0 0 0 0 0 0 0 0 0 0 159705534 0 0 0
ctxt 345861722
btime 1669654930
processes 467951
procs_running 1
procs_blocked 0
softirq 533876109 378910654 25258111 713238 26123048 343530 0 60032291 30489219 557 12005461

cpu  763109 33748 1283196 468179778 100730 0 1537868 0 0 0
cpu0 99056 9522 171699 117304946 27560 0 347383 0 0 0
cpu1 433959 10210 735589 116164936 20339 0 478016 0 0 0
cpu2 117670 2833 197716 117360992 27185 0 366694 0 0 0
cpu3 112423 11183 178191 117348903 25644 0 345773 0 0 0
intr 10540988046 0 0 2422061 81 0 609756 26277587 0 0 0 8321924 0 0 0 0 0 0 0 0 0 0 0 0 0 0 0 0 0 0 0 0 0 0 0 0 0 0 0 0 0 0 0 0 0 0 0 0 0 0 0 0 1207660500 0 0 0 0 0 0 0 0 533892 0 343593 0 0 0 0 0 0 0 0 0 0 0 531730076 1 0 0 0 0 0 0 0 0 0 0 0 0 0 0 0 0 0 0 0 0 0 0 335828 4219 0 0 0 0 13108363 0 0 0 0 0 0 0 0 0 0 0 0 0 0 0 0 0 0 0 0 0 0 0 0 0 0 0 0 0 0 0 0 0 0 0 0 0 0 0 0 0 0 0 0 0 0 0 0 0 0 0 0 0 0 0 0 0 0 0 0 0 0 0 0 0 0 0 0 0 0 0 0 0 0 0 159705574 0 0 0
ctxt 345861850
btime 1669654930
processes 467951
procs_running 1
procs_blocked 0
softirq 533876193 378910654 25258127 713239 26123049 343533 0 60032313 30489244 557 12005477

cpu  763109 33748 1283196 468179975 100730 0 1537868 0 0 0
cpu0 99056 9522 171699 117304995 27560 0 347383 0 0 0
cpu1 433959 10210 735589 116164986 20339 0 478016 0 0 0
cpu2 117670 2833 197716 117361041 27185 0 366694 0 0 0
cpu3 112423 11183 178191 117348951 25644 0 345773 0 0 0
intr 10540992348 0 0 2422061 81 0 609756 26277629 0 0 0 8321928 0 0 0 0 0 0 0 0 0 0 0 0 0 0 0 0 0 0 0 0 0 0 0 0 0 0 0 0 0 0 0 0 0 0 0 0 0 0 0 0 1207664529 0 0 0 0 0 0 0 0 533893 0 343593 0 0 0 0 0 0 0 0 0 0 0 531730230 1 0 0 0 0 0 0 0 0 0 0 0 0 0 0 0 0 0 0 0 0 0 0 335828 4219 0 0 0 0 13108399 0 0 0 0 0 0 0 0 0 0 0 0 0 0 0 0 0 0 0 0 0 0 0 0 0 0 0 0 0 0 0 0 0 0 0 0 0 0 0 0 0 0 0 0 0 0 0 0 0 0 0 0 0 0 0 0 0 0 0 0 0 0 0 0 0 0 0 0 0 0 0 0 0 0 0 159705610 0 0 0
ctxt 345861998
btime 1669654930
processes 467951
procs_running 1
procs_blocked 0
softirq 533876291 378910662 25258146 713239 26123051 343533 0 60032345 30489268 557 12005490

cpu  763109 33748 1283196 468180172 100730 0 1537868 0 0 0
cpu0 99056 9522 171699 117305044 27560 0 347383 0 0 0
cpu1 433959 10210 735589 116165035 20339 0 478016 0 0 0
cpu2 117670 2833 197716 117361091 27185 0 366694 0 0 0
cpu3 112423 11183 178191 117349000 25644 0 345773 0 0 0
intr 10540996537 0 0 2422061 81 0 609756 26277648 0 0 0 8321931 0 0 0 0 0 0 0 0 0 0 0 0 0 0 0 0 0 0 0 0 0 0 0 0 0 0 0 0 0 0 0 0 0 0 0 0 0 0 0 0 1207668525 0 0 0 0 0 0 0 0 533894 0 343593 0 0 0 0 0 0 0 0 0 0 0 531730358 1 0 0 0 0 0 0 0 0 0 0 0 0 0 0 0 0 0 0 0 0 0 0 335828 4219 0 0 0 0 13108414 0 0 0 0 0 0 0 0 0 0 0 0 0 0 0 0 0 0 0 0 0 0 0 0 0 0 0 0 0 0 0 0 0 0 0 0 0 0 0 0 0 0 0 0 0 0 0 0 0 0 0 0 0 0 0 0 0 0 0 0 0 0 0 0 0 0 0 0 0 0 0 0 0 0 0 159705638 0 0 0
ctxt 345862065
btime 1669654930
processes 467951
procs_running 1
procs_blocked 0
softirq 533876346 378910662 25258159 713239 26123052 343533 0 60032358 30489285 557 12005501

cpu  763109 33748 1283196 468180369 100730 0 1537868 0 0 0
cpu0 99056 9522 171699 117305093 27560 0 347383 0 0 0
cpu1 433959 10210 735589 116165085 20339 0 478016 0 0 0
cpu2 117670 2833 197716 117361140 27185 0 366694 0 0 0
cpu3 112423 11183 178191 117349050 25644 0 345773 0 0 0
intr 10541000777 0 0 2422061 81 0 609756 26277685 0 0 0 8321935 0 0 0 0 0 0 0 0 0 0 0 0 0 0 0 0 0 0 0 0 0 0 0 0 0 0 0 0 0 0 0 0 0 0 0 0 0 0 0 0 1207672529 0 0 0 0 0 0 0 0 533895 0 343593 0 0 0 0 0 0 0 0 0 0 0 531730488 1 0 0 0 0 0 0 0 0 0 0 0 0 0 0 0 0 0 0 0 0 0 0 335828 4219 0 0 0 0 13108446 0 0 0 0 0 0 0 0 0 0 0 0 0 0 0 0 0 0 0 0 0 0 0 0 0 0 0 0 0 0 0 0 0 0 0 0 0 0 0 0 0 0 0 0 0 0 0 0 0 0 0 0 0 0 0 0 0 0 0 0 0 0 0 0 0 0 0 0 0 0 0 0 0 0 0 159705668 0 0 0
ctxt 345862178
btime 1669654930
processes 467951
procs_running 1
procs_blocked 0
softirq 533876426 378910662 25258175 713239 26123054 343533 0 60032386 30489306 557 12005514

cpu  763109 33748 1283196 468180565 100730 0 1537868 0 0 0
cpu0 99056 9522 171699 117305142 27560 0 347383 0 0 0
cpu1 433959 10210 735589 116165134 20339 0 478016 0 0 0
cpu2 117670 2833 197716 117361189 27185 0 366694 0 0 0
cpu3 112423 11183 178191 117349099 25644 0 345774 0 0 0
intr 10541005031 0 0 2422062 81 0 609756 26277712 0 0 0 8321938 0 0 0 0 0 0 0 0 0 0 0 0 0 0 0 0 0 0 0 0 0 0 0 0 0 0 0 0 0 0 0 0 0 0 0 0 0 0 0 0 1207676552 0 0 0 0 0 0 0 0 533896 0 343593 0 0 0 0 0 0 0 0 0 0 0 531730640 1 0 0 0 0 0 0 0 0 0 0 0 0 0 0 0 0 0 0 0 0 0 0 335828 4219 0 0 0 0 13108461 0 0 0 0 0 0 0 0 0 0 0 0 0 0 0 0 0 0 0 0 0 0 0 0 0 0 0 0 0 0 0 0 0 0 0 0 0 0 0 0 0 0 0 0 0 0 0 0 0 0 0 0 0 0 0 0 0 0 0 0 0 0 0 0 0 0 0 0 0 0 0 0 0 0 0 159705703 0 0 0
ctxt 345862273
btime 1669654930
processes 467951
procs_running 1
procs_blocked 0
softirq 533876501 378910670 25258192 713239 26123055 343533 0 60032402 30489326 557 12005527

cpu  763109 33748 1283197 468180763 100730 0 1537868 0 0 0
cpu0 99056 9522 171699 117305191 27560 0 347383 0 0 0
cpu1 433959 10210 735589 116165183 20339 0 478016 0 0 0
cpu2 117670 2833 197717 117361239 27185 0 366694 0 0 0
cpu3 112423 11183 178191 117349148 25644 0 345774 0 0 0
intr 10541009237 0 0 2422062 81 0 609756 26277733 0 0 0 8321942 0 0 0 0 0 0 0 0 0 0 0 0 0 0 0 0 0 0 0 0 0 0 0 0 0 0 0 0 0 0 0 0 0 0 0 0 0 0 0 0 1207680556 0 0 0 0 0 0 0 0 533897 0 343593 0 0 0 0 0 0 0 0 0 0 0 531730770 1 0 0 0 0 0 0 0 0 0 0 0 0 0 0 0 0 0 0 0 0 0 0 335828 4219 0 0 0 0 13108476 0 0 0 0 0 0 0 0 0 0 0 0 0 0 0 0 0 0 0 0 0 0 0 0 0 0 0 0 0 0 0 0 0 0 0 0 0 0 0 0 0 0 0 0 0 0 0 0 0 0 0 0 0 0 0 0 0 0 0 0 0 0 0 0 0 0 0 0 0 0 0 0 0 0 0 159705732 0 0 0
ctxt 345862357
btime 1669654930
processes 467951
procs_running 1
procs_blocked 0
softirq 533876565 378910670 25258206 713239 26123056 343533 0 60032416 30489346 557 12005542
