cpu  1648860 6672 2253932 107495395 37343 0 926605 0 0 0
cpu0 13330 1046 24232 27815435 12102 0 219570 0 0 0
cpu1 1595717 3224 2161371 24092695 3722 0 273853 0 0 0
cpu2 25019 2306 42858 27775426 8845 0 233056 0 0 0
cpu3 14792 94 25470 27811837 12671 0 200124 0 0 0
intr 2670099264 0 0 378575 75 0 163479 6973309 0 0 0 1727919 0 0 0 0 0 0 0 0 0 0 0 0 0 0 0 0 0 0 0 0 0 0 0 0 0 0 0 0 0 0 0 0 0 0 0 0 0 0 0 0 2406677984 0 0 0 0 0 0 0 0 58024 0 132555 0 0 0 0 0 0 0 0 0 0 0 195355068 1 0 0 0 0 0 0 0 0 0 0 0 0 0 0 0 0 0 0 0 0 0 0 127056 4213 0 0 0 0 3916747 0 0 0 0 0 0 0 0 0 0 0 0 0 0 0 0 0 0 0 0 0 0 0 0 0 0 0 0 0 0 0 0 0 0 0 0 0 0 0 0 0 0 0 0 0 0 0 0 0 0 0 0 0 0 0 0 0 0 0 0 0 0 0 0 0 0 0 0 0 0 0 0 0 0 0 54584260 0 0 0
ctxt 97639532
btime 1673080802
processes 124582
procs_running 1
procs_blocked 0
softirq 283886114 234030233 6334199 575006 9841775 132516 0 23301983 7529411 5 2140986

cpu  1648861 6672 2253936 107495585 37343 0 926605 0 0 0
cpu0 13330 1046 24232 27815485 12102 0 219570 0 0 0
cpu1 1595717 3224 2161372 24092741 3722 0 273853 0 0 0
cpu2 25020 2306 42860 27775472 8845 0 233056 0 0 0
cpu3 14792 94 25470 27811887 12671 0 200124 0 0 0
intr 2670104396 0 0 378579 75 0 163479 6973332 0 0 0 1727924 0 0 0 0 0 0 0 0 0 0 0 0 0 0 0 0 0 0 0 0 0 0 0 0 0 0 0 0 0 0 0 0 0 0 0 0 0 0 0 0 2406681988 0 0 0 0 0 0 0 0 58024 0 132555 0 0 0 0 0 0 0 0 0 0 0 195355196 1 0 0 0 0 0 0 0 0 0 0 0 0 0 0 0 0 0 0 0 0 0 0 127056 4213 0 0 0 0 3916769 0 0 0 0 0 0 0 0 0 0 0 0 0 0 0 0 0 0 0 0 0 0 0 0 0 0 0 0 0 0 0 0 0 0 0 0 0 0 0 0 0 0 0 0 0 0 0 0 0 0 0 0 0 0 0 0 0 0 0 0 0 0 0 0 0 0 0 0 0 0 0 0 0 0 0 54585207 0 0 0
ctxt 97641413
btime 1673080802
processes 124582
procs_running 1
procs_blocked 0
softirq 283886191 234030233 6334214 575006 9841776 132516 0 23302001 7529445 5 2140995

cpu  1648862 6672 2253940 107495776 37343 0 926605 0 0 0
cpu0 13330 1046 24232 27815534 12102 0 219570 0 0 0
cpu1 1595717 3224 2161375 24092787 3722 0 273853 0 0 0
cpu2 25021 2306 42861 27775518 8845 0 233056 0 0 0
cpu3 14792 94 25470 27811936 12671 0 200124 0 0 0
intr 2670109597 0 0 378587 75 0 163479 6973368 0 0 0 1727929 0 0 0 0 0 0 0 0 0 0 0 0 0 0 0 0 0 0 0 0 0 0 0 0 0 0 0 0 0 0 0 0 0 0 0 0 0 0 0 0 2406686016 0 0 0 0 0 0 0 0 58024 0 132555 0 0 0 0 0 0 0 0 0 0 0 195355348 1 0 0 0 0 0 0 0 0 0 0 0 0 0 0 0 0 0 0 0 0 0 0 127056 4213 0 0 0 0 3916791 0 0 0 0 0 0 0 0 0 0 0 0 0 0 0 0 0 0 0 0 0 0 0 0 0 0 0 0 0 0 0 0 0 0 0 0 0 0 0 0 0 0 0 0 0 0 0 0 0 0 0 0 0 0 0 0 0 0 0 0 0 0 0 0 0 0 0 0 0 0 0 0 0 0 0 54586156 0 0 0
ctxt 97643333
btime 1673080802
processes 124582
procs_running 1
procs_blocked 0
softirq 283886277 234030241 6334231 575006 9841777 132516 0 23302020 7529477 5 2141004

cpu  1648864 6672 2253943 107495966 37343 0 926605 0 0 0
cpu0 13330 1046 24233 27815583 12102 0 219570 0 0 0
cpu1 1595718 3224 2161377 24092832 3722 0 273853 0 0 0
cpu2 25022 2306 42862 27775564 8845 0 233056 0 0 0
cpu3 14792 94 25470 27811985 12671 0 200124 0 0 0
intr 2670114728 0 0 378591 75 0 163479 6973398 0 0 0 1727934 0 0 0 0 0 0 0 0 0 0 0 0 0 0 0 0 0 0 0 0 0 0 0 0 0 0 0 0 0 0 0 0 0 0 0 0 0 0 0 0 2406690012 0 0 0 0 0 0 0 0 58024 0 132555 0 0 0 0 0 0 0 0 0 0 0 195355476 1 0 0 0 0 0 0 0 0 0 0 0 0 0 0 0 0 0 0 0 0 0 0 127056 4213 0 0 0 0 3916813 0 0 0 0 0 0 0 0 0 0 0 0 0 0 0 0 0 0 0 0 0 0 0 0 0 0 0 0 0 0 0 0 0 0 0 0 0 0 0 0 0 0 0 0 0 0 0 0 0 0 0 0 0 0 0 0 0 0 0 0 0 0 0 0 0 0 0 0 0 0 0 0 0 0 0 54587103 0 0 0
ctxt 97645226
btime 1673080802
processes 124582
procs_running 1
procs_blocked 0
softirq 283886350 234030241 6334244 575006 9841778 132516 0 23302038 7529509 5 2141013

cpu  1648865 6672 2253948 107496156 37343 0 926605 0 0 0
cpu0 13330 1046 24233 27815632 12102 0 219570 0 0 0
cpu1 1595718 3224 2161379 24092878 3722 0 273853 0 0 0
cpu2 25022 2306 42865 27775609 8845 0 233056 0 0 0
cpu3 14792 94 25470 27812035 12671 0 200124 0 0 0
intr 2670119937 0 0 378596 75 0 163479 6973431 0 0 0 1727939 0 0 0 0 0 0 0 0 0 0 0 0 0 0 0 0 0 0 0 0 0 0 0 0 0 0 0 0 0 0 0 0 0 0 0 0 0 0 0 0 2406694041 0 0 0 0 0 0 0 0 58024 0 132555 0 0 0 0 0 0 0 0 0 0 0 195355630 1 0 0 0 0 0 0 0 0 0 0 0 0 0 0 0 0 0 0 0 0 0 0 127056 4213 0 0 0 0 3916835 0 0 0 0 0 0 0 0 0 0 0 0 0 0 0 0 0 0 0 0 0 0 0 0 0 0 0 0 0 0 0 0 0 0 0 0 0 0 0 0 0 0 0 0 0 0 0 0 0 0 0 0 0 0 0 0 0 0 0 0 0 0 0 0 0 0 0 0 0 0 0 0 0 0 0 54588062 0 0 0
ctxt 97647154
btime 1673080802
processes 124582
procs_running 1
procs_blocked 0
softirq 283886451 234030249 6334264 575006 9841779 132516 0 23302058 7529549 5 2141025

cpu  1648866 6672 2253951 107496346 37343 0 926605 0 0 0
cpu0 13330 1046 24233 27815682 12102 0 219570 0 0 0
cpu1 1595719 3224 2161380 24092924 3722 0 273853 0 0 0
cpu2 25023 2306 42866 27775655 8845 0 233056 0 0 0
cpu3 14792 94 25470 27812084 12671 0 200124 0 0 0
intr 2670125068 0 0 378600 75 0 163479 6973459 0 0 0 1727944 0 0 0 0 0 0 0 0 0 0 0 0 0 0 0 0 0 0 0 0 0 0 0 0 0 0 0 0 0 0 0 0 0 0 0 0 0 0 0 0 2406698038 0 0 0 0 0 0 0 0 58024 0 132555 0 0 0 0 0 0 0 0 0 0 0 195355758 1 0 0 0 0 0 0 0 0 0 0 0 0 0 0 0 0 0 0 0 0 0 0 127056 4213 0 0 0 0 3916857 0 0 0 0 0 0 0 0 0 0 0 0 0 0 0 0 0 0 0 0 0 0 0 0 0 0 0 0 0 0 0 0 0 0 0 0 0 0 0 0 0 0 0 0 0 0 0 0 0 0 0 0 0 0 0 0 0 0 0 0 0 0 0 0 0 0 0 0 0 0 0 0 0 0 0 54589011 0 0 0
ctxt 97649051
btime 1673080802
processes 124582
procs_running 1
procs_blocked 0
softirq 283886529 234030249 6334279 575006 9841780 132516 0 23302076 7529581 5 2141037

cpu  1648866 6672 2253956 107496537 37343 0 926605 0 0 0
cpu0 13330 1046 24233 27815731 12102 0 219570 0 0 0
cpu1 1595719 3224 2161382 24092970 3722 0 273853 0 0 0
cpu2 25023 2306 42869 27775701 8845 0 233056 0 0 0
cpu3 14792 94 25470 27812134 12671 0 200124 0 0 0
intr 2670130270 0 0 378604 75 0 163479 6973491 0 0 0 1727949 0 0 0 0 0 0 0 0 0 0 0 0 0 0 0 0 0 0 0 0 0 0 0 0 0 0 0 0 0 0 0 0 0 0 0 0 0 0 0 0 2406702067 0 0 0 0 0 0 0 0 58024 0 132555 0 0 0 0 0 0 0 0 0 0 0 195355912 1 0 0 0 0 0 0 0 0 0 0 0 0 0 0 0 0 0 0 0 0 0 0 127056 4213 0 0 0 0 3916879 0 0 0 0 0 0 0 0 0 0 0 0 0 0 0 0 0 0 0 0 0 0 0 0 0 0 0 0 0 0 0 0 0 0 0 0 0 0 0 0 0 0 0 0 0 0 0 0 0 0 0 0 0 0 0 0 0 0 0 0 0 0 0 0 0 0 0 0 0 0 0 0 0 0 0 54589967 0 0 0
ctxt 97650970
btime 1673080802
processes 124582
procs_running 2
procs_blocked 0
softirq 283886631 234030257 6334299 575007 9841781 132516 0 23302096 7529620 5 2141050

cpu  1648867 6672 2253960 107496727 37343 0 926605 0 0 0
cpu0 13330 1046 24233 27815780 12102 0 219570 0 0 0
cpu1 1595720 3224 2161384 24093015 3722 0 273853 0 0 0
cpu2 25024 2306 42872 27775747 8845 0 233056 0 0 0
cpu3 14792 94 25470 27812183 12671 0 200124 0 0 0
intr 2670135409 0 0 378608 75 0 163479 6973522 0 0 0 1727954 0 0 0 0 0 0 0 0 0 0 0 0 0 0 0 0 0 0 0 0 0 0 0 0 0 0 0 0 0 0 0 0 0 0 0 0 0 0 0 0 2406706064 0 0 0 0 0 0 0 0 58024 0 132555 0 0 0 0 0 0 0 0 0 0 0 195356040 1 0 0 0 0 0 0 0 0 0 0 0 0 0 0 0 0 0 0 0 0 0 0 127056 4213 0 0 0 0 3916901 0 0 0 0 0 0 0 0 0 0 0 0 0 0 0 0 0 0 0 0 0 0 0 0 0 0 0 0 0 0 0 0 0 0 0 0 0 0 0 0 0 0 0 0 0 0 0 0 0 0 0 0 0 0 0 0 0 0 0 0 0 0 0 0 0 0 0 0 0 0 0 0 0 0 0 54590918 0 0 0
ctxt 97652869
btime 1673080802
processes 124582
procs_running 1
procs_blocked 0
softirq 283886713 234030257 6334314 575007 9841782 132516 0 23302114 7529656 5 2141062

cpu  1648868 6672 2253963 107496917 37343 0 926605 0 0 0
cpu0 13330 1046 24233 27815829 12102 0 219570 0 0 0
cpu1 1595720 3224 2161386 24093061 3722 0 273853 0 0 0
cpu2 25024 2306 42873 27775793 8845 0 233056 0 0 0
cpu3 14792 94 25470 27812232 12671 0 200124 0 0 0
intr 2670140626 0 0 378617 75 0 163479 6973558 0 0 0 1727959 0 0 0 0 0 0 0 0 0 0 0 0 0 0 0 0 0 0 0 0 0 0 0 0 0 0 0 0 0 0 0 0 0 0 0 0 0 0 0 0 2406710084 0 0 0 0 0 0 0 0 58024 0 132555 0 0 0 0 0 0 0 0 0 0 0 195356194 1 0 0 0 0 0 0 0 0 0 0 0 0 0 0 0 0 0 0 0 0 0 0 127056 4213 0 0 0 0 3916923 0 0 0 0 0 0 0 0 0 0 0 0 0 0 0 0 0 0 0 0 0 0 0 0 0 0 0 0 0 0 0 0 0 0 0 0 0 0 0 0 0 0 0 0 0 0 0 0 0 0 0 0 0 0 0 0 0 0 0 0 0 0 0 0 0 0 0 0 0 0 0 0 0 0 0 54591888 0 0 0
ctxt 97654798
btime 1673080802
processes 124582
procs_running 1
procs_blocked 0
softirq 283886822 234030265 6334333 575007 9841783 132516 0 23302133 7529695 5 2141085

cpu  1648870 6672 2253967 107497107 37343 0 926605 0 0 0
cpu0 13330 1046 24233 27815879 12102 0 219570 0 0 0
cpu1 1595720 3224 2161388 24093107 3722 0 273853 0 0 0
cpu2 25026 2306 42875 27775839 8845 0 233056 0 0 0
cpu3 14792 94 25470 27812282 12671 0 200124 0 0 0
intr 2670145816 0 0 378625 75 0 163479 6973601 0 0 0 1727964 0 0 0 0 0 0 0 0 0 0 0 0 0 0 0 0 0 0 0 0 0 0 0 0 0 0 0 0 0 0 0 0 0 0 0 0 0 0 0 0 2406714089 0 0 0 0 0 0 0 0 58024 0 132555 0 0 0 0 0 0 0 0 0 0 0 195356323 1 0 0 0 0 0 0 0 0 0 0 0 0 0 0 0 0 0 0 0 0 0 0 127056 4213 0 0 0 0 3916960 0 0 0 0 0 0 0 0 0 0 0 0 0 0 0 0 0 0 0 0 0 0 0 0 0 0 0 0 0 0 0 0 0 0 0 0 0 0 0 0 0 0 0 0 0 0 0 0 0 0 0 0 0 0 0 0 0 0 0 0 0 0 0 0 0 0 0 0 0 0 0 0 0 0 0 54592851 0 0 0
ctxt 97656748
btime 1673080802
processes 124582
procs_running 1
procs_blocked 0
softirq 283886929 234030265 6334351 575007 9841785 132516 0 23302164 7529733 5 2141103

cpu  1648872 6672 2253970 107497297 37343 0 926605 0 0 0
cpu0 13330 1046 24233 27815928 12102 0 219570 0 0 0
cpu1 1595720 3224 2161390 24093153 3722 0 273853 0 0 0
cpu2 25028 2306 42876 27775884 8845 0 233056 0 0 0
cpu3 14792 94 25470 27812331 12671 0 200124 0 0 0
intr 2670151006 0 0 378629 75 0 163479 6973636 0 0 0 1727969 0 0 0 0 0 0 0 0 0 0 0 0 0 0 0 0 0 0 0 0 0 0 0 0 0 0 0 0 0 0 0 0 0 0 0 0 0 0 0 0 2406718108 0 0 0 0 0 0 0 0 58024 0 132555 0 0 0 0 0 0 0 0 0 0 0 195356476 1 0 0 0 0 0 0 0 0 0 0 0 0 0 0 0 0 0 0 0 0 0 0 127056 4213 0 0 0 0 3916982 0 0 0 0 0 0 0 0 0 0 0 0 0 0 0 0 0 0 0 0 0 0 0 0 0 0 0 0 0 0 0 0 0 0 0 0 0 0 0 0 0 0 0 0 0 0 0 0 0 0 0 0 0 0 0 0 0 0 0 0 0 0 0 0 0 0 0 0 0 0 0 0 0 0 0 54593804 0 0 0
ctxt 97658663
btime 1673080802
processes 124582
procs_running 1
procs_blocked 0
softirq 283887021 234030273 6334368 575007 9841786 132516 0 23302183 7529768 5 2141115

cpu  1648876 6672 2253977 107497481 37343 0 926605 0 0 0
cpu0 13331 1046 24234 27815975 12102 0 219570 0 0 0
cpu1 1595722 3224 2161391 24093196 3722 0 273853 0 0 0
cpu2 25029 2306 42880 27775929 8845 0 233056 0 0 0
cpu3 14793 94 25471 27812379 12671 0 200124 0 0 0
intr 2670156303 0 0 378633 75 0 163493 6973705 0 0 0 1727974 0 0 0 0 0 0 0 0 0 0 0 0 0 0 0 0 0 0 0 0 0 0 0 0 0 0 0 0 0 0 0 0 0 0 0 0 0 0 0 0 2406722112 0 0 0 0 0 0 0 0 58024 0 132555 0 0 0 0 0 0 0 0 0 0 0 195356606 1 0 0 0 0 0 0 0 0 0 0 0 0 0 0 0 0 0 0 0 0 0 0 127056 4213 0 0 0 0 3917018 0 0 0 0 0 0 0 0 0 0 0 0 0 0 0 0 0 0 0 0 0 0 0 0 0 0 0 0 0 0 0 0 0 0 0 0 0 0 0 0 0 0 0 0 0 0 0 0 0 0 0 0 0 0 0 0 0 0 0 0 0 0 0 0 0 0 0 0 0 0 0 0 0 0 0 54594840 0 0 0
ctxt 97660668
btime 1673080802
processes 124593
procs_running 1
procs_blocked 0
softirq 283887258 234030273 6334400 575007 9841789 132516 0 23302211 7529866 5 2141191

cpu  1648876 6672 2253983 107497671 37343 0 926605 0 0 0
cpu0 13331 1046 24234 27816025 12102 0 219570 0 0 0
cpu1 1595722 3224 2161394 24093242 3722 0 273853 0 0 0
cpu2 25029 2306 42883 27775975 8845 0 233056 0 0 0
cpu3 14793 94 25471 27812428 12671 0 200124 0 0 0
intr 2670161515 0 0 378638 75 0 163493 6973747 0 0 0 1727979 0 0 0 0 0 0 0 0 0 0 0 0 0 0 0 0 0 0 0 0 0 0 0 0 0 0 0 0 0 0 0 0 0 0 0 0 0 0 0 0 2406726139 0 0 0 0 0 0 0 0 58024 0 132555 0 0 0 0 0 0 0 0 0 0 0 195356758 1 0 0 0 0 0 0 0 0 0 0 0 0 0 0 0 0 0 0 0 0 0 0 127056 4213 0 0 0 0 3917040 0 0 0 0 0 0 0 0 0 0 0 0 0 0 0 0 0 0 0 0 0 0 0 0 0 0 0 0 0 0 0 0 0 0 0 0 0 0 0 0 0 0 0 0 0 0 0 0 0 0 0 0 0 0 0 0 0 0 0 0 0 0 0 0 0 0 0 0 0 0 0 0 0 0 0 54595798 0 0 0
ctxt 97662593
btime 1673080802
processes 124593
procs_running 1
procs_blocked 0
softirq 283887356 234030281 6334418 575007 9841790 132516 0 23302229 7529905 5 2141205

cpu  1648877 6672 2253988 107497861 37343 0 926605 0 0 0
cpu0 13331 1046 24234 27816074 12102 0 219570 0 0 0
cpu1 1595723 3224 2161396 24093288 3722 0 273853 0 0 0
cpu2 25029 2306 42886 27776021 8845 0 233057 0 0 0
cpu3 14793 94 25471 27812477 12671 0 200124 0 0 0
intr 2670166656 0 0 378642 75 0 163493 6973776 0 0 0 1727984 0 0 0 0 0 0 0 0 0 0 0 0 0 0 0 0 0 0 0 0 0 0 0 0 0 0 0 0 0 0 0 0 0 0 0 0 0 0 0 0 2406730136 0 0 0 0 0 0 0 0 58024 0 132555 0 0 0 0 0 0 0 0 0 0 0 195356888 1 0 0 0 0 0 0 0 0 0 0 0 0 0 0 0 0 0 0 0 0 0 0 127056 4213 0 0 0 0 3917059 0 0 0 0 0 0 0 0 0 0 0 0 0 0 0 0 0 0 0 0 0 0 0 0 0 0 0 0 0 0 0 0 0 0 0 0 0 0 0 0 0 0 0 0 0 0 0 0 0 0 0 0 0 0 0 0 0 0 0 0 0 0 0 0 0 0 0 0 0 0 0 0 0 0 0 54596754 0 0 0
ctxt 97664492
btime 1673080802
processes 124593
procs_running 1
procs_blocked 0
softirq 283887444 234030281 6334435 575007 9841792 132516 0 23302244 7529946 5 2141218

cpu  1648879 6672 2253991 107498051 37343 0 926605 0 0 0
cpu0 13331 1046 24234 27816123 12102 0 219570 0 0 0
cpu1 1595725 3224 2161397 24093334 3722 0 273853 0 0 0
cpu2 25029 2306 42888 27776066 8845 0 233057 0 0 0
cpu3 14793 94 25471 27812527 12671 0 200124 0 0 0
intr 2670171847 0 0 378646 75 0 163493 6973810 0 0 0 1727989 0 0 0 0 0 0 0 0 0 0 0 0 0 0 0 0 0 0 0 0 0 0 0 0 0 0 0 0 0 0 0 0 0 0 0 0 0 0 0 0 2406734156 0 0 0 0 0 0 0 0 58024 0 132555 0 0 0 0 0 0 0 0 0 0 0 195357040 1 0 0 0 0 0 0 0 0 0 0 0 0 0 0 0 0 0 0 0 0 0 0 127056 4213 0 0 0 0 3917081 0 0 0 0 0 0 0 0 0 0 0 0 0 0 0 0 0 0 0 0 0 0 0 0 0 0 0 0 0 0 0 0 0 0 0 0 0 0 0 0 0 0 0 0 0 0 0 0 0 0 0 0 0 0 0 0 0 0 0 0 0 0 0 0 0 0 0 0 0 0 0 0 0 0 0 54597708 0 0 0
ctxt 97666399
btime 1673080802
processes 124593
procs_running 1
procs_blocked 0
softirq 283887539 234030289 6334453 575007 9841793 132516 0 23302264 7529980 5 2141232

cpu  1648880 6672 2253994 107498241 37343 0 926605 0 0 0
cpu0 13331 1046 24234 27816172 12102 0 219570 0 0 0
cpu1 1595725 3224 2161398 24093379 3722 0 273853 0 0 0
cpu2 25030 2306 42890 27776112 8845 0 233057 0 0 0
cpu3 14793 94 25471 27812576 12671 0 200124 0 0 0
intr 2670176987 0 0 378650 75 0 163493 6973840 0 0 0 1727994 0 0 0 0 0 0 0 0 0 0 0 0 0 0 0 0 0 0 0 0 0 0 0 0 0 0 0 0 0 0 0 0 0 0 0 0 0 0 0 0 2406738161 0 0 0 0 0 0 0 0 58024 0 132555 0 0 0 0 0 0 0 0 0 0 0 195357170 1 0 0 0 0 0 0 0 0 0 0 0 0 0 0 0 0 0 0 0 0 0 0 127056 4213 0 0 0 0 3917100 0 0 0 0 0 0 0 0 0 0 0 0 0 0 0 0 0 0 0 0 0 0 0 0 0 0 0 0 0 0 0 0 0 0 0 0 0 0 0 0 0 0 0 0 0 0 0 0 0 0 0 0 0 0 0 0 0 0 0 0 0 0 0 0 0 0 0 0 0 0 0 0 0 0 0 54598657 0 0 0
ctxt 97668303
btime 1673080802
processes 124593
procs_running 1
procs_blocked 0
softirq 283887616 234030289 6334469 575008 9841795 132516 0 23302279 7530011 5 2141244

cpu  1648880 6672 2253997 107498431 37343 0 926605 0 0 0
cpu0 13331 1046 24234 27816221 12102 0 219570 0 0 0
cpu1 1595725 3224 2161400 24093425 3722 0 273853 0 0 0
cpu2 25030 2306 42891 27776158 8845 0 233057 0 0 0
cpu3 14793 94 25471 27812625 12671 0 200124 0 0 0
intr 2670182181 0 0 378655 75 0 163493 6973876 0 0 0 1727999 0 0 0 0 0 0 0 0 0 0 0 0 0 0 0 0 0 0 0 0 0 0 0 0 0 0 0 0 0 0 0 0 0 0 0 0 0 0 0 0 2406742182 0 0 0 0 0 0 0 0 58024 0 132555 0 0 0 0 0 0 0 0 0 0 0 195357322 1 0 0 0 0 0 0 0 0 0 0 0 0 0 0 0 0 0 0 0 0 0 0 127056 4213 0 0 0 0 3917122 0 0 0 0 0 0 0 0 0 0 0 0 0 0 0 0 0 0 0 0 0 0 0 0 0 0 0 0 0 0 0 0 0 0 0 0 0 0 0 0 0 0 0 0 0 0 0 0 0 0 0 0 0 0 0 0 0 0 0 0 0 0 0 0 0 0 0 0 0 0 0 0 0 0 0 54599608 0 0 0
ctxt 97670213
btime 1673080802
processes 124593
procs_running 1
procs_blocked 0
softirq 283887712 234030297 6334487 575008 9841796 132516 0 23302298 7530048 5 2141257

cpu  1648881 6672 2254001 107498621 37343 0 926605 0 0 0
cpu0 13331 1046 24234 27816271 12102 0 219570 0 0 0
cpu1 1595726 3224 2161402 24093470 3722 0 273853 0 0 0
cpu2 25030 2306 42892 27776204 8845 0 233057 0 0 0
cpu3 14793 94 25471 27812674 12671 0 200124 0 0 0
intr 2670187321 0 0 378659 75 0 163493 6973907 0 0 0 1728004 0 0 0 0 0 0 0 0 0 0 0 0 0 0 0 0 0 0 0 0 0 0 0 0 0 0 0 0 0 0 0 0 0 0 0 0 0 0 0 0 2406746179 0 0 0 0 0 0 0 0 58024 0 132555 0 0 0 0 0 0 0 0 0 0 0 195357450 1 0 0 0 0 0 0 0 0 0 0 0 0 0 0 0 0 0 0 0 0 0 0 127056 4213 0 0 0 0 3917144 0 0 0 0 0 0 0 0 0 0 0 0 0 0 0 0 0 0 0 0 0 0 0 0 0 0 0 0 0 0 0 0 0 0 0 0 0 0 0 0 0 0 0 0 0 0 0 0 0 0 0 0 0 0 0 0 0 0 0 0 0 0 0 0 0 0 0 0 0 0 0 0 0 0 0 54600561 0 0 0
ctxt 97672117
btime 1673080802
processes 124593
procs_running 1
procs_blocked 0
softirq 283887793 234030297 6334502 575008 9841797 132516 0 23302317 7530083 5 2141268

cpu  1648881 6672 2254004 107498812 37343 0 926605 0 0 0
cpu0 13331 1046 24234 27816320 12102 0 219570 0 0 0
cpu1 1595726 3224 2161404 24093516 3722 0 273853 0 0 0
cpu2 25030 2306 42894 27776250 8845 0 233057 0 0 0
cpu3 14793 94 25471 27812724 12671 0 200124 0 0 0
intr 2670192512 0 0 378663 75 0 163493 6973941 0 0 0 1728009 0 0 0 0 0 0 0 0 0 0 0 0 0 0 0 0 0 0 0 0 0 0 0 0 0 0 0 0 0 0 0 0 0 0 0 0 0 0 0 0 2406750205 0 0 0 0 0 0 0 0 58024 0 132555 0 0 0 0 0 0 0 0 0 0 0 195357604 1 0 0 0 0 0 0 0 0 0 0 0 0 0 0 0 0 0 0 0 0 0 0 127056 4213 0 0 0 0 3917166 0 0 0 0 0 0 0 0 0 0 0 0 0 0 0 0 0 0 0 0 0 0 0 0 0 0 0 0 0 0 0 0 0 0 0 0 0 0 0 0 0 0 0 0 0 0 0 0 0 0 0 0 0 0 0 0 0 0 0 0 0 0 0 0 0 0 0 0 0 0 0 0 0 0 0 54601508 0 0 0
ctxt 97674038
btime 1673080802
processes 124593
procs_running 1
procs_blocked 0
softirq 283887879 234030305 6334518 575008 9841798 132516 0 23302335 7530114 5 2141280

cpu  1648881 6672 2254008 107499002 37343 0 926605 0 0 0
cpu0 13331 1046 24234 27816369 12102 0 219570 0 0 0
cpu1 1595726 3224 2161406 24093562 3722 0 273853 0 0 0
cpu2 25030 2306 42896 27776296 8845 0 233057 0 0 0
cpu3 14793 94 25471 27812773 12671 0 200124 0 0 0
intr 2670197645 0 0 378667 75 0 163493 6973970 0 0 0 1728014 0 0 0 0 0 0 0 0 0 0 0 0 0 0 0 0 0 0 0 0 0 0 0 0 0 0 0 0 0 0 0 0 0 0 0 0 0 0 0 0 2406754202 0 0 0 0 0 0 0 0 58024 0 132555 0 0 0 0 0 0 0 0 0 0 0 195357732 1 0 0 0 0 0 0 0 0 0 0 0 0 0 0 0 0 0 0 0 0 0 0 127056 4213 0 0 0 0 3917188 0 0 0 0 0 0 0 0 0 0 0 0 0 0 0 0 0 0 0 0 0 0 0 0 0 0 0 0 0 0 0 0 0 0 0 0 0 0 0 0 0 0 0 0 0 0 0 0 0 0 0 0 0 0 0 0 0 0 0 0 0 0 0 0 0 0 0 0 0 0 0 0 0 0 0 54602456 0 0 0
ctxt 97675935
btime 1673080802
processes 124593
procs_running 1
procs_blocked 0
softirq 283887954 234030305 6334531 575008 9841799 132516 0 23302354 7530144 5 2141292

cpu  1648881 6672 2254011 107499192 37343 0 926605 0 0 0
cpu0 13331 1046 24234 27816418 12102 0 219570 0 0 0
cpu1 1595726 3224 2161407 24093607 3722 0 273853 0 0 0
cpu2 25030 2306 42897 27776342 8845 0 233057 0 0 0
cpu3 14793 94 25471 27812823 12671 0 200124 0 0 0
intr 2670202845 0 0 378672 75 0 163493 6974008 0 0 0 1728019 0 0 0 0 0 0 0 0 0 0 0 0 0 0 0 0 0 0 0 0 0 0 0 0 0 0 0 0 0 0 0 0 0 0 0 0 0 0 0 0 2406758227 0 0 0 0 0 0 0 0 58024 0 132555 0 0 0 0 0 0 0 0 0 0 0 195357886 1 0 0 0 0 0 0 0 0 0 0 0 0 0 0 0 0 0 0 0 0 0 0 127056 4213 0 0 0 0 3917210 0 0 0 0 0 0 0 0 0 0 0 0 0 0 0 0 0 0 0 0 0 0 0 0 0 0 0 0 0 0 0 0 0 0 0 0 0 0 0 0 0 0 0 0 0 0 0 0 0 0 0 0 0 0 0 0 0 0 0 0 0 0 0 0 0 0 0 0 0 0 0 0 0 0 0 54603407 0 0 0
ctxt 97677861
btime 1673080802
processes 124593
procs_running 1
procs_blocked 0
softirq 283888045 234030313 6334548 575008 9841800 132516 0 23302372 7530176 5 2141307

cpu  1648883 6672 2254015 107499381 37343 0 926605 0 0 0
cpu0 13331 1046 24234 27816467 12102 0 219570 0 0 0
cpu1 1595727 3224 2161410 24093652 3722 0 273853 0 0 0
cpu2 25031 2306 42899 27776388 8845 0 233057 0 0 0
cpu3 14793 94 25471 27812872 12671 0 200124 0 0 0
intr 2670208166 0 0 378682 75 0 163493 6974117 0 0 0 1728024 0 0 0 0 0 0 0 0 0 0 0 0 0 0 0 0 0 0 0 0 0 0 0 0 0 0 0 0 0 0 0 0 0 0 0 0 0 0 0 0 2406762223 0 0 0 0 0 0 0 0 58024 0 132555 0 0 0 0 0 0 0 0 0 0 0 195358014 1 0 0 0 0 0 0 0 0 0 0 0 0 0 0 0 0 0 0 0 0 0 0 127056 4213 0 0 0 0 3917313 0 0 0 0 0 0 0 0 0 0 0 0 0 0 0 0 0 0 0 0 0 0 0 0 0 0 0 0 0 0 0 0 0 0 0 0 0 0 0 0 0 0 0 0 0 0 0 0 0 0 0 0 0 0 0 0 0 0 0 0 0 0 0 0 0 0 0 0 0 0 0 0 0 0 0 54604377 0 0 0
ctxt 97679936
btime 1673080802
processes 124593
procs_running 1
procs_blocked 0
softirq 283888225 234030313 6334572 575008 9841808 132516 0 23302454 7530227 5 2141322

cpu  1648885 6672 2254019 107499570 37343 0 926606 0 0 0
cpu0 13331 1046 24234 27816516 12102 0 219570 0 0 0
cpu1 1595728 3224 2161411 24093698 3722 0 273854 0 0 0
cpu2 25032 2306 42901 27776433 8845 0 233057 0 0 0
cpu3 14793 94 25471 27812921 12671 0 200124 0 0 0
intr 2670213505 0 0 378688 75 0 163493 6974206 0 0 0 1728029 0 0 0 0 0 0 0 0 0 0 0 0 0 0 0 0 0 0 0 0 0 0 0 0 0 0 0 0 0 0 0 0 0 0 0 0 0 0 0 0 2406766252 0 0 0 0 0 0 0 0 58024 0 132555 0 0 0 0 0 0 0 0 0 0 0 195358168 1 0 0 0 0 0 0 0 0 0 0 0 0 0 0 0 0 0 0 0 0 0 0 127056 4213 0 0 0 0 3917401 0 0 0 0 0 0 0 0 0 0 0 0 0 0 0 0 0 0 0 0 0 0 0 0 0 0 0 0 0 0 0 0 0 0 0 0 0 0 0 0 0 0 0 0 0 0 0 0 0 0 0 0 0 0 0 0 0 0 0 0 0 0 0 0 0 0 0 0 0 0 0 0 0 0 0 54605344 0 0 0
ctxt 97681990
btime 1673080802
processes 124593
procs_running 1
procs_blocked 0
softirq 283888388 234030321 6334596 575008 9841815 132516 0 23302524 7530267 5 2141336

cpu  1648886 6672 2254024 107499759 37343 0 926606 0 0 0
cpu0 13331 1046 24234 27816565 12102 0 219570 0 0 0
cpu1 1595728 3224 2161413 24093743 3722 0 273854 0 0 0
cpu2 25033 2306 42903 27776479 8845 0 233057 0 0 0
cpu3 14793 94 25472 27812970 12671 0 200124 0 0 0
intr 2670218825 0 0 378700 75 0 163493 6974305 0 0 0 1728034 0 0 0 0 0 0 0 0 0 0 0 0 0 0 0 0 0 0 0 0 0 0 0 0 0 0 0 0 0 0 0 0 0 0 0 0 0 0 0 0 2406770249 0 0 0 0 0 0 0 0 58024 0 132555 0 0 0 0 0 0 0 0 0 0 0 195358294 1 0 0 0 0 0 0 0 0 0 0 0 0 0 0 0 0 0 0 0 0 0 0 127056 4213 0 0 0 0 3917506 0 0 0 0 0 0 0 0 0 0 0 0 0 0 0 0 0 0 0 0 0 0 0 0 0 0 0 0 0 0 0 0 0 0 0 0 0 0 0 0 0 0 0 0 0 0 0 0 0 0 0 0 0 0 0 0 0 0 0 0 0 0 0 0 0 0 0 0 0 0 0 0 0 0 0 54606321 0 0 0
ctxt 97684067
btime 1673080802
processes 124593
procs_running 1
procs_blocked 0
softirq 283888561 234030321 6334620 575008 9841824 132516 0 23302606 7530313 5 2141348

cpu  1648892 6672 2254028 107499890 37343 0 926648 0 0 0
cpu0 13331 1046 24234 27816607 12102 0 219572 0 0 0
cpu1 1595728 3224 2161414 24093756 3722 0 273889 0 0 0
cpu2 25038 2306 42905 27776513 8845 0 233059 0 0 0
cpu3 14793 94 25473 27813012 12671 0 200126 0 0 0
intr 2670242038 0 0 378705 75 0 163493 6974538 0 0 0 1728037 0 0 0 0 0 0 0 0 0 0 0 0 0 0 0 0 0 0 0 0 0 0 0 0 0 0 0 0 0 0 0 0 0 0 0 0 0 0 0 0 2406783771 0 0 0 0 0 0 0 0 58024 0 132555 0 0 0 0 0 0 0 0 0 0 0 195367040 1 0 0 0 0 0 0 0 0 0 0 0 0 0 0 0 0 0 0 0 0 0 0 127056 4213 0 0 0 0 3917528 0 0 0 0 0 0 0 0 0 0 0 0 0 0 0 0 0 0 0 0 0 0 0 0 0 0 0 0 0 0 0 0 0 0 0 0 0 0 0 0 0 0 0 0 0 0 0 0 0 0 0 0 0 0 0 0 0 0 0 0 0 0 0 0 0 0 0 0 0 0 0 0 0 0 0 54607007 0 0 0
ctxt 97685839
btime 1673080802
processes 124593
procs_running 3
procs_blocked 0
softirq 283905950 234046961 6334655 575071 9841987 132516 0 23303024 7530371 5 2141360

cpu  1648892 6672 2254030 107500003 37343 0 926706 0 0 0
cpu0 13331 1046 24234 27816646 12102 0 219576 0 0 0
cpu1 1595728 3224 2161414 24093756 3722 0 273939 0 0 0
cpu2 25038 2306 42907 27776550 8845 0 233060 0 0 0
cpu3 14793 94 25473 27813050 12671 0 200130 0 0 0
intr 2670276568 0 0 378705 75 0 163493 6974950 0 0 0 1728037 0 0 0 0 0 0 0 0 0 0 0 0 0 0 0 0 0 0 0 0 0 0 0 0 0 0 0 0 0 0 0 0 0 0 0 0 0 0 0 0 2406803298 0 0 0 0 0 0 0 0 58024 0 132555 0 0 0 0 0 0 0 0 0 0 0 195380941 1 0 0 0 0 0 0 0 0 0 0 0 0 0 0 0 0 0 0 0 0 0 0 127056 4213 0 0 0 0 3917561 0 0 0 0 0 0 0 0 0 0 0 0 0 0 0 0 0 0 0 0 0 0 0 0 0 0 0 0 0 0 0 0 0 0 0 0 0 0 0 0 0 0 0 0 0 0 0 0 0 0 0 0 0 0 0 0 0 0 0 0 0 0 0 0 0 0 0 0 0 0 0 0 0 0 0 54607669 0 0 0
ctxt 97688044
btime 1673080802
processes 124593
procs_running 4
procs_blocked 0
softirq 283932778 234072695 6334701 575166 9842264 132516 0 23303652 7530401 5 2141378

cpu  1648892 6672 2254033 107500116 37343 0 926766 0 0 0
cpu0 13331 1046 24234 27816684 12102 0 219580 0 0 0
cpu1 1595728 3224 2161414 24093756 3722 0 273989 0 0 0
cpu2 25038 2306 42910 27776586 8845 0 233063 0 0 0
cpu3 14793 94 25474 27813088 12671 0 200132 0 0 0
intr 2670311221 0 0 378705 75 0 163493 6975372 0 0 0 1728037 0 0 0 0 0 0 0 0 0 0 0 0 0 0 0 0 0 0 0 0 0 0 0 0 0 0 0 0 0 0 0 0 0 0 0 0 0 0 0 0 2406822919 0 0 0 0 0 0 0 0 58024 0 132555 0 0 0 0 0 0 0 0 0 0 0 195394862 1 0 0 0 0 0 0 0 0 0 0 0 0 0 0 0 0 0 0 0 0 0 0 127056 4213 0 0 0 0 3917583 0 0 0 0 0 0 0 0 0 0 0 0 0 0 0 0 0 0 0 0 0 0 0 0 0 0 0 0 0 0 0 0 0 0 0 0 0 0 0 0 0 0 0 0 0 0 0 0 0 0 0 0 0 0 0 0 0 0 0 0 0 0 0 0 0 0 0 0 0 0 0 0 0 0 0 54608329 0 0 0
ctxt 97690300
btime 1673080802
processes 124593
procs_running 3
procs_blocked 0
softirq 283960055 234098840 6334746 575264 9842542 132516 0 23304326 7530419 5 2141397

cpu  1648892 6672 2254035 107500229 37343 0 926829 0 0 0
cpu0 13331 1046 24234 27816723 12102 0 219587 0 0 0
cpu1 1595728 3224 2161414 24093756 3722 0 274039 0 0 0
cpu2 25038 2306 42911 27776622 8845 0 233066 0 0 0
cpu3 14793 94 25474 27813126 12671 0 200135 0 0 0
intr 2670345703 0 0 378705 75 0 163493 6975801 0 0 0 1728037 0 0 0 0 0 0 0 0 0 0 0 0 0 0 0 0 0 0 0 0 0 0 0 0 0 0 0 0 0 0 0 0 0 0 0 0 0 0 0 0 2406842411 0 0 0 0 0 0 0 0 58024 0 132555 0 0 0 0 0 0 0 0 0 0 0 195408714 1 0 0 0 0 0 0 0 0 0 0 0 0 0 0 0 0 0 0 0 0 0 0 127056 4213 0 0 0 0 3917630 0 0 0 0 0 0 0 0 0 0 0 0 0 0 0 0 0 0 0 0 0 0 0 0 0 0 0 0 0 0 0 0 0 0 0 0 0 0 0 0 0 0 0 0 0 0 0 0 0 0 0 0 0 0 0 0 0 0 0 0 0 0 0 0 0 0 0 0 0 0 0 0 0 0 0 54608997 0 0 0
ctxt 97692553
btime 1673080802
processes 124593
procs_running 3
procs_blocked 0
softirq 283987514 234125182 6334793 575355 9842816 132516 0 23304979 7530453 5 2141415

cpu  1648892 6672 2254036 107500341 37343 0 926890 0 0 0
cpu0 13331 1046 24234 27816762 12102 0 219591 0 0 0
cpu1 1595728 3224 2161414 24093756 3722 0 274089 0 0 0
cpu2 25038 2306 42912 27776657 8845 0 233070 0 0 0
cpu3 14793 94 25474 27813165 12671 0 200138 0 0 0
intr 2670380496 0 0 378706 75 0 163493 6976207 0 0 0 1728037 0 0 0 0 0 0 0 0 0 0 0 0 0 0 0 0 0 0 0 0 0 0 0 0 0 0 0 0 0 0 0 0 0 0 0 0 0 0 0 0 2406862097 0 0 0 0 0 0 0 0 58024 0 132555 0 0 0 0 0 0 0 0 0 0 0 195422732 1 0 0 0 0 0 0 0 0 0 0 0 0 0 0 0 0 0 0 0 0 0 0 127056 4213 0 0 0 0 3917652 0 0 0 0 0 0 0 0 0 0 0 0 0 0 0 0 0 0 0 0 0 0 0 0 0 0 0 0 0 0 0 0 0 0 0 0 0 0 0 0 0 0 0 0 0 0 0 0 0 0 0 0 0 0 0 0 0 0 0 0 0 0 0 0 0 0 0 0 0 0 0 0 0 0 0 54609654 0 0 0
ctxt 97694711
btime 1673080802
processes 124593
procs_running 3
procs_blocked 0
softirq 284015302 234151844 6334837 575445 9843089 132516 0 23305644 7530485 5 2141437

cpu  1648892 6672 2254038 107500455 37343 0 926953 0 0 0
cpu0 13331 1046 24235 27816800 12102 0 219597 0 0 0
cpu1 1595728 3224 2161414 24093756 3722 0 274139 0 0 0
cpu2 25038 2306 42914 27776693 8845 0 233074 0 0 0
cpu3 14793 94 25474 27813204 12671 0 200142 0 0 0
intr 2670415074 0 0 378706 75 0 163493 6976641 0 0 0 1728037 0 0 0 0 0 0 0 0 0 0 0 0 0 0 0 0 0 0 0 0 0 0 0 0 0 0 0 0 0 0 0 0 0 0 0 0 0 0 0 0 2406881684 0 0 0 0 0 0 0 0 58024 0 132555 0 0 0 0 0 0 0 0 0 0 0 195436576 1 0 0 0 0 0 0 0 0 0 0 0 0 0 0 0 0 0 0 0 0 0 0 127056 4213 0 0 0 0 3917695 0 0 0 0 0 0 0 0 0 0 0 0 0 0 0 0 0 0 0 0 0 0 0 0 0 0 0 0 0 0 0 0 0 0 0 0 0 0 0 0 0 0 0 0 0 0 0 0 0 0 0 0 0 0 0 0 0 0 0 0 0 0 0 0 0 0 0 0 0 0 0 0 0 0 0 54610322 0 0 0
ctxt 97696954
btime 1673080802
processes 124593
procs_running 3
procs_blocked 0
softirq 284041107 234176538 6334882 575542 9843368 132516 0 23306299 7530499 5 2141458

cpu  1648893 6672 2254039 107500568 37343 0 927014 0 0 0
cpu0 13331 1046 24235 27816839 12102 0 219600 0 0 0
cpu1 1595728 3224 2161414 24093756 3722 0 274189 0 0 0
cpu2 25039 2306 42914 27776729 8845 0 233079 0 0 0
cpu3 14793 94 25474 27813243 12671 0 200145 0 0 0
intr 2670449623 0 0 378706 75 0 163493 6977018 0 0 0 1728037 0 0 0 0 0 0 0 0 0 0 0 0 0 0 0 0 0 0 0 0 0 0 0 0 0 0 0 0 0 0 0 0 0 0 0 0 0 0 0 0 2406901268 0 0 0 0 0 0 0 0 58024 0 132555 0 0 0 0 0 0 0 0 0 0 0 195450493 1 0 0 0 0 0 0 0 0 0 0 0 0 0 0 0 0 0 0 0 0 0 0 127056 4213 0 0 0 0 3917717 0 0 0 0 0 0 0 0 0 0 0 0 0 0 0 0 0 0 0 0 0 0 0 0 0 0 0 0 0 0 0 0 0 0 0 0 0 0 0 0 0 0 0 0 0 0 0 0 0 0 0 0 0 0 0 0 0 0 0 0 0 0 0 0 0 0 0 0 0 0 0 0 0 0 0 54610967 0 0 0
ctxt 97699054
btime 1673080802
processes 124593
procs_running 3
procs_blocked 0
softirq 284068757 234203076 6334923 575639 9843645 132516 0 23306963 7530512 5 2141478

cpu  1648893 6672 2254043 107500681 37343 0 927074 0 0 0
cpu0 13331 1046 24236 27816876 12102 0 219604 0 0 0
cpu1 1595728 3224 2161414 24093756 3722 0 274239 0 0 0
cpu2 25040 2306 42916 27776765 8845 0 233083 0 0 0
cpu3 14793 94 25475 27813282 12671 0 200147 0 0 0
intr 2670484692 0 0 378706 75 0 163493 6977433 0 0 0 1728037 0 0 0 0 0 0 0 0 0 0 0 0 0 0 0 0 0 0 0 0 0 0 0 0 0 0 0 0 0 0 0 0 0 0 0 0 0 0 0 0 2406921129 0 0 0 0 0 0 0 0 58024 0 132555 0 0 0 0 0 0 0 0 0 0 0 195464605 1 0 0 0 0 0 0 0 0 0 0 0 0 0 0 0 0 0 0 0 0 0 0 127056 4213 0 0 0 0 3917739 0 0 0 0 0 0 0 0 0 0 0 0 0 0 0 0 0 0 0 0 0 0 0 0 0 0 0 0 0 0 0 0 0 0 0 0 0 0 0 0 0 0 0 0 0 0 0 0 0 0 0 0 0 0 0 0 0 0 0 0 0 0 0 0 0 0 0 0 0 0 0 0 0 0 0 54611634 0 0 0
ctxt 97701310
btime 1673080802
processes 124593
procs_running 4
procs_blocked 0
softirq 284095739 234228937 6334966 575724 9843915 132516 0 23307649 7530527 5 2141500

cpu  1648893 6672 2254046 107500794 37343 0 927134 0 0 0
cpu0 13331 1046 24236 27816915 12102 0 219606 0 0 0
cpu1 1595728 3224 2161414 24093756 3722 0 274289 0 0 0
cpu2 25040 2306 42919 27776800 8845 0 233088 0 0 0
cpu3 14793 94 25476 27813321 12671 0 200149 0 0 0
intr 2670519562 0 0 378707 75 0 163493 6977848 0 0 0 1728037 0 0 0 0 0 0 0 0 0 0 0 0 0 0 0 0 0 0 0 0 0 0 0 0 0 0 0 0 0 0 0 0 0 0 0 0 0 0 0 0 2406940898 0 0 0 0 0 0 0 0 58024 0 132555 0 0 0 0 0 0 0 0 0 0 0 195478610 1 0 0 0 0 0 0 0 0 0 0 0 0 0 0 0 0 0 0 0 0 0 0 127056 4213 0 0 0 0 3917761 0 0 0 0 0 0 0 0 0 0 0 0 0 0 0 0 0 0 0 0 0 0 0 0 0 0 0 0 0 0 0 0 0 0 0 0 0 0 0 0 0 0 0 0 0 0 0 0 0 0 0 0 0 0 0 0 0 0 0 0 0 0 0 0 0 0 0 0 0 0 0 0 0 0 0 54612287 0 0 0
ctxt 97703500
btime 1673080802
processes 124593
procs_running 4
procs_blocked 0
softirq 284121372 234253439 6335011 575818 9844193 132516 0 23308322 7530549 5 2141519

cpu  1648894 6672 2254049 107500907 37343 0 927195 0 0 0
cpu0 13331 1046 24236 27816953 12102 0 219612 0 0 0
cpu1 1595728 3224 2161414 24093756 3722 0 274339 0 0 0
cpu2 25041 2306 42922 27776837 8845 0 233092 0 0 0
cpu3 14793 94 25476 27813360 12671 0 200151 0 0 0
intr 2670554495 0 0 378707 75 0 163493 6978260 0 0 0 1728037 0 0 0 0 0 0 0 0 0 0 0 0 0 0 0 0 0 0 0 0 0 0 0 0 0 0 0 0 0 0 0 0 0 0 0 0 0 0 0 0 2406960676 0 0 0 0 0 0 0 0 58024 0 132555 0 0 0 0 0 0 0 0 0 0 0 195492674 1 0 0 0 0 0 0 0 0 0 0 0 0 0 0 0 0 0 0 0 0 0 0 127056 4213 0 0 0 0 3917783 0 0 0 0 0 0 0 0 0 0 0 0 0 0 0 0 0 0 0 0 0 0 0 0 0 0 0 0 0 0 0 0 0 0 0 0 0 0 0 0 0 0 0 0 0 0 0 0 0 0 0 0 0 0 0 0 0 0 0 0 0 0 0 0 0 0 0 0 0 0 0 0 0 0 0 54612946 0 0 0
ctxt 97705706
btime 1673080802
processes 124593
procs_running 4
procs_blocked 0
softirq 284149208 234280185 6335055 575911 9844470 132516 0 23308955 7530572 5 2141539

cpu  1648895 6672 2254050 107501019 37343 0 927258 0 0 0
cpu0 13331 1046 24236 27816991 12102 0 219615 0 0 0
cpu1 1595728 3224 2161414 24093756 3722 0 274389 0 0 0
cpu2 25042 2306 42922 27776872 8845 0 233096 0 0 0
cpu3 14793 94 25476 27813398 12671 0 200156 0 0 0
intr 2670589429 0 0 378707 75 0 163493 6978666 0 0 0 1728038 0 0 0 0 0 0 0 0 0 0 0 0 0 0 0 0 0 0 0 0 0 0 0 0 0 0 0 0 0 0 0 0 0 0 0 0 0 0 0 0 2406980444 0 0 0 0 0 0 0 0 58024 0 132555 0 0 0 0 0 0 0 0 0 0 0 195506729 1 0 0 0 0 0 0 0 0 0 0 0 0 0 0 0 0 0 0 0 0 0 0 127056 4213 0 0 0 0 3917818 0 0 0 0 0 0 0 0 0 0 0 0 0 0 0 0 0 0 0 0 0 0 0 0 0 0 0 0 0 0 0 0 0 0 0 0 0 0 0 0 0 0 0 0 0 0 0 0 0 0 0 0 0 0 0 0 0 0 0 0 0 0 0 0 0 0 0 0 0 0 0 0 0 0 0 54613613 0 0 0
ctxt 97707900
btime 1673080802
processes 124593
procs_running 4
procs_blocked 0
softirq 284176598 234306420 6335100 576011 9844754 132516 0 23309637 7530595 5 2141560

cpu  1648895 6672 2254050 107501132 37343 0 927319 0 0 0
cpu0 13331 1046 24236 27817030 12102 0 219618 0 0 0
cpu1 1595728 3224 2161414 24093756 3722 0 274439 0 0 0
cpu2 25042 2306 42922 27776908 8845 0 233101 0 0 0
cpu3 14793 94 25476 27813437 12671 0 200160 0 0 0
intr 2670623914 0 0 378707 75 0 163493 6979060 0 0 0 1728038 0 0 0 0 0 0 0 0 0 0 0 0 0 0 0 0 0 0 0 0 0 0 0 0 0 0 0 0 0 0 0 0 0 0 0 0 0 0 0 0 2407000002 0 0 0 0 0 0 0 0 58024 0 132555 0 0 0 0 0 0 0 0 0 0 0 195520594 1 0 0 0 0 0 0 0 0 0 0 0 0 0 0 0 0 0 0 0 0 0 0 127056 4213 0 0 0 0 3917840 0 0 0 0 0 0 0 0 0 0 0 0 0 0 0 0 0 0 0 0 0 0 0 0 0 0 0 0 0 0 0 0 0 0 0 0 0 0 0 0 0 0 0 0 0 0 0 0 0 0 0 0 0 0 0 0 0 0 0 0 0 0 0 0 0 0 0 0 0 0 0 0 0 0 0 54614263 0 0 0
ctxt 97710075
btime 1673080802
processes 124593
procs_running 3
procs_blocked 0
softirq 284204196 234332884 6335142 576112 9845036 132516 0 23310307 7530613 5 2141581

cpu  1648895 6672 2254054 107501245 37343 0 927377 0 0 0
cpu0 13331 1046 24236 27817069 12102 0 219619 0 0 0
cpu1 1595728 3224 2161414 24093756 3722 0 274489 0 0 0
cpu2 25042 2306 42926 27776944 8845 0 233104 0 0 0
cpu3 14793 94 25476 27813475 12671 0 200164 0 0 0
intr 2670658499 0 0 378708 75 0 163493 6979430 0 0 0 1728038 0 0 0 0 0 0 0 0 0 0 0 0 0 0 0 0 0 0 0 0 0 0 0 0 0 0 0 0 0 0 0 0 0 0 0 0 0 0 0 0 2407019623 0 0 0 0 0 0 0 0 58024 0 132555 0 0 0 0 0 0 0 0 0 0 0 195534511 1 0 0 0 0 0 0 0 0 0 0 0 0 0 0 0 0 0 0 0 0 0 0 127056 4213 0 0 0 0 3917862 0 0 0 0 0 0 0 0 0 0 0 0 0 0 0 0 0 0 0 0 0 0 0 0 0 0 0 0 0 0 0 0 0 0 0 0 0 0 0 0 0 0 0 0 0 0 0 0 0 0 0 0 0 0 0 0 0 0 0 0 0 0 0 0 0 0 0 0 0 0 0 0 0 0 0 54614917 0 0 0
ctxt 97712205
btime 1673080802
processes 124593
procs_running 4
procs_blocked 0
softirq 284231997 234359554 6335186 576211 9845315 132516 0 23310973 7530637 5 2141600

cpu  1648896 6672 2254058 107501358 37343 0 927442 0 0 0
cpu0 13331 1046 24237 27817108 12102 0 219622 0 0 0
cpu1 1595728 3224 2161414 24093756 3722 0 274539 0 0 0
cpu2 25042 2306 42928 27776979 8845 0 233110 0 0 0
cpu3 14793 94 25476 27813514 12671 0 200169 0 0 0
intr 2670693242 0 0 378708 75 0 163493 6979853 0 0 0 1728038 0 0 0 0 0 0 0 0 0 0 0 0 0 0 0 0 0 0 0 0 0 0 0 0 0 0 0 0 0 0 0 0 0 0 0 0 0 0 0 0 2407039311 0 0 0 0 0 0 0 0 58024 0 132555 0 0 0 0 0 0 0 0 0 0 0 195548450 1 0 0 0 0 0 0 0 0 0 0 0 0 0 0 0 0 0 0 0 0 0 0 127056 4213 0 0 0 0 3917884 0 0 0 0 0 0 0 0 0 0 0 0 0 0 0 0 0 0 0 0 0 0 0 0 0 0 0 0 0 0 0 0 0 0 0 0 0 0 0 0 0 0 0 0 0 0 0 0 0 0 0 0 0 0 0 0 0 0 0 0 0 0 0 0 0 0 0 0 0 0 0 0 0 0 0 54615583 0 0 0
ctxt 97714447
btime 1673080802
processes 124593
procs_running 3
procs_blocked 0
softirq 284260270 234386711 6335231 576304 9845590 132516 0 23311630 7530663 5 2141620

cpu  1648896 6672 2254062 107501471 37343 0 927500 0 0 0
cpu0 13331 1046 24238 27817146 12102 0 219623 0 0 0
cpu1 1595728 3224 2161414 24093756 3722 0 274589 0 0 0
cpu2 25043 2306 42932 27777014 8845 0 233114 0 0 0
cpu3 14793 94 25476 27813553 12671 0 200172 0 0 0
intr 2670727848 0 0 378708 75 0 163493 6980275 0 0 0 1728038 0 0 0 0 0 0 0 0 0 0 0 0 0 0 0 0 0 0 0 0 0 0 0 0 0 0 0 0 0 0 0 0 0 0 0 0 0 0 0 0 2407058894 0 0 0 0 0 0 0 0 58024 0 132555 0 0 0 0 0 0 0 0 0 0 0 195562348 1 0 0 0 0 0 0 0 0 0 0 0 0 0 0 0 0 0 0 0 0 0 0 127056 4213 0 0 0 0 3917921 0 0 0 0 0 0 0 0 0 0 0 0 0 0 0 0 0 0 0 0 0 0 0 0 0 0 0 0 0 0 0 0 0 0 0 0 0 0 0 0 0 0 0 0 0 0 0 0 0 0 0 0 0 0 0 0 0 0 0 0 0 0 0 0 0 0 0 0 0 0 0 0 0 0 0 54616255 0 0 0
ctxt 97716653
btime 1673080802
processes 124593
procs_running 4
procs_blocked 0
softirq 284285976 234411234 6335280 576401 9845869 132516 0 23312316 7530692 5 2141663

cpu  1648898 6672 2254063 107501584 37343 0 927562 0 0 0
cpu0 13331 1046 24238 27817185 12102 0 219628 0 0 0
cpu1 1595728 3224 2161414 24093756 3722 0 274639 0 0 0
cpu2 25044 2306 42933 27777050 8845 0 233118 0 0 0
cpu3 14793 94 25476 27813591 12671 0 200176 0 0 0
intr 2670762687 0 0 378708 75 0 163493 6980664 0 0 0 1728038 0 0 0 0 0 0 0 0 0 0 0 0 0 0 0 0 0 0 0 0 0 0 0 0 0 0 0 0 0 0 0 0 0 0 0 0 0 0 0 0 2407078664 0 0 0 0 0 0 0 0 58024 0 132555 0 0 0 0 0 0 0 0 0 0 0 195576350 1 0 0 0 0 0 0 0 0 0 0 0 0 0 0 0 0 0 0 0 0 0 0 127056 4213 0 0 0 0 3917943 0 0 0 0 0 0 0 0 0 0 0 0 0 0 0 0 0 0 0 0 0 0 0 0 0 0 0 0 0 0 0 0 0 0 0 0 0 0 0 0 0 0 0 0 0 0 0 0 0 0 0 0 0 0 0 0 0 0 0 0 0 0 0 0 0 0 0 0 0 0 0 0 0 0 0 54616908 0 0 0
ctxt 97718830
btime 1673080802
processes 124593
procs_running 5
procs_blocked 0
softirq 284314036 234438173 6335323 576498 9846148 132516 0 23312980 7530708 5 2141685

cpu  1648898 6672 2254064 107501697 37343 0 927624 0 0 0
cpu0 13331 1046 24238 27817224 12102 0 219631 0 0 0
cpu1 1595728 3224 2161414 24093756 3722 0 274689 0 0 0
cpu2 25044 2306 42934 27777085 8845 0 233122 0 0 0
cpu3 14793 94 25477 27813630 12671 0 200180 0 0 0
intr 2670797609 0 0 378709 75 0 163493 6981092 0 0 0 1728038 0 0 0 0 0 0 0 0 0 0 0 0 0 0 0 0 0 0 0 0 0 0 0 0 0 0 0 0 0 0 0 0 0 0 0 0 0 0 0 0 2407098414 0 0 0 0 0 0 0 0 58024 0 132555 0 0 0 0 0 0 0 0 0 0 0 195590414 1 0 0 0 0 0 0 0 0 0 0 0 0 0 0 0 0 0 0 0 0 0 0 127056 4213 0 0 0 0 3917965 0 0 0 0 0 0 0 0 0 0 0 0 0 0 0 0 0 0 0 0 0 0 0 0 0 0 0 0 0 0 0 0 0 0 0 0 0 0 0 0 0 0 0 0 0 0 0 0 0 0 0 0 0 0 0 0 0 0 0 0 0 0 0 0 0 0 0 0 0 0 0 0 0 0 0 54617567 0 0 0
ctxt 97721054
btime 1673080802
processes 124593
procs_running 3
procs_blocked 0
softirq 284340944 234463898 6335368 576599 9846433 132516 0 23313694 7530725 5 2141706

cpu  1648898 6672 2254065 107501810 37343 0 927682 0 0 0
cpu0 13331 1046 24238 27817263 12102 0 219634 0 0 0
cpu1 1595728 3224 2161414 24093756 3722 0 274739 0 0 0
cpu2 25044 2306 42935 27777120 8845 0 233124 0 0 0
cpu3 14793 94 25477 27813670 12671 0 200183 0 0 0
intr 2670832428 0 0 378709 75 0 163493 6981495 0 0 0 1728038 0 0 0 0 0 0 0 0 0 0 0 0 0 0 0 0 0 0 0 0 0 0 0 0 0 0 0 0 0 0 0 0 0 0 0 0 0 0 0 0 2407118162 0 0 0 0 0 0 0 0 58024 0 132555 0 0 0 0 0 0 0 0 0 0 0 195604417 1 0 0 0 0 0 0 0 0 0 0 0 0 0 0 0 0 0 0 0 0 0 0 127056 4213 0 0 0 0 3917987 0 0 0 0 0 0 0 0 0 0 0 0 0 0 0 0 0 0 0 0 0 0 0 0 0 0 0 0 0 0 0 0 0 0 0 0 0 0 0 0 0 0 0 0 0 0 0 0 0 0 0 0 0 0 0 0 0 0 0 0 0 0 0 0 0 0 0 0 0 0 0 0 0 0 0 54618210 0 0 0
ctxt 97723167
btime 1673080802
processes 124593
procs_running 4
procs_blocked 0
softirq 284366642 234488460 6335412 576690 9846706 132516 0 23314372 7530755 5 2141726

cpu  1648899 6672 2254067 107501923 37343 0 927742 0 0 0
cpu0 13331 1046 24238 27817301 12102 0 219636 0 0 0
cpu1 1595728 3224 2161414 24093756 3722 0 274789 0 0 0
cpu2 25045 2306 42936 27777155 8845 0 233131 0 0 0
cpu3 14793 94 25478 27813709 12671 0 200185 0 0 0
intr 2670867242 0 0 378709 75 0 163494 6981908 0 0 0 1728038 0 0 0 0 0 0 0 0 0 0 0 0 0 0 0 0 0 0 0 0 0 0 0 0 0 0 0 0 0 0 0 0 0 0 0 0 0 0 0 0 2407137857 0 0 0 0 0 0 0 0 58024 0 132555 0 0 0 0 0 0 0 0 0 0 0 195618449 1 0 0 0 0 0 0 0 0 0 0 0 0 0 0 0 0 0 0 0 0 0 0 127056 4213 0 0 0 0 3918009 0 0 0 0 0 0 0 0 0 0 0 0 0 0 0 0 0 0 0 0 0 0 0 0 0 0 0 0 0 0 0 0 0 0 0 0 0 0 0 0 0 0 0 0 0 0 0 0 0 0 0 0 0 0 0 0 0 0 0 0 0 0 0 0 0 0 0 0 0 0 0 0 0 0 0 54618864 0 0 0
ctxt 97725382
btime 1673080802
processes 124593
procs_running 4
procs_blocked 0
softirq 284394222 234514897 6335450 576792 9846990 132516 0 23315045 7530780 5 2141747

cpu  1648900 6672 2254069 107502036 37343 0 927807 0 0 0
cpu0 13331 1046 24238 27817340 12102 0 219640 0 0 0
cpu1 1595728 3224 2161414 24093756 3722 0 274839 0 0 0
cpu2 25046 2306 42938 27777191 8845 0 233135 0 0 0
cpu3 14793 94 25478 27813747 12671 0 200191 0 0 0
intr 2670901700 0 0 378713 75 0 163494 6982290 0 0 0 1728038 0 0 0 0 0 0 0 0 0 0 0 0 0 0 0 0 0 0 0 0 0 0 0 0 0 0 0 0 0 0 0 0 0 0 0 0 0 0 0 0 2407157386 0 0 0 0 0 0 0 0 58024 0 132555 0 0 0 0 0 0 0 0 0 0 0 195632302 1 0 0 0 0 0 0 0 0 0 0 0 0 0 0 0 0 0 0 0 0 0 0 127056 4213 0 0 0 0 3918028 0 0 0 0 0 0 0 0 0 0 0 0 0 0 0 0 0 0 0 0 0 0 0 0 0 0 0 0 0 0 0 0 0 0 0 0 0 0 0 0 0 0 0 0 0 0 0 0 0 0 0 0 0 0 0 0 0 0 0 0 0 0 0 0 0 0 0 0 0 0 0 0 0 0 0 54619525 0 0 0
ctxt 97727520
btime 1673080802
processes 124593
procs_running 4
procs_blocked 0
softirq 284421490 234541049 6335494 576888 9847266 132516 0 23315708 7530798 5 2141766

cpu  1648900 6672 2254072 107502150 37343 0 927866 0 0 0
cpu0 13331 1046 24238 27817380 12102 0 219642 0 0 0
cpu1 1595728 3224 2161414 24093756 3722 0 274889 0 0 0
cpu2 25046 2306 42940 27777227 8845 0 233139 0 0 0
cpu3 14793 94 25478 27813786 12671 0 200195 0 0 0
intr 2670936715 0 0 378714 75 0 163494 6982715 0 0 0 1728039 0 0 0 0 0 0 0 0 0 0 0 0 0 0 0 0 0 0 0 0 0 0 0 0 0 0 0 0 0 0 0 0 0 0 0 0 0 0 0 0 2407177196 0 0 0 0 0 0 0 0 58024 0 132555 0 0 0 0 0 0 0 0 0 0 0 195646411 1 0 0 0 0 0 0 0 0 0 0 0 0 0 0 0 0 0 0 0 0 0 0 127056 4213 0 0 0 0 3918050 0 0 0 0 0 0 0 0 0 0 0 0 0 0 0 0 0 0 0 0 0 0 0 0 0 0 0 0 0 0 0 0 0 0 0 0 0 0 0 0 0 0 0 0 0 0 0 0 0 0 0 0 0 0 0 0 0 0 0 0 0 0 0 0 0 0 0 0 0 0 0 0 0 0 0 54620176 0 0 0
ctxt 97729684
btime 1673080802
processes 124593
procs_running 4
procs_blocked 0
softirq 284446498 234564951 6335539 576978 9847541 132516 0 23316368 7530815 5 2141785

cpu  1648902 6672 2254074 107502262 37343 0 927927 0 0 0
cpu0 13331 1046 24238 27817419 12102 0 219646 0 0 0
cpu1 1595728 3224 2161414 24093756 3722 0 274939 0 0 0
cpu2 25048 2306 42942 27777262 8845 0 233143 0 0 0
cpu3 14793 94 25478 27813824 12671 0 200198 0 0 0
intr 2670971426 0 0 378714 75 0 163494 6983112 0 0 0 1728039 0 0 0 0 0 0 0 0 0 0 0 0 0 0 0 0 0 0 0 0 0 0 0 0 0 0 0 0 0 0 0 0 0 0 0 0 0 0 0 0 2407196869 0 0 0 0 0 0 0 0 58024 0 132557 0 0 0 0 0 0 0 0 0 0 0 195660362 1 0 0 0 0 0 0 0 0 0 0 0 0 0 0 0 0 0 0 0 0 0 0 127058 4213 0 0 0 0 3918072 0 0 0 0 0 0 0 0 0 0 0 0 0 0 0 0 0 0 0 0 0 0 0 0 0 0 0 0 0 0 0 0 0 0 0 0 0 0 0 0 0 0 0 0 0 0 0 0 0 0 0 0 0 0 0 0 0 0 0 0 0 0 0 0 0 0 0 0 0 0 0 0 0 0 0 54620844 0 0 0
ctxt 97731880
btime 1673080802
processes 124593
procs_running 4
procs_blocked 0
softirq 284473619 234590904 6335589 577080 9847824 132518 0 23317054 7530840 5 2141805

cpu  1648902 6672 2254075 107502452 37343 0 927931 0 0 0
cpu0 13331 1046 24238 27817467 12102 0 219646 0 0 0
cpu1 1595729 3224 2161415 24093801 3722 0 274942 0 0 0
cpu2 25048 2306 42942 27777309 8845 0 233143 0 0 0
cpu3 14793 94 25479 27813873 12671 0 200199 0 0 0
intr 2670978661 0 0 378714 75 0 163494 6983165 0 0 0 1728039 0 0 0 0 0 0 0 0 0 0 0 0 0 0 0 0 0 0 0 0 0 0 0 0 0 0 0 0 0 0 0 0 0 0 0 0 0 0 0 0 2407201938 0 0 0 0 0 0 0 0 58024 0 132557 0 0 0 0 0 0 0 0 0 0 0 195661506 1 0 0 0 0 0 0 0 0 0 0 0 0 0 0 0 0 0 0 0 0 0 0 127058 4213 0 0 0 0 3918094 0 0 0 0 0 0 0 0 0 0 0 0 0 0 0 0 0 0 0 0 0 0 0 0 0 0 0 0 0 0 0 0 0 0 0 0 0 0 0 0 0 0 0 0 0 0 0 0 0 0 0 0 0 0 0 0 0 0 0 0 0 0 0 0 0 0 0 0 0 0 0 0 0 0 0 54621783 0 0 0
ctxt 97733858
btime 1673080802
processes 124593
procs_running 1
procs_blocked 0
softirq 284475401 234592389 6335606 577095 9847855 132518 0 23317255 7530855 5 2141823

cpu  1648902 6672 2254077 107502646 37343 0 927931 0 0 0
cpu0 13331 1046 24238 27817517 12102 0 219646 0 0 0
cpu1 1595729 3224 2161415 24093848 3722 0 274942 0 0 0
cpu2 25048 2306 42944 27777357 8845 0 233143 0 0 0
cpu3 14793 94 25479 27813923 12671 0 200199 0 0 0
intr 2670983855 0 0 378714 75 0 163494 6983195 0 0 0 1728039 0 0 0 0 0 0 0 0 0 0 0 0 0 0 0 0 0 0 0 0 0 0 0 0 0 0 0 0 0 0 0 0 0 0 0 0 0 0 0 0 2407205960 0 0 0 0 0 0 0 0 58024 0 132557 0 0 0 0 0 0 0 0 0 0 0 195661658 1 0 0 0 0 0 0 0 0 0 0 0 0 0 0 0 0 0 0 0 0 0 0 127058 4213 0 0 0 0 3918116 0 0 0 0 0 0 0 0 0 0 0 0 0 0 0 0 0 0 0 0 0 0 0 0 0 0 0 0 0 0 0 0 0 0 0 0 0 0 0 0 0 0 0 0 0 0 0 0 0 0 0 0 0 0 0 0 0 0 0 0 0 0 0 0 0 0 0 0 0 0 0 0 0 0 0 54622752 0 0 0
ctxt 97735819
btime 1673080802
processes 124593
procs_running 2
procs_blocked 0
softirq 284475473 234592397 6335623 577095 9847856 132518 0 23317274 7530870 5 2141835

cpu  1648902 6672 2254078 107502841 37343 0 927931 0 0 0
cpu0 13331 1046 24238 27817567 12102 0 219646 0 0 0
cpu1 1595729 3224 2161416 24093896 3722 0 274942 0 0 0
cpu2 25048 2306 42944 27777405 8845 0 233143 0 0 0
cpu3 14793 94 25479 27813972 12671 0 200199 0 0 0
intr 2670988993 0 0 378715 75 0 163494 6983219 0 0 0 1728039 0 0 0 0 0 0 0 0 0 0 0 0 0 0 0 0 0 0 0 0 0 0 0 0 0 0 0 0 0 0 0 0 0 0 0 0 0 0 0 0 2407209960 0 0 0 0 0 0 0 0 58024 0 132557 0 0 0 0 0 0 0 0 0 0 0 195661788 1 0 0 0 0 0 0 0 0 0 0 0 0 0 0 0 0 0 0 0 0 0 0 127058 4213 0 0 0 0 3918138 0 0 0 0 0 0 0 0 0 0 0 0 0 0 0 0 0 0 0 0 0 0 0 0 0 0 0 0 0 0 0 0 0 0 0 0 0 0 0 0 0 0 0 0 0 0 0 0 0 0 0 0 0 0 0 0 0 0 0 0 0 0 0 0 0 0 0 0 0 0 0 0 0 0 0 54623712 0 0 0
ctxt 97737765
btime 1673080802
processes 124593
procs_running 1
procs_blocked 0
softirq 284475529 234592397 6335638 577095 9847857 132518 0 23317292 7530882 5 2141845

cpu  1648902 6672 2254078 107503036 37343 0 927931 0 0 0
cpu0 13331 1046 24238 27817616 12102 0 219646 0 0 0
cpu1 1595729 3224 2161416 24093944 3722 0 274942 0 0 0
cpu2 25048 2306 42944 27777452 8845 0 233143 0 0 0
cpu3 14793 94 25479 27814022 12671 0 200199 0 0 0
intr 2670994180 0 0 378715 75 0 163494 6983247 0 0 0 1728039 0 0 0 0 0 0 0 0 0 0 0 0 0 0 0 0 0 0 0 0 0 0 0 0 0 0 0 0 0 0 0 0 0 0 0 0 0 0 0 0 2407213985 0 0 0 0 0 0 0 0 58024 0 132557 0 0 0 0 0 0 0 0 0 0 0 195661940 1 0 0 0 0 0 0 0 0 0 0 0 0 0 0 0 0 0 0 0 0 0 0 127058 4213 0 0 0 0 3918160 0 0 0 0 0 0 0 0 0 0 0 0 0 0 0 0 0 0 0 0 0 0 0 0 0 0 0 0 0 0 0 0 0 0 0 0 0 0 0 0 0 0 0 0 0 0 0 0 0 0 0 0 0 0 0 0 0 0 0 0 0 0 0 0 0 0 0 0 0 0 0 0 0 0 0 54624672 0 0 0
ctxt 97739719
btime 1673080802
processes 124593
procs_running 1
procs_blocked 0
softirq 284475593 234592405 6335654 577095 9847858 132518 0 23317311 7530892 5 2141855
