Latency
516057
773845
1033509
1284884
1547906
1800589
2060199
2320220
2579983
3406518
404467
644409
903866
301541
557948
813887
1122101
228874
485316
742923
1003823
386815
636219
902539
1235182
225673
482630
739448
1006974
385037
641574
893153
1146338
326964
574843
831841
1089137
387084
643757
906834
1156682
414593
668867
924362
1407190
149077
396420
651066
904357
1324519
1662367
153006
401605
647717
904934
361220
618295
872887
1133991
242660
499279
756210
1141407
418806
675477
931413
1183177
331445
588058
845071
1150967
163551
412762
659981
916951
387717
644145
899397
1324558
316556
573369
830244
1119928
238905
495724
752890
1105154
1412358
152228
408838
659701
905663
1166922
1461883
179217
439973
698788
1074736
1459800
166618
421254
678311
931162
245704
502783
758733
1010262
1289116
151809
414843
664448
1041208
204712
460620
717931
1035804
152171
412249
662428
920364
1253066
238061
495119
752135
1056594
247867
496357
760449
1303511
220404
477324
734180
994884
256834
513874
771092
1133552
348849
597947
845331
1257614
201264
457523
713822
978683
1332688
209912
466510
722878
997035
233189
489685
745811
1284119
247729
504814
761198
1471440
333089
589750
846476
1215107
236665
493530
750152
1208017
394051
650664
912394
1281246
160575
406322
657372
914310
1260563
206120
462562
719138
977714
1298751
378740
635052
891020
1267265
229520
485986
732281
986757
164497
414464
664049
921151
202245
458970
716190
1055879
342928
598182
854951
1142392
159978
410864
669781
925553
1201862
397429
653772
910668
1302175
208516
453746
710724
976398
1479877
231312
488416
745416
1163968
267504
523928
780347
1042200
1422507
242852
489902
745537
994681
391692
643438
899110
1148738
244342
500955
757727
1074434
236835
492361
749692
1081657
248826
499874
756374
1634958
221202
477920
734965
992388
406442
662707
917672
215147
472414
733081
1159914
242915
499936
756258
1038345
1338684
167962
416541
670708
934578
230665
487562
744529
1201807
252880
509456
766585
1072382
1445455
391906
649019
902790
1174417
167534
418918
675656
931838
380718
636792
892681
1215512
269074
525596
782507
1071789
226530
484078
740939
1151081
373249
629904
884463
1577988
169724
422602
679895
940729
254477
511391
768049
1036442
179350
425068
682524
1100545
170629
420926
686516
941902
1202979
389607
637525
893262
375751
631558
886965
1165991
1471570
156763
417102
666051
921500
1289422
226940
483625
740286
1146955
243375
499995
757290
1063156
377637
633976
890780
1148227
179148
426625
689732
1011354
1307944
231753
500817
757765
1618055
229842
481972
738320
1324378
496085
749170
994853
1323324
263496
519601
777132
1155647
392920
649298
905846
1615557
268674
524976
782809
1116174
191972
439311
695230
973392
419618
663771
919366
1311714
245622
507905
758930
1155798
1520022
217370
473778
739350
1083777
374719
631389
884882
1143237
199595
456735
714405
1262588
385894
633673
888453
1211675
1591888
162190
419586
667078
926638
1217792
1483686
375599
631986
886571
1180412
409551
663988
918413
1219435
149118
397927
650964
901121
1160924
405064
661433
925932
1364484
148124
402103
694889
1034892
1400851
226010
482598
739416
1061641
428651
670660
927991
1432652
164353
423766
674341
937137
1196924
223843
471769
728694
1216394
374711
631846
885125
1132230
166736
420505
677766
1135718
400875
657577
911401
1190277
383085
630475
885592
1606405
212392
469238
725912
999663
1298937
399830
656022
897762
1429684
272595
529023
786008
1067504
406613
656053
912738
324542
574585
848211
1152877
157180
413742
670967
927915
388562
634391
890632
380904
637867
893242
1267322
258231
515094
772132
1033615
412271
668293
922610
269835
526445
783848
1380517
246093
502371
758787
1061416
1524237
165677
412921
658893
916219
151715
400993
649194
905928
169830
429245
689005
938935
293936
550408
812700
1220580
229117
485976
742732
1075760
350134
605790
869929
1157304
225858
482277
738482
1139144
220945
477254
734598
1000420
205544
461995
718820
979722
151967
413930
671062
927763
1268485
162630
409116
666350
921812
345425
592094
847686
1180722
227469
483734
740830
1024441
1351041
216678
473141
729838
1037516
296579
552632
813687
1342348
247114
496187
751765
1116207
250220
506765
772467
1181548
211181
468406
724911
1165412
278739
526654
783384
1115661
309487
566579
823167
1200204
219134
476420
732917
1115331
