Latency
333313
582017
824952
1075651
1333793
1580853
1827959
2084607
2332982
2575377
2837300
3113296
3416512
3674223
3926954
4190051
4479891
4821728
5101458
5339918
5587958
5874519
6186030
6456097
6708917
6953357
7201583
7453489
7698258
8019363
8286078
8547491
8813374
9067263
3685516
4021163
80432
343563
11823972
2358044
181019
441695
770444
350544
596267
978540
220334
751090
1087808
151395
408323
761213
346498
752940
1231798
166807
450233
700352
350084
600262
108133
464307
159511
424039
699672
160634
405770
916510
178601
447939
756116
1152341
139053
594745
915632
167110
421581
681695
1024027
172456
437130
693182
133122
393653
263749
590917
850698
1429011
199002
455900
728212
101638
406373
711104
172414
590144
344351
590490
878210
106844
367732
166902
410625
759001
352623
605345
942308
1196480
172558
434951
733152
1015598
180902
438945
720849
198511
442431
733397
162142
417160
777450
291360
538566
1142588
132117
376310
633757
346934
592836
904852
164242
414668
887098
177895
435824
717508
1002758
108782
448431
753854
348937
598606
876871
160828
511953
112852
380884
291295
563039
988692
1258401
367242
615556
890123
169700
460956
842043
1163059
134194
416280
804045
346536
616224
988091
1479843
239311
484191
764140
105246
362253
618364
1021441
200914
450927
744478
345769
651592
101645
357354
637434
208840
559953
884436
198640
543287
345935
617759
886594
187758
452238
705647
196440
482729
260660
508424
786443
1049137
203968
452414
741054
107054
365530
640055
200659
446150
776630
191538
454914
707172
101732
351853
667424
168082
422920
679603
1037307
107904
369866
642531
1026447
280748
526343
814907
107651
385330
691820
350014
609556
874302
1216711
167604
413900
762454
1276855
101142
357464
630747
995646
158068
411168
680721
158501
406212
742235
356124
595965
1054644
108235
366208
309434
577778
833756
1359527
221181
635615
942222
167530
411727
673743
1118765
185444
450922
332868
597142
890347
1502976
166502
419596
715147
1060004
133549
377973
667342
190860
440237
736491
1083115
212444
484477
779898
1053603
109082
379917
698784
132506
381563
739655
202010
446754
747798
163860
407971
192025
452870
790278
179735
459427
729413
1047463
279138
524103
774711
101572
369732
637825
195720
456683
867366
134213
413207
704574
1079857
173547
437691
1014234
181558
445824
695870
175147
424341
875836
1192277
304189
547910
177811
427048
732277
172014
418657
702500
364371
611309
1026572
1489620
164160
589838
896049
103259
350620
715398
200365
564172
145851
407819
893404
1168035
167528
432631
706170
176935
610523
912936
176612
429524
346781
604884
1169415
160457
424728
782877
170264
429719
694020
203929
450951
730027
1197581
368488
618492
1054936
105675
356085
673219
215276
474202
797584
1104625
350667
614631
1000205
153849
411157
681402
198347
459418
928645
347235
609182
1079599
305587
552838
843241
113137
378081
681110
933765
220024
468417
1071642
335617
579938
841987
103655
370133
934090
167790
429143
682487
940163
171382
424259
861007
105321
355922
673200
132083
385901
689083
345853
610290
170647
609101
1191453
353534
597974
931992
101530
371502
642411
345852
602124
866610
108897
370314
647841
199969
456414
917387
191172
443924
742272
196976
447822
699665
356144
602457
899515
107253
414460
738377
360226
626871
1047114
303297
586190
1301950
174507
434378
347068
790115
198563
451431
735906
181632
427606
165718
427508
728305
194966
473097
818019
172886
421479
680877
1055320
278917
538236
879392
1202303
171619
416097
682391
346807
606510
1121419
107477
370905
689892
165132
432657
723697
1077573
103448
370947
681544
998097
252812
499103
778967
101622
369651
706218
166577
427960
708200
229141
482093
824601
324319
593405
1053804
110485
379710
777109
1060371
206107
554182
861728
280759
534625
865095
136490
481241
858892
179046
435891
745293
343000
597696
934060
1407438
200057
462660
777165
106982
352696
764098
179690
531960
862534
345225
602864
869369
155792
408510
976280
102840
354738
659286
178995
451273
888217
158992
431038
918113
101655
346561
645886
197437
441849
731356
1030661
147004
402275
701941
197731
500336
949414
177809
428236
718841
195631
441702
721644
344890
601906
1000329
101653
349745
739637
1046110
202427
448159
719677
175544
607005
936537
190118
457289
779747
107660
364011
690852
958060
106009
351162
601798
242394
639418
252268
576564
195362
459592
762164
1153257
239306
490905
837716
105435
364548
677564
1003117
114402
370757
836379
198774
473811
782126
333793
578110
899108
102197
354316
721991
166931
644491
174148
504730
787485
201971
448417
793414
107690
363186
665651
933737
101663
347444
914924
135450
385584
913868
189686
533055
913865
150524
411440
180102
461466
1162556
199787
444697
946608
220202
465572
782584
189461
559214
1073095
309259
561248
197155
480235
196015
546669
793915
363727
616286
1069087
347170
606265
938467
174005
439505
823537
1160365
86635
350239
641621
358530
619141
920869
107027
356667
1084093
105490
376501
821515
1244860
199247
460026
349705
594741
850298
150527
394864
799259
170242
425279
765371
106212
405145
660600
1112831
372419
617446
889861
107665
358831
617425
901838
198954
460747
797413
182433
443613
755605
174221
434060
802226
161695
426101
701186
344271
607285
1000612
266196
518751
877412
1236411
235543
511989
829002
164692
416497
684652
979565
107683
358544
626941
319880
582015
878813
1304358
185410
446420
734098
1017401
108745
354614
618882
917675
176294
426435
748754
1003346
104570
349505
195731
463669
860128
345780
591208
879996
168370
425195
677679
198785
544148
838102
213628
474152
764504
198915
452057
765271
104140
372100
679062
199247
454777
705246
217950
494318
753062
106360
358760
176197
435496
701224
347138
607012
975529
178294
435226
750966
1086343
184104
433981
710168
1028262
160123
425169
725810
357760
610895
898004
1361934
220192
471400
1004802
169923
426818
727824
168491
451120
775394
350754
617484
867429
101458
373021
666498
974275
168780
425054
721504
347952
664819
941354
217695
483815
771634
165549
599518
942417
132491
392686
779505
346812
618644
925559
166696
429260
687527
942303
160542
411334
1014881
1320026
176541
429190
780088
357785
607924
929642
147679
409585
689910
972048
112274
423198
729121
347032
610399
1037571
167406
615555
176860
436726
766022
347412
615239
875114
295302
543587
839758
1212564
197484
474484
192775
437928
848358
1103760
194425
448891
723135
356908
614510
963984
136947
397621
648582
228015
483162
828251
166444
414385
729573
112179
375272
652204
988351
198842
458227
1159955
345043
598800
859697
105690
363293
618344
175041
431142
709532
1134635
274824
541996
796149
164148
413276
712963
159825
404038
663712
175216
419949
675505
1005840
172284
416660
816003
177527
440678
1147142
134910
379992
685891
215387
467292
894839
169480
525598
790630
86008
350112
618164
197645
557711
1111758
360401
781330
201090
446442
803167
180473
426675
849145
158188
412033
1020564
248824
513052
849902
1198421
167199
411585
682877
180626
429816
889176
333027
591620
855276
1260754
354595
587414
877610
108731
420812
214692
479547
920726
176780
438718
741605
1221302
218358
467883
159330
404202
727920
1060977
164700
429327
796234
332380
647242
106347
364698
782365
185312
504762
781266
332044
578644
104817
360737
687141
189737
453829
886661
105900
358985
633161
934984
180054
449236
718410
86482
352245
702824
105647
370546
699635
323788
723839
164269
414114
755411
180474
662365
1105307
220951
465838
765858
1111442
1600588
172826
630718
980558
254110
617960
136061
389785
728956
196207
453081
888120
182789
441634
699975
104399
373551
792625
1091442
173863
586359
1056978
316276
604056
884102
1193100
238348
504715
816790
172580
417578
679035
362736
616065
923652
1227971
348239
599856
1000079
176689
435251
721179
1201035
159356
434044
718096
1200946
347486
591411
944480
105181
372428
719268
165877
421878
687005
343730
730767
147054
412808
675367
950033
188966
433504
706167
956256
143211
608380
344847
679975
198757
459490
1019457
101418
355279
620040
176714
460711
1149251
255400
504430
1067772
218375
471605
739078
169455
611114
354598
599102
872187
158523
403744
841812
107183
365640
643125
347951
598089
932367
105658
373521
922385
197613
453722
705339
166772
518658
346296
595450
948889
217867
462932
954888
112198
357329
160780
487110
816028
347207
769919
1076765
103620
348068
747927
195921
458135
803238
168574
412684
752274
379977
631441
919042
152626
415451
665934
1014142
110723
361447
625219
345360
607185
865535
112069
364617
626686
932092
158486
405335
711014
166193
589444
215823
653001
921113
133592
501958
774981
231341
485982
849636
208639
459034
826405
105066
349730
654140
172823
432584
1023398
108800
410434
745889
214332
465222
797457
1118491
102325
411764
348232
612249
969640
167934
441509
712952
1194589
164548
425283
706427
106000
350489
633605
346314
762120
1016518
266194
512838
830577
104506
350479
726826
1069673
148281
397691
745224
1037472
186063
431815
874600
166869
544581
935370
105789
362619
653081
918266
172997
471898
350110
601032
913266
1242305
185271
465894
887938
166081
550153
348069
599279
957856
239954
513635
1000378
205242
473958
845965
171956
418791
687815
347639
599971
927504
105254
371418
629731
174370
435573
918905
165301
433554
1147029
366378
636105
949918
160125
405066
675762
957462
158883
423175
809547
343834
897204
107597
362426
616601
166062
420591
698976
346239
779512
205983
449384
1002866
159102
425432
718777
1014175
142995
393049
651700
991930
246518
668422
164207
420964
705221
1127200
150085
403604
747917
330303
604061
1012508
286876
541704
824400
132462
382553
640715
901674
166254
426777
733575
989806
147035
391719
338956
583372
998377
103685
376366
637015
255175
508542
783062
331682
631930
1084101
146019
400245
651085
172892
733442
104598
349529
640745
340996
592694
860800
1151432
104719
370567
792009
341922
605759
330229
574794
837944
1311002
172526
444325
749890
212522
769241
313777
569743
902115
1260657
180411
430687
711538
152471
413112
957753
138694
384031
974993
228797
484493
991388
209891
463267
905852
101424
361685
660060
345930
610525
891581
1399582
105682
374301
637028
190247
438007
727128
196049
456915
346963
613607
894664
1185097
1527058
173478
762502
160546
898570
101545
360271
790146
160213
404764
717069
160782
437367
812535
171180
431562
696787
1161057
350200
597914
1934469
204198
450135
1015477
166988
412034
723131
346278
770014
1102181
184429
434241
758972
103092
347098
792353
182164
445651
809136
169513
414388
671616
1015901
303057
557600
1149358
157591
453340
757470
176387
525139
1096208
352386
612663
101472
346748
615328
964490
186381
448872
760327
1181370
346147
590969
858805
162447
407124
833095
106685
352100
624910
346475
605204
1019738
283610
536979
852036
144833
405667
782162
1097443
180763
591364
345885
593619
926574
157484
413120
736020
169376
416340
744476
314578
577366
895797
103935
354712
655465
971931
242701
495451
766645
132372
395721
645080
346419
596847
879252
1531917
284988
528977
921940
186468
603552
1099285
137483
400552
671761
361212
610428
885722
154570
407254
704435
1119052
150438
406010
806426
132365
390787
699326
204018
471708
744484
1045184
103070
360386
689789
347129
598674
892706
159304
408889
786570
135309
396540
683846
200502
458972
750293
1111494
220733
484619
854846
162161
425587
756570
133564
385238
724520
346602
591020
908067
346396
598463
931029
106646
363531
622733
893378
101821
353717
625780
346242
616630
940153
106430
366649
767548
1097229
132382
472238
808080
200697
615085
162068
419915
839828
106556
351890
609859
104687
354018
628014
349503
674791
115148
362744
656138
1043078
228766
477267
753541
167142
425717
693610
345509
600985
899440
1473393
173403
473845
753815
165418
409189
792538
347007
627922
1097224
167441
427024
811735
151177
396470
703942
169245
416819
724526
344188
589448
942415
164157
418059
719368
154929
406415
341972
732156
345835
763940
171895
442259
911663
1163473
146147
630305
345409
606715
971215
132784
393805
653968
188544
442606
710258
1462221
196238
442522
779946
244357
522129
791038
106230
353627
644912
155985
435417
176898
430401
729852
161481
417345
697564
102575
352870
694241
1172708
206787
686167
181347
448181
708625
1018651
285556
544109
840717
1135839
102864
363742
726945
331611
808306
173095
432521
691969
110161
372981
657882
198357
486481
755111
331582
759007
178412
436360
823532
108462
360880
647308
949600
171624
451140
766166
1168387
171820
428593
702722
101885
370290
330272
605157
920987
170833
445430
804732
159000
419557
696339
1230073
176129
420008
345151
679890
1070832
338129
698307
107364
354180
747174
1054084
165166
477946
806163
101644
348714
744335
349044
624070
912487
1173032
203165
684381
992244
158511
406196
720154
345877
600302
946637
204222
506707
893651
165945
524708
1329300
186312
443873
746260
218332
637360
943674
106554
370604
644022
195850
450952
880568
178480
428430
788668
186212
463683
725212
1044617
101277
364387
702224
1023563
158007
410691
819998
1426562
171278
417334
675670
86328
426158
731282
180189
451017
1001176
168919
531468
340644
606644
981525
101604
346633
711743
333095
914291
1223173
160037
404638
778141
175718
443943
764877
170048
422870
694856
331926
638242
353042
595226
891258
105270
355776
640385
196810
527892
333124
715244
86319
348860
682318
198631
575600
933220
332388
578168
942293
167118
618091
172647
420692
738864
218687
463763
755470
333915
784347
1068881
102850
365556
674207
170251
434682
841918
359199
629337
216037
488778
917556
188214
449390
710044
1020394
166006
410532
712326
1071183
302705
557958
836138
165867
418144
770481
170532
432928
756865
200433
611789
866303
105142
354154
686658
168930
858365
102966
382099
782414
212705
778625
1090260
148137
433934
151257
398794
654042
964856
171811
419036
740284
1073113
328751
674484
108732
373661
654611
169587
422528
699910
958846
162764
420029
678168
201950
469051
780669
179234
433251
930374
169108
437978
347874
592578
864886
101853
345855
828738
168669
423816
760940
1121284
344814
600178
167541
422159
1352422
105082
349357
659577
344972
782880
345522
692446
997807
106243
354745
613669
196211
449538
793848
1391464
158336
410926
664407
352103
606804
898513
107861
358507
670573
1217362
206894
451996
705904
1156956
345972
590567
865740
107931
366386
835135
101413
358778
644795
344754
599201
856428
199356
472414
745307
104517
519421
825508
198560
445746
777894
238918
482684
747590
1566398
221035
466317
747973
1144591
132691
387626
685782
349384
595604
922489
110963
375864
635374
977551
235909
489624
752772
198286
521817
195527
441917
799869
1108776
199656
464871
718468
175445
423051
707095
160138
416398
812232
1185320
332202
782527
1059957
102931
355010
643496
170048
414222
793531
158360
403966
713048
1031417
260726
506129
837501
105474
350800
690866
180549
443305
788240
1070668
329547
586028
941466
216456
478024
845003
173981
418105
722829
1091802
331455
787794
1225706
220710
472894
991688
110920
371971
645330
910091
196406
447395
715994
1244820
102785
411038
305352
564187
908361
1302287
145561
389860
739412
1019358
158029
418635
856156
213468
451818
720020
104034
352586
605390
925371
159100
404718
346330
628600
931635
169829
432824
830680
177150
420622
696554
221173
478027
756785
1077031
341298
606050
979730
206325
465797
747256
1157853
158969
419390
867345
270816
533947
789946
158454
422755
686665
188198
439768
900384
105197
351172
650211
1273152
349617
652338
104791
355524
356018
607867
876047
159111
413850
911633
159161
423937
922898
164657
443026
690014
1185255
329384
579187
851100
167968
474440
789024
86471
331693
732377
207578
480998
794821
346387
597305
861759
1210032
179639
436285
844841
114512
370056
734051
345146
635526
974827
1235195
218110
476502
784638
164222
533298
199646
472524
726311
348275
603504
860123
1235855
132565
383700
641399
1156210
166728
411363
726592
1038267
158587
406238
721815
346177
605384
883452
101459
346344
636035
203906
449168
902405
1295168
247324
507619
842891
183409
441141
693408
1058511
103205
366407
651975
214695
464445
843329
348576
613059
875328
160015
503043
756872
177231
450104
794620
200318
484830
735708
346071
610268
936451
1221869
211765
461241
784367
198593
460372
717732
218277
639907
1127568
356161
602810
163817
428424
752646
200030
489488
750635
158922
416193
902773
188824
452244
708758
193628
527299
345480
764437
1093305
205977
452596
746195
167644
420856
679848
349497
603480
1180596
345331
590403
888605
1214010
267027
511511
789469
167884
633459
1210604
346802
591788
954294
229905
485159
773748
108834
401185
709717
346252
621918
944341
158241
418622
682034
292516
555317
958599
107623
375632
831649
358317
605976
878197
280786
530954
823400
1116232
139213
396823
662571
357390
694381
943584
163180
417400
673462
101690
355366
715115
103681
358005
346136
828458
104979
354200
701489
104116
348688
771236
163758
427561
1001700
247350
502865
1040007
180482
425237
675790
107363
363132
678838
348033
605890
1027390
210998
470375
956430
102487
363108
780366
170851
424383
702180
1049292
275222
544785
805717
170745
636460
180371
425276
728344
1090196
165264
413524
668410
214754
630728
927697
1442098
186740
442888
730264
176631
446603
756807
1022837
174064
418682
694837
105966
354868
688556
1012003
102705
353091
626559
922530
187609
438343
702138
160620
413517
765338
101730
369612
332372
772384
173332
426711
336805
589547
889561
1191382
135700
387658
861218
1397300
198909
465734
744304
158628
414128
788838
1075998
164547
423075
676069
188492
452175
170670
530986
1040398
301798
550030
893516
112420
363055
621366
217341
511807
776298
1550929
342987
596233
869589
1149920
166678
411526
701617
159382
408915
755657
332882
600578
942969
168016
424382
687964
104771
365915
615976
172468
534201
870275
226144
483857
1008530
289312
545728
821430
1073700
101623
360750
652326
353417
703270
955317
117100
385431
671539
227474
523719
198091
458956
108281
351877
719423
158348
413329
664180
174970
497108
800892
162507
428404
801769
194535
445460
848562
109740
357628
649327
916862
108853
355890
658326
345861
940527
128407
359117
720003
105554
363655
652725
351385
598528
943206
168171
421543
819822
107595
356045
679325
166447
411322
685565
358130
729414
985904
260582
518087
806321
191669
461161
714883
194955
520081
892019
169526
445336
763827
107881
359472
619085
188292
455521
770252
229915
483415
878412
123575
360456
685971
1202378
102917
359239
651761
193388
467535
997495
178858
431356
702067
162134
436245
679774
104188
350209
615811
913294
188827
433159
904209
1211147
164229
622962
144261
419476
720017
1042468
164565
506564
787356
1135067
345445
598502
905479
210842
538812
858508
159771
788529
361776
735146
1145165
179111
448478
869041
1124366
103247
347438
726189
183104
427448
789212
105895
451722
833831
106947
351889
723400
166455
562573
906848
105115
360700
631148
349817
605549
920079
1228778
223899
476404
880453
167678
429799
737754
168534
427303
844410
296233
529781
859876
159468
553912
838692
197717
473191
789879
206411
476971
733221
164268
431103
848574
106607
354075
960068
172454
429346
695153
1199429
363185
634350
969277
151639
406385
720214
199642
552062
942981
106271
360557
616140
188808
452823
838294
1160829
180170
435930
699947
198344
443990
852745
183261
427877
866840
161406
411407
712358
174016
430844
718048
160789
422710
678659
1143944
344682
602575
1434778
166254
421310
678665
345145
598647
952838
171634
435958
711460
105188
380154
676597
205334
450980
714224
1117806
344579
602479
954766
222660
487072
794528
184151
549478
872752
173088
424192
733626
167640
470312
234267
601392
102278
347974
687856
1072540
164839
419502
894268
1218868
174158
433957
718745
164061
426122
683188
347936
609111
877337
267867
708465
170329
442006
833141
106148
371590
667495
246968
491553
335007
600488
864761
105574
360511
865000
1610081
159961
418393
943014
165470
431081
781744
1146671
165402
410841
210746
482359
926268
1212940
167697
451357
744546
1483252
333011
598471
1011257
144294
399265
656893
214611
633493
281117
525757
806641
104120
369805
711634
987712
185355
430007
882347
1503284
330537
574612
968189
198932
444626
723244
185396
432944
756840
186181
441892
782138
329186
579256
1005670
275329
533694
1010795
114134
360022
797797
105419
370928
341621
611579
872374
1121143
171772
432821
836124
109433
360472
627218
354838
599216
896843
164378
413269
940254
112608
377858
347883
601123
894691
171994
540510
945055
200294
458753
715609
202417
456532
807192
179553
423688
749010
166903
442638
787948
104465
349730
614606
978477
179854
578080
937110
132587
582290
165043
430454
840277
175608
451086
345369
593422
929011
185749
450497
702055
1064456
106921
378708
863465
171902
426772
932781
104327
370151
715518
197177
469116
829980
1226041
164114
711134
159780
423877
679570
378492
603525
1050604
254356
511588
1119841
179748
446087
775428
175715
444112
796280
169196
426358
704968
168018
611908
241920
504155
775827
345028
589439
1023584
108761
374340
764568
196868
447291
983062
170700
429742
1136526
356785
607154
107490
364495
635148
358978
617418
345622
595238
962391
188644
433819
708134
1074217
171097
426711
808888
344866
589774
944203
181184
436774
831125
134267
402097
666818
216406
466121
945862
202236
455022
817934
102308
417112
176365
594314
901225
347441
592412
942514
190591
449840
172024
417395
671780
992361
106555
651560
913217
176616
725024
166275
471504
919580
1397931
213963
479382
857905
359833
606626
896735
174164
454807
907720
172140
430945
829431
1087211
164935
410689
158592
412753
674108
107457
361845
773398
168252
426672
767316
218404
585425
856770
163247
457741
904281
179795
482835
859294
158436
420337
886920
346895
612175
888482
1192467
175377
422460
754279
106883
351554
747614
347319
590844
863604
1238443
200004
453959
751489
109734
509391
819333
193134
438341
757395
212522
456898
926160
179100
441614
739080
1204834
154281
400687
749524
367078
638276
1034157
205751
470417
998217
162556
406313
710249
196323
457774
1157970
350220
617263
970919
244302
495179
752168
107618
362873
631245
940411
172488
424626
757463
345871
605345
869798
168227
413008
849522
176943
439355
985357
105885
352694
690266
106383
360599
105572
374670
634571
346842
600467
917855
1334781
165955
434801
1081135
310732
563429
934028
103606
348820
666187
171251
425256
732795
1060363
202072
446412
878102
137304
396046
814905
175067
441946
940464
184193
453148
713419
1100686
323378
572069
170748
421428
678501
212082
564902
894113
167187
422765
715168
102844
349960
708527
164487
420710
683834
195304
453075
726909
112094
375236
708247
196322
447684
737291
347843
719142
197550
768830
1037688
102812
361219
666148
213523
457973
866855
333353
705977
1220507
343668
589760
844458
190071
440198
792088
227650
494102
938052
170447
521581
256402
509588
918921
158551
538243
200487
630416
956748
203512
471871
779725
1079997
101638
356005
724792
164385
408740
754324
166793
461447
272629
529287
1023918
103985
353736
633074
1161284
359722
610533
929290
160267
404397
744835
169590
427334
756071
180941
428061
715214
1077676
181038
438046
306880
551639
803458
168090
427940
238455
138412
384211
155549
417573
761388
161044
405770
744764
172903
438965
912063
196175
443583
1007882
174933
418825
699840
968478
132877
378868
719246
1025472
286062
538614
1096581
215205
474466
805578
1197828
182799
444176
943774
165923
415870
775934
375907
627928
971599
101316
359392
730873
1069470
105200
350919
661931
345291
604624
953231
228645
472489
735522
196951
454026
716404
1223177
206313
450801
751310
104187
366939
815951
107980
359158
673622
345672
608739
960319
200487
445360
762368
1099739
176032
436289
719459
196661
601685
1100203
170598
418906
759772
370728
617292
881010
1200470
101887
347479
630941
195903
779257
211097
470160
849118
163761
416236
668842
204061
668034
944630
173812
527477
790555
354259
622744
889409
136555
393417
734228
988424
158530
432190
685965
345401
604892
1025821
1563141
176281
443779
701128
1022871
178590
450062
725369
1146247
355047
802246
1068466
189271
452692
715157
102763
545768
195951
457592
715594
1049268
1519790
313320
566177
1048030
215741
461157
906883
158628
494564
843880
201161
463232
1119655
355157
599723
945602
107597
352303
685560
196033
452302
754780
166375
416185
771505
164817
437888
708711
176931
426022
730977
363410
628637
953013
168155
426633
714147
961771
161625
421607
729879
181143
429824
722432
208894
456295
751963
1196675
172619
426584
741195
160099
407090
699565
160286
407578
734227
174124
435381
776084
105205
368525
692026
197921
544395
846921
355874
610172
971777
181292
454318
804162
168787
423515
705711
345345
605340
878001
134774
398756
753592
196945
452556
731639
168790
427053
1094370
317844
581489
1163725
350244
686402
1499897
173898
418024
744203
205702
554441
244980
507278
962646
143921
410803
669314
173807
420078
886287
147577
402557
655219
956031
198636
644761
953432
101569
348027
634568
195768
466492
883137
211331
477798
814734
168590
419118
877462
107534
374358
647150
1157195
1446272
344340
588383
893892
158279
414120
707585
104830
599659
188711
444049
841300
195278
652393
1054331
321912
576240
941888
170211
456196
726545
332764
599035
868351
1189345
175554
430133
247443
516474
1007013
246545
496304
839509
332493
608115
899610
189635
444566
1005086
1434362
101671
369689
197664
452172
769191
1343210
337452
585650
872650
192809
451951
196590
447045
1082108
315363
573848
827894
179131
436769
805275
169805
446351
750464
179287
423742
686188
169095
427605
761230
314448
569071
831472
143834
418219
722523
343550
587890
977790
171064
478123
144881
448294
730648
196660
446560
750421
1497808
346145
590754
845274
171460
625511
885285
174619
583438
898020
233268
477548
926235
207700
466037
782264
170181
587691
194031
496823
992435
155016
406984
667598
362872
630078
188736
567344
289017
560090
1049516
170983
446096
843408
171091
421668
701355
201785
612286
356409
600382
941921
105768
366587
190698
434889
1024963
104942
374032
714607
203048
558443
826629
104520
352057
627780
195483
453753
848137
359047
611864
966235
1387072
212336
464610
955893
102725
352916
859588
174386
424477
890280
132945
436997
281001
524931
816838
178920
511132
850996
193607
454262
762568
105859
353422
107099
351850
711284
158136
402858
669939
223318
480170
749826
108108
360279
656608
962262
164794
426045
950669
217730
558923
124519
349088
179118
431147
1000787
161765
422754
728268
199838
622802
927532
106917
361390
699974
168694
609744
886185
201083
444800
743171
187667
437920
691874
108800
378365
848892
160412
442935
738631
345711
589413
858311
104820
362304
684227
200211
471471
790347
166908
412981
796425
198952
470609
867462
106124
360929
712233
109149
357541
704629
976562
133917
380263
751666
164338
408139
753843
180812
570436
347520
609050
1025547
207147
451383
259844
515300
829854
172788
431655
761651
346525
600145
931050
107637
371571
736517
104125
357339
806740
132347
378034
655490
1046650
343900
601010
876367
215252
471190
915452
166437
493997
346895
593152
942974
193895
463730
132335
377232
749692
204367
565499
350889
617068
876985
1414194
104667
349061
346073
596711
234331
489578
854347
178382
439504
697474
105348
360639
710790
184205
434685
783838
185381
433191
730264
165413
434947
738167
159689
446968
752493
205614
477788
745601
202175
468858
797131
104294
357705
1083317
143593
407341
807012
1096944
336317
603676
930805
178096
427907
814947
176975
428227
738792
993415
175490
419721
782686
331608
586142
886166
1210236
193049
442037
712493
974678
101712
381077
330231
589435
943675
203921
469644
782180
132312
379624
672252
215226
491725
821010
1274531
83096
341518
610770
226717
490015
902958
159766
408123
693344
956655
175513
543952
815501
358211
614352
883515
1206487
132257
382410
644617
1313263
199445
622224
955905
345494
590219
1037623
1373290
160299
405314
683014
1063470
101565
350494
650661
363248
660980
1212366
210285
474954
748021
133150
378307
933124
170226
443324
892283
181299
448225
730042
169480
420341
1131859
185733
449334
830030
1175252
351936
597068
896927
144971
412189
680760
102980
350251
223481
472141
773920
198190
684442
367623
815423
107798
557898
922953
196142
455230
818378
161474
469997
770144
1110056
101778
345659
668622
176614
453342
875158
350875
594942
915306
1224858
1527422
132453
389577
779846
102798
363467
658287
346915
606412
872933
314501
560083
832077
1489195
177600
442088
827425
164454
415473
345922
751855
169105
442567
892048
103332
355307
765615
235695
505530
950877
191840
441845
779415
217211
465207
895595
164394
570262
877214
194280
762621
193810
437478
718193
1208017
111974
356212
724457
345210
595982
872615
311622
576702
844347
1151864
1435006
180733
440865
998183
103422
358422
791071
168513
414260
914433
199357
497638
149650
405509
809027
206230
472835
798593
1091491
347280
788376
1091641
106777
363954
649118
161972
415175
677226
1033238
104178
349035
643005
345592
603397
928428
1221811
181669
440878
709485
976311
1332311
177000
422128
716058
1067183
295536
553178
1039718
314877
560470
815018
1309825
153933
405222
658035
356853
601985
871928
209706
574531
232256
489544
748464
1058732
197794
442669
772644
358156
619968
1275411
105563
350983
659286
189737
445307
755570
198909
450814
761634
347805
609363
1002018
101646
353859
630931
923118
112804
362029
348395
602630
980920
1300360
173311
413027
740634
104465
364392
753289
170287
482498
107415
366080
648978
999582
167800
420057
697740
967502
170656
566579
377775
636541
897532
110626
359085
624053
177925
453960
762711
199831
456835
714840
160098
411735
325058
574906
992363
1335902
106998
381280
639917
346111
607027
873715
216561
463005
869177
171086
438014
799903
185634
459256
954071
1239118
182393
440149
760984
366191
616290
182542
564968
212665
472312
949129
171570
415309
746821
1056857
108660
365064
680529
174333
575034
161446
411017
662268
165408
663705
132289
387324
855137
213279
469707
734344
204417
466647
744960
102867
347414
800255
181731
435560
892051
197344
627885
963097
226370
486575
904204
106566
599609
197475
456684
332572
591567
853901
1231821
111269
356037
689685
1063553
257534
511783
802678
1060332
134830
399951
1177783
343266
596427
878957
1183966
180621
429845
775387
330004
574247
914011
113018
374713
681687
106362
357427
613131
201361
452043
814312
336894
744448
1009996
150484
405408
656640
105275
350487
794391
199256
446780
941810
107261
355592
630542
164920
420391
703920
179166
438378
830082
1174808
361742
622337
1470451
166611
415745
1034588
192181
465396
732911
160552
562670
886681
214439
465818
722839
1049294
167529
412095
929519
163681
430502
831387
1085033
173825
418077
732535
1243083
342552
611833
867942
105666
353802
629470
195040
477348
748770
175054
418462
773798
228041
475392
748002
178098
422781
721262
1012217
172014
430893
726896
346269
607926
869860
1165121
177016
434819
216122
472824
767228
1095517
326446
735875
1070800
197270
442244
721059
171027
416019
1052267
105161
445206
343143
587636
888804
169468
436502
845306
203894
460383
766568
1242383
342534
595223
928407
1273487
105021
356463
611472
928668
155551
423044
686412
1267377
168929
794805
345542
771575
198056
455618
196509
463353
741058
345953
599733
928517
1246575
355259
618168
904574
150268
416681
792280
196534
534718
265952
535206
798616
1143068
178474
434050
690806
206410
469461
342465
609990
1503205
172909
427313
862643
104719
350007
629728
159800
418465
692220
998005
154261
591439
102382
354960
653489
961495
164703
736058
178528
429048
750725
175164
421924
856457
1438232
170653
415501
671074
169975
556178
313055
568771
951771
231835
486723
170351
424971
676741
212599
505885
867679
1396895
181311
426995
743233
1078351
203552
454651
794222
171097
423190
713740
1066148
310061
570376
901834
178051
465558
172997
436673
962628
105439
349960
763131
196678
632725
939538
203320
452361
754681
203778
460517
930196
184675
721199
106561
351287
951215
163115
450809
762804
348200
686717
345740
606600
879282
101915
154197
430206
1053949
191324
448572
731468
1183526
367910
607855
950170
158088
407540
742257
200057
466192
826676
160024
539492
335555
581623
895131
112777
370388
639917
887418
163814
413290
737418
1041091
311013
570125
833019
107706
352971
704730
194845
458140
720949
346075
608071
952134
1405841
138194
508235
173250
418868
796212
158861
529670
778091
1108411
209443
473843
847890
1180037
178604
440854
714756
1066538
167927
412580
668232
345043
702185
153460
403528
800185
1102810
161122
405236
672130
970825
163388
574716
1046612
296238
562486
886965
108092
352775
663640
164045
409207
897438
331524
578814
889911
166444
411180
731481
107119
361597
905262
1324243
180204
572871
900507
106860
543559
809302
165491
469608
721330
107597
352481
188304
529843
950084
1443346
222046
467810
731866
161228
406309
827059
214180
542397
922839
166730
422611
736723
1242178
165762
437629
695528
158898
418779
830065
158941
403173
1068250
330498
578945
906402
104912
358355
906637
174667
464408
767533
1316339
307242
571410
1112272
108058
363462
796441
159445
409617
667893
1009604
105507
366915
715912
164426
408852
706314
1006725
176040
435345
745070
167482
416743
729570
355966
610936
948319
1261147
201250
462332
775266
132271
380398
1076446
178309
433991
865000
184393
449123
798736
1137184
176722
431096
739181
1238019
200866
467280
345655
625366
105787
371648
675446
176745
430610
1063222
165154
420861
847140
199385
464977
728185
101758
346482
626915
288547
545704
806729
219370
472412
786225
137615
385187
151324
401887
749433
204533
465487
778549
258202
512182
877429
108434
366395
755289
169049
416586
698281
347578
603439
1122785
356454
602659
863361
241924
533881
819479
1154210
101870
371715
653704
951225
106338
357118
747256
199397
448706
734694
172324
513377
348867
612755
934358
1274175
107327
354831
690775
103955
363898
833281
212021
478410
744246
1087760
132441
379492
350754
608415
912435
1330080
101449
346948
688464
351293
607073
921630
1228259
308850
562918
846357
136179
414583
670249
200282
455970
746950
199335
466729
840582
1089874
171370
484278
170237
415812
722068
196164
453622
731160
1067907
364027
622552
925155
186887
439376
697896
1143247
158206
416801
667503
315654
605119
972331
215095
674092
183315
453681
765164
1225161
215762
487161
798570
346205
599032
1030506
279702
545902
114081
377810
697794
362796
606376
934984
313796
569248
946545
114668
359009
616458
924080
179933
429563
344010
604828
886838
101535
346503
649835
169342
424137
346412
772263
1231513
219330
469082
841551
152541
422170
735978
202938
454622
733175
1044061
314921
564804
836860
1132732
197615
455397
731364
169419
425632
728795
346396
835187
163814
412783
710900
175074
552098
1044053
159161
455348
750934
353684
601702
975733
225070
476818
755602
1053361
101827
348396
686407
358582
614463
1022335
298150
563338
854211
176814
682172
185075
433154
765942
344834
907265
167427
412659
743181
1353992
113663
369601
695853
233169
506662
814288
348503
625342
931809
134504
385650
219953
482280
780833
159537
426269
912898
180364
412772
839099
102918
355609
742371
1376577
331542
576625
1034971
214875
477431
787930
244964
491661
846483
168511
427370
809698
1142689
334014
578497
870014
1182947
287108
584279
895495
1179126
106222
375286
331841
600234
861646
1306944
201028
466692
724448
1072197
102273
361206
678101
332969
588610
880683
158628
533364
330540
592562
930683
156647
580311
199114
460800
760486
201871
461598
730447
164172
408530
684655
174236
569042
340887
588911
879881
165630
427750
710087
108422
594797
338797
604216
1021513
132545
387640
719371
1048010
318052
590044
867075
144049
437575
1013179
172750
428024
858824
185247
430168
699052
86681
354778
740168
1176926
214378
521332
901297
107404
369909
1069426
158638
587995
911170
1220742
104804
377118
700829
1192376
197648
540577
828456
172756
438309
1000944
264278
514310
1197182
101728
346886
618257
969404
161220
409345
748794
357828
624077
1024034
104369
365949
701298
204245
584357
180352
452687
789206
132636
398758
810373
158157
403132
335809
726084
166146
411942
666368
1062542
138562
403986
687897
198344
430791
719172
214605
458590
735715
132572
389427
741354
179140
429245
707238
1064892
208063
595889
874531
182635
610208
1517370
194110
456758
870187
177282
159158
608957
164117
421295
1059085
177498
427684
689815
231004
481410
802568
1278152
172652
434134
704584
104167
378869
688250
249164
500374
347069
591938
864262
1247076
1621861
177358
441216
937897
105140
362883
758581
166347
417622
679254
213479
468811
246679
493945
970351
167147
434751
940794
168072
417582
751551
1121062
227117
467097
763602
107495
371842
638158
1053619
161270
423170
701186
1048009
175193
444600
799014
107007
378312
1068020
181352
484015
958217
161194
417280
710703
355902
801800
1063575
107441
365668
638757
273310
517968
906365
1231381
145668
396489
652141
303519
562008
864995
132345
396024
712670
346571
589952
873161
161365
453262
153782
600312
180982
428110
716830
346667
592808
927195
106927
368144
685741
167633
425074
684999
345253
598227
901675
158981
588109
906354
108027
366066
653271
344132
605470
1024745
245766
500847
776098
1091984
181122
413919
696983
173088
448514
721770
170565
589142
353248
614752
933277
212572
457082
733607
203240
452552
752747
1025788
164450
420904
702601
1024800
324964
581207
964294
104789
352124
612421
348908
598372
891742
1253969
369377
617992
883506
183967
441436
723207
161606
578992
358431
618991
1031225
376087
608274
911673
1227379
138566
654011
940022
169392
429287
810577
234468
670062
169065
526424
164912
560790
144987
883769
169266
426812
689083
1018446
112880
376232
763962
331220
592198
1023045
296771
545637
804517
185227
450467
920396
159161
415159
718671
208764
454115
738153
1072584
340629
600790
979996
163396
419322
716641
179677
435437
1030700
301414
568238
900725
164830
424342
701419
209458
497905
231315
604045
1089990
332403
591330
911706
109224
377132
645507
954818
162005
419923
756907
332354
766260
164102
426361
700032
968162
171712
431790
800817
160604
415109
330150
586655
992774
172920
416804
733670
1087258
220968
492381
1346034
345910
619158
934200
222228
540204
844955
189337
442089
719307
976745
162066
418744
355306
610900
1108756
260579
519706
1005194
169660
413944
1327342
345663
593286
1203295
352952
607500
1165149
110456
366382
698789
1112018
168938
615545
895386
1273583
349863
612915
1181910
291261
544487
975680
106176
359064
616313
348628
607075
1365272
355952
721430
191904
509951
173528
447048
1215805
165582
417039
673782
314360
559125
825020
104389
371690
702509
1181967
218132
486042
862681
1223282
204769
450070
737062
106910
356758
928656
105871
370577
720534
348291
621196
884126
1188132
164938
408315
729871
170045
427897
757514
361273
618214
1177833
1493004
214684
466624
796665
104148
372390
627392
201827
500885
1083007
296387
541802
808687
1297391
179215
439920
699439
1284085
148256
392419
682795
195427
439623
801393
259700
520105
783786
176522
424397
919244
106170
358209
616552
964100
104932
350438
909211
171600
435914
760448
1012029
113434
358790
788816
215424
486711
821603
183087
448403
788258
1116415
165784
442363
211805
457548
722708
195852
457818
740978
1061875
354358
814500
1121953
110655
375736
645207
199796
538080
1087851
210854
455399
838282
184282
450877
725103
1003244
1346472
107044
354544
626456
360921
627472
903913
1190585
158775
407137
713852
1044383
180430
443857
772687
109927
365414
643216
952942
104928
431453
736903
136499
447577
1195445
144509
399202
848912
195700
459155
756700
1010490
107252
379185
723858
133069
397354
766676
160943
522234
361734
613368
996301
156298
419214
959514
111396
375006
668954
1044152
175724
439708
778604
345140
602582
1077430
1386625
103997
355247
710391
177695
439841
853020
1170716
348406
593313
1163815
161148
405465
736155
171021
423571
673505
200982
452725
803268
202771
457943
960345
241630
508281
811223
1340572
158457
415721
742647
346424
741933
1000890
183963
415924
761745
171308
438844
747944
345433
784711
123710
374554
1065470
278780
525000
800208
1131115
1390404
101686
349423
822292
346843
615872
1025050
1468234
202611
467214
812222
174767
438368
755103
105660
363880
670233
1143990
345487
776758
1081962
306050
568212
951223
108458
382061
651617
172412
581183
1245833
264758
513797
849487
1571980
162910
410704
862527
175608
423902
331572
601136
853222
133248
380174
666136
171796
429766
877880
165155
582015
941634
212931
460841
797892
168748
432677
823432
171769
530120
273594
537211
798987
159457
420271
677831
1146012
104017
349660
685924
197666
455317
928164
156810
632998
941154
104132
387890
796701
114437
403906
707984
251520
495614
775372
189042
446072
707758
105628
354438
697537
1024412
158566
437654
1160720
347241
604655
874114
158170
420983
197114
442984
723205
361969
631424
959665
198163
452553
714502
136025
386877
754799
217949
493132
815301
161550
419191
844952
1173757
170812
432397
196054
471402
866206
342069
601657
911468
1239102
219156
472942
944619
112712
370668
887184
199094
516612
307270
570185
312045
667610
165621
415848
680008
198355
448752
868177
201855
460804
889273
104433
371827
628404
174462
437073
920761
185705
439454
710776
992238
104069
360799
161598
417480
1080910
227279
482578
869768
165757
415002
931363
206971
453192
717148
1031798
171823
418704
685271
348023
600174
885320
105442
350571
615725
977822
101241
349812
649121
173148
458462
821651
1167190
221123
487356
827626
172398
429487
780882
195224
452188
262768
524637
818908
229041
473996
954066
133113
385762
737583
1163940
198202
464215
813295
166355
410963
680323
267219
519961
1094748
147016
414189
691728
1206311
345328
782326
135799
382892
634141
924059
163958
411286
722608
169690
425946
684071
453704
704703
1022345
160886
425144
884254
105481
354369
621432
355246
902875
1166352
228903
498495
891058
1140558
106502
366232
819689
107142
354075
617283
346216
684346
1090498
170625
427697
794058
101440
355760
643854
345135
592890
989576
253545
518703
835805
168802
433285
932975
165171
445558
700778
1025833
245661
512304
796861
209340
464784
799528
176248
478213
1014755
106347
351314
809753
163697
429188
691431
990067
188618
446839
751328
180679
465891
716994
199845
449477
804300
107082
358193
697544
1218702
146732
405718
732420
159616
422156
785515
260391
538473
109179
353457
652139
1089421
152599
503278
1032666
180894
698991
357209
602145
960435
177256
423628
1115803
258427
544972
953968
167111
417003
720992
101537
369138
670504
345677
595805
1097508
321470
565165
899718
166672
431338
160728
408705
345607
643162
1071730
198855
462889
921279
187659
458517
715577
171302
641156
1017499
144438
396912
763830
347039
594405
880957
1152062
184584
458855
817365
207483
473351
803762
342143
610379
900277
105694
363083
624318
171516
424777
746341
195410
457398
856930
164424
424942
929314
202801
450811
846887
145590
403844
792417
291572
570055
872878
156517
415414
815981
180354
424853
815946
166902
413670
910804
172861
428545
698284
232106
480510
834444
182378
604745
307347
569901
998395
260043
837696
104558
567281
331170
582652
857789
203225
464034
1020382
169842
433445
844177
107225
353370
675590
1168066
348414
593001
211334
468218
771248
1193927
132710
391709
766084
1104548
172823
450790
755499
212086
678903
978916
206585
582432
889356
180565
425242
714276
987095
186825
465593
802566
282255
527015
990077
144755
513380
342553
586600
928725
158638
443709
890547
164553
438505
755850
172958
552860
1063244
215051
479198
743373
1327698
370086
615203
892957
253590
544962
820882
188311
461574
726220
108544
356817
617725
175398
420534
738655
171039
422218
679541
1177970
200830
489838
802251
1099376
346581
591890
884162
193121
444431
737904
1262950
196721
460200
705362
209817
465528
1186233
362992
623005
1005964
101607
380040
878871
158279
417051
762131
185421
556040
236161
638613
167219
435990
346442
603494
884285
103985
354294
680812
168819
621641
952247
1281715
147556
413727
728657
1037397
176598
442215
846656
106772
364655
690265
998891
157668
412012
706075
1035544
163948
427288
783263
175291
441832
1299342
103014
350160
629422
347648
687749
943168
199560
577955
102497
354489
203086
630390
363901
617946
1029780
169552
428506
688004
1042188
176496
444765
346410
610159
883578
169564
434925
713846
178735
423648
789065
164608
414512
717642
1369324
178200
444492
724355
347844
604884
962328
107314
371083
755138
182742
722239
1124444
347000
599695
928203
207384
466982
739296
107200
378111
973745
106565
494993
343645
611013
868665
176041
780807
204520
474045
743680
1203691
346300
590969
870960
1261530
169009
442191
198747
467901
771487
1147510
177777
435422
358440
609537
897258
184880
430733
1097545
189006
439373
879653
197184
449480
761090
358630
662536
1170450
104214
349862
759170
203530
473609
1040315
319602
585618
101630
346444
709165
1237374
179185
448311
1019114
171946
436702
842858
160025
404697
698436
108487
364906
659689
199510
471042
345531
606501
869385
211127
457588
977121
169384
434627
742824
345975
591837
929418
163747
426376
699373
199411
454162
784259
212368
581791
1067195
336281
585542
982821
221874
471052
735452
1040260
164725
430116
688273
345122
599661
964541
232845
478033
757519
106604
372808
630277
969633
183200
477004
346754
618759
872557
1128433
169756
453214
729300
163524
427979
996112
170319
432353
243194
499148
834951
102753
528525
194317
445785
858783
1326688
331708
608762
935314
166159
412145
711854
1026269
101611
346226
616884
341760
598899
877211
1195835
202512
570542
252430
516371
822843
133067
578593
955833
168537
414498
757353
144438
410395
676217
158859
576088
332703
589403
953258
104376
349524
856665
278098
547592
884822
106370
360197
749084
331145
577932
904890
146648
390731
712718
173685
577800
211863
474478
806546
107560
570250
164065
448040
750154
170369
442374
729148
352340
619251
940706
198971
424014
763820
151212
414845
709741
174718
420562
708277
201528
445430
779010
1088984
101710
352732
171644
424557
738755
356356
606204
866075
1217144
189716
453071
875585
155508
412334
701012
1068550
181154
436521
697331
346676
645608
936993
104111
361455
622952
171314
439175
744731
105231
357140
784015
345353
612198
958993
1532647
193726
563417
898660
181376
440320
770435
1216858
345679
679505
939656
104499
358315
749242
109862
369607
632360
959807
105562
362315
672245
945931
166910
411820
876373
148522
404758
719881
1023758
85587
334008
588830
850049
196070
461617
786193
160597
422335
832804
1132500
109334
363414
832713
194913
544311
927971
103766
385912
287224
669637
172541
429028
724750
202349
454932
741076
355005
618757
898915
232860
531022
822117
181471
450444
841312
355408
614281
857978
159854
404754
827684
161230
432033
692932
1018655
175952
422688
770080
348866
608354
868081
201686
455651
835009
202195
465191
357566
606727
879226
1187225
179679
425323
793763
108186
373325
654445
347891
646087
935402
107068
386263
643892
190697
619311
1086370
172966
420357
745413
344067
588704
887169
179232
428447
708292
172340
442072
712954
1028330
107040
365125
630881
345895
615764
940868
102901
359764
648505
199984
443730
839873
196001
444296
751202
1242419
159617
422365
712334
188668
448737
347545
613253
196722
451411
760831
147952
419222
764748
197924
473180
879911
172759
422824
720334
1456517
356592
618039
886820
1361356
149141
411738
791118
170017
419586
994662
232282
486026
752544
1226179
164270
420034
758157
201119
466832
938198
168273
427451
839178
159860
432455
709616
967584
180664
439120
360476
604850
908891
171532
433394
1436639
321011
579984
985962
132647
378307
853794
176769
436285
707049
158234
414253
736246
102070
351720
207331
473365
906418
212512
632817
272368
535135
937769
1217334
105111
349092
678725
165722
430253
873078
189329
565885
825011
105638
365057
635391
197321
514984
765548
1169195
346482
612821
952822
173834
424155
702543
106332
380198
717855
171941
421355
331020
582935
1066297
249318
512029
835348
158057
422846
723691
334113
579380
850900
170249
429237
166129
439393
801955
216781
497567
801407
198208
449560
870368
135344
402766
672274
174309
435031
741543
1081700
238701
492375
762378
223840
522107
823994
1219993
105774
353598
340183
692175
1445245
199605
483844
763133
1221272
169172
428766
710344
991339
102539
347522
704166
1326588
173311
462915
352478
601375
105051
472130
844373
143744
401645
820059
331199
611214
104739
353914
637325
171869
428322
687271
1064326
198453
604420
286610
534597
1074488
202292
474616
777534
213065
481167
1085693
340139
600328
926805
106640
359878
1091372
101817
349374
426400
691065
996618
170150
452040
844919
173008
417412
699620
208041
454548
903926
165966
420617
694042
358953
614615
948481
107288
369049
663440
346289
603107
912531
1524175
164669
498916
102206
348349
649326
1130397
268864
736877
170054
416652
736080
173635
404461
167573
576760
190528
469113
723048
200148
449054
962049
238401
491111
862367
168213
412020
339001
589158
982515
198463
449986
735035
101789
352744
176740
435683
869981
347307
618072
1018713
1695282
295136
545012
840005
101529
421475
699454
360196
605171
888764
174725
427399
758931
106238
353640
808220
172183
562630
920205
201826
447336
850600
289893
773546
105826
516672
362680
607996
902339
1475595
197601
445118
718635
1103018
170953
434458
843986
173645
493956
172585
433600
362116
623448
877262
105280
350337
776641
199711
523306
812535
345400
592660
924328
178978
433027
693403
167158
616980
345057
631490
972477
202419
462937
108286
372276
788424
198823
454973
879779
111279
360232
718632
168576
434280
739227
345029
589517
893402
156290
428032
805456
359514
604459
867840
209182
504932
822661
205155
471328
854757
198711
457248
735508
290153
544237
1151184
152238
397147
755680
1065894
172151
433934
902670
158092
439506
768284
137578
399147
661796
986989
106512
379559
741091
362961
609904
903279
165341
423728
728267
171996
428333
785341
199125
449574
733193
1071604
344392
598110
932737
160550
406427
815409
202315
470311
769987
235761
497268
906367
1531415
344157
612106
913278
101561
355082
696029
199872
456661
864109
173643
426008
756218
1073867
103253
352197
719540
203822
452344
768340
233136
495561
818813
133020
385117
662327
211290
461841
728069
196842
451768
705547
343203
641715
106085
354208
631692
167676
442772
876131
349584
600549
916344
112661
363138
188195
450947
712295
171917
442844
697435
193797
656757
941814
199219
443081
743553
206202
451055
754530
1043291
109152
357316
723507
1016176
262082
535753
831234
1081537
173832
438839
754588
330451
723296
1025554
240985
507960
815442
1168218
111833
430511
909866
113153
357898
639824
1294048
345275
589869
863288
200360
444802
913293
106513
354518
1086270
175915
420704
908955
1365603
334108
602552
941600
137815
398285
698975
330511
611194
342698
588312
910749
1385167
336860
584537
891174
1150697
107548
352773
669854
217240
478006
813022
1231511
201035
459560
1321344
344777
614893
872719
101539
367945
633595
356078
601988
942742
178743
436783
1120844
223887
493394
788836
103573
367939
640366
1000426
165659
410175
860607
106921
375797
632414
165110
581639
890043
167920
555359
346490
612822
874598
153627
414758
815641
1270845
173095
436245
694135
360377
617658
925512
1279734
183982
428700
843217
170815
702084
1061063
158086
405326
679897
979835
199773
444570
798595
241475
499209
1038352
101104
357028
687527
1119328
205111
448608
803074
165695
428752
687561
997072
167867
607491
1167174
199234
443740
702186
223719
585741
893155
105466
362371
647113
161468
420159
725405
188464
447243
845311
127318
388763
769248
113343
486290
771627
105342
465247
1157551
346592
607122
957967
200027
446885
782706
132677
378594
664270
345305
610182
908676
149364
510938
1492501
207585
456941
777054
198380
606885
856902
210146
562524
866991
166975
430880
834882
106391
429121
699295
200205
458743
719943
1047828
306656
552139
808215
1262243
133157
456781
766036
200771
466081
775688
1077382
292618
544614
1043625
367474
615547
894389
104770
363647
613955
357673
615480
869354
183267
437291
701216
1179684
264608
521030
778481
1394225
167878
559628
344837
668562
939145
1393830
218130
483548
177853
429996
726258
182329
435844
1333637
346142
608641
165489
416299
683287
1064891
167950
416379
678484
352731
626913
883228
1204192
168137
423947
763152
114664
360125
625910
292783
679578
162217
412630
850273
108124
361932
643939
957733
101341
348672
626066
997789
169717
416563
744942
198834
512460
802429
169701
450811
754408
199802
443883
764622
109260
361949
781989
101570
365149
649066
969287
101567
346930
620941
345194
720310
1024563
180392
452040
750745
108808
361565
616123
982166
157986
415408
739984
193445
451275
715937
107597
364460
160633
423551
767661
1167210
206460
458502
803038
158400
404991
700164
1032127
173699
429249
742470
345858
597068
895353
161041
422797
846566
1153981
118972
757462
104803
349126
599783
342534
592522
1024398
171663
429480
1048620
266073
521538
834052
104894
349708
718970
1094241
178306
438402
701189
180530
450474
752394
104352
717097
171346
420200
794077
187263
579890
101694
355480
657399
979532
107230
357309
193479
463645
721457
1489138
334623
598830
899672
175631
441635
738296
185275
447135
708707
339220
589018
1020415
101536
365445
673128
997856
104945
373117
781128
342221
586584
916081
132417
419551
847539
169047
415400
758882
174393
583414
204244
459960
1196892
345847
591521
913984
101598
396893
352191
787875
169217
679868
1503684
181280
427158
785715
104921
374795
844807
1224327
330764
590415
868705
105617
371812
636345
170239
444057
706752
1047036
105557
373858
634438
216194
471048
757801
105790
351133
924507
158783
407176
663965
1187034
353528
602404
908378
1181840
215253
462345
786332
104022
551059
197686
453739
795578
169964
417311
730013
109082
490207
351577
602452
983797
192818
461156
725014
357730
640033
910109
1179012
107450
375245
795280
198108
456700
827674
345930
597312
879571
158208
404230
688443
991128
160241
412545
354264
733012
218386
452322
762364
107711
355142
655388
912503
202133
456606
713275
349081
610036
1006341
193703
504781
110350
365933
696602
346163
708874
158487
411035
672256
980153
105200
366235
658059
218531
482238
787058
359425
636011
906547
167800
417696
828175
110227
386334
637651
361377
605288
940802
1234371
167440
420975
696464
171712
533212
896724
177987
444831
868423
134408
379459
641229
1000183
259651
528586
980187
176067
446081
720257
348139
609004
1227082
193667
450624
736134
184872
436248
846197
203214
454857
746775
180310
432351
704451
360677
729997
132927
444024
709326
344251
593321
956398
348596
593076
845231
138206
412519
693446
132472
390492
715767
1045086
182968
453652
707396
165151
412561
696309
1008682
112007
357856
646861
345768
590331
893170
206815
696289
310112
571205
971004
104626
485001
192495
475800
762310
1069172
326409
778172
1051908
1538715
105629
366111
625691
347862
612380
966242
355853
609201
942680
132307
392468
751506
105175
381205
660710
1100634
204329
479953
748195
210675
464092
866674
171796
421583
703327
197920
461402
887599
170958
423556
711342
357904
633873
1018092
101686
351252
846740
211484
480682
763050
185060
429558
750964
101724
359799
730258
347749
605149
858582
1166898
298272
543442
916624
173843
427002
702770
1496929
109273
365547
730582
108190
356588
674012
169504
436042
711867
276817
520895
787137
171826
431380
709951
1282326
345005
596540
911155
172481
418975
688624
1006448
132764
383895
678624
346072
687545
188149
455360
887270
158639
426767
695914
105468
353167
620201
345637
612389
965414
182781
436834
726200
1187206
189497
438986
819849
159016
413686
333265
581128
844231
1327944
182307
426629
846553
186027
442748
836486
202923
455578
791298
196219
455485
739022
101800
346296
912481
182028
440066
742776
1255835
336104
579847
166527
428967
720562
975039
186685
436886
723587
197315
591883
926731
171181
436330
778027
104874
365873
342700
603895
892265
1200374
196980
465871
765945
1179658
101556
365545
672642
174670
582007
917647
175420
425948
688031
208080
625387
1222383
109555
364348
740875
