cpu  696391 0 1049441 16857195 25034 0 451088 0 0 0
cpu0 3582 0 7120 4630816 8488 0 120122 0 0 0
cpu1 684014 0 1026534 2947881 2588 0 108910 0 0 0
cpu2 4693 0 8014 4631116 5854 0 122009 0 0 0
cpu3 4101 0 7772 4647381 8102 0 100045 0 0 0
intr 505271922 0 0 84160 75 0 39687 2140302 0 0 0 222601 0 0 0 0 0 0 0 0 0 0 0 0 0 0 0 0 0 0 0 0 0 0 0 0 0 0 0 0 0 0 0 0 0 0 0 0 0 0 0 0 428529427 0 0 0 0 0 0 0 0 31665 0 54592 0 0 0 0 0 0 0 0 0 0 0 51614542 1 0 0 0 0 0 0 0 0 0 0 0 0 0 0 0 0 0 0 0 0 0 0 50524 4213 0 0 0 0 1299538 0 0 0 0 0 0 0 0 0 0 0 0 0 0 0 0 0 0 0 0 0 0 0 0 0 0 0 0 0 0 0 0 0 0 0 0 0 0 0 0 0 0 0 0 0 0 0 0 0 0 0 0 0 0 0 0 0 0 0 0 0 0 0 0 0 0 0 0 0 0 0 0 0 0 0 21200595 0 0 0
ctxt 34637577
btime 1673080802
processes 28420
procs_running 2
procs_blocked 0
softirq 91843088 77026461 1445174 157252 2676631 54592 0 7954784 1795082 0 733112

cpu  696413 0 1049469 16857344 25034 0 451088 0 0 0
cpu0 3582 0 7120 4630866 8488 0 120122 0 0 0
cpu1 684036 0 1026562 2947881 2588 0 108910 0 0 0
cpu2 4693 0 8014 4631166 5854 0 122009 0 0 0
cpu3 4101 0 7772 4647430 8102 0 100045 0 0 0
intr 505276265 0 0 84160 75 0 39687 2140337 0 0 0 222602 0 0 0 0 0 0 0 0 0 0 0 0 0 0 0 0 0 0 0 0 0 0 0 0 0 0 0 0 0 0 0 0 0 0 0 0 0 0 0 0 428533436 0 0 0 0 0 0 0 0 31665 0 54592 0 0 0 0 0 0 0 0 0 0 0 51614672 1 0 0 0 0 0 0 0 0 0 0 0 0 0 0 0 0 0 0 0 0 0 0 50524 4213 0 0 0 0 1299560 0 0 0 0 0 0 0 0 0 0 0 0 0 0 0 0 0 0 0 0 0 0 0 0 0 0 0 0 0 0 0 0 0 0 0 0 0 0 0 0 0 0 0 0 0 0 0 0 0 0 0 0 0 0 0 0 0 0 0 0 0 0 0 0 0 0 0 0 0 0 0 0 0 0 0 21200742 0 0 0
ctxt 34637654
btime 1673080802
processes 28420
procs_running 2
procs_blocked 0
softirq 91843156 77026461 1445186 157252 2676632 54592 0 7954802 1795111 0 733120

cpu  696438 0 1049495 16857488 25036 0 451088 0 0 0
cpu0 3582 0 7120 4630914 8489 0 120122 0 0 0
cpu1 684061 0 1026587 2947881 2588 0 108910 0 0 0
cpu2 4693 0 8015 4631213 5856 0 122009 0 0 0
cpu3 4101 0 7772 4647479 8102 0 100045 0 0 0
intr 505280755 0 0 84161 75 0 39688 2140407 0 0 0 222602 0 0 0 0 0 0 0 0 0 0 0 0 0 0 0 0 0 0 0 0 0 0 0 0 0 0 0 0 0 0 0 0 0 0 0 0 0 0 0 0 428537452 0 0 0 0 0 0 0 0 31665 0 54614 0 0 0 0 0 0 0 0 0 0 0 51614823 1 0 0 0 0 0 0 0 0 0 0 0 0 0 0 0 0 0 0 0 0 0 0 50546 4213 0 0 0 0 1299595 0 0 0 0 0 0 0 0 0 0 0 0 0 0 0 0 0 0 0 0 0 0 0 0 0 0 0 0 0 0 0 0 0 0 0 0 0 0 0 0 0 0 0 0 0 0 0 0 0 0 0 0 0 0 0 0 0 0 0 0 0 0 0 0 0 0 0 0 0 0 0 0 0 0 0 21200913 0 0 0
ctxt 34638022
btime 1673080802
processes 28421
procs_running 2
procs_blocked 0
softirq 91843378 77026469 1445210 157252 2676633 54614 0 7954898 1795154 0 733148

cpu  696460 0 1049524 16857635 25036 0 451088 0 0 0
cpu0 3582 0 7120 4630963 8489 0 120122 0 0 0
cpu1 684083 0 1026615 2947881 2588 0 108910 0 0 0
cpu2 4693 0 8015 4631262 5856 0 122009 0 0 0
cpu3 4101 0 7772 4647528 8102 0 100045 0 0 0
intr 505285095 0 0 84161 75 0 39688 2140440 0 0 0 222602 0 0 0 0 0 0 0 0 0 0 0 0 0 0 0 0 0 0 0 0 0 0 0 0 0 0 0 0 0 0 0 0 0 0 0 0 0 0 0 0 428541456 0 0 0 0 0 0 0 0 31665 0 54614 0 0 0 0 0 0 0 0 0 0 0 51614953 1 0 0 0 0 0 0 0 0 0 0 0 0 0 0 0 0 0 0 0 0 0 0 50546 4213 0 0 0 0 1299617 0 0 0 0 0 0 0 0 0 0 0 0 0 0 0 0 0 0 0 0 0 0 0 0 0 0 0 0 0 0 0 0 0 0 0 0 0 0 0 0 0 0 0 0 0 0 0 0 0 0 0 0 0 0 0 0 0 0 0 0 0 0 0 0 0 0 0 0 0 0 0 0 0 0 0 21201065 0 0 0
ctxt 34638100
btime 1673080802
processes 28421
procs_running 2
procs_blocked 0
softirq 91843455 77026469 1445224 157253 2676634 54614 0 7954916 1795186 0 733159

cpu  696483 0 1049551 16857783 25036 0 451088 0 0 0
cpu0 3582 0 7121 4631012 8489 0 120122 0 0 0
cpu1 684106 0 1026642 2947881 2588 0 108910 0 0 0
cpu2 4693 0 8015 4631311 5856 0 122009 0 0 0
cpu3 4101 0 7772 4647577 8102 0 100045 0 0 0
intr 505289476 0 0 84161 75 0 39688 2140476 0 0 0 222602 0 0 0 0 0 0 0 0 0 0 0 0 0 0 0 0 0 0 0 0 0 0 0 0 0 0 0 0 0 0 0 0 0 0 0 0 0 0 0 0 428545475 0 0 0 0 0 0 0 0 31665 0 54614 0 0 0 0 0 0 0 0 0 0 0 51615104 1 0 0 0 0 0 0 0 0 0 0 0 0 0 0 0 0 0 0 0 0 0 0 50546 4213 0 0 0 0 1299639 0 0 0 0 0 0 0 0 0 0 0 0 0 0 0 0 0 0 0 0 0 0 0 0 0 0 0 0 0 0 0 0 0 0 0 0 0 0 0 0 0 0 0 0 0 0 0 0 0 0 0 0 0 0 0 0 0 0 0 0 0 0 0 0 0 0 0 0 0 0 0 0 0 0 0 21201218 0 0 0
ctxt 34638196
btime 1673080802
processes 28421
procs_running 2
procs_blocked 0
softirq 91843543 77026477 1445239 157253 2676635 54614 0 7954935 1795218 0 733172

cpu  696506 0 1049578 16857931 25036 0 451088 0 0 0
cpu0 3582 0 7121 4631061 8489 0 120122 0 0 0
cpu1 684129 0 1026669 2947881 2588 0 108910 0 0 0
cpu2 4693 0 8015 4631361 5856 0 122009 0 0 0
cpu3 4101 0 7772 4647627 8102 0 100045 0 0 0
intr 505293821 0 0 84161 75 0 39688 2140510 0 0 0 222602 0 0 0 0 0 0 0 0 0 0 0 0 0 0 0 0 0 0 0 0 0 0 0 0 0 0 0 0 0 0 0 0 0 0 0 0 0 0 0 0 428549479 0 0 0 0 0 0 0 0 31665 0 54614 0 0 0 0 0 0 0 0 0 0 0 51615234 1 0 0 0 0 0 0 0 0 0 0 0 0 0 0 0 0 0 0 0 0 0 0 50546 4213 0 0 0 0 1299661 0 0 0 0 0 0 0 0 0 0 0 0 0 0 0 0 0 0 0 0 0 0 0 0 0 0 0 0 0 0 0 0 0 0 0 0 0 0 0 0 0 0 0 0 0 0 0 0 0 0 0 0 0 0 0 0 0 0 0 0 0 0 0 0 0 0 0 0 0 0 0 0 0 0 0 21201373 0 0 0
ctxt 34638281
btime 1673080802
processes 28421
procs_running 2
procs_blocked 0
softirq 91843621 77026477 1445254 157253 2676636 54614 0 7954953 1795248 0 733186

cpu  696523 0 1049611 16858078 25036 0 451088 0 0 0
cpu0 3582 0 7121 4631110 8489 0 120122 0 0 0
cpu1 684146 0 1026702 2947881 2588 0 108910 0 0 0
cpu2 4693 0 8015 4631410 5856 0 122009 0 0 0
cpu3 4101 0 7772 4647676 8102 0 100045 0 0 0
intr 505298283 0 0 84162 75 0 39688 2140578 0 0 0 222602 0 0 0 0 0 0 0 0 0 0 0 0 0 0 0 0 0 0 0 0 0 0 0 0 0 0 0 0 0 0 0 0 0 0 0 0 0 0 0 0 428553506 0 0 0 0 0 0 0 0 31665 0 54614 0 0 0 0 0 0 0 0 0 0 0 51615385 1 0 0 0 0 0 0 0 0 0 0 0 0 0 0 0 0 0 0 0 0 0 0 50546 4213 0 0 0 0 1299715 0 0 0 0 0 0 0 0 0 0 0 0 0 0 0 0 0 0 0 0 0 0 0 0 0 0 0 0 0 0 0 0 0 0 0 0 0 0 0 0 0 0 0 0 0 0 0 0 0 0 0 0 0 0 0 0 0 0 0 0 0 0 0 0 0 0 0 0 0 0 0 0 0 0 0 21201534 0 0 0
ctxt 34638458
btime 1673080802
processes 28421
procs_running 2
procs_blocked 0
softirq 91843748 77026485 1445273 157253 2676641 54614 0 7954997 1795284 0 733201

cpu  696547 0 1049638 16858225 25036 0 451088 0 0 0
cpu0 3582 0 7122 4631159 8489 0 120122 0 0 0
cpu1 684170 0 1026728 2947881 2588 0 108910 0 0 0
cpu2 4693 0 8015 4631459 5856 0 122009 0 0 0
cpu3 4101 0 7772 4647725 8102 0 100045 0 0 0
intr 505302622 0 0 84162 75 0 39688 2140612 0 0 0 222602 0 0 0 0 0 0 0 0 0 0 0 0 0 0 0 0 0 0 0 0 0 0 0 0 0 0 0 0 0 0 0 0 0 0 0 0 0 0 0 0 428557501 0 0 0 0 0 0 0 0 31665 0 54614 0 0 0 0 0 0 0 0 0 0 0 51615515 1 0 0 0 0 0 0 0 0 0 0 0 0 0 0 0 0 0 0 0 0 0 0 50546 4213 0 0 0 0 1299737 0 0 0 0 0 0 0 0 0 0 0 0 0 0 0 0 0 0 0 0 0 0 0 0 0 0 0 0 0 0 0 0 0 0 0 0 0 0 0 0 0 0 0 0 0 0 0 0 0 0 0 0 0 0 0 0 0 0 0 0 0 0 0 0 0 0 0 0 0 0 0 0 0 0 0 21201692 0 0 0
ctxt 34638541
btime 1673080802
processes 28421
procs_running 2
procs_blocked 0
softirq 91843830 77026485 1445288 157253 2676642 54614 0 7955015 1795316 0 733217

cpu  696570 0 1049666 16858373 25036 0 451088 0 0 0
cpu0 3582 0 7122 4631208 8489 0 120122 0 0 0
cpu1 684193 0 1026755 2947881 2588 0 108910 0 0 0
cpu2 4693 0 8015 4631509 5856 0 122009 0 0 0
cpu3 4101 0 7772 4647774 8102 0 100045 0 0 0
intr 505307044 0 0 84166 75 0 39688 2140656 0 0 0 222602 0 0 0 0 0 0 0 0 0 0 0 0 0 0 0 0 0 0 0 0 0 0 0 0 0 0 0 0 0 0 0 0 0 0 0 0 0 0 0 0 428561526 0 0 0 0 0 0 0 0 31665 0 54614 0 0 0 0 0 0 0 0 0 0 0 51615667 1 0 0 0 0 0 0 0 0 0 0 0 0 0 0 0 0 0 0 0 0 0 0 50546 4213 0 0 0 0 1299759 0 0 0 0 0 0 0 0 0 0 0 0 0 0 0 0 0 0 0 0 0 0 0 0 0 0 0 0 0 0 0 0 0 0 0 0 0 0 0 0 0 0 0 0 0 0 0 0 0 0 0 0 0 0 0 0 0 0 0 0 0 0 0 0 0 0 0 0 0 0 0 0 0 0 0 21201866 0 0 0
ctxt 34638665
btime 1673080802
processes 28421
procs_running 2
procs_blocked 0
softirq 91843926 77026493 1445305 157253 2676643 54614 0 7955033 1795352 0 733233

cpu  696593 0 1049692 16858521 25036 0 451088 0 0 0
cpu0 3582 0 7122 4631257 8489 0 120122 0 0 0
cpu1 684216 0 1026782 2947881 2588 0 108910 0 0 0
cpu2 4693 0 8015 4631558 5856 0 122009 0 0 0
cpu3 4101 0 7772 4647823 8102 0 100045 0 0 0
intr 505311373 0 0 84166 75 0 39688 2140689 0 0 0 222602 0 0 0 0 0 0 0 0 0 0 0 0 0 0 0 0 0 0 0 0 0 0 0 0 0 0 0 0 0 0 0 0 0 0 0 0 0 0 0 0 428565520 0 0 0 0 0 0 0 0 31665 0 54614 0 0 0 0 0 0 0 0 0 0 0 51615797 1 0 0 0 0 0 0 0 0 0 0 0 0 0 0 0 0 0 0 0 0 0 0 50546 4213 0 0 0 0 1299781 0 0 0 0 0 0 0 0 0 0 0 0 0 0 0 0 0 0 0 0 0 0 0 0 0 0 0 0 0 0 0 0 0 0 0 0 0 0 0 0 0 0 0 0 0 0 0 0 0 0 0 0 0 0 0 0 0 0 0 0 0 0 0 0 0 0 0 0 0 0 0 0 0 0 0 21202017 0 0 0
ctxt 34638750
btime 1673080802
processes 28421
procs_running 2
procs_blocked 0
softirq 91844004 77026493 1445320 157253 2676644 54614 0 7955052 1795381 0 733247

cpu  696614 0 1049722 16858668 25036 0 451088 0 0 0
cpu0 3582 0 7122 4631306 8489 0 120122 0 0 0
cpu1 684237 0 1026811 2947881 2588 0 108910 0 0 0
cpu2 4693 0 8015 4631608 5856 0 122009 0 0 0
cpu3 4101 0 7772 4647872 8102 0 100045 0 0 0
intr 505315824 0 0 84167 75 0 39688 2140747 0 0 0 222602 0 0 0 0 0 0 0 0 0 0 0 0 0 0 0 0 0 0 0 0 0 0 0 0 0 0 0 0 0 0 0 0 0 0 0 0 0 0 0 0 428569551 0 0 0 0 0 0 0 0 31665 0 54614 0 0 0 0 0 0 0 0 0 0 0 51615947 1 0 0 0 0 0 0 0 0 0 0 0 0 0 0 0 0 0 0 0 0 0 0 50546 4213 0 0 0 0 1299832 0 0 0 0 0 0 0 0 0 0 0 0 0 0 0 0 0 0 0 0 0 0 0 0 0 0 0 0 0 0 0 0 0 0 0 0 0 0 0 0 0 0 0 0 0 0 0 0 0 0 0 0 0 0 0 0 0 0 0 0 0 0 0 0 0 0 0 0 0 0 0 0 0 0 0 21202177 0 0 0
ctxt 34638913
btime 1673080802
processes 28421
procs_running 2
procs_blocked 0
softirq 91844128 77026501 1445339 157253 2676649 54614 0 7955097 1795414 0 733261

cpu  696638 0 1049748 16858815 25036 0 451088 0 0 0
cpu0 3582 0 7122 4631355 8489 0 120122 0 0 0
cpu1 684261 0 1026837 2947881 2588 0 108910 0 0 0
cpu2 4693 0 8015 4631657 5856 0 122009 0 0 0
cpu3 4101 0 7772 4647921 8102 0 100045 0 0 0
intr 505320178 0 0 84167 75 0 39688 2140787 0 0 0 222603 0 0 0 0 0 0 0 0 0 0 0 0 0 0 0 0 0 0 0 0 0 0 0 0 0 0 0 0 0 0 0 0 0 0 0 0 0 0 0 0 428573547 0 0 0 0 0 0 0 0 31665 0 54614 0 0 0 0 0 0 0 0 0 0 0 51616077 1 0 0 0 0 0 0 0 0 0 0 0 0 0 0 0 0 0 0 0 0 0 0 50546 4213 0 0 0 0 1299862 0 0 0 0 0 0 0 0 0 0 0 0 0 0 0 0 0 0 0 0 0 0 0 0 0 0 0 0 0 0 0 0 0 0 0 0 0 0 0 0 0 0 0 0 0 0 0 0 0 0 0 0 0 0 0 0 0 0 0 0 0 0 0 0 0 0 0 0 0 0 0 0 0 0 0 21202334 0 0 0
ctxt 34639019
btime 1673080802
processes 28421
procs_running 2
procs_blocked 0
softirq 91844221 77026501 1445355 157253 2676651 54614 0 7955122 1795450 0 733275

cpu  696656 0 1049780 16858963 25036 0 451088 0 0 0
cpu0 3582 0 7122 4631404 8489 0 120122 0 0 0
cpu1 684279 0 1026869 2947881 2588 0 108910 0 0 0
cpu2 4693 0 8015 4631706 5856 0 122009 0 0 0
cpu3 4101 0 7773 4647970 8102 0 100045 0 0 0
intr 505324564 0 0 84167 75 0 39688 2140824 0 0 0 222603 0 0 0 0 0 0 0 0 0 0 0 0 0 0 0 0 0 0 0 0 0 0 0 0 0 0 0 0 0 0 0 0 0 0 0 0 0 0 0 0 428577574 0 0 0 0 0 0 0 0 31665 0 54614 0 0 0 0 0 0 0 0 0 0 0 51616228 1 0 0 0 0 0 0 0 0 0 0 0 0 0 0 0 0 0 0 0 0 0 0 50546 4213 0 0 0 0 1299881 0 0 0 0 0 0 0 0 0 0 0 0 0 0 0 0 0 0 0 0 0 0 0 0 0 0 0 0 0 0 0 0 0 0 0 0 0 0 0 0 0 0 0 0 0 0 0 0 0 0 0 0 0 0 0 0 0 0 0 0 0 0 0 0 0 0 0 0 0 0 0 0 0 0 0 21202486 0 0 0
ctxt 34639109
btime 1673080802
processes 28421
procs_running 2
procs_blocked 0
softirq 91844308 77026509 1445370 157253 2676652 54614 0 7955137 1795481 0 733292

cpu  696680 0 1049807 16859110 25037 0 451088 0 0 0
cpu0 3582 0 7122 4631453 8489 0 120122 0 0 0
cpu1 684303 0 1026895 2947881 2588 0 108910 0 0 0
cpu2 4693 0 8015 4631756 5856 0 122009 0 0 0
cpu3 4101 0 7773 4648020 8102 0 100045 0 0 0
intr 505328914 0 0 84167 75 0 39688 2140859 0 0 0 222603 0 0 0 0 0 0 0 0 0 0 0 0 0 0 0 0 0 0 0 0 0 0 0 0 0 0 0 0 0 0 0 0 0 0 0 0 0 0 0 0 428581578 0 0 0 0 0 0 0 0 31665 0 54616 0 0 0 0 0 0 0 0 0 0 0 51616358 1 0 0 0 0 0 0 0 0 0 0 0 0 0 0 0 0 0 0 0 0 0 0 50548 4213 0 0 0 0 1299903 0 0 0 0 0 0 0 0 0 0 0 0 0 0 0 0 0 0 0 0 0 0 0 0 0 0 0 0 0 0 0 0 0 0 0 0 0 0 0 0 0 0 0 0 0 0 0 0 0 0 0 0 0 0 0 0 0 0 0 0 0 0 0 0 0 0 0 0 0 0 0 0 0 0 0 21202641 0 0 0
ctxt 34639219
btime 1673080802
processes 28421
procs_running 2
procs_blocked 0
softirq 91844401 77026509 1445386 157254 2676653 54616 0 7955162 1795513 0 733308

cpu  696698 0 1049840 16859257 25037 0 451088 0 0 0
cpu0 3582 0 7122 4631502 8489 0 120122 0 0 0
cpu1 684320 0 1026928 2947881 2588 0 108910 0 0 0
cpu2 4693 0 8016 4631805 5856 0 122009 0 0 0
cpu3 4101 0 7773 4648068 8102 0 100045 0 0 0
intr 505333385 0 0 84168 75 0 39688 2140932 0 0 0 222603 0 0 0 0 0 0 0 0 0 0 0 0 0 0 0 0 0 0 0 0 0 0 0 0 0 0 0 0 0 0 0 0 0 0 0 0 0 0 0 0 428585596 0 0 0 0 0 0 0 0 31665 0 54616 0 0 0 0 0 0 0 0 0 0 0 51616510 1 0 0 0 0 0 0 0 0 0 0 0 0 0 0 0 0 0 0 0 0 0 0 50548 4213 0 0 0 0 1299964 0 0 0 0 0 0 0 0 0 0 0 0 0 0 0 0 0 0 0 0 0 0 0 0 0 0 0 0 0 0 0 0 0 0 0 0 0 0 0 0 0 0 0 0 0 0 0 0 0 0 0 0 0 0 0 0 0 0 0 0 0 0 0 0 0 0 0 0 0 0 0 0 0 0 0 21202807 0 0 0
ctxt 34639412
btime 1673080802
processes 28421
procs_running 2
procs_blocked 0
softirq 91844535 77026517 1445405 157254 2676659 54616 0 7955210 1795550 0 733324

cpu  696720 0 1049868 16859405 25037 0 451088 0 0 0
cpu0 3582 0 7122 4631551 8489 0 120122 0 0 0
cpu1 684342 0 1026956 2947881 2588 0 108910 0 0 0
cpu2 4693 0 8016 4631854 5856 0 122009 0 0 0
cpu3 4101 0 7774 4648118 8102 0 100045 0 0 0
intr 505337733 0 0 84168 75 0 39688 2140966 0 0 0 222603 0 0 0 0 0 0 0 0 0 0 0 0 0 0 0 0 0 0 0 0 0 0 0 0 0 0 0 0 0 0 0 0 0 0 0 0 0 0 0 0 428589598 0 0 0 0 0 0 0 0 31665 0 54616 0 0 0 0 0 0 0 0 0 0 0 51616640 1 0 0 0 0 0 0 0 0 0 0 0 0 0 0 0 0 0 0 0 0 0 0 50548 4213 0 0 0 0 1299986 0 0 0 0 0 0 0 0 0 0 0 0 0 0 0 0 0 0 0 0 0 0 0 0 0 0 0 0 0 0 0 0 0 0 0 0 0 0 0 0 0 0 0 0 0 0 0 0 0 0 0 0 0 0 0 0 0 0 0 0 0 0 0 0 0 0 0 0 0 0 0 0 0 0 0 21202966 0 0 0
ctxt 34639514
btime 1673080802
processes 28421
procs_running 2
procs_blocked 0
softirq 91844615 77026517 1445419 157254 2676660 54616 0 7955229 1795580 0 733340

cpu  696743 0 1049896 16859554 25037 0 451088 0 0 0
cpu0 3582 0 7122 4631600 8489 0 120122 0 0 0
cpu1 684365 0 1026983 2947881 2588 0 108910 0 0 0
cpu2 4693 0 8016 4631904 5856 0 122009 0 0 0
cpu3 4101 0 7774 4648167 8102 0 100045 0 0 0
intr 505342131 0 0 84168 75 0 39688 2141008 0 0 0 222603 0 0 0 0 0 0 0 0 0 0 0 0 0 0 0 0 0 0 0 0 0 0 0 0 0 0 0 0 0 0 0 0 0 0 0 0 0 0 0 0 428593623 0 0 0 0 0 0 0 0 31665 0 54616 0 0 0 0 0 0 0 0 0 0 0 51616792 1 0 0 0 0 0 0 0 0 0 0 0 0 0 0 0 0 0 0 0 0 0 0 50548 4213 0 0 0 0 1300008 0 0 0 0 0 0 0 0 0 0 0 0 0 0 0 0 0 0 0 0 0 0 0 0 0 0 0 0 0 0 0 0 0 0 0 0 0 0 0 0 0 0 0 0 0 0 0 0 0 0 0 0 0 0 0 0 0 0 0 0 0 0 0 0 0 0 0 0 0 0 0 0 0 0 0 21203123 0 0 0
ctxt 34639623
btime 1673080802
processes 28421
procs_running 2
procs_blocked 0
softirq 91844706 77026525 1445434 157254 2676661 54616 0 7955247 1795612 0 733357

cpu  696764 0 1049924 16859702 25037 0 451088 0 0 0
cpu0 3582 0 7122 4631650 8489 0 120122 0 0 0
cpu1 684386 0 1027012 2947881 2588 0 108910 0 0 0
cpu2 4693 0 8016 4631954 5856 0 122009 0 0 0
cpu3 4101 0 7774 4648217 8102 0 100045 0 0 0
intr 505346467 0 0 84168 75 0 39688 2141040 0 0 0 222603 0 0 0 0 0 0 0 0 0 0 0 0 0 0 0 0 0 0 0 0 0 0 0 0 0 0 0 0 0 0 0 0 0 0 0 0 0 0 0 0 428597623 0 0 0 0 0 0 0 0 31665 0 54616 0 0 0 0 0 0 0 0 0 0 0 51616922 1 0 0 0 0 0 0 0 0 0 0 0 0 0 0 0 0 0 0 0 0 0 0 50548 4213 0 0 0 0 1300030 0 0 0 0 0 0 0 0 0 0 0 0 0 0 0 0 0 0 0 0 0 0 0 0 0 0 0 0 0 0 0 0 0 0 0 0 0 0 0 0 0 0 0 0 0 0 0 0 0 0 0 0 0 0 0 0 0 0 0 0 0 0 0 0 0 0 0 0 0 0 0 0 0 0 0 21203275 0 0 0
ctxt 34639714
btime 1673080802
processes 28421
procs_running 2
procs_blocked 0
softirq 91844784 77026525 1445448 157254 2676662 54616 0 7955266 1795640 0 733373

cpu  696786 0 1049953 16859851 25037 0 451088 0 0 0
cpu0 3582 0 7122 4631699 8489 0 120122 0 0 0
cpu1 684408 0 1027040 2947881 2588 0 108910 0 0 0
cpu2 4693 0 8016 4632003 5856 0 122009 0 0 0
cpu3 4101 0 7774 4648266 8102 0 100045 0 0 0
intr 505350919 0 0 84169 75 0 39688 2141106 0 0 0 222603 0 0 0 0 0 0 0 0 0 0 0 0 0 0 0 0 0 0 0 0 0 0 0 0 0 0 0 0 0 0 0 0 0 0 0 0 0 0 0 0 428601640 0 0 0 0 0 0 0 0 31665 0 54616 0 0 0 0 0 0 0 0 0 0 0 51617072 1 0 0 0 0 0 0 0 0 0 0 0 0 0 0 0 0 0 0 0 0 0 0 50548 4213 0 0 0 0 1300083 0 0 0 0 0 0 0 0 0 0 0 0 0 0 0 0 0 0 0 0 0 0 0 0 0 0 0 0 0 0 0 0 0 0 0 0 0 0 0 0 0 0 0 0 0 0 0 0 0 0 0 0 0 0 0 0 0 0 0 0 0 0 0 0 0 0 0 0 0 0 0 0 0 0 0 21203440 0 0 0
ctxt 34639898
btime 1673080802
processes 28421
procs_running 2
procs_blocked 0
softirq 91844913 77026533 1445469 157254 2676667 54616 0 7955309 1795674 0 733391

cpu  696806 0 1049983 16859999 25037 0 451088 0 0 0
cpu0 3582 0 7122 4631749 8489 0 120122 0 0 0
cpu1 684428 0 1027070 2947881 2588 0 108910 0 0 0
cpu2 4693 0 8016 4632053 5856 0 122009 0 0 0
cpu3 4101 0 7774 4648315 8102 0 100045 0 0 0
intr 505355276 0 0 84169 75 0 39688 2141144 0 0 0 222603 0 0 0 0 0 0 0 0 0 0 0 0 0 0 0 0 0 0 0 0 0 0 0 0 0 0 0 0 0 0 0 0 0 0 0 0 0 0 0 0 428605641 0 0 0 0 0 0 0 0 31665 0 54616 0 0 0 0 0 0 0 0 0 0 0 51617202 1 0 0 0 0 0 0 0 0 0 0 0 0 0 0 0 0 0 0 0 0 0 0 50548 4213 0 0 0 0 1300114 0 0 0 0 0 0 0 0 0 0 0 0 0 0 0 0 0 0 0 0 0 0 0 0 0 0 0 0 0 0 0 0 0 0 0 0 0 0 0 0 0 0 0 0 0 0 0 0 0 0 0 0 0 0 0 0 0 0 0 0 0 0 0 0 0 0 0 0 0 0 0 0 0 0 0 21203598 0 0 0
ctxt 34640008
btime 1673080802
processes 28421
procs_running 2
procs_blocked 0
softirq 91845007 77026533 1445486 157254 2676669 54616 0 7955334 1795706 0 733409

cpu  696828 0 1050011 16860147 25037 0 451088 0 0 0
cpu0 3582 0 7122 4631798 8489 0 120122 0 0 0
cpu1 684450 0 1027098 2947881 2588 0 108910 0 0 0
cpu2 4693 0 8016 4632102 5856 0 122009 0 0 0
cpu3 4101 0 7774 4648365 8102 0 100045 0 0 0
intr 505359671 0 0 84169 75 0 39688 2141183 0 0 0 222603 0 0 0 0 0 0 0 0 0 0 0 0 0 0 0 0 0 0 0 0 0 0 0 0 0 0 0 0 0 0 0 0 0 0 0 0 0 0 0 0 428609667 0 0 0 0 0 0 0 0 31665 0 54616 0 0 0 0 0 0 0 0 0 0 0 51617354 1 0 0 0 0 0 0 0 0 0 0 0 0 0 0 0 0 0 0 0 0 0 0 50548 4213 0 0 0 0 1300136 0 0 0 0 0 0 0 0 0 0 0 0 0 0 0 0 0 0 0 0 0 0 0 0 0 0 0 0 0 0 0 0 0 0 0 0 0 0 0 0 0 0 0 0 0 0 0 0 0 0 0 0 0 0 0 0 0 0 0 0 0 0 0 0 0 0 0 0 0 0 0 0 0 0 0 21203754 0 0 0
ctxt 34640115
btime 1673080802
processes 28421
procs_running 2
procs_blocked 0
softirq 91845096 77026541 1445501 157254 2676670 54616 0 7955353 1795735 0 733426

cpu  696849 0 1050038 16860283 25037 0 451094 0 0 0
cpu0 3582 0 7122 4631844 8489 0 120123 0 0 0
cpu1 684471 0 1027124 2947881 2588 0 108913 0 0 0
cpu2 4693 0 8016 4632146 5856 0 122011 0 0 0
cpu3 4101 0 7775 4648410 8102 0 100046 0 0 0
intr 505366723 0 0 84169 75 0 39688 2141215 0 0 0 222604 0 0 0 0 0 0 0 0 0 0 0 0 0 0 0 0 0 0 0 0 0 0 0 0 0 0 0 0 0 0 0 0 0 0 0 0 0 0 0 0 428615087 0 0 0 0 0 0 0 0 31665 0 54616 0 0 0 0 0 0 0 0 0 0 0 51618785 1 0 0 0 0 0 0 0 0 0 0 0 0 0 0 0 0 0 0 0 0 0 0 50548 4213 0 0 0 0 1300158 0 0 0 0 0 0 0 0 0 0 0 0 0 0 0 0 0 0 0 0 0 0 0 0 0 0 0 0 0 0 0 0 0 0 0 0 0 0 0 0 0 0 0 0 0 0 0 0 0 0 0 0 0 0 0 0 0 0 0 0 0 0 0 0 0 0 0 0 0 0 0 0 0 0 0 21203924 0 0 0
ctxt 34640366
btime 1673080802
processes 28421
procs_running 2
procs_blocked 0
softirq 91848433 77029137 1445522 157254 2676934 54616 0 7955753 1795774 0 733443

cpu  696853 0 1050066 16860356 25037 0 451137 0 0 0
cpu0 3582 0 7122 4631866 8489 0 120135 0 0 0
cpu1 684474 0 1027152 2947881 2588 0 108932 0 0 0
cpu2 4693 0 8016 4632173 5856 0 122016 0 0 0
cpu3 4102 0 7775 4648435 8102 0 100052 0 0 0
intr 505387056 0 0 84170 75 0 39688 2141270 0 0 0 222604 0 0 0 0 0 0 0 0 0 0 0 0 0 0 0 0 0 0 0 0 0 0 0 0 0 0 0 0 0 0 0 0 0 0 0 0 0 0 0 0 428627529 0 0 0 0 0 0 0 0 31665 0 54616 0 0 0 0 0 0 0 0 0 0 0 51626323 1 0 0 0 0 0 0 0 0 0 0 0 0 0 0 0 0 0 0 0 0 0 0 50548 4213 0 0 0 0 1300201 0 0 0 0 0 0 0 0 0 0 0 0 0 0 0 0 0 0 0 0 0 0 0 0 0 0 0 0 0 0 0 0 0 0 0 0 0 0 0 0 0 0 0 0 0 0 0 0 0 0 0 0 0 0 0 0 0 0 0 0 0 0 0 0 0 0 0 0 0 0 0 0 0 0 0 21204157 0 0 0
ctxt 34641529
btime 1673080802
processes 28421
procs_running 5
procs_blocked 0
softirq 91869792 77045700 1445557 157349 2678769 54616 0 7958501 1795836 0 733464

cpu  696854 0 1050098 16860428 25037 0 451175 0 0 0
cpu0 3582 0 7123 4631891 8489 0 120141 0 0 0
cpu1 684476 0 1027182 2947881 2588 0 108951 0 0 0
cpu2 4693 0 8016 4632196 5856 0 122023 0 0 0
cpu3 4102 0 7776 4648459 8102 0 100058 0 0 0
intr 505407219 0 0 84170 75 0 39688 2141300 0 0 0 222604 0 0 0 0 0 0 0 0 0 0 0 0 0 0 0 0 0 0 0 0 0 0 0 0 0 0 0 0 0 0 0 0 0 0 0 0 0 0 0 0 428639913 0 0 0 0 0 0 0 0 31665 0 54616 0 0 0 0 0 0 0 0 0 0 0 51633839 1 0 0 0 0 0 0 0 0 0 0 0 0 0 0 0 0 0 0 0 0 0 0 50548 4213 0 0 0 0 1300223 0 0 0 0 0 0 0 0 0 0 0 0 0 0 0 0 0 0 0 0 0 0 0 0 0 0 0 0 0 0 0 0 0 0 0 0 0 0 0 0 0 0 0 0 0 0 0 0 0 0 0 0 0 0 0 0 0 0 0 0 0 0 0 0 0 0 0 0 0 0 0 0 0 0 0 21204370 0 0 0
ctxt 34642695
btime 1673080802
processes 28421
procs_running 4
procs_blocked 0
softirq 91890428 77061406 1445589 157537 2680631 54616 0 7961290 1795875 0 733484

cpu  696856 0 1050124 16860502 25037 0 451218 0 0 0
cpu0 3582 0 7123 4631916 8489 0 120148 0 0 0
cpu1 684477 0 1027208 2947881 2588 0 108973 0 0 0
cpu2 4693 0 8016 4632219 5856 0 122032 0 0 0
cpu3 4102 0 7776 4648484 8102 0 100064 0 0 0
intr 505427570 0 0 84170 75 0 39688 2141323 0 0 0 222604 0 0 0 0 0 0 0 0 0 0 0 0 0 0 0 0 0 0 0 0 0 0 0 0 0 0 0 0 0 0 0 0 0 0 0 0 0 0 0 0 428652313 0 0 0 0 0 0 0 0 31665 0 54616 0 0 0 0 0 0 0 0 0 0 0 51641541 1 0 0 0 0 0 0 0 0 0 0 0 0 0 0 0 0 0 0 0 0 0 0 50548 4213 0 0 0 0 1300245 0 0 0 0 0 0 0 0 0 0 0 0 0 0 0 0 0 0 0 0 0 0 0 0 0 0 0 0 0 0 0 0 0 0 0 0 0 0 0 0 0 0 0 0 0 0 0 0 0 0 0 0 0 0 0 0 0 0 0 0 0 0 0 0 0 0 0 0 0 0 0 0 0 0 0 21204574 0 0 0
ctxt 34643989
btime 1673080802
processes 28421
procs_running 3
procs_blocked 0
softirq 91911219 77077118 1445619 157685 2682629 54616 0 7964157 1795890 0 733505

cpu  696859 0 1050155 16860574 25037 0 451265 0 0 0
cpu0 3582 0 7123 4631936 8489 0 120160 0 0 0
cpu1 684480 0 1027237 2947881 2588 0 108991 0 0 0
cpu2 4693 0 8017 4632243 5856 0 122041 0 0 0
cpu3 4102 0 7777 4648512 8102 0 100072 0 0 0
intr 505447825 0 0 84170 75 0 39688 2141344 0 0 0 222604 0 0 0 0 0 0 0 0 0 0 0 0 0 0 0 0 0 0 0 0 0 0 0 0 0 0 0 0 0 0 0 0 0 0 0 0 0 0 0 0 428664612 0 0 0 0 0 0 0 0 31665 0 54616 0 0 0 0 0 0 0 0 0 0 0 51649213 1 0 0 0 0 0 0 0 0 0 0 0 0 0 0 0 0 0 0 0 0 0 0 50548 4213 0 0 0 0 1300267 0 0 0 0 0 0 0 0 0 0 0 0 0 0 0 0 0 0 0 0 0 0 0 0 0 0 0 0 0 0 0 0 0 0 0 0 0 0 0 0 0 0 0 0 0 0 0 0 0 0 0 0 0 0 0 0 0 0 0 0 0 0 0 0 0 0 0 0 0 0 0 0 0 0 0 21204815 0 0 0
ctxt 34645043
btime 1673080802
processes 28421
procs_running 3
procs_blocked 0
softirq 91932854 77094463 1445658 157785 2684288 54616 0 7966605 1795913 0 733526

cpu  696873 0 1050207 16860621 25037 0 451337 0 0 0
cpu0 3586 0 7130 4631948 8489 0 120181 0 0 0
cpu1 684486 0 1027270 2947881 2588 0 109002 0 0 0
cpu2 4695 0 8019 4632259 5856 0 122068 0 0 0
cpu3 4105 0 7786 4648531 8103 0 100085 0 0 0
intr 505468720 0 0 84171 75 0 39756 2141520 0 0 0 222604 0 0 0 0 0 0 0 0 0 0 0 0 0 0 0 0 0 0 0 0 0 0 0 0 0 0 0 0 0 0 0 0 0 0 0 0 0 0 0 0 428676977 0 0 0 0 0 0 0 0 31665 0 54619 0 0 0 0 0 0 0 0 0 0 0 51656990 1 0 0 0 0 0 0 0 0 0 0 0 0 0 0 0 0 0 0 0 0 0 0 50551 4213 0 0 0 0 1300313 0 0 0 0 0 0 0 0 0 0 0 0 0 0 0 0 0 0 0 0 0 0 0 0 0 0 0 0 0 0 0 0 0 0 0 0 0 0 0 0 0 0 0 0 0 0 0 0 0 0 0 0 0 0 0 0 0 0 0 0 0 0 0 0 0 0 0 0 0 0 0 0 0 0 0 21205270 0 0 0
ctxt 34646251
btime 1673080802
processes 28475
procs_running 3
procs_blocked 0
softirq 91956046 77112595 1445735 158796 2685827 54619 0 7968629 1796073 0 733772

cpu  696877 0 1050234 16860691 25037 0 451384 0 0 0
cpu0 3586 0 7131 4631968 8489 0 120194 0 0 0
cpu1 684490 0 1027297 2947881 2588 0 109022 0 0 0
cpu2 4695 0 8019 4632285 5856 0 122074 0 0 0
cpu3 4105 0 7786 4648556 8103 0 100093 0 0 0
intr 505488737 0 0 84171 75 0 39756 2141558 0 0 0 222604 0 0 0 0 0 0 0 0 0 0 0 0 0 0 0 0 0 0 0 0 0 0 0 0 0 0 0 0 0 0 0 0 0 0 0 0 0 0 0 0 428689259 0 0 0 0 0 0 0 0 31665 0 54619 0 0 0 0 0 0 0 0 0 0 0 51664413 1 0 0 0 0 0 0 0 0 0 0 0 0 0 0 0 0 0 0 0 0 0 0 50551 4213 0 0 0 0 1300344 0 0 0 0 0 0 0 0 0 0 0 0 0 0 0 0 0 0 0 0 0 0 0 0 0 0 0 0 0 0 0 0 0 0 0 0 0 0 0 0 0 0 0 0 0 0 0 0 0 0 0 0 0 0 0 0 0 0 0 0 0 0 0 0 0 0 0 0 0 0 0 0 0 0 0 21205511 0 0 0
ctxt 34647281
btime 1673080802
processes 28475
procs_running 3
procs_blocked 0
softirq 91977895 77129903 1445769 158918 2687544 54619 0 7971206 1796124 0 733812

cpu  696880 0 1050266 16860762 25037 0 451435 0 0 0
cpu0 3586 0 7131 4631997 8489 0 120200 0 0 0
cpu1 684492 0 1027327 2947881 2588 0 109040 0 0 0
cpu2 4695 0 8020 4632310 5856 0 122080 0 0 0
cpu3 4105 0 7786 4648572 8103 0 100114 0 0 0
intr 505509037 0 0 84171 75 0 39758 2141601 0 0 0 222604 0 0 0 0 0 0 0 0 0 0 0 0 0 0 0 0 0 0 0 0 0 0 0 0 0 0 0 0 0 0 0 0 0 0 0 0 0 0 0 0 428701635 0 0 0 0 0 0 0 0 31665 0 54619 0 0 0 0 0 0 0 0 0 0 0 51672034 1 0 0 0 0 0 0 0 0 0 0 0 0 0 0 0 0 0 0 0 0 0 0 50551 4213 0 0 0 0 1300366 0 0 0 0 0 0 0 0 0 0 0 0 0 0 0 0 0 0 0 0 0 0 0 0 0 0 0 0 0 0 0 0 0 0 0 0 0 0 0 0 0 0 0 0 0 0 0 0 0 0 0 0 0 0 0 0 0 0 0 0 0 0 0 0 0 0 0 0 0 0 0 0 0 0 0 21205755 0 0 0
ctxt 34648201
btime 1673080802
processes 28475
procs_running 3
procs_blocked 0
softirq 92000925 77149065 1445806 159013 2688997 54619 0 7973402 1796187 0 733836

cpu  696881 0 1050297 16860833 25037 0 451473 0 0 0
cpu0 3586 0 7132 4632021 8489 0 120207 0 0 0
cpu1 684494 0 1027358 2947881 2588 0 109057 0 0 0
cpu2 4695 0 8020 4632332 5856 0 122089 0 0 0
cpu3 4105 0 7786 4648598 8103 0 100120 0 0 0
intr 505528977 0 0 84175 75 0 39758 2141642 0 0 0 222604 0 0 0 0 0 0 0 0 0 0 0 0 0 0 0 0 0 0 0 0 0 0 0 0 0 0 0 0 0 0 0 0 0 0 0 0 0 0 0 0 428714104 0 0 0 0 0 0 0 0 31665 0 54619 0 0 0 0 0 0 0 0 0 0 0 51679221 1 0 0 0 0 0 0 0 0 0 0 0 0 0 0 0 0 0 0 0 0 0 0 50551 4213 0 0 0 0 1300388 0 0 0 0 0 0 0 0 0 0 0 0 0 0 0 0 0 0 0 0 0 0 0 0 0 0 0 0 0 0 0 0 0 0 0 0 0 0 0 0 0 0 0 0 0 0 0 0 0 0 0 0 0 0 0 0 0 0 0 0 0 0 0 0 0 0 0 0 0 0 0 0 0 0 0 21205968 0 0 0
ctxt 34649299
btime 1673080802
processes 28475
procs_running 3
procs_blocked 0
softirq 92021718 77164649 1445840 159203 2690977 54619 0 7976336 1796236 0 733858

cpu  696883 0 1050330 16860906 25037 0 451513 0 0 0
cpu0 3586 0 7132 4632045 8489 0 120214 0 0 0
cpu1 684495 0 1027390 2947881 2588 0 109075 0 0 0
cpu2 4696 0 8021 4632356 5856 0 122096 0 0 0
cpu3 4105 0 7787 4648622 8103 0 100127 0 0 0
intr 505550135 0 0 84176 75 0 39759 2141704 0 0 0 222604 0 0 0 0 0 0 0 0 0 0 0 0 0 0 0 0 0 0 0 0 0 0 0 0 0 0 0 0 0 0 0 0 0 0 0 0 0 0 0 0 428727208 0 0 0 0 0 0 0 0 31665 0 54619 0 0 0 0 0 0 0 0 0 0 0 51686971 1 0 0 0 0 0 0 0 0 0 0 0 0 0 0 0 0 0 0 0 0 0 0 50551 4213 0 0 0 0 1300437 0 0 0 0 0 0 0 0 0 0 0 0 0 0 0 0 0 0 0 0 0 0 0 0 0 0 0 0 0 0 0 0 0 0 0 0 0 0 0 0 0 0 0 0 0 0 0 0 0 0 0 0 0 0 0 0 0 0 0 0 0 0 0 0 0 0 0 0 0 0 0 0 0 0 0 21206191 0 0 0
ctxt 34650543
btime 1673080802
processes 28475
procs_running 3
procs_blocked 0
softirq 92043129 77180688 1445873 159386 2692959 54619 0 7979434 1796292 0 733878

cpu  696886 0 1050364 16860974 25037 0 451556 0 0 0
cpu0 3586 0 7132 4632071 8489 0 120219 0 0 0
cpu1 684497 0 1027422 2947881 2588 0 109090 0 0 0
cpu2 4696 0 8021 4632371 5856 0 122116 0 0 0
cpu3 4106 0 7788 4648650 8103 0 100130 0 0 0
intr 505570016 0 0 84176 75 0 39760 2141748 0 0 0 222605 0 0 0 0 0 0 0 0 0 0 0 0 0 0 0 0 0 0 0 0 0 0 0 0 0 0 0 0 0 0 0 0 0 0 0 0 0 0 0 0 428739406 0 0 0 0 0 0 0 0 31665 0 54619 0 0 0 0 0 0 0 0 0 0 0 51694317 1 0 0 0 0 0 0 0 0 0 0 0 0 0 0 0 0 0 0 0 0 0 0 50551 4213 0 0 0 0 1300459 0 0 0 0 0 0 0 0 0 0 0 0 0 0 0 0 0 0 0 0 0 0 0 0 0 0 0 0 0 0 0 0 0 0 0 0 0 0 0 0 0 0 0 0 0 0 0 0 0 0 0 0 0 0 0 0 0 0 0 0 0 0 0 0 0 0 0 0 0 0 0 0 0 0 0 21206428 0 0 0
ctxt 34651481
btime 1673080802
processes 28475
procs_running 3
procs_blocked 0
softirq 92064982 77198816 1445906 159521 2694314 54619 0 7981566 1796340 0 733900

cpu  696889 0 1050397 16861042 25037 0 451612 0 0 0
cpu0 3586 0 7132 4632086 8489 0 120241 0 0 0
cpu1 684500 0 1027454 2947881 2588 0 109104 0 0 0
cpu2 4696 0 8022 4632400 5856 0 122124 0 0 0
cpu3 4106 0 7788 4648674 8103 0 100143 0 0 0
intr 505590568 0 0 84176 75 0 39761 2141776 0 0 0 222605 0 0 0 0 0 0 0 0 0 0 0 0 0 0 0 0 0 0 0 0 0 0 0 0 0 0 0 0 0 0 0 0 0 0 0 0 0 0 0 0 428752065 0 0 0 0 0 0 0 0 31665 0 54619 0 0 0 0 0 0 0 0 0 0 0 51701903 1 0 0 0 0 0 0 0 0 0 0 0 0 0 0 0 0 0 0 0 0 0 0 50551 4213 0 0 0 0 1300481 0 0 0 0 0 0 0 0 0 0 0 0 0 0 0 0 0 0 0 0 0 0 0 0 0 0 0 0 0 0 0 0 0 0 0 0 0 0 0 0 0 0 0 0 0 0 0 0 0 0 0 0 0 0 0 0 0 0 0 0 0 0 0 0 0 0 0 0 0 0 0 0 0 0 0 21206681 0 0 0
ctxt 34652261
btime 1673080802
processes 28475
procs_running 3
procs_blocked 0
softirq 92087731 77218653 1445941 159661 2695296 54619 0 7983246 1796392 0 733923

cpu  696894 0 1050433 16861125 25037 0 451653 0 0 0
cpu0 3586 0 7132 4632108 8489 0 120260 0 0 0
cpu1 684505 0 1027488 2947881 2588 0 109116 0 0 0
cpu2 4696 0 8022 4632430 5856 0 122128 0 0 0
cpu3 4106 0 7790 4648705 8103 0 100149 0 0 0
intr 505610851 0 0 84176 75 0 39761 2141813 0 0 0 222605 0 0 0 0 0 0 0 0 0 0 0 0 0 0 0 0 0 0 0 0 0 0 0 0 0 0 0 0 0 0 0 0 0 0 0 0 0 0 0 0 428764261 0 0 0 0 0 0 0 0 31665 0 54619 0 0 0 0 0 0 0 0 0 0 0 51709705 1 0 0 0 0 0 0 0 0 0 0 0 0 0 0 0 0 0 0 0 0 0 0 50551 4213 0 0 0 0 1300503 0 0 0 0 0 0 0 0 0 0 0 0 0 0 0 0 0 0 0 0 0 0 0 0 0 0 0 0 0 0 0 0 0 0 0 0 0 0 0 0 0 0 0 0 0 0 0 0 0 0 0 0 0 0 0 0 0 0 0 0 0 0 0 0 0 0 0 0 0 0 0 0 0 0 0 21206917 0 0 0
ctxt 34652898
btime 1673080802
processes 28475
procs_running 2
procs_blocked 0
softirq 92110603 77233475 1445979 161570 2698094 54619 0 7986484 1796438 0 733944

cpu  696898 0 1050464 16861232 25037 0 451673 0 0 0
cpu0 3586 0 7132 4632143 8489 0 120260 0 0 0
cpu1 684508 0 1027519 2947881 2588 0 109132 0 0 0
cpu2 4696 0 8022 4632466 5856 0 122128 0 0 0
cpu3 4106 0 7790 4648740 8103 0 100152 0 0 0
intr 505636585 0 0 84177 75 0 39761 2141842 0 0 0 222605 0 0 0 0 0 0 0 0 0 0 0 0 0 0 0 0 0 0 0 0 0 0 0 0 0 0 0 0 0 0 0 0 0 0 0 0 0 0 0 0 428779625 0 0 0 0 0 0 0 0 31665 0 54619 0 0 0 0 0 0 0 0 0 0 0 51719845 1 0 0 0 0 0 0 0 0 0 0 0 0 0 0 0 0 0 0 0 0 0 0 50551 4213 0 0 0 0 1300525 0 0 0 0 0 0 0 0 0 0 0 0 0 0 0 0 0 0 0 0 0 0 0 0 0 0 0 0 0 0 0 0 0 0 0 0 0 0 0 0 0 0 0 0 0 0 0 0 0 0 0 0 0 0 0 0 0 0 0 0 0 0 0 0 0 0 0 0 0 0 0 0 0 0 0 21207086 0 0 0
ctxt 34653177
btime 1673080802
processes 28475
procs_running 2
procs_blocked 0
softirq 92137604 77242108 1446014 166264 2704036 54619 0 7994136 1796468 0 733959

cpu  696900 0 1050501 16861307 25037 0 451733 0 0 0
cpu0 3586 0 7132 4632175 8489 0 120268 0 0 0
cpu1 684510 0 1027555 2947881 2588 0 109146 0 0 0
cpu2 4696 0 8022 4632497 5856 0 122137 0 0 0
cpu3 4107 0 7790 4648754 8103 0 100181 0 0 0
intr 505659381 0 0 84177 75 0 39761 2141879 0 0 0 222605 0 0 0 0 0 0 0 0 0 0 0 0 0 0 0 0 0 0 0 0 0 0 0 0 0 0 0 0 0 0 0 0 0 0 0 0 0 0 0 0 428793349 0 0 0 0 0 0 0 0 31665 0 54619 0 0 0 0 0 0 0 0 0 0 0 51728574 1 0 0 0 0 0 0 0 0 0 0 0 0 0 0 0 0 0 0 0 0 0 0 50551 4213 0 0 0 0 1300556 0 0 0 0 0 0 0 0 0 0 0 0 0 0 0 0 0 0 0 0 0 0 0 0 0 0 0 0 0 0 0 0 0 0 0 0 0 0 0 0 0 0 0 0 0 0 0 0 0 0 0 0 0 0 0 0 0 0 0 0 0 0 0 0 0 0 0 0 0 0 0 0 0 0 0 21207361 0 0 0
ctxt 34653959
btime 1673080802
processes 28475
procs_running 3
procs_blocked 0
softirq 92161832 77262353 1446061 166766 2705337 54619 0 7996204 1796513 0 733979

cpu  696903 0 1050534 16861372 25037 0 451782 0 0 0
cpu0 3587 0 7133 4632198 8489 0 120276 0 0 0
cpu1 684512 0 1027587 2947881 2588 0 109159 0 0 0
cpu2 4696 0 8022 4632523 5856 0 122141 0 0 0
cpu3 4107 0 7790 4648769 8103 0 100204 0 0 0
intr 505678996 0 0 84177 75 0 39761 2141908 0 0 0 222605 0 0 0 0 0 0 0 0 0 0 0 0 0 0 0 0 0 0 0 0 0 0 0 0 0 0 0 0 0 0 0 0 0 0 0 0 0 0 0 0 428805378 0 0 0 0 0 0 0 0 31665 0 54619 0 0 0 0 0 0 0 0 0 0 0 51735860 1 0 0 0 0 0 0 0 0 0 0 0 0 0 0 0 0 0 0 0 0 0 0 50551 4213 0 0 0 0 1300578 0 0 0 0 0 0 0 0 0 0 0 0 0 0 0 0 0 0 0 0 0 0 0 0 0 0 0 0 0 0 0 0 0 0 0 0 0 0 0 0 0 0 0 0 0 0 0 0 0 0 0 0 0 0 0 0 0 0 0 0 0 0 0 0 0 0 0 0 0 0 0 0 0 0 0 21207610 0 0 0
ctxt 34654785
btime 1673080802
processes 28475
procs_running 5
procs_blocked 0
softirq 92182884 77280421 1446092 166901 2706335 54619 0 7997951 1796563 0 734002

cpu  696906 0 1050565 16861443 25037 0 451822 0 0 0
cpu0 3588 0 7134 4632224 8490 0 120284 0 0 0
cpu1 684514 0 1027616 2947881 2588 0 109178 0 0 0
cpu2 4696 0 8023 4632547 5856 0 122146 0 0 0
cpu3 4107 0 7791 4648790 8103 0 100213 0 0 0
intr 505699228 0 0 84177 75 0 39761 2141954 0 0 0 222605 0 0 0 0 0 0 0 0 0 0 0 0 0 0 0 0 0 0 0 0 0 0 0 0 0 0 0 0 0 0 0 0 0 0 0 0 0 0 0 0 428817823 0 0 0 0 0 0 0 0 31665 0 54621 0 0 0 0 0 0 0 0 0 0 0 51743365 1 0 0 0 0 0 0 0 0 0 0 0 0 0 0 0 0 0 0 0 0 0 0 50553 4213 0 0 0 0 1300600 0 0 0 0 0 0 0 0 0 0 0 0 0 0 0 0 0 0 0 0 0 0 0 0 0 0 0 0 0 0 0 0 0 0 0 0 0 0 0 0 0 0 0 0 0 0 0 0 0 0 0 0 0 0 0 0 0 0 0 0 0 0 0 0 0 0 0 0 0 0 0 0 0 0 0 21207832 0 0 0
ctxt 34656001
btime 1673080802
processes 28475
procs_running 3
procs_blocked 0
softirq 92204452 77297215 1446131 167055 2708161 54621 0 8000633 1796616 0 734020

cpu  696909 0 1050596 16861515 25037 0 451866 0 0 0
cpu0 3588 0 7134 4632249 8490 0 120290 0 0 0
cpu1 684517 0 1027645 2947881 2588 0 109197 0 0 0
cpu2 4696 0 8024 4632570 5856 0 122157 0 0 0
cpu3 4107 0 7791 4648814 8103 0 100221 0 0 0
intr 505719788 0 0 84178 75 0 39761 2142018 0 0 0 222605 0 0 0 0 0 0 0 0 0 0 0 0 0 0 0 0 0 0 0 0 0 0 0 0 0 0 0 0 0 0 0 0 0 0 0 0 0 0 0 0 428830627 0 0 0 0 0 0 0 0 31665 0 54621 0 0 0 0 0 0 0 0 0 0 0 51750749 1 0 0 0 0 0 0 0 0 0 0 0 0 0 0 0 0 0 0 0 0 0 0 50553 4213 0 0 0 0 1300665 0 0 0 0 0 0 0 0 0 0 0 0 0 0 0 0 0 0 0 0 0 0 0 0 0 0 0 0 0 0 0 0 0 0 0 0 0 0 0 0 0 0 0 0 0 0 0 0 0 0 0 0 0 0 0 0 0 0 0 0 0 0 0 0 0 0 0 0 0 0 0 0 0 0 0 21208066 0 0 0
ctxt 34657279
btime 1673080802
processes 28475
procs_running 6
procs_blocked 0
softirq 92226006 77313701 1446167 167227 2710056 54621 0 8003539 1796655 0 734040

cpu  696914 0 1050628 16861584 25037 0 451914 0 0 0
cpu0 3589 0 7135 4632275 8490 0 120295 0 0 0
cpu1 684521 0 1027676 2947881 2588 0 109212 0 0 0
cpu2 4696 0 8024 4632586 5856 0 122178 0 0 0
cpu3 4107 0 7792 4648841 8103 0 100228 0 0 0
intr 505739729 0 0 84178 75 0 39761 2142058 0 0 0 222605 0 0 0 0 0 0 0 0 0 0 0 0 0 0 0 0 0 0 0 0 0 0 0 0 0 0 0 0 0 0 0 0 0 0 0 0 0 0 0 0 428843006 0 0 0 0 0 0 0 0 31665 0 54621 0 0 0 0 0 0 0 0 0 0 0 51758013 1 0 0 0 0 0 0 0 0 0 0 0 0 0 0 0 0 0 0 0 0 0 0 50553 4213 0 0 0 0 1300684 0 0 0 0 0 0 0 0 0 0 0 0 0 0 0 0 0 0 0 0 0 0 0 0 0 0 0 0 0 0 0 0 0 0 0 0 0 0 0 0 0 0 0 0 0 0 0 0 0 0 0 0 0 0 0 0 0 0 0 0 0 0 0 0 0 0 0 0 0 0 0 0 0 0 0 21208312 0 0 0
ctxt 34658263
btime 1673080802
processes 28475
procs_running 5
procs_blocked 0
softirq 92247536 77331136 1446207 167384 2711524 54621 0 8005893 1796708 0 734063

cpu  696916 0 1050661 16861655 25037 0 451954 0 0 0
cpu0 3589 0 7135 4632299 8490 0 120301 0 0 0
cpu1 684523 0 1027707 2947881 2588 0 109228 0 0 0
cpu2 4696 0 8025 4632610 5856 0 122186 0 0 0
cpu3 4107 0 7793 4648864 8103 0 100237 0 0 0
intr 505759710 0 0 84178 75 0 39762 2142095 0 0 0 222605 0 0 0 0 0 0 0 0 0 0 0 0 0 0 0 0 0 0 0 0 0 0 0 0 0 0 0 0 0 0 0 0 0 0 0 0 0 0 0 0 428855544 0 0 0 0 0 0 0 0 31665 0 54621 0 0 0 0 0 0 0 0 0 0 0 51765212 1 0 0 0 0 0 0 0 0 0 0 0 0 0 0 0 0 0 0 0 0 0 0 50553 4213 0 0 0 0 1300706 0 0 0 0 0 0 0 0 0 0 0 0 0 0 0 0 0 0 0 0 0 0 0 0 0 0 0 0 0 0 0 0 0 0 0 0 0 0 0 0 0 0 0 0 0 0 0 0 0 0 0 0 0 0 0 0 0 0 0 0 0 0 0 0 0 0 0 0 0 0 0 0 0 0 0 21208533 0 0 0
ctxt 34659343
btime 1673080802
processes 28475
procs_running 4
procs_blocked 0
softirq 92268211 77347278 1446240 167553 2713167 54621 0 8008523 1796745 0 734084

cpu  696920 0 1050690 16861733 25037 0 451993 0 0 0
cpu0 3589 0 7135 4632325 8490 0 120308 0 0 0
cpu1 684527 0 1027736 2947881 2588 0 109245 0 0 0
cpu2 4696 0 8025 4632634 5856 0 122196 0 0 0
cpu3 4107 0 7793 4648891 8103 0 100243 0 0 0
intr 505782094 0 0 84178 75 0 39762 2142134 0 0 0 222606 0 0 0 0 0 0 0 0 0 0 0 0 0 0 0 0 0 0 0 0 0 0 0 0 0 0 0 0 0 0 0 0 0 0 0 0 0 0 0 0 428869384 0 0 0 0 0 0 0 0 31665 0 54621 0 0 0 0 0 0 0 0 0 0 0 51773423 1 0 0 0 0 0 0 0 0 0 0 0 0 0 0 0 0 0 0 0 0 0 0 50553 4213 0 0 0 0 1300728 0 0 0 0 0 0 0 0 0 0 0 0 0 0 0 0 0 0 0 0 0 0 0 0 0 0 0 0 0 0 0 0 0 0 0 0 0 0 0 0 0 0 0 0 0 0 0 0 0 0 0 0 0 0 0 0 0 0 0 0 0 0 0 0 0 0 0 0 0 0 0 0 0 0 0 21208753 0 0 0
ctxt 34660322
btime 1673080802
processes 28475
procs_running 3
procs_blocked 0
softirq 92291434 77362549 1446275 168858 2715861 54621 0 8012390 1796773 0 734107

cpu  696926 0 1050724 16861840 25037 0 452008 0 0 0
cpu0 3589 0 7135 4632361 8490 0 120309 0 0 0
cpu1 684533 0 1027770 2947881 2588 0 109256 0 0 0
cpu2 4696 0 8025 4632669 5856 0 122197 0 0 0
cpu3 4107 0 7793 4648927 8103 0 100245 0 0 0
intr 505805470 0 0 84179 75 0 39762 2142166 0 0 0 222606 0 0 0 0 0 0 0 0 0 0 0 0 0 0 0 0 0 0 0 0 0 0 0 0 0 0 0 0 0 0 0 0 0 0 0 0 0 0 0 0 428883575 0 0 0 0 0 0 0 0 31665 0 54621 0 0 0 0 0 0 0 0 0 0 0 51782383 1 0 0 0 0 0 0 0 0 0 0 0 0 0 0 0 0 0 0 0 0 0 0 50553 4213 0 0 0 0 1300750 0 0 0 0 0 0 0 0 0 0 0 0 0 0 0 0 0 0 0 0 0 0 0 0 0 0 0 0 0 0 0 0 0 0 0 0 0 0 0 0 0 0 0 0 0 0 0 0 0 0 0 0 0 0 0 0 0 0 0 0 0 0 0 0 0 0 0 0 0 0 0 0 0 0 0 21208925 0 0 0
ctxt 34660591
btime 1673080802
processes 28475
procs_running 3
procs_blocked 0
softirq 92318389 77371066 1446308 173667 2721806 54621 0 8020007 1796791 0 734123

cpu  696934 0 1050756 16861945 25037 0 452028 0 0 0
cpu0 3589 0 7135 4632398 8490 0 120310 0 0 0
cpu1 684540 0 1027801 2947881 2588 0 109267 0 0 0
cpu2 4696 0 8025 4632703 5856 0 122200 0 0 0
cpu3 4107 0 7793 4648961 8103 0 100250 0 0 0
intr 505820729 0 0 84179 75 0 39762 2142209 0 0 0 222606 0 0 0 0 0 0 0 0 0 0 0 0 0 0 0 0 0 0 0 0 0 0 0 0 0 0 0 0 0 0 0 0 0 0 0 0 0 0 0 0 428893302 0 0 0 0 0 0 0 0 31665 0 54621 0 0 0 0 0 0 0 0 0 0 0 51787662 1 0 0 0 0 0 0 0 0 0 0 0 0 0 0 0 0 0 0 0 0 0 0 50553 4213 0 0 0 0 1300772 0 0 0 0 0 0 0 0 0 0 0 0 0 0 0 0 0 0 0 0 0 0 0 0 0 0 0 0 0 0 0 0 0 0 0 0 0 0 0 0 0 0 0 0 0 0 0 0 0 0 0 0 0 0 0 0 0 0 0 0 0 0 0 0 0 0 0 0 0 0 0 0 0 0 0 21209110 0 0 0
ctxt 34661200
btime 1673080802
processes 28475
procs_running 2
procs_blocked 0
softirq 92333786 77379403 1446339 175410 2723727 54621 0 8023332 1796814 0 734140

cpu  696955 0 1050785 16862093 25037 0 452028 0 0 0
cpu0 3589 0 7135 4632447 8490 0 120310 0 0 0
cpu1 684562 0 1027830 2947881 2588 0 109267 0 0 0
cpu2 4696 0 8026 4632752 5856 0 122200 0 0 0
cpu3 4107 0 7793 4649011 8103 0 100250 0 0 0
intr 505825068 0 0 84179 75 0 39762 2142249 0 0 0 222606 0 0 0 0 0 0 0 0 0 0 0 0 0 0 0 0 0 0 0 0 0 0 0 0 0 0 0 0 0 0 0 0 0 0 0 0 0 0 0 0 428897297 0 0 0 0 0 0 0 0 31665 0 54621 0 0 0 0 0 0 0 0 0 0 0 51787790 1 0 0 0 0 0 0 0 0 0 0 0 0 0 0 0 0 0 0 0 0 0 0 50553 4213 0 0 0 0 1300794 0 0 0 0 0 0 0 0 0 0 0 0 0 0 0 0 0 0 0 0 0 0 0 0 0 0 0 0 0 0 0 0 0 0 0 0 0 0 0 0 0 0 0 0 0 0 0 0 0 0 0 0 0 0 0 0 0 0 0 0 0 0 0 0 0 0 0 0 0 0 0 0 0 0 0 21209264 0 0 0
ctxt 34661280
btime 1673080802
processes 28475
procs_running 2
procs_blocked 0
softirq 92333855 77379403 1446353 175410 2723728 54621 0 8023350 1796836 0 734154

cpu  696977 0 1050813 16862241 25037 0 452028 0 0 0
cpu0 3589 0 7135 4632497 8490 0 120310 0 0 0
cpu1 684584 0 1027858 2947881 2588 0 109267 0 0 0
cpu2 4696 0 8026 4632802 5856 0 122200 0 0 0
cpu3 4107 0 7793 4649060 8103 0 100250 0 0 0
intr 505829473 0 0 84179 75 0 39762 2142297 0 0 0 222606 0 0 0 0 0 0 0 0 0 0 0 0 0 0 0 0 0 0 0 0 0 0 0 0 0 0 0 0 0 0 0 0 0 0 0 0 0 0 0 0 428901324 0 0 0 0 0 0 0 0 31665 0 54621 0 0 0 0 0 0 0 0 0 0 0 51787943 1 0 0 0 0 0 0 0 0 0 0 0 0 0 0 0 0 0 0 0 0 0 0 50553 4213 0 0 0 0 1300816 0 0 0 0 0 0 0 0 0 0 0 0 0 0 0 0 0 0 0 0 0 0 0 0 0 0 0 0 0 0 0 0 0 0 0 0 0 0 0 0 0 0 0 0 0 0 0 0 0 0 0 0 0 0 0 0 0 0 0 0 0 0 0 0 0 0 0 0 0 0 0 0 0 0 0 21209418 0 0 0
ctxt 34661395
btime 1673080802
processes 28475
procs_running 2
procs_blocked 0
softirq 92333934 77379411 1446370 175410 2723729 54621 0 8023370 1796855 0 734168

cpu  697001 0 1050840 16862388 25037 0 452028 0 0 0
cpu0 3589 0 7135 4632546 8490 0 120310 0 0 0
cpu1 684607 0 1027884 2947881 2588 0 109267 0 0 0
cpu2 4696 0 8026 4632851 5856 0 122200 0 0 0
cpu3 4107 0 7793 4649109 8103 0 100250 0 0 0
intr 505833811 0 0 84180 75 0 39762 2142334 0 0 0 222606 0 0 0 0 0 0 0 0 0 0 0 0 0 0 0 0 0 0 0 0 0 0 0 0 0 0 0 0 0 0 0 0 0 0 0 0 0 0 0 0 428905320 0 0 0 0 0 0 0 0 31665 0 54621 0 0 0 0 0 0 0 0 0 0 0 51788071 1 0 0 0 0 0 0 0 0 0 0 0 0 0 0 0 0 0 0 0 0 0 0 50553 4213 0 0 0 0 1300838 0 0 0 0 0 0 0 0 0 0 0 0 0 0 0 0 0 0 0 0 0 0 0 0 0 0 0 0 0 0 0 0 0 0 0 0 0 0 0 0 0 0 0 0 0 0 0 0 0 0 0 0 0 0 0 0 0 0 0 0 0 0 0 0 0 0 0 0 0 0 0 0 0 0 0 21209573 0 0 0
ctxt 34661482
btime 1673080802
processes 28475
procs_running 2
procs_blocked 0
softirq 92334001 77379411 1446383 175410 2723730 54621 0 8023388 1796876 0 734182

cpu  697019 0 1050872 16862536 25037 0 452028 0 0 0
cpu0 3589 0 7135 4632595 8490 0 120310 0 0 0
cpu1 684626 0 1027916 2947881 2588 0 109267 0 0 0
cpu2 4696 0 8026 4632900 5856 0 122200 0 0 0
cpu3 4107 0 7793 4649158 8103 0 100250 0 0 0
intr 505838242 0 0 84180 75 0 39762 2142391 0 0 0 222606 0 0 0 0 0 0 0 0 0 0 0 0 0 0 0 0 0 0 0 0 0 0 0 0 0 0 0 0 0 0 0 0 0 0 0 0 0 0 0 0 428909348 0 0 0 0 0 0 0 0 31665 0 54621 0 0 0 0 0 0 0 0 0 0 0 51788224 1 0 0 0 0 0 0 0 0 0 0 0 0 0 0 0 0 0 0 0 0 0 0 50553 4213 0 0 0 0 1300873 0 0 0 0 0 0 0 0 0 0 0 0 0 0 0 0 0 0 0 0 0 0 0 0 0 0 0 0 0 0 0 0 0 0 0 0 0 0 0 0 0 0 0 0 0 0 0 0 0 0 0 0 0 0 0 0 0 0 0 0 0 0 0 0 0 0 0 0 0 0 0 0 0 0 0 21209731 0 0 0
ctxt 34661619
btime 1673080802
processes 28475
procs_running 2
procs_blocked 0
softirq 92334092 77379419 1446400 175410 2723732 54621 0 8023418 1796895 0 734197

cpu  697037 0 1050904 16862684 25037 0 452028 0 0 0
cpu0 3589 0 7135 4632645 8490 0 120310 0 0 0
cpu1 684643 0 1027948 2947881 2588 0 109267 0 0 0
cpu2 4696 0 8026 4632949 5856 0 122200 0 0 0
cpu3 4107 0 7793 4649207 8103 0 100250 0 0 0
intr 505842592 0 0 84180 75 0 39762 2142431 0 0 0 222606 0 0 0 0 0 0 0 0 0 0 0 0 0 0 0 0 0 0 0 0 0 0 0 0 0 0 0 0 0 0 0 0 0 0 0 0 0 0 0 0 428913352 0 0 0 0 0 0 0 0 31665 0 54621 0 0 0 0 0 0 0 0 0 0 0 51788352 1 0 0 0 0 0 0 0 0 0 0 0 0 0 0 0 0 0 0 0 0 0 0 50553 4213 0 0 0 0 1300895 0 0 0 0 0 0 0 0 0 0 0 0 0 0 0 0 0 0 0 0 0 0 0 0 0 0 0 0 0 0 0 0 0 0 0 0 0 0 0 0 0 0 0 0 0 0 0 0 0 0 0 0 0 0 0 0 0 0 0 0 0 0 0 0 0 0 0 0 0 0 0 0 0 0 0 21209887 0 0 0
ctxt 34661707
btime 1673080802
processes 28475
procs_running 2
procs_blocked 0
softirq 92334162 77379419 1446415 175410 2723733 54621 0 8023436 1796917 0 734211

cpu  697060 0 1050932 16862831 25037 0 452028 0 0 0
cpu0 3589 0 7135 4632694 8490 0 120310 0 0 0
cpu1 684666 0 1027976 2947881 2588 0 109267 0 0 0
cpu2 4696 0 8027 4632998 5856 0 122200 0 0 0
cpu3 4107 0 7793 4649257 8103 0 100250 0 0 0
intr 505846999 0 0 84184 75 0 39762 2142477 0 0 0 222606 0 0 0 0 0 0 0 0 0 0 0 0 0 0 0 0 0 0 0 0 0 0 0 0 0 0 0 0 0 0 0 0 0 0 0 0 0 0 0 0 428917370 0 0 0 0 0 0 0 0 31665 0 54621 0 0 0 0 0 0 0 0 0 0 0 51788505 1 0 0 0 0 0 0 0 0 0 0 0 0 0 0 0 0 0 0 0 0 0 0 50553 4213 0 0 0 0 1300917 0 0 0 0 0 0 0 0 0 0 0 0 0 0 0 0 0 0 0 0 0 0 0 0 0 0 0 0 0 0 0 0 0 0 0 0 0 0 0 0 0 0 0 0 0 0 0 0 0 0 0 0 0 0 0 0 0 0 0 0 0 0 0 0 0 0 0 0 0 0 0 0 0 0 0 21210050 0 0 0
ctxt 34661826
btime 1673080802
processes 28475
procs_running 2
procs_blocked 0
softirq 92334242 77379428 1446430 175410 2723734 54621 0 8023457 1796937 0 734225
