cpu  670055 0 1002727 16663295 24696 0 421418 0 0 0
cpu0 3528 0 6880 4567526 8415 0 110269 0 0 0
cpu1 657896 0 980662 2947881 2588 0 104160 0 0 0
cpu2 4611 0 7717 4566221 5776 0 114064 0 0 0
cpu3 4019 0 7467 4581666 7916 0 92923 0 0 0
intr 490490518 0 0 83481 75 0 38853 2088435 0 0 0 222448 0 0 0 0 0 0 0 0 0 0 0 0 0 0 0 0 0 0 0 0 0 0 0 0 0 0 0 0 0 0 0 0 0 0 0 0 0 0 0 0 418299307 0 0 0 0 0 0 0 0 31423 0 53083 0 0 0 0 0 0 0 0 0 0 0 47443400 1 0 0 0 0 0 0 0 0 0 0 0 0 0 0 0 0 0 0 0 0 0 0 49015 4213 0 0 0 0 1272585 0 0 0 0 0 0 0 0 0 0 0 0 0 0 0 0 0 0 0 0 0 0 0 0 0 0 0 0 0 0 0 0 0 0 0 0 0 0 0 0 0 0 0 0 0 0 0 0 0 0 0 0 0 0 0 0 0 0 0 0 0 0 0 0 0 0 0 0 0 0 0 0 0 0 0 20904200 0 0 0
ctxt 34413229
btime 1673080802
processes 27852
procs_running 2
procs_blocked 0
softirq 81010859 66763511 1412790 114328 2508565 53087 0 7693173 1752162 0 713243

cpu  670078 0 1002755 16663445 24696 0 421418 0 0 0
cpu0 3528 0 6880 4567576 8415 0 110269 0 0 0
cpu1 657918 0 980690 2947881 2588 0 104160 0 0 0
cpu2 4611 0 7717 4566271 5776 0 114064 0 0 0
cpu3 4019 0 7468 4581715 7916 0 92923 0 0 0
intr 490494870 0 0 83481 75 0 38853 2088473 0 0 0 222448 0 0 0 0 0 0 0 0 0 0 0 0 0 0 0 0 0 0 0 0 0 0 0 0 0 0 0 0 0 0 0 0 0 0 0 0 0 0 0 0 418303315 0 0 0 0 0 0 0 0 31423 0 53083 0 0 0 0 0 0 0 0 0 0 0 47443530 1 0 0 0 0 0 0 0 0 0 0 0 0 0 0 0 0 0 0 0 0 0 0 49015 4213 0 0 0 0 1272607 0 0 0 0 0 0 0 0 0 0 0 0 0 0 0 0 0 0 0 0 0 0 0 0 0 0 0 0 0 0 0 0 0 0 0 0 0 0 0 0 0 0 0 0 0 0 0 0 0 0 0 0 0 0 0 0 0 0 0 0 0 0 0 0 0 0 0 0 0 0 0 0 0 0 0 20904353 0 0 0
ctxt 34413306
btime 1673080802
processes 27852
procs_running 2
procs_blocked 0
softirq 81010928 66763511 1412803 114328 2508566 53087 0 7693191 1752188 0 713254

cpu  670100 0 1002783 16663593 24696 0 421418 0 0 0
cpu0 3528 0 6880 4567626 8415 0 110269 0 0 0
cpu1 657940 0 980718 2947881 2588 0 104160 0 0 0
cpu2 4611 0 7717 4566320 5776 0 114064 0 0 0
cpu3 4020 0 7468 4581765 7916 0 92923 0 0 0
intr 490499222 0 0 83481 75 0 38853 2088514 0 0 0 222448 0 0 0 0 0 0 0 0 0 0 0 0 0 0 0 0 0 0 0 0 0 0 0 0 0 0 0 0 0 0 0 0 0 0 0 0 0 0 0 0 418307318 0 0 0 0 0 0 0 0 31423 0 53083 0 0 0 0 0 0 0 0 0 0 0 47443660 1 0 0 0 0 0 0 0 0 0 0 0 0 0 0 0 0 0 0 0 0 0 0 49015 4213 0 0 0 0 1272629 0 0 0 0 0 0 0 0 0 0 0 0 0 0 0 0 0 0 0 0 0 0 0 0 0 0 0 0 0 0 0 0 0 0 0 0 0 0 0 0 0 0 0 0 0 0 0 0 0 0 0 0 0 0 0 0 0 0 0 0 0 0 0 0 0 0 0 0 0 0 0 0 0 0 0 20904513 0 0 0
ctxt 34413397
btime 1673080802
processes 27852
procs_running 2
procs_blocked 0
softirq 81011013 66763511 1412820 114329 2508567 53087 0 7693210 1752219 0 713270

cpu  670122 0 1002812 16663740 24696 0 421418 0 0 0
cpu0 3528 0 6880 4567675 8415 0 110269 0 0 0
cpu1 657962 0 980746 2947881 2588 0 104160 0 0 0
cpu2 4611 0 7717 4566370 5776 0 114064 0 0 0
cpu3 4020 0 7468 4581814 7916 0 92923 0 0 0
intr 490503644 0 0 83481 75 0 38853 2088562 0 0 0 222448 0 0 0 0 0 0 0 0 0 0 0 0 0 0 0 0 0 0 0 0 0 0 0 0 0 0 0 0 0 0 0 0 0 0 0 0 0 0 0 0 418311345 0 0 0 0 0 0 0 0 31423 0 53083 0 0 0 0 0 0 0 0 0 0 0 47443812 1 0 0 0 0 0 0 0 0 0 0 0 0 0 0 0 0 0 0 0 0 0 0 49015 4213 0 0 0 0 1272658 0 0 0 0 0 0 0 0 0 0 0 0 0 0 0 0 0 0 0 0 0 0 0 0 0 0 0 0 0 0 0 0 0 0 0 0 0 0 0 0 0 0 0 0 0 0 0 0 0 0 0 0 0 0 0 0 0 0 0 0 0 0 0 0 0 0 0 0 0 0 0 0 0 0 0 20904675 0 0 0
ctxt 34413510
btime 1673080802
processes 27852
procs_running 2
procs_blocked 0
softirq 81011116 66763519 1412838 114329 2508568 53087 0 7693235 1752251 0 713289

cpu  670143 0 1002841 16663883 24700 0 421418 0 0 0
cpu0 3528 0 6880 4567724 8415 0 110269 0 0 0
cpu1 657984 0 980774 2947881 2588 0 104160 0 0 0
cpu2 4611 0 7717 4566418 5776 0 114064 0 0 0
cpu3 4020 0 7468 4581858 7919 0 92923 0 0 0
intr 490508072 0 0 83482 75 0 38854 2088623 0 0 0 222448 0 0 0 0 0 0 0 0 0 0 0 0 0 0 0 0 0 0 0 0 0 0 0 0 0 0 0 0 0 0 0 0 0 0 0 0 0 0 0 0 418315341 0 0 0 0 0 0 0 0 31423 0 53111 0 0 0 0 0 0 0 0 0 0 0 47443940 1 0 0 0 0 0 0 0 0 0 0 0 0 0 0 0 0 0 0 0 0 0 0 49042 4213 0 0 0 0 1272680 0 0 0 0 0 0 0 0 0 0 0 0 0 0 0 0 0 0 0 0 0 0 0 0 0 0 0 0 0 0 0 0 0 0 0 0 0 0 0 0 0 0 0 0 0 0 0 0 0 0 0 0 0 0 0 0 0 0 0 0 0 0 0 0 0 0 0 0 0 0 0 0 0 0 0 20904843 0 0 0
ctxt 34413879
btime 1673080802
processes 27853
procs_running 2
procs_blocked 0
softirq 81011325 66763519 1412857 114329 2508569 53114 0 7693336 1752286 0 713315

cpu  670161 0 1002874 16664030 24700 0 421418 0 0 0
cpu0 3528 0 6880 4567774 8415 0 110269 0 0 0
cpu1 658002 0 980807 2947881 2588 0 104160 0 0 0
cpu2 4611 0 7717 4566468 5776 0 114064 0 0 0
cpu3 4020 0 7468 4581907 7919 0 92923 0 0 0
intr 490512494 0 0 83482 75 0 38854 2088671 0 0 0 222448 0 0 0 0 0 0 0 0 0 0 0 0 0 0 0 0 0 0 0 0 0 0 0 0 0 0 0 0 0 0 0 0 0 0 0 0 0 0 0 0 418319369 0 0 0 0 0 0 0 0 31423 0 53116 0 0 0 0 0 0 0 0 0 0 0 47444092 1 0 0 0 0 0 0 0 0 0 0 0 0 0 0 0 0 0 0 0 0 0 0 49048 4213 0 0 0 0 1272702 0 0 0 0 0 0 0 0 0 0 0 0 0 0 0 0 0 0 0 0 0 0 0 0 0 0 0 0 0 0 0 0 0 0 0 0 0 0 0 0 0 0 0 0 0 0 0 0 0 0 0 0 0 0 0 0 0 0 0 0 0 0 0 0 0 0 0 0 0 0 0 0 0 0 0 20905001 0 0 0
ctxt 34414030
btime 1673080802
processes 27853
procs_running 2
procs_blocked 0
softirq 81011441 66763527 1412874 114329 2508570 53120 0 7693371 1752318 0 713332

cpu  670181 0 1002904 16664178 24700 0 421418 0 0 0
cpu0 3528 0 6880 4567823 8415 0 110269 0 0 0
cpu1 658022 0 980836 2947881 2588 0 104160 0 0 0
cpu2 4611 0 7717 4566517 5776 0 114064 0 0 0
cpu3 4020 0 7468 4581956 7919 0 92923 0 0 0
intr 490516843 0 0 83482 75 0 38854 2088717 0 0 0 222449 0 0 0 0 0 0 0 0 0 0 0 0 0 0 0 0 0 0 0 0 0 0 0 0 0 0 0 0 0 0 0 0 0 0 0 0 0 0 0 0 418323364 0 0 0 0 0 0 0 0 31423 0 53116 0 0 0 0 0 0 0 0 0 0 0 47444222 1 0 0 0 0 0 0 0 0 0 0 0 0 0 0 0 0 0 0 0 0 0 0 49048 4213 0 0 0 0 1272724 0 0 0 0 0 0 0 0 0 0 0 0 0 0 0 0 0 0 0 0 0 0 0 0 0 0 0 0 0 0 0 0 0 0 0 0 0 0 0 0 0 0 0 0 0 0 0 0 0 0 0 0 0 0 0 0 0 0 0 0 0 0 0 0 0 0 0 0 0 0 0 0 0 0 0 20905157 0 0 0
ctxt 34414127
btime 1673080802
processes 27853
procs_running 2
procs_blocked 0
softirq 81011524 66763527 1412889 114329 2508571 53120 0 7693390 1752351 0 713347

cpu  670198 0 1002938 16664325 24700 0 421418 0 0 0
cpu0 3528 0 6881 4567872 8415 0 110269 0 0 0
cpu1 658039 0 980869 2947881 2588 0 104160 0 0 0
cpu2 4611 0 7717 4566566 5776 0 114064 0 0 0
cpu3 4020 0 7469 4582005 7919 0 92924 0 0 0
intr 490521244 0 0 83486 75 0 38854 2088761 0 0 0 222449 0 0 0 0 0 0 0 0 0 0 0 0 0 0 0 0 0 0 0 0 0 0 0 0 0 0 0 0 0 0 0 0 0 0 0 0 0 0 0 0 418327383 0 0 0 0 0 0 0 0 31423 0 53116 0 0 0 0 0 0 0 0 0 0 0 47444374 1 0 0 0 0 0 0 0 0 0 0 0 0 0 0 0 0 0 0 0 0 0 0 49048 4213 0 0 0 0 1272746 0 0 0 0 0 0 0 0 0 0 0 0 0 0 0 0 0 0 0 0 0 0 0 0 0 0 0 0 0 0 0 0 0 0 0 0 0 0 0 0 0 0 0 0 0 0 0 0 0 0 0 0 0 0 0 0 0 0 0 0 0 0 0 0 0 0 0 0 0 0 0 0 0 0 0 20905316 0 0 0
ctxt 34414232
btime 1673080802
processes 27853
procs_running 2
procs_blocked 0
softirq 81011613 66763535 1412905 114329 2508572 53120 0 7693408 1752382 0 713362

cpu  670224 0 1002964 16664473 24700 0 421418 0 0 0
cpu0 3528 0 6881 4567922 8415 0 110269 0 0 0
cpu1 658064 0 980894 2947881 2588 0 104160 0 0 0
cpu2 4611 0 7718 4566615 5776 0 114064 0 0 0
cpu3 4020 0 7470 4582054 7919 0 92924 0 0 0
intr 490525596 0 0 83487 75 0 38854 2088801 0 0 0 222449 0 0 0 0 0 0 0 0 0 0 0 0 0 0 0 0 0 0 0 0 0 0 0 0 0 0 0 0 0 0 0 0 0 0 0 0 0 0 0 0 418331385 0 0 0 0 0 0 0 0 31423 0 53116 0 0 0 0 0 0 0 0 0 0 0 47444503 1 0 0 0 0 0 0 0 0 0 0 0 0 0 0 0 0 0 0 0 0 0 0 49048 4213 0 0 0 0 1272768 0 0 0 0 0 0 0 0 0 0 0 0 0 0 0 0 0 0 0 0 0 0 0 0 0 0 0 0 0 0 0 0 0 0 0 0 0 0 0 0 0 0 0 0 0 0 0 0 0 0 0 0 0 0 0 0 0 0 0 0 0 0 0 0 0 0 0 0 0 0 0 0 0 0 0 20905475 0 0 0
ctxt 34414327
btime 1673080802
processes 27853
procs_running 2
procs_blocked 0
softirq 81011699 66763535 1412922 114329 2508573 53120 0 7693427 1752416 0 713377

cpu  670246 0 1002992 16664622 24700 0 421418 0 0 0
cpu0 3528 0 6881 4567971 8415 0 110269 0 0 0
cpu1 658086 0 980922 2947881 2588 0 104160 0 0 0
cpu2 4612 0 7718 4566665 5776 0 114064 0 0 0
cpu3 4020 0 7470 4582103 7919 0 92924 0 0 0
intr 490529996 0 0 83487 75 0 38854 2088845 0 0 0 222449 0 0 0 0 0 0 0 0 0 0 0 0 0 0 0 0 0 0 0 0 0 0 0 0 0 0 0 0 0 0 0 0 0 0 0 0 0 0 0 0 418335410 0 0 0 0 0 0 0 0 31423 0 53116 0 0 0 0 0 0 0 0 0 0 0 47444656 1 0 0 0 0 0 0 0 0 0 0 0 0 0 0 0 0 0 0 0 0 0 0 49048 4213 0 0 0 0 1272790 0 0 0 0 0 0 0 0 0 0 0 0 0 0 0 0 0 0 0 0 0 0 0 0 0 0 0 0 0 0 0 0 0 0 0 0 0 0 0 0 0 0 0 0 0 0 0 0 0 0 0 0 0 0 0 0 0 0 0 0 0 0 0 0 0 0 0 0 0 0 0 0 0 0 0 20905630 0 0 0
ctxt 34414424
btime 1673080802
processes 27853
procs_running 2
procs_blocked 0
softirq 81011785 66763543 1412937 114329 2508574 53120 0 7693445 1752444 0 713393

cpu  670269 0 1003020 16664770 24700 0 421418 0 0 0
cpu0 3528 0 6882 4568021 8415 0 110269 0 0 0
cpu1 658109 0 980949 2947881 2588 0 104160 0 0 0
cpu2 4612 0 7718 4566714 5776 0 114064 0 0 0
cpu3 4020 0 7470 4582153 7919 0 92924 0 0 0
intr 490534348 0 0 83487 75 0 38854 2088886 0 0 0 222449 0 0 0 0 0 0 0 0 0 0 0 0 0 0 0 0 0 0 0 0 0 0 0 0 0 0 0 0 0 0 0 0 0 0 0 0 0 0 0 0 418339412 0 0 0 0 0 0 0 0 31423 0 53116 0 0 0 0 0 0 0 0 0 0 0 47444786 1 0 0 0 0 0 0 0 0 0 0 0 0 0 0 0 0 0 0 0 0 0 0 49048 4213 0 0 0 0 1272812 0 0 0 0 0 0 0 0 0 0 0 0 0 0 0 0 0 0 0 0 0 0 0 0 0 0 0 0 0 0 0 0 0 0 0 0 0 0 0 0 0 0 0 0 0 0 0 0 0 0 0 0 0 0 0 0 0 0 0 0 0 0 0 0 0 0 0 0 0 0 0 0 0 0 0 20905786 0 0 0
ctxt 34414511
btime 1673080802
processes 27853
procs_running 2
procs_blocked 0
softirq 81011862 66763543 1412951 114329 2508575 53120 0 7693463 1752473 0 713408

cpu  670290 0 1003049 16664918 24700 0 421418 0 0 0
cpu0 3528 0 6882 4568070 8415 0 110269 0 0 0
cpu1 658130 0 980978 2947881 2588 0 104160 0 0 0
cpu2 4612 0 7718 4566764 5776 0 114064 0 0 0
cpu3 4020 0 7471 4582202 7919 0 92924 0 0 0
intr 490538746 0 0 83487 75 0 38854 2088932 0 0 0 222449 0 0 0 0 0 0 0 0 0 0 0 0 0 0 0 0 0 0 0 0 0 0 0 0 0 0 0 0 0 0 0 0 0 0 0 0 0 0 0 0 418343431 0 0 0 0 0 0 0 0 31423 0 53116 0 0 0 0 0 0 0 0 0 0 0 47444938 1 0 0 0 0 0 0 0 0 0 0 0 0 0 0 0 0 0 0 0 0 0 0 49048 4213 0 0 0 0 1272834 0 0 0 0 0 0 0 0 0 0 0 0 0 0 0 0 0 0 0 0 0 0 0 0 0 0 0 0 0 0 0 0 0 0 0 0 0 0 0 0 0 0 0 0 0 0 0 0 0 0 0 0 0 0 0 0 0 0 0 0 0 0 0 0 0 0 0 0 0 0 0 0 0 0 0 20905945 0 0 0
ctxt 34414620
btime 1673080802
processes 27853
procs_running 2
procs_blocked 0
softirq 81011954 66763551 1412968 114329 2508576 53120 0 7693482 1752504 0 713424

cpu  670312 0 1003079 16665066 24700 0 421418 0 0 0
cpu0 3528 0 6882 4568119 8415 0 110269 0 0 0
cpu1 658151 0 981007 2947881 2588 0 104160 0 0 0
cpu2 4612 0 7718 4566813 5776 0 114064 0 0 0
cpu3 4020 0 7471 4582251 7919 0 92924 0 0 0
intr 490543101 0 0 83488 75 0 38854 2088972 0 0 0 222449 0 0 0 0 0 0 0 0 0 0 0 0 0 0 0 0 0 0 0 0 0 0 0 0 0 0 0 0 0 0 0 0 0 0 0 0 0 0 0 0 418347436 0 0 0 0 0 0 0 0 31423 0 53116 0 0 0 0 0 0 0 0 0 0 0 47445068 1 0 0 0 0 0 0 0 0 0 0 0 0 0 0 0 0 0 0 0 0 0 0 49048 4213 0 0 0 0 1272856 0 0 0 0 0 0 0 0 0 0 0 0 0 0 0 0 0 0 0 0 0 0 0 0 0 0 0 0 0 0 0 0 0 0 0 0 0 0 0 0 0 0 0 0 0 0 0 0 0 0 0 0 0 0 0 0 0 0 0 0 0 0 0 0 0 0 0 0 0 0 0 0 0 0 0 20906103 0 0 0
ctxt 34414708
btime 1673080802
processes 27853
procs_running 2
procs_blocked 0
softirq 81012035 66763551 1412984 114330 2508577 53120 0 7693500 1752534 0 713439

cpu  670329 0 1003113 16665212 24700 0 421418 0 0 0
cpu0 3528 0 6882 4568169 8415 0 110269 0 0 0
cpu1 658168 0 981039 2947881 2588 0 104160 0 0 0
cpu2 4612 0 7718 4566862 5776 0 114064 0 0 0
cpu3 4020 0 7472 4582299 7919 0 92924 0 0 0
intr 490547540 0 0 83488 75 0 38854 2089035 0 0 0 222449 0 0 0 0 0 0 0 0 0 0 0 0 0 0 0 0 0 0 0 0 0 0 0 0 0 0 0 0 0 0 0 0 0 0 0 0 0 0 0 0 418351455 0 0 0 0 0 0 0 0 31423 0 53116 0 0 0 0 0 0 0 0 0 0 0 47445220 1 0 0 0 0 0 0 0 0 0 0 0 0 0 0 0 0 0 0 0 0 0 0 49048 4213 0 0 0 0 1272893 0 0 0 0 0 0 0 0 0 0 0 0 0 0 0 0 0 0 0 0 0 0 0 0 0 0 0 0 0 0 0 0 0 0 0 0 0 0 0 0 0 0 0 0 0 0 0 0 0 0 0 0 0 0 0 0 0 0 0 0 0 0 0 0 0 0 0 0 0 0 0 0 0 0 0 20906270 0 0 0
ctxt 34414866
btime 1673080802
processes 27853
procs_running 2
procs_blocked 0
softirq 81012150 66763559 1413005 114330 2508579 53120 0 7693532 1752569 0 713456

cpu  670353 0 1003140 16665360 24700 0 421418 0 0 0
cpu0 3528 0 6882 4568218 8415 0 110269 0 0 0
cpu1 658192 0 981066 2947881 2588 0 104160 0 0 0
cpu2 4612 0 7718 4566912 5776 0 114064 0 0 0
cpu3 4020 0 7472 4582348 7919 0 92924 0 0 0
intr 490551895 0 0 83488 75 0 38854 2089077 0 0 0 222449 0 0 0 0 0 0 0 0 0 0 0 0 0 0 0 0 0 0 0 0 0 0 0 0 0 0 0 0 0 0 0 0 0 0 0 0 0 0 0 0 418355460 0 0 0 0 0 0 0 0 31423 0 53116 0 0 0 0 0 0 0 0 0 0 0 47445350 1 0 0 0 0 0 0 0 0 0 0 0 0 0 0 0 0 0 0 0 0 0 0 49048 4213 0 0 0 0 1272915 0 0 0 0 0 0 0 0 0 0 0 0 0 0 0 0 0 0 0 0 0 0 0 0 0 0 0 0 0 0 0 0 0 0 0 0 0 0 0 0 0 0 0 0 0 0 0 0 0 0 0 0 0 0 0 0 0 0 0 0 0 0 0 0 0 0 0 0 0 0 0 0 0 0 0 20906427 0 0 0
ctxt 34414956
btime 1673080802
processes 27853
procs_running 2
procs_blocked 0
softirq 81012229 66763559 1413019 114330 2508580 53120 0 7693550 1752599 0 713472

cpu  670377 0 1003166 16665507 24700 0 421418 0 0 0
cpu0 3528 0 6882 4568267 8415 0 110269 0 0 0
cpu1 658216 0 981092 2947881 2588 0 104160 0 0 0
cpu2 4612 0 7718 4566961 5776 0 114064 0 0 0
cpu3 4020 0 7472 4582397 7919 0 92924 0 0 0
intr 490556293 0 0 83488 75 0 38854 2089122 0 0 0 222449 0 0 0 0 0 0 0 0 0 0 0 0 0 0 0 0 0 0 0 0 0 0 0 0 0 0 0 0 0 0 0 0 0 0 0 0 0 0 0 0 418359479 0 0 0 0 0 0 0 0 31423 0 53116 0 0 0 0 0 0 0 0 0 0 0 47445502 1 0 0 0 0 0 0 0 0 0 0 0 0 0 0 0 0 0 0 0 0 0 0 49048 4213 0 0 0 0 1272937 0 0 0 0 0 0 0 0 0 0 0 0 0 0 0 0 0 0 0 0 0 0 0 0 0 0 0 0 0 0 0 0 0 0 0 0 0 0 0 0 0 0 0 0 0 0 0 0 0 0 0 0 0 0 0 0 0 0 0 0 0 0 0 0 0 0 0 0 0 0 0 0 0 0 0 20906586 0 0 0
ctxt 34415066
btime 1673080802
processes 27853
procs_running 2
procs_blocked 0
softirq 81012322 66763567 1413037 114330 2508581 53120 0 7693569 1752630 0 713488

cpu  670404 0 1003191 16665655 24700 0 421418 0 0 0
cpu0 3528 0 6883 4568317 8415 0 110269 0 0 0
cpu1 658242 0 981116 2947881 2588 0 104160 0 0 0
cpu2 4612 0 7718 4567010 5776 0 114064 0 0 0
cpu3 4020 0 7472 4582446 7919 0 92924 0 0 0
intr 490560660 0 0 83489 75 0 38854 2089167 0 0 0 222450 0 0 0 0 0 0 0 0 0 0 0 0 0 0 0 0 0 0 0 0 0 0 0 0 0 0 0 0 0 0 0 0 0 0 0 0 0 0 0 0 418363482 0 0 0 0 0 0 0 0 31423 0 53118 0 0 0 0 0 0 0 0 0 0 0 47445632 1 0 0 0 0 0 0 0 0 0 0 0 0 0 0 0 0 0 0 0 0 0 0 49050 4213 0 0 0 0 1272959 0 0 0 0 0 0 0 0 0 0 0 0 0 0 0 0 0 0 0 0 0 0 0 0 0 0 0 0 0 0 0 0 0 0 0 0 0 0 0 0 0 0 0 0 0 0 0 0 0 0 0 0 0 0 0 0 0 0 0 0 0 0 0 0 0 0 0 0 0 0 0 0 0 0 0 20906747 0 0 0
ctxt 34415187
btime 1673080802
processes 27853
procs_running 2
procs_blocked 0
softirq 81012415 66763567 1413054 114330 2508582 53122 0 7693593 1752663 0 713504

cpu  670428 0 1003217 16665804 24700 0 421419 0 0 0
cpu0 3528 0 6883 4568366 8415 0 110269 0 0 0
cpu1 658266 0 981142 2947881 2588 0 104161 0 0 0
cpu2 4612 0 7718 4567060 5776 0 114064 0 0 0
cpu3 4020 0 7472 4582495 7919 0 92924 0 0 0
intr 490565064 0 0 83489 75 0 38854 2089212 0 0 0 222450 0 0 0 0 0 0 0 0 0 0 0 0 0 0 0 0 0 0 0 0 0 0 0 0 0 0 0 0 0 0 0 0 0 0 0 0 0 0 0 0 418367507 0 0 0 0 0 0 0 0 31423 0 53118 0 0 0 0 0 0 0 0 0 0 0 47445784 1 0 0 0 0 0 0 0 0 0 0 0 0 0 0 0 0 0 0 0 0 0 0 49050 4213 0 0 0 0 1272981 0 0 0 0 0 0 0 0 0 0 0 0 0 0 0 0 0 0 0 0 0 0 0 0 0 0 0 0 0 0 0 0 0 0 0 0 0 0 0 0 0 0 0 0 0 0 0 0 0 0 0 0 0 0 0 0 0 0 0 0 0 0 0 0 0 0 0 0 0 0 0 0 0 0 0 20906907 0 0 0
ctxt 34415298
btime 1673080802
processes 27853
procs_running 2
procs_blocked 0
softirq 81012504 66763575 1413070 114330 2508583 53122 0 7693612 1752692 0 713520

cpu  670452 0 1003242 16665952 24700 0 421419 0 0 0
cpu0 3528 0 6883 4568416 8415 0 110269 0 0 0
cpu1 658290 0 981167 2947881 2588 0 104161 0 0 0
cpu2 4612 0 7718 4567109 5776 0 114064 0 0 0
cpu3 4020 0 7472 4582545 7919 0 92924 0 0 0
intr 490569409 0 0 83489 75 0 38854 2089250 0 0 0 222450 0 0 0 0 0 0 0 0 0 0 0 0 0 0 0 0 0 0 0 0 0 0 0 0 0 0 0 0 0 0 0 0 0 0 0 0 0 0 0 0 418371508 0 0 0 0 0 0 0 0 31423 0 53118 0 0 0 0 0 0 0 0 0 0 0 47445914 1 0 0 0 0 0 0 0 0 0 0 0 0 0 0 0 0 0 0 0 0 0 0 49050 4213 0 0 0 0 1273003 0 0 0 0 0 0 0 0 0 0 0 0 0 0 0 0 0 0 0 0 0 0 0 0 0 0 0 0 0 0 0 0 0 0 0 0 0 0 0 0 0 0 0 0 0 0 0 0 0 0 0 0 0 0 0 0 0 0 0 0 0 0 0 0 0 0 0 0 0 0 0 0 0 0 0 20907061 0 0 0
ctxt 34415387
btime 1673080802
processes 27853
procs_running 2
procs_blocked 0
softirq 81012583 66763575 1413086 114330 2508584 53122 0 7693630 1752719 0 713537

cpu  670473 0 1003271 16666101 24700 0 421419 0 0 0
cpu0 3528 0 6883 4568465 8415 0 110269 0 0 0
cpu1 658312 0 981196 2947881 2588 0 104161 0 0 0
cpu2 4612 0 7718 4567159 5776 0 114064 0 0 0
cpu3 4020 0 7473 4582594 7919 0 92924 0 0 0
intr 490573801 0 0 83489 75 0 38854 2089291 0 0 0 222450 0 0 0 0 0 0 0 0 0 0 0 0 0 0 0 0 0 0 0 0 0 0 0 0 0 0 0 0 0 0 0 0 0 0 0 0 0 0 0 0 418375525 0 0 0 0 0 0 0 0 31423 0 53118 0 0 0 0 0 0 0 0 0 0 0 47446066 1 0 0 0 0 0 0 0 0 0 0 0 0 0 0 0 0 0 0 0 0 0 0 49050 4213 0 0 0 0 1273025 0 0 0 0 0 0 0 0 0 0 0 0 0 0 0 0 0 0 0 0 0 0 0 0 0 0 0 0 0 0 0 0 0 0 0 0 0 0 0 0 0 0 0 0 0 0 0 0 0 0 0 0 0 0 0 0 0 0 0 0 0 0 0 0 0 0 0 0 0 0 0 0 0 0 0 20907222 0 0 0
ctxt 34415498
btime 1673080802
processes 27853
procs_running 2
procs_blocked 0
softirq 81012675 66763583 1413104 114330 2508585 53122 0 7693649 1752748 0 713554

cpu  670496 0 1003299 16666249 24700 0 421419 0 0 0
cpu0 3528 0 6883 4568515 8415 0 110269 0 0 0
cpu1 658334 0 981223 2947881 2588 0 104161 0 0 0
cpu2 4612 0 7718 4567208 5776 0 114064 0 0 0
cpu3 4020 0 7473 4582643 7919 0 92924 0 0 0
intr 490578157 0 0 83490 75 0 38854 2089331 0 0 0 222450 0 0 0 0 0 0 0 0 0 0 0 0 0 0 0 0 0 0 0 0 0 0 0 0 0 0 0 0 0 0 0 0 0 0 0 0 0 0 0 0 418379526 0 0 0 0 0 0 0 0 31423 0 53118 0 0 0 0 0 0 0 0 0 0 0 47446194 1 0 0 0 0 0 0 0 0 0 0 0 0 0 0 0 0 0 0 0 0 0 0 49050 4213 0 0 0 0 1273047 0 0 0 0 0 0 0 0 0 0 0 0 0 0 0 0 0 0 0 0 0 0 0 0 0 0 0 0 0 0 0 0 0 0 0 0 0 0 0 0 0 0 0 0 0 0 0 0 0 0 0 0 0 0 0 0 0 0 0 0 0 0 0 0 0 0 0 0 0 0 0 0 0 0 0 20907385 0 0 0
ctxt 34415595
btime 1673080802
processes 27853
procs_running 2
procs_blocked 0
softirq 81012761 66763583 1413121 114330 2508586 53122 0 7693667 1752781 0 713571

cpu  670515 0 1003331 16666396 24700 0 421419 0 0 0
cpu0 3528 0 6884 4568564 8415 0 110269 0 0 0
cpu1 658353 0 981255 2947881 2588 0 104161 0 0 0
cpu2 4613 0 7718 4567257 5776 0 114064 0 0 0
cpu3 4020 0 7473 4582693 7919 0 92924 0 0 0
intr 490582572 0 0 83490 75 0 38854 2089380 0 0 0 222450 0 0 0 0 0 0 0 0 0 0 0 0 0 0 0 0 0 0 0 0 0 0 0 0 0 0 0 0 0 0 0 0 0 0 0 0 0 0 0 0 418383557 0 0 0 0 0 0 0 0 31423 0 53118 0 0 0 0 0 0 0 0 0 0 0 47446348 1 0 0 0 0 0 0 0 0 0 0 0 0 0 0 0 0 0 0 0 0 0 0 49050 4213 0 0 0 0 1273069 0 0 0 0 0 0 0 0 0 0 0 0 0 0 0 0 0 0 0 0 0 0 0 0 0 0 0 0 0 0 0 0 0 0 0 0 0 0 0 0 0 0 0 0 0 0 0 0 0 0 0 0 0 0 0 0 0 0 0 0 0 0 0 0 0 0 0 0 0 0 0 0 0 0 0 20907547 0 0 0
ctxt 34415708
btime 1673080802
processes 27853
procs_running 2
procs_blocked 0
softirq 81012862 66763591 1413138 114330 2508587 53122 0 7693690 1752816 0 713588

cpu  670536 0 1003361 16666544 24700 0 421419 0 0 0
cpu0 3528 0 6884 4568613 8415 0 110269 0 0 0
cpu1 658373 0 981284 2947881 2588 0 104161 0 0 0
cpu2 4613 0 7718 4567307 5776 0 114064 0 0 0
cpu3 4020 0 7474 4582742 7919 0 92924 0 0 0
intr 490586913 0 0 83490 75 0 38854 2089415 0 0 0 222450 0 0 0 0 0 0 0 0 0 0 0 0 0 0 0 0 0 0 0 0 0 0 0 0 0 0 0 0 0 0 0 0 0 0 0 0 0 0 0 0 418387552 0 0 0 0 0 0 0 0 31423 0 53118 0 0 0 0 0 0 0 0 0 0 0 47446476 1 0 0 0 0 0 0 0 0 0 0 0 0 0 0 0 0 0 0 0 0 0 0 49050 4213 0 0 0 0 1273091 0 0 0 0 0 0 0 0 0 0 0 0 0 0 0 0 0 0 0 0 0 0 0 0 0 0 0 0 0 0 0 0 0 0 0 0 0 0 0 0 0 0 0 0 0 0 0 0 0 0 0 0 0 0 0 0 0 0 0 0 0 0 0 0 0 0 0 0 0 0 0 0 0 0 0 20907705 0 0 0
ctxt 34415792
btime 1673080802
processes 27853
procs_running 2
procs_blocked 0
softirq 81012950 66763591 1413155 114331 2508588 53122 0 7693708 1752848 0 713607

cpu  670558 0 1003389 16666692 24700 0 421419 0 0 0
cpu0 3528 0 6884 4568663 8415 0 110269 0 0 0
cpu1 658396 0 981312 2947881 2588 0 104161 0 0 0
cpu2 4613 0 7719 4567356 5776 0 114064 0 0 0
cpu3 4020 0 7474 4582791 7919 0 92924 0 0 0
intr 490591326 0 0 83490 75 0 38854 2089459 0 0 0 222450 0 0 0 0 0 0 0 0 0 0 0 0 0 0 0 0 0 0 0 0 0 0 0 0 0 0 0 0 0 0 0 0 0 0 0 0 0 0 0 0 418391582 0 0 0 0 0 0 0 0 31423 0 53118 0 0 0 0 0 0 0 0 0 0 0 47446632 1 0 0 0 0 0 0 0 0 0 0 0 0 0 0 0 0 0 0 0 0 0 0 49050 4213 0 0 0 0 1273113 0 0 0 0 0 0 0 0 0 0 0 0 0 0 0 0 0 0 0 0 0 0 0 0 0 0 0 0 0 0 0 0 0 0 0 0 0 0 0 0 0 0 0 0 0 0 0 0 0 0 0 0 0 0 0 0 0 0 0 0 0 0 0 0 0 0 0 0 0 0 0 0 0 0 0 20907867 0 0 0
ctxt 34415899
btime 1673080802
processes 27853
procs_running 2
procs_blocked 0
softirq 81013053 66763601 1413173 114331 2508590 53122 0 7693729 1752883 0 713624

cpu  670568 0 1003406 16666814 24700 0 421459 0 0 0
cpu0 3528 0 6885 4568704 8415 0 110274 0 0 0
cpu1 658405 0 981328 2947881 2588 0 104186 0 0 0
cpu2 4613 0 7719 4567396 5776 0 114070 0 0 0
cpu3 4020 0 7474 4582832 7919 0 92928 0 0 0
intr 490604883 0 0 83491 75 0 38854 2089503 0 0 0 222450 0 0 0 0 0 0 0 0 0 0 0 0 0 0 0 0 0 0 0 0 0 0 0 0 0 0 0 0 0 0 0 0 0 0 0 0 0 0 0 0 418400116 0 0 0 0 0 0 0 0 31423 0 53118 0 0 0 0 0 0 0 0 0 0 0 47451381 1 0 0 0 0 0 0 0 0 0 0 0 0 0 0 0 0 0 0 0 0 0 0 49050 4213 0 0 0 0 1273135 0 0 0 0 0 0 0 0 0 0 0 0 0 0 0 0 0 0 0 0 0 0 0 0 0 0 0 0 0 0 0 0 0 0 0 0 0 0 0 0 0 0 0 0 0 0 0 0 0 0 0 0 0 0 0 0 0 0 0 0 0 0 0 0 0 0 0 0 0 0 0 0 0 0 0 20908074 0 0 0
ctxt 34416077
btime 1673080802
processes 27853
procs_running 3
procs_blocked 0
softirq 81028218 66778603 1413201 114331 2508619 53122 0 7693781 1752919 0 713642

cpu  670568 0 1003407 16666912 24700 0 421538 0 0 0
cpu0 3528 0 6885 4568734 8415 0 110288 0 0 0
cpu1 658405 0 981328 2947881 2588 0 104235 0 0 0
cpu2 4613 0 7719 4567430 5776 0 114078 0 0 0
cpu3 4020 0 7474 4582866 7919 0 92936 0 0 0
intr 490628494 0 0 83491 75 0 38854 2089548 0 0 0 222450 0 0 0 0 0 0 0 0 0 0 0 0 0 0 0 0 0 0 0 0 0 0 0 0 0 0 0 0 0 0 0 0 0 0 0 0 0 0 0 0 418413612 0 0 0 0 0 0 0 0 31423 0 53121 0 0 0 0 0 0 0 0 0 0 0 47461177 1 0 0 0 0 0 0 0 0 0 0 0 0 0 0 0 0 0 0 0 0 0 0 49053 4213 0 0 0 0 1273157 0 0 0 0 0 0 0 0 0 0 0 0 0 0 0 0 0 0 0 0 0 0 0 0 0 0 0 0 0 0 0 0 0 0 0 0 0 0 0 0 0 0 0 0 0 0 0 0 0 0 0 0 0 0 0 0 0 0 0 0 0 0 0 0 0 0 0 0 0 0 0 0 0 0 0 20908322 0 0 0
ctxt 34416400
btime 1673080802
processes 27853
procs_running 3
procs_blocked 0
softirq 81056814 66806883 1413243 114331 2508670 53125 0 7693969 1752929 0 713664

cpu  670568 0 1003418 16667005 24700 0 421615 0 0 0
cpu0 3528 0 6886 4568759 8415 0 110307 0 0 0
cpu1 658406 0 981336 2947881 2588 0 104276 0 0 0
cpu2 4613 0 7720 4567463 5776 0 114089 0 0 0
cpu3 4020 0 7475 4582901 7919 0 92942 0 0 0
intr 490655322 0 0 83491 75 0 38854 2089590 0 0 0 222451 0 0 0 0 0 0 0 0 0 0 0 0 0 0 0 0 0 0 0 0 0 0 0 0 0 0 0 0 0 0 0 0 0 0 0 0 0 0 0 0 418428983 0 0 0 0 0 0 0 0 31423 0 53121 0 0 0 0 0 0 0 0 0 0 0 47472307 1 0 0 0 0 0 0 0 0 0 0 0 0 0 0 0 0 0 0 0 0 0 0 49053 4213 0 0 0 0 1273179 0 0 0 0 0 0 0 0 0 0 0 0 0 0 0 0 0 0 0 0 0 0 0 0 0 0 0 0 0 0 0 0 0 0 0 0 0 0 0 0 0 0 0 0 0 0 0 0 0 0 0 0 0 0 0 0 0 0 0 0 0 0 0 0 0 0 0 0 0 0 0 0 0 0 0 20908585 0 0 0
ctxt 34416770
btime 1673080802
processes 27853
procs_running 3
procs_blocked 0
softirq 81087906 66837427 1413288 114348 2508813 53125 0 7694269 1752950 0 713686

cpu  670574 0 1003462 16667067 24700 0 421693 0 0 0
cpu0 3528 0 6886 4568759 8415 0 110358 0 0 0
cpu1 658411 0 981379 2947881 2588 0 104278 0 0 0
cpu2 4613 0 7720 4567491 5776 0 114105 0 0 0
cpu3 4020 0 7476 4582935 7919 0 92951 0 0 0
intr 490684131 0 0 83495 75 0 38854 2089633 0 0 0 222451 0 0 0 0 0 0 0 0 0 0 0 0 0 0 0 0 0 0 0 0 0 0 0 0 0 0 0 0 0 0 0 0 0 0 0 0 0 0 0 0 418445659 0 0 0 0 0 0 0 0 31423 0 53121 0 0 0 0 0 0 0 0 0 0 0 47484022 1 0 0 0 0 0 0 0 0 0 0 0 0 0 0 0 0 0 0 0 0 0 0 49053 4213 0 0 0 0 1273201 0 0 0 0 0 0 0 0 0 0 0 0 0 0 0 0 0 0 0 0 0 0 0 0 0 0 0 0 0 0 0 0 0 0 0 0 0 0 0 0 0 0 0 0 0 0 0 0 0 0 0 0 0 0 0 0 0 0 0 0 0 0 0 0 0 0 0 0 0 0 0 0 0 0 0 20908938 0 0 0
ctxt 34417107
btime 1673080802
processes 27853
procs_running 3
procs_blocked 0
softirq 81122783 66871782 1413325 114393 2508907 53125 0 7694556 1752984 0 713711

cpu  670582 0 1003503 16667118 24700 0 421778 0 0 0
cpu0 3528 0 6886 4568769 8415 0 110398 0 0 0
cpu1 658420 0 981419 2947881 2588 0 104281 0 0 0
cpu2 4613 0 7721 4567505 5776 0 114132 0 0 0
cpu3 4020 0 7476 4582962 7919 0 92966 0 0 0
intr 490708344 0 0 83496 75 0 38854 2089673 0 0 0 222451 0 0 0 0 0 0 0 0 0 0 0 0 0 0 0 0 0 0 0 0 0 0 0 0 0 0 0 0 0 0 0 0 0 0 0 0 0 0 0 0 418459627 0 0 0 0 0 0 0 0 31423 0 53121 0 0 0 0 0 0 0 0 0 0 0 47493821 1 0 0 0 0 0 0 0 0 0 0 0 0 0 0 0 0 0 0 0 0 0 0 49053 4213 0 0 0 0 1273223 0 0 0 0 0 0 0 0 0 0 0 0 0 0 0 0 0 0 0 0 0 0 0 0 0 0 0 0 0 0 0 0 0 0 0 0 0 0 0 0 0 0 0 0 0 0 0 0 0 0 0 0 0 0 0 0 0 0 0 0 0 0 0 0 0 0 0 0 0 0 0 0 0 0 0 20909320 0 0 0
ctxt 34417313
btime 1673080802
processes 27853
procs_running 3
procs_blocked 0
softirq 81152795 66901489 1413374 114412 2509007 53125 0 7694653 1753004 0 713731

cpu  670588 0 1003543 16667176 24700 0 421860 0 0 0
cpu0 3528 0 6887 4568790 8415 0 110421 0 0 0
cpu1 658425 0 981458 2947881 2588 0 104286 0 0 0
cpu2 4613 0 7722 4567527 5776 0 114154 0 0 0
cpu3 4020 0 7476 4582977 7919 0 92998 0 0 0
intr 490731390 0 0 83496 75 0 38854 2089761 0 0 0 222451 0 0 0 0 0 0 0 0 0 0 0 0 0 0 0 0 0 0 0 0 0 0 0 0 0 0 0 0 0 0 0 0 0 0 0 0 0 0 0 0 418472940 0 0 0 0 0 0 0 0 31423 0 53121 0 0 0 0 0 0 0 0 0 0 0 47503073 1 0 0 0 0 0 0 0 0 0 0 0 0 0 0 0 0 0 0 0 0 0 0 49053 4213 0 0 0 0 1273262 0 0 0 0 0 0 0 0 0 0 0 0 0 0 0 0 0 0 0 0 0 0 0 0 0 0 0 0 0 0 0 0 0 0 0 0 0 0 0 0 0 0 0 0 0 0 0 0 0 0 0 0 0 0 0 0 0 0 0 0 0 0 0 0 0 0 0 0 0 0 0 0 0 0 0 20909673 0 0 0
ctxt 34417536
btime 1673080802
processes 27853
procs_running 4
procs_blocked 0
softirq 81178285 66926611 1413421 114432 2509104 53125 0 7694752 1753090 0 713750

cpu  670593 0 1003580 16667236 24700 0 421959 0 0 0
cpu0 3528 0 6887 4568810 8415 0 110447 0 0 0
cpu1 658430 0 981494 2947881 2588 0 104299 0 0 0
cpu2 4613 0 7722 4567549 5776 0 114180 0 0 0
cpu3 4021 0 7476 4582994 7919 0 93031 0 0 0
intr 490757511 0 0 83496 75 0 38855 2089826 0 0 0 222451 0 0 0 0 0 0 0 0 0 0 0 0 0 0 0 0 0 0 0 0 0 0 0 0 0 0 0 0 0 0 0 0 0 0 0 0 0 0 0 0 418487997 0 0 0 0 0 0 0 0 31423 0 53121 0 0 0 0 0 0 0 0 0 0 0 47513649 1 0 0 0 0 0 0 0 0 0 0 0 0 0 0 0 0 0 0 0 0 0 0 49053 4213 0 0 0 0 1273284 0 0 0 0 0 0 0 0 0 0 0 0 0 0 0 0 0 0 0 0 0 0 0 0 0 0 0 0 0 0 0 0 0 0 0 0 0 0 0 0 0 0 0 0 0 0 0 0 0 0 0 0 0 0 0 0 0 0 0 0 0 0 0 0 0 0 0 0 0 0 0 0 0 0 0 20910073 0 0 0
ctxt 34417763
btime 1673080802
processes 27853
procs_running 5
procs_blocked 0
softirq 81210937 66958885 1413470 114452 2509211 53125 0 7694847 1753172 0 713775

cpu  670598 0 1003622 16667291 24700 0 422044 0 0 0
cpu0 3528 0 6887 4568825 8415 0 110479 0 0 0
cpu1 658434 0 981535 2947881 2588 0 104304 0 0 0
cpu2 4613 0 7723 4567574 5776 0 114198 0 0 0
cpu3 4021 0 7476 4583010 7919 0 93062 0 0 0
intr 490781860 0 0 83496 75 0 38855 2089869 0 0 0 222451 0 0 0 0 0 0 0 0 0 0 0 0 0 0 0 0 0 0 0 0 0 0 0 0 0 0 0 0 0 0 0 0 0 0 0 0 0 0 0 0 418502067 0 0 0 0 0 0 0 0 31423 0 53121 0 0 0 0 0 0 0 0 0 0 0 47523500 1 0 0 0 0 0 0 0 0 0 0 0 0 0 0 0 0 0 0 0 0 0 0 49053 4213 0 0 0 0 1273306 0 0 0 0 0 0 0 0 0 0 0 0 0 0 0 0 0 0 0 0 0 0 0 0 0 0 0 0 0 0 0 0 0 0 0 0 0 0 0 0 0 0 0 0 0 0 0 0 0 0 0 0 0 0 0 0 0 0 0 0 0 0 0 0 0 0 0 0 0 0 0 0 0 0 0 20910444 0 0 0
ctxt 34417973
btime 1673080802
processes 27853
procs_running 4
procs_blocked 0
softirq 81236335 66983911 1413516 114474 2509355 53125 0 7694953 1753208 0 713793

cpu  670604 0 1003665 16667358 24700 0 422125 0 0 0
cpu0 3528 0 6887 4568831 8415 0 110524 0 0 0
cpu1 658441 0 981578 2947881 2588 0 104308 0 0 0
cpu2 4613 0 7724 4567606 5776 0 114212 0 0 0
cpu3 4021 0 7476 4583039 7919 0 93080 0 0 0
intr 490806138 0 0 83497 75 0 38856 2089908 0 0 0 222451 0 0 0 0 0 0 0 0 0 0 0 0 0 0 0 0 0 0 0 0 0 0 0 0 0 0 0 0 0 0 0 0 0 0 0 0 0 0 0 0 418516167 0 0 0 0 0 0 0 0 31423 0 53121 0 0 0 0 0 0 0 0 0 0 0 47533250 1 0 0 0 0 0 0 0 0 0 0 0 0 0 0 0 0 0 0 0 0 0 0 49053 4213 0 0 0 0 1273325 0 0 0 0 0 0 0 0 0 0 0 0 0 0 0 0 0 0 0 0 0 0 0 0 0 0 0 0 0 0 0 0 0 0 0 0 0 0 0 0 0 0 0 0 0 0 0 0 0 0 0 0 0 0 0 0 0 0 0 0 0 0 0 0 0 0 0 0 0 0 0 0 0 0 0 20910805 0 0 0
ctxt 34418140
btime 1673080802
processes 27853
procs_running 3
procs_blocked 0
softirq 81260490 67007766 1413558 114496 2509423 53125 0 7695052 1753257 0 713813

cpu  670612 0 1003690 16667407 24700 0 422193 0 0 0
cpu0 3528 0 6887 4568848 8415 0 110538 0 0 0
cpu1 658448 0 981602 2947881 2588 0 104318 0 0 0
cpu2 4613 0 7724 4567630 5776 0 114223 0 0 0
cpu3 4021 0 7476 4583047 7919 0 93112 0 0 0
intr 490826212 0 0 83497 75 0 38857 2089976 0 0 0 222451 0 0 0 0 0 0 0 0 0 0 0 0 0 0 0 0 0 0 0 0 0 0 0 0 0 0 0 0 0 0 0 0 0 0 0 0 0 0 0 0 418527713 0 0 0 0 0 0 0 0 31423 0 53121 0 0 0 0 0 0 0 0 0 0 0 47541403 1 0 0 0 0 0 0 0 0 0 0 0 0 0 0 0 0 0 0 0 0 0 0 49053 4213 0 0 0 0 1273347 0 0 0 0 0 0 0 0 0 0 0 0 0 0 0 0 0 0 0 0 0 0 0 0 0 0 0 0 0 0 0 0 0 0 0 0 0 0 0 0 0 0 0 0 0 0 0 0 0 0 0 0 0 0 0 0 0 0 0 0 0 0 0 0 0 0 0 0 0 0 0 0 0 0 0 20911088 0 0 0
ctxt 34418315
btime 1673080802
processes 27853
procs_running 4
procs_blocked 0
softirq 81286334 67033369 1413594 114508 2509467 53125 0 7695125 1753315 0 713831

cpu  670617 0 1003732 16667465 24700 0 422272 0 0 0
cpu0 3528 0 6887 4568851 8415 0 110581 0 0 0
cpu1 658453 0 981642 2947881 2588 0 104323 0 0 0
cpu2 4614 0 7725 4567661 5776 0 114232 0 0 0
cpu3 4021 0 7476 4583070 7919 0 93135 0 0 0
intr 490852301 0 0 83497 75 0 38857 2090002 0 0 0 222451 0 0 0 0 0 0 0 0 0 0 0 0 0 0 0 0 0 0 0 0 0 0 0 0 0 0 0 0 0 0 0 0 0 0 0 0 0 0 0 0 418542781 0 0 0 0 0 0 0 0 31423 0 53121 0 0 0 0 0 0 0 0 0 0 0 47552017 1 0 0 0 0 0 0 0 0 0 0 0 0 0 0 0 0 0 0 0 0 0 0 49053 4213 0 0 0 0 1273369 0 0 0 0 0 0 0 0 0 0 0 0 0 0 0 0 0 0 0 0 0 0 0 0 0 0 0 0 0 0 0 0 0 0 0 0 0 0 0 0 0 0 0 0 0 0 0 0 0 0 0 0 0 0 0 0 0 0 0 0 0 0 0 0 0 0 0 0 0 0 0 0 0 0 0 20911448 0 0 0
ctxt 34418552
btime 1673080802
processes 27853
procs_running 3
procs_blocked 0
softirq 81317844 67064470 1413646 114541 2509575 53125 0 7695287 1753344 0 713856

cpu  670625 0 1003773 16667530 24700 0 422342 0 0 0
cpu0 3528 0 6887 4568851 8415 0 110631 0 0 0
cpu1 658461 0 981683 2947881 2588 0 104324 0 0 0
cpu2 4614 0 7726 4567696 5776 0 114238 0 0 0
cpu3 4021 0 7476 4583100 7919 0 93148 0 0 0
intr 490875661 0 0 83497 75 0 38857 2090038 0 0 0 222451 0 0 0 0 0 0 0 0 0 0 0 0 0 0 0 0 0 0 0 0 0 0 0 0 0 0 0 0 0 0 0 0 0 0 0 0 0 0 0 0 418556330 0 0 0 0 0 0 0 0 31423 0 53121 0 0 0 0 0 0 0 0 0 0 0 47561410 1 0 0 0 0 0 0 0 0 0 0 0 0 0 0 0 0 0 0 0 0 0 0 49053 4213 0 0 0 0 1273401 0 0 0 0 0 0 0 0 0 0 0 0 0 0 0 0 0 0 0 0 0 0 0 0 0 0 0 0 0 0 0 0 0 0 0 0 0 0 0 0 0 0 0 0 0 0 0 0 0 0 0 0 0 0 0 0 0 0 0 0 0 0 0 0 0 0 0 0 0 0 0 0 0 0 0 20911800 0 0 0
ctxt 34418747
btime 1673080802
processes 27853
procs_running 4
procs_blocked 0
softirq 81337306 67083689 1413692 114565 2509608 53125 0 7695374 1753367 0 713886

cpu  670633 0 1003808 16667591 24700 0 422422 0 0 0
cpu0 3528 0 6887 4568884 8415 0 110640 0 0 0
cpu1 658468 0 981717 2947881 2588 0 104334 0 0 0
cpu2 4614 0 7726 4567703 5776 0 114279 0 0 0
cpu3 4021 0 7477 4583121 7919 0 93170 0 0 0
intr 490899829 0 0 83497 75 0 38857 2090106 0 0 0 222452 0 0 0 0 0 0 0 0 0 0 0 0 0 0 0 0 0 0 0 0 0 0 0 0 0 0 0 0 0 0 0 0 0 0 0 0 0 0 0 0 418570189 0 0 0 0 0 0 0 0 31423 0 53121 0 0 0 0 0 0 0 0 0 0 0 47571247 1 0 0 0 0 0 0 0 0 0 0 0 0 0 0 0 0 0 0 0 0 0 0 49053 4213 0 0 0 0 1273438 0 0 0 0 0 0 0 0 0 0 0 0 0 0 0 0 0 0 0 0 0 0 0 0 0 0 0 0 0 0 0 0 0 0 0 0 0 0 0 0 0 0 0 0 0 0 0 0 0 0 0 0 0 0 0 0 0 0 0 0 0 0 0 0 0 0 0 0 0 0 0 0 0 0 0 20912169 0 0 0
ctxt 34418972
btime 1673080802
processes 27853
procs_running 4
procs_blocked 0
softirq 81363166 67109205 1413743 114577 2509692 53125 0 7695456 1753444 0 713924

cpu  670638 0 1003847 16667653 24700 0 422503 0 0 0
cpu0 3528 0 6888 4568905 8415 0 110665 0 0 0
cpu1 658474 0 981753 2947881 2588 0 104342 0 0 0
cpu2 4614 0 7726 4567711 5776 0 114316 0 0 0
cpu3 4021 0 7478 4583154 7919 0 93179 0 0 0
intr 490922660 0 0 83498 75 0 38858 2090201 0 0 0 222452 0 0 0 0 0 0 0 0 0 0 0 0 0 0 0 0 0 0 0 0 0 0 0 0 0 0 0 0 0 0 0 0 0 0 0 0 0 0 0 0 418583348 0 0 0 0 0 0 0 0 31423 0 53121 0 0 0 0 0 0 0 0 0 0 0 47580462 1 0 0 0 0 0 0 0 0 0 0 0 0 0 0 0 0 0 0 0 0 0 0 49053 4213 0 0 0 0 1273455 0 0 0 0 0 0 0 0 0 0 0 0 0 0 0 0 0 0 0 0 0 0 0 0 0 0 0 0 0 0 0 0 0 0 0 0 0 0 0 0 0 0 0 0 0 0 0 0 0 0 0 0 0 0 0 0 0 0 0 0 0 0 0 0 0 0 0 0 0 0 0 0 0 0 0 20912505 0 0 0
ctxt 34419137
btime 1673080802
processes 27853
procs_running 4
procs_blocked 0
softirq 81387981 67133685 1413785 114593 2509768 53125 0 7695534 1753542 0 713949

cpu  670644 0 1003881 16667714 24700 0 422580 0 0 0
cpu0 3529 0 6888 4568919 8415 0 110692 0 0 0
cpu1 658479 0 981787 2947881 2588 0 104352 0 0 0
cpu2 4614 0 7726 4567725 5776 0 114347 0 0 0
cpu3 4021 0 7478 4583188 7919 0 93187 0 0 0
intr 490946051 0 0 83498 75 0 38858 2090241 0 0 0 222452 0 0 0 0 0 0 0 0 0 0 0 0 0 0 0 0 0 0 0 0 0 0 0 0 0 0 0 0 0 0 0 0 0 0 0 0 0 0 0 0 418596869 0 0 0 0 0 0 0 0 31423 0 53121 0 0 0 0 0 0 0 0 0 0 0 47589935 1 0 0 0 0 0 0 0 0 0 0 0 0 0 0 0 0 0 0 0 0 0 0 49053 4213 0 0 0 0 1273477 0 0 0 0 0 0 0 0 0 0 0 0 0 0 0 0 0 0 0 0 0 0 0 0 0 0 0 0 0 0 0 0 0 0 0 0 0 0 0 0 0 0 0 0 0 0 0 0 0 0 0 0 0 0 0 0 0 0 0 0 0 0 0 0 0 0 0 0 0 0 0 0 0 0 0 20912842 0 0 0
ctxt 34419331
btime 1673080802
processes 27853
procs_running 5
procs_blocked 0
softirq 81413859 67159222 1413829 114611 2509887 53125 0 7695623 1753588 0 713974

cpu  670649 0 1003914 16667772 24700 0 422663 0 0 0
cpu0 3529 0 6888 4568928 8415 0 110725 0 0 0
cpu1 658484 0 981820 2947881 2588 0 104365 0 0 0
cpu2 4614 0 7726 4567754 5776 0 114360 0 0 0
cpu3 4021 0 7478 4583207 7919 0 93212 0 0 0
intr 490970242 0 0 83498 75 0 38860 2090319 0 0 0 222452 0 0 0 0 0 0 0 0 0 0 0 0 0 0 0 0 0 0 0 0 0 0 0 0 0 0 0 0 0 0 0 0 0 0 0 0 0 0 0 0 418610852 0 0 0 0 0 0 0 0 31423 0 53121 0 0 0 0 0 0 0 0 0 0 0 47599685 1 0 0 0 0 0 0 0 0 0 0 0 0 0 0 0 0 0 0 0 0 0 0 49053 4213 0 0 0 0 1273499 0 0 0 0 0 0 0 0 0 0 0 0 0 0 0 0 0 0 0 0 0 0 0 0 0 0 0 0 0 0 0 0 0 0 0 0 0 0 0 0 0 0 0 0 0 0 0 0 0 0 0 0 0 0 0 0 0 0 0 0 0 0 0 0 0 0 0 0 0 0 0 0 0 0 0 20913196 0 0 0
ctxt 34419511
btime 1673080802
processes 27853
procs_running 5
procs_blocked 0
softirq 81442304 67187321 1413876 114628 2509964 53125 0 7695720 1753671 0 713999

cpu  670653 0 1003954 16667835 24700 0 422740 0 0 0
cpu0 3529 0 6888 4568944 8415 0 110751 0 0 0
cpu1 658488 0 981860 2947881 2588 0 104372 0 0 0
cpu2 4614 0 7727 4567778 5776 0 114381 0 0 0
cpu3 4021 0 7478 4583230 7919 0 93235 0 0 0
intr 490996341 0 0 83498 75 0 38860 2090391 0 0 0 222452 0 0 0 0 0 0 0 0 0 0 0 0 0 0 0 0 0 0 0 0 0 0 0 0 0 0 0 0 0 0 0 0 0 0 0 0 0 0 0 0 418625884 0 0 0 0 0 0 0 0 31423 0 53121 0 0 0 0 0 0 0 0 0 0 0 47610309 1 0 0 0 0 0 0 0 0 0 0 0 0 0 0 0 0 0 0 0 0 0 0 49053 4213 0 0 0 0 1273521 0 0 0 0 0 0 0 0 0 0 0 0 0 0 0 0 0 0 0 0 0 0 0 0 0 0 0 0 0 0 0 0 0 0 0 0 0 0 0 0 0 0 0 0 0 0 0 0 0 0 0 0 0 0 0 0 0 0 0 0 0 0 0 0 0 0 0 0 0 0 0 0 0 0 0 20913548 0 0 0
ctxt 34419739
btime 1673080802
processes 27853
procs_running 3
procs_blocked 0
softirq 81471022 67215617 1413927 114652 2510065 53125 0 7695858 1753755 0 714023

cpu  670660 0 1003993 16667893 24700 0 422827 0 0 0
cpu0 3529 0 6888 4568959 8415 0 110785 0 0 0
cpu1 658494 0 981897 2947881 2588 0 104380 0 0 0
cpu2 4614 0 7728 4567805 5776 0 114396 0 0 0
cpu3 4021 0 7479 4583246 7919 0 93264 0 0 0
intr 491022597 0 0 83499 75 0 38862 2090447 0 0 0 222452 0 0 0 0 0 0 0 0 0 0 0 0 0 0 0 0 0 0 0 0 0 0 0 0 0 0 0 0 0 0 0 0 0 0 0 0 0 0 0 0 418641046 0 0 0 0 0 0 0 0 31423 0 53121 0 0 0 0 0 0 0 0 0 0 0 47620933 1 0 0 0 0 0 0 0 0 0 0 0 0 0 0 0 0 0 0 0 0 0 0 49053 4213 0 0 0 0 1273556 0 0 0 0 0 0 0 0 0 0 0 0 0 0 0 0 0 0 0 0 0 0 0 0 0 0 0 0 0 0 0 0 0 0 0 0 0 0 0 0 0 0 0 0 0 0 0 0 0 0 0 0 0 0 0 0 0 0 0 0 0 0 0 0 0 0 0 0 0 0 0 0 0 0 0 20913924 0 0 0
ctxt 34419987
btime 1673080802
processes 27853
procs_running 4
procs_blocked 0
softirq 81505874 67250032 1413976 114678 2510162 53125 0 7696026 1753830 0 714045

cpu  670665 0 1004029 16667943 24700 0 422908 0 0 0
cpu0 3529 0 6889 4568970 8415 0 110815 0 0 0
cpu1 658500 0 981931 2947881 2588 0 104387 0 0 0
cpu2 4614 0 7729 4567823 5776 0 114418 0 0 0
cpu3 4021 0 7479 4583267 7919 0 93287 0 0 0
intr 491045116 0 0 83499 75 0 38863 2090519 0 0 0 222452 0 0 0 0 0 0 0 0 0 0 0 0 0 0 0 0 0 0 0 0 0 0 0 0 0 0 0 0 0 0 0 0 0 0 0 0 0 0 0 0 418653995 0 0 0 0 0 0 0 0 31423 0 53121 0 0 0 0 0 0 0 0 0 0 0 47630076 1 0 0 0 0 0 0 0 0 0 0 0 0 0 0 0 0 0 0 0 0 0 0 49053 4213 0 0 0 0 1273578 0 0 0 0 0 0 0 0 0 0 0 0 0 0 0 0 0 0 0 0 0 0 0 0 0 0 0 0 0 0 0 0 0 0 0 0 0 0 0 0 0 0 0 0 0 0 0 0 0 0 0 0 0 0 0 0 0 0 0 0 0 0 0 0 0 0 0 0 0 0 0 0 0 0 0 20914266 0 0 0
ctxt 34420178
btime 1673080802
processes 27853
procs_running 4
procs_blocked 0
softirq 81532907 67276732 1414015 114695 2510282 53125 0 7696094 1753894 0 714070

cpu  670672 0 1004068 16668006 24700 0 422985 0 0 0
cpu0 3529 0 6890 4568986 8415 0 110842 0 0 0
cpu1 658507 0 981968 2947881 2588 0 104394 0 0 0
cpu2 4614 0 7729 4567850 5776 0 114434 0 0 0
cpu3 4021 0 7479 4583287 7919 0 93314 0 0 0
intr 491068718 0 0 83499 75 0 38863 2090554 0 0 0 222452 0 0 0 0 0 0 0 0 0 0 0 0 0 0 0 0 0 0 0 0 0 0 0 0 0 0 0 0 0 0 0 0 0 0 0 0 0 0 0 0 418667692 0 0 0 0 0 0 0 0 31423 0 53121 0 0 0 0 0 0 0 0 0 0 0 47639573 1 0 0 0 0 0 0 0 0 0 0 0 0 0 0 0 0 0 0 0 0 0 0 49053 4213 0 0 0 0 1273600 0 0 0 0 0 0 0 0 0 0 0 0 0 0 0 0 0 0 0 0 0 0 0 0 0 0 0 0 0 0 0 0 0 0 0 0 0 0 0 0 0 0 0 0 0 0 0 0 0 0 0 0 0 0 0 0 0 0 0 0 0 0 0 0 0 0 0 0 0 0 0 0 0 0 0 20914605 0 0 0
ctxt 34420389
btime 1673080802
processes 27853
procs_running 3
procs_blocked 0
softirq 81557717 67301195 1414055 114715 2510375 53125 0 7696213 1753945 0 714094

cpu  670678 0 1004100 16668065 24700 0 423069 0 0 0
cpu0 3529 0 6890 4568994 8415 0 110880 0 0 0
cpu1 658512 0 982001 2947881 2588 0 104406 0 0 0
cpu2 4614 0 7729 4567872 5776 0 114455 0 0 0
cpu3 4022 0 7479 4583316 7919 0 93327 0 0 0
intr 491092539 0 0 83499 75 0 38863 2090599 0 0 0 222452 0 0 0 0 0 0 0 0 0 0 0 0 0 0 0 0 0 0 0 0 0 0 0 0 0 0 0 0 0 0 0 0 0 0 0 0 0 0 0 0 418681442 0 0 0 0 0 0 0 0 31423 0 53121 0 0 0 0 0 0 0 0 0 0 0 47649228 1 0 0 0 0 0 0 0 0 0 0 0 0 0 0 0 0 0 0 0 0 0 0 49053 4213 0 0 0 0 1273622 0 0 0 0 0 0 0 0 0 0 0 0 0 0 0 0 0 0 0 0 0 0 0 0 0 0 0 0 0 0 0 0 0 0 0 0 0 0 0 0 0 0 0 0 0 0 0 0 0 0 0 0 0 0 0 0 0 0 0 0 0 0 0 0 0 0 0 0 0 0 0 0 0 0 0 20914949 0 0 0
ctxt 34420595
btime 1673080802
processes 27853
procs_running 5
procs_blocked 0
softirq 81582576 67325801 1414097 114734 2510442 53125 0 7696282 1753978 0 714117

cpu  670683 0 1004136 16668125 24700 0 423154 0 0 0
cpu0 3529 0 6891 4569008 8415 0 110909 0 0 0
cpu1 658517 0 982035 2947881 2588 0 104417 0 0 0
cpu2 4614 0 7729 4567909 5776 0 114459 0 0 0
cpu3 4022 0 7480 4583325 7919 0 93369 0 0 0
intr 491117216 0 0 83500 75 0 38864 2090644 0 0 0 222452 0 0 0 0 0 0 0 0 0 0 0 0 0 0 0 0 0 0 0 0 0 0 0 0 0 0 0 0 0 0 0 0 0 0 0 0 0 0 0 0 418695623 0 0 0 0 0 0 0 0 31423 0 53121 0 0 0 0 0 0 0 0 0 0 0 47659288 1 0 0 0 0 0 0 0 0 0 0 0 0 0 0 0 0 0 0 0 0 0 0 49053 4213 0 0 0 0 1273644 0 0 0 0 0 0 0 0 0 0 0 0 0 0 0 0 0 0 0 0 0 0 0 0 0 0 0 0 0 0 0 0 0 0 0 0 0 0 0 0 0 0 0 0 0 0 0 0 0 0 0 0 0 0 0 0 0 0 0 0 0 0 0 0 0 0 0 0 0 0 0 0 0 0 0 20915316 0 0 0
ctxt 34420773
btime 1673080802
processes 27853
procs_running 3
procs_blocked 0
softirq 81604364 67347283 1414146 114748 2510542 53125 0 7696350 1754028 0 714142

cpu  670693 0 1004171 16668239 24700 0 423182 0 0 0
cpu0 3529 0 6891 4569049 8415 0 110912 0 0 0
cpu1 658527 0 982070 2947881 2588 0 104421 0 0 0
cpu2 4614 0 7730 4567952 5776 0 114461 0 0 0
cpu3 4022 0 7480 4583355 7919 0 93387 0 0 0
intr 491130180 0 0 83500 75 0 38865 2090692 0 0 0 222453 0 0 0 0 0 0 0 0 0 0 0 0 0 0 0 0 0 0 0 0 0 0 0 0 0 0 0 0 0 0 0 0 0 0 0 0 0 0 0 0 418703944 0 0 0 0 0 0 0 0 31423 0 53121 0 0 0 0 0 0 0 0 0 0 0 47663631 1 0 0 0 0 0 0 0 0 0 0 0 0 0 0 0 0 0 0 0 0 0 0 49053 4213 0 0 0 0 1273666 0 0 0 0 0 0 0 0 0 0 0 0 0 0 0 0 0 0 0 0 0 0 0 0 0 0 0 0 0 0 0 0 0 0 0 0 0 0 0 0 0 0 0 0 0 0 0 0 0 0 0 0 0 0 0 0 0 0 0 0 0 0 0 0 0 0 0 0 0 0 0 0 0 0 0 20915546 0 0 0
ctxt 34420971
btime 1673080802
processes 27853
procs_running 2
procs_blocked 0
softirq 81612617 67354522 1414178 114756 2510570 53125 0 7697239 1754066 0 714161

cpu  670713 0 1004201 16668386 24700 0 423182 0 0 0
cpu0 3529 0 6891 4569099 8415 0 110912 0 0 0
cpu1 658547 0 982100 2947881 2588 0 104421 0 0 0
cpu2 4614 0 7730 4568001 5776 0 114461 0 0 0
cpu3 4022 0 7480 4583404 7919 0 93387 0 0 0
intr 491134520 0 0 83504 75 0 38865 2090727 0 0 0 222453 0 0 0 0 0 0 0 0 0 0 0 0 0 0 0 0 0 0 0 0 0 0 0 0 0 0 0 0 0 0 0 0 0 0 0 0 0 0 0 0 418707938 0 0 0 0 0 0 0 0 31423 0 53121 0 0 0 0 0 0 0 0 0 0 0 47663759 1 0 0 0 0 0 0 0 0 0 0 0 0 0 0 0 0 0 0 0 0 0 0 49053 4213 0 0 0 0 1273688 0 0 0 0 0 0 0 0 0 0 0 0 0 0 0 0 0 0 0 0 0 0 0 0 0 0 0 0 0 0 0 0 0 0 0 0 0 0 0 0 0 0 0 0 0 0 0 0 0 0 0 0 0 0 0 0 0 0 0 0 0 0 0 0 0 0 0 0 0 0 0 0 0 0 0 20915700 0 0 0
ctxt 34421059
btime 1673080802
processes 27853
procs_running 2
procs_blocked 0
softirq 81612687 67354522 1414192 114756 2510571 53125 0 7697258 1754086 0 714177

cpu  670737 0 1004228 16668535 24700 0 423182 0 0 0
cpu0 3529 0 6891 4569148 8415 0 110912 0 0 0
cpu1 658570 0 982126 2947881 2588 0 104421 0 0 0
cpu2 4615 0 7730 4568051 5776 0 114461 0 0 0
cpu3 4022 0 7480 4583454 7919 0 93387 0 0 0
intr 491138913 0 0 83504 75 0 38865 2090766 0 0 0 222453 0 0 0 0 0 0 0 0 0 0 0 0 0 0 0 0 0 0 0 0 0 0 0 0 0 0 0 0 0 0 0 0 0 0 0 0 0 0 0 0 418711963 0 0 0 0 0 0 0 0 31423 0 53121 0 0 0 0 0 0 0 0 0 0 0 47663911 1 0 0 0 0 0 0 0 0 0 0 0 0 0 0 0 0 0 0 0 0 0 0 49053 4213 0 0 0 0 1273710 0 0 0 0 0 0 0 0 0 0 0 0 0 0 0 0 0 0 0 0 0 0 0 0 0 0 0 0 0 0 0 0 0 0 0 0 0 0 0 0 0 0 0 0 0 0 0 0 0 0 0 0 0 0 0 0 0 0 0 0 0 0 0 0 0 0 0 0 0 0 0 0 0 0 0 20915856 0 0 0
ctxt 34421162
btime 1673080802
processes 27853
procs_running 2
procs_blocked 0
softirq 81612771 67354530 1414209 114756 2510572 53125 0 7697276 1754108 0 714195

cpu  670757 0 1004258 16668684 24700 0 423182 0 0 0
cpu0 3529 0 6891 4569198 8415 0 110912 0 0 0
cpu1 658590 0 982156 2947881 2588 0 104421 0 0 0
cpu2 4615 0 7730 4568100 5776 0 114461 0 0 0
cpu3 4022 0 7480 4583503 7919 0 93387 0 0 0
intr 491143288 0 0 83505 75 0 38865 2090813 0 0 0 222453 0 0 0 0 0 0 0 0 0 0 0 0 0 0 0 0 0 0 0 0 0 0 0 0 0 0 0 0 0 0 0 0 0 0 0 0 0 0 0 0 418715964 0 0 0 0 0 0 0 0 31423 0 53121 0 0 0 0 0 0 0 0 0 0 0 47664041 1 0 0 0 0 0 0 0 0 0 0 0 0 0 0 0 0 0 0 0 0 0 0 49053 4213 0 0 0 0 1273746 0 0 0 0 0 0 0 0 0 0 0 0 0 0 0 0 0 0 0 0 0 0 0 0 0 0 0 0 0 0 0 0 0 0 0 0 0 0 0 0 0 0 0 0 0 0 0 0 0 0 0 0 0 0 0 0 0 0 0 0 0 0 0 0 0 0 0 0 0 0 0 0 0 0 0 20916016 0 0 0
ctxt 34421287
btime 1673080802
processes 27853
procs_running 2
procs_blocked 0
softirq 81612860 67354530 1414226 114756 2510574 53125 0 7697306 1754130 0 714213
