Latency
556361
894917
1147061
1397465
1648788
1900781
2152683
2417545
2669169
2920623
3171895
3454990
3706381
3962784
4293069
4544624
4795930
5047345
5298948
5550432
5801683
6046151
6297699
6549143
6800387
7051918
7302987
7554383
7805908
8057218
8308680
8560244
8811480
9062985
9314660
9565847
9817254
10068781
10320107
10571690
10823183
11074574
11322959
429477
733602
1025300
1276150
1527272
1778471
2033869
2285168
2536434
2787599
3038842
3289827
3620397
3876386
4206612
4457842
4708762
4960075
5211364
5462392
5713641
488901
820134
1076421
1406253
1657358
1908615
2159670
2410929
2662061
2913108
3164318
3415514
3666801
3926152
4177317
4428456
4679555
4930822
5181971
5433069
5684195
483640
748947
1028737
1295281
1565196
1881481
2156722
2412958
2757078
3077897
3328908
3580128
3831487
4091362
4418866
4668560
4919879
5171206
5422194
5673496
483214
748338
999518
1250551
1536461
1788196
2039280
2290567
2541821
2792962
3044199
3295246
3546432
3797732
4048985
4369565
4620768
4871851
5123181
5380413
5631396
5882782
424492
734934
986232
1244220
1495370
1778529
2053641
2334747
2585995
2837083
3088646
3339518
3590699
3841906
4093100
4344304
4595472
4846668
5097970
5349000
5600291
5851308
424518
710092
1031070
1282307
1533510
1784597
2035781
2294162
2545651
2796813
3047756
3298895
3550114
3801240
4052427
4338231
4589257
4840632
5091874
5342883
5631344
5882584
429912
741998
993234
1244308
1495581
1746789
1997950
2249134
2500352
2757752
3008974
3262959
3538205
3788831
4052557
4335380
4586598
4837692
5089030
5340249
5591398
5842677
433959
701818
953026
1204380
1455446
1706730
1999647
2254510
2585836
2920831
3171960
3423095
3674412
3925431
4176671
4433469
4684445
4935757
5187001
5438059
5689329
429597
702812
986052
1334405
1586064
1837237
2088444
2339647
2590695
2841890
3093122
3344113
3595417
3846674
4097767
4348884
4600023
4851265
5102481
5353505
5604753
5855814
425175
740366
1028324
1279435
1530522
1786124
2116818
2368024
2624338
2875279
3135474
3386737
3678091
3929318
4180419
4472169
4723248
4974429
5225727
5476890
5727954
434628
748767
999947
1288007
1558010
1880415
2131522
2382738
2640219
2968652
3279706
3530994
3782175
4032963
4284148
4536134
4790922
5041982
5293093
5544525
5795566
570581
834619
1085628
1338058
1587970
1839042
2090355
2341432
2578743
2830185
3094596
3416158
3667584
3918434
4169948
4421565
4672768
4940347
5213299
5464735
5716127
518433
784099
1035286
1289758
1541040
1829901
2092981
2416044
2667111
2928722
3253325
3504475
3755824
4006820
4271894
4592953
4848290
5102836
5436389
5769404
431926
740137
1002395
1324678
1575949
1827114
2078125
2329460
2580614
2831794
3083183
3334275
3626397
3877645
4128648
4379992
4631130
4882327
5133663
5384704
5635671
5887041
426875
768353
1027288
1278502
1529557
1786810
2037935
2331566
2582275
2833472
3084775
3335862
3587028
3838385
4089461
4340644
4591852
4843049
5094322
5345518
5596576
5847797
440814
692985
944354
1204204
1455554
1706747
1961075
2212104
2463341
2714591
2965650
3216961
3468237
3719357
3999318
4250923
4502498
4753504
5004720
5256029
5507243
5758468
426528
741432
992502
1253051
1503798
1755100
2006160
2263250
2563704
2886273
3209503
3538270
3794785
4124216
4375468
4626570
4877756
5129057
5380068
5631301
5882347
433152
779010
1030082
1320410
1571612
1840173
2158320
2409588
2660655
2911818
3163161
3414232
3667999
4000371
4251610
4502875
4753930
5005955
5257271
5508936
5759468
426504
736633
999370
1294497
1545602
1796889
2048064
2299068
2550277
2801500
3052652
3303744
3555032
3806086
4057303
4308429
4559548
4810718
5062074
5313058
5564131
5869573
424555
783841
1035101
1286095
1537314
1788626
2039800
2291015
2542225
2793217
3044558
3295742
3546823
3797831
4049042
4333328
4584562
4835887
5087191
5339017
5597083
5848371
494490
760100
1011413
1262478
1513962
1778956
2074457
2325704
2577063
2828041
3079230
3330444
3581370
3832702
4083923
4335345
4586336
4837553
5088852
5339813
5591125
5842344
459598
761208
1058374
1309568
1560656
1816584
2067805
2363660
2614909
2865936
3117216
3368192
3619391
3870747
4102847
4354029
4605394
4856122
5107357
5358499
5609627
5860732
445434
698780
949975
1200801
1452136
1703478
1960598
2289465
2540695
2791814
3043091
3294110
3545389
3796722
4047762
4333984
4585801
4836910
5088788
5339791
5591018
5842262
424924
729227
980464
1240670
1492026
1743003
1994091
2245333
2496481
2747646
2998821
3249865
3501075
3755215
4087100
4338327
4590991
4840698
5091922
5342969
5594067
5845292
439459
755354
1006634
1257646
1508908
1760054
2011249
2279571
2589358
2840623
3091822
3380335
3631340
3882571
4133745
4384852
4636076
4887378
5138581
5389753
5640873
5892242
424543
734593
990413
1241491
1536576
1787953
2039091
2337342
2588644
2839742
3091007
3342192
3593315
3844616
4095915
4347104
4598395
4849346
5100737
5351623
5602907
5854238
433105
750093
1001307
1252238
1526615
1787730
2038961
2290140
2541376
2792597
3043725
3294825
3546104
3797273
4048440
4299729
4550767
4802021
5053427
5304844
5555918
5816544
431500
737483
988816
1249868
1500991
1752248
2012900
2338454
2589572
2840691
3103480
3354478
3620774
3923118
4174308
4426683
4676720
4927840
5179013
5430266
5683209
462627
738077
988832
1249789
1574865
1826132
2111164
2362303
2613420
2864740
3115830
3366841
3604367
3855593
4106682
4357879
4609052
4860453
5111704
5378847
5697324
437067
699198
950378
1202754
1536191
1787249
2038426
2289622
2540762
2792052
3043184
3294265
3545299
3796576
4047607
4298920
4550117
4801207
5052426
5303657
5554800
5806180
437391
748509
1030578
1328350
1579511
1830699
2082072
2333149
2584085
2835342
3086448
3337558
3588800
3840102
4091253
4342417
4593640
4852097
5103327
5357752
5608897
5860187
490928
793294
1073100
1324337
1575384
1826697
2077659
2328938
2580290
2831304
3082683
3333770
3584810
3836132
4087397
4338385
4589705
4850736
5102036
5352977
5603964
5855318
427194
739419
1003958
1255146
1531702
1864300
2123137
2461114
2785322
3036519
3298094
3622700
3873785
4125054
4376284
4627317
4878470
5129886
5380802
5632034
5883385
428525
746847
1031824
1287166
1619310
1874118
2126085
2377473
2632624
2999331
3250655
3501922
3752770
4004060
4255238
4506308
4757542
5008943
5268740
5594952
5846111
429941
720771
991047
1242181
1493212
1794492
2045725
2296646
2546239
2798677
3049960
3301124
3552194
3803371
4065281
4389278
4640457
4891695
5142772
5393834
5645134
5896290
435782
784948
1071684
1322887
1574138
1825185
2076143
2327385
2578562
2829859
3081278
3332080
3583290
3834532
4086047
4337206
4588441
4839716
5090868
5341983
5593251
5844227
439365
747107
998136
1301076
1574621
1825964
2076925
2328147
2579481
2830514
3081870
3333120
3584080
3835442
4086633
4337623
4588926
4840256
5091056
5342179
5593496
5844513
437815
693481
960106
1299300
1656747
1908044
2159336
2410371
2661564
2912847
3163933
3415204
3666495
3917532
4168472
4419784
4670785
4922061
5173322
5424301
5675584
428121
710976
962237
1213362
1474094
1799492
2050788
2328291
2579447
2829536
3081991
3332938
3584165
3835397
4086481
4337740
4589665
4840951
5092303
5343228
5594466
5845750
510156
824355
1075565
1326600
1577859
1837294
2163777
2415008
2666079
2917361
3184630
3453094
3704464
3959831
4211148
4475346
4797262
5048305
5299564
5550802
5801955
527532
792405
1043644
1294672
1545707
1825329
2077658
2329125
2581850
2878813
3129872
3381116
3632434
3883505
4134684
4385960
4636993
4888264
5139683
5390624
5641685
5892888
435008
750507
1039566
1290738
1541941
1798622
2049345
2300601
2551858
2802998
3054263
3305460
3556571
3807766
4065529
4316545
4589984
4841085
5092484
5343687
5594776
5845913
437877
695607
946871
1204175
1455422
1706539
1957854
2209962
2461086
2712268
2998659
3249948
3500844
3751997
4003183
4254301
4518074
4770228
5021186
5272410
5523744
5774876
441270
762147
1013212
1291838
1554873
1878078
2129301
2380586
2631308
2882592
3133887
3384945
3636224
3887347
4143813
4395176
4646264
4897434
5148690
5399758
5650973
428982
753038
1004479
1283275
1534209
1785571
2036452
2287620
2539044
2789984
3041221
3299275
3550495
3801613
4052877
4304099
4573934
4846750
5097949
5349076
5600055
5851218
444871
743371
1034407
1285621
1540592
1791879
2042898
2294293
2545407
2796482
3047822
3303008
3556430
3807685
4058954
4310089
4630190
4881407
5132751
5383780
5635019
5886253
439658
695758
946910
1214634
1533119
1784244
2040357
2291543
2542880
2793922
3045145
3296345
3547559
3835359
4086639
4337801
4588923
4880050
5131309
5382278
5633619
5884825
429547
751944
1003008
1255277
1532290
1827858
2079182
2339297
2664930
2916247
3167410
3418397
3669653
3920854
4172072
4423351
4674340
4925592
5176590
5427831
5679075
490403
800490
1132671
1383959
1635197
1885906
2137238
2388593
2703147
3012497
3264221
3514839
3766145
4017291
4268433
4519725
4787532
5105766
5367004
5691966
5942860
439369
689651
963857
1239789
1491134
1742272
1993378
2251421
2549987
2882715
3133835
3403834
3720021
3971154
4222411
4473637
4733349
5059348
5310615
5561788
5812996
513407
778788
1043812
1294480
1545672
1796992
2048089
2338492
2589831
2840944
3092325
3343396
3594404
3845688
4096708
4347982
4598917
4850239
5101601
5352581
5603808
5855158
430115
686500
989278
1288264
1539590
1790686
2057693
2376794
2627892
2879208
3130371
3381330
3632648
3883842
4134927
4386208
4637398
4888515
5139872
5390924
5642087
5891667
428294
715348
966492
1219961
1552775
1803925
2055035
2306092
2570158
2892143
3143412
3418948
3676666
4007877
4258850
4510242
4761485
5012501
5263744
5515039
5766117
429285
699268
950378
1201357
1452737
1705753
2038797
2289835
2541109
2792335
3054374
3395053
3646380
3897328
4186798
4519284
4770512
5021780
5272690
5524031
5775205
427676
700630
951717
1255611
1506788
1758012
2009294
2264121
2595372
2846483
3097783
3366361
3683828
3935098
4186188
4437227
4686770
4939503
5190822
5442033
5693087
427551
703915
954993
1206284
1457701
1708726
1959831
2211037
2462274
2713441
2964700
3215952
3473655
3724937
3976110
4227166
4478479
4729762
4980987
5257044
5508454
5759458
442895
703138
954441
1205497
1456711
1708147
1959077
2245890
2496951
2748056
2999169
3250448
3501660
3760294
4049838
4337615
4588872
4839923
5091145
5342421
5593471
5844770
427898
749121
1000165
1276648
1527646
1778770
2030015
2281238
2532288
2783623
3034889
3286257
3551399
3802675
4053909
4377183
4628120
4879391
5130802
5381662
5632892
5884123
497303
787402
1042057
1293110
1544266
1795703
2046630
2297802
2549119
2800251
3051542
3302713
3597826
3849310
4100507
4361427
4686386
4937813
5188757
5444291
5775003
483150
747869
1010637
1333946
1585058
1836365
2087657
2356318
2673717
2925188
3176107
3427132
3678232
3929383
4180654
4476832
4728033
4979254
5245396
5565471
5816580
443224
766118
1028542
1352204
1621227
1893272
2144375
2395622
2646617
2897702
3157850
3409049
3690045
3941287
4192241
4443601
4694695
4945642
5196994
5448168
5699180
430011
689924
958524
1209810
1461185
1712141
1963038
2214335
2465385
2716630
2968032
3218949
3470233
3721558
3972524
4223930
4475243
4726078
5005934
5257248
5508722
5759635
427455
780348
1031364
1282370
1612923
1864168
2115158
2366418
2617662
2868780
3120137
3371230
3622343
3873590
4124841
4379344
4630388
4881425
5132767
5383638
5634945
5886230
429584
751365
1041026
1361093
1612155
1878506
2198254
2449558
2700762
2951793
3211378
3537973
3789244
4040475
4291413
4554923
4877486
5128854
5379822
5648284
428405
773584
1024761
1286212
1610868
1862007
2113084
2364270
2615614
2866574
3117736
3368702
3625074
3954881
4205877
4457222
4708273
4972361
5294325
5545436
5796717
485458
750135
1031840
1283052
1534341
1791191
2040921
2365844
2631997
2883173
3134498
3385530
3636695
3888034
4139071
4390344
4641525
4892677
5143965
5399454
5730025
424081
736092
999882
1251662
1502475
1753891
2005094
2333750
2585090
2835862
3087070
3338252
3589358
3840577
4091858
4342981
4594133
4845422
5096582
5347427
5598711
5849857
503901
821275
1072584
1323573
1574850
1826172
2077115
2328392
2579645
2830721
3082097
3333270
3584364
3835579
4086786
4337678
4588934
4840290
5091343
5359921
5677401
432994
697094
965151
1216391
1467648
1718832
1980908
2304895
2556155
2807448
3058530
3309704
3560784
3811853
4063160
4314520
4565701
4816707
5068017
5319185
5570282
5851121
472786
785158
1036474
1287653
1538709
1789934
2041106
2292140
2543235
2794398
3045728
3333435
3584699
3835811
4086689
4338072
4589165
4840367
5114993
5437292
5688330
432619
750351
1001704
1254827
1505584
1763290
2028130
2304897
2556193
2807456
3058655
3309670
3560922
3812108
4063369
4314817
4565670
4816831
5068192
5351753
5608878
433980
691645
942871
1202894
1467184
1718132
1969158
2220350
2471738
2722818
2973905
3225193
3476331
3727591
3978892
4229867
4481069
4732015
4983360
5264496
5515603
5766820
433982
753958
1005060
1256579
1507264
1758621
2009896
2260868
2512166
2777298
3091164
3342392
3593662
3844412
4095688
4346896
4597972
4849220
5100513
5351531
5602881
5854014
426211
736262
987402
1239882
1513215
1783944
2121575
2371219
2622481
2873547
3124794
3376215
3627153
3878402
4129577
4380688
4635904
4966885
5218121
5469239
5720351
426146
692924
963631
1247867
1499064
1750290
2001119
2252118
2503496
2754753
3005982
3256988
3508275
3759538
4010729
4262030
4513554
4778697
5089275
5340351
5591583
5842458
425631
788336
1039079
1290291
1541560
1792807
2043821
2295088
2551722
2881314
3132613
3383572
3640264
3891508
4142545
4408574
4728378
4979607
5230955
5481929
5733218
431556
695990
951266
1202528
1455444
1707746
2026138
2278539
2528504
2779771
3030686
3282015
3533309
3784543
4035624
4286791
4537988
4789019
5040287
5291584
5542643
5793907
445574
763328
1029323
1349504
1618303
1878655
2129922
2381081
2632152
2883424
3134754
3386143
3637084
3888305
4139366
4390695
4641890
4892902
5144253
5395447
5646513
480351
774710
1083487
1334650
1585672
1837006
2088246
2339281
2590389
2847585
3176524
3427777
3678863
3930013
4181333
4432664
4683649
4934887
5186171
5437168
5688650
429115
749426
1070741
1322555
1584278
1908719
2159747
2412495
2665785
2998822
3249833
3500951
3752267
4005374
4338296
4589518
4840707
5092014
5342865
5593985
5845438
425911
777756
1028761
1279736
1530974
1782314
2033319
2284537
2550667
2801746
3053071
3304240
3555288
3806540
4057764
4308676
4564900
4894870
5146096
5397330
5648373
425899
700324
956537
1237177
1488298
1739541
1990571
2241778
2492954
2744240
2995483
3246494
3497675
3748870
3999998
4251201
4502411
4753539
5004852
5256061
5507125
5758451
427358
749394
1000749
1264107
1542331
1793442
2044641
2295897
2546782
2798061
3049252
3300400
3551493
3802707
4053792
4341661
4592834
4844032
5095284
5346317
5597617
5848807
433084
734668
1032049
1283358
1534441
1785694
2037074
2287911
2539136
2790277
3041492
3292729
3543887
3795107
4046278
4297445
4548672
4799949
5050920
5302196
5553287
5804388
436401
690976
963547
1214730
1465884
1717214
1968390
2219476
2470743
2721901
2973019
3224279
3480341
3810410
4098920
4350193
4601244
4852392
5103644
5354843
5605804
5857238
425656
753244
1034997
1286128
1537237
1789106
2040132
2291378
2585922
2868936
3120022
3374681
3706161
3957236
4213667
4543384
4794453
5045681
5296915
5548212
5799430
493407
758786
1042428
1293515
1544725
1801997
2130993
2382132
2633567
2884167
3135394
3386480
3637775
3889074
4140087
4391480
4642632
4894079
5144988
5396113
5647350
427554
739261
992990
1284954
1536134
1787063
2042492
2301712
2552893
2827687
3078980
3329935
3581210
3832435
4083622
4334895
4586003
4837327
5088446
5339530
5590891
5841775
482128
778389
1029568
1322223
1575913
1826963
2078230
2329540
2580591
2831816
3083142
3334052
3585379
3836684
4087725
4339028
4590228
4882117
5133349
5384607
5635631
5886882
427527
693433
960059
1211554
1462446
1721505
2004679
2255910
2507337
2758256
3009502
3260816
3512211
3763157
4014055
4265164
4516472
4767625
5018621
5270048
5521261
5772383
441587
736733
1056552
1333120
1584328
1835625
2088563
2421498
2672395
2923685
3174957
3425921
3677087
3928316
4179377
4430694
4681872
4932905
5184334
5435309
5686313
438299
700891
952161
1203427
1462330
1794635
2125118
2376462
2625992
2878630
3129963
3388828
3669918
3921121
4172358
4423692
4674676
4925821
5177203
5428265
5679495
427074
697982
949306
1200405
1451337
1709978
1961125
2212365
2463535
2714834
2965947
3217343
3468556
3719616
4003207
4254357
4505537
4756815
5007905
5258852
5510114
5761338
427115
692239
988297
1239474
1490660
1741947
1993154
2244303
2495422
2746592
2997928
3249010
3500254
3751553
4002613
4253834
4504927
4756011
5007195
5258413
5509572
5760858
428577
739154
996722
1247439
1534997
1825672
2076944
2327979
2579271
2830463
3081575
3332494
3583818
3868963
4120222
4371524
4622296
4873541
5125000
5375912
5627193
5878388
538456
803844
1086266
1336845
1587931
1839350
2090521
2347116
2676344
2934317
3262353
3520214
3848396
4099610
4350924
4602125
4853289
5104555
5355643
5606728
5872577
433896
749590
1045390
1296594
1547575
1798582
2049886
2301152
2552153
2837449
3088732
3339770
3591053
3842440
4093395
4344485
4595787
4846951
5098212
5349153
5600195
5851420
482478
856898
1119807
1372350
1622058
1873386
2124345
2375693
2626861
2877963
3129442
3380495
3631698
3882782
4134148
4385317
4636154
4887521
5138713
5389768
5640982
5892249
425738
784480
1035585
1290856
1542038
1793405
2044468
2295597
2546915
2798032
3049274
3300531
3551595
3802600
4053814
4340254
4591525
4842728
5093857
5345060
5596214
5847391
426002
747100
1033881
1323416
1612262
1864721
2115745
2367138
2618653
2869338
3120551
3371658
3622812
3873988
4125366
4376498
4627522
4878821
5130138
5381132
5632457
5883637
427036
703668
1027167
1278398
1529658
1780438
2031664
2283025
2534009
2785248
3036504
3287721
3538822
3790188
4041337
4292513
4543685
4794872
5045952
5297263
5548527
5799392
509302
774064
1080862
1361282
1624517
1947501
2198783
2450028
2701048
2952360
3203609
3454679
3706150
3957164
4208257
4459539
4710699
4961591
5212819
5464064
5715261
425557
705285
1000773
1251981
1503236
1754412
2006429
2257648
2508923
2760031
3011223
3262492
3513720
3764843
4015786
4267085
4518038
4769397
5020564
5271662
5523151
5774379
429351
802797
1058361
1388637
1639686
1918980
2170138
2421432
2672331
2923411
3174542
3425605
3676531
3927659
4178700
4429805
4680943
4964949
5215905
5467091
5718199
439376
708901
1038230
1289456
1550189
1801420
2052085
2303315
2554560
2870477
3131445
3456475
3707836
3959078
4210145
4470233
4796288
5047492
5298786
5549854
5801395
502702
768015
1031415
1295301
1586958
1838102
2095995
2347222
2598349
2849481
3100787
3351948
3602700
3854089
4105204
4356522
4607440
4858634
5109755
5360838
5612001
5863180
426303
698977
950076
1201280
1452624
1709955
2038648
2290435
2540991
2792262
3043446
3330852
3582615
3877135
4128445
4379381
4630511
4881800
5133078
5388152
5719105
433040
702232
964907
1288944
1540254
1791443
2042533
2293690
2544905
2796164
3047164
3298506
3549484
3800609
4051718
4303028
4554464
4805754
5056570
5307597
5558928
5810346
425317
776226
1027341
1278577
1529762
1780915
2032198
2283331
2534272
2787937
3039262
3290454
3548922
3834758
4086187
4337218
4588261
4857948
5174452
5425662
5676922
425743
705540
1001132
1252578
1505239
1756478
2007602
2258693
2509987
2761213
3012280
3263509
3514855
3766141
4017084
4268369
4519458
4770656
5021969
5272927
5524027
5775368
452216
773138
1024459
1275698
1532169
1783604
2048949
2299950
2557163
2885990
3138524
3391635
3731521
3984050
4235181
4467656
4718642
4968281
5221804
5472167
5723324
440210
692933
944271
1195424
1446961
1697750
1948882
2202328
2535030
2794852
3048217
3380985
3631935
3883292
4135872
4392514
4720468
4971618
5222925
5474004
5725164
426367
775419
1082581
1333838
1615846
1867154
2118409
2369430
2620817
2871745
3122801
3373976
3625279
3876486
4127656
4378870
4629881
4881185
5132520
5383646
5635131
5886264
426212
748524
1008067
1296714
1547872
1798972
2050101
2301133
2552423
2803713
3054881
3306091
3557265
3808403
4059547
4310847
4561940
4813344
5064489
5315470
5566764
5834391
502350
767209
1050755
1327553
1578684
1830147
2081394
2332693
2617702
2868837
3120048
3371251
3622423
3873647
4124848
4376018
4627094
4878181
5129421
5380524
5631770
5882877
429270
736845
1029829
1286536
1537565
1788848
2040112
2291265
2542612
2793749
3090564
3341818
3592982
3849890
4178967
4430140
4681228
4932456
5183659
5434752
5686057
476224
783532
1036683
1369552
1620757
1879703
2212200
2463532
2714461
2965401
3226112
3553586
3846121
4097370
4432301
4683383
4934447
5185679
5436808
5688125
426367
762644
1083054
1334118
1585382
1836594
2127818
2382949
2713861
2965101
3251836
3533187
3785273
4035484
4286708
4537873
4808082
5124020
5375211
5634068
5885381
441375
776426
1027853
1334765
1585940
1837184
2088248
2339601
2590774
2842023
3093150
3344283
3595572
3846758
4097923
4349124
4600240
4851475
5102541
5353568
5604748
5856005
425208
819539
1070727
1321958
1572932
1836818
2087855
2349168
2675449
2926540
3177760
3429047
3680326
3931729
4182654
4433474
4684730
4935872
5187035
5471574
5722671
426759
787748
1039151
1290100
1554783
1824630
2075896
2327731
2579011
2830337
3081433
3332293
3583545
3834747
4085853
4337116
4588363
4839464
5090792
5341861
5592981
5844312
433757
691147
995758
1246813
1498150
1749418
2000593
2251572
2512930
2764121
3015151
3301413
3621309
3872550
4123682
4374920
4627401
4891068
5212150
5463400
5714545
441271
756555
1017061
1267832
1519075
1771711
2022734
2260249
2529090
2883123
3134407
3385466
3636568
3887919
4138919
4390130
4641331
4892415
5143545
5394799
5650223
520090
819777
1071054
1322242
1573482
1824586
2075865
2327002
2578120
2829399
3080733
3331705
3597051
3848397
4099784
4350736
4602085
4852967
5104076
5355275
5606577
5857721
433031
692799
947309
1198589
1449750
1701014
1952095
2203202
2454551
2747929
2999061
3250345
3501505
3752392
4003590
4254700
4505989
4757214
5008272
5259441
5510753
5762068
475301
791276
1042608
1293592
1588072
1840836
2091821
2343165
2594389
2858444
3180244
3431325
3682625
3933806
4185073
4436140
4687350
4938685
5189755
5440955
5692170
425713
701842
953042
1204101
1455389
1716461
2041206
2292446
2590240
2841544
3092798
3353246
3684487
4013744
4265031
4516022
4767326
5018570
5269667
5520945
5770266
447028
818562
1070010
1325287
1656064
1907267
2158387
2409749
2664262
2995786
3247014
3498397
3749782
4000636
4251683
4503124
4753995
5004995
5256288
5507572
5758621
426532
693258
944624
1195456
1446748
1697845
1962416
2263318
2586064
2837209
3088363
3339540
3590699
3841878
4092917
4344172
4595224
4846543
5097744
5348995
5600054
5851347
423510
692941
954421
1205637
1456914
1707967
1959414
2210386
2461346
2787922
3039155
3290176
3541340
3792738
4043816
4294950
4546044
4797290
5048274
5299542
5550944
5801900
433522
799941
1070074
1321138
1572384
1823746
2074490
2325737
2577019
2828022
3079339
3330518
3581672
3832922
4084275
4335177
4586411
4837782
5088820
5340027
5591271
5842300
434434
772637
1023651
1274745
1525873
1779262
2075088
2326350
2578507
2828757
3080076
3331150
3594267
3917626
4168406
4419720
4675850
5005523
5256767
5507838
5759100
433255
783768
1035035
1288901
1621066
1872250
2123378
2379205
2743344
2994535
3245856
3496737
3748179
3999428
4250081
4501280
4752577
5014484
5265826
5517135
5768185
559633
823425
1078789
1329977
1581166
1832364
2083550
2365857
2617069
2868324
3119518
3370443
3621624
3872771
4124047
4375205
4626319
4877615
5128902
5380038
5631124
5882385
485881
751516
1002635
1281550
1532849
1783992
2035131
2286145
2537205
2794545
3045907
3296780
3548054
3799322
4094518
4345723
4620402
4884525
5206533
5457805
5708868
511178
776823
1028104
1278764
1546512
1797746
2048974
2299979
2551272
2802606
3053720
3343297
3599105
3929346
4180703
4431851
4682921
4934211
5185328
5436288
5687567
429872
747689
1036219
1362841
1612518
1871555
2122887
2374730
2625694
2876891
3170412
3421641
3672973
3958197
4209457
4460637
4712581
4962879
5213998
5465154
5716467
424730
695404
946657
1197775
1459650
1740400
1991466
2242734
2493834
2752493
3080090
3331141
3582135
3833268
4091649
4419435
4670680
4921878
5182472
5507931
5759158
432193
692052
945775
1204746
1455821
1707469
1958677
2210016
2460987
2711944
2963200
3214281
3465556
3716955
3968011
4219069
4470437
4721619
4972738
5223983
5507220
5758370
447881
774517
1072789
1323970
1575240
1825961
2077232
2328599
2623156
2874341
3125628
3376744
3627837
3879063
4130366
4381524
4632710
4883937
5135123
5386199
5637284
5888582
435610
786077
1037034
1288117
1539378
1790576
2041793
2292880
2544188
2829706
3081069
3332240
3583359
3834542
4085807
4336989
4588237
4839120
5090460
5341471
5592647
5843878
425939
750027
1001076
1252824
1537683
1823657
2074889
2328630
2661548
2912702
3163825
3415091
3666346
3917120
4168381
4419578
4670690
4922017
5173102
5424311
5675500
510685
778671
1030074
1281348
1532305
1783557
2034747
2285820
2537070
2788291
3039455
3290681
3541914
3793014
4044230
4295540
4546660
4806904
5058150
5309338
5560424
5811760
434568
749881
1001214
1252379
1538601
1790221
2040705
2368352
2619746
2870763
3121975
3380333
3631418
3882726
4133913
4385033
4636340
4887550
5138698
5390030
5641190
5892215
509870
774470
1042055
1293145
1556290
1863303
2114487
2365757
2617056
2868156
3119463
3370595
3621628
3872968
4124155
4375193
4626516
4877808
5128936
5379820
5631037
5882185
433553
706241
988193
1239501
1490630
1741836
1993057
2244176
2495360
2746719
2997691
3248878
3500205
3751413
4002577
4253494
4538333
4789461
5093689
5344854
5596039
5847270
446084
717465
968539
1229139
1551525
1854178
2105328
2356367
2607640
2880475
3131707
3369019
3620275
3871474
4122560
4373580
4624858
4876198
5127102
5378347
5629500
5880615
440475
692615
985080
1236401
1490321
1743692
2076131
2327062
2578207
2829640
3080703
3331814
3583063
3834247
4085336
4336674
4587847
4842646
5094008
5344921
5596174
5853225
425984
736390
1023309
1274529
1525551
1776711
2045811
2301614
2631888
2883028
3134317
3385456
3636653
3887931
4139046
4390230
4679221
4930217
5181534
5432522
5715044
424951
782707
1033917
1285168
1536324
1787387
2038589
2289850
2540955
2792245
3043547
3294541
3545779
3796968
4098694
4357684
4684746
4936052
5187053
5438238
5689477
426061
735774
986884
1238119
1489444
1740730
1991749
2242933
2494261
2745325
2996594
3247807
3498866
3749978
4001125
4252218
4503425
4754692
5005805
5256976
5550836
5802209
427604
706491
987401
1254327
1573394
1824676
2075834
2326743
2595494
2915930
3177552
3428754
3680065
3931033
4182282
4433451
4684635
4968600
5219864
5471018
5722043
565857
831427
1082604
1333814
1584985
1836023
2086994
2338286
2589669
2840851
3092058
3343112
3594195
3845519
4096728
4358597
4683505
4934768
5185812
5437033
5691131
441372
700412
951641
1202741
1468508
1791381
2042515
2293664
2544975
2798805
3086075
3337121
3590348
3923408
4174477
4430725
4760307
5011584
5262720
5513854
5765139
509366
819723
1070950
1360260
1621097
1872357
2123340
2374627
2625980
2877043
3128317
3379492
3630517
3881878
4132984
4384033
4635202
4886507
5137638
5388883
5640071
5891344
436478
777866
1029197
1280075
1533599
1784853
2036050
2298117
2549382
2800180
3051495
3302714
3553788
3805000
4056257
4307302
4626301
4877543
5128678
5379798
5631080
5882211
425849
815928
1067150
1319581
1569450
1820765
2071662
2322636
2574002
2825249
3076345
3327532
3578818
3930142
4181246
4455835
4706770
4958041
5217858
5544271
5795478
425673
791637
1042696
1293872
1544934
1796239
2047423
2298461
2549787
2801114
3052177
3339951
3591015
3842293
4093521
4344588
4602592
4930441
5181792
5432945
5684127
439421
715712
966851
1239507
1556104
1793618
2044727
2298070
2547800
2798851
3050109
3301327
3552573
3803691
4054914
4306231
4557467
4808532
5059481
5310550
5561709
5825077
437583
788255
1039605
1288423
1539541
1790794
2041867
2292914
2544321
2795517
3046801
3297730
3548945
3800355
4051362
4302587
4553776
4804916
5056330
5307360
5558550
5841807
424817
692657
943941
1195201
1446428
1709523
1960465
2211782
2462871
2713847
2965122
3216386
3467480
3718832
3970083
4221063
4504038
4755331
5006540
5257633
5508859
5760241
498985
784085
1035382
1322035
1573256
1863585
2128390
2379599
2630640
2882340
3133655
3384434
3635509
3886801
4137946
4389124
4640440
4891658
5142730
5393712
5644918
5896054
437938
710254
994493
1245569
1496783
1748127
2005552
2344493
2669084
2920195
3171410
3422700
3673700
3925137
4176258
4427244
4686160
4937506
5188648
5439671
5690754
477835
754002
1036190
1295345
1622298
1873568
2124814
2376188
2694722
2946026
3197184
3448325
3699461
3950426
4201706
4453061
4704067
4955324
5206548
5457642
5708877
434432
737097
1000738
1279295
1573368
1825714
2076960
2328024
2578853
2830042
3081316
3332481
3583478
3834788
4085927
4336974
4588202
4882429
5213454
5464627
5715848
426380
703150
954371
1205505
1456896
1707705
1958900
2210147
2461276
2712585
2963703
3214790
3466091
3717432
4013955
4265250
4516448
4767567
5018799
5270012
5521112
5772223
453233
780375
1031692
1282887
1533890
1785294
2036387
2287498
2538814
2789991
3041215
3292548
3543882
3794709
4045915
4297078
4548176
4837613
5089005
5340154
5591209
5847946
425240
746701
997997
1276035
1539614
1790916
2083888
2335047
2586195
2837459
3088634
3339807
3591095
3841928
4093053
4344330
4595485
4846813
5098023
5349094
5600306
5862395
484758
775927
1037176
1323441
1656796
1907853
2159075
2410331
2663455
3006160
3331174
3582102
3833137
4084344
4335608
4614912
4866179
5120141
5452162
5703158
422313
717071
1038765
1289926
1541149
1792367
2043275
2294402
2545511
2796833
3078443
3330720
3581766
3833029
4084248
4335313
4586573
4891701
5142911
5393975
5645272
5896038
500460
765024
1016079
1277621
1585609
1836772
2204057
2455474
2706210
2957451
3208744
3459737
3711100
3962384
4213311
4464593
4715787
4966934
5217903
5469114
5720402
5971532
434885
702133
987878
1252181
1574012
1825163
2076380
2327561
2578787
2830058
3081282
3332274
3583623
3834744
4085573
4336901
4588032
4839199
5090484
5341685
5592713
5844024
427045
745671
1001399
1265037
1516125
1767355
2018621
2269310
2520486
2771759
3036298
3357768
3608805
3860069
4138545
4389715
4648908
4975751
5226722
5478014
5729318
473983
748515
1040492
1291540
1542693
1794009
2045062
2295959
2596165
2869097
3198334
3449500
3700557
3951916
4203127
4454151
4705361
4956709
5207961
5459092
5710545
5961541
425601
749151
1000669
1254715
1506020
1757151
2041675
2292578
2543895
2841893
3093076
3344213
3606101
3930235
4181528
4432853
4683821
4935095
5186430
5437190
5686820
432137
747391
998366
1249548
1500564
1751895
2039395
2378880
2705577
2958323
3209577
3460754
3711842
3963086
4214427
4465338
4716514
4967892
5218708
5470017
5721425
425344
747833
999658
1291306
1542096
1803958
2115725
2366960
2618118
2869338
3120584
3371606
3622504
3873868
4124934
4376126
4627324
4878488
5129934
5380974
5632072
5883248
424671
701025
954929
1287137
1602210
1865348
2188392
2439724
2690660
2941791
3193102
3444282
3695424
3946674
4197851
4449314
4700219
4951532
5202707
5453808
5704969
427619
783965
1035214
1291328
1542113
1793515
2044782
2295792
2547049
2813429
3135352
3386332
3637589
3888895
4140323
4459627
4710658
4961904
5212897
5464170
5715289
439461
698625
953657
1204397
1455872
1706948
1957926
2209235
2460524
2711552
2962847
3249750
3582579
3872496
4123697
4374970
4637973
4960807
5211983
5474457
5798031
572144
835966
1087415
1339035
1590018
1841319
2092007
2343223
2594423
2845598
3096897
3348030
3599098
3850310
4101350
4352573
4603808
4854930
5106208
5357445
5608497
5859702
491917
796965
1048256
1321336
1572435
1823771
2074987
2326267
2589224
2840483
3093583
3344725
3596022
3847233
4098373
4349666
4630331
4881332
5132738
5383927
5635301
5886325
485574
751182
1026390
1277405
1539672
1789189
2041838
2292979
2544182
2795451
3046666
3297697
3549020
3800105
4051345
4341750
4592900
4844200
5095418
5346425
5597609
5848793
425894
736646
1026241
1277521
1528654
1779852
2034585
2285716
2557518
2836753
3089712
3340877
3591912
3872432
4123742
4374834
4626105
4877121
5128547
5379484
5630461
5881711
433507
693565
957062
1286534
1537531
1788733
2039902
2304185
2625791
2876987
3128294
3379455
3630497
3881508
4132638
4383667
4633288
4886201
5137301
5388578
5639544
5890665
426148
700132
951389
1202501
1453703
1704925
1961946
2213093
2493803
2745045
3009768
3331056
3596565
3847761
4098790
4349987
4601252
4852124
5103418
5354365
5605581
5856820
428056
699925
984653
1235282
1532527
1783911
2035161
2285792
2537068
2788325
3039524
3290628
3541953
3793370
4044178
4295495
4546775
4797823
5049047
5300287
5551375
5802711
432483
750302
1035945
1321978
1573068
1824325
2075564
2326726
2590958
2912864
3164500
3415565
3667021
3918252
4169569
4420580
4671695
4936287
5189837
5440867
5692045
426190
693568
945101
1205923
1466882
1747575
2006064
2257205
2508470
2759486
3010675
3261923
3513045
3764367
4015189
4270644
4601308
4852295
5103908
5354627
5605790
5857026
505511
770732
1021895
1272965
1524215
1792445
2043766
2306687
2629794
2924329
3175950
3426800
3677787
3928965
4180220
4431557
4682584
4933802
5185132
5436109
5687333
427101
736190
1028386
1292892
1544020
1794848
2089237
2340542
2591450
2854174
3177577
3428629
3679934
3931241
4182304
4433590
4684750
4935807
5187230
5438332
5689392
435178
699573
950725
1236925
1488310
1739197
1990300
2241470
2492624
2743807
2995162
3246364
3497415
3748734
3999870
4251002
4502240
4753634
5004704
5255769
5506891
5757927
429828
738958
1032776
1283874
1540645
1791927
2043037
2294138
2545650
2797040
3048188
3299661
3550296
3801610
4052771
4303587
4554798
4808494
5059650
5310719
5562030
5830445
430911
692131
943164
1199858
1487982
1739312
1990298
2241555
2492770
2743989
2995160
3255703
3587090
3837977
4089229
4340512
4591632
4842812
5094098
5345100
5596399
5894448
472315
794751
1076094
1326923
1578807
1830139
2080571
2331949
2583124
2833850
3085157
3336321
3589402
3933114
4257350
4508438
4759725
5014791
5345852
5597128
5848442
441034
786830
1038210
1289097
1540338
1791670
2042467
2293701
2544976
2796111
3056806
3307959
3559168
3810294
4061501
4312668
4563829
4815178
5066274
5317351
5568723
5855349
425798
737802
1000342
1251827
1513868
1838450
2130712
2410634
2661881
2913135
3164292
3415402
3666659
3917860
4169122
4420356
4671392
4922386
5173536
5424687
5675899
425388
834396
1085488
1336709
1587928
1839089
2090293
2341579
2592539
2843883
3095620
3346209
3597417
3848708
4099612
4350778
4602081
4853189
5104496
5355750
5607242
5857987
427302
700969
953808
1204986
1456055
1707368
1962984
2293321
2544462
2795590
3046748
3297878
3548856
3800102
4084210
4335240
4586441
4837757
5088951
5339952
5591106
5842340
503475
797805
1086489
1337613
1588794
1839955
2091069
2342232
2593338
2844495
3095765
3346544
3597671
3848907
4099908
4351093
4588525
4839678
5090930
5342077
5633621
5885068
433035
735497
1040558
1335522
1599024
1921604
2172855
2423906
2675104
2951847
3202975
3454208
3705334
3956542
4225812
4544434
4794205
5045078
5296093
5553185
5882139
508979
857542
1108890
1359843
1611090
1862394
2113499
2364704
2615966
2867029
3118335
3369521
3620684
3879762
4206779
4457740
4708944
4960138
5211654
5462880
5713768
421777
819219
1117143
1445450
1696582
1947611
2198913
2450281
2701200
2952547
3203777
3454454
3705771
3957030
4208310
4459430
4710594
4961782
5212888
5464229
5715393
