Latency
509806
806008
1057360
1309318
1561213
1811908
2063100
2329064
2580425
2831956
3083392
3334726
3586233
3837689
4120028
4371440
4622801
4874169
5125634
5376932
5630887
5899159
6143494
6394829
6646112
6937191
7188767
7440280
7691683
7943183
8194588
8446421
8697437
8948873
9200420
9451592
9703140
9954662
10205964
10457448
10708932
10960248
11211782
433207
739197
1000625
1252013
1503010
1754348
2005472
2256564
2507796
2759087
3010017
3267198
3596304
3847552
4098761
4349872
4626767
4877751
5128805
5380029
5631318
5882356
483078
817667
1069319
1319920
1571164
1822508
2073742
2324850
2576030
2827281
3078426
3329534
3580840
3832007
4083168
4334357
4585860
4837065
5088420
5379107
5630343
5881685
423664
739937
1001280
1275282
1583992
1875736
2126960
2378245
2629289
2880583
3131928
3382993
3634123
3885417
4136612
4387646
4638958
4890312
5141374
5392542
5643874
5895178
425831
689630
940989
1192188
1452628
1703918
1955256
2212805
2512435
2841177
3092499
3343730
3594792
3846051
4097296
4348317
4599620
4850877
5102142
5353158
5604453
5855870
488292
788598
1108550
1359765
1690979
1942231
2193324
2444622
2695742
2946782
3198107
3466645
3784332
4035498
4609973
4872695
5124060
5375137
5626224
5877435
448652
704212
955448
1206615
1457861
1709150
1960131
2211346
2462609
2713641
2964921
3216187
3469291
3720614
3971682
4222801
4474029
4725274
4976462
5227605
5478857
5730267
424402
690218
941611
1192621
1443807
1695082
1946261
2197406
2448782
2699783
2950968
3202345
3453355
3704552
3955840
4206914
4458203
4709438
4960597
5211745
5462959
5714062
428174
746237
997324
1248471
1536311
1787600
2038923
2289942
2541191
2835063
3086427
3337408
3588597
3839876
4091007
4342214
4633903
4876280
5211158
5462408
5713517
430693
689785
941132
1192272
1443248
1694552
1945462
2196567
2447771
2709701
2960831
3212150
3463250
3714519
4008516
4259442
4510688
4792575
5043586
5294854
5546107
5797312
424901
779378
1030375
1280949
1532310
1792212
2074146
2326664
2617251
2868392
3123375
3454641
3705827
3957020
4208079
4459396
4710495
4961662
5213021
5464470
5715200
424161
741062
992476
1276620
1573560
1824754
2075889
2327080
2578216
2829450
3080745
3331763
3583008
3834250
4085325
4336672
4587864
4838968
5090252
5341450
5592447
5843780
425284
698311
949528
1200550
1492407
1743824
1994857
2246243
2497437
2748290
2999594
3285374
3536532
3787859
4038976
4290078
4541341
4792557
5043622
5294886
5546091
5797320
440649
769551
1029994
1281180
1532361
1791462
2087752
2348740
2599976
2851090
3102375
3353580
3604648
3855885
4107154
4358212
4609472
4860754
5111834
5363033
5614364
5865399
508808
774395
1025565
1276764
1531320
1783995
2033595
2284846
2609294
2860352
3111703
3362860
3614007
3865415
4116667
4371210
4702638
4953727
5205708
5456212
5707242
486791
788244
1039578
1290686
1541797
1793102
2044275
2295497
2546705
2797891
3049118
3300662
3551927
3802549
4053814
4305021
4556094
4807462
5058681
5346753
5597837
5848960
424109
706656
957798
1209090
1472306
1795232
2046371
2297552
2584541
2835684
3086986
3338133
3589218
3840572
4091718
4342987
4594136
4845347
5096611
5347644
5598901
5850174
428330
686006
937105
1191314
1454632
1705951
1956898
2208235
2503074
2827710
3078850
3329982
3581232
3832351
4094877
4346248
4597516
4848529
5099855
5351027
5602081
5853361
431192
735227
986539
1237759
1488809
1746275
1996933
2266340
2583092
2834215
3085514
3336649
3587766
3839107
4090333
4389136
4640470
4891762
5142773
5394025
5645332
5896328
427824
746001
1030823
1360730
1611861
1863083
2113760
2365040
2616091
2867393
3118781
3369714
3620886
3872193
4123289
4374602
4625765
4876834
5128151
5379311
5630393
5881650
431079
699413
950540
1235182
1487321
1738613
1990436
2241588
2492817
2744027
2995035
3246331
3514478
3859278
4182253
4433468
4684776
4938559
5270521
5521785
5772921
428811
742140
993481
1321956
1612153
1862350
2113644
2364844
2624048
2950474
3201742
3453019
3704264
3955408
4206567
4457844
4708999
4960165
5211488
5470664
5797547
430614
748494
1069343
1337901
1656237
1907500
2158585
2409698
2660964
2912282
3163230
3424149
3675789
3926621
4177778
4428973
4680171
4931264
5182480
5433693
5684828
424070
735570
998588
1251380
1502605
1753701
2004926
2256217
2507249
2758528
3009837
3299012
3550215
3801414
4052685
4303768
4554974
4806294
5057470
5308579
5559781
5818785
562024
825964
1077259
1328232
1579487
1829635
2081854
2333199
2584382
2835402
3085211
3337936
3588966
3840006
4091214
4428481
4761110
5012433
5290492
5541769
5793010
534164
799420
1127612
1452568
1703797
1955076
2206151
2457501
2708679
2959862
3211007
3462234
3713470
3964524
4215854
4467089
4718164
4969431
5220650
5471775
5723029
439767
740158
1028308
1279499
1530712
1781797
2033069
2322715
2576566
2827874
3078988
3330231
3585436
3836718
4087956
4339360
4590639
4841428
5092664
5343862
5595104
5846250
444778
774495
1115536
1378806
1630146
1881198
2132393
2383669
2634721
2886030
3137351
3388313
3639558
3890860
4141961
4393149
4644452
4895623
5146809
5398002
5649245
5900263
424800
745311
996649
1287124
1538087
1789338
2040573
2291604
2542992
2794310
3077959
3329164
3580231
3831512
4082797
4333907
4585145
4836321
5087492
5338616
5589874
5841086
437440
778242
1039427
1290622
1542342
1793463
2044714
2295974
2547096
2807552
3135004
3386059
3637292
3888508
4139681
4390922
4642188
4893214
5144440
5395639
5646966
459948
727122
978297
1229594
1485612
1815604
2066665
2348967
2600124
2851238
3102420
3400267
3651278
3902544
4153662
4404758
4655992
4907144
5158286
5409421
5660672
5911761
428582
744205
999735
1254522
1586150
1866729
2169605
2420874
2672054
2923158
3174609
3425797
3676752
3927971
4179066
4430398
4681628
4932676
5183900
5435083
5686408
5937472
429491
787631
1038781
1289890
1541095
1794809
2045894
2296969
2548269
2799320
3127007
3378158
3629410
3880560
4131431
4382596
4633567
4884859
5136164
5387119
5638338
5889583
576232
840057
1091192
1342351
1593700
1847934
2179739
2451318
2702407
2953635
3204908
3455995
3707152
3958439
4209560
4460829
4712014
4962946
5214190
5465426
5716750
477950
743425
1038334
1289482
1540644
1791870
2043147
2294239
2562394
2887277
3138097
3421588
3754788
4015939
4267076
4518260
4769508
5020731
5271770
5523101
5774317
429604
777794
1077371
1328436
1579627
1830952
2082039
2333202
2584511
2835318
3086588
3337822
3589038
3840066
4091311
4342608
4593685
4844949
5096249
5347148
5598454
5849741
428374
752564
1003799
1294644
1545815
1797000
2047969
2299087
2550277
2801556
3052732
3303890
3555110
3806435
4057454
4308771
4559958
4811048
5062376
5313724
5564946
5857211
429326
793635
1044542
1295601
1550521
1801737
2094038
2345363
2596482
2847623
3098979
3349950
3601208
3870616
4187476
4438700
4689685
4940599
5191890
5442858
5694140
474463
789209
1040390
1291620
1542728
1832502
2083731
2335028
2586232
2837332
3088654
3339798
3590974
3842232
4093182
4344226
4595526
4846785
5098154
5379005
5645380
428965
705952
957130
1240125
1491292
1742597
1993577
2244836
2533791
2784980
3036142
3286983
3538276
3789515
4040735
4291744
4543075
4794365
5045417
5296558
5547850
5798998
435922
746006
1006868
1282820
1533982
1785065
2036022
2287247
2538252
2798151
3127113
3377960
3629065
3880302
4131588
4382584
4637204
4946609
5213827
5532650
5783783
446633
776722
1034523
1285444
1545352
1796549
2066165
2382816
2633763
2885038
3167506
3419898
3671237
3942812
4257258
4523497
4843474
5094844
5345737
5597005
5851092
471858
782373
1069107
1320082
1571408
1822550
2073485
2324767
2575962
2827008
3151109
3409086
3660277
3895329
4146557
4397641
4648900
4900022
5151267
5402399
5653661
5904658
503686
768731
1019715
1347003
1598411
1849544
2100716
2351942
2603099
2854282
3105540
3356691
3607661
3858787
4109943
4361219
4612397
4863544
5114937
5365878
5617114
5868412
439235
696805
949713
1201136
1452550
1703580
1958446
2209597
2460698
2711621
2962833
3214035
3465300
3716578
3967531
4218761
4470033
4721230
4972387
5223578
5474921
5726026
434060
699464
950514
1201736
1452961
1703730
1954897
2206204
2462878
2714082
2965245
3216281
3467550
3718783
3969779
4221047
4472126
4756306
5018901
5345245
5676862
428604
705493
956785
1207956
1459034
1710307
1961471
2218029
2549721
2801041
3052153
3303197
3554465
3805543
4056700
4307717
4558862
4810075
5061292
5312232
5563466
5849900
436940
754642
1036486
1286063
1538901
1790289
2041484
2292838
2559030
2878598
3136361
3387410
3638498
3889549
4140750
4391936
4643214
4894270
5160511
5480428
5731782
441288
742427
1001860
1272449
1523512
1774742
2025988
2277089
2528279
2779273
3030430
3333029
3584274
3835458
4086561
4337934
4588856
4840157
5091427
5342418
5593742
5845052
428728
708033
959266
1210524
1490932
1742238
1994398
2245915
2496904
2747998
3007938
3259039
3510342
3761466
4012641
4263895
4515076
4766421
5017451
5268670
5519892
5770912
429117
753781
1005035
1256154
1507293
1758545
2009798
2260798
2512224
2763347
3014398
3265650
3516915
3768074
4019262
4270540
4521742
4772769
5023758
5274974
5526151
5777425
428730
699275
963591
1285289
1536486
1787510
2038769
2289921
2540929
2795949
3047151
3298449
3551649
3802708
4053868
4304956
4556174
4812587
5063801
5314815
5566081
5829015
496727
761858
1013203
1264150
1516558
1766622
2048653
2332317
2583518
2836443
3169319
3429521
3755394
4019565
4341401
4593753
4844972
5096253
5347233
5598436
5849670
572110
836075
1087445
1338297
1589656
1840974
2092035
2342968
2594360
2845197
3096503
3347717
3598963
3850090
4101334
4352581
4603574
4854911
5106150
5357187
5608445
5859747
439586
750210
1001452
1252338
1539894
1793926
2045240
2296311
2547485
2831127
3082470
3378355
3629412
3880743
4131941
4383045
4634383
4885645
5137066
5387644
5638844
5890090
427828
751008
1002372
1253582
1504560
1769210
2020481
2271503
2546215
2797437
3066520
3383548
3634712
3959356
4210420
4461435
4713074
4963648
5214924
5466218
5721526
428312
776863
1038860
1326137
1577358
1864752
2115995
2373236
2701988
2953328
3204525
3462952
3790345
4041568
4292843
4553662
4878962
5129990
5381330
5632634
5883643
427856
738628
995960
1247115
1506205
1833188
2084479
2335901
2586407
2890013
3234241
3584415
3835756
4089500
4421908
4673051
4924113
5175440
5426685
5677746
428142
695295
946514
1222917
1474061
1724996
1976074
2227281
2478665
2729533
2980628
3231808
3483073
3734189
3985237
4236527
4487715
4738793
5007554
5324761
5575999
5858734
433731
765018
1087910
1338964
1590136
1845160
2176365
2427626
2678634
2930044
3181164
3432283
3683573
3934654
4185843
4437217
4688148
4939150
5190552
5441632
5692943
427065
702313
953371
1204709
1455992
1707070
1958203
2209391
2460574
2711911
2963111
3214180
3465408
3724067
3974853
4226194
4517992
4769101
5020164
5271497
5522318
5774330
495161
760324
1011251
1280101
1542657
1793816
2045031
2297148
2547476
2798579
3049923
3372998
3627134
3959166
4210444
4461692
4712757
4970651
5298540
5549889
5801176
489888
865824
1128961
1379960
1641121
1965758
2217166
2468465
2719365
2973937
3305530
3556850
3808111
4059092
4310388
4561623
4812638
5081140
5401951
5733794
482405
747505
998403
1286329
1537441
1788780
2045948
2297082
2548424
2799660
3050810
3301914
3553141
3804436
4055545
4306661
4557932
4809220
5060074
5311237
5562735
5819063
426211
705714
956743
1238154
1489234
1740520
1991706
2242736
2528605
2779595
3030844
3282065
3533367
3784561
4035727
4286628
4537822
4789028
5040257
5291443
5542608
5793904
428866
741898
993214
1376325
1706912
1958247
2209602
2460741
2711861
2963054
3213902
3465238
3716401
3967557
4218795
4470458
4721098
4972313
5223644
5474667
5725913
428356
708648
959929
1210949
1462210
1713455
1964493
2215305
2467347
2717688
2968730
3219865
3471146
3722315
3973298
4224542
4475611
4726728
5026342
5351854
5602748
5853867
436817
740921
992258
1289078
1553248
1804546
2055582
2306768
2558087
2809170
3060410
3311453
3562530
3813741
4064964
4316101
4567195
4818531
5069317
5320446
5593530
438638
749305
1072171
1323112
1613227
1866032
2117038
2368193
2619425
2870476
3121757
3372914
3623995
3875297
4126377
4377425
4628708
4879939
5131022
5381868
5633070
5884106
426612
735972
1001771
1286679
1538077
1789387
2040632
2292618
2543913
2795014
3046336
3297482
3548294
3803967
4055194
4306239
4557450
4808828
5095088
5380960
5632157
5883205
435138
780272
1031567
1282591
1574485
1825852
2077926
2374632
2625608
2876964
3128315
3379158
3630370
3881522
4132752
4383994
4635083
4886312
5137706
5388777
5639827
5891128
503905
768968
1033514
1284602
1614012
1865264
2119725
2372061
2625539
2957951
3209060
3460333
3711524
3962534
4213753
4464930
4716027
4968481
5272709
5523857
5774990
477096
747802
1030885
1282053
1533281
1784522
2035562
2286781
2538126
2789076
3040302
3291382
3542728
3793905
4044937
4296273
4547544
4808345
5133340
5384450
5635824
5886922
433096
744401
1039467
1370680
1622246
1873194
2124453
2388743
2719677
2970821
3221948
3534621
3849706
4100848
4352164
4603232
4856747
5189392
5440591
5691770
432047
783827
1035005
1286760
1539223
1790295
2041581
2292919
2543889
2794932
3097066
3348263
3599450
3850544
4101722
4353030
4604170
4855340
5106671
5357877
5608921
5860182
481056
750889
1059511
1380300
1631352
1882247
2133591
2384736
2635947
2887182
3138264
3389399
3667841
3919470
4170781
4422217
4716833
4967867
5219103
5470338
5721407
426634
703385
954551
1205837
1457160
1708492
1959302
2210368
2461687
2712978
2970774
3221899
3473018
3765378
4016650
4268156
4518876
4770181
5021038
5272139
5523479
5774674
432707
746836
1032448
1283541
1596378
1846921
2173357
2424635
2675726
2926960
3181569
3513100
3764341
4015084
4266369
4517762
4769016
5019872
5271137
5522240
5773562
435710
747581
1028756
1294902
1545977
1797215
2048464
2299635
2550765
2840634
3091942
3343670
3594167
3845541
4134282
4385671
4636592
4887960
5139231
5390209
5641485
5892770
426541
702643
996621
1247822
1499083
1750286
2001381
2252597
2535334
2793992
3045222
3296369
3547652
3798920
4050201
4301164
4552545
4803685
5054670
5305965
5557322
5808357
496923
762657
1013654
1264663
1515819
1766977
2018351
2269459
2520555
2794409
3045590
3296769
3547951
3836131
4087361
4338465
4589748
4840988
5092332
5343192
5594304
5845585
476682
745844
1027496
1278498
1542537
1824680
2075898
2327036
2578348
2829531
3080653
3331881
3583061
3834234
4085523
4336398
4587638
4838769
5090019
5341253
5595267
5846540
445408
745731
1075757
1369081
1750778
2000068
2328518
2579700
2830875
3082204
3333384
3584170
3835454
4086592
4337739
4589062
4840319
5091407
5342638
5593823
5851123
451092
704031
955278
1220370
1541317
1801642
2082970
2334118
2585252
2836487
3087702
3338676
3589610
3840809
4091840
4343092
4594256
4845360
5096662
5347737
5598952
5851524
446009
700463
951637
1205553
1500149
1777957
2029091
2279990
2531317
2782770
3034015
3285401
3536767
3788312
4039523
4290905
4542365
4793638
5045008
5296421
5547744
5799210
425243
792551
1114816
1418162
1669037
1920306
2171639
2422710
2673843
2925168
3176167
3427417
3678739
3929817
4181041
4432341
4683060
4934329
5185700
5436686
5687906
431545
742210
1001682
1256974
1579372
1830590
2081575
2332786
2584064
2835184
3086358
3337637
3588754
3839834
4091051
4342149
4593539
4844975
5095723
5346934
5598207
5849417
425442
699627
950825
1201981
1453160
1704423
1955628
2206796
2458068
2709214
3000394
3290934
3623563
3874652
4125855
4377066
4634197
4963273
5214232
5465468
5716794
433002
743155
1024124
1275249
1526489
1777322
2089284
2340409
2602245
2926438
3177519
3428612
3679904
3931006
4182155
4433549
4684432
4935581
5196232
5524218
5775435
435490
693066
962842
1214144
1528755
1779977
2031186
2282291
2533530
2784781
3035910
3287055
3538337
3789495
4040714
4291979
4543054
4794278
5045236
5296272
5547581
5800461
485534
747510
998696
1249791
1501242
1752360
2003388
2254748
2505922
2756952
3041069
3292308
3543369
3794728
4045612
4296867
4547953
4799467
5050390
5301572
5552744
5803973
485600
751316
1002594
1286172
1537354
1788851
2040004
2290791
2542097
2793422
3049716
3300765
3551920
3803198
4054293
4305488
4556747
4807945
5059137
5310350
5561498
5833932
427364
755237
1072617
1337551
1588675
1839876
2091015
2342037
2593047
2844405
3095736
3346715
3597943
3849236
4101729
4351557
4602821
4854076
5105176
5356382
5607532
5858688
425947
735939
987211
1238127
1489300
1740612
1991672
2242886
2494155
2745249
2996412
3247824
3498930
3750227
4012907
4336150
4587468
4838574
5089922
5340695
5591831
5843132
425618
775220
1026527
1277447
1528823
1824094
2075402
2326642
2577729
2829000
3080251
3331376
3582485
3833831
4084957
4335960
4587079
4838333
5089547
5340711
5591920
5843111
434422
744987
996416
1247244
1531266
1785328
2036323
2287515
2538847
2790009
3079065
3330108
3581270
3832456
4083556
4334844
4586127
4837151
5088454
5342726
5593935
5845082
437438
745812
996952
1252439
1583088
1834141
2085469
2386178
2667003
2918312
3169495
3420621
3671804
3923031
4175140
4425434
4676664
4927900
5178950
5430230
5681484
426892
697504
964935
1362650
1613727
1865050
2116111
2367397
2618589
2869714
3120980
3372144
3623312
3874470
4125698
4376950
4628076
4887778
5214085
5465275
5716429
426418
692952
944137
1198452
1461488
1712610
1963802
2215052
2466113
2739632
3052381
3303479
3554755
3805913
4057114
4308322
4559190
4810542
5061846
5318939
5640076
5891367
570573
835366
1159542
1410684
1661823
1913004
2164317
2415479
2666652
2917912
3168976
3455657
3706645
3957887
4209042
4460340
4711410
4962594
5213826
5465024
5716192
525954
790488
1111015
1362136
1613457
1864521
2115838
2367422
2618052
2868984
3120290
3371374
3622568
3873897
4125109
4376090
4627372
4878718
5129813
5381137
5632222
5883256
432198
752321
1002975
1254090
1505360
1756577
2007547
2258731
2507680
2758792
3011438
3261095
3512383
3763731
4014891
4265911
4517190
4768280
5019316
5270603
5521889
5773028
436094
700932
951871
1203114
1454149
1705460
1956684
2207817
2459181
2710208
2961347
3212626
3463815
3715011
3966188
4217370
4468610
4777689
5028623
5279899
5531055
5782245
440135
747742
999140
1250222
1533664
1803317
2054570
2305639
2556896
2810348
3143032
3421229
3672492
3923777
4174758
4426135
4677124
4928185
5179434
5430705
5681645
433088
696317
954431
1242897
1503690
1754943
2005907
2257147
2508490
2759495
3010858
3261714
3512824
3764166
4015316
4266358
4517777
4772545
5103792
5355051
5606069
5857283
425701
742077
1027392
1278381
1547354
1798672
2090727
2341810
2593099
2844266
3113385
3430265
3681562
3932826
4183909
4435289
4686415
4937455
5188741
5439991
5691237
426452
778019
1028826
1280052
1531250
1782276
2033586
2292609
2543878
2794985
3046290
3297440
3548489
3799783
4051057
4302089
4553344
4804598
5055521
5306669
5558061
5831368
429710
691712
942834
1201224
1451005
1701932
1953060
2204277
2458926
2710032
2961122
3212285
3465030
3721411
4051116
4302244
4553347
4804606
5055837
5306872
5561155
5842317
499169
819418
1072009
1330256
1581491
1832623
2083742
2334966
2593484
2844869
3096158
3346906
3598160
3849482
4100441
4351693
4602958
4854062
5105341
5356476
5607569
5858804
438834
695946
947169
1207067
1539737
1791017
2042145
2294402
2545648
2796771
3048047
3299214
3550313
3801430
4053064
4338927
4590181
4842916
5094258
5428917
5680066
509701
970221
1471930
1872321
2123867
2374851
2625951
2877134
3128396
3379540
3630700
3881881
4133030
4384223
4635608
4886634
5137820
5389111
5640147
5891326
6142635
6393527
6644751
570256
850901
1115079
1516053
1783430
2034765
2356640
2619393
2870679
3122030
3373002
3624333
3875544
4126577
4378120
4634437
4885701
5136772
5388277
5642332
5893508
6144682
6395793
515001
773378
1181328
1466192
1717494
2373749
2649542
2972322
3223450
3492924
4073494
4324792
4575790
4826945
5078108
5826312
6077388
6328512
6579808
6830852
7081958
7333208
517765
837202
1088494
1528103
1779278
2547934
2805050
3062791
3391140
3642449
3893567
4144475
4462678
4715922
4975290
5226474
5477715
5729174
5980000
6231276
6482566
6733540
6984859
7236038
535518
1102557
1344260
1595460
1846546
2114585
2366966
2624477
2875430
3126756
3377962
3629378
3880616
4132037
4383231
4634562
4886065
5141799
5440264
5706575
5957885
6209355
6460721
574576
838286
1105341
1361836
1694561
1948887
2597375
2848560
3099696
4032036
4456254
4881203
5132546
5383964
5634671
5885762
6137032
6388215
6639358
6890482
7141581
7392775
7643911
495919
1042572
1293621
1695644
1957820
2351006
2610054
2937249
3188439
3439514
3715180
3968169
4226904
4478140
4729230
4980541
5231315
5482602
5733977
5985108
6236182
6487409
6738668
6989779
672187
938369
1522917
1808527
2093697
2429775
2681096
2932201
3367035
3618400
3874451
4125641
4383929
4711511
4962723
5213831
5465104
5716294
5967483
6218601
6469814
6721038
6972301
708276
959284
1606972
1888850
2140087
2391133
2641991
2893148
3144249
3395537
3646662
3897714
4211071
4472152
5125494
5450664
5701888
5952992
6204150
6455254
6706273
6957368
634339
1038812
1298233
1622602
1873865
2125109
2381423
2634130
2885682
3453403
3810630
4062053
4313522
4564636
4816205
5080167
5402508
5654111
5913422
6175176
6491820
6743094
6994542
513461
841880
1111525
1362695
1781954
2200947
2452039
2703146
2954428
3361057
3615880
3867176
4118391
4727727
4979043
5230295
5481604
5734761
6067201
6318581
6569917
6820707
7071965
528928
927479
1178744
1558870
1864569
2115671
2366728
2708182
2959516
3210642
3461746
3712982
3963875
4215198
4466270
4725680
4976668
5228060
5729339
5983705
6234906
6485914
6737205
623004
1052076
1303300
1564630
1843792
2113404
2370579
2621757
2979888
3230555
3481814
3733055
3984106
4281645
4873834
5124821
5376057
5627485
5878412
6185300
6504538
6755676
7007042
517578
1013926
1286329
1610741
1861901
2115589
2366854
2618083
2861945
3213992
3538017
3789426
4353751
4626885
4961107
5297014
5548235
5799788
6051047
6302255
6553761
6805155
7063433
651536
977074
1236485
1548444
1966789
2233296
2485250
2736398
2987445
3238745
3489847
3753378
4040003
4306371
4557632
4808724
5059930
5310841
5562044
5813401
6045943
6303242
6632000
579401
964871
1216237
1524883
1814032
2137678
2439890
2691286
3051556
3431018
3936973
4187857
4709342
4960090
5211185
5462398
5713719
5964731
6215997
6467336
6718332
6969646
622900
926941
1185986
1696455
1951968
2290111
2617239
2871153
3454182
3789442
4134120
4385266
4636498
4887622
5138822
5390049
5641131
5892331
6143723
6394804
6645960
6897224
7148328
775838
1028208
1511096
1788972
2046127
2369462
2620567
2871847
3182312
3539755
3810953
4062257
4318061
4569354
4820574
5071534
5322741
5574022
5825059
6076237
6327272
6578420
6829496
687992
1111556
1369898
1621976
1874211
2128765
2611636
2873789
3125038
3383571
3711236
3962361
4213452
4464730
4726444
4977638
5229082
5543770
5796828
6117722
6368962
6620124
502817
841074
1191127
1442477
1865545
2200152
2451486
2702761
2953741
3205141
3456389
3707437
3958570
4209876
4460932
4711917
4963240
5214392
5465478
5716895
5967940
6219111
6470448
511172
1302656
1553850
1812036
2064777
2315940
2567086
2818283
3067902
3320975
3572062
3822741
4073927
4619605
4888234
5139447
5390727
5641765
5892857
6144211
6395339
6646355
501648
753121
1197194
1448717
1700023
1951351
2202581
2614976
2865922
3439333
3937452
4204934
4475301
4726452
4977618
5228865
5480138
5731336
5982418
6233665
6484869
6736062
6987272
508065
878767
1130312
1384172
1635162
1900049
2196086
2447001
2707957
2959154
3347969
3598827
3860828
4190371
4441709
4692632
4944017
5195169
5446236
5697563
5948428
6199558
6450750
506026
770197
1025776
1302460
1628286
1879264
2275434
2528707
2779728
3031035
3345982
3615305
3866279
4117577
4368803
4622042
5149537
5400800
5652058
5903172
6154380
6405602
6656757
517192
837492
1088789
1600615
1882409
2133718
2450724
2773517
3024405
3275621
3526688
3778007
4030757
4280012
4531315
4782387
5033573
5284886
5536028
5787138
6038394
6289704
6540875
623464
874438
1433308
1842499
2192931
2444228
2772038
3062307
3390354
3641300
3892558
4143683
4394885
4646102
4897525
5148749
5399662
5651405
5901715
6171717
6488090
6739451
507719
1033910
1285090
1536378
2015777
2286036
2537334
2793241
3044593
3295643
3546842
3798104
4049194
4300590
4551635
4802801
5054100
5540259
5848610
6099838
6350631
6601952
6853182
608018
921928
1187195
2016482
2267722
2518861
2770020
3021458
3272371
3523584
3774836
4025980
4277271
4528499
4779560
5030818
5281845
5533239
5784182
6035417
6286824
6538050
602184
858264
1110395
1634435
1885714
2136998
2466722
2785784
3037016
3471285
3791669
4043012
5053893
5408437
5659534
5910551
6161900
6413144
6664185
6915617
7166662
7417784
7669028
509608
874239
1125667
1447058
1709090
1960258
2211485
2462561
2794564
3281202
3539015
3790322
4048126
4376350
4627446
4877976
5129345
5380608
5631608
5882956
6134125
6385206
6636409
508668
776330
1140822
1445847
1696870
2009072
2366488
2616866
2868116
3119280
3373867
3705368
3956416
4207629
4458918
4709995
4972232
5223336
5474418
5725654
5977006
6228094
6479059
6730074
535690
967749
1256117
1507149
1769891
2260417
2511697
2774854
3097756
3348886
3600116
3958733
4216307
4602962
4863231
5114550
5365778
5616780
5867923
6119062
6370273
6621469
6872579
7123749
846510
1123471
1453968
1711850
1962871
2214080
2465435
2764952
3135962
3387134
3772047
4102507
4353722
4604964
4856059
5107420
5358684
5824154
6075475
6326452
6577794
6829035
7080185
7331588
527458
845379
1126512
1459348
1863696
2116501
2814084
3065308
3316623
3567660
3818891
4069922
4320914
4572161
4823462
5074560
5325754
5576961
5828072
6079424
6330752
6581900
6833217
620524
1170848
1440604
1691748
2036847
2429940
2701297
3074937
3350990
3602046
3853299
4122015
4439433
4690943
4942155
5193033
5444277
5695459
5946647
6197881
6448957
6700189
529162
794978
1046275
1346492
1760095
2011412
2262641
2678429
3119936
3380111
3635944
4129867
4392507
4650632
4977712
5228687
5479917
5731293
5982491
6233641
6484577
6735727
6987072
773354
1040641
1376344
1881587
2132876
2383882
2642200
2969945
3442135
3788318
4051785
4302940
4554109
4805392
5056431
5626893
5877972
6129044
6380354
6631647
6882655
7133903
7385323
850359
1453513
1772102
2023175
2274382
2525663
2776713
3027937
3279230
3530247
3852296
4118120
4388234
4711199
4962570
5213656
5464877
5716025
5967065
6218436
6469615
6720704
6972063
619718
876260
1127488
1378572
1878676
2129939
2380983
2632179
3122297
3377062
3628038
3879428
4130497
4465237
4716507
4967534
5218778
5480547
5731839
5983154
6234316
6485460
6736742
6987917
526220
852673
1194090
1591177
1858438
2365832
2767074
3047752
3299784
3550998
3802086
4053315
4311522
4639627
4890475
5141899
5392291
5644418
5895368
6146621
6397542
6648685
513397
847313
1266483
1694630
2285288
2536270
2787346
3039151
3290446
3606064
3857045
4108005
4359325
4610631
4871163
5196688
5447512
5703489
5960061
6284925
6536088
494694
754019
1004952
1274136
1599082
1864412
2263490
2542443
2806691
3096396
3349172
3600346
3851675
4102691
4353585
4604844
4899097
5150397
5401706
5652631
5903795
6155050
6406265
700742
1113950
1365246
1616343
1873124
2200881
2452173
2703610
2954345
3230691
3562408
3863853
4114987
4366074
4617267
4868574
5119638
5370868
5622366
5873457
6124366
6375628
6626821
515130
878982
1130193
1438301
1712332
1963522
2291085
2549505
2869785
3190061
3441276
3727637
4050104
4332247
4583423
4834457
5085740
5337009
5588382
5839238
6090408
6341181
6592463
607858
923361
1174550
1712802
1963936
2215261
2466358
2717562
2968885
3219951
3471102
3722389
4110308
4363667
4787155
5038231
5289404
5540764
5792871
6042682
6294087
6545139
6796334
679047
965050
1289194
1543210
1876511
2127641
2378857
2630167
3298211
3552442
3884254
4135481
4537340
4805475
5130718
5381965
5633064
5884290
6135578
6386653
6637830
6888956
574067
839238
1093000
1355435
1612704
1863958
2175775
2509277
2788060
3039492
3290559
3541603
3792874
4044183
4295145
4553069
4804392
5055575
5309764
5562111
5892829
6144136
6395259
700712
951787
1282413
1533760
1784970
2063196
2617100
2868397
3119479
3370787
3622078
3873133
4124297
4375581
4626761
4877937
5129124
5380364
5631564
5882745
6133936
6385070
499570
754391
1005307
1628248
1879438
2130668
2381738
2634562
2885915
3137170
3388190
3963637
4370511
4646081
4897389
5148544
5399628
5650891
5902121
6153186
6404259
6655371
6906468
626262
1099708
1362462
1614065
1865172
2116396
2394368
2674121
2925140
3278961
3539195
3790510
4041575
4292758
4545735
4799579
5050901
5310002
5561307
5812438
6063610
6314871
508528
836228
1540315
1791524
2042601
2293711
2544654
2867931
3190027
3456755
3711887
4042908
4312245
4563352
4814427
5065733
5316923
5568044
5820074
6070528
6321823
6573248
510351
830686
1081771
1361164
1676898
1947137
2198363
2449720
2700481
2951747
3431244
3682393
4018629
4273900
4525042
4776170
5027411
5278760
5529798
5781068
6032203
6283267
6534567
621531
875727
1125424
1601690
1852725
2103749
2355024
2686817
2953571
3204831
3455857
3707174
3958303
4209518
4551275
4802311
5110069
5375441
5626757
5877514
6128860
6379787
6630774
6882031
615475
1007590
1273442
1539053
1853682
2104832
2510445
2947129
3200201
3451490
3702785
3953716
4284257
4555646
4806718
5058002
5309015
5560160
5904548
6208900
6460206
6711155
504434
853027
1264237
1514991
1972422
2291554
2542737
2959600
3210853
3462060
3713226
3964336
4215564
4466605
4717628
4968859
5470154
5732903
6056285
6307533
6558736
6809919
795787
1248745
1580098
1831428
2082590
2376804
2642524
2894066
3145197
3629285
3896462
4219119
4468850
4720147
4952908
5203949
5455164
5706128
5957112
6213784
6543218
6794295
703144
1038607
1369085
1687027
2017502
2391270
2642365
2893579
3144823
3395785
3647035
3898235
4203930
4544537
4802145
5123236
5386787
5637933
5889042
6140234
6391350
6642377
6893681
698262
952782
1273635
1538094
1789357
2121250
2372492
2635002
2886163
3137488
3683575
3948596
4282530
4547164
4798349
5049495
5300685
5551767
5802851
6054047
6305232
6556354
6807544
512911
796780
1047925
1368849
1619897
2283230
2534494
2785622
3036714
3288032
3539252
3790434
4041621
4292783
4543928
4794969
5046165
5297372
5548656
5799893
6050831
6302136
6553478
526178
844079
1101492
1425772
1676922
1928168
2179244
2857221
3133064
3384159
3634951
3886271
4137352
4388612
4639884
4890888
5142217
5393405
5644587
5895925
6147120
6398029
623924
1092565
1377564
1778214
2197427
2631769
2944366
3205148
3456219
3714444
3965622
4216766
4468118
4719145
4970337
5234530
5534577
5862823
6114238
6365411
6616464
6867774
7118830
672402
923241
1174637
1515530
1789816
2350008
2616839
2877340
3128444
3379705
3630941
3882053
4136617
4402736
4722783
4973947
5225197
5476337
5727545
5978378
6229611
6480674
425120
700295
959026
1210358
1504211
1755479
2006602
2257796
2509045
2760145
3011249
3262542
3513814
3765000
4016210
4267056
4518149
4769418
5020691
5272112
5523235
5774639
425585
781579
1037372
1288623
1545644
1796967
2048240
2299215
2578790
2829938
3081364
3332721
3583251
3834513
4085715
4336951
4588092
4839347
5090613
5341655
5592842
5844167
505052
770543
1021811
1273021
1524301
1775407
2026625
2277644
2531464
2782569
3033917
3285164
3536189
3787390
4039410
4290660
4542031
4793111
5044200
5295475
5546619
5797897
470949
749568
1032056
1283230
1572182
1823505
2074424
2325684
2587378
2838642
3089952
3340957
3592235
3843549
4094675
4345738
4596946
4848304
5099514
5350450
5601734
5852705
469566
786468
1040002
1291155
1542235
1793605
2045888
2297105
2617097
2868310
3119633
3370610
3621824
3873178
4124187
4375510
4626476
4877562
5128907
5380127
5631391
5882427
452923
711138
971054
1231247
1556817
1807993
2059100
2310347
2561607
2846604
3097877
3348958
3599972
3851345
4102467
4353848
4604780
4837533
5088878
5339762
5591078
5842401
441067
700159
951176
1206434
1457484
1709547
1960715
2211808
2463115
2714255
3091556
3342656
3593852
3845169
4096228
4347397
4599054
4849668
5100961
5352264
5603492
5854630
425329
705216
958375
1291256
1542521
1793741
2044827
2296080
2547432
2828913
3079815
3330856
3582166
3833180
4084453
4335761
4586863
4838069
5089365
5340285
5591622
5842982
510637
778740
1110814
1362018
1613150
1866169
2117434
2368769
2619859
2873468
3124523
3376132
3671170
3922306
4173549
4424766
4675668
4926741
5178012
5439775
5764290
425013
735220
998058
1275103
1526379
1791848
2042873
2304556
2576481
2829064
3078825
3329953
3590941
3915892
4166962
4418282
4674208
4925408
5176752
5427939
5679018
428363
735373
1030193
1279867
1537528
1788798
2040011
2339323
2619190
2870164
3121020
3372241
3623280
3874640
4125788
4376841
4628082
4879449
5130715
5381709
5632986
5884184
428623
736667
993346
1244550
1504813
1762911
2044199
2295274
2546573
2848544
3097448
3348682
3599931
3851020
4102202
4433188
4684635
4935673
5187072
5438058
5689259
5940545
437101
856236
1107130
1358310
1609578
1861702
2112280
2363007
2614225
2865529
3116696
3367790
3619036
3870215
4121369
4372620
4623793
4874698
5126081
5376963
5628154
5879501
510312
819117
1071892
1327821
1581949
1913847
2165187
2416308
2667508
2922702
3255932
3507169
3758405
4009411
4260665
4511759
4762887
5014097
5265354
5522114
5851517
425505
777646
1037158
1288151
1539304
1823640
2074848
2325990
2577177
2828492
3079602
3348032
3665540
3916718
4168015
4419182
4670362
4921522
5172668
5423871
5675092
428302
778356
1029512
1280618
1531966
1791002
2042090
2293020
2544264
2806732
3130552
3383175
3673270
3935926
4268303
4519434
4770705
5021935
5277625
5608033
5859165
427545
735445
988071
1250454
1501727
1753010
2004167
2294644
2545939
2837073
3088347
3339384
3590692
3841854
4092922
4344222
4595421
4846592
5097840
5348724
5599948
5851220
425585
740251
1032363
1283567
1579588
1830788
2081900
2333148
2584385
2835543
3093478
3371761
3622849
3874184
4125472
4376428
4629127
4878840
5129974
5381163
5632352
5883496
425821
693743
964714
1215870
1467216
1747147
2030548
2281712
2533010
2784092
3035465
3286581
3537454
3788665
4039830
4291140
4542204
4793480
5044734
5295714
5547012
5798327
427388
701781
951314
1207077
1539018
1790208
2041464
2293826
2543552
2794783
3045938
3297065
3548344
3799469
4050572
4301962
4553207
4804380
5055596
5307095
5557787
5835956
432551
709270
1007931
1259073
1510265
1761339
2014535
2347355
2598657
2859008
3184692
3435782
3687101
3938174
4189482
4440754
4691962
4943035
5194301
5445514
5696334
577640
841394
1092724
1343744
1594997
1846295
2097224
2348488
2599835
2850894
3102238
3353455
3604731
3855693
4106981
4358068
4609240
4860361
5111585
5362747
5613986
5865057
488540
752870
1040264
1291287
1542507
1793747
2044851
2296076
2547423
2798623
3049716
3300914
3552150
3803134
4054415
4305529
4556568
4807860
5059230
5310161
5561542
5839229
425121
775561
1026754
1277957
1529453
1838330
2089583
2340633
2591905
2843104
3094011
3345217
3596549
3847644
4098758
4349923
4601219
4887672
5138877
5390042
5641180
5892331
443102
728007
979207
1230470
1481604
1732771
1983660
2234932
2486042
2770411
3028902
3356514
3607866
3859073
4093234
4348954
4679020
4930210
5181429
5432684
5683965
434307
766662
1016141
1267212
1539501
1794055
2052249
2303454
2584563
2841096
3170640
3421893
3672910
3924191
4183227
4510301
4761589
5012406
5263570
5514922
5766014
430095
733769
1001387
1285898
1611672
1863002
2114152
2365419
2616563
2867763
3119054
3370076
3621343
3872612
4123420
4374588
4625883
4877015
5128337
5379455
5630604
5881779
433499
691831
956950
1208139
1459360
1710650
1961860
2212826
2464114
2715419
2966576
3217631
3468908
3719967
3971104
4222412
4473744
4724810
5004790
5306209
5557433
5808744
424780
745654
997000
1248151
1499248
1778477
2037687
2290548
2541749
2792924
3044258
3295477
3546927
3850327
4104483
4436477
4687554
4938782
5190047
5441097
5692265
425876
701732
952987
1213400
1539080
1790244
2041217
2292283
2554223
2878436
3132987
3384177
3635897
3886374
4138516
4388859
4639864
4889788
5142210
5393345
5644621
507589
818968
1070229
1321460
1573647
1825845
2075990
2327224
2578511
2829740
3093901
3344517
3595886
3847170
4098198
4349467
4600441
4851442
5102798
5353956
5621986
5873078
434207
748315
999407
1250561
1501885
1788615
2050188
2311679
2636350
2887423
3138668
3407968
3704935
3956177
4207218
4458578
4722370
5044655
5295800
5546927
5798246
