Latency
639843
959703
1264680
1578482
1891974
2218031
2531120
2844212
3157438
3470569
3783691
4096833
4410047
4723190
5036307
5349420
5662394
5975519
6288615
6601952
6915527
7228191
7534528
7847675
8160937
8473911
8786988
9100155
9413424
9726655
10039653
10352711
10665905
10978845
11292091
522235
859470
1123780
1426228
1739052
2056985
2369913
2682596
2995393
3308279
3658953
3971815
4289837
4597267
4910091
5222805
5535637
5848501
6162872
6474126
6786809
7100580
503175
754548
1119569
1432325
1745048
2057898
2370778
2683498
3036061
3348970
3661973
3974714
4287467
4600498
4913180
5225920
5538787
5867857
6164627
6477416
6790137
7102829
514761
790644
1054002
1366399
1684147
1992068
2305027
2625781
2930645
3243466
3556263
3869114
4182013
4495164
4807887
5120702
5433577
5746330
6059092
6372015
6684891
6997704
524598
857893
1109029
1428344
1735765
2048491
2363538
2674097
2986924
3348301
3661090
3973982
4286742
4599532
4912387
5225463
5538105
5850928
6163758
6483248
6789913
7102235
574322
907560
1269198
1582028
1894907
2207808
2535772
2848701
3161704
3474316
3787172
4100100
4422693
4725495
5038319
5351360
5671268
5976890
6289740
6602607
6915470
7228288
534980
842537
1155635
1468357
1781051
2094323
2406792
2719531
3032392
3345195
3657958
3970918
4283575
4596437
4924534
5222007
5534907
5847752
6160646
6473566
6786202
7098966
531848
804062
1116927
1429424
1742188
2055098
2367904
2682476
2993557
3306394
3619214
3932199
4244930
4557776
4870870
5209951
5522869
5835657
6148493
6463760
6776476
7089356
505829
756121
1073246
1424784
1737467
2050342
2363230
2682901
2995734
3308544
3665209
3978012
4290766
4603740
4916525
5229326
5542200
5855075
6167848
6480746
6793569
7106474
507267
765335
1115760
1428413
1741095
2053991
2366808
2681886
2994771
3307572
3620455
3933411
4266026
4578813
4891707
5223191
5544725
5857500
6170377
6483162
6796063
7108902
511667
800984
1137760
1450594
1763382
2076272
2389137
2701912
3014707
3327551
3640508
3967261
4266044
4578865
4892537
5205738
5518788
5831974
6145105
6486977
6799988
7113158
511250
855330
1114734
1488050
1800867
2113883
2426442
2743103
3052130
3365027
3677900
3990781
4303484
4616317
4929144
5242025
5554903
5867587
6180371
6493295
6806025
7118932
628836
955841
1268780
1581645
1894430
2205604
2519907
2832854
3145679
3458397
3771337
4084201
4396903
4709699
5022613
5335522
5648423
5961142
6274001
6586917
6899628
7212491
574417
902662
1215164
1527921
1846322
2184170
2496996
2809891
3122964
3435580
3748369
4061262
4373990
4686732
4999598
5323374
5625441
5938141
6250916
6563871
6876694
7191208
526210
840048
1150692
1463580
1776283
2089118
2402071
2715354
3038759
3341075
3653866
3967172
4279712
4592357
4905265
5218085
5530869
5843630
6156690
6469557
6782245
7095172
530418
797251
1108835
1422648
1735357
2048385
2361158
2676191
2989135
3239650
3552538
3865289
4191583
4504560
4817283
5130024
5442835
5755665
6068684
6381405
6694218
7007055
522176
815369
1147858
1460640
1773382
2102678
2415581
2728394
3041135
3353994
3666855
3979826
4292537
4605397
4918292
5231054
5543843
5857049
6169658
6482383
6795091
7108262
515010
877071
1174617
1487658
1799918
2121071
2464940
2782150
3123337
3436214
3748948
4061841
4378191
4687528
5000263
5337972
5632822
5945707
6258496
6571636
6884142
7197083
513422
854877
1111625
1424478
1737650
2062021
2365956
2678787
2991584
3304375
3617157
3930008
4244904
4611264
4924014
5236807
5549500
5862496
6175349
6488191
6800900
7122392
511615
862490
1162449
1475158
1787950
2100781
2413573
2726433
3039445
3365464
3678358
3991195
4303991
4616783
4929788
5242531
5555342
5870905
6181086
6493921
6806832
7119595
583130
913710
1213954
1526869
1839633
2150850
2465320
2778092
3090945
3414128
3716482
4029324
4342112
4655019
4968101
5280815
5593596
5920910
6219257
6532119
6844884
7157881
537799
864646
1163333
1476237
1788982
2112102
2414555
2727376
3040200
3367754
3665694
3978875
4291430
4617983
4917135
5229925
5542778
5872040
6168622
6481538
6794117
7105377
523025
803985
1116688
1430474
1743297
2056128
2370364
2683102
2995930
3308770
3621585
3934458
4247226
4560218
4872833
5185600
5498450
5811134
6123949
6436803
6749648
7062534
534012
797244
1145095
1458065
1770790
2083584
2396469
2709273
3022152
3334848
3647800
3965860
4273288
4586170
4899075
5211822
5524747
5837525
6150380
6463242
6775952
7088835
514354
894492
1207450
1533140
1846078
2158784
2471512
2784510
3097411
3410217
3729211
4035923
4377535
4690298
5003143
5315942
5628857
5941567
6254484
6567205
6879998
7213752
511156
859623
1175806
1448023
1741579
2054190
2367092
2679812
2992720
3306172
3619021
3931358
4244041
4556927
4869794
5182555
5508570
5808330
6121208
6434044
6776810
7089561
513826
851760
1179189
1492000
1764350
2077119
2399865
2702777
3015682
3328459
3641417
3954265
4267062
4580138
4892743
5220365
5518411
5831194
6144103
6456960
6769841
7082340
638839
963136
1275872
1588701
1901570
2214444
2527366
2840130
3153397
3465914
3778641
4091390
4404136
4716995
5030155
5343297
5656472
5975101
6282770
6595930
6908980
7222206
573980
900571
1213413
1526309
1842218
2155066
2467825
2787874
3095449
3408175
3720987
4033877
4346672
4659627
4975493
5288266
5601375
5913867
6226645
6561500
6874345
7196562
512372
939403
1248984
1561897
1874794
2192954
2502367
2813141
3125980
3438787
3751534
4064550
4377298
4690045
5002985
5315936
5628707
5941431
6254320
6574862
6880028
7192767
516916
911029
1223860
1536805
1873109
2185964
2498852
2811697
3124568
3437362
3750254
4063131
4375804
4688667
5017661
5341802
5643449
5956267
6267381
6581886
6894681
7207591
533542
875797
1188606
1464648
1777396
2090241
2400900
2713512
3036869
3366318
3679226
3991995
4304758
4617628
4930444
5243262
5556165
5869053
6181827
6494733
6807487
7120249
528408
842891
1149470
1475675
1800870
2100920
2413790
2726563
3039497
3352349
3665217
3978064
4290799
4603708
4916611
5229166
5542415
5857915
6167465
6480357
6793031
7105897
522532
835503
1148295
1461284
1774075
2086780
2399900
2712553
3025391
3338227
3651261
3963908
4276547
4589348
4902201
5215092
5528457
5841208
6153356
6466329
6779183
7091883
523107
808361
1086288
1380571
1693498
2005949
2334559
2631575
2944575
3257249
3570048
3882928
4195744
4508724
4821532
5134192
5447081
5759964
6072824
6385420
6698205
7011186
536535
866032
1145619
1458432
1785483
2103861
2411229
2724090
3036886
3349733
3662544
3975458
4288009
4600840
4913665
5226607
5539373
5852134
6165026
6478005
6790730
7109122
539949
795994
1108827
1421724
1734361
2046937
2359705
2672608
3021105
3333792
3646554
3985100
4297847
4610627
4923525
5236324
5549152
5870811
6174710
6487336
6800124
7112904
524777
885126
1219355
1532214
1844997
2157912
2472769
2785677
3098547
3411311
3724156
4037128
4350166
4664552
4976388
5289431
5602596
5915604
6228399
6541310
6876297
7189230
509440
936914
1249747
1562612
1875498
2187972
2500836
2813663
3126633
3439562
3752208
4065083
4377889
4705871
5018760
5331466
5644271
5957018
6269898
6582630
6895381
7208302
525539
869366
1182233
1534038
1846814
2161972
2474775
2787582
3100497
3413241
3726026
4043434
4351662
4664362
4977214
5290116
5602988
5915723
6228584
6488623
6801369
7114211
534215
863046
1175875
1527659
1840365
2153247
2465863
2809867
3122564
3435248
3748210
4061036
4373895
4686608
4999499
5315508
5628337
5941071
6253972
6566615
6879434
7192254
542941
808112
1121118
1441759
1754475
2092751
2409556
2719701
3053626
3366441
3679424
3992101
4304797
4617533
4914444
5227161
5540000
5852792
6165701
6478510
6791488
7104589
613404
940364
1262972
1567920
1862132
2201704
2529697
2837347
3150181
3462725
3788208
4088394
4401068
4713585
5026505
5339281
5652083
5966104
6277058
6577318
6890262
7203305
560444
822541
1135451
1387898
1700679
2025058
2337884
2650651
2963364
3276227
3588962
3901602
4214463
4527192
4840048
5134439
5447110
5759886
6072508
6385226
6698030
7010683
529911
817601
1172031
1484729
1797470
2110247
2423114
2722065
3034936
3347847
3660478
3973303
4286060
4598924
4911895
5224817
5538076
5851006
6164148
6477190
6790167
7103295
510698
760770
1017014
1329774
1667551
1980495
2293325
2606081
2919242
3231810
3546900
3859710
4172506
4485398
4813309
5132677
5445522
5758337
6071073
6383974
6696880
7009676
550360
933397
1189705
1508222
1815101
2127814
2439105
2753372
3066159
3378930
3695092
4004636
4317360
4629880
4929116
5241193
5561179
5866796
6182028
6500452
6805225
7117941
534684
919580
1232454
1546271
1858901
2171676
2484512
2797442
3110239
3422941
3735725
4048577
4361364
4674004
4996598
5318500
5618547
5931998
6247950
6558840
6871631
7208627
530831
875327
1216785
1564901
1877775
2190658
2528017
2838606
3151540
3464235
3777049
4090024
4402866
4715589
5043440
5341301
5654205
5966657
6279565
6592422
6905081
7218122
539344
802468
1115365
1428324
1746679
2059492
2372339
2685224
2998100
3310867
3562371
3875264
4188112
4500908
4813891
5126114
5439063
5751886
6064760
6377522
6690690
7003243
563762
883580
1285021
1586117
1898825
2211827
2538944
2837436
3150105
3462723
3775586
4088346
4401557
4713990
5025325
5339758
5652650
5965400
6276688
6591132
6903950
7216622
535903
868845
1148612
1461406
1774259
2087137
2399948
2719431
3032212
3345142
3658008
3970958
4283562
4596245
4909149
5221691
5534521
5847398
6160318
6473160
6785954
7098740
517948
857358
1182235
1524860
1837725
2150541
2463211
2776012
3101573
3414289
3727204
4039977
4352742
4665611
4978534
5291385
5571260
5883985
6196970
6509722
6822629
7135378
515897
794848
1107625
1420633
1738294
2055658
2368586
2682454
2995248
3308030
3620882
3933774
4277637
4590435
4903315
5215989
5528802
5841592
6154521
6467328
6780098
7092811
509756
764573
1023000
1351659
1661532
1960989
2273952
2586750
2899519
3212121
3524950
3836223
4150590
4463417
4776411
5087582
5402007
5742790
6055347
6368279
6681162
6993857
508844
759697
1016523
1329278
1642244
1955144
2268080
2580707
2893546
3206372
3519197
3831930
4144773
4457681
4770606
5083311
5399225
5709055
6021831
6334591
6652425
6965287
524143
774425
1118408
1430893
1743628
1994865
2307664
2620377
2933174
3245840
3558684
3871492
4184335
4497219
4810141
5138966
5451851
5764664
6077484
6390500
6703256
7016050
529255
794177
1111490
1424297
1737108
2049900
2425465
2740487
3053328
3366237
3678966
3991973
4304715
4617531
4931805
5243052
5555713
5868774
6181428
6494364
6807197
7119959
538450
808789
1121626
1371383
1684291
1997118
2309931
2622788
2935590
3248471
3561158
3873897
4186715
4499569
4812474
5125227
5438477
5751067
6063502
6376371
6693851
7002196
579527
911230
1224118
1547323
1849467
2162427
2475056
2787951
3100782
3413550
3726781
4052722
4352940
4665438
4978196
5291129
5637766
5967400
6283868
6596804
6909365
7222282
514687
855657
1109628
1427394
1740127
2053589
2366503
2680746
2993309
3307210
3619828
3932666
4245512
4558277
4899442
5224256
5525088
5837755
6150648
6463593
6776217
7089073
530234
878841
1202214
1514808
1855952
2168666
2481466
2794422
3107228
3419881
3672426
3985296
4297962
4610784
4923961
5236430
5549045
5861876
6174618
6487321
6800187
7099452
518107
792640
1142751
1457337
1768516
2081270
2394141
2710332
3019795
3333184
3645767
3958236
4270967
4583584
4896520
5209376
5522123
5835095
6147841
6460742
6775788
7086407
526977
877562
1190413
1540838
1846695
2159396
2472258
2792957
3098125
3410794
3723610
4046217
4349250
4662191
4974983
5301285
5600744
5913251
6226149
6552785
6851778
7184955
516594
908439
1221344
1572285
1885107
2197914
2510757
2823570
3136465
3449260
3761911
4074726
4387731
4700429
5013212
5326021
5638896
5951628
6264452
6578312
6891122
7210340
597639
931966
1245092
1581591
1894224
2206914
2519762
2834215
3147071
3459870
3772561
4087696
4398249
4711003
5023937
5337213
5650029
5962724
6275642
6588370
6901172
7214092
537237
878129
1190967
1535979
1848543
2188602
2501444
2814353
3127149
3439888
3752862
4078806
4389668
4702450
5015231
5328160
5640963
5953559
6266393
6579420
6892195
7204943
533098
804750
1117550
1430491
1743041
2055926
2368709
2681474
2994379
3307291
3620116
3955891
4268762
4581395
4894195
5210156
5523023
5835802
6148434
6461295
6782008
7094977
507265
856422
1145508
1458391
1771137
2099901
2412814
2725580
3038438
3351280
3664101
3976753
4289441
4602359
4915351
5228005
5540898
5857761
6170975
6483510
6796310
7109107
513452
861746
1115856
1428766
1741457
2053857
2315049
2627755
2940637
3253601
3566389
3879265
4192018
4505005
4817746
5130597
5443558
5756318
6069080
6381690
6694535
7007368
523581
866518
1175638
1488550
1802300
2115140
2429128
2742060
3098261
3410912
3725022
4038098
4350343
4663148
4975946
5288920
5602383
5916505
6227352
6540326
6853244
7195804
522458
790579
1113784
1426680
1740854
2053290
2398555
2711375
3024074
3336952
3649772
3962616
4275409
4588233
4901177
5213972
5526778
5839823
6163398
6476078
6788858
7101563
524437
862853
1175774
1488634
1801485
2152420
2465212
2778016
3090942
3403790
3716575
4032476
4345096
4659812
4972657
5285478
5637086
5949920
6262869
6575517
6888231
7201054
575324
832896
1153248
1458807
1772835
2085305
2398141
2711112
3023876
3336664
3649519
3962338
4275061
4587882
4900766
5213904
5526420
5839189
6166736
6464820
6777678
7090431
529124
847082
1159822
1472831
1785714
2098436
2411345
2724110
3036930
3349835
3662689
3980891
4289891
4602128
4928646
5227774
5540619
5853441
6166237
6479133
6791776
7104803
536096
842679
1155635
1468544
1781398
2101791
2414380
2731897
3040160
3352949
3665918
3978708
4291760
4604291
4917122
5229984
5545582
5855706
6168325
6481254
6794845
7106735
523092
800902
1113821
1426701
1747169
2078068
2390854
2703537
3028606
3341449
3654359
3971326
4284055
4596601
4909501
5222328
5552029
5847995
6160881
6473825
6786507
7099350
507290
854797
1262639
1590602
1903472
2216401
2528958
2841777
3154605
3467428
3780242
4093087
4405938
4718866
5031666
5344377
5657210
5970227
6282795
6595615
6908336
7229547
520276
873302
1187962
1500756
1852655
2169912
2482892
2819691
3132563
3431759
3744710
4057551
4386517
4699324
5016316
5325063
5637820
5950604
6263470
6576655
6889694
7231408
518052
866076
1120462
1433500
1746268
1997924
2310799
2623807
2936757
3249578
3562490
3875163
4187878
4500737
4813617
5128980
5441872
5761610
6067276
6380197
6692972
7005817
629631
956625
1269479
1582339
1895104
2207976
2521681
2833671
3146575
3459325
3772448
4084880
4397752
4710606
5023264
5336100
5649080
5961797
6274652
6595215
6900377
7213218
528172
867542
1118614
1431470
1744219
2093405
2406322
2718907
3031599
3344284
3658492
3971412
4284120
4596937
4909848
5222655
5535542
5848702
6161247
6474134
6786892
7099425
526917
961230
1273982
1586866
1899679
2212629
2525473
2838259
3148870
3461299
3774191
4088426
4399931
4712715
5025491
5338376
5651145
5964242
6276782
6589653
6902433
7215242
521919
875821
1188640
1501510
1826831
2155397
2468118
2781551
3094529
3434206
3747091
4059977
4390438
4685566
4998467
5311295
5642927
5936942
6249777
6577744
6890531
7203267
530782
802518
1115325
1428272
1740780
2056788
2369695
2682488
2995725
3308254
3621037
3933863
4246712
4559603
4872409
5184945
5497894
5810822
6123305
6436216
6748984
7061920
507148
853559
1179057
1431910
1744450
2057447
2370261
2683094
2995736
3310142
3622390
3935468
4248072
4561298
4873945
5186591
5499461
5812141
6125022
6437900
6750636
7091291
525060
803860
1144151
1456706
1769415
2097732
2395139
2707891
3020862
3333677
3646482
3959352
4272124
4585079
4897568
5210441
5523305
5836097
6148990
6461971
6774540
7087337
514812
866394
1117983
1430759
1743422
2083220
2396005
2708795
3021386
3355694
3668426
3981291
4294011
4606852
4922542
5232596
5545414
5873316
6171204
6483991
6796768
7109671
605202
916428
1229253
1576935
1895882
2208581
2521476
2834347
3148404
3459927
3773078
4085707
4400734
4711324
5024155
5336903
5653494
5962532
6275377
6588118
6921610
7213664
531387
805033
1119623
1433601
1745165
2058025
2370765
2712108
3024955
3337602
3674538
3975210
4288051
4600918
4913758
5226490
5539742
5852550
6171710
6484503
6797058
7109930
518021
900764
1213606
1526517
1843662
2156537
2470478
2783402
3096251
3408965
3721877
4034531
4347356
4660606
4973513
5286258
5599061
5937486
6250352
6563321
6876077
7198392
527720
801400
1114211
1472342
1785146
2097850
2410670
2723518
3036330
3348842
3661768
3974674
4287732
4600346
4913165
5225992
5538784
5851594
6164606
6477454
6790188
7103077
527170
835293
1148103
1460850
1784590
2086377
2399215
2712079
3024871
3337724
3650615
3963417
4276467
4589095
4901934
5214706
5527442
5840377
6153144
6466032
6778840
7091672
536690
864291
1215397
1528220
1868570
2181387
2494223
2807098
3120001
3432341
3745111
4058199
4370863
4684015
4996584
5309464
5622358
5935071
6247837
6560777
6873568
7186383
515614
806077
1119027
1431773
1744526
2057257
2370139
2683058
2995971
3331953
3644534
3971228
4284342
4596803
4909494
5230294
5535078
5849327
6168380
6481223
6794014
7106705
603884
930809
1263851
1576680
1889484
2188826
2501709
2814520
3129542
3442327
3755101
4067953
4380955
4693548
5017942
5319075
5631958
5944798
6257705
6570462
6883248
7208766
526929
849010
1161914
1474694
1793115
2100204
2413026
2725929
3038641
3358211
3664288
3977192
4290003
4607579
4915747
5228485
5541309
5853988
6166812
6479732
6792475
7105543
516747
865571
1172418
1561722
1874460
2208442
2520937
2833846
3146718
3459450
3772050
4084969
4397786
4710514
5023233
5336148
5649068
5961801
6274586
6587525
6900378
7213177
512575
902447
1215188
1568413
1884625
2197305
2510182
2823020
3135911
3448662
3761355
4074192
4387112
4699847
5012775
5325632
5638451
5951006
6263930
6578965
6891680
7204585
527154
906899
1219725
1532693
1845539
2158841
2505810
2818100
3130837
3451336
3764173
4077014
4389767
4702598
5015372
5328121
5641007
5953859
6266724
6579865
6892174
7204934
519191
874272
1177051
1489599
1804113
2106784
2411544
2724355
3037205
3354307
3662875
3975760
4288624
4606578
4914245
5227067
5539892
5860587
6180148
6493005
6816674
7118609
517667
815424
1158625
1471601
1784337
2097222
2410011
2722861
3035608
3364559
3661440
3976536
4293024
4605769
4918586
5231435
5544262
5871765
6169978
6483184
6795734
7124408
543554
869824
1221468
1534235
1883154
2195894
2508756
2822009
3136406
3449244
3762033
4074948
4392240
4700532
5013191
5342309
5638992
5951547
6264416
6577319
6890055
7202921
586907
913360
1226317
1563895
1876725
2189584
2519958
2832822
3146392
3458491
3771405
4084041
4396826
4709755
5022497
5335399
5648307
5961004
6273873
6586719
6899379
7214051
527225
861327
1156462
1469325
1782086
2093020
2407295
2720224
3033075
3346115
3659655
3972635
4285464
4599723
4916292
5223879
5536771
5852418
6162194
6475107
6787875
7105520
513897
856263
1168668
1489714
1802546
2145971
2458773
2823450
3136383
3457367
3761807
4074380
4387207
4707668
5013011
5325674
5638699
5965154
6264252
6577072
6889945
7202836
513133
806955
1119769
1434057
1745438
2057917
2370810
2683538
3019167
3332040
3644834
3957781
4283784
4596597
4917995
5230845
5543809
5856530
6169140
6482062
6794846
7107714
514498
909650
1222457
1535311
1848093
2161013
2473970
2786763
3099382
3412135
3751740
4065015
4377694
4690555
5013052
5326424
5639310
5951477
6264318
6577268
6889823
7211748
525210
864864
1208185
1521206
1834008
2146498
2459352
2781671
3094592
3411248
3722220
4073340
4386050
4701290
5011789
5324640
5637412
5953466
6280382
6593198
6906345
7218915
536133
801203
1114184
1427888
1740626
2066421
2379022
2708159
3029991
3342926
3660497
3973463
4285901
4598784
4911568
5224398
5537226
5850169
6162963
6475799
6788723
7101447
578367
905486
1218278
1531149
1844015
2156699
2469473
2783462
3096373
3409532
3825132
4138009
4457984
4763668
5076487
5389425
5702248
6014864
6327728
6640520
6953331
7266145
521346
806391
1119208
1456097
1768971
2096887
2409741
2722579
3035398
3348307
3661129
3973937
4286695
4599136
4911989
5224898
5537739
5861981
6174745
6487757
6800486
7113336
534904
844991
1157747
1470622
1783310
2082790
2395688
2710409
3023303
3335854
3648589
3971612
4274158
4593024
4905948
5218968
5536381
5849424
6162893
6475681
6788726
7101759
523916
862359
1159612
1472240
1784967
2097871
2410792
2723512
3036320
3349235
3662120
3974972
4287702
4600426
4913372
5230363
5543249
5856136
6168883
6481827
6794555
7107442
517418
863884
1160899
1460449
1773125
2085944
2406024
2718832
3031760
3344486
3657197
3970055
4282915
4595703
4908477
5221295
5534222
5846993
6161327
6474241
6786847
7099683
524494
910007
1222867
1535732
1848634
2161456
2474300
2730408
3043329
3356182
3669047
3981927
4294695
4607460
4920132
5232819
5545803
5858606
6171452
6484308
6797207
7109951
521388
772533
1043827
1356652
1669423
1982424
2293657
2607772
2920585
3233464
3546233
3856844
4169865
4482431
4795341
5108018
5420875
5733552
6056368
6367260
6681852
6994821
515956
912027
1224894
1537802
1850521
2163370
2476296
2807160
3107353
3414555
3735276
4038890
4353114
4665642
4978518
5291508
5604257
5917046
6229897
6542759
6855507
7186753
588130
950736
1263359
1576703
1908922
2221690
2534612
2847450
3160303
3473123
3785950
4098719
4411622
4724452
5037306
5349967
5662929
5975658
6288463
6601299
6914154
7227005
552827
906129
1268588
1581484
1894106
2206895
2519813
2832664
3145565
3458326
3771192
4084054
4396666
4709464
5022101
5352425
5647840
5960614
6273421
6586311
6899120
7212004
512513
844244
1157130
1469994
1782702
2098654
2408220
2721039
3033773
3346600
3659391
3972422
4285144
4597961
4910797
5223632
5536644
5849274
6162254
6475086
6787862
7112003
522154
872008
1175388
1488161
1766435
2079354
2397984
2704993
3017788
3330609
3653259
3956434
4270080
4582912
4895918
5208685
5521494
5834254
6146957
6459816
6772512
7085334
525304
924697
1246172
1550282
1862899
2117103
2429965
2742749
3041858
3354627
3675870
3980288
4293328
4606429
4919758
5232633
5545705
5858777
6177820
6484966
6797994
7111211
512661
863229
1177910
1490698
1803610
2154500
2472048
2784880
3097768
3410545
3723160
4060471
4373279
4686205
4998614
5322597
5635548
5948370
6261187
6573975
6886771
7199612
520141
791613
1162515
1475153
1787952
2100941
2413635
2726442
3039169
3473602
3769265
4082009
4394875
4707745
5020533
5333382
5646232
5959056
6271858
6584755
6897375
7211030
577985
910886
1217799
1530675
1843342
2218475
2536807
2844071
3156989
3469695
3790647
4095274
4408013
4720651
5035029
5346272
5659128
5971856
6297799
6597275
6929382
7223043
540525
880520
1193302
1545109
1798681
2118089
2446125
2743717
3056490
3369184
3682307
3994994
4307380
4620167
4933018
5232220
5544954
5857790
6168865
6483345
6796029
7108767
572398
898647
1212677
1533995
1846679
2160847
2473650
2786508
3099429
3437104
3750365
4065510
4378406
4691259
5004088
5316650
5629537
5942321
6255150
6568065
6880831
7200153
506927
854932
1214949
1527761
1841624
2154594
2468339
2781140
3095165
3407728
3720500
4033348
4347958
4701181
5014151
5326835
5639741
5952498
6272240
6578202
6890978
7204010
533120
815008
1127671
1440402
1752970
2065742
2378560
2691201
2941091
3253783
3566236
3878935
4191637
4490702
4803468
5116073
5436033
5749066
6062135
6374998
6688009
7004476
512987
860764
1248200
1560751
1873504
2186282
2499237
2812076
3139156
3451764
3783293
4077533
4390268
4703157
5016008
5328824
5641737
5954529
6267370
6580140
6892990
7232266
507822
867532
1188437
1571448
1884396
2197031
2522792
2822804
3135721
3448460
3761277
4074152
4386958
4714620
4970244
5283064
5595701
5908406
6221295
6534231
6846942
7159818
524426
907452
1220388
1533016
1845772
2160523
2473392
2830357
3143374
3456051
3768774
4081645
4394315
4707192
5019866
5332870
5645747
5958444
6287282
6680972
6993461
7306267
638012
965124
1277902
1590518
1903394
2216305
2541523
2841799
3154693
3467417
3794708
4090880
4408417
4721353
5046858
5346977
5659908
5972496
6285352
6598300
6911051
7223881
529108
868068
1180838
1457621
1770226
2083116
2396021
2708827
3021715
3343980
3656337
3970197
4282987
4595796
4908699
5235038
5535465
5848353
6161215
6474024
6786821
7099728
512667
806146
1119000
1431951
1685565
1998298
2311366
2623963
2936748
3249585
3573528
3875308
4188095
4500749
4813681
5126490
5439298
5752139
6064831
6377622
6690475
7003396
536880
799687
1147318
1460123
1772805
2086218
2399393
2711511
3024217
3338623
3649792
3962418
4286700
4599552
4912375
5225268
5538115
5850891
6163801
6476792
6789437
7102337
524689
796564
1109394
1422382
1734916
1988592
2301521
2614322
2926972
3239940
3552731
3865410
4178390
4491150
4803955
5116925
5429651
5742482
6055017
6367856
6680678
6993556
512206
861908
1224961
1537832
1866224
2163367
2476139
2788986
3101896
3414613
3727494
4040102
4352936
4700734
5013667
5341477
5654201
5966918
6279722
6592608
6905566
7218285
521388
864757
1180065
1492981
1844697
2157492
2475983
2788916
3101861
3414620
3750271
4063241
4376085
4694562
5001693
5314557
5640039
5949576
6262151
6574936
6887733
7215218
502704
797497
1159438
1472460
1785179
2098005
2410872
2723571
3036341
3349242
3662040
3974824
4287544
4600332
4913172
5232646
5545449
5858552
6171273
6484136
6796914
7109723
525908
946491
1259248
1572133
1885157
2197422
2524332
2837140
3160684
3462767
3775772
4088541
4401215
4714151
5027083
5339768
5652766
5965547
6278205
6592795
6903669
7216401
529913
802558
1115399
1436409
1742199
2079498
2392278
2705106
3017981
3330808
3643675
3956586
4291406
4604147
4917118
5246126
5542649
5855454
6168430
6485729
6794068
7106975
532072
796166
1108968
1426265
1740359
2053000
2366703
2695379
2992361
3243469
3556203
3869060
4181932
4494877
4807703
5120434
5433311
5746189
6058951
6371534
6684402
6997489
534104
800715
1113576
1427642
1740384
2053222
2366128
2709593
3022585
3335301
3648197
3961185
4273554
4586647
4899273
5212690
5525631
5837745
6150617
6464414
6776240
7089096
527818
854843
1260492
1582055
1894657
2217638
2520161
2832972
3145818
3458587
3771511
4084348
4397148
4710060
5022899
5335658
5648690
5961415
6274319
6586913
6899690
7212590
526842
804954
1117825
1430602
1743345
2057190
2374162
2682540
2995397
3308034
3620826
3933758
4246302
4559055
4871927
5209725
5532076
5844921
6157656
6473148
6783177
7096083
503519
856465
1183330
1494597
1747883
2055847
2368470
2681229
2994120
3306973
3619924
3932712
4245437
4558334
4871267
5183912
5520762
5833620
6146399
6459201
6776101
7084689
587942
914993
1227970
1540852
1884775
2197561
2525174
2823362
3136212
3449000
3761805
4074995
4387775
4700321
5013258
5326175
5639018
5951777
6264589
6577465
6888607
7202993
526193
866874
1179701
1531452
1844325
2157226
2472875
2785752
3098564
3435372
3769842
4082505
4395271
4708106
5020944
5333912
5646699
5959477
6286450
6585040
6897735
7210705
526711
844476
1157190
1470085
1782938
2111199
2423742
2736477
3049429
3362077
3674972
3987816
4300542
4611193
4924026
5236887
5549749
5862595
6175454
6499415
6812145
7124791
525968
878741
1178460
1492223
1806846
2146532
2459117
2785947
3095824
3409486
3722324
4036222
4288595
4601292
4923975
5236790
5550277
5866962
6176047
6488911
6818740
7114376
510901
856109
1180085
1492825
1805630
2123038
2435857
2748781
3120090
3432887
3745630
4061170
4373922
4688435
5001172
5313891
5626814
5947907
6260792
6582048
6886430
7199895
534179
797880
1110732
1423651
1736401
2049311
2362161
2674754
2987667
3338410
3644232
3957101
4269862
4582696
4895657
5208508
5521261
5834070
6147390
6460420
6773136
7086050
536433
863489
1208762
1535436
1848193
2162060
2474750
2787600
3100503
3413306
3726120
4039240
4351829
4705137
5017822
5330574
5643528
5956284
6269075
6581919
6894748
7207420
520432
861120
1184010
1496927
1838824
2151679
2475391
2788065
3101065
3452696
3765467
4078250
4391127
4703968
5016797
5329688
5642820
5955452
6268120
6580939
6893590
7206427
579366
906408
1250832
1563534
1876335
2189122
2501974
2814854
3138325
3451135
3764008
4076882
4389999
4702485
5015037
5339520
5652336
5965117
6277970
6590817
6903986
7216574
526127
793152
1105936
1418863
1742520
2055375
2368777
2681001
3033536
3346390
3659258
3972000
4284689
4597498
4910480
5223333
5536042
5848925
6161798
6474686
6797234
7109910
512360
938030
1250984
1563677
1891833
2204665
2517465
2830368
3161035
3455969
3768809
4081741
4394545
4707336
5019755
5332651
5660292
5958347
6271152
6584193
6896858
7219712
526941
800107
1112931
1426616
1739548
2052264
2396075
2726241
3052992
3351704
3664590
3983859
4290252
4603119
4931097
5228579
5549306
5854251
6167170
6479966
6801047
7105750
517580
944560
1257431
1570105
1883273
2195817
2508524
2821370
3134246
3446973
3759596
4072512
4385227
4707935
5010695
5323435
5636278
5949045
6261912
6576121
6888885
7201726
532277
798211
1054506
1367371
1680208
1993018
2305977
2618928
2931514
3244105
3556967
3869940
4182578
4502977
4808186
5121007
5433850
5746664
6059576
6372397
6685121
6997961
524895
839782
1152437
1465375
1788975
2090942
2403844
2716607
3042013
3342284
3673478
3986675
4299293
4612087
4924900
5237485
5548646
5863105
6176015
6488921
6801744
7114533
589226
915839
1273398
1586162
1907834
2211784
2524518
2837321
3150238
3462905
3775681
4088510
4419038
4713818
5028476
5343438
5656320
5987433
6281761
6594552
6919974
7220155
