Latency
249406
498047
739660
992754
1258651
1514087
1760689
2020818
2276969
2544055
2809325
3052287
3303054
3576374
3842719
4086232
4367355
4632635
4898314
5178666
5406047
5624532
181012
198593
340327
348487
180480
325525
342400
306730
191947
163468
424855
330152
187855
510475
174172
457547
350398
645934
352961
161330
347041
360855
626012
164781
389271
658452
361937
615299
187480
176778
431745
213693
471333
285603
683723
160962
408952
213906
501339
430567
368126
612753
988415
207219
470287
351378
629714
369501
614288
283055
198822
198897
444501
355071
185945
429567
346822
645501
349142
598177
194655
447276
164002
359646
297370
560658
188824
432291
309147
539034
254204
562274
333932
593257
176425
177991
443950
709278
212539
160163
509162
350502
721430
168994
166353
447793
343933
792090
346014
310644
556174
350025
710604
214355
465277
748819
351990
183284
646290
346425
615088
193871
672315
256689
648398
171400
172852
557447
350868
830891
164677
563174
173711
169699
444092
286765
169615
437222
428261
713840
160639
495236
176067
427983
178942
478637
167351
741553
172822
570411
203360
205340
200247
185131
204401
604202
145194
167787
414262
180883
239247
206249
209720
217515
215528
622969
337187
166890
211068
455495
418132
672960
177020
170148
533301
331226
336116
211321
476545
335844
233846
497204
347115
609950
334751
614967
947158
174730
436889
732415
334944
588560
172031
417161
219720
581533
339908
698840
171217
169533
523810
332569
202722
446467
715384
166091
455136
335939
332990
659338
323947
166088
333296
692584
365440
609574
163811
410757
216690
626715
169590
602961
348985
159476
349318
362531
624257
165205
417194
231281
474915
363828
611840
161051
425056
173066
490342
345449
837067
223574
247120
202035
358817
638188
167424
416381
176871
345209
815194
346417
355104
600101
201772
171585
422596
354978
608415
928338
175624
171215
442396
349636
180461
603396
169560
470710
180534
172275
177223
175578
567306
346545
649059
346392
606794
173275
469296
227219
475821
173860
201048
485320
347946
170164
438191
353452
172896
605392
428620
673529
168734
417706
241792
488192
451995
679857
1027855
173779
443218
160521
519302
346158
589729
342798
610984
183148
428655
170311
245181
747137
350775
171027
171906
509738
348658
171224
181660
543870
348475
164355
191366
440090
429062
691982
164872
451589
320493
564601
167983
319080
563116
363615
608064
165550
505734
348223
730361
182107
426408
696242
342688
631687
177454
320488
565959
348261
609444
167784
215594
460917
349361
619232
246522
541324
166765
466762
167065
167314
608439
234631
584334
178758
234522
351037
594765
187179
576763
276722
199546
169082
199917
173880
460757
345874
169582
653760
108726
459040
334221
761457
198194
184828
429345
335584
586334
335211
620740
168724
418948
182556
340260
315642
698077
180026
538125
226432
171014
461323
190426
206625
689322
277432
682484
188519
169744
334298
361839
616026
297002
559845
365111
861484
176174
460515
451305
737839
167875
185034
430265
346047
602358
174462
217761
511741
346697
663213
351190
605578
169188
170257
432140
685814
272520
685350
169151
265684
363839
614784
175160
553739
279321
542976
161067
316976
562636
222050
176440
421426
724715
349161
185700
434883
740307
350728
598860
167653
339531
585103
198968
443487
181404
425682
348291
598275
199909
201535
445818
273778
178434
470057
192760
263455
173723
227676
716654
365092
172693
458862
732597
176271
184245
346592
267913
511318
176504
429302
346414
367637
165957
346921
348865
707541
159907
218790
485428
431591
679376
172607
612179
174382
176319
443458
347810
752058
222770
473401
196807
589328
170714
443255
349294
786026
159418
244384
474062
753909
359474
611524
264524
512564
772982
183408
429147
226766
348994
656794
168942
168065
346689
213631
519971
166790
462435
347061
752686
170418
312908
587798
348733
201293
206571
676418
184205
308757
182738
260609
170364
332921
334587
743404
166908
344052
587679
333007
751942
160357
404350
217865
626422
332380
776028
199752
539755
178282
181391
176575
469405
314176
641959
945937
189118
440464
330458
707956
345795
589415
187523
215201
461440
344976
626191
164880
414200
181687
415627
660132
170794
215133
717065
202235
309644
732928
339645
887322
168949
346561
603317
360275
643290
177280
430298
218020
464059
432425
676785
164314
424423
170866
431669
677934
192167
455952
282717
527138
199596
613400
347744
594682
851231
162566
410214
176425
421293
352513
597109
217178
464391
368321
612368
174175
651485
347677
305201
177282
191078
454396
360123
336723
182544
433867
756590
352263
601502
180010
493705
198693
348939
831835
181441
425581
353288
727708
189682
334899
604534
874117
170326
468430
219868
468279
106051
349631
189282
353431
173701
168702
619270
346436
697530
165784
652093
207594
451641
199092
479084
352740
604631
164182
410071
170179
226889
498744
276814
197147
655885
171943
461404
349971
814082
175800
345328
906964
165704
589787
304574
163503
346031
649722
954435
215795
514974
177797
471449
227198
168651
525472
361470
640248
893744
173052
416784
430246
676208
929277
165594
218774
462368
258983
503295
188991
439347
864140
170224
679973
176905
184962
428651
437411
681632
230381
483889
185581
446769
350932
605094
365643
609683
161579
414887
362675
606948
173055
424318
177367
486321
345491
686484
203508
243988
697640
162918
345194
605666
333661
172021
186371
472367
334581
713150
333534
581516
185001
521950
332708
197550
178629
172254
470462
415173
671702
165466
597789
179880
432319
195468
831186
331959
337150
179054
332289
607727
334462
641770
165017
516796
332629
756193
201730
610182
350521
775007
166187
318372
173642
597201
239238
169668
184596
446143
350219
596458
190168
527530
199307
484393
358297
603879
171094
204658
474643
760205
347771
672594
269076
725102
163906
637784
306855
585266
349077
169442
176636
361505
275222
523035
192303
437643
787298
187465
438987
345192
623549
170773
477343
206200
602144
348747
830029
344995
780407
181062
199912
361733
606674
867176
165344
418881
188807
432449
184120
466099
224756
621294
349768
720290
362563
606901
883773
191125
446369
169576
168171
348647
796934
165616
213785
459365
347674
164970
162970
429753
692790
175835
367718
611103
196114
175103
421792
693654
352652
598869
168148
422524
363505
609120
349971
199509
661232
175711
196175
180318
174824
175670
578082
345600
661141
182923
597012
172126
662785
204762
209401
200427
630033
199935
691453
263488
226791
180500
214920
506781
349841
180662
218661
518204
434830
679471
172251
459675
185810
434878
163578
353207
852701
174835
169682
465128
347172
165017
498514
165317
179446
653326
346328
175942
517028
178629
585002
244218
242855
173942
332513
850751
333296
170973
431840
104713
377180
333488
606766
333922
626110
170422
334062
346139
591498
169737
654728
165097
422773
224225
334295
674400
201734
215830
460352
331798
646940
340095
167811
414939
167494
419171
664609
172575
169687
335329
698431
172831
109721
515311
333897
174224
483943
262552
172806
170228
335492
814063
172022
654228
196792
228935
510346
289781
746822
203956
177918
347785
625083
167190
628603
200687
452450
234253
674900
316146
173005
528765
188372
168373
594118
187023
212240
488029
347769
596628
198017
443393
169979
413275
220970
195321
571534
220004
177418
441483
348212
368010
613201
166448
363297
612926
910897
166571
600478
241905
578197
197235
628262
346412
242757
193194
472855
276771
522108
219450
475161
271412
201767
464646
362553
615776
285644
714730
159432
448639
269376
525992
178320
298201
638908
198997
450897
176150
465152
439481
684766
165720
197565
441381
361818
606215
170125
573694
176052
455739
432728
677834
167491
418081
211734
353551
182035
461786
734240
361686
626961
165922
445808
349898
595319
163344
471470
240035
492656
791942
232240
676088
255657
754975
168734
412641
177644
172171
344126
261060
526298
178400
361911
606300
350338
702022
164826
673907
196072
439680
170582
596861
279464
178714
428270
348697
211741
463108
186140
475043
432914
684685
176649
319900
582334
174630
418829
251658
549308
242275
177732
346167
673342
345940
624861
165012
174828
477835
415381
667489
168110
222311
466606
264090
508017
165511
412330
338879
801186
166037
414932
184082
330154
585213
169581
645689
199367
182974
576466
182080
547012
182518
172150
451271
345904
590697
165014
202924
434974
679087
340290
166186
331953
335479
308820
170211
534563
340992
629712
203195
235708
202446
362957
608056
160672
413489
178374
431147
348547
915069
169943
422614
185539
433211
170467
508394
348120
657718
161582
164994
347491
362740
610332
292963
540636
834565
175747
461915
347579
354773
178818
427858
342678
630749
362962
607547
163598
410313
215565
497432
748667
348966
634181
352541
604374
107867
357489
347825
650582
346366
164135
220827
465652
431461
675153
165530
164470
432109
676885
949696
167374
619313
296114
548021
169688
586332
365414
610870
260027
179389
198140
569844
231938
514608
323970
667444
171702
436773
220540
349585
646223
178850
304011
547712
430851
676822
355817
788734
165688
358102
766418
347282
164598
613293
194008
172291
166990
602361
177941
609011
430609
692848
185824
253870
347303
590720
176034
462990
445632
702100
165739
521166
355251
850250
169605
704318
169812
518791
195944
488213
172972
533003
349314
223587
196457
540489
347561
592107
169741
420104
175204
429200
349740
285989
529728
180812
547068
246113
163894
348212
593297
172654
159666
527033
332522
633594
203107
556371
335322
185257
437533
437696
683125
468881
184485
428894
816421
334650
584186
229876
633347
186674
176011
626680
351449
595209
178347
643111
330627
577861
187793
261353
548694
412591
675843
1001475
175428
420180
336611
580095
166486
411227
198120
441880
332805
716748
159744
575181
197334
541320
348548
160767
524290
191326
456343
348245
203296
312095
180087
219270
482329
344397
595835
168904
200220
449261
256508
176651
182743
230739
638080
360499
611152
866207
167163
348555
591855
345741
808242
165022
436170
432178
676392
169854
236639
216201
362550
609122
218624
462990
161474
412337
201725
498803
351016
160068
215710
362160
605931
169318
176570
421208
734224
346862
196811
305772
690752
348471
629416
344394
272518
516396
176013
659160
197268
273398
193722
563302
198881
471327
183404
167159
194063
521228
827545
175069
429715
351554
662895
365023
613450
196489
462435
435066
680857
204367
294113
572687
202174
453063
319849
877040
170477
416694
169818
306539
693196
194511
438732
260171
530100
351262
601042
176400
365415
624881
195094
368457
630755
238582
494079
759230
179179
436511
201040
351071
723703
363831
607374
184177
447869
351551
191197
436646
375747
641785
917877
170950
419949
346913
596045
314192
679891
185847
583428
215858
170316
197631
203504
168974
347421
805641
166330
411054
201109
371941
615941
169607
425309
172801
649663
280997
525506
783267
182998
428015
223627
218935
610058
332972
641218
352737
616115
174220
338963
345288
615293
161238
455259
198105
488860
331967
828722
160126
493543
176481
169044
592140
332612
703814
168496
170535
418624
663621
1036334
307254
562771
185408
593211
196650
211915
456231
307338
556687
170190
496772
348263
627402
304155
190684
442563
302222
533048
809164
266721
316949
679367
173947
681531
281728
332805
169223
178434
347893
657436
369536
653140
165574
697016
361825
614278
320717
169198
528937
215133
169918
725228
356411
691686
182703
288735
348419
170387
218030
464688
430499
674811
364247
610208
170722
215386
575322
346913
718293
206017
184606
437564
362694
893931
174678
516882
177940
421598
183579
438000
303476
678255
170389
659595
292014
537592
169898
414392
696597
361592
615645
263707
517481
197628
210168
498454
183434
436556
182786
435454
430604
683900
171524
596495
215937
468076
747959
167886
414966
304108
354470
698482
209669
508293
231321
584402
364702
609031
317975
575995
204222
456606
202937
531162
358039
604581
165628
629148
347374
593159
213548
174067
197458
612030
361124
637336
234637
176660
420975
346213
790334
169081
296434
658911
201171
181298
271279
632446
165654
173237
167753
325211
763731
167139
649177
348640
287111
178150
199665
279001
166944
515389
199758
172211
551052
343868
631593
222727
167563
565662
185290
173398
448364
108164
352348
244226
206417
326602
572717
172468
334016
802158
169131
176658
431627
726239
217118
464007
333220
277659
173789
659972
301695
659017
329354
174251
259462
503609
334568
579091
169507
419244
164767
336227
764029
333827
252560
333601
803436
188911
452278
407045
174355
177313
422030
329807
213674
167740
332040
729229
172564
164958
556714
338709
780013
349098
776024
170079
236502
438327
695990
165417
413695
178690
449270
348281
169211
543361
256257
169842
345388
236413
166263
200148
167878
485322
299044
576261
172395
633462
171186
530416
289428
553831
174747
277654
522123
347725
605455
172989
455800
177287
617752
230048
510372
218283
469189
164958
575530
273315
538387
193121
351662
603031
215608
502092
168602
428838
169361
215481
214245
169772
443644
689245
166040
218645
527268
346066
181104
437644
205768
660831
347249
792334
198246
548372
163959
168600
443002
765503
201248
274222
201711
359660
351871
605513
179134
424755
259824
504255
834282
346608
597347
170017
185065
444306
430439
694955
165311
178792
347313
183308
428658
321309
169037
527468
289561
737277
179625
192419
500862
262370
507625
202970
447758
349032
840807
185402
538743
347091
184027
507494
222848
472396
192490
480262
201160
487590
352563
786972
170251
418810
165758
623911
353282
253141
173240
328226
178054
423166
114650
178181
166446
273089
577048
167051
524944
173042
587608
165777
169816
477590
332412
738444
334541
168629
193137
438720
354018
613997
298035
175186
205881
168575
343138
587440
171977
424746
678927
199809
446701
317108
209577
454766
787545
190540
470975
276272
709731
337751
586257
170136
637173
251819
171912
662272
172693
624038
235948
599055
169863
636278
250291
174955
642741
345025
160310
533597
257306
175111
201938
350286
165233
347355
182147
635157
282310
696461
175481
419472
352030
612762
169511
420291
179647
324701
171721
171895
173082
180184
349124
183620
195082
347633
177501
175878
249328
200864
211055
657514
200103
169618
433041
310812
164498
318667
792987
171314
590171
235197
691067
195046
449302
727537
349989
598246
286218
711979
183077
632875
276669
188526
265296
563426
345906
173156
349670
165190
616234
214735
200999
303414
192033
452937
757119
168778
435985
284609
537102
176315
335778
180795
208192
172781
174605
202668
193404
517386
177931
436795
188059
467877
358638
602686
197450
180438
458732
346762
716209
164755
412578
211327
455782
360984
605005
170481
414752
672112
174282
219749
681104
347052
795410
161631
410444
215597
347466
672673
176753
164850
346262
364063
624315
161435
629575
200207
449562
177584
186350
595384
184859
168702
644801
330666
184578
486182
199965
170126
170748
451350
192324
452500
176117
419659
104739
337164
581449
178465
447546
331891
332901
593434
159508
503205
198517
169252
163814
565934
162087
172287
164930
608886
225859
511177
265214
510055
339047
590706
218397
611037
174061
200175
676928
331930
248478
638470
201553
175853
232723
168668
618946
263918
512743
825784
170287
653299
280792
608901
177263
487568
349464
677766
167609
175249
344877
357401
621624
1024206
213931
467976
178799
453851
346020
168538
181638
345864
696242
185337
430286
709351
333236
173478
680864
348191
617490
361434
645526
171324
201202
587727
363974
608383
169486
431163
730939
176312
587899
170484
414944
347673
165368
237599
562801
360908
605326
163130
409132
179484
528687
347515
598728
178578
270850
531237
194191
446880
350309
599451
271190
166442
503581
285611
530607
167434
421181
169778
565692
197205
628572
213624
491240
336594
592181
179760
424280
748692
293412
544898
267191
314661
197215
167839
498986
347924
170027
457394
189298
474765
186579
431121
345774
599246
187957
436325
167497
348937
222341
716851
178787
454660
285824
536217
190420
175211
196870
168877
599678
243784
551395
351054
823805
164731
446716
166084
504727
347388
200711
444281
264402
761306
179772
441521
431195
676860
163391
180495
434356
679650
930585
176578
462723
308915
346215
928929
177144
439067
200676
457204
180393
334442
246139
321143
336660
178749
428051
423740
668707
1033162
186296
220030
662675
337031
580748
175796
419292
186207
462203
332351
351944
596272
168492
611296
200491
171281
338322
789897
167881
712473
322963
333298
246917
174771
332617
654770
347559
597218
207470
485444
197804
444882
207606
168853
415974
197232
210834
335082
178313
185254
350975
707611
304458
698552
172733
199706
347053
591235
167485
276400
564780
429916
681619
331644
177864
463764
349454
597254
358970
623318
173157
314487
348421
598693
174605
194898
473418
352285
348107
676350
174940
450079
235622
197896
198783
177460
517196
427731
671806
184405
439391
332721
576710
200796
167034
415874
221971
587861
169525
171175
557581
347194
752024
164410
557255
220040
508147
346292
769389
193122
184174
345384
641765
231588
512905
855950
169102
536490
201972
448551
176128
171047
182728
658790
212323
167138
606684
340280
806464
174037
180027
348595
808777
170411
527660
346433
698845
186208
430514
354730
606827
167779
353168
175510
591082
173936
170094
488193
347918
353525
709447
183940
561231
341893
620463
197621
445907
249078
197524
175600
451068
352444
609949
167086
168245
668938
356442
292435
647932
204338
659638
360133
647748
268142
579781
163577
530051
106992
586523
247187
580880
168824
567303
207303
193434
243529
635338
164320
719733
172555
464266
252750
677911
338668
200695
671222
165740
219193
217281
332990
170935
416586
351600
608034
178788
444268
722717
215854
610334
332684
185295
431687
171259
331752
714297
338433
173081
467346
331536
668911
182367
220406
197206
756014
180975
460421
432123
676670
182481
622636
169272
239121
531422
317238
199758
448639
822970
170297
420371
431113
682124
180434
161988
406442
360757
649715
249055
187085
431256
429567
674692
171152
420515
196617
214965
348481
792090
169982
167376
508921
346077
351260
234642
198139
361294
605871
313792
175476
419387
195824
347740
264471
523936
777365
180130
425667
351090
167924
170043
297491
686693
191627
436465
355227
600397
180881
177564
443606
700542
173112
360954
627181
434469
679251
169826
176232
447767
693419
187814
254598
508378
866691
185151
424321
352751
596466
181268
656582
184818
454128
255955
170480
173702
517434
199424
172558
170751
523234
175625
167592
523965
349189
681942
233335
187901
324131
634272
351825
180256
177577
346543
262374
183402
607438
343155
273850
576158
167204
715908
347248
167308
613210
286928
169075
651050
194416
447780
447414
692603
194744
449538
211213
468708
366930
624433
898300
169091
414748
181492
608312
347145
826339
169703
185882
349727
348770
698573
180638
496737
178559
446488
179838
432823
246922
501014
216223
198821
488260
334560
335467
181315
461916
330275
578518
347610
594376
165841
202404
574865
340170
591610
336399
165704
469666
331014
207514
184731
205309
618014
348825
262916
165033
639486
189364
433577
331213
682219
295901
170834
334110
759518
331625
172600
216758
461472
332633
591621
169705
579590
204122
611159
413713
663868
174890
421214
211068
455781
361887
181992
460922
426808
681073
187283
469574
444670
697638
169513
297128
542373
220940
171171
212570
178743
423621
431865
690827
996303
230550
267105
516158
157705
404423
705923
348532
248339
165535
347688
850461
170027
180432
197111
358177
635529
257441
186215
470972
723399
180467
466811
354705
660140
306088
552963
169187
176751
346739
648865
162670
212020
474467
349312
689283
164891
672860
173696
219226
347127
806621
169011
220317
464152
361555
606325
170917
427897
172290
577154
273325
516975
188287
234586
526891
368608
176197
459501
728087
978558
176485
210612
347978
175392
173765
586893
342890
216498
164614
523814
264357
509216
923775
160900
413847
360059
610600
213186
458771
217277
350710
727980
171734
416753
197411
561935
229082
181151
209347
573404
198030
171450
537271
184816
191552
608184
346340
660019
338563
829267
130272
359858
605991
869759
173638
211991
535967
202113
593397
169346
524794
351158
694468
169736
213049
232963
487375
235212
180622
430411
331970
350006
594481
185023
521608
332581
579976
333064
264711
196637
174722
339657
166190
561074
260583
549816
220852
485632
292725
546124
198684
445388
170900
515310
331974
169229
495635
332705
167300
203280
631227
332353
160661
424440
668900
179139
180774
554910
335769
178273
630585
185888
268547
172608
219894
499141
197841
699609
359367
637168
170017
643631
174553
198058
572724
170728
660265
176471
199415
172306
353586
656839
163610
163787
348964
287282
531736
179344
516317
305058
554736
169384
592181
173390
176480
351503
299380
642815
931741
168054
202043
347465
661587
173508
653453
167075
594548
263491
179971
193685
222398
346467
164148
579964
198058
167565
518072
200902
167778
185027
434406
679202
161552
214462
361294
182282
176605
421808
234430
478219
730496
350514
605364
175224
216665
460560
349928
764882
169359
161020
346992
201274
614828
280421
171329
346780
680962
358343
620645
174885
213641
458473
365198
636451
163961
176137
658939
349599
715837
280625
183608
275815
507582
175913
461000
350542
602112
874612
104458
365327
213078
459470
346255
658702
165270
168414
433122
678163
367797
656151
161248
351314
754628
362052
640466
161412
410095
220147
671613
300255
223323
608230
182800
214257
463153
244467
691280
165079
199021
504285
331336
710501
333062
209642
461974
731056
332681
779544
223720
468327
288341
538423
169048
530167
341072
584754
879187
165248
490567
179303
175970
344230
609384
169073
612928
203880
207473
198075
187959
200775
498708
329504
717294
336729
649614
184231
331221
610049
874554
182255
507364
160330
585585
267592
552757
206771
453073
341320
914012
165024
202968
334973
175317
184917
681613
222613
697806
350419
165905
168931
354700
282313
708755
172312
335181
259391
173185
667121
197910
219756
311246
589721
206083
575074
189403
438586
291345
592970
179563
467624
199891
165037
466094
325074
165002
585093
347408
171746
198920
346939
180293
426188
703724
352654
749596
160120
521418
234713
527710
348480
680746
175861
569195
202734
171363
660573
351294
601097
169907
446931
348209
824724
196835
326406
570723
875054
169594
415539
197315
445530
351050
166060
197881
172065
581110
175127
169511
347575
169070
667268
163471
407088
301481
563128
344020
380925
624830
168527
534151
344121
179826
424626
192137
437570
348061
598865
186002
432885
407767
694542
179355
186343
447273
349979
659051
170787
525294
204167
665912
351782
187718
166340
648560
343785
165554
454739
233762
216995
266938
751195
170844
473981
177625
208900
347088
255107
635933
194947
495330
348424
779693
200784
159091
560211
199293
669072
251658
167883
170449
500353
343998
628756
169473
422063
231691
475608
209883
648381
346994
620162
313628
564872
171630
331905
300971
187846
168738
334493
652319
172143
462022
175130
169058
452113
332214
165382
210975
456257
346253
592261
169527
175589
437970
345131
590005
334394
255329
500134
751577
178206
462492
335674
351697
596624
168506
415949
198683
623492
332785
753912
166217
211554
465265
349858
361497
605137
224411
506867
877450
169809
442809
347147
648880
314910
647567
196761
732408
167051
291451
190790
435801
348215
184717
437900
397570
642138
169062
604038
363301
616105
299815
205386
182051
463160
722333
344341
595350
259281
641334
167837
459003
266721
510311
782022
207655
220120
172520
200067
481058
356950
166271
202660
353160
598595
174921
600413
168127
180105
367283
611027
171143
424214
338554
347385
600521
204224
451548
217556
462083
437257
683358
163272
410825
187195
432748
347642
807712
220474
466110
305289
795258
171749
419475
349971
722419
346403
797703
168820
510177
209098
169100
606759
331351
696992
171612
242486
683202
346502
169220
312305
562545
826592
216746
462438
353214
760432
168035
561125
317067
608177
197924
491995
230230
220630
195520
761641
199546
174307
206680
347988
687924
172583
267655
903810
181810
357611
164739
464816
352591
348786
174417
184932
448811
362009
605971
196924
589533
173262
417528
168377
166596
307582
609486
173362
474144
217014
471110
169565
179374
676930
347034
169922
428328
675712
933890
179044
520964
335000
180325
469807
168071
526929
333694
664426
331256
819263
163461
164173
416307
663041
951520
178839
428145
235806
700524
191387
586203
309693
226700
182181
196956
241071
667655
263909
272962
173949
337082
165240
613034
175879
223612
509295
304476
592891
210938
188452
347928
749671
178182
232800
500646
347850
673335
315534
165751
617221
347032
625017
180068
451786
190138
260317
503618
275980
520838
372937
655614
172231
608834
229046
477467
745128
347757
637360
215627
201567
679340
360330
610390
181465
445574
165437
413482
347578
346242
245728
639724
166194
338040
621583
202544
167945
305707
346540
878012
170510
534487
170630
168736
671790
350638
222295
485611
216020
364348
609969
172552
649658
205994
669178
182162
430606
305240
172080
184341
429787
722705
352480
608667
325260
165353
411601
349267
346158
928688
165712
534845
199701
169205
594350
181837
166912
435928
350055
651769
363118
607430
174691
452477
736127
202606
317364
623117
351513
170510
361700
606174
360990
605037
161304
416934
218143
480435
348601
597920
161000
159782
408007
432964
180113
423824
280130
529207
199428
446880
167099
812411
170752
173333
171390
464687
281239
168131
449704
167891
168661
588384
362787
651798
217400
470607
243621
244280
562483
170638
170507
333227
331291
648034
160113
634075
203847
172956
657800
353964
598616
852377
160776
332640
347864
606778
160302
414589
668282
226488
454296
216980
167532
650301
178568
639068
332024
178559
638221
260663
184553
429255
336812
820027
181469
431601
175826
420638
333921
586033
212528
456524
288145
540373
169707
337030
794772
199110
165553
328454
674648
340869
168988
196622
443029
431472
676872
169686
591534
187482
439118
190815
425305
346121
814042
174210
427057
180532
346889
180422
171455
594438
428376
680828
189113
434941
353202
160137
201721
437052
684280
164136
600161
196451
438071
172205
170788
550241
186315
172738
176161
272834
171624
530852
360525
646910
253181
165262
444736
198990
168261
554634
295855
177801
469450
202125
594960
196798
173935
194195
543356
368850
643776
172220
435062
189718
649311
363134
297625
208834
473945
177481
424153
348661
594886
178532
165088
411746
347146
770312
174850
481782
221773
344630
178642
452218
715480
167097
213870
434783
704982
248806
559424
177229
430126
350657
613096
359688
640920
104603
251434
676541
361084
641330
276534
214452
461645
198769
559658
349019
172529
172316
525481
346207
709730
203518
628735
203115
558461
348166
165270
175061
348020
181605
427271
410743
179469
181091
433014
349824
177306
432182
174952
421567
333700
338625
198490
443267
241070
485090
754706
332282
240762
240404
581192
217184
338505
939567
175622
333333
349181
607278
165570
480954
334397
666697
202830
656363
335001
168611
521747
269804
547455
167388
437778
284115
195821
666062
333624
321269
177645
476990
185080
432367
337060
173304
425062
187887
413582
674335
164877
192779
437773
345840
654279
198377
176103
466706
199283
560578
362560
650131
328600
799940
172776
522116
363056
701099
349681
720295
195117
165540
347939
849329
201583
563310
237832
178381
629066
347073
752530
352039
638947
182874
250823
182072
599938
267541
627319
218279
480349
352676
648490
169413
165046
352758
640831
360060
606167
160150
405788
199325
465575
431497
676333
164939
561868
182070
455629
259765
524163
176191
333951
578908
349271
593760
193680
437465
349260
214324
469068
198367
449917
348083
724935
163040
506098
183461
167538
615303
361797
612363
295639
561539
895498
168666
416837
201581
654024
354535
690591
172994
200398
602309
362066
606318
166778
419588
671825
175738
427888
219624
661898
184042
164641
347114
365490
622823
163040
211102
457851
350216
357847
764314
164843
197938
538038
361925
608747
165743
188142
202671
688559
346461
174837
539217
351882
201550
683987
328972
713024
178272
166328
513028
364707
610785
161835
406488
664216
348090
595650
167810
507780
352057
163921
456359
346727
812817
171433
580585
210035
167046
200577
532700
335574
173809
196202
171972
170636
333010
175158
106186
350322
163757
433550
333552
214174
463353
361064
625030
203101
174940
461715
432240
687886
175379
689743
198546
703697
332629
584668
199712
163134
414705
660468
210354
465551
199672
444515
755047
215314
633467
332961
172142
418077
171073
662983
193506
462913
724255
347308
601195
282011
550735
333298
805352
334314
211755
164811
645269
199386
179434
249150
494953
200376
481501
171017
665461
353894
178971
173372
646371
351015
742244
169243
645078
346687
178220
457176
812891
175925
165117
198991
657354
347447
650482
159267
694283
172803
238721
637906
364159
628001
924786
238597
485677
199197
561607
222030
185105
172124
243455
169872
189518
217966
170752
618781
343114
688501
177601
252046
749341
345694
218111
606234
170915
611365
309667
770475
180930
538988
162408
541103
168097
177315
243563
205978
168608
653543
357050
602857
164241
173554
346794
714668
158837
213424
458609
346412
593358
200405
679147
169992
450408
350335
215711
459367
297830
671151
208417
452304
775849
218398
487064
347323
179991
199665
630564
210620
471859
260417
185905
449624
714813
362564
642110
174593
465482
198294
447441
289141
534087
176229
461713
352062
184536
184291
428266
346961
599347
888750
173703
187087
569636
348112
806905
169372
412744
168022
434521
326222
602290
169301
561626
176159
473070
