Latency
341823
592658
833433
1091931
1336248
1658491
1952764
2223660
2479355
2723778
2993422
3254993
3494729
3740253
3997851
4289075
4551917
4839301
5109814
5387072
5650140
5947355
6225119
6555884
6837373
7103397
7454962
6620163
2583383
110969
356861
321111
172182
108492
576762
351888
192307
116722
353368
600046
168494
107412
251405
525530
335427
801611
107257
178812
650820
334215
618874
343460
636456
177209
179412
421577
696293
102854
108228
563535
336420
604300
187085
107040
301408
106952
161820
199212
443030
335405
584235
860247
174634
232139
477674
345214
346108
633233
155256
402477
104902
365545
415960
694731
194218
439580
198278
442661
332146
626051
182672
455957
330261
592950
168648
645588
334483
646156
257752
501860
104340
178216
166174
448061
365991
107678
167624
343150
113834
594057
176432
487887
164405
203092
501005
121221
173728
345752
614715
86511
551090
198814
178656
181551
378943
807350
158746
356035
281857
199560
446371
185878
179652
602799
106594
561588
173864
105042
446509
320442
169560
414287
672246
346402
672052
142653
154142
347061
774991
221162
105299
137614
433467
723508
166517
213729
345182
592352
216051
461338
358422
603094
109653
381875
347095
165477
177155
193981
363492
616850
171688
440114
135102
431101
674495
132714
376665
696305
185403
447174
274311
763548
196739
355737
144952
199474
546819
235804
504083
166148
196546
443040
434756
704131
223030
182675
211219
459265
734509
349739
594422
109036
352741
137705
392188
347682
354135
835767
132840
377315
209762
467488
347150
101601
361524
165461
603867
349065
636300
165210
414857
220808
585542
178778
642128
354497
612870
105529
349299
103510
249028
496221
203596
551256
120744
373832
163418
196894
629045
204756
561584
105510
368712
164752
449394
851867
173621
512476
269972
520339
834714
176258
337759
691037
334375
187227
412491
320077
580489
334484
684072
101319
429722
101778
178539
522598
331582
701308
184352
446141
334442
679265
169606
83882
533905
149212
406914
175737
330457
199154
443412
195954
604684
178177
654911
164720
462537
102754
351809
167857
162088
170008
596807
201569
456479
158720
102335
477868
115378
163605
186414
681206
172190
507038
196139
529689
345662
802332
205796
133211
352751
347040
723498
154944
150070
429732
676719
373498
618538
173539
352872
602961
347732
597994
113164
137288
408143
346901
620434
159528
508467
180644
175257
461205
349208
774866
101598
345980
146323
400663
430532
705668
180540
203255
465515
351012
166400
439762
185920
455044
171804
453399
170049
175158
430836
232527
202614
196818
617168
359881
884544
105210
350175
206404
674061
179775
607065
261848
549392
160070
175719
572230
361538
108145
354645
348297
592794
164760
186451
433034
688062
147507
407853
307628
168626
176890
345063
174922
314728
787545
106352
548688
219916
504434
873398
169755
438970
109375
197885
780686
158750
645587
351923
154035
547965
164207
164279
292067
536913
198814
458019
356344
635525
906276
185101
132846
385174
262712
204114
470119
728555
242593
518108
225242
559044
163443
518154
176691
448528
103787
492234
203865
105193
171944
170110
257278
532935
111397
354887
134643
166211
410028
331180
101614
103404
336242
581994
332382
618201
177891
615570
176231
421212
260414
324427
171092
211282
723729
353562
816471
102448
349008
177706
165638
410968
345509
177949
525246
161752
164927
226023
566985
198795
442091
106899
342453
102536
352181
333450
200198
454183
252171
107960
171299
420891
342718
832835
185788
515498
148768
403023
160471
278680
106726
350865
346670
972652
210248
460733
162455
197944
102777
179597
425368
202569
447912
346422
113691
372469
188277
523794
262065
509802
830014
165946
423115
341309
816997
167128
415357
352088
177661
181670
347261
883655
179592
374280
619182
107405
220137
347577
779429
105139
364221
172257
438947
314462
623307
181377
481997
117367
167458
355201
188173
168510
453140
347422
158581
408700
160077
134458
396858
801455
350060
595345
245948
168501
346827
106198
108808
274960
198576
232973
168352
345496
138254
404358
160889
179756
170105
455362
166532
410347
106826
350061
320401
571772
109379
203453
286135
180051
453662
106957
216788
481555
349052
604972
87421
364583
198084
104605
354287
617460
356970
692358
164065
541554
105770
192631
273744
613445
201726
503326
180376
181516
104137
113104
586415
245784
180101
518173
173929
162820
675384
167486
187809
187038
165564
608227
221293
101352
157945
507680
349982
736497
114753
359152
211653
466600
756235
335137
104457
348465
172710
661074
332786
291677
545940
182575
169672
332105
618175
216393
478396
171813
416853
333842
577407
344162
610227
154404
197610
442433
741655
335487
583329
194510
132823
376561
334420
229405
473018
350312
603657
199556
443968
347638
591896
169221
414160
162371
176144
627952
351192
753732
176793
569004
164058
662179
164090
172348
428072
183205
511367
170827
439914
163257
418580
328190
180356
164328
446600
358387
172909
571310
213652
106761
480351
166134
170673
436019
173365
454524
169094
658777
169608
581746
198165
442515
163891
210166
490464
121612
418141
345771
698985
171390
637217
253482
106371
416192
170358
171818
132940
195957
347144
107464
197894
181383
551402
197836
226954
469536
228450
473042
362297
628335
108818
568710
101993
348061
188825
453141
347491
110295
176848
420961
346717
101720
102579
354964
348981
602708
346788
108341
173156
430122
680984
346859
702644
177048
442945
169540
110268
403198
173935
434240
177501
199833
143122
515814
357072
608465
171078
444989
106780
352222
198104
182524
111232
348034
601762
178592
431247
169144
414320
278056
631665
216940
464283
726538
164832
619216
199742
185132
198245
173043
171712
200281
313604
161037
511681
213988
159641
455608
191269
172286
173356
416925
353308
612620
199777
107587
331503
212992
657991
132993
339262
596276
246607
179981
462432
769258
165762
418865
332750
242026
578694
206062
133972
348385
108078
359976
330606
601888
184848
195597
453698
742025
199582
477330
179648
634864
344848
588963
164611
452211
106630
161814
302647
197993
165593
655714
349574
182885
530109
346295
726728
109385
173740
174893
106979
197078
641221
196274
101388
350485
661257
351352
106884
531138
204688
511585
809714
197197
499985
171361
463496
170908
107252
357289
116365
199290
833638
213552
458747
251568
705208
177718
335309
581551
186347
475257
143666
388964
676077
349975
232417
570382
279954
537180
179412
434415
190130
159435
183012
176542
502050
172542
463530
306737
716401
109076
299850
554971
201501
456924
136269
381158
187264
163143
443541
336265
168925
347034
311214
581645
175227
507269
203124
169650
167945
414080
177134
421855
170921
348022
232602
168694
505560
171541
103239
109797
353710
346928
641972
178699
204820
200114
263766
507529
108009
374923
147405
434237
181002
439546
287299
533934
837686
108236
173392
421399
370847
109453
104517
237681
484680
311625
197684
138609
390838
807163
203375
134552
143697
331474
340724
742942
189516
201734
453837
332361
150663
182992
209392
160021
145170
561339
257286
176154
115238
178115
204254
344273
176591
334756
595061
856968
167691
85048
337898
601502
267418
176587
577054
217765
132888
337389
837273
160087
293471
716298
180858
578581
332398
685660
107015
366091
620636
180866
621018
160614
490827
103512
476513
321087
200768
105030
352597
191947
570671
174560
197077
458525
362860
619753
172673
508498
160266
413252
174981
418885
223317
561289
261352
545099
179991
443755
359845
620272
124682
456774
223357
167987
430988
251190
495404
108222
355259
693814
346280
277888
107281
471445
342727
171509
205462
178126
577703
217468
666233
164796
153014
391424
346965
608009
346869
755767
105474
365263
147004
492765
431431
723002
201245
247831
492488
774915
175221
513055
348500
594577
137101
401002
205444
220500
683628
194268
172485
418211
200183
541757
346721
638015
106595
353706
168534
171217
532788
343775
639715
179182
200794
132776
357165
107905
550005
107513
182264
245517
646767
195958
179600
287028
134308
583165
346160
633723
162886
441910
210440
482294
198820
163623
105795
180403
196426
158823
516699
309111
159409
425081
345840
767732
172508
158218
205844
347904
136297
380238
169922
625671
101714
196685
208710
195788
527884
328785
206053
450488
170674
164548
571484
155384
600352
173233
197380
150743
164077
178277
562825
105857
186104
267619
106547
411694
169051
210073
474804
132966
549576
329318
730830
202137
667282
165521
465270
199294
636952
170528
208847
643387
102845
514306
170072
105894
407642
318936
596552
177192
495502
203012
143015
386640
185061
441088
214415
108615
374734
344105
164783
104898
345987
592467
104812
357132
197948
516089
106112
393304
357359
163819
108032
541605
348055
591745
226930
750610
158956
322788
368237
615046
106535
365825
619385
344920
716431
106444
206367
463690
351968
358538
846109
126595
406301
837671
169554
629625
351397
173935
207914
189671
174035
458535
184772
169341
504552
344130
590188
101664
150960
347563
640420
359239
641364
117855
212134
471397
361167
630804
156129
200572
444512
167659
183963
228657
649920
193242
471126
786751
168698
422616
226135
477265
774652
105904
182573
346629
591533
252343
160347
413442
345987
356590
171990
777909
106917
358724
321835
279225
204393
504800
160170
591492
362023
650033
130907
192425
167722
464942
315640
173926
160638
590526
296333
113944
197793
164470
453847
335459
101777
351087
640471
364008
107658
357795
196775
446840
348846
605792
200954
101853
367105
349611
606715
244029
109802
193406
438408
707135
335927
243469
501710
109453
384088
332605
180042
643842
101607
372846
165418
171492
426360
173134
421270
107767
165294
552798
335045
109135
376550
178710
160521
510062
165479
171454
426072
173956
105337
313762
572439
174870
419158
193007
345318
592087
162719
549302
171156
597371
106231
171371
164776
510097
200121
703694
162875
411496
214912
674315
197881
158944
426841
193105
490000
178924
176670
676104
104370
484005
240861
170030
494282
320423
159157
671965
83194
330031
588093
293739
170737
170034
579271
200905
173633
467708
354958
715782
165246
513261
137611
383816
158923
563148
226790
101625
571596
346864
174807
680431
184375
591118
167486
166066
326233
101405
525637
197122
170553
543627
199354
159524
346330
602392
101919
345865
168814
243158
346300
660367
103464
174466
428188
345171
704374
165997
163795
428968
349601
192839
246220
490744
196910
442408
178041
110168
132792
518268
199489
485088
175058
166447
347029
625188
164587
408518
164809
157348
221905
184273
381178
626067
168646
214280
353328
199071
449343
287704
533057
284662
542052
800137
107299
372386
202673
106584
199648
454820
203571
202604
474277
168225
425679
722451
169048
606058
101960
350057
272081
198955
443936
105417
659760
149402
572479
311775
195915
172987
169648
173890
252911
104898
352925
171244
628785
340653
793166
114411
303097
334880
101748
137672
382917
337225
159052
112288
153635
346506
612374
107264
369824
207050
450847
351307
625194
106695
361843
182111
332527
631655
336521
214042
198335
455801
333995
593390
104551
192288
444345
198863
333399
171961
425546
163824
407934
262769
329527
776034
113188
368145
344348
633862
113833
159839
577392
160444
550841
352100
163345
86528
261290
171395
358841
109307
219676
223316
587442
293682
764828
180799
108477
421514
354993
599443
144140
170494
645832
347285
595848
295332
640708
195082
209270
349978
764374
112841
187441
349551
346664
770471
106937
351219
358616
817263
221095
105808
287250
222404
362756
738738
102168
346304
280601
527774
169274
429364
101670
136651
429121
348222
606130
200041
208235
452543
348025
636068
359594
604871
193742
204285
489447
348808
597187
182797
449649
178452
148051
397917
199353
620687
204588
698825
171112
265567
171183
157175
182397
159311
659198
333919
108997
474522
346184
696726
165251
517311
118184
138113
383986
198255
461244
360890
107787
351493
748571
345865
725146
106820
214569
301996
361029
641535
159589
145077
442291
348695
621796
251513
697900
101768
349441
357221
170618
554027
102938
370480
158762
101826
470342
101467
472195
338568
158961
108689
339355
173557
303167
751560
106712
169212
645164
347711
110682
196927
632824
263627
176633
608170
158503
202718
608611
333161
135604
515893
176693
476474
331860
171851
106536
331246
174738
109966
336267
581572
164214
107845
469110
106816
480661
328301
760315
320005
266035
168676
329946
269561
106524
309702
108404
216601
197881
107642
350528
634034
135135
513648
167112
108549
685584
311324
166795
628398
217931
688140
347560
150196
201231
584466
273253
594104
107493
147775
234422
345939
103246
495932
178262
164491
359751
173009
496519
173208
159843
404889
173550
197642
193914
164222
453615
160368
417178
202486
574991
183866
166938
428472
346179
177747
632028
360036
732607
104392
435989
352201
836567
170864
657007
309306
170240
197970
698680
205888
452168
179953
345788
680591
106176
479781
279927
544343
174172
646605
202452
292699
552710
195798
179148
275854
197059
146509
237764
346159
179081
197002
432467
683264
360185
122804
329614
575431
350208
249990
107455
481834
351677
623532
356402
213500
459230
762602
201848
472142
346715
607763
166649
418191
198934
661805
172360
461413
249717
507993
198542
460541
158624
426350
206840
102270
402120
176249
645308
200101
311347
112248
195805
440086
255638
680320
342863
691587
113549
165979
572668
331291
798114
107175
539645
272674
169946
344520
101781
362658
214940
331587
585259
106971
171740
586138
316760
181545
101992
197508
482278
172047
632504
87288
227458
643389
175892
245242
489588
829753
175913
161732
585987
206426
451904
180330
200858
660905
168480
106364
561168
173796
167450
172217
310433
164391
546085
345162
106149
351650
189888
205609
492363
172063
436252
342470
101593
399472
212718
465643
345965
108527
583217
358345
721399
346835
101972
143410
387637
431280
676125
108722
496221
239872
172443
350409
615084
269755
609933
101631
344986
170831
460272
358100
633461
86472
431005
175008
632409
349862
164114
424168
189671
163140
197848
293591
844217
108810
383238
348468
106568
138713
336171
175817
479677
282473
695812
172232
655364
248538
509185
171446
482480
114110
358702
195040
105684
164767
170211
109556
402620
207043
631054
193776
633252
202322
170756
729292
199904
549680
113571
470494
176268
167448
411962
244810
346944
205984
661591
350618
147559
397792
346087
648014
158245
576736
273475
729634
178531
347522
220356
477489
164236
143759
463820
214305
300928
591870
168486
504517
192904
655527
179044
606611
108518
107121
196663
326451
808245
102484
331213
311073
104989
195827
443832
291245
648282
163974
411501
704104
158541
583620
333283
584152
202784
558225
115159
497448
137735
170339
634175
163791
704448
185537
105173
165886
527287
256014
514016
171905
247605
490950
358599
602848
180182
442526
311657
168858
487172
281359
527988
143252
406288
345536
590168
166598
166199
632981
197371
239778
719464
144367
174128
602316
171985
566738
172857
489528
182243
177765
351468
696775
174723
596801
208195
229531
605653
106661
167567
632276
214840
105192
355955
170701
106628
471953
346944
181622
523753
195444
633751
169594
597458
234419
482056
169245
413419
292086
574078
208915
464440
184872
222187
666174
345995
258451
152304
403035
659597
346452
639211
294791
551806
174925
110129
389714
352122
597298
202097
165651
411919
348804
177466
422083
320046
166943
428447
349001
630391
164885
187059
552312
346672
609917
347900
638413
144619
175898
468271
345223
114711
217648
347556
601922
933176
174340
528359
303908
670690
171041
274507
638759
170655
639331
173729
181447
436425
175741
240902
108435
423698
205043
452574
171568
650934
85841
432964
216482
176285
197255
585577
152448
171296
193782
296546
177521
347034
818973
110211
142815
338373
343414
106167
351751
169485
514830
221360
213412
637897
118869
136397
164624
537470
348269
697354
159307
536094
195070
176730
423302
682143
170695
244651
169351
628274
345327
179544
107327
329140
250985
182901
222080
731303
341842
590997
164090
146140
330833
768917
103145
433270
167700
567448
206111
589688
169789
120780
366442
171223
201974
304882
166802
328627
267228
620648
149980
487900
169264
164120
492887
331156
197047
103441
365416
201897
172796
575293
297248
712341
164297
520888
171142
169568
168282
234432
346741
606926
198998
548439
263276
107035
346650
699929
172564
587162
178783
161631
160672
597271
355754
674170
102674
346859
132535
346033
288333
187081
520477
351676
673311
346249
685967
176719
210544
462655
374346
641864
899628
154704
406434
190241
429128
674589
159526
404337
665561
168692
191446
544315
204974
621942
183759
428281
165287
202187
568845
166792
106290
211511
182548
616797
360895
106935
361212
616997
348183
116480
214704
470307
175443
425492
111713
362945
108170
371367
177854
604824
349564
639710
86663
101591
598834
343920
216765
132798
590094
197186
239654
86920
177628
168761
349315
613001
111845
196494
468046
242964
321568
695009
195158
105164
353283
641878
183710
447758
704335
172146
517382
291804
549231
167058
109982
362136
243126
345398
168684
169917
484119
330694
576636
342556
182742
421371
217301
334947
124540
198613
448755
417898
689485
206988
213008
470200
767270
200134
459843
332650
179624
432613
200497
455461
333688
584282
106671
397145
700509
178291
520797
198384
442631
181406
426590
792937
106008
144544
390094
165128
334541
595332
850595
144376
415351
174337
530530
107271
205607
450542
715191
172787
651488
334056
165864
434605
106786
177496
161199
357634
194188
512689
203210
568825
178370
104876
406792
180608
503378
211284
473201
361988
749880
113916
204040
348226
255729
143376
401620
347462
638125
161231
414621
744015
106407
365918
318450
348758
817766
101851
610804
171122
427269
175858
521385
108128
367537
112126
203775
106295
623079
309394
166350
160405
441069
345591
613810
151137
524234
191021
254631
614654
342537
588007
164449
245646
348294
753716
108095
353484
223833
109769
355996
106618
343346
351084
825619
173121
444289
352688
730865
346391
678600
174115
424734
109982
356439
168545
488103
164045
140975
351412
173581
509525
163660
101647
167299
344985
291072
169057
427234
348781
935242
107610
379447
142940
198816
615660
103781
474384
318886
566613
169845
440740
217476
196595
162227
542452
208529
110303
363961
344907
166760
104711
346076
589924
855162
168825
415018
198380
584205
106498
170955
421907
190812
106113
354363
146510
170691
625233
164418
195095
556794
341644
166536
539845
104800
349080
608173
174365
172247
198102
185675
548814
164546
178370
170176
161096
429626
300249
749941
200599
168258
423720
334414
600363
163285
634425
176385
451997
703821
251697
218716
612355
175169
223942
104786
353634
196554
544794
174500
105790
484048
339006
642707
201168
108272
359198
335686
579737
176678
169734
423681
317271
730558
170998
101720
262801
347822
107455
175094
633427
343017
243645
135312
196695
492706
360655
615365
110929
354725
610820
201803
482782
182738
435909
714322
172323
597411
109196
352168
170979
198297
304208
161371
221052
466070
267857
109585
200273
545285
262512
698476
210558
101460
569681
219476
515781
201928
181282
493512
352993
629730
176722
475825
297268
727173
172636
261660
163019
613907
233172
244608
112689
373936
639615
357898
107790
413758
346749
594415
164958
106450
360500
351775
743708
346062
590983
878974
107862
352317
133366
389438
105296
354571
207005
164283
170652
626768
259532
505430
161498
172500
650150
196984
445346
215863
165048
203348
684090
199521
625453
164504
543370
142766
387051
164339
597973
351466
106583
431203
111629
355627
347916
105072
379410
169171
102265
346592
345681
166730
107973
348495
367450
613277
132854
377321
230302
497613
349100
595860
174458
418491
136144
381602
432332
134817
440548
256252
211911
641735
331313
577235
863272
190568
441809
168023
612340
132559
175162
297878
333855
595457
168905
563803
107535
454744
190293
462083
197567
636358
348130
603001
174338
445834
102001
164242
423640
330539
115978
402464
178523
582104
171323
163755
101671
356143
159019
330312
103200
502796
197010
164752
458511
163107
419814
678833
211963
468432
106237
178398
250597
705615
206908
471648
164562
520124
307877
105410
356167
351033
797617
190603
612126
276690
709813
171225
164417
636507
356357
765297
121903
169593
582131
345890
738326
84441
168644
347123
350860
134920
415714
199946
588097
347427
106261
351993
153809
223045
469698
362046
105742
143768
413791
348874
101562
103654
491721
346162
364465
628696
190121
451014
171517
351358
595695
107634
112412
282345
218285
464758
259642
216109
346737
253752
109371
354096
214111
460502
225035
303552
787759
104281
361874
605875
172097
350434
990554
110540
313392
352718
708530
204914
359737
849904
154428
537828
347445
107770
176031
180378
469575
103655
170010
214949
350408
107660
304196
771467
109209
357290
178187
563977
237045
106947
414557
345022
592461
871030
165418
160819
643521
198385
348028
617307
171591
102181
347359
346811
621527
359889
722665
188863
547434
178939
429960
694152
167328
446347
261410
677971
167177
455555
178293
169325
184864
169883
516025
171224
416302
164207
173671
464720
101877
197374
191287
638421
206937
573350
285327
169107
172392
244408
337344
102589
495786
246472
641263
333389
812922
171732
473712
101507
350068
270723
331109
602535
101690
101455
330457
782730
183401
664771
185058
530942
290222
169309
174967
489278
270495
182324
356615
154615
174882
347181
279207
159221
345628
106866
132627
348341
834392
101065
109324
151154
430742
684800
1077646
333948
597270
135602
636880
201809
448154
347814
593075
102203
157968
428327
710878
360220
611167
988321
244190
518418
199482
443548
716454
365676
615634
343304
133115
376757
209795
469427
352801
255732
132606
408955
358501
607073
878746
106672
350568
106277
360317
628666
341470
822751
108591
166350
416558
198691
215377
108221
353598
189348
211002
359517
629987
184671
168171
423390
347551
783980
207567
651140
154616
406098
347337
165241
654202
339188
627015
168875
218544
867853
107242
362830
210801
539981
222662
521145
346714
590805
202927
102397
349102
202235
221721
220182
474887
362118
631960
185540
447568
769184
103360
418611
306992
565156
221210
466787
341066
585376
204601
361556
630600
207766
149408
398039
432692
729159
106376
569946
290865
173596
432420
348826
320936
179461
543595
362132
614764
133089
164704
200995
448115
170140
175970
593793
186789
207528
198705
471320
342005
101381
146233
332448
741100
104947
513126
226647
105925
354112
345005
158818
107427
331137
575732
241880
536524
174381
724951
323968
588974
274961
708970
166906
561964
201455
204916
511752
271127
551400
331916
590867
107760
451565
225518
470894
183338
104288
205013
298057
347479
696355
160100
307868
583129
183366
590399
166647
159590
420265
323438
182678
426569
201474
214301
460507
192787
463571
191830
566207
197924
465880
199384
669656
162211
241624
486057
167286
103952
574425
223510
166440
456698
359177
178087
408943
673284
177476
217070
584544
258262
168561
420601
164550
108820
499231
107412
567359
179785
172270
278084
528929
349335
783098
169103
356853
747855
108871
385273
344431
792603
161520
303810
161827
566801
263704
156208
419214
181622
455931
429427
673096
179314
438556
334226
583232
172629
443207
198778
185161
433861
180844
263801
750587
198115
357487
111271
199548
450220
347479
198232
170555
532778
314840
562391
107754
355719
107247
434605
110106
366299
168352
259987
556039
177962
180107
360564
168675
110048
170758
289373
199815
108821
360794
346293
628501
163278
457768
198976
186997
325915
599590
348053
137505
400260
452074
706553
200045
498182
175556
458752
111105
247787
663180
168977
615435
193215
167452
108642
207764
655493
159028
177097
107595
408216
331100
166721
545708
115958
463014
175258
163870
342628
753496
169578
696553
167861
420397
231664
101512
264502
171615
626073
347632
731972
169754
148175
398511
331858
293433
179044
465607
274916
164766
628038
170779
600557
144817
248860
320830
207481
468088
170684
188964
192100
516221
171931
416738
265804
201692
448122
170411
106350
359552
656489
345899
662392
132850
199894
349654
272070
526900
115207
164773
495199
345926
101673
166264
332328
355275
102726
238735
573087
348068
169384
146654
345868
169860
590818
120274
345531
612916
173908
179645
425992
301401
163938
424509
217359
678527
112678
374599
187938
450540
349187
735894
188288
409124
654860
188325
432107
346700
337107
581492
203371
455618
346695
173916
357098
136522
346977
624481
350078
594549
239182
207189
216558
614175
358671
176898
497448
106938
368494
170190
433788
182991
106374
361038
170967
440305
357568
167408
458521
107345
366492
349520
109408
169657
347451
591059
853412
107853
112715
330006
605811
170365
594835
104155
430708
147116
397988
202252
600687
306283
112515
357115
110467
500940
345753
164144
650331
107708
216280
348470
662943
109135
143032
243004
264252
110376
379368
345184
608854
1007255
269964
540592
112681
386059
340020
759035
203368
201657
458114
740398
108552
105636
194871
449654
263338
285239
529651
165746
500555
344663
594669
147322
332938
244831
489843
290930
560995
164855
460701
166317
286685
178585
201231
105980
165792
205842
132550
202837
564814
188422
196608
192151
656068
342331
101247
175490
419673
346421
617363
916500
212251
171379
615602
312512
104602
355531
174621
198346
442686
179466
101531
395173
244472
170258
358255
693190
101725
477648
196474
164356
148157
173239
361685
643205
169057
624174
123969
361486
668418
348059
597920
159595
431541
302402
563411
160574
431190
350714
110743
392606
149052
413789
348658
172130
167717
416183
150387
430370
679216
364562
609473
200733
360428
610939
358240
603000
132701
171799
426572
346347
199256
303925
548748
349860
620760
347412
166752
146612
386460
348013
791228
178277
256222
512130
172801
198865
665262
269091
513317
169860
285363
169056
509430
86790
348562
345834
144082
422865
458415
710340
987794
165905
462664
136080
420703
680446
351128
108307
438150
137707
158858
348578
155086
171521
321548
772956
104035
145530
221972
365984
632292
110724
370921
625442
197664
472804
348054
201593
456627
758895
185017
442202
110051
347115
626457
235517
168602
785814
164748
459907
143380
552911
102103
354148
168654
106452
542066
260156
551235
332382
112303
502243
341948
701937
105864
505092
276268
535310
105424
602241
289561
594565
166821
568844
197999
169739
468206
173732
649193
309534
568056
165462
316192
563276
183529
192900
455686
727965
347162
622268
149721
440057
174344
529532
170825
175640
170473
459811
236958
158934
105759
519741
225301
167591
182895
113003
590958
346154
632344
136506
172902
426501
346423
608042
196011
657925
165189
415872
109080
171591
573469
176647
108810
353152
103439
398256
667462
171235
676650
204665
107085
587708
168321
106880
298607
543190
158993
557549
326127
176718
143192
341585
168261
173504
160973
406530
347178
354081
159005
358303
622202
349488
727382
206804
132399
380614
357877
209353
472069
300964
573405
344782
690431
313937
583766
165631
416183
185733
174710
346531
622373
173399
112182
349757
612234
356420
107717
369606
614388
346909
593658
101661
346524
179112
424011
181654
367875
819249
128278
172098
417788
347134
610455
179417
437212
201517
204538
350113
593534
112122
175530
353431
617824
333867
106130
198068
329700
611122
109017
367710
148703
347754
608242
372819
662532
106753
357218
603792
350832
106857
182771
349244
624514
177593
122096
350271
598695
175520
132911
220614
465233
198341
103866
114492
382555
170357
107235
284833
586344
163494
108810
337302
596965
167231
340785
247643
528315
102850
176163
420265
168925
176020
160564
199244
197609
339154
177010
197098
614069
305713
719634
108837
207822
468629
174411
644845
205492
112600
563643
160474
547728
165137
423152
177492
331417
603420
144214
163868
553700
167130
143049
171254
263941
105387
405870
169934
358650
108432
195094
471157
215601
465515
221685
219209
195402
350603
631256
169891
511569
151393
576209
158430
435308
319620
701715
170464
516457
260994
164353
470838
189469
106580
424872
345941
589740
347545
104885
413897
295892
204775
177838
226426
348170
357254
609300
164205
628547
267043
180967
475570
102735
358935
258589
155627
671577
360570
181097
437555
164089
348072
