Latency
330746
577872
852013
1120606
2990548
3604100
3936027
4410691
344364
632930
1251161
1713058
177501
740175
1111372
1511768
174270
425060
688278
1085432
1604003
2043947
329545
584063
975661
1263448
1735433
224235
490088
926100
1441214
2325588
206999
453249
1101525
2229507
360101
606669
1112577
1618686
359740
607588
1133442
1432562
1914043
2215785
346138
593735
1508953
1835678
357661
925635
1496770
1992597
164997
739885
1041274
1691166
2109510
354395
932458
1839487
228326
475881
868260
1177815
1823875
186213
613240
1820603
434291
707012
1015021
1366090
2071336
219893
558105
1097536
1890837
2232725
169817
782637
1333214
360117
607616
1135819
1783596
225444
521824
1015298
1386948
182431
433721
903165
1783536
173307
423327
785408
1336603
1880996
162958
887237
1659688
2076936
212864
769123
1427457
2377437
357881
1084992
1846084
172373
441573
750158
1080820
1864035
204937
611647
906678
345428
608421
1131539
1393781
1931683
194892
566146
1256168
1823179
164373
777116
1041071
1566160
1952827
212474
759615
1124025
1755956
205851
462690
1046566
1604480
285269
835788
1279107
2042661
271070
550555
1350919
2032764
341911
1104474
1772870
2057050
265654
1356024
207608
459482
800478
1113233
1434067
407704
656294
1079705
1991660
171786
576590
943803
1270291
2414820
207484
467334
786504
1426199
1767580
359203
632391
913112
1396145
254058
500011
1228224
1948435
196948
750470
1624829
2117924
2625988
351001
712708
1159456
1497780
1926341
218322
633491
1168196
1738244
184860
567364
986314
365931
610419
1097302
1856198
2550428
183559
725869
1025371
1345714
378830
750320
1110361
1589565
2477147
178972
426086
708670
1083584
1952152
207737
453210
772037
1395958
2379436
369452
728385
1990425
2540866
236672
493446
749765
1347200
193191
437793
740802
1331570
176780
637352
1491811
373538
650364
1381505
1705804
2352225
205317
455915
811051
1189544
1765642
168700
636559
1078654
1550440
218005
462535
896051
1240321
277840
815075
1434832
2071570
325997
602591
1165986
1482719
1966526
181145
522795
969132
1322420
186459
431228
1650738
433316
678547
1238642
1523830
2184899
174200
599000
1093391
1512902
1876294
261214
637595
1611808
1879145
196642
450717
1437623
2072200
170321
589191
1076746
1706857
206790
641909
1195093
243013
487276
882721
1352708
1817434
207747
469360
1041448
1306710
1812674
189662
460340
1204008
1902329
224726
792211
1064447
1529118
281808
526304
914447
1390482
367718
1340711
1684846
2276876
178504
733052
990024
1617779
173492
611081
1204241
1685043
361763
605497
947558
2748680
170439
769620
1209702
1509550
2036131
354908
612782
890230
1366944
349421
617980
922908
1804092
2166140
161647
529861
1137282
362765
633554
936219
1704738
2209947
350946
606413
1583335
2061147
189963
559734
1707258
344758
620654
1404487
1901157
2171302
231480
477735
757472
1124399
1561825
200021
593391
1779938
206882
451642
756959
1070634
226491
485576
963507
1424244
2223337
342422
863563
1292935
1752496
244841
489115
792700
1245145
1874950
2205320
205684
482632
831234
1537123
253001
1093104
1718684
167184
469495
752825
1651289
168340
1199990
1956440
477913
835167
1196224
2156159
231711
476924
796132
1264292
225992
479039
870815
1221057
361541
607169
1100868
1720824
180930
458455
1068082
1828593
168658
529520
1532011
420681
689247
1205547
2005581
274968
637848
1161985
1432639
215354
460935
821889
1768840
344343
600898
1305662
1953347
169834
507892
1255803
2358743
363484
613169
950044
1718320
200049
446815
791910
1540059
177636
423641
760020
1256488
1526020
478374
980967
1646037
2506547
215274
775375
1123292
281434
652156
1151564
373715
618309
930139
1240358
189707
910630
1824430
204630
1224342
1480304
362834
607907
1636190
2057087
214363
464305
805007
1424347
1823327
2320534
362391
614956
1522688
1908202
380024
668388
938834
1759428
198478
442747
926199
1437688
1848922
247795
1143228
1690448
1946677
229321
474586
999294
1473064
2196444
165889
686562
1094274
1878656
335548
579060
852793
1962714
2510846
166914
716881
1096910
2106568
204705
449144
925706
