Latency
286271
569256
970604
1250202
1634672
150417
437434
782415
1058460
354103
607200
882111
1219104
246764
530260
826498
1232600
371148
647614
1008738
1582323
279951
569127
933470
1335135
1647897
179116
474104
784430
1057942
338897
625355
907540
1399263
372308
647845
926137
1278902
1991885
249670
524580
828557
1226343
1571680
328327
631128
890310
1145971
1470294
106544
394163
795046
391474
655687
918639
1247033
216294
512325
871758
1187173
193777
473377
732191
1451550
146837
425546
688965
1167221
1539933
354747
611514
873988
1379994
278628
561559
897200
1232370
445691
694462
1026323
1398753
212747
511114
918283
1282950
356234
642547
975645
1278355
1559410
144255
439206
990750
136717
387940
697529
1026179
1801826
166685
433964
835907
294396
568265
854773
1256511
