cpu  1699966 6672 2300718 109679227 38793 0 1028771 0 0 0
cpu0 14012 1046 25738 28397057 12654 0 233834 0 0 0
cpu1 1620649 3224 2183425 24610506 4025 0 301042 0 0 0
cpu2 49855 2306 64541 28288081 9095 0 267529 0 0 0
cpu3 15449 94 27012 28383582 13017 0 226365 0 0 0
intr 2764018343 0 0 404759 75 0 170574 7575426 0 0 0 1777776 0 0 0 0 0 0 0 0 0 0 0 0 0 0 0 0 0 0 0 0 0 0 0 0 0 0 0 0 0 0 0 0 0 0 0 0 0 0 0 0 2471838705 0 0 0 0 0 0 0 0 63721 0 138862 0 0 0 0 0 0 0 0 0 0 0 212081517 1 0 0 0 0 0 0 0 0 0 0 0 0 0 0 0 0 0 0 0 0 0 0 133363 4213 0 0 0 0 4141422 0 0 0 0 0 0 0 0 0 0 0 0 0 0 0 0 0 0 0 0 0 0 0 0 0 0 0 0 0 0 0 0 0 0 0 0 0 0 0 0 0 0 0 0 0 0 0 0 0 0 0 0 0 0 0 0 0 0 0 0 0 0 0 0 0 0 0 0 0 0 0 0 0 0 0 65687931 0 0 0
ctxt 120282733
btime 1673080802
processes 129399
procs_running 1
procs_blocked 0
softirq 317985439 265814790 6549302 599706 10095920 138823 0 24573207 7944110 5 2269576

cpu  1699967 6672 2300722 109679418 38793 0 1028771 0 0 0
cpu0 14012 1046 25738 28397106 12654 0 233834 0 0 0
cpu1 1620650 3224 2183428 24610552 4025 0 301042 0 0 0
cpu2 49855 2306 64543 28288127 9095 0 267529 0 0 0
cpu3 15449 94 27012 28383631 13017 0 226365 0 0 0
intr 2764023500 0 0 404763 75 0 170574 7575460 0 0 0 1777781 0 0 0 0 0 0 0 0 0 0 0 0 0 0 0 0 0 0 0 0 0 0 0 0 0 0 0 0 0 0 0 0 0 0 0 0 0 0 0 0 2471842716 0 0 0 0 0 0 0 0 63721 0 138862 0 0 0 0 0 0 0 0 0 0 0 212081645 1 0 0 0 0 0 0 0 0 0 0 0 0 0 0 0 0 0 0 0 0 0 0 133363 4213 0 0 0 0 4141444 0 0 0 0 0 0 0 0 0 0 0 0 0 0 0 0 0 0 0 0 0 0 0 0 0 0 0 0 0 0 0 0 0 0 0 0 0 0 0 0 0 0 0 0 0 0 0 0 0 0 0 0 0 0 0 0 0 0 0 0 0 0 0 0 0 0 0 0 0 0 0 0 0 0 0 65688884 0 0 0
ctxt 120284639
btime 1673080802
processes 129399
procs_running 1
procs_blocked 0
softirq 317985514 265814790 6549316 599706 10095921 138823 0 24573225 7944143 5 2269585

cpu  1699968 6672 2300725 109679608 38793 0 1028771 0 0 0
cpu0 14012 1046 25738 28397156 12654 0 233834 0 0 0
cpu1 1620650 3224 2183429 24610597 4025 0 301042 0 0 0
cpu2 49856 2306 64544 28288173 9095 0 267529 0 0 0
cpu3 15449 94 27012 28383680 13017 0 226365 0 0 0
intr 2764028686 0 0 404767 75 0 170574 7575494 0 0 0 1777786 0 0 0 0 0 0 0 0 0 0 0 0 0 0 0 0 0 0 0 0 0 0 0 0 0 0 0 0 0 0 0 0 0 0 0 0 0 0 0 0 2471846736 0 0 0 0 0 0 0 0 63721 0 138862 0 0 0 0 0 0 0 0 0 0 0 212081799 1 0 0 0 0 0 0 0 0 0 0 0 0 0 0 0 0 0 0 0 0 0 0 133363 4213 0 0 0 0 4141466 0 0 0 0 0 0 0 0 0 0 0 0 0 0 0 0 0 0 0 0 0 0 0 0 0 0 0 0 0 0 0 0 0 0 0 0 0 0 0 0 0 0 0 0 0 0 0 0 0 0 0 0 0 0 0 0 0 0 0 0 0 0 0 0 0 0 0 0 0 0 0 0 0 0 0 65689831 0 0 0
ctxt 120286548
btime 1673080802
processes 129399
procs_running 1
procs_blocked 0
softirq 317985596 265814798 6549330 599706 10095922 138823 0 24573246 7944172 5 2269594

cpu  1699969 6672 2300729 109679798 38793 0 1028771 0 0 0
cpu0 14012 1046 25738 28397205 12654 0 233834 0 0 0
cpu1 1620651 3224 2183431 24610643 4025 0 301042 0 0 0
cpu2 49856 2306 64546 28288219 9095 0 267529 0 0 0
cpu3 15449 94 27012 28383730 13017 0 226365 0 0 0
intr 2764033843 0 0 404775 75 0 170574 7575525 0 0 0 1777791 0 0 0 0 0 0 0 0 0 0 0 0 0 0 0 0 0 0 0 0 0 0 0 0 0 0 0 0 0 0 0 0 0 0 0 0 0 0 0 0 2471850740 0 0 0 0 0 0 0 0 63721 0 138862 0 0 0 0 0 0 0 0 0 0 0 212081927 1 0 0 0 0 0 0 0 0 0 0 0 0 0 0 0 0 0 0 0 0 0 0 133363 4213 0 0 0 0 4141488 0 0 0 0 0 0 0 0 0 0 0 0 0 0 0 0 0 0 0 0 0 0 0 0 0 0 0 0 0 0 0 0 0 0 0 0 0 0 0 0 0 0 0 0 0 0 0 0 0 0 0 0 0 0 0 0 0 0 0 0 0 0 0 0 0 0 0 0 0 0 0 0 0 0 0 65690788 0 0 0
ctxt 120288453
btime 1673080802
processes 129399
procs_running 1
procs_blocked 0
softirq 317985674 265814798 6549345 599706 10095923 138823 0 24573264 7944203 5 2269607

cpu  1699970 6672 2300734 109679988 38793 0 1028771 0 0 0
cpu0 14012 1046 25738 28397254 12654 0 233834 0 0 0
cpu1 1620652 3224 2183434 24610689 4025 0 301042 0 0 0
cpu2 49856 2306 64548 28288265 9095 0 267529 0 0 0
cpu3 15449 94 27012 28383779 13017 0 226365 0 0 0
intr 2764039050 0 0 404780 75 0 170574 7575557 0 0 0 1777796 0 0 0 0 0 0 0 0 0 0 0 0 0 0 0 0 0 0 0 0 0 0 0 0 0 0 0 0 0 0 0 0 0 0 0 0 0 0 0 0 2471854769 0 0 0 0 0 0 0 0 63721 0 138862 0 0 0 0 0 0 0 0 0 0 0 212082081 1 0 0 0 0 0 0 0 0 0 0 0 0 0 0 0 0 0 0 0 0 0 0 133363 4213 0 0 0 0 4141510 0 0 0 0 0 0 0 0 0 0 0 0 0 0 0 0 0 0 0 0 0 0 0 0 0 0 0 0 0 0 0 0 0 0 0 0 0 0 0 0 0 0 0 0 0 0 0 0 0 0 0 0 0 0 0 0 0 0 0 0 0 0 0 0 0 0 0 0 0 0 0 0 0 0 0 65691749 0 0 0
ctxt 120290372
btime 1673080802
processes 129399
procs_running 1
procs_blocked 0
softirq 317985773 265814806 6549362 599706 10095924 138823 0 24573286 7944241 5 2269620

cpu  1699970 6672 2300738 109680178 38793 0 1028772 0 0 0
cpu0 14012 1046 25738 28397303 12654 0 233834 0 0 0
cpu1 1620652 3224 2183436 24610734 4025 0 301042 0 0 0
cpu2 49856 2306 64550 28288311 9095 0 267529 0 0 0
cpu3 15449 94 27012 28383828 13017 0 226365 0 0 0
intr 2764044234 0 0 404788 75 0 170574 7575600 0 0 0 1777801 0 0 0 0 0 0 0 0 0 0 0 0 0 0 0 0 0 0 0 0 0 0 0 0 0 0 0 0 0 0 0 0 0 0 0 0 0 0 0 0 2471858762 0 0 0 0 0 0 0 0 63721 0 138862 0 0 0 0 0 0 0 0 0 0 0 212082209 1 0 0 0 0 0 0 0 0 0 0 0 0 0 0 0 0 0 0 0 0 0 0 133363 4213 0 0 0 0 4141555 0 0 0 0 0 0 0 0 0 0 0 0 0 0 0 0 0 0 0 0 0 0 0 0 0 0 0 0 0 0 0 0 0 0 0 0 0 0 0 0 0 0 0 0 0 0 0 0 0 0 0 0 0 0 0 0 0 0 0 0 0 0 0 0 0 0 0 0 0 0 0 0 0 0 0 65692712 0 0 0
ctxt 120292327
btime 1673080802
processes 129399
procs_running 1
procs_blocked 0
softirq 317985885 265814806 6549380 599707 10095927 138823 0 24573322 7944278 5 2269637

cpu  1699972 6672 2300741 109680369 38793 0 1028772 0 0 0
cpu0 14012 1046 25738 28397352 12654 0 233834 0 0 0
cpu1 1620652 3224 2183438 24610780 4025 0 301042 0 0 0
cpu2 49857 2306 64551 28288357 9095 0 267529 0 0 0
cpu3 15449 94 27012 28383878 13017 0 226365 0 0 0
intr 2764049429 0 0 404792 75 0 170574 7575634 0 0 0 1777806 0 0 0 0 0 0 0 0 0 0 0 0 0 0 0 0 0 0 0 0 0 0 0 0 0 0 0 0 0 0 0 0 0 0 0 0 0 0 0 0 2471862789 0 0 0 0 0 0 0 0 63721 0 138862 0 0 0 0 0 0 0 0 0 0 0 212082363 1 0 0 0 0 0 0 0 0 0 0 0 0 0 0 0 0 0 0 0 0 0 0 133363 4213 0 0 0 0 4141577 0 0 0 0 0 0 0 0 0 0 0 0 0 0 0 0 0 0 0 0 0 0 0 0 0 0 0 0 0 0 0 0 0 0 0 0 0 0 0 0 0 0 0 0 0 0 0 0 0 0 0 0 0 0 0 0 0 0 0 0 0 0 0 0 0 0 0 0 0 0 0 0 0 0 0 65693660 0 0 0
ctxt 120294244
btime 1673080802
processes 129399
procs_running 1
procs_blocked 0
softirq 317985970 265814814 6549395 599707 10095928 138823 0 24573341 7944309 5 2269648

cpu  1699974 6672 2300744 109680559 38793 0 1028772 0 0 0
cpu0 14012 1046 25738 28397401 12654 0 233834 0 0 0
cpu1 1620654 3224 2183440 24610826 4025 0 301042 0 0 0
cpu2 49858 2306 64552 28288403 9095 0 267529 0 0 0
cpu3 15449 94 27012 28383927 13017 0 226365 0 0 0
intr 2764054560 0 0 404796 75 0 170574 7575660 0 0 0 1777811 0 0 0 0 0 0 0 0 0 0 0 0 0 0 0 0 0 0 0 0 0 0 0 0 0 0 0 0 0 0 0 0 0 0 0 0 0 0 0 0 2471866784 0 0 0 0 0 0 0 0 63721 0 138862 0 0 0 0 0 0 0 0 0 0 0 212082489 1 0 0 0 0 0 0 0 0 0 0 0 0 0 0 0 0 0 0 0 0 0 0 133363 4213 0 0 0 0 4141599 0 0 0 0 0 0 0 0 0 0 0 0 0 0 0 0 0 0 0 0 0 0 0 0 0 0 0 0 0 0 0 0 0 0 0 0 0 0 0 0 0 0 0 0 0 0 0 0 0 0 0 0 0 0 0 0 0 0 0 0 0 0 0 0 0 0 0 0 0 0 0 0 0 0 0 65694613 0 0 0
ctxt 120296138
btime 1673080802
processes 129399
procs_running 1
procs_blocked 0
softirq 317986048 265814814 6549410 599707 10095929 138823 0 24573359 7944343 5 2269658

cpu  1699974 6672 2300747 109680749 38793 0 1028772 0 0 0
cpu0 14012 1046 25738 28397451 12654 0 233834 0 0 0
cpu1 1620654 3224 2183441 24610871 4025 0 301042 0 0 0
cpu2 49858 2306 64554 28288449 9095 0 267529 0 0 0
cpu3 15449 94 27012 28383976 13017 0 226365 0 0 0
intr 2764059763 0 0 404801 75 0 170574 7575689 0 0 0 1777816 0 0 0 0 0 0 0 0 0 0 0 0 0 0 0 0 0 0 0 0 0 0 0 0 0 0 0 0 0 0 0 0 0 0 0 0 0 0 0 0 2471870813 0 0 0 0 0 0 0 0 63721 0 138862 0 0 0 0 0 0 0 0 0 0 0 212082643 1 0 0 0 0 0 0 0 0 0 0 0 0 0 0 0 0 0 0 0 0 0 0 133363 4213 0 0 0 0 4141621 0 0 0 0 0 0 0 0 0 0 0 0 0 0 0 0 0 0 0 0 0 0 0 0 0 0 0 0 0 0 0 0 0 0 0 0 0 0 0 0 0 0 0 0 0 0 0 0 0 0 0 0 0 0 0 0 0 0 0 0 0 0 0 0 0 0 0 0 0 0 0 0 0 0 0 65695572 0 0 0
ctxt 120298066
btime 1673080802
processes 129399
procs_running 1
procs_blocked 0
softirq 317986139 265814822 6549427 599707 10095930 138823 0 24573379 7944379 5 2269667

cpu  1699975 6672 2300749 109680939 38793 0 1028772 0 0 0
cpu0 14012 1046 25738 28397500 12654 0 233834 0 0 0
cpu1 1620655 3224 2183442 24610917 4025 0 301042 0 0 0
cpu2 49858 2306 64554 28288495 9095 0 267529 0 0 0
cpu3 15449 94 27012 28384026 13017 0 226365 0 0 0
intr 2764064891 0 0 404805 75 0 170574 7575714 0 0 0 1777821 0 0 0 0 0 0 0 0 0 0 0 0 0 0 0 0 0 0 0 0 0 0 0 0 0 0 0 0 0 0 0 0 0 0 0 0 0 0 0 0 2471874809 0 0 0 0 0 0 0 0 63721 0 138862 0 0 0 0 0 0 0 0 0 0 0 212082771 1 0 0 0 0 0 0 0 0 0 0 0 0 0 0 0 0 0 0 0 0 0 0 133363 4213 0 0 0 0 4141643 0 0 0 0 0 0 0 0 0 0 0 0 0 0 0 0 0 0 0 0 0 0 0 0 0 0 0 0 0 0 0 0 0 0 0 0 0 0 0 0 0 0 0 0 0 0 0 0 0 0 0 0 0 0 0 0 0 0 0 0 0 0 0 0 0 0 0 0 0 0 0 0 0 0 0 65696521 0 0 0
ctxt 120299967
btime 1673080802
processes 129399
procs_running 1
procs_blocked 0
softirq 317986212 265814822 6549441 599707 10095931 138823 0 24573397 7944409 5 2269677

cpu  1699975 6672 2300751 109681129 38793 0 1028772 0 0 0
cpu0 14012 1046 25738 28397549 12654 0 233834 0 0 0
cpu1 1620655 3224 2183444 24610963 4025 0 301042 0 0 0
cpu2 49858 2306 64556 28288541 9095 0 267529 0 0 0
cpu3 15449 94 27012 28384075 13017 0 226365 0 0 0
intr 2764070086 0 0 404809 75 0 170574 7575746 0 0 0 1777826 0 0 0 0 0 0 0 0 0 0 0 0 0 0 0 0 0 0 0 0 0 0 0 0 0 0 0 0 0 0 0 0 0 0 0 0 0 0 0 0 2471878835 0 0 0 0 0 0 0 0 63721 0 138862 0 0 0 0 0 0 0 0 0 0 0 212082925 1 0 0 0 0 0 0 0 0 0 0 0 0 0 0 0 0 0 0 0 0 0 0 133363 4213 0 0 0 0 4141665 0 0 0 0 0 0 0 0 0 0 0 0 0 0 0 0 0 0 0 0 0 0 0 0 0 0 0 0 0 0 0 0 0 0 0 0 0 0 0 0 0 0 0 0 0 0 0 0 0 0 0 0 0 0 0 0 0 0 0 0 0 0 0 0 0 0 0 0 0 0 0 0 0 0 0 65697473 0 0 0
ctxt 120301893
btime 1673080802
processes 129399
procs_running 1
procs_blocked 0
softirq 317986296 265814830 6549456 599707 10095932 138823 0 24573416 7944441 5 2269686

cpu  1699976 6672 2300756 109681319 38793 0 1028772 0 0 0
cpu0 14012 1046 25738 28397598 12654 0 233834 0 0 0
cpu1 1620656 3224 2183446 24611008 4025 0 301042 0 0 0
cpu2 49859 2306 64558 28288587 9095 0 267529 0 0 0
cpu3 15449 94 27012 28384124 13017 0 226365 0 0 0
intr 2764075221 0 0 404813 75 0 170574 7575776 0 0 0 1777831 0 0 0 0 0 0 0 0 0 0 0 0 0 0 0 0 0 0 0 0 0 0 0 0 0 0 0 0 0 0 0 0 0 0 0 0 0 0 0 0 2471882829 0 0 0 0 0 0 0 0 63721 0 138862 0 0 0 0 0 0 0 0 0 0 0 212083053 1 0 0 0 0 0 0 0 0 0 0 0 0 0 0 0 0 0 0 0 0 0 0 133363 4213 0 0 0 0 4141687 0 0 0 0 0 0 0 0 0 0 0 0 0 0 0 0 0 0 0 0 0 0 0 0 0 0 0 0 0 0 0 0 0 0 0 0 0 0 0 0 0 0 0 0 0 0 0 0 0 0 0 0 0 0 0 0 0 0 0 0 0 0 0 0 0 0 0 0 0 0 0 0 0 0 0 65698423 0 0 0
ctxt 120303788
btime 1673080802
processes 129399
procs_running 1
procs_blocked 0
softirq 317986372 265814830 6549470 599707 10095933 138823 0 24573434 7944475 5 2269695

cpu  1699977 6672 2300760 109681510 38793 0 1028772 0 0 0
cpu0 14012 1046 25739 28397648 12654 0 233834 0 0 0
cpu1 1620656 3224 2183447 24611054 4025 0 301042 0 0 0
cpu2 49859 2306 64560 28288633 9095 0 267529 0 0 0
cpu3 15449 94 27012 28384174 13017 0 226365 0 0 0
intr 2764080421 0 0 404818 75 0 170574 7575811 0 0 0 1777836 0 0 0 0 0 0 0 0 0 0 0 0 0 0 0 0 0 0 0 0 0 0 0 0 0 0 0 0 0 0 0 0 0 0 0 0 0 0 0 0 2471886857 0 0 0 0 0 0 0 0 63721 0 138862 0 0 0 0 0 0 0 0 0 0 0 212083207 1 0 0 0 0 0 0 0 0 0 0 0 0 0 0 0 0 0 0 0 0 0 0 133363 4213 0 0 0 0 4141709 0 0 0 0 0 0 0 0 0 0 0 0 0 0 0 0 0 0 0 0 0 0 0 0 0 0 0 0 0 0 0 0 0 0 0 0 0 0 0 0 0 0 0 0 0 0 0 0 0 0 0 0 0 0 0 0 0 0 0 0 0 0 0 0 0 0 0 0 0 0 0 0 0 0 0 65699375 0 0 0
ctxt 120305708
btime 1673080802
processes 129399
procs_running 1
procs_blocked 0
softirq 317986461 265814838 6549487 599707 10095934 138823 0 24573453 7944509 5 2269705

cpu  1699977 6672 2300763 109681700 38793 0 1028772 0 0 0
cpu0 14012 1046 25739 28397697 12654 0 233834 0 0 0
cpu1 1620656 3224 2183448 24611100 4025 0 301042 0 0 0
cpu2 49859 2306 64562 28288679 9095 0 267529 0 0 0
cpu3 15449 94 27012 28384223 13017 0 226365 0 0 0
intr 2764085557 0 0 404822 75 0 170574 7575840 0 0 0 1777841 0 0 0 0 0 0 0 0 0 0 0 0 0 0 0 0 0 0 0 0 0 0 0 0 0 0 0 0 0 0 0 0 0 0 0 0 0 0 0 0 2471890859 0 0 0 0 0 0 0 0 63721 0 138862 0 0 0 0 0 0 0 0 0 0 0 212083335 1 0 0 0 0 0 0 0 0 0 0 0 0 0 0 0 0 0 0 0 0 0 0 133363 4213 0 0 0 0 4141731 0 0 0 0 0 0 0 0 0 0 0 0 0 0 0 0 0 0 0 0 0 0 0 0 0 0 0 0 0 0 0 0 0 0 0 0 0 0 0 0 0 0 0 0 0 0 0 0 0 0 0 0 0 0 0 0 0 0 0 0 0 0 0 0 0 0 0 0 0 0 0 0 0 0 0 65700321 0 0 0
ctxt 120307601
btime 1673080802
processes 129399
procs_running 1
procs_blocked 0
softirq 317986534 265814838 6549501 599707 10095935 138823 0 24573471 7944539 5 2269715

cpu  1699978 6672 2300766 109681890 38793 0 1028772 0 0 0
cpu0 14012 1046 25739 28397746 12654 0 233834 0 0 0
cpu1 1620657 3224 2183450 24611145 4025 0 301042 0 0 0
cpu2 49860 2306 64564 28288725 9095 0 267529 0 0 0
cpu3 15449 94 27012 28384272 13017 0 226365 0 0 0
intr 2764090760 0 0 404826 75 0 170574 7575881 0 0 0 1777846 0 0 0 0 0 0 0 0 0 0 0 0 0 0 0 0 0 0 0 0 0 0 0 0 0 0 0 0 0 0 0 0 0 0 0 0 0 0 0 0 2471894883 0 0 0 0 0 0 0 0 63721 0 138862 0 0 0 0 0 0 0 0 0 0 0 212083489 1 0 0 0 0 0 0 0 0 0 0 0 0 0 0 0 0 0 0 0 0 0 0 133363 4213 0 0 0 0 4141753 0 0 0 0 0 0 0 0 0 0 0 0 0 0 0 0 0 0 0 0 0 0 0 0 0 0 0 0 0 0 0 0 0 0 0 0 0 0 0 0 0 0 0 0 0 0 0 0 0 0 0 0 0 0 0 0 0 0 0 0 0 0 0 0 0 0 0 0 0 0 0 0 0 0 0 65701274 0 0 0
ctxt 120309524
btime 1673080802
processes 129399
procs_running 1
procs_blocked 0
softirq 317986631 265814846 6549519 599707 10095936 138823 0 24573494 7944576 5 2269725

cpu  1699979 6672 2300770 109682080 38793 0 1028772 0 0 0
cpu0 14012 1046 25739 28397795 12654 0 233834 0 0 0
cpu1 1620657 3224 2183452 24611191 4025 0 301042 0 0 0
cpu2 49860 2306 64566 28288771 9095 0 267529 0 0 0
cpu3 15449 94 27012 28384322 13017 0 226365 0 0 0
intr 2764095910 0 0 404830 75 0 170574 7575911 0 0 0 1777851 0 0 0 0 0 0 0 0 0 0 0 0 0 0 0 0 0 0 0 0 0 0 0 0 0 0 0 0 0 0 0 0 0 0 0 0 0 0 0 0 2471898887 0 0 0 0 0 0 0 0 63721 0 138862 0 0 0 0 0 0 0 0 0 0 0 212083617 1 0 0 0 0 0 0 0 0 0 0 0 0 0 0 0 0 0 0 0 0 0 0 133363 4213 0 0 0 0 4141775 0 0 0 0 0 0 0 0 0 0 0 0 0 0 0 0 0 0 0 0 0 0 0 0 0 0 0 0 0 0 0 0 0 0 0 0 0 0 0 0 0 0 0 0 0 0 0 0 0 0 0 0 0 0 0 0 0 0 0 0 0 0 0 0 0 0 0 0 0 0 0 0 0 0 0 65702231 0 0 0
ctxt 120311423
btime 1673080802
processes 129399
procs_running 1
procs_blocked 0
softirq 317986712 265814846 6549533 599708 10095937 138823 0 24573512 7944612 5 2269736

cpu  1699980 6672 2300774 109682270 38793 0 1028772 0 0 0
cpu0 14012 1046 25739 28397844 12654 0 233834 0 0 0
cpu1 1620658 3224 2183455 24611237 4025 0 301042 0 0 0
cpu2 49860 2306 64567 28288816 9095 0 267529 0 0 0
cpu3 15449 94 27012 28384371 13017 0 226365 0 0 0
intr 2764101114 0 0 404835 75 0 170574 7575951 0 0 0 1777856 0 0 0 0 0 0 0 0 0 0 0 0 0 0 0 0 0 0 0 0 0 0 0 0 0 0 0 0 0 0 0 0 0 0 0 0 0 0 0 0 2471902905 0 0 0 0 0 0 0 0 63721 0 138862 0 0 0 0 0 0 0 0 0 0 0 212083771 1 0 0 0 0 0 0 0 0 0 0 0 0 0 0 0 0 0 0 0 0 0 0 133363 4213 0 0 0 0 4141797 0 0 0 0 0 0 0 0 0 0 0 0 0 0 0 0 0 0 0 0 0 0 0 0 0 0 0 0 0 0 0 0 0 0 0 0 0 0 0 0 0 0 0 0 0 0 0 0 0 0 0 0 0 0 0 0 0 0 0 0 0 0 0 0 0 0 0 0 0 0 0 0 0 0 0 65703191 0 0 0
ctxt 120313349
btime 1673080802
processes 129399
procs_running 1
procs_blocked 0
softirq 317986807 265814854 6549550 599708 10095938 138823 0 24573531 7944649 5 2269749

cpu  1699982 6672 2300777 109682461 38793 0 1028772 0 0 0
cpu0 14012 1046 25739 28397893 12654 0 233834 0 0 0
cpu1 1620658 3224 2183457 24611283 4025 0 301042 0 0 0
cpu2 49861 2306 64568 28288862 9095 0 267529 0 0 0
cpu3 15449 94 27012 28384420 13017 0 226365 0 0 0
intr 2764106239 0 0 404835 75 0 170574 7575974 0 0 0 1777861 0 0 0 0 0 0 0 0 0 0 0 0 0 0 0 0 0 0 0 0 0 0 0 0 0 0 0 0 0 0 0 0 0 0 0 0 0 0 0 0 2471906908 0 0 0 0 0 0 0 0 63721 0 138862 0 0 0 0 0 0 0 0 0 0 0 212083899 1 0 0 0 0 0 0 0 0 0 0 0 0 0 0 0 0 0 0 0 0 0 0 133363 4213 0 0 0 0 4141819 0 0 0 0 0 0 0 0 0 0 0 0 0 0 0 0 0 0 0 0 0 0 0 0 0 0 0 0 0 0 0 0 0 0 0 0 0 0 0 0 0 0 0 0 0 0 0 0 0 0 0 0 0 0 0 0 0 0 0 0 0 0 0 0 0 0 0 0 0 0 0 0 0 0 0 65704135 0 0 0
ctxt 120315249
btime 1673080802
processes 129399
procs_running 1
procs_blocked 0
softirq 317986878 265814854 6549564 599708 10095939 138823 0 24573549 7944677 5 2269759

cpu  1699982 6672 2300781 109682650 38793 0 1028772 0 0 0
cpu0 14012 1046 25739 28397942 12654 0 233834 0 0 0
cpu1 1620658 3224 2183459 24611329 4025 0 301042 0 0 0
cpu2 49861 2306 64570 28288908 9095 0 267529 0 0 0
cpu3 15449 94 27012 28384470 13017 0 226365 0 0 0
intr 2764111413 0 0 404835 75 0 170574 7576003 0 0 0 1777866 0 0 0 0 0 0 0 0 0 0 0 0 0 0 0 0 0 0 0 0 0 0 0 0 0 0 0 0 0 0 0 0 0 0 0 0 0 0 0 0 2471910929 0 0 0 0 0 0 0 0 63721 0 138862 0 0 0 0 0 0 0 0 0 0 0 212084053 1 0 0 0 0 0 0 0 0 0 0 0 0 0 0 0 0 0 0 0 0 0 0 133363 4213 0 0 0 0 4141841 0 0 0 0 0 0 0 0 0 0 0 0 0 0 0 0 0 0 0 0 0 0 0 0 0 0 0 0 0 0 0 0 0 0 0 0 0 0 0 0 0 0 0 0 0 0 0 0 0 0 0 0 0 0 0 0 0 0 0 0 0 0 0 0 0 0 0 0 0 0 0 0 0 0 0 65705078 0 0 0
ctxt 120317172
btime 1673080802
processes 129399
procs_running 1
procs_blocked 0
softirq 317986960 265814862 6549580 599708 10095940 138823 0 24573568 7944703 5 2269771

cpu  1699982 6672 2300785 109682840 38793 0 1028772 0 0 0
cpu0 14012 1046 25739 28397991 12654 0 233834 0 0 0
cpu1 1620659 3224 2183461 24611375 4025 0 301042 0 0 0
cpu2 49861 2306 64571 28288954 9095 0 267529 0 0 0
cpu3 15449 94 27012 28384519 13017 0 226365 0 0 0
intr 2764116546 0 0 404835 75 0 170574 7576028 0 0 0 1777871 0 0 0 0 0 0 0 0 0 0 0 0 0 0 0 0 0 0 0 0 0 0 0 0 0 0 0 0 0 0 0 0 0 0 0 0 0 0 0 0 2471914933 0 0 0 0 0 0 0 0 63721 0 138862 0 0 0 0 0 0 0 0 0 0 0 212084181 1 0 0 0 0 0 0 0 0 0 0 0 0 0 0 0 0 0 0 0 0 0 0 133363 4213 0 0 0 0 4141863 0 0 0 0 0 0 0 0 0 0 0 0 0 0 0 0 0 0 0 0 0 0 0 0 0 0 0 0 0 0 0 0 0 0 0 0 0 0 0 0 0 0 0 0 0 0 0 0 0 0 0 0 0 0 0 0 0 0 0 0 0 0 0 0 0 0 0 0 0 0 0 0 0 0 0 65706028 0 0 0
ctxt 120319078
btime 1673080802
processes 129399
procs_running 2
procs_blocked 0
softirq 317987034 265814862 6549594 599708 10095941 138823 0 24573586 7944733 5 2269782

cpu  1699982 6672 2300789 109683031 38793 0 1028773 0 0 0
cpu0 14012 1046 25739 28398040 12654 0 233835 0 0 0
cpu1 1620659 3224 2183464 24611421 4025 0 301042 0 0 0
cpu2 49861 2306 64573 28289000 9095 0 267529 0 0 0
cpu3 15449 94 27012 28384569 13017 0 226365 0 0 0
intr 2764121764 0 0 404840 75 0 170575 7576066 0 0 0 1777875 0 0 0 0 0 0 0 0 0 0 0 0 0 0 0 0 0 0 0 0 0 0 0 0 0 0 0 0 0 0 0 0 0 0 0 0 0 0 0 0 2471918962 0 0 0 0 0 0 0 0 63721 0 138862 0 0 0 0 0 0 0 0 0 0 0 212084335 1 0 0 0 0 0 0 0 0 0 0 0 0 0 0 0 0 0 0 0 0 0 0 133363 4213 0 0 0 0 4141885 0 0 0 0 0 0 0 0 0 0 0 0 0 0 0 0 0 0 0 0 0 0 0 0 0 0 0 0 0 0 0 0 0 0 0 0 0 0 0 0 0 0 0 0 0 0 0 0 0 0 0 0 0 0 0 0 0 0 0 0 0 0 0 0 0 0 0 0 0 0 0 0 0 0 0 65706991 0 0 0
ctxt 120321018
btime 1673080802
processes 129400
procs_running 1
procs_blocked 0
softirq 317987133 265814870 6549611 599708 10095942 138823 0 24573607 7944773 5 2269794

cpu  1699982 6672 2300796 109683220 38793 0 1028773 0 0 0
cpu0 14012 1046 25739 28398089 12654 0 233835 0 0 0
cpu1 1620659 3224 2183467 24611467 4025 0 301042 0 0 0
cpu2 49861 2306 64576 28289046 9095 0 267529 0 0 0
cpu3 15449 94 27012 28384618 13017 0 226365 0 0 0
intr 2764126889 0 0 404840 75 0 170575 7576090 0 0 0 1777880 0 0 0 0 0 0 0 0 0 0 0 0 0 0 0 0 0 0 0 0 0 0 0 0 0 0 0 0 0 0 0 0 0 0 0 0 0 0 0 0 2471922958 0 0 0 0 0 0 0 0 63721 0 138862 0 0 0 0 0 0 0 0 0 0 0 212084463 1 0 0 0 0 0 0 0 0 0 0 0 0 0 0 0 0 0 0 0 0 0 0 133363 4213 0 0 0 0 4141907 0 0 0 0 0 0 0 0 0 0 0 0 0 0 0 0 0 0 0 0 0 0 0 0 0 0 0 0 0 0 0 0 0 0 0 0 0 0 0 0 0 0 0 0 0 0 0 0 0 0 0 0 0 0 0 0 0 0 0 0 0 0 0 0 0 0 0 0 0 0 0 0 0 0 0 65707941 0 0 0
ctxt 120322913
btime 1673080802
processes 129400
procs_running 1
procs_blocked 0
softirq 317987211 265814870 6549626 599708 10095943 138823 0 24573625 7944805 5 2269806

cpu  1699983 6672 2300799 109683410 38793 0 1028773 0 0 0
cpu0 14012 1046 25739 28398138 12654 0 233835 0 0 0
cpu1 1620660 3224 2183468 24611512 4025 0 301042 0 0 0
cpu2 49862 2306 64578 28289092 9095 0 267529 0 0 0
cpu3 15449 94 27012 28384667 13017 0 226365 0 0 0
intr 2764132088 0 0 404844 75 0 170575 7576125 0 0 0 1777885 0 0 0 0 0 0 0 0 0 0 0 0 0 0 0 0 0 0 0 0 0 0 0 0 0 0 0 0 0 0 0 0 0 0 0 0 0 0 0 0 2471926978 0 0 0 0 0 0 0 0 63721 0 138862 0 0 0 0 0 0 0 0 0 0 0 212084617 1 0 0 0 0 0 0 0 0 0 0 0 0 0 0 0 0 0 0 0 0 0 0 133363 4213 0 0 0 0 4141929 0 0 0 0 0 0 0 0 0 0 0 0 0 0 0 0 0 0 0 0 0 0 0 0 0 0 0 0 0 0 0 0 0 0 0 0 0 0 0 0 0 0 0 0 0 0 0 0 0 0 0 0 0 0 0 0 0 0 0 0 0 0 0 0 0 0 0 0 0 0 0 0 0 0 0 65708900 0 0 0
ctxt 120324838
btime 1673080802
processes 129400
procs_running 1
procs_blocked 0
softirq 317987306 265814878 6549644 599708 10095944 138823 0 24573644 7944840 5 2269820

cpu  1699985 6672 2300804 109683600 38793 0 1028773 0 0 0
cpu0 14012 1046 25739 28398186 12654 0 233835 0 0 0
cpu1 1620661 3224 2183470 24611558 4025 0 301042 0 0 0
cpu2 49862 2306 64582 28289138 9095 0 267529 0 0 0
cpu3 15449 94 27012 28384716 13017 0 226365 0 0 0
intr 2764137234 0 0 404848 75 0 170575 7576151 0 0 0 1777890 0 0 0 0 0 0 0 0 0 0 0 0 0 0 0 0 0 0 0 0 0 0 0 0 0 0 0 0 0 0 0 0 0 0 0 0 0 0 0 0 2471930980 0 0 0 0 0 0 0 0 63721 0 138862 0 0 0 0 0 0 0 0 0 0 0 212084745 1 0 0 0 0 0 0 0 0 0 0 0 0 0 0 0 0 0 0 0 0 0 0 133363 4213 0 0 0 0 4141951 0 0 0 0 0 0 0 0 0 0 0 0 0 0 0 0 0 0 0 0 0 0 0 0 0 0 0 0 0 0 0 0 0 0 0 0 0 0 0 0 0 0 0 0 0 0 0 0 0 0 0 0 0 0 0 0 0 0 0 0 0 0 0 0 0 0 0 0 0 0 0 0 0 0 0 65709860 0 0 0
ctxt 120326746
btime 1673080802
processes 129400
procs_running 1
procs_blocked 0
softirq 317987387 265814878 6549659 599708 10095945 138823 0 24573662 7944875 5 2269832

cpu  1699994 6672 2300806 109683779 38793 0 1028774 0 0 0
cpu0 14012 1046 25739 28398235 12654 0 233835 0 0 0
cpu1 1620666 3224 2183471 24611599 4025 0 301043 0 0 0
cpu2 49866 2306 64583 28289179 9095 0 267530 0 0 0
cpu3 15449 94 27012 28384765 13017 0 226365 0 0 0
intr 2764143209 0 0 404853 75 0 170575 7576189 0 0 0 1777895 0 0 0 0 0 0 0 0 0 0 0 0 0 0 0 0 0 0 0 0 0 0 0 0 0 0 0 0 0 0 0 0 0 0 0 0 0 0 0 0 2471935438 0 0 0 0 0 0 0 0 63721 0 138862 0 0 0 0 0 0 0 0 0 0 0 212085321 1 0 0 0 0 0 0 0 0 0 0 0 0 0 0 0 0 0 0 0 0 0 0 133363 4213 0 0 0 0 4141973 0 0 0 0 0 0 0 0 0 0 0 0 0 0 0 0 0 0 0 0 0 0 0 0 0 0 0 0 0 0 0 0 0 0 0 0 0 0 0 0 0 0 0 0 0 0 0 0 0 0 0 0 0 0 0 0 0 0 0 0 0 0 0 0 0 0 0 0 0 0 0 0 0 0 0 65710740 0 0 0
ctxt 120328500
btime 1673080802
processes 129400
procs_running 4
procs_blocked 0
softirq 317988202 265815381 6549676 599708 10095958 138823 0 24573892 7944915 5 2269844

cpu  1700003 6672 2300811 109683957 38793 0 1028775 0 0 0
cpu0 14012 1046 25740 28398282 12654 0 233835 0 0 0
cpu1 1620670 3224 2183472 24611641 4025 0 301043 0 0 0
cpu2 49871 2306 64585 28289220 9095 0 267530 0 0 0
cpu3 15449 94 27013 28384813 13017 0 226365 0 0 0
intr 2764149294 0 0 404853 75 0 170575 7576258 0 0 0 1777900 0 0 0 0 0 0 0 0 0 0 0 0 0 0 0 0 0 0 0 0 0 0 0 0 0 0 0 0 0 0 0 0 0 0 0 0 0 0 0 0 2471939890 0 0 0 0 0 0 0 0 63721 0 138894 0 0 0 0 0 0 0 0 0 0 0 212085899 1 0 0 0 0 0 0 0 0 0 0 0 0 0 0 0 0 0 0 0 0 0 0 133395 4213 0 0 0 0 4141995 0 0 0 0 0 0 0 0 0 0 0 0 0 0 0 0 0 0 0 0 0 0 0 0 0 0 0 0 0 0 0 0 0 0 0 0 0 0 0 0 0 0 0 0 0 0 0 0 0 0 0 0 0 0 0 0 0 0 0 0 0 0 0 0 0 0 0 0 0 0 0 0 0 0 0 65711626 0 0 0
ctxt 120330557
btime 1673080802
processes 129400
procs_running 1
procs_blocked 0
softirq 317989193 265815883 6549695 599709 10095974 138855 0 24574257 7944956 5 2269859

cpu  1700012 6672 2300814 109684137 38793 0 1028776 0 0 0
cpu0 14012 1046 25740 28398330 12654 0 233835 0 0 0
cpu1 1620674 3224 2183473 24611682 4025 0 301043 0 0 0
cpu2 49875 2306 64588 28289262 9095 0 267531 0 0 0
cpu3 15449 94 27013 28384862 13017 0 226365 0 0 0
intr 2764155269 0 0 404857 75 0 170575 7576295 0 0 0 1777905 0 0 0 0 0 0 0 0 0 0 0 0 0 0 0 0 0 0 0 0 0 0 0 0 0 0 0 0 0 0 0 0 0 0 0 0 0 0 0 0 2471944343 0 0 0 0 0 0 0 0 63721 0 138894 0 0 0 0 0 0 0 0 0 0 0 212086468 1 0 0 0 0 0 0 0 0 0 0 0 0 0 0 0 0 0 0 0 0 0 0 133395 4213 0 0 0 0 4142017 0 0 0 0 0 0 0 0 0 0 0 0 0 0 0 0 0 0 0 0 0 0 0 0 0 0 0 0 0 0 0 0 0 0 0 0 0 0 0 0 0 0 0 0 0 0 0 0 0 0 0 0 0 0 0 0 0 0 0 0 0 0 0 0 0 0 0 0 0 0 0 0 0 0 0 65712513 0 0 0
ctxt 120332342
btime 1673080802
processes 129400
procs_running 2
procs_blocked 0
softirq 317990011 265816394 6549713 599709 10095989 138855 0 24574479 7944994 5 2269873

cpu  1700020 6672 2300818 109684317 38793 0 1028778 0 0 0
cpu0 14012 1046 25740 28398378 12654 0 233836 0 0 0
cpu1 1620678 3224 2183475 24611723 4025 0 301044 0 0 0
cpu2 49880 2306 64590 28289303 9095 0 267531 0 0 0
cpu3 15449 94 27013 28384911 13017 0 226366 0 0 0
intr 2764161254 0 0 404857 75 0 170575 7576332 0 0 0 1777910 0 0 0 0 0 0 0 0 0 0 0 0 0 0 0 0 0 0 0 0 0 0 0 0 0 0 0 0 0 0 0 0 0 0 0 0 0 0 0 0 2471948800 0 0 0 0 0 0 0 0 63721 0 138894 0 0 0 0 0 0 0 0 0 0 0 212087052 1 0 0 0 0 0 0 0 0 0 0 0 0 0 0 0 0 0 0 0 0 0 0 133395 4213 0 0 0 0 4142039 0 0 0 0 0 0 0 0 0 0 0 0 0 0 0 0 0 0 0 0 0 0 0 0 0 0 0 0 0 0 0 0 0 0 0 0 0 0 0 0 0 0 0 0 0 0 0 0 0 0 0 0 0 0 0 0 0 0 0 0 0 0 0 0 0 0 0 0 0 0 0 0 0 0 0 65713390 0 0 0
ctxt 120334127
btime 1673080802
processes 129400
procs_running 1
procs_blocked 0
softirq 317990845 265816889 6549729 599709 10096004 138855 0 24574740 7945027 5 2269887

cpu  1700028 6672 2300822 109684497 38793 0 1028779 0 0 0
cpu0 14012 1046 25740 28398426 12654 0 233836 0 0 0
cpu1 1620682 3224 2183477 24611765 4025 0 301044 0 0 0
cpu2 49884 2306 64591 28289345 9095 0 267532 0 0 0
cpu3 15449 94 27013 28384959 13017 0 226366 0 0 0
intr 2764167209 0 0 404858 75 0 170575 7576363 0 0 0 1777915 0 0 0 0 0 0 0 0 0 0 0 0 0 0 0 0 0 0 0 0 0 0 0 0 0 0 0 0 0 0 0 0 0 0 0 0 0 0 0 0 2471953247 0 0 0 0 0 0 0 0 63721 0 138894 0 0 0 0 0 0 0 0 0 0 0 212087615 1 0 0 0 0 0 0 0 0 0 0 0 0 0 0 0 0 0 0 0 0 0 0 133395 4213 0 0 0 0 4142061 0 0 0 0 0 0 0 0 0 0 0 0 0 0 0 0 0 0 0 0 0 0 0 0 0 0 0 0 0 0 0 0 0 0 0 0 0 0 0 0 0 0 0 0 0 0 0 0 0 0 0 0 0 0 0 0 0 0 0 0 0 0 0 0 0 0 0 0 0 0 0 0 0 0 0 65714277 0 0 0
ctxt 120335894
btime 1673080802
processes 129400
procs_running 1
procs_blocked 0
softirq 317991679 265817368 6549746 599709 10096020 138855 0 24575015 7945060 5 2269901

cpu  1700037 6672 2300825 109684676 38793 0 1028782 0 0 0
cpu0 14012 1046 25740 28398475 12654 0 233836 0 0 0
cpu1 1620687 3224 2183478 24611806 4025 0 301045 0 0 0
cpu2 49888 2306 64593 28289386 9095 0 267533 0 0 0
cpu3 15449 94 27013 28385008 13017 0 226366 0 0 0
intr 2764173187 0 0 404858 75 0 170575 7576403 0 0 0 1777920 0 0 0 0 0 0 0 0 0 0 0 0 0 0 0 0 0 0 0 0 0 0 0 0 0 0 0 0 0 0 0 0 0 0 0 0 0 0 0 0 2471957698 0 0 0 0 0 0 0 0 63721 0 138894 0 0 0 0 0 0 0 0 0 0 0 212088195 1 0 0 0 0 0 0 0 0 0 0 0 0 0 0 0 0 0 0 0 0 0 0 133395 4213 0 0 0 0 4142083 0 0 0 0 0 0 0 0 0 0 0 0 0 0 0 0 0 0 0 0 0 0 0 0 0 0 0 0 0 0 0 0 0 0 0 0 0 0 0 0 0 0 0 0 0 0 0 0 0 0 0 0 0 0 0 0 0 0 0 0 0 0 0 0 0 0 0 0 0 0 0 0 0 0 0 65715156 0 0 0
ctxt 120337685
btime 1673080802
processes 129400
procs_running 1
procs_blocked 0
softirq 317992608 265817954 6549764 599709 10096033 138855 0 24575278 7945095 5 2269915

cpu  1700045 6672 2300828 109684857 38793 0 1028783 0 0 0
cpu0 14012 1046 25740 28398523 12654 0 233836 0 0 0
cpu1 1620692 3224 2183479 24611847 4025 0 301046 0 0 0
cpu2 49891 2306 64594 28289428 9095 0 267534 0 0 0
cpu3 15449 94 27013 28385057 13017 0 226366 0 0 0
intr 2764179086 0 0 404860 75 0 170575 7576436 0 0 0 1777925 0 0 0 0 0 0 0 0 0 0 0 0 0 0 0 0 0 0 0 0 0 0 0 0 0 0 0 0 0 0 0 0 0 0 0 0 0 0 0 0 2471962109 0 0 0 0 0 0 0 0 63721 0 138894 0 0 0 0 0 0 0 0 0 0 0 212088734 1 0 0 0 0 0 0 0 0 0 0 0 0 0 0 0 0 0 0 0 0 0 0 133395 4213 0 0 0 0 4142105 0 0 0 0 0 0 0 0 0 0 0 0 0 0 0 0 0 0 0 0 0 0 0 0 0 0 0 0 0 0 0 0 0 0 0 0 0 0 0 0 0 0 0 0 0 0 0 0 0 0 0 0 0 0 0 0 0 0 0 0 0 0 0 0 0 0 0 0 0 0 0 0 0 0 0 65716044 0 0 0
ctxt 120339472
btime 1673080802
processes 129400
procs_running 3
procs_blocked 0
softirq 317993403 265818445 6549781 599709 10096047 138855 0 24575507 7945127 5 2269927

cpu  1700053 6672 2300831 109685037 38793 0 1028784 0 0 0
cpu0 14012 1046 25740 28398571 12654 0 233836 0 0 0
cpu1 1620696 3224 2183481 24611889 4025 0 301046 0 0 0
cpu2 49895 2306 64596 28289470 9095 0 267534 0 0 0
cpu3 15449 94 27013 28385105 13017 0 226366 0 0 0
intr 2764184994 0 0 404862 75 0 170575 7576474 0 0 0 1777930 0 0 0 0 0 0 0 0 0 0 0 0 0 0 0 0 0 0 0 0 0 0 0 0 0 0 0 0 0 0 0 0 0 0 0 0 0 0 0 0 2471966533 0 0 0 0 0 0 0 0 63721 0 138894 0 0 0 0 0 0 0 0 0 0 0 212089273 1 0 0 0 0 0 0 0 0 0 0 0 0 0 0 0 0 0 0 0 0 0 0 133395 4213 0 0 0 0 4142127 0 0 0 0 0 0 0 0 0 0 0 0 0 0 0 0 0 0 0 0 0 0 0 0 0 0 0 0 0 0 0 0 0 0 0 0 0 0 0 0 0 0 0 0 0 0 0 0 0 0 0 0 0 0 0 0 0 0 0 0 0 0 0 0 0 0 0 0 0 0 0 0 0 0 0 65716923 0 0 0
ctxt 120341240
btime 1673080802
processes 129400
procs_running 1
procs_blocked 0
softirq 317994158 265818849 6549800 599709 10096063 138855 0 24575780 7945159 5 2269938

cpu  1700062 6672 2300833 109685216 38793 0 1028784 0 0 0
cpu0 14012 1046 25740 28398619 12654 0 233836 0 0 0
cpu1 1620701 3224 2183481 24611931 4025 0 301046 0 0 0
cpu2 49899 2306 64598 28289511 9095 0 267535 0 0 0
cpu3 15449 94 27013 28385154 13017 0 226366 0 0 0
intr 2764190952 0 0 404863 75 0 170575 7576507 0 0 0 1777935 0 0 0 0 0 0 0 0 0 0 0 0 0 0 0 0 0 0 0 0 0 0 0 0 0 0 0 0 0 0 0 0 0 0 0 0 0 0 0 0 2471970969 0 0 0 0 0 0 0 0 63721 0 138894 0 0 0 0 0 0 0 0 0 0 0 212089837 1 0 0 0 0 0 0 0 0 0 0 0 0 0 0 0 0 0 0 0 0 0 0 133395 4213 0 0 0 0 4142149 0 0 0 0 0 0 0 0 0 0 0 0 0 0 0 0 0 0 0 0 0 0 0 0 0 0 0 0 0 0 0 0 0 0 0 0 0 0 0 0 0 0 0 0 0 0 0 0 0 0 0 0 0 0 0 0 0 0 0 0 0 0 0 0 0 0 0 0 0 0 0 0 0 0 0 65717818 0 0 0
ctxt 120343024
btime 1673080802
processes 129400
procs_running 1
procs_blocked 0
softirq 317995032 265819410 6549820 599709 10096079 138855 0 24575993 7945201 5 2269960

cpu  1700071 6672 2300836 109685397 38793 0 1028786 0 0 0
cpu0 14012 1046 25740 28398667 12654 0 233836 0 0 0
cpu1 1620708 3224 2183482 24611971 4025 0 301046 0 0 0
cpu2 49901 2306 64600 28289554 9095 0 267536 0 0 0
cpu3 15449 94 27013 28385203 13017 0 226366 0 0 0
intr 2764196956 0 0 404867 75 0 170575 7576546 0 0 0 1777940 0 0 0 0 0 0 0 0 0 0 0 0 0 0 0 0 0 0 0 0 0 0 0 0 0 0 0 0 0 0 0 0 0 0 0 0 0 0 0 0 2471975432 0 0 0 0 0 0 0 0 63721 0 138894 0 0 0 0 0 0 0 0 0 0 0 212090421 1 0 0 0 0 0 0 0 0 0 0 0 0 0 0 0 0 0 0 0 0 0 0 133395 4213 0 0 0 0 4142171 0 0 0 0 0 0 0 0 0 0 0 0 0 0 0 0 0 0 0 0 0 0 0 0 0 0 0 0 0 0 0 0 0 0 0 0 0 0 0 0 0 0 0 0 0 0 0 0 0 0 0 0 0 0 0 0 0 0 0 0 0 0 0 0 0 0 0 0 0 0 0 0 0 0 0 65718705 0 0 0
ctxt 120344838
btime 1673080802
processes 129400
procs_running 1
procs_blocked 0
softirq 317995916 265819987 6549836 599709 10096095 138855 0 24576224 7945233 5 2269972

cpu  1700081 6672 2300840 109685576 38793 0 1028786 0 0 0
cpu0 14012 1046 25740 28398716 12654 0 233836 0 0 0
cpu1 1620712 3224 2183484 24612012 4025 0 301047 0 0 0
cpu2 49906 2306 64602 28289596 9095 0 267536 0 0 0
cpu3 15449 94 27013 28385251 13017 0 226366 0 0 0
intr 2764202880 0 0 404867 75 0 170575 7576578 0 0 0 1777945 0 0 0 0 0 0 0 0 0 0 0 0 0 0 0 0 0 0 0 0 0 0 0 0 0 0 0 0 0 0 0 0 0 0 0 0 0 0 0 0 2471979858 0 0 0 0 0 0 0 0 63721 0 138894 0 0 0 0 0 0 0 0 0 0 0 212090984 1 0 0 0 0 0 0 0 0 0 0 0 0 0 0 0 0 0 0 0 0 0 0 133395 4213 0 0 0 0 4142190 0 0 0 0 0 0 0 0 0 0 0 0 0 0 0 0 0 0 0 0 0 0 0 0 0 0 0 0 0 0 0 0 0 0 0 0 0 0 0 0 0 0 0 0 0 0 0 0 0 0 0 0 0 0 0 0 0 0 0 0 0 0 0 0 0 0 0 0 0 0 0 0 0 0 0 65719585 0 0 0
ctxt 120346593
btime 1673080802
processes 129400
procs_running 1
procs_blocked 0
softirq 317996843 265820585 6549849 599709 10096110 138855 0 24576473 7945271 5 2269986

cpu  1700090 6672 2300842 109685756 38793 0 1028788 0 0 0
cpu0 14012 1046 25740 28398764 12654 0 233836 0 0 0
cpu1 1620717 3224 2183486 24612053 4025 0 301048 0 0 0
cpu2 49911 2306 64602 28289638 9095 0 267536 0 0 0
cpu3 15449 94 27013 28385300 13017 0 226367 0 0 0
intr 2764208891 0 0 404867 75 0 170575 7576619 0 0 0 1777950 0 0 0 0 0 0 0 0 0 0 0 0 0 0 0 0 0 0 0 0 0 0 0 0 0 0 0 0 0 0 0 0 0 0 0 0 0 0 0 0 2471984322 0 0 0 0 0 0 0 0 63721 0 138894 0 0 0 0 0 0 0 0 0 0 0 212091573 1 0 0 0 0 0 0 0 0 0 0 0 0 0 0 0 0 0 0 0 0 0 0 133395 4213 0 0 0 0 4142212 0 0 0 0 0 0 0 0 0 0 0 0 0 0 0 0 0 0 0 0 0 0 0 0 0 0 0 0 0 0 0 0 0 0 0 0 0 0 0 0 0 0 0 0 0 0 0 0 0 0 0 0 0 0 0 0 0 0 0 0 0 0 0 0 0 0 0 0 0 0 0 0 0 0 0 65720475 0 0 0
ctxt 120348397
btime 1673080802
processes 129400
procs_running 1
procs_blocked 0
softirq 317997744 265821130 6549870 599710 10096125 138855 0 24576742 7945308 5 2269999

cpu  1700099 6672 2300845 109685937 38793 0 1028789 0 0 0
cpu0 14012 1046 25740 28398812 12654 0 233836 0 0 0
cpu1 1620722 3224 2183487 24612095 4025 0 301048 0 0 0
cpu2 49915 2306 64604 28289680 9095 0 267536 0 0 0
cpu3 15449 94 27013 28385348 13017 0 226367 0 0 0
intr 2764214791 0 0 404872 75 0 170575 7576656 0 0 0 1777955 0 0 0 0 0 0 0 0 0 0 0 0 0 0 0 0 0 0 0 0 0 0 0 0 0 0 0 0 0 0 0 0 0 0 0 0 0 0 0 0 2471988731 0 0 0 0 0 0 0 0 63721 0 138894 0 0 0 0 0 0 0 0 0 0 0 212092103 1 0 0 0 0 0 0 0 0 0 0 0 0 0 0 0 0 0 0 0 0 0 0 133395 4213 0 0 0 0 4142234 0 0 0 0 0 0 0 0 0 0 0 0 0 0 0 0 0 0 0 0 0 0 0 0 0 0 0 0 0 0 0 0 0 0 0 0 0 0 0 0 0 0 0 0 0 0 0 0 0 0 0 0 0 0 0 0 0 0 0 0 0 0 0 0 0 0 0 0 0 0 0 0 0 0 0 65721367 0 0 0
ctxt 120350171
btime 1673080802
processes 129400
procs_running 3
procs_blocked 0
softirq 317998496 265821552 6549888 599710 10096144 138855 0 24576981 7945348 5 2270013

cpu  1700108 6672 2300849 109686116 38793 0 1028791 0 0 0
cpu0 14012 1046 25740 28398861 12654 0 233836 0 0 0
cpu1 1620727 3224 2183490 24612136 4025 0 301049 0 0 0
cpu2 49920 2306 64604 28289721 9095 0 267537 0 0 0
cpu3 15449 94 27013 28385397 13017 0 226367 0 0 0
intr 2764220705 0 0 404872 75 0 170575 7576696 0 0 0 1777960 0 0 0 0 0 0 0 0 0 0 0 0 0 0 0 0 0 0 0 0 0 0 0 0 0 0 0 0 0 0 0 0 0 0 0 0 0 0 0 0 2471993147 0 0 0 0 0 0 0 0 63721 0 138894 0 0 0 0 0 0 0 0 0 0 0 212092648 1 0 0 0 0 0 0 0 0 0 0 0 0 0 0 0 0 0 0 0 0 0 0 133395 4213 0 0 0 0 4142256 0 0 0 0 0 0 0 0 0 0 0 0 0 0 0 0 0 0 0 0 0 0 0 0 0 0 0 0 0 0 0 0 0 0 0 0 0 0 0 0 0 0 0 0 0 0 0 0 0 0 0 0 0 0 0 0 0 0 0 0 0 0 0 0 0 0 0 0 0 0 0 0 0 0 0 65722253 0 0 0
ctxt 120351957
btime 1673080802
processes 129400
procs_running 1
procs_blocked 0
softirq 317999362 265822063 6549905 599710 10096157 138855 0 24577252 7945391 5 2270024

cpu  1700117 6672 2300852 109686296 38793 0 1028793 0 0 0
cpu0 14012 1046 25740 28398909 12654 0 233836 0 0 0
cpu1 1620732 3224 2183492 24612177 4025 0 301050 0 0 0
cpu2 49923 2306 64606 28289763 9095 0 267538 0 0 0
cpu3 15449 94 27013 28385446 13017 0 226367 0 0 0
intr 2764226663 0 0 404872 75 0 170575 7576730 0 0 0 1777965 0 0 0 0 0 0 0 0 0 0 0 0 0 0 0 0 0 0 0 0 0 0 0 0 0 0 0 0 0 0 0 0 0 0 0 0 0 0 0 0 2471997592 0 0 0 0 0 0 0 0 63721 0 138894 0 0 0 0 0 0 0 0 0 0 0 212093213 1 0 0 0 0 0 0 0 0 0 0 0 0 0 0 0 0 0 0 0 0 0 0 133395 4213 0 0 0 0 4142278 0 0 0 0 0 0 0 0 0 0 0 0 0 0 0 0 0 0 0 0 0 0 0 0 0 0 0 0 0 0 0 0 0 0 0 0 0 0 0 0 0 0 0 0 0 0 0 0 0 0 0 0 0 0 0 0 0 0 0 0 0 0 0 0 0 0 0 0 0 0 0 0 0 0 0 65723141 0 0 0
ctxt 120353728
btime 1673080802
processes 129400
procs_running 1
procs_blocked 0
softirq 318000267 265822649 6549922 599710 10096173 138855 0 24577482 7945431 5 2270040

cpu  1700126 6672 2300858 109686475 38793 0 1028794 0 0 0
cpu0 14012 1046 25740 28398957 12654 0 233836 0 0 0
cpu1 1620738 3224 2183494 24612217 4025 0 301050 0 0 0
cpu2 49927 2306 64610 28289805 9095 0 267538 0 0 0
cpu3 15449 94 27013 28385494 13017 0 226367 0 0 0
intr 2764232675 0 0 404876 75 0 170575 7576779 0 0 0 1777970 0 0 0 0 0 0 0 0 0 0 0 0 0 0 0 0 0 0 0 0 0 0 0 0 0 0 0 0 0 0 0 0 0 0 0 0 0 0 0 0 2472002051 0 0 0 0 0 0 0 0 63721 0 138894 0 0 0 0 0 0 0 0 0 0 0 212093795 1 0 0 0 0 0 0 0 0 0 0 0 0 0 0 0 0 0 0 0 0 0 0 133395 4213 0 0 0 0 4142300 0 0 0 0 0 0 0 0 0 0 0 0 0 0 0 0 0 0 0 0 0 0 0 0 0 0 0 0 0 0 0 0 0 0 0 0 0 0 0 0 0 0 0 0 0 0 0 0 0 0 0 0 0 0 0 0 0 0 0 0 0 0 0 0 0 0 0 0 0 0 0 0 0 0 0 65724031 0 0 0
ctxt 120355521
btime 1673080802
processes 129400
procs_running 1
procs_blocked 0
softirq 318001158 265823172 6549939 599710 10096191 138855 0 24577761 7945472 5 2270053

cpu  1700136 6672 2300859 109686656 38793 0 1028794 0 0 0
cpu0 14012 1046 25740 28399006 12654 0 233836 0 0 0
cpu1 1620742 3224 2183495 24612259 4025 0 301050 0 0 0
cpu2 49931 2306 64610 28289847 9095 0 267539 0 0 0
cpu3 15449 94 27013 28385543 13017 0 226367 0 0 0
intr 2764238621 0 0 404877 75 0 170575 7576814 0 0 0 1777975 0 0 0 0 0 0 0 0 0 0 0 0 0 0 0 0 0 0 0 0 0 0 0 0 0 0 0 0 0 0 0 0 0 0 0 0 0 0 0 0 2472006483 0 0 0 0 0 0 0 0 63721 0 138894 0 0 0 0 0 0 0 0 0 0 0 212094356 1 0 0 0 0 0 0 0 0 0 0 0 0 0 0 0 0 0 0 0 0 0 0 133395 4213 0 0 0 0 4142322 0 0 0 0 0 0 0 0 0 0 0 0 0 0 0 0 0 0 0 0 0 0 0 0 0 0 0 0 0 0 0 0 0 0 0 0 0 0 0 0 0 0 0 0 0 0 0 0 0 0 0 0 0 0 0 0 0 0 0 0 0 0 0 0 0 0 0 0 0 0 0 0 0 0 0 65724922 0 0 0
ctxt 120357296
btime 1673080802
processes 129400
procs_running 1
procs_blocked 0
softirq 318001964 265823646 6549957 599710 10096207 138855 0 24578006 7945512 5 2270066

cpu  1700144 6672 2300864 109686835 38793 0 1028796 0 0 0
cpu0 14012 1046 25740 28399054 12654 0 233836 0 0 0
cpu1 1620746 3224 2183497 24612300 4025 0 301051 0 0 0
cpu2 49935 2306 64612 28289888 9095 0 267540 0 0 0
cpu3 15449 94 27013 28385592 13017 0 226368 0 0 0
intr 2764244626 0 0 404877 75 0 170575 7576858 0 0 0 1777980 0 0 0 0 0 0 0 0 0 0 0 0 0 0 0 0 0 0 0 0 0 0 0 0 0 0 0 0 0 0 0 0 0 0 0 0 0 0 0 0 2472010943 0 0 0 0 0 0 0 0 63721 0 138894 0 0 0 0 0 0 0 0 0 0 0 212094946 1 0 0 0 0 0 0 0 0 0 0 0 0 0 0 0 0 0 0 0 0 0 0 133395 4213 0 0 0 0 4142344 0 0 0 0 0 0 0 0 0 0 0 0 0 0 0 0 0 0 0 0 0 0 0 0 0 0 0 0 0 0 0 0 0 0 0 0 0 0 0 0 0 0 0 0 0 0 0 0 0 0 0 0 0 0 0 0 0 0 0 0 0 0 0 0 0 0 0 0 0 0 0 0 0 0 0 65725804 0 0 0
ctxt 120359089
btime 1673080802
processes 129400
procs_running 1
procs_blocked 0
softirq 318002905 265824237 6549977 599710 10096223 138855 0 24578270 7945550 5 2270078

cpu  1700153 6672 2300865 109687016 38793 0 1028798 0 0 0
cpu0 14012 1046 25740 28399103 12654 0 233837 0 0 0
cpu1 1620752 3224 2183498 24612341 4025 0 301052 0 0 0
cpu2 49940 2306 64613 28289930 9095 0 267540 0 0 0
cpu3 15449 94 27013 28385640 13017 0 226368 0 0 0
intr 2764250509 0 0 404881 75 0 170575 7576892 0 0 0 1777985 0 0 0 0 0 0 0 0 0 0 0 0 0 0 0 0 0 0 0 0 0 0 0 0 0 0 0 0 0 0 0 0 0 0 0 0 0 0 0 0 2472015348 0 0 0 0 0 0 0 0 63721 0 138894 0 0 0 0 0 0 0 0 0 0 0 212095472 1 0 0 0 0 0 0 0 0 0 0 0 0 0 0 0 0 0 0 0 0 0 0 133395 4213 0 0 0 0 4142366 0 0 0 0 0 0 0 0 0 0 0 0 0 0 0 0 0 0 0 0 0 0 0 0 0 0 0 0 0 0 0 0 0 0 0 0 0 0 0 0 0 0 0 0 0 0 0 0 0 0 0 0 0 0 0 0 0 0 0 0 0 0 0 0 0 0 0 0 0 0 0 0 0 0 0 65726692 0 0 0
ctxt 120360863
btime 1673080802
processes 129400
procs_running 3
procs_blocked 0
softirq 318003718 265824752 6549991 599710 10096241 138855 0 24578494 7945581 5 2270089

cpu  1700162 6672 2300866 109687196 38793 0 1028798 0 0 0
cpu0 14012 1046 25741 28399152 12654 0 233837 0 0 0
cpu1 1620756 3224 2183498 24612382 4025 0 301052 0 0 0
cpu2 49944 2306 64613 28289972 9095 0 267540 0 0 0
cpu3 15449 94 27013 28385689 13017 0 226368 0 0 0
intr 2764256453 0 0 404885 75 0 170575 7576934 0 0 0 1777990 0 0 0 0 0 0 0 0 0 0 0 0 0 0 0 0 0 0 0 0 0 0 0 0 0 0 0 0 0 0 0 0 0 0 0 0 0 0 0 0 2472019785 0 0 0 0 0 0 0 0 63721 0 138894 0 0 0 0 0 0 0 0 0 0 0 212096026 1 0 0 0 0 0 0 0 0 0 0 0 0 0 0 0 0 0 0 0 0 0 0 133395 4213 0 0 0 0 4142388 0 0 0 0 0 0 0 0 0 0 0 0 0 0 0 0 0 0 0 0 0 0 0 0 0 0 0 0 0 0 0 0 0 0 0 0 0 0 0 0 0 0 0 0 0 0 0 0 0 0 0 0 0 0 0 0 0 0 0 0 0 0 0 0 0 0 0 0 0 0 0 0 0 0 0 65727571 0 0 0
ctxt 120362650
btime 1673080802
processes 129400
procs_running 1
procs_blocked 0
softirq 318004539 265825231 6550009 599710 10096253 138855 0 24578766 7945609 5 2270101

cpu  1700172 6672 2300870 109687374 38793 0 1028801 0 0 0
cpu0 14012 1046 25741 28399199 12655 0 233838 0 0 0
cpu1 1620761 3224 2183500 24612423 4025 0 301053 0 0 0
cpu2 49949 2306 64615 28290013 9095 0 267541 0 0 0
cpu3 15449 94 27013 28385737 13017 0 226368 0 0 0
intr 2764262442 0 0 404890 75 0 170576 7576976 0 0 0 1777995 0 0 0 0 0 0 0 0 0 0 0 0 0 0 0 0 0 0 0 0 0 0 0 0 0 0 0 0 0 0 0 0 0 0 0 0 0 0 0 0 2472024226 0 0 0 0 0 0 0 0 63721 0 138897 0 0 0 0 0 0 0 0 0 0 0 212096599 1 0 0 0 0 0 0 0 0 0 0 0 0 0 0 0 0 0 0 0 0 0 0 133398 4213 0 0 0 0 4142410 0 0 0 0 0 0 0 0 0 0 0 0 0 0 0 0 0 0 0 0 0 0 0 0 0 0 0 0 0 0 0 0 0 0 0 0 0 0 0 0 0 0 0 0 0 0 0 0 0 0 0 0 0 0 0 0 0 0 0 0 0 0 0 0 0 0 0 0 0 0 0 0 0 0 0 65728466 0 0 0
ctxt 120364465
btime 1673080802
processes 129401
procs_running 1
procs_blocked 0
softirq 318005441 265825770 6550029 599710 10096267 138858 0 24579025 7945654 5 2270123

cpu  1700182 6672 2300873 109687553 38793 0 1028802 0 0 0
cpu0 14012 1046 25741 28399247 12655 0 233839 0 0 0
cpu1 1620766 3224 2183500 24612464 4025 0 301053 0 0 0
cpu2 49954 2306 64618 28290054 9095 0 267541 0 0 0
cpu3 15449 94 27013 28385786 13017 0 226368 0 0 0
intr 2764268463 0 0 404890 75 0 170576 7577017 0 0 0 1778000 0 0 0 0 0 0 0 0 0 0 0 0 0 0 0 0 0 0 0 0 0 0 0 0 0 0 0 0 0 0 0 0 0 0 0 0 0 0 0 0 2472028698 0 0 0 0 0 0 0 0 63721 0 138901 0 0 0 0 0 0 0 0 0 0 0 212097186 1 0 0 0 0 0 0 0 0 0 0 0 0 0 0 0 0 0 0 0 0 0 0 133402 4213 0 0 0 0 4142432 0 0 0 0 0 0 0 0 0 0 0 0 0 0 0 0 0 0 0 0 0 0 0 0 0 0 0 0 0 0 0 0 0 0 0 0 0 0 0 0 0 0 0 0 0 0 0 0 0 0 0 0 0 0 0 0 0 0 0 0 0 0 0 0 0 0 0 0 0 0 0 0 0 0 0 65729353 0 0 0
ctxt 120366294
btime 1673080802
processes 129401
procs_running 2
procs_blocked 0
softirq 318006354 265826328 6550052 599711 10096284 138862 0 24579281 7945692 5 2270139

cpu  1700182 6672 2300875 109687743 38793 0 1028802 0 0 0
cpu0 14012 1046 25741 28399296 12655 0 233839 0 0 0
cpu1 1620766 3224 2183501 24612510 4025 0 301053 0 0 0
cpu2 49954 2306 64619 28290101 9095 0 267541 0 0 0
cpu3 15449 94 27013 28385835 13017 0 226368 0 0 0
intr 2764273640 0 0 404892 75 0 170576 7577054 0 0 0 1778005 0 0 0 0 0 0 0 0 0 0 0 0 0 0 0 0 0 0 0 0 0 0 0 0 0 0 0 0 0 0 0 0 0 0 0 0 0 0 0 0 2472032702 0 0 0 0 0 0 0 0 63721 0 138901 0 0 0 0 0 0 0 0 0 0 0 212097316 1 0 0 0 0 0 0 0 0 0 0 0 0 0 0 0 0 0 0 0 0 0 0 133402 4213 0 0 0 0 4142467 0 0 0 0 0 0 0 0 0 0 0 0 0 0 0 0 0 0 0 0 0 0 0 0 0 0 0 0 0 0 0 0 0 0 0 0 0 0 0 0 0 0 0 0 0 0 0 0 0 0 0 0 0 0 0 0 0 0 0 0 0 0 0 0 0 0 0 0 0 0 0 0 0 0 0 65730316 0 0 0
ctxt 120368241
btime 1673080802
processes 129401
procs_running 1
procs_blocked 0
softirq 318006448 265826328 6550070 599711 10096286 138862 0 24579310 7945719 5 2270157

cpu  1700183 6672 2300877 109687933 38793 0 1028802 0 0 0
cpu0 14012 1046 25741 28399345 12655 0 233839 0 0 0
cpu1 1620766 3224 2183503 24612556 4025 0 301053 0 0 0
cpu2 49954 2306 64619 28290147 9095 0 267541 0 0 0
cpu3 15449 94 27013 28385884 13017 0 226368 0 0 0
intr 2764278817 0 0 404896 75 0 170576 7577085 0 0 0 1778010 0 0 0 0 0 0 0 0 0 0 0 0 0 0 0 0 0 0 0 0 0 0 0 0 0 0 0 0 0 0 0 0 0 0 0 0 0 0 0 0 2472036722 0 0 0 0 0 0 0 0 63721 0 138901 0 0 0 0 0 0 0 0 0 0 0 212097468 1 0 0 0 0 0 0 0 0 0 0 0 0 0 0 0 0 0 0 0 0 0 0 133402 4213 0 0 0 0 4142489 0 0 0 0 0 0 0 0 0 0 0 0 0 0 0 0 0 0 0 0 0 0 0 0 0 0 0 0 0 0 0 0 0 0 0 0 0 0 0 0 0 0 0 0 0 0 0 0 0 0 0 0 0 0 0 0 0 0 0 0 0 0 0 0 0 0 0 0 0 0 0 0 0 0 0 65731259 0 0 0
ctxt 120370159
btime 1673080802
processes 129401
procs_running 1
procs_blocked 0
softirq 318006525 265826336 6550086 599711 10096287 138862 0 24579329 7945741 5 2270168

cpu  1700184 6672 2300881 109688124 38793 0 1028802 0 0 0
cpu0 14012 1046 25741 28399395 12655 0 233839 0 0 0
cpu1 1620767 3224 2183506 24612601 4025 0 301053 0 0 0
cpu2 49955 2306 64620 28290193 9095 0 267541 0 0 0
cpu3 15449 94 27013 28385934 13017 0 226368 0 0 0
intr 2764283964 0 0 404901 75 0 170576 7577113 0 0 0 1778015 0 0 0 0 0 0 0 0 0 0 0 0 0 0 0 0 0 0 0 0 0 0 0 0 0 0 0 0 0 0 0 0 0 0 0 0 0 0 0 0 2472040725 0 0 0 0 0 0 0 0 63721 0 138901 0 0 0 0 0 0 0 0 0 0 0 212097598 1 0 0 0 0 0 0 0 0 0 0 0 0 0 0 0 0 0 0 0 0 0 0 133402 4213 0 0 0 0 4142511 0 0 0 0 0 0 0 0 0 0 0 0 0 0 0 0 0 0 0 0 0 0 0 0 0 0 0 0 0 0 0 0 0 0 0 0 0 0 0 0 0 0 0 0 0 0 0 0 0 0 0 0 0 0 0 0 0 0 0 0 0 0 0 0 0 0 0 0 0 0 0 0 0 0 0 65732213 0 0 0
ctxt 120372060
btime 1673080802
processes 129401
procs_running 1
procs_blocked 0
softirq 318006600 265826336 6550101 599711 10096288 138862 0 24579347 7945770 5 2270180

cpu  1700184 6672 2300886 109688314 38793 0 1028802 0 0 0
cpu0 14012 1046 25741 28399444 12655 0 233839 0 0 0
cpu1 1620767 3224 2183508 24612647 4025 0 301053 0 0 0
cpu2 49955 2306 64622 28290239 9095 0 267541 0 0 0
cpu3 15449 94 27013 28385983 13017 0 226368 0 0 0
intr 2764289151 0 0 404905 75 0 170576 7577146 0 0 0 1778020 0 0 0 0 0 0 0 0 0 0 0 0 0 0 0 0 0 0 0 0 0 0 0 0 0 0 0 0 0 0 0 0 0 0 0 0 0 0 0 0 2472044744 0 0 0 0 0 0 0 0 63721 0 138901 0 0 0 0 0 0 0 0 0 0 0 212097748 1 0 0 0 0 0 0 0 0 0 0 0 0 0 0 0 0 0 0 0 0 0 0 133402 4213 0 0 0 0 4142533 0 0 0 0 0 0 0 0 0 0 0 0 0 0 0 0 0 0 0 0 0 0 0 0 0 0 0 0 0 0 0 0 0 0 0 0 0 0 0 0 0 0 0 0 0 0 0 0 0 0 0 0 0 0 0 0 0 0 0 0 0 0 0 0 0 0 0 0 0 0 0 0 0 0 0 65733168 0 0 0
ctxt 120373979
btime 1673080802
processes 129401
procs_running 1
procs_blocked 0
softirq 318006686 265826344 6550117 599711 10096289 138862 0 24579367 7945799 5 2270192
