Latency
97431
133128
131065
108614
110134
108047
129631
107586
107054
109335
107309
106502
106911
107069
134691
110435
120362
107600
107905
109851
132934
108052
106777
106552
121319
130104
106868
131867
106530
133287
119146
115064
114367
115219
116091
112815
114331
112699
127101
115220
112389
112395
115511
110802
119096
114267
112381
111607
137324
112862
111735
112900
128980
114638
114386
113570
112910
115008
118109
112524
112725
112537
115033
107764
110854
110577
122365
113437
111720
111653
111017
110500
116934
114926
137433
137244
110083
113334
132948
110565
123302
109452
111501
112354
109554
109362
116959
111497
110893
109410
108567
109355
107323
110351
124884
110033
109025
107038
108962
111503
117600
109007
113200
109544
113034
110972
112125
109846
124615
110293
108797
111834
108628
108778
116190
132725
111497
112184
109218
109223
109758
112126
122798
109218
109681
108821
136251
