cpu  3940990 39802 2403017 555846898 3510843 0 281534 0 0 0
cpu0 767338 7275 392967 139410240 874649 0 65965 0 0 0
cpu1 1212822 9867 1080037 138277856 897668 0 82126 0 0 0
cpu2 1297154 15013 485292 138794162 908219 0 62985 0 0 0
cpu3 663675 7645 444719 139364638 830306 0 70457 0 0 0
intr 12071306911 0 0 3242610 75 0 638635 31752001 0 0 0 9570533 0 0 0 0 0 0 0 0 0 0 0 0 0 0 0 0 0 0 0 0 0 0 0 0 0 0 0 0 0 0 0 0 0 0 0 0 0 0 0 0 2924977428 0 0 0 0 0 0 0 0 135453 0 3345085 0 0 0 0 0 0 0 0 0 0 0 436197348 1 0 0 0 0 0 0 0 0 0 0 0 0 0 0 0 0 0 0 0 0 0 0 236413 4206 0 0 0 0 9957314 0 0 0 0 0 0 0 0 0 0 0 0 0 0 0 0 0 0 0 0 0 0 0 0 0 0 0 0 0 0 0 0 0 0 0 0 0 0 0 0 0 0 0 0 0 0 0 0 0 0 0 0 0 0 0 0 0 0 0 0 0 0 0 0 0 0 0 0 0 0 0 0 0 0 0 61315218 0 0 0
ctxt 155202374
btime 1671453272
processes 501364
procs_running 1
procs_blocked 0
softirq 200894251 78999552 29683571 358206 6564049 3345033 0 26231221 34235039 1 21477579

cpu  3940990 39802 2403018 555847092 3510843 0 281534 0 0 0
cpu0 767338 7275 392967 139410290 874649 0 65965 0 0 0
cpu1 1212822 9867 1080038 138277902 897668 0 82126 0 0 0
cpu2 1297154 15013 485292 138794211 908219 0 62985 0 0 0
cpu3 663675 7645 444719 139364688 830306 0 70457 0 0 0
intr 12071311601 0 0 3242614 75 0 638635 31752026 0 0 0 9570538 0 0 0 0 0 0 0 0 0 0 0 0 0 0 0 0 0 0 0 0 0 0 0 0 0 0 0 0 0 0 0 0 0 0 0 0 0 0 0 0 2924981440 0 0 0 0 0 0 0 0 135453 0 3345085 0 0 0 0 0 0 0 0 0 0 0 436197478 1 0 0 0 0 0 0 0 0 0 0 0 0 0 0 0 0 0 0 0 0 0 0 236413 4206 0 0 0 0 9957336 0 0 0 0 0 0 0 0 0 0 0 0 0 0 0 0 0 0 0 0 0 0 0 0 0 0 0 0 0 0 0 0 0 0 0 0 0 0 0 0 0 0 0 0 0 0 0 0 0 0 0 0 0 0 0 0 0 0 0 0 0 0 0 0 0 0 0 0 0 0 0 0 0 0 0 61315711 0 0 0
ctxt 155203365
btime 1671453272
processes 501364
procs_running 1
procs_blocked 0
softirq 200894324 78999552 29683585 358206 6564050 3345033 0 26231239 34235066 1 21477592

cpu  3940990 39802 2403020 555847286 3510843 0 281534 0 0 0
cpu0 767338 7275 392967 139410339 874649 0 65965 0 0 0
cpu1 1212822 9867 1080040 138277947 897668 0 82126 0 0 0
cpu2 1297154 15013 485292 138794261 908219 0 62985 0 0 0
cpu3 663675 7645 444719 139364737 830306 0 70457 0 0 0
intr 12071316323 0 0 3242618 75 0 638635 31752056 0 0 0 9570543 0 0 0 0 0 0 0 0 0 0 0 0 0 0 0 0 0 0 0 0 0 0 0 0 0 0 0 0 0 0 0 0 0 0 0 0 0 0 0 0 2924985460 0 0 0 0 0 0 0 0 135453 0 3345085 0 0 0 0 0 0 0 0 0 0 0 436197628 1 0 0 0 0 0 0 0 0 0 0 0 0 0 0 0 0 0 0 0 0 0 0 236413 4206 0 0 0 0 9957358 0 0 0 0 0 0 0 0 0 0 0 0 0 0 0 0 0 0 0 0 0 0 0 0 0 0 0 0 0 0 0 0 0 0 0 0 0 0 0 0 0 0 0 0 0 0 0 0 0 0 0 0 0 0 0 0 0 0 0 0 0 0 0 0 0 0 0 0 0 0 0 0 0 0 0 61316201 0 0 0
ctxt 155204377
btime 1671453272
processes 501364
procs_running 1
procs_blocked 0
softirq 200894407 78999560 29683602 358207 6564051 3345033 0 26231259 34235093 1 21477601

cpu  3940990 39802 2403022 555847480 3510843 0 281534 0 0 0
cpu0 767338 7275 392967 139410389 874649 0 65965 0 0 0
cpu1 1212822 9867 1080042 138277993 897668 0 82126 0 0 0
cpu2 1297154 15013 485292 138794310 908219 0 62985 0 0 0
cpu3 663675 7645 444719 139364787 830306 0 70457 0 0 0
intr 12071321011 0 0 3242623 75 0 638635 31752082 0 0 0 9570548 0 0 0 0 0 0 0 0 0 0 0 0 0 0 0 0 0 0 0 0 0 0 0 0 0 0 0 0 0 0 0 0 0 0 0 0 0 0 0 0 2924989463 0 0 0 0 0 0 0 0 135453 0 3345085 0 0 0 0 0 0 0 0 0 0 0 436197758 1 0 0 0 0 0 0 0 0 0 0 0 0 0 0 0 0 0 0 0 0 0 0 236413 4206 0 0 0 0 9957380 0 0 0 0 0 0 0 0 0 0 0 0 0 0 0 0 0 0 0 0 0 0 0 0 0 0 0 0 0 0 0 0 0 0 0 0 0 0 0 0 0 0 0 0 0 0 0 0 0 0 0 0 0 0 0 0 0 0 0 0 0 0 0 0 0 0 0 0 0 0 0 0 0 0 0 61316697 0 0 0
ctxt 155205373
btime 1671453272
processes 501364
procs_running 1
procs_blocked 0
softirq 200894483 78999560 29683619 358207 6564052 3345033 0 26231277 34235121 1 21477613

cpu  3940991 39802 2403026 555847669 3510843 0 281534 0 0 0
cpu0 767338 7275 392967 139410438 874649 0 65965 0 0 0
cpu1 1212823 9867 1080043 138278039 897668 0 82126 0 0 0
cpu2 1297154 15013 485296 138794355 908219 0 62985 0 0 0
cpu3 663675 7645 444719 139364836 830306 0 70457 0 0 0
intr 12071325818 0 0 3242631 75 0 638635 31752138 0 0 0 9570553 0 0 0 0 0 0 0 0 0 0 0 0 0 0 0 0 0 0 0 0 0 0 0 0 0 0 0 0 0 0 0 0 0 0 0 0 0 0 0 0 2924993484 0 0 0 0 0 0 0 0 135453 0 3345085 0 0 0 0 0 0 0 0 0 0 0 436197910 1 0 0 0 0 0 0 0 0 0 0 0 0 0 0 0 0 0 0 0 0 0 0 236413 4206 0 0 0 0 9957424 0 0 0 0 0 0 0 0 0 0 0 0 0 0 0 0 0 0 0 0 0 0 0 0 0 0 0 0 0 0 0 0 0 0 0 0 0 0 0 0 0 0 0 0 0 0 0 0 0 0 0 0 0 0 0 0 0 0 0 0 0 0 0 0 0 0 0 0 0 0 0 0 0 0 0 61317219 0 0 0
ctxt 155206466
btime 1671453272
processes 501364
procs_running 1
procs_blocked 0
softirq 200894630 78999568 29683644 358207 6564054 3345033 0 26231315 34235160 1 21477648

cpu  3940991 39802 2403030 555847863 3510843 0 281534 0 0 0
cpu0 767338 7275 392967 139410487 874649 0 65965 0 0 0
cpu1 1212823 9867 1080046 138278084 897668 0 82126 0 0 0
cpu2 1297154 15013 485296 138794405 908219 0 62985 0 0 0
cpu3 663675 7645 444719 139364885 830306 0 70457 0 0 0
intr 12071330504 0 0 3242635 75 0 638635 31752163 0 0 0 9570558 0 0 0 0 0 0 0 0 0 0 0 0 0 0 0 0 0 0 0 0 0 0 0 0 0 0 0 0 0 0 0 0 0 0 0 0 0 0 0 0 2924997488 0 0 0 0 0 0 0 0 135453 0 3345085 0 0 0 0 0 0 0 0 0 0 0 436198040 1 0 0 0 0 0 0 0 0 0 0 0 0 0 0 0 0 0 0 0 0 0 0 236413 4206 0 0 0 0 9957446 0 0 0 0 0 0 0 0 0 0 0 0 0 0 0 0 0 0 0 0 0 0 0 0 0 0 0 0 0 0 0 0 0 0 0 0 0 0 0 0 0 0 0 0 0 0 0 0 0 0 0 0 0 0 0 0 0 0 0 0 0 0 0 0 0 0 0 0 0 0 0 0 0 0 0 61317716 0 0 0
ctxt 155207457
btime 1671453272
processes 501364
procs_running 1
procs_blocked 0
softirq 200894706 78999568 29683660 358207 6564055 3345033 0 26231333 34235189 1 21477660

cpu  3940992 39802 2403032 555848057 3510843 0 281534 0 0 0
cpu0 767338 7275 392967 139410537 874649 0 65965 0 0 0
cpu1 1212824 9867 1080048 138278130 897668 0 82126 0 0 0
cpu2 1297154 15013 485296 138794454 908219 0 62985 0 0 0
cpu3 663675 7645 444719 139364934 830306 0 70457 0 0 0
intr 12071335242 0 0 3242639 75 0 638635 31752195 0 0 0 9570563 0 0 0 0 0 0 0 0 0 0 0 0 0 0 0 0 0 0 0 0 0 0 0 0 0 0 0 0 0 0 0 0 0 0 0 0 0 0 0 0 2925001515 0 0 0 0 0 0 0 0 135453 0 3345085 0 0 0 0 0 0 0 0 0 0 0 436198192 1 0 0 0 0 0 0 0 0 0 0 0 0 0 0 0 0 0 0 0 0 0 0 236413 4206 0 0 0 0 9957468 0 0 0 0 0 0 0 0 0 0 0 0 0 0 0 0 0 0 0 0 0 0 0 0 0 0 0 0 0 0 0 0 0 0 0 0 0 0 0 0 0 0 0 0 0 0 0 0 0 0 0 0 0 0 0 0 0 0 0 0 0 0 0 0 0 0 0 0 0 0 0 0 0 0 0 61318211 0 0 0
ctxt 155208470
btime 1671453272
processes 501364
procs_running 1
procs_blocked 0
softirq 200894795 78999576 29683678 358207 6564056 3345033 0 26231353 34235219 1 21477672

cpu  3940992 39802 2403034 555848250 3510843 0 281534 0 0 0
cpu0 767338 7275 392967 139410586 874649 0 65965 0 0 0
cpu1 1212824 9867 1080051 138278176 897668 0 82126 0 0 0
cpu2 1297154 15013 485296 138794503 908219 0 62985 0 0 0
cpu3 663675 7645 444719 139364983 830306 0 70457 0 0 0
intr 12071339926 0 0 3242644 75 0 638635 31752221 0 0 0 9570568 0 0 0 0 0 0 0 0 0 0 0 0 0 0 0 0 0 0 0 0 0 0 0 0 0 0 0 0 0 0 0 0 0 0 0 0 0 0 0 0 2925005511 0 0 0 0 0 0 0 0 135453 0 3345085 0 0 0 0 0 0 0 0 0 0 0 436198322 1 0 0 0 0 0 0 0 0 0 0 0 0 0 0 0 0 0 0 0 0 0 0 236413 4206 0 0 0 0 9957490 0 0 0 0 0 0 0 0 0 0 0 0 0 0 0 0 0 0 0 0 0 0 0 0 0 0 0 0 0 0 0 0 0 0 0 0 0 0 0 0 0 0 0 0 0 0 0 0 0 0 0 0 0 0 0 0 0 0 0 0 0 0 0 0 0 0 0 0 0 0 0 0 0 0 0 61318711 0 0 0
ctxt 155209460
btime 1671453272
processes 501364
procs_running 1
procs_blocked 0
softirq 200894874 78999576 29683694 358207 6564057 3345033 0 26231371 34235251 1 21477684

cpu  3940992 39802 2403036 555848444 3510843 0 281534 0 0 0
cpu0 767338 7275 392967 139410636 874649 0 65965 0 0 0
cpu1 1212824 9867 1080052 138278221 897668 0 82126 0 0 0
cpu2 1297154 15013 485296 138794553 908219 0 62985 0 0 0
cpu3 663675 7645 444720 139365033 830306 0 70457 0 0 0
intr 12071344656 0 0 3242648 75 0 638635 31752249 0 0 0 9570573 0 0 0 0 0 0 0 0 0 0 0 0 0 0 0 0 0 0 0 0 0 0 0 0 0 0 0 0 0 0 0 0 0 0 0 0 0 0 0 0 2925009534 0 0 0 0 0 0 0 0 135453 0 3345085 0 0 0 0 0 0 0 0 0 0 0 436198474 1 0 0 0 0 0 0 0 0 0 0 0 0 0 0 0 0 0 0 0 0 0 0 236413 4206 0 0 0 0 9957512 0 0 0 0 0 0 0 0 0 0 0 0 0 0 0 0 0 0 0 0 0 0 0 0 0 0 0 0 0 0 0 0 0 0 0 0 0 0 0 0 0 0 0 0 0 0 0 0 0 0 0 0 0 0 0 0 0 0 0 0 0 0 0 0 0 0 0 0 0 0 0 0 0 0 0 61319207 0 0 0
ctxt 155210473
btime 1671453272
processes 501364
procs_running 1
procs_blocked 0
softirq 200894957 78999584 29683709 358207 6564058 3345033 0 26231392 34235277 1 21477696

cpu  3940993 39802 2403038 555848637 3510843 0 281534 0 0 0
cpu0 767338 7275 392967 139410685 874649 0 65965 0 0 0
cpu1 1212824 9867 1080054 138278267 897668 0 82126 0 0 0
cpu2 1297154 15013 485296 138794602 908219 0 62985 0 0 0
cpu3 663675 7645 444720 139365082 830306 0 70457 0 0 0
intr 12071349375 0 0 3242652 75 0 638635 31752282 0 0 0 9570578 0 0 0 0 0 0 0 0 0 0 0 0 0 0 0 0 0 0 0 0 0 0 0 0 0 0 0 0 0 0 0 0 0 0 0 0 0 0 0 0 2925013538 0 0 0 0 0 0 0 0 135453 0 3345101 0 0 0 0 0 0 0 0 0 0 0 436198604 1 0 0 0 0 0 0 0 0 0 0 0 0 0 0 0 0 0 0 0 0 0 0 236429 4206 0 0 0 0 9957531 0 0 0 0 0 0 0 0 0 0 0 0 0 0 0 0 0 0 0 0 0 0 0 0 0 0 0 0 0 0 0 0 0 0 0 0 0 0 0 0 0 0 0 0 0 0 0 0 0 0 0 0 0 0 0 0 0 0 0 0 0 0 0 0 0 0 0 0 0 0 0 0 0 0 0 61319699 0 0 0
ctxt 155211586
btime 1671453272
processes 501364
procs_running 1
procs_blocked 0
softirq 200895098 78999584 29683726 358207 6564059 3345049 0 26231455 34235307 1 21477710

cpu  3940993 39802 2403044 555848827 3510843 0 281534 0 0 0
cpu0 767338 7275 392967 139410734 874649 0 65965 0 0 0
cpu1 1212825 9867 1080056 138278313 897668 0 82126 0 0 0
cpu2 1297154 15013 485300 138794647 908219 0 62985 0 0 0
cpu3 663675 7645 444720 139365131 830306 0 70457 0 0 0
intr 12071354187 0 0 3242656 75 0 638635 31752335 0 0 0 9570583 0 0 0 0 0 0 0 0 0 0 0 0 0 0 0 0 0 0 0 0 0 0 0 0 0 0 0 0 0 0 0 0 0 0 0 0 0 0 0 0 2925017558 0 0 0 0 0 0 0 0 135453 0 3345101 0 0 0 0 0 0 0 0 0 0 0 436198756 1 0 0 0 0 0 0 0 0 0 0 0 0 0 0 0 0 0 0 0 0 0 0 236429 4206 0 0 0 0 9957575 0 0 0 0 0 0 0 0 0 0 0 0 0 0 0 0 0 0 0 0 0 0 0 0 0 0 0 0 0 0 0 0 0 0 0 0 0 0 0 0 0 0 0 0 0 0 0 0 0 0 0 0 0 0 0 0 0 0 0 0 0 0 0 0 0 0 0 0 0 0 0 0 0 0 0 61320232 0 0 0
ctxt 155212678
btime 1671453272
processes 501364
procs_running 1
procs_blocked 0
softirq 200895250 78999592 29683754 358207 6564061 3345049 0 26231491 34235344 1 21477751

cpu  3940994 39802 2403046 555849020 3510843 0 281534 0 0 0
cpu0 767338 7275 392967 139410783 874649 0 65965 0 0 0
cpu1 1212826 9867 1080057 138278358 897668 0 82126 0 0 0
cpu2 1297154 15013 485301 138794696 908219 0 62985 0 0 0
cpu3 663675 7645 444720 139365181 830306 0 70457 0 0 0
intr 12071358876 0 0 3242657 75 0 638635 31752363 0 0 0 9570588 0 0 0 0 0 0 0 0 0 0 0 0 0 0 0 0 0 0 0 0 0 0 0 0 0 0 0 0 0 0 0 0 0 0 0 0 0 0 0 0 2925021559 0 0 0 0 0 0 0 0 135453 0 3345103 0 0 0 0 0 0 0 0 0 0 0 436198886 1 0 0 0 0 0 0 0 0 0 0 0 0 0 0 0 0 0 0 0 0 0 0 236431 4206 0 0 0 0 9957597 0 0 0 0 0 0 0 0 0 0 0 0 0 0 0 0 0 0 0 0 0 0 0 0 0 0 0 0 0 0 0 0 0 0 0 0 0 0 0 0 0 0 0 0 0 0 0 0 0 0 0 0 0 0 0 0 0 0 0 0 0 0 0 0 0 0 0 0 0 0 0 0 0 0 0 61320730 0 0 0
ctxt 155213702
btime 1671453272
processes 501364
procs_running 1
procs_blocked 0
softirq 200895339 78999592 29683773 358207 6564062 3345051 0 26231516 34235374 1 21477763

cpu  3940995 39802 2403049 555849214 3510843 0 281534 0 0 0
cpu0 767338 7275 392967 139410833 874649 0 65965 0 0 0
cpu1 1212826 9867 1080060 138278404 897668 0 82126 0 0 0
cpu2 1297154 15013 485301 138794745 908219 0 62985 0 0 0
cpu3 663675 7645 444720 139365230 830306 0 70457 0 0 0
intr 12071363603 0 0 3242657 75 0 638635 31752395 0 0 0 9570593 0 0 0 0 0 0 0 0 0 0 0 0 0 0 0 0 0 0 0 0 0 0 0 0 0 0 0 0 0 0 0 0 0 0 0 0 0 0 0 0 2925025585 0 0 0 0 0 0 0 0 135453 0 3345103 0 0 0 0 0 0 0 0 0 0 0 436199038 1 0 0 0 0 0 0 0 0 0 0 0 0 0 0 0 0 0 0 0 0 0 0 236431 4206 0 0 0 0 9957619 0 0 0 0 0 0 0 0 0 0 0 0 0 0 0 0 0 0 0 0 0 0 0 0 0 0 0 0 0 0 0 0 0 0 0 0 0 0 0 0 0 0 0 0 0 0 0 0 0 0 0 0 0 0 0 0 0 0 0 0 0 0 0 0 0 0 0 0 0 0 0 0 0 0 0 61321221 0 0 0
ctxt 155214714
btime 1671453272
processes 501364
procs_running 1
procs_blocked 0
softirq 200895419 78999600 29683789 358207 6564063 3345051 0 26231534 34235400 1 21477774

cpu  3940995 39802 2403051 555849407 3510843 0 281534 0 0 0
cpu0 767338 7275 392967 139410882 874649 0 65965 0 0 0
cpu1 1212826 9867 1080061 138278450 897668 0 82126 0 0 0
cpu2 1297154 15013 485302 138794794 908219 0 62985 0 0 0
cpu3 663675 7645 444720 139365279 830306 0 70457 0 0 0
intr 12071368263 0 0 3242657 75 0 638635 31752418 0 0 0 9570598 0 0 0 0 0 0 0 0 0 0 0 0 0 0 0 0 0 0 0 0 0 0 0 0 0 0 0 0 0 0 0 0 0 0 0 0 0 0 0 0 2925029579 0 0 0 0 0 0 0 0 135453 0 3345103 0 0 0 0 0 0 0 0 0 0 0 436199168 1 0 0 0 0 0 0 0 0 0 0 0 0 0 0 0 0 0 0 0 0 0 0 236431 4206 0 0 0 0 9957641 0 0 0 0 0 0 0 0 0 0 0 0 0 0 0 0 0 0 0 0 0 0 0 0 0 0 0 0 0 0 0 0 0 0 0 0 0 0 0 0 0 0 0 0 0 0 0 0 0 0 0 0 0 0 0 0 0 0 0 0 0 0 0 0 0 0 0 0 0 0 0 0 0 0 0 61321707 0 0 0
ctxt 155215709
btime 1671453272
processes 501364
procs_running 1
procs_blocked 0
softirq 200895491 78999600 29683806 358208 6564064 3345051 0 26231553 34235423 1 21477785

cpu  3940995 39802 2403052 555849601 3510843 0 281534 0 0 0
cpu0 767338 7275 392967 139410931 874649 0 65965 0 0 0
cpu1 1212827 9867 1080062 138278496 897668 0 82126 0 0 0
cpu2 1297154 15013 485302 138794844 908219 0 62985 0 0 0
cpu3 663675 7645 444720 139365329 830306 0 70457 0 0 0
intr 12071372991 0 0 3242657 75 0 638635 31752446 0 0 0 9570603 0 0 0 0 0 0 0 0 0 0 0 0 0 0 0 0 0 0 0 0 0 0 0 0 0 0 0 0 0 0 0 0 0 0 0 0 0 0 0 0 2925033606 0 0 0 0 0 0 0 0 135453 0 3345103 0 0 0 0 0 0 0 0 0 0 0 436199320 1 0 0 0 0 0 0 0 0 0 0 0 0 0 0 0 0 0 0 0 0 0 0 236431 4206 0 0 0 0 9957663 0 0 0 0 0 0 0 0 0 0 0 0 0 0 0 0 0 0 0 0 0 0 0 0 0 0 0 0 0 0 0 0 0 0 0 0 0 0 0 0 0 0 0 0 0 0 0 0 0 0 0 0 0 0 0 0 0 0 0 0 0 0 0 0 0 0 0 0 0 0 0 0 0 0 0 61322201 0 0 0
ctxt 155216726
btime 1671453272
processes 501364
procs_running 1
procs_blocked 0
softirq 200895570 78999608 29683823 358208 6564065 3345051 0 26231571 34235448 1 21477795

cpu  3940996 39802 2403054 555849794 3510843 0 281534 0 0 0
cpu0 767338 7275 392967 139410980 874649 0 65965 0 0 0
cpu1 1212827 9867 1080064 138278542 897668 0 82126 0 0 0
cpu2 1297154 15013 485302 138794893 908219 0 62985 0 0 0
cpu3 663675 7645 444720 139365378 830306 0 70457 0 0 0
intr 12071377668 0 0 3242658 75 0 638635 31752471 0 0 0 9570608 0 0 0 0 0 0 0 0 0 0 0 0 0 0 0 0 0 0 0 0 0 0 0 0 0 0 0 0 0 0 0 0 0 0 0 0 0 0 0 0 2925037608 0 0 0 0 0 0 0 0 135453 0 3345103 0 0 0 0 0 0 0 0 0 0 0 436199450 1 0 0 0 0 0 0 0 0 0 0 0 0 0 0 0 0 0 0 0 0 0 0 236431 4206 0 0 0 0 9957685 0 0 0 0 0 0 0 0 0 0 0 0 0 0 0 0 0 0 0 0 0 0 0 0 0 0 0 0 0 0 0 0 0 0 0 0 0 0 0 0 0 0 0 0 0 0 0 0 0 0 0 0 0 0 0 0 0 0 0 0 0 0 0 0 0 0 0 0 0 0 0 0 0 0 0 61322693 0 0 0
ctxt 155217725
btime 1671453272
processes 501364
procs_running 1
procs_blocked 0
softirq 200895644 78999608 29683841 358208 6564066 3345051 0 26231590 34235474 1 21477805

cpu  3940996 39802 2403060 555849984 3510843 0 281534 0 0 0
cpu0 767338 7275 392967 139411029 874649 0 65965 0 0 0
cpu1 1212827 9867 1080066 138278588 897668 0 82126 0 0 0
cpu2 1297154 15013 485305 138794938 908219 0 62985 0 0 0
cpu3 663675 7645 444720 139365427 830306 0 70457 0 0 0
intr 12071382473 0 0 3242662 75 0 638635 31752526 0 0 0 9570613 0 0 0 0 0 0 0 0 0 0 0 0 0 0 0 0 0 0 0 0 0 0 0 0 0 0 0 0 0 0 0 0 0 0 0 0 0 0 0 0 2925041630 0 0 0 0 0 0 0 0 135453 0 3345103 0 0 0 0 0 0 0 0 0 0 0 436199602 1 0 0 0 0 0 0 0 0 0 0 0 0 0 0 0 0 0 0 0 0 0 0 236431 4206 0 0 0 0 9957729 0 0 0 0 0 0 0 0 0 0 0 0 0 0 0 0 0 0 0 0 0 0 0 0 0 0 0 0 0 0 0 0 0 0 0 0 0 0 0 0 0 0 0 0 0 0 0 0 0 0 0 0 0 0 0 0 0 0 0 0 0 0 0 0 0 0 0 0 0 0 0 0 0 0 0 61323217 0 0 0
ctxt 155218823
btime 1671453272
processes 501364
procs_running 2
procs_blocked 0
softirq 200895792 78999616 29683867 358208 6564068 3345051 0 26231627 34235511 1 21477843

cpu  3940996 39802 2403061 555850177 3510843 0 281534 0 0 0
cpu0 767338 7275 392967 139411078 874649 0 65965 0 0 0
cpu1 1212828 9867 1080068 138278634 897668 0 82126 0 0 0
cpu2 1297154 15013 485305 138794988 908219 0 62985 0 0 0
cpu3 663675 7645 444720 139365477 830306 0 70457 0 0 0
intr 12071387146 0 0 3242662 75 0 638635 31752549 0 0 0 9570618 0 0 0 0 0 0 0 0 0 0 0 0 0 0 0 0 0 0 0 0 0 0 0 0 0 0 0 0 0 0 0 0 0 0 0 0 0 0 0 0 2925045634 0 0 0 0 0 0 0 0 135453 0 3345103 0 0 0 0 0 0 0 0 0 0 0 436199732 1 0 0 0 0 0 0 0 0 0 0 0 0 0 0 0 0 0 0 0 0 0 0 236431 4206 0 0 0 0 9957751 0 0 0 0 0 0 0 0 0 0 0 0 0 0 0 0 0 0 0 0 0 0 0 0 0 0 0 0 0 0 0 0 0 0 0 0 0 0 0 0 0 0 0 0 0 0 0 0 0 0 0 0 0 0 0 0 0 0 0 0 0 0 0 0 0 0 0 0 0 0 0 0 0 0 0 61323705 0 0 0
ctxt 155219824
btime 1671453272
processes 501364
procs_running 1
procs_blocked 0
softirq 200895861 78999616 29683883 358208 6564069 3345051 0 26231646 34235534 1 21477853

cpu  3940996 39802 2403063 555850371 3510843 0 281534 0 0 0
cpu0 767338 7275 392967 139411127 874649 0 65965 0 0 0
cpu1 1212828 9867 1080069 138278679 897668 0 82126 0 0 0
cpu2 1297154 15013 485305 138795037 908219 0 62985 0 0 0
cpu3 663675 7645 444720 139365526 830306 0 70457 0 0 0
intr 12071391867 0 0 3242662 75 0 638635 31752578 0 0 0 9570623 0 0 0 0 0 0 0 0 0 0 0 0 0 0 0 0 0 0 0 0 0 0 0 0 0 0 0 0 0 0 0 0 0 0 0 0 0 0 0 0 2925049651 0 0 0 0 0 0 0 0 135453 0 3345103 0 0 0 0 0 0 0 0 0 0 0 436199884 1 0 0 0 0 0 0 0 0 0 0 0 0 0 0 0 0 0 0 0 0 0 0 236431 4206 0 0 0 0 9957773 0 0 0 0 0 0 0 0 0 0 0 0 0 0 0 0 0 0 0 0 0 0 0 0 0 0 0 0 0 0 0 0 0 0 0 0 0 0 0 0 0 0 0 0 0 0 0 0 0 0 0 0 0 0 0 0 0 0 0 0 0 0 0 0 0 0 0 0 0 0 0 0 0 0 0 61324200 0 0 0
ctxt 155220841
btime 1671453272
processes 501364
procs_running 1
procs_blocked 0
softirq 200895943 78999624 29683899 358208 6564070 3345051 0 26231664 34235562 1 21477864

cpu  3940997 39802 2403065 555850564 3510843 0 281534 0 0 0
cpu0 767338 7275 392968 139411176 874649 0 65965 0 0 0
cpu1 1212828 9867 1080071 138278725 897668 0 82126 0 0 0
cpu2 1297154 15013 485305 138795086 908219 0 62985 0 0 0
cpu3 663675 7645 444720 139365575 830306 0 70457 0 0 0
intr 12071396557 0 0 3242667 75 0 638635 31752604 0 0 0 9570628 0 0 0 0 0 0 0 0 0 0 0 0 0 0 0 0 0 0 0 0 0 0 0 0 0 0 0 0 0 0 0 0 0 0 0 0 0 0 0 0 2925053653 0 0 0 0 0 0 0 0 135453 0 3345103 0 0 0 0 0 0 0 0 0 0 0 436200014 1 0 0 0 0 0 0 0 0 0 0 0 0 0 0 0 0 0 0 0 0 0 0 236431 4206 0 0 0 0 9957795 0 0 0 0 0 0 0 0 0 0 0 0 0 0 0 0 0 0 0 0 0 0 0 0 0 0 0 0 0 0 0 0 0 0 0 0 0 0 0 0 0 0 0 0 0 0 0 0 0 0 0 0 0 0 0 0 0 0 0 0 0 0 0 0 0 0 0 0 0 0 0 0 0 0 0 61324702 0 0 0
ctxt 155221851
btime 1671453272
processes 501364
procs_running 2
procs_blocked 0
softirq 200896026 78999624 29683919 358208 6564071 3345051 0 26231683 34235593 1 21477876

cpu  3940997 39802 2403066 555850758 3510843 0 281534 0 0 0
cpu0 767338 7275 392968 139411225 874649 0 65965 0 0 0
cpu1 1212828 9867 1080072 138278771 897668 0 82126 0 0 0
cpu2 1297154 15013 485305 138795135 908219 0 62985 0 0 0
cpu3 663675 7645 444720 139365625 830306 0 70457 0 0 0
intr 12071401285 0 0 3242671 75 0 638635 31752634 0 0 0 9570633 0 0 0 0 0 0 0 0 0 0 0 0 0 0 0 0 0 0 0 0 0 0 0 0 0 0 0 0 0 0 0 0 0 0 0 0 0 0 0 0 2925057672 0 0 0 0 0 0 0 0 135453 0 3345103 0 0 0 0 0 0 0 0 0 0 0 436200166 1 0 0 0 0 0 0 0 0 0 0 0 0 0 0 0 0 0 0 0 0 0 0 236431 4206 0 0 0 0 9957817 0 0 0 0 0 0 0 0 0 0 0 0 0 0 0 0 0 0 0 0 0 0 0 0 0 0 0 0 0 0 0 0 0 0 0 0 0 0 0 0 0 0 0 0 0 0 0 0 0 0 0 0 0 0 0 0 0 0 0 0 0 0 0 0 0 0 0 0 0 0 0 0 0 0 0 61325196 0 0 0
ctxt 155222870
btime 1671453272
processes 501364
procs_running 1
procs_blocked 0
softirq 200896106 78999632 29683935 358208 6564072 3345051 0 26231702 34235617 1 21477888

cpu  3940997 39802 2403069 555850951 3510843 0 281534 0 0 0
cpu0 767338 7275 392968 139411275 874649 0 65965 0 0 0
cpu1 1212828 9867 1080075 138278817 897668 0 82126 0 0 0
cpu2 1297154 15013 485305 138795184 908219 0 62985 0 0 0
cpu3 663675 7645 444720 139365674 830306 0 70457 0 0 0
intr 12071405961 0 0 3242671 75 0 638635 31752660 0 0 0 9570638 0 0 0 0 0 0 0 0 0 0 0 0 0 0 0 0 0 0 0 0 0 0 0 0 0 0 0 0 0 0 0 0 0 0 0 0 0 0 0 0 2925061674 0 0 0 0 0 0 0 0 135453 0 3345103 0 0 0 0 0 0 0 0 0 0 0 436200296 1 0 0 0 0 0 0 0 0 0 0 0 0 0 0 0 0 0 0 0 0 0 0 236431 4206 0 0 0 0 9957839 0 0 0 0 0 0 0 0 0 0 0 0 0 0 0 0 0 0 0 0 0 0 0 0 0 0 0 0 0 0 0 0 0 0 0 0 0 0 0 0 0 0 0 0 0 0 0 0 0 0 0 0 0 0 0 0 0 0 0 0 0 0 0 0 0 0 0 0 0 0 0 0 0 0 0 61325687 0 0 0
ctxt 155223875
btime 1671453272
processes 501364
procs_running 1
procs_blocked 0
softirq 200896180 78999632 29683951 358208 6564073 3345051 0 26231721 34235643 1 21477900

cpu  3940998 39802 2403074 555851141 3510843 0 281534 0 0 0
cpu0 767338 7275 392968 139411324 874649 0 65965 0 0 0
cpu1 1212828 9867 1080077 138278863 897668 0 82126 0 0 0
cpu2 1297156 15013 485308 138795230 908219 0 62985 0 0 0
cpu3 663675 7645 444720 139365723 830306 0 70457 0 0 0
intr 12071410767 0 0 3242675 75 0 638635 31752713 0 0 0 9570643 0 0 0 0 0 0 0 0 0 0 0 0 0 0 0 0 0 0 0 0 0 0 0 0 0 0 0 0 0 0 0 0 0 0 0 0 0 0 0 0 2925065702 0 0 0 0 0 0 0 0 135453 0 3345103 0 0 0 0 0 0 0 0 0 0 0 436200448 1 0 0 0 0 0 0 0 0 0 0 0 0 0 0 0 0 0 0 0 0 0 0 236431 4206 0 0 0 0 9957880 0 0 0 0 0 0 0 0 0 0 0 0 0 0 0 0 0 0 0 0 0 0 0 0 0 0 0 0 0 0 0 0 0 0 0 0 0 0 0 0 0 0 0 0 0 0 0 0 0 0 0 0 0 0 0 0 0 0 0 0 0 0 0 0 0 0 0 0 0 0 0 0 0 0 0 61326211 0 0 0
ctxt 155224968
btime 1671453272
processes 501364
procs_running 1
procs_blocked 0
softirq 200896336 78999640 29683975 358209 6564075 3345051 0 26231755 34235680 1 21477950

cpu  3940999 39802 2403077 555851332 3510845 0 281534 0 0 0
cpu0 767338 7275 392968 139411373 874649 0 65965 0 0 0
cpu1 1212829 9867 1080079 138278908 897668 0 82126 0 0 0
cpu2 1297156 15013 485308 138795277 908221 0 62985 0 0 0
cpu3 663675 7645 444720 139365772 830306 0 70457 0 0 0
intr 12071415495 0 0 3242682 75 0 638636 31752753 0 0 0 9570648 0 0 0 0 0 0 0 0 0 0 0 0 0 0 0 0 0 0 0 0 0 0 0 0 0 0 0 0 0 0 0 0 0 0 0 0 0 0 0 0 2925069697 0 0 0 0 0 0 0 0 135453 0 3345114 0 0 0 0 0 0 0 0 0 0 0 436200576 1 0 0 0 0 0 0 0 0 0 0 0 0 0 0 0 0 0 0 0 0 0 0 236442 4206 0 0 0 0 9957902 0 0 0 0 0 0 0 0 0 0 0 0 0 0 0 0 0 0 0 0 0 0 0 0 0 0 0 0 0 0 0 0 0 0 0 0 0 0 0 0 0 0 0 0 0 0 0 0 0 0 0 0 0 0 0 0 0 0 0 0 0 0 0 0 0 0 0 0 0 0 0 0 0 0 0 61326719 0 0 0
ctxt 155226095
btime 1671453272
processes 501365
procs_running 1
procs_blocked 0
softirq 200896480 78999640 29683996 358209 6564076 3345062 0 26231807 34235717 1 21477972

cpu  3940999 39802 2403079 555851525 3510845 0 281534 0 0 0
cpu0 767338 7275 392969 139411422 874649 0 65965 0 0 0
cpu1 1212829 9867 1080080 138278954 897668 0 82126 0 0 0
cpu2 1297156 15013 485308 138795326 908221 0 62985 0 0 0
cpu3 663675 7645 444720 139365822 830306 0 70457 0 0 0
intr 12071420234 0 0 3242684 75 0 638636 31752786 0 0 0 9570653 0 0 0 0 0 0 0 0 0 0 0 0 0 0 0 0 0 0 0 0 0 0 0 0 0 0 0 0 0 0 0 0 0 0 0 0 0 0 0 0 2925073726 0 0 0 0 0 0 0 0 135453 0 3345114 0 0 0 0 0 0 0 0 0 0 0 436200728 1 0 0 0 0 0 0 0 0 0 0 0 0 0 0 0 0 0 0 0 0 0 0 236442 4206 0 0 0 0 9957924 0 0 0 0 0 0 0 0 0 0 0 0 0 0 0 0 0 0 0 0 0 0 0 0 0 0 0 0 0 0 0 0 0 0 0 0 0 0 0 0 0 0 0 0 0 0 0 0 0 0 0 0 0 0 0 0 0 0 0 0 0 0 0 0 0 0 0 0 0 0 0 0 0 0 0 61327216 0 0 0
ctxt 155227121
btime 1671453272
processes 501365
procs_running 1
procs_blocked 0
softirq 200896561 78999648 29684012 358209 6564077 3345062 0 26231826 34235742 1 21477984

cpu  3940999 39802 2403080 555851714 3510845 0 281536 0 0 0
cpu0 767338 7275 392969 139411470 874649 0 65965 0 0 0
cpu1 1212829 9867 1080082 138278999 897668 0 82126 0 0 0
cpu2 1297156 15013 485308 138795374 908221 0 62986 0 0 0
cpu3 663675 7645 444720 139365870 830306 0 70458 0 0 0
intr 12071425951 0 0 3242688 75 0 638636 31752816 0 0 0 9570658 0 0 0 0 0 0 0 0 0 0 0 0 0 0 0 0 0 0 0 0 0 0 0 0 0 0 0 0 0 0 0 0 0 0 0 0 0 0 0 0 2925078243 0 0 0 0 0 0 0 0 135453 0 3345114 0 0 0 0 0 0 0 0 0 0 0 436201374 1 0 0 0 0 0 0 0 0 0 0 0 0 0 0 0 0 0 0 0 0 0 0 236442 4206 0 0 0 0 9957946 0 0 0 0 0 0 0 0 0 0 0 0 0 0 0 0 0 0 0 0 0 0 0 0 0 0 0 0 0 0 0 0 0 0 0 0 0 0 0 0 0 0 0 0 0 0 0 0 0 0 0 0 0 0 0 0 0 0 0 0 0 0 0 0 0 0 0 0 0 0 0 0 0 0 0 61327708 0 0 0
ctxt 155228165
btime 1671453272
processes 501365
procs_running 1
procs_blocked 0
softirq 200897446 79000387 29684030 358213 6564092 3345062 0 26231894 34235770 1 21477997

cpu  3940999 39802 2403080 555851903 3510845 0 281537 0 0 0
cpu0 767338 7275 392969 139411518 874649 0 65965 0 0 0
cpu1 1212829 9867 1080082 138279044 897668 0 82126 0 0 0
cpu2 1297156 15013 485308 138795422 908221 0 62986 0 0 0
cpu3 663675 7645 444720 139365918 830306 0 70458 0 0 0
intr 12071431547 0 0 3242694 75 0 638636 31752851 0 0 0 9570663 0 0 0 0 0 0 0 0 0 0 0 0 0 0 0 0 0 0 0 0 0 0 0 0 0 0 0 0 0 0 0 0 0 0 0 0 0 0 0 0 2925082700 0 0 0 0 0 0 0 0 135453 0 3345114 0 0 0 0 0 0 0 0 0 0 0 436201948 1 0 0 0 0 0 0 0 0 0 0 0 0 0 0 0 0 0 0 0 0 0 0 236442 4206 0 0 0 0 9957968 0 0 0 0 0 0 0 0 0 0 0 0 0 0 0 0 0 0 0 0 0 0 0 0 0 0 0 0 0 0 0 0 0 0 0 0 0 0 0 0 0 0 0 0 0 0 0 0 0 0 0 0 0 0 0 0 0 0 0 0 0 0 0 0 0 0 0 0 0 0 0 0 0 0 0 61328205 0 0 0
ctxt 155229230
btime 1671453272
processes 501365
procs_running 1
procs_blocked 0
softirq 200898112 79000922 29684049 358215 6564105 3345062 0 26231959 34235790 1 21478009

cpu  3940999 39802 2403082 555852092 3510845 0 281540 0 0 0
cpu0 767338 7275 392969 139411565 874649 0 65966 0 0 0
cpu1 1212829 9867 1080083 138279089 897668 0 82128 0 0 0
cpu2 1297156 15013 485308 138795470 908221 0 62987 0 0 0
cpu3 663675 7645 444720 139365967 830306 0 70458 0 0 0
intr 12071437092 0 0 3242695 75 0 638636 31752876 0 0 0 9570667 0 0 0 0 0 0 0 0 0 0 0 0 0 0 0 0 0 0 0 0 0 0 0 0 0 0 0 0 0 0 0 0 0 0 0 0 0 0 0 0 2925087139 0 0 0 0 0 0 0 0 135453 0 3345114 0 0 0 0 0 0 0 0 0 0 0 436202515 1 0 0 0 0 0 0 0 0 0 0 0 0 0 0 0 0 0 0 0 0 0 0 236442 4206 0 0 0 0 9957990 0 0 0 0 0 0 0 0 0 0 0 0 0 0 0 0 0 0 0 0 0 0 0 0 0 0 0 0 0 0 0 0 0 0 0 0 0 0 0 0 0 0 0 0 0 0 0 0 0 0 0 0 0 0 0 0 0 0 0 0 0 0 0 0 0 0 0 0 0 0 0 0 0 0 0 61328691 0 0 0
ctxt 155230236
btime 1671453272
processes 501365
procs_running 1
procs_blocked 0
softirq 200898831 79001510 29684066 358217 6564118 3345062 0 26232018 34235819 1 21478020

cpu  3941004 39802 2403090 555852269 3510845 0 281542 0 0 0
cpu0 767339 7275 392970 139411612 874649 0 65966 0 0 0
cpu1 1212831 9867 1080083 138279132 897668 0 82129 0 0 0
cpu2 1297157 15013 485312 138795514 908221 0 62987 0 0 0
cpu3 663677 7645 444724 139366009 830306 0 70458 0 0 0
intr 12071442916 0 0 3242695 75 0 638650 31752967 0 0 0 9570672 0 0 0 0 0 0 0 0 0 0 0 0 0 0 0 0 0 0 0 0 0 0 0 0 0 0 0 0 0 0 0 0 0 0 0 0 0 0 0 0 2925091603 0 0 0 0 0 0 0 0 135454 0 3345114 0 0 0 0 0 0 0 0 0 0 0 436203100 1 0 0 0 0 0 0 0 0 0 0 0 0 0 0 0 0 0 0 0 0 0 0 236442 4206 0 0 0 0 9958044 0 0 0 0 0 0 0 0 0 0 0 0 0 0 0 0 0 0 0 0 0 0 0 0 0 0 0 0 0 0 0 0 0 0 0 0 0 0 0 0 0 0 0 0 0 0 0 0 0 0 0 0 0 0 0 0 0 0 0 0 0 0 0 0 0 0 0 0 0 0 0 0 0 0 0 61329301 0 0 0
ctxt 155231518
btime 1671453272
processes 501376
procs_running 1
procs_blocked 0
softirq 200899766 79002132 29684107 358220 6564134 3345062 0 26232097 34235888 1 21478125

cpu  3941005 39802 2403092 555852458 3510845 0 281542 0 0 0
cpu0 767339 7275 392970 139411660 874649 0 65966 0 0 0
cpu1 1212831 9867 1080086 138279177 897668 0 82130 0 0 0
cpu2 1297157 15013 485312 138795562 908221 0 62987 0 0 0
cpu3 663677 7645 444724 139366058 830306 0 70458 0 0 0
intr 12071448469 0 0 3242699 75 0 638650 31752996 0 0 0 9570677 0 0 0 0 0 0 0 0 0 0 0 0 0 0 0 0 0 0 0 0 0 0 0 0 0 0 0 0 0 0 0 0 0 0 0 0 0 0 0 0 2925096036 0 0 0 0 0 0 0 0 135454 0 3345115 0 0 0 0 0 0 0 0 0 0 0 436203665 1 0 0 0 0 0 0 0 0 0 0 0 0 0 0 0 0 0 0 0 0 0 0 236443 4206 0 0 0 0 9958066 0 0 0 0 0 0 0 0 0 0 0 0 0 0 0 0 0 0 0 0 0 0 0 0 0 0 0 0 0 0 0 0 0 0 0 0 0 0 0 0 0 0 0 0 0 0 0 0 0 0 0 0 0 0 0 0 0 0 0 0 0 0 0 0 0 0 0 0 0 0 0 0 0 0 0 61329795 0 0 0
ctxt 155232565
btime 1671453272
processes 501376
procs_running 1
procs_blocked 0
softirq 200900473 79002699 29684127 358223 6564147 3345063 0 26232158 34235919 1 21478136

cpu  3941006 39802 2403093 555852648 3510845 0 281543 0 0 0
cpu0 767339 7275 392970 139411708 874649 0 65966 0 0 0
cpu1 1212832 9867 1080086 138279222 897668 0 82130 0 0 0
cpu2 1297157 15013 485312 138795611 908221 0 62987 0 0 0
cpu3 663677 7645 444724 139366106 830306 0 70459 0 0 0
intr 12071454100 0 0 3242701 75 0 638650 31753031 0 0 0 9570682 0 0 0 0 0 0 0 0 0 0 0 0 0 0 0 0 0 0 0 0 0 0 0 0 0 0 0 0 0 0 0 0 0 0 0 0 0 0 0 0 2925100501 0 0 0 0 0 0 0 0 135454 0 3345115 0 0 0 0 0 0 0 0 0 0 0 436204256 1 0 0 0 0 0 0 0 0 0 0 0 0 0 0 0 0 0 0 0 0 0 0 236443 4206 0 0 0 0 9958097 0 0 0 0 0 0 0 0 0 0 0 0 0 0 0 0 0 0 0 0 0 0 0 0 0 0 0 0 0 0 0 0 0 0 0 0 0 0 0 0 0 0 0 0 0 0 0 0 0 0 0 0 0 0 0 0 0 0 0 0 0 0 0 0 0 0 0 0 0 0 0 0 0 0 0 61330297 0 0 0
ctxt 155233651
btime 1671453272
processes 501376
procs_running 1
procs_blocked 0
softirq 200901276 79003332 29684147 358224 6564162 3345063 0 26232246 34235950 1 21478151

cpu  3941006 39802 2403096 555852838 3510845 0 281544 0 0 0
cpu0 767339 7275 392970 139411756 874649 0 65966 0 0 0
cpu1 1212832 9867 1080089 138279267 897668 0 82131 0 0 0
cpu2 1297157 15013 485312 138795659 908221 0 62988 0 0 0
cpu3 663677 7645 444724 139366154 830306 0 70459 0 0 0
intr 12071459511 0 0 3242710 75 0 638650 31753058 0 0 0 9570687 0 0 0 0 0 0 0 0 0 0 0 0 0 0 0 0 0 0 0 0 0 0 0 0 0 0 0 0 0 0 0 0 0 0 0 0 0 0 0 0 2925104858 0 0 0 0 0 0 0 0 135454 0 3345115 0 0 0 0 0 0 0 0 0 0 0 436204743 1 0 0 0 0 0 0 0 0 0 0 0 0 0 0 0 0 0 0 0 0 0 0 236443 4206 0 0 0 0 9958119 0 0 0 0 0 0 0 0 0 0 0 0 0 0 0 0 0 0 0 0 0 0 0 0 0 0 0 0 0 0 0 0 0 0 0 0 0 0 0 0 0 0 0 0 0 0 0 0 0 0 0 0 0 0 0 0 0 0 0 0 0 0 0 0 0 0 0 0 0 0 0 0 0 0 0 61330800 0 0 0
ctxt 155234683
btime 1671453272
processes 501376
procs_running 1
procs_blocked 0
softirq 200901928 79003838 29684165 358226 6564174 3345063 0 26232319 34235980 1 21478162

cpu  3941006 39802 2403098 555853028 3510845 0 281546 0 0 0
cpu0 767339 7275 392970 139411804 874649 0 65966 0 0 0
cpu1 1212832 9867 1080091 138279312 897668 0 82132 0 0 0
cpu2 1297157 15013 485312 138795707 908221 0 62988 0 0 0
cpu3 663677 7645 444724 139366202 830306 0 70459 0 0 0
intr 12071465134 0 0 3242712 75 0 638650 31753100 0 0 0 9570692 0 0 0 0 0 0 0 0 0 0 0 0 0 0 0 0 0 0 0 0 0 0 0 0 0 0 0 0 0 0 0 0 0 0 0 0 0 0 0 0 2925109319 0 0 0 0 0 0 0 0 135454 0 3345115 0 0 0 0 0 0 0 0 0 0 0 436205333 1 0 0 0 0 0 0 0 0 0 0 0 0 0 0 0 0 0 0 0 0 0 0 236443 4206 0 0 0 0 9958148 0 0 0 0 0 0 0 0 0 0 0 0 0 0 0 0 0 0 0 0 0 0 0 0 0 0 0 0 0 0 0 0 0 0 0 0 0 0 0 0 0 0 0 0 0 0 0 0 0 0 0 0 0 0 0 0 0 0 0 0 0 0 0 0 0 0 0 0 0 0 0 0 0 0 0 61331295 0 0 0
ctxt 155235748
btime 1671453272
processes 501376
procs_running 1
procs_blocked 0
softirq 200902667 79004403 29684185 358228 6564188 3345063 0 26232414 34236011 1 21478174

cpu  3941007 39802 2403100 555853217 3510845 0 281548 0 0 0
cpu0 767339 7275 392970 139411853 874649 0 65966 0 0 0
cpu1 1212833 9867 1080092 138279357 897668 0 82132 0 0 0
cpu2 1297157 15013 485312 138795755 908221 0 62988 0 0 0
cpu3 663677 7645 444724 139366251 830306 0 70460 0 0 0
intr 12071470698 0 0 3242712 75 0 638650 31753132 0 0 0 9570697 0 0 0 0 0 0 0 0 0 0 0 0 0 0 0 0 0 0 0 0 0 0 0 0 0 0 0 0 0 0 0 0 0 0 0 0 0 0 0 0 2925113766 0 0 0 0 0 0 0 0 135454 0 3345115 0 0 0 0 0 0 0 0 0 0 0 436205900 1 0 0 0 0 0 0 0 0 0 0 0 0 0 0 0 0 0 0 0 0 0 0 236443 4206 0 0 0 0 9958170 0 0 0 0 0 0 0 0 0 0 0 0 0 0 0 0 0 0 0 0 0 0 0 0 0 0 0 0 0 0 0 0 0 0 0 0 0 0 0 0 0 0 0 0 0 0 0 0 0 0 0 0 0 0 0 0 0 0 0 0 0 0 0 0 0 0 0 0 0 0 0 0 0 0 0 61331787 0 0 0
ctxt 155236791
btime 1671453272
processes 501376
procs_running 1
procs_blocked 0
softirq 200903438 79005020 29684203 358230 6564202 3345063 0 26232488 34236045 1 21478186

cpu  3941009 39802 2403103 555853403 3510845 0 281550 0 0 0
cpu0 767339 7275 392971 139411901 874649 0 65967 0 0 0
cpu1 1212834 9867 1080093 138279402 897668 0 82133 0 0 0
cpu2 1297157 15013 485312 138795802 908221 0 62988 0 0 0
cpu3 663678 7645 444726 139366296 830306 0 70460 0 0 0
intr 12071476341 0 0 3242712 75 0 638650 31753182 0 0 0 9570702 0 0 0 0 0 0 0 0 0 0 0 0 0 0 0 0 0 0 0 0 0 0 0 0 0 0 0 0 0 0 0 0 0 0 0 0 0 0 0 0 2925118225 0 0 0 0 0 0 0 0 135454 0 3345115 0 0 0 0 0 0 0 0 0 0 0 436206484 1 0 0 0 0 0 0 0 0 0 0 0 0 0 0 0 0 0 0 0 0 0 0 236443 4206 0 0 0 0 9958198 0 0 0 0 0 0 0 0 0 0 0 0 0 0 0 0 0 0 0 0 0 0 0 0 0 0 0 0 0 0 0 0 0 0 0 0 0 0 0 0 0 0 0 0 0 0 0 0 0 0 0 0 0 0 0 0 0 0 0 0 0 0 0 0 0 0 0 0 0 0 0 0 0 0 0 61332302 0 0 0
ctxt 155237866
btime 1671453272
processes 501376
procs_running 1
procs_blocked 0
softirq 200904138 79005552 29684225 358232 6564216 3345063 0 26232553 34236083 1 21478213

cpu  3941009 39802 2403106 555853592 3510845 0 281550 0 0 0
cpu0 767339 7275 392971 139411949 874649 0 65967 0 0 0
cpu1 1212834 9867 1080095 138279447 897668 0 82134 0 0 0
cpu2 1297157 15013 485312 138795850 908221 0 62988 0 0 0
cpu3 663678 7645 444727 139366344 830306 0 70460 0 0 0
intr 12071481898 0 0 3242717 75 0 638650 31753209 0 0 0 9570707 0 0 0 0 0 0 0 0 0 0 0 0 0 0 0 0 0 0 0 0 0 0 0 0 0 0 0 0 0 0 0 0 0 0 0 0 0 0 0 0 2925122670 0 0 0 0 0 0 0 0 135454 0 3345117 0 0 0 0 0 0 0 0 0 0 0 436207050 1 0 0 0 0 0 0 0 0 0 0 0 0 0 0 0 0 0 0 0 0 0 0 236445 4206 0 0 0 0 9958213 0 0 0 0 0 0 0 0 0 0 0 0 0 0 0 0 0 0 0 0 0 0 0 0 0 0 0 0 0 0 0 0 0 0 0 0 0 0 0 0 0 0 0 0 0 0 0 0 0 0 0 0 0 0 0 0 0 0 0 0 0 0 0 0 0 0 0 0 0 0 0 0 0 0 0 61332794 0 0 0
ctxt 155238907
btime 1671453272
processes 501376
procs_running 1
procs_blocked 0
softirq 200905015 79006279 29684241 358234 6564229 3345065 0 26232628 34236114 1 21478224

cpu  3941010 39802 2403109 555853781 3510845 0 281552 0 0 0
cpu0 767339 7275 392971 139411998 874649 0 65967 0 0 0
cpu1 1212835 9867 1080098 138279491 897668 0 82134 0 0 0
cpu2 1297157 15013 485312 138795898 908221 0 62989 0 0 0
cpu3 663678 7645 444727 139366392 830306 0 70460 0 0 0
intr 12071487510 0 0 3242717 75 0 638650 31753242 0 0 0 9570712 0 0 0 0 0 0 0 0 0 0 0 0 0 0 0 0 0 0 0 0 0 0 0 0 0 0 0 0 0 0 0 0 0 0 0 0 0 0 0 0 2925127136 0 0 0 0 0 0 0 0 135454 0 3345117 0 0 0 0 0 0 0 0 0 0 0 436207643 1 0 0 0 0 0 0 0 0 0 0 0 0 0 0 0 0 0 0 0 0 0 0 236445 4206 0 0 0 0 9958235 0 0 0 0 0 0 0 0 0 0 0 0 0 0 0 0 0 0 0 0 0 0 0 0 0 0 0 0 0 0 0 0 0 0 0 0 0 0 0 0 0 0 0 0 0 0 0 0 0 0 0 0 0 0 0 0 0 0 0 0 0 0 0 0 0 0 0 0 0 0 0 0 0 0 0 61333286 0 0 0
ctxt 155239947
btime 1671453272
processes 501376
procs_running 1
procs_blocked 0
softirq 200905691 79006821 29684260 358234 6564242 3345065 0 26232691 34236143 1 21478234

cpu  3941010 39802 2403110 555853971 3510845 0 281553 0 0 0
cpu0 767339 7275 392971 139412046 874649 0 65968 0 0 0
cpu1 1212836 9867 1080099 138279537 897668 0 82134 0 0 0
cpu2 1297157 15013 485312 138795946 908221 0 62989 0 0 0
cpu3 663678 7645 444727 139366441 830306 0 70460 0 0 0
intr 12071492946 0 0 3242721 75 0 638650 31753272 0 0 0 9570717 0 0 0 0 0 0 0 0 0 0 0 0 0 0 0 0 0 0 0 0 0 0 0 0 0 0 0 0 0 0 0 0 0 0 0 0 0 0 0 0 2925131517 0 0 0 0 0 0 0 0 135454 0 3345117 0 0 0 0 0 0 0 0 0 0 0 436208139 1 0 0 0 0 0 0 0 0 0 0 0 0 0 0 0 0 0 0 0 0 0 0 236445 4206 0 0 0 0 9958257 0 0 0 0 0 0 0 0 0 0 0 0 0 0 0 0 0 0 0 0 0 0 0 0 0 0 0 0 0 0 0 0 0 0 0 0 0 0 0 0 0 0 0 0 0 0 0 0 0 0 0 0 0 0 0 0 0 0 0 0 0 0 0 0 0 0 0 0 0 0 0 0 0 0 0 61333785 0 0 0
ctxt 155240980
btime 1671453272
processes 501376
procs_running 2
procs_blocked 0
softirq 200906316 79007320 29684276 358234 6564253 3345065 0 26232757 34236164 1 21478246

cpu  3941010 39802 2403111 555854161 3510845 0 281555 0 0 0
cpu0 767339 7275 392971 139412094 874649 0 65968 0 0 0
cpu1 1212836 9867 1080100 138279582 897668 0 82135 0 0 0
cpu2 1297157 15013 485312 138795994 908221 0 62990 0 0 0
cpu3 663678 7645 444727 139366490 830306 0 70462 0 0 0
intr 12071498580 0 0 3242727 75 0 638650 31753311 0 0 0 9570722 0 0 0 0 0 0 0 0 0 0 0 0 0 0 0 0 0 0 0 0 0 0 0 0 0 0 0 0 0 0 0 0 0 0 0 0 0 0 0 0 2925135992 0 0 0 0 0 0 0 0 135454 0 3345117 0 0 0 0 0 0 0 0 0 0 0 436208731 1 0 0 0 0 0 0 0 0 0 0 0 0 0 0 0 0 0 0 0 0 0 0 236445 4206 0 0 0 0 9958279 0 0 0 0 0 0 0 0 0 0 0 0 0 0 0 0 0 0 0 0 0 0 0 0 0 0 0 0 0 0 0 0 0 0 0 0 0 0 0 0 0 0 0 0 0 0 0 0 0 0 0 0 0 0 0 0 0 0 0 0 0 0 0 0 0 0 0 0 0 0 0 0 0 0 0 61334281 0 0 0
ctxt 155242031
btime 1671453272
processes 501376
procs_running 2
procs_blocked 0
softirq 200906969 79007821 29684294 358235 6564267 3345065 0 26232841 34236186 1 21478259

cpu  3941010 39802 2403113 555854350 3510845 0 281556 0 0 0
cpu0 767339 7275 392971 139412142 874649 0 65968 0 0 0
cpu1 1212836 9867 1080102 138279627 897668 0 82135 0 0 0
cpu2 1297157 15013 485312 138796042 908221 0 62990 0 0 0
cpu3 663678 7645 444727 139366538 830306 0 70462 0 0 0
intr 12071504168 0 0 3242742 75 0 638650 31753351 0 0 0 9570727 0 0 0 0 0 0 0 0 0 0 0 0 0 0 0 0 0 0 0 0 0 0 0 0 0 0 0 0 0 0 0 0 0 0 0 0 0 0 0 0 2925140418 0 0 0 0 0 0 0 0 135454 0 3345123 0 0 0 0 0 0 0 0 0 0 0 436209289 1 0 0 0 0 0 0 0 0 0 0 0 0 0 0 0 0 0 0 0 0 0 0 236451 4206 0 0 0 0 9958301 0 0 0 0 0 0 0 0 0 0 0 0 0 0 0 0 0 0 0 0 0 0 0 0 0 0 0 0 0 0 0 0 0 0 0 0 0 0 0 0 0 0 0 0 0 0 0 0 0 0 0 0 0 0 0 0 0 0 0 0 0 0 0 0 0 0 0 0 0 0 0 0 0 0 0 61334789 0 0 0
ctxt 155243147
btime 1671453272
processes 501376
procs_running 1
procs_blocked 0
softirq 200907719 79008372 29684313 358236 6564282 3345071 0 26232956 34236218 1 21478270

cpu  3941013 39802 2403116 555854538 3510845 0 281558 0 0 0
cpu0 767341 7275 392972 139412189 874649 0 65968 0 0 0
cpu1 1212836 9867 1080104 138279672 897668 0 82136 0 0 0
cpu2 1297157 15013 485312 138796090 908221 0 62990 0 0 0
cpu3 663678 7645 444727 139366586 830306 0 70462 0 0 0
intr 12071509724 0 0 3242746 75 0 638650 31753385 0 0 0 9570732 0 0 0 0 0 0 0 0 0 0 0 0 0 0 0 0 0 0 0 0 0 0 0 0 0 0 0 0 0 0 0 0 0 0 0 0 0 0 0 0 2925144851 0 0 0 0 0 0 0 0 135454 0 3345123 0 0 0 0 0 0 0 0 0 0 0 436209843 1 0 0 0 0 0 0 0 0 0 0 0 0 0 0 0 0 0 0 0 0 0 0 236451 4206 0 0 0 0 9958323 0 0 0 0 0 0 0 0 0 0 0 0 0 0 0 0 0 0 0 0 0 0 0 0 0 0 0 0 0 0 0 0 0 0 0 0 0 0 0 0 0 0 0 0 0 0 0 0 0 0 0 0 0 0 0 0 0 0 0 0 0 0 0 0 0 0 0 0 0 0 0 0 0 0 0 61335292 0 0 0
ctxt 155244204
btime 1671453272
processes 501376
procs_running 2
procs_blocked 0
softirq 200908350 79008847 29684333 358237 6564297 3345071 0 26233018 34236246 1 21478300

cpu  3941013 39802 2403118 555854727 3510845 0 281558 0 0 0
cpu0 767341 7275 392972 139412236 874649 0 65968 0 0 0
cpu1 1212836 9867 1080106 138279716 897668 0 82136 0 0 0
cpu2 1297157 15013 485312 138796138 908221 0 62990 0 0 0
cpu3 663678 7645 444727 139366634 830306 0 70462 0 0 0
intr 12071515329 0 0 3242754 75 0 638650 31753421 0 0 0 9570737 0 0 0 0 0 0 0 0 0 0 0 0 0 0 0 0 0 0 0 0 0 0 0 0 0 0 0 0 0 0 0 0 0 0 0 0 0 0 0 0 2925149302 0 0 0 0 0 0 0 0 135454 0 3345123 0 0 0 0 0 0 0 0 0 0 0 436210427 1 0 0 0 0 0 0 0 0 0 0 0 0 0 0 0 0 0 0 0 0 0 0 236451 4206 0 0 0 0 9958344 0 0 0 0 0 0 0 0 0 0 0 0 0 0 0 0 0 0 0 0 0 0 0 0 0 0 0 0 0 0 0 0 0 0 0 0 0 0 0 0 0 0 0 0 0 0 0 0 0 0 0 0 0 0 0 0 0 0 0 0 0 0 0 0 0 0 0 0 0 0 0 0 0 0 0 61335793 0 0 0
ctxt 155245262
btime 1671453272
processes 501376
procs_running 1
procs_blocked 0
softirq 200909131 79009462 29684349 358240 6564311 3345071 0 26233100 34236271 1 21478326

cpu  3941013 39802 2403121 555854916 3510845 0 281559 0 0 0
cpu0 767341 7275 392972 139412285 874649 0 65969 0 0 0
cpu1 1212836 9867 1080108 138279761 897668 0 82137 0 0 0
cpu2 1297157 15013 485312 138796186 908221 0 62990 0 0 0
cpu3 663678 7645 444727 139366683 830306 0 70462 0 0 0
intr 12071520896 0 0 3242758 75 0 638650 31753456 0 0 0 9570742 0 0 0 0 0 0 0 0 0 0 0 0 0 0 0 0 0 0 0 0 0 0 0 0 0 0 0 0 0 0 0 0 0 0 0 0 0 0 0 0 2925153739 0 0 0 0 0 0 0 0 135454 0 3345123 0 0 0 0 0 0 0 0 0 0 0 436210990 1 0 0 0 0 0 0 0 0 0 0 0 0 0 0 0 0 0 0 0 0 0 0 236451 4206 0 0 0 0 9958375 0 0 0 0 0 0 0 0 0 0 0 0 0 0 0 0 0 0 0 0 0 0 0 0 0 0 0 0 0 0 0 0 0 0 0 0 0 0 0 0 0 0 0 0 0 0 0 0 0 0 0 0 0 0 0 0 0 0 0 0 0 0 0 0 0 0 0 0 0 0 0 0 0 0 0 61336285 0 0 0
ctxt 155246301
btime 1671453272
processes 501376
procs_running 1
procs_blocked 0
softirq 200909931 79010114 29684372 358245 6564324 3345071 0 26233166 34236300 1 21478338

cpu  3941013 39802 2403124 555855106 3510845 0 281560 0 0 0
cpu0 767341 7275 392972 139412334 874649 0 65969 0 0 0
cpu1 1212836 9867 1080111 138279805 897668 0 82138 0 0 0
cpu2 1297157 15013 485312 138796234 908221 0 62991 0 0 0
cpu3 663678 7645 444727 139366732 830306 0 70462 0 0 0
intr 12071526339 0 0 3242759 75 0 638650 31753484 0 0 0 9570747 0 0 0 0 0 0 0 0 0 0 0 0 0 0 0 0 0 0 0 0 0 0 0 0 0 0 0 0 0 0 0 0 0 0 0 0 0 0 0 0 2925158129 0 0 0 0 0 0 0 0 135454 0 3345123 0 0 0 0 0 0 0 0 0 0 0 436211504 1 0 0 0 0 0 0 0 0 0 0 0 0 0 0 0 0 0 0 0 0 0 0 236451 4206 0 0 0 0 9958397 0 0 0 0 0 0 0 0 0 0 0 0 0 0 0 0 0 0 0 0 0 0 0 0 0 0 0 0 0 0 0 0 0 0 0 0 0 0 0 0 0 0 0 0 0 0 0 0 0 0 0 0 0 0 0 0 0 0 0 0 0 0 0 0 0 0 0 0 0 0 0 0 0 0 0 61336768 0 0 0
ctxt 155247320
btime 1671453272
processes 501376
procs_running 1
procs_blocked 0
softirq 200910539 79010583 29684390 358248 6564335 3345071 0 26233242 34236320 1 21478349

cpu  3941015 39802 2403126 555855295 3510845 0 281562 0 0 0
cpu0 767341 7275 392972 139412382 874649 0 65969 0 0 0
cpu1 1212838 9867 1080113 138279850 897668 0 82138 0 0 0
cpu2 1297157 15013 485312 138796282 908221 0 62991 0 0 0
cpu3 663678 7645 444727 139366780 830306 0 70462 0 0 0
intr 12071531892 0 0 3242759 75 0 638650 31753511 0 0 0 9570752 0 0 0 0 0 0 0 0 0 0 0 0 0 0 0 0 0 0 0 0 0 0 0 0 0 0 0 0 0 0 0 0 0 0 0 0 0 0 0 0 2925162570 0 0 0 0 0 0 0 0 135454 0 3345123 0 0 0 0 0 0 0 0 0 0 0 436212072 1 0 0 0 0 0 0 0 0 0 0 0 0 0 0 0 0 0 0 0 0 0 0 236451 4206 0 0 0 0 9958419 0 0 0 0 0 0 0 0 0 0 0 0 0 0 0 0 0 0 0 0 0 0 0 0 0 0 0 0 0 0 0 0 0 0 0 0 0 0 0 0 0 0 0 0 0 0 0 0 0 0 0 0 0 0 0 0 0 0 0 0 0 0 0 0 0 0 0 0 0 0 0 0 0 0 0 61337259 0 0 0
ctxt 155248350
btime 1671453272
processes 501376
procs_running 1
procs_blocked 0
softirq 200911201 79011090 29684407 358249 6564349 3345071 0 26233318 34236353 1 21478363

cpu  3941016 39802 2403128 555855485 3510845 0 281562 0 0 0
cpu0 767341 7275 392972 139412430 874649 0 65969 0 0 0
cpu1 1212838 9867 1080115 138279895 897668 0 82139 0 0 0
cpu2 1297157 15013 485312 138796330 908221 0 62991 0 0 0
cpu3 663678 7645 444727 139366828 830306 0 70462 0 0 0
intr 12071537494 0 0 3242759 75 0 638650 31753540 0 0 0 9570757 0 0 0 0 0 0 0 0 0 0 0 0 0 0 0 0 0 0 0 0 0 0 0 0 0 0 0 0 0 0 0 0 0 0 0 0 0 0 0 0 2925167035 0 0 0 0 0 0 0 0 135454 0 3345123 0 0 0 0 0 0 0 0 0 0 0 436212659 1 0 0 0 0 0 0 0 0 0 0 0 0 0 0 0 0 0 0 0 0 0 0 236451 4206 0 0 0 0 9958441 0 0 0 0 0 0 0 0 0 0 0 0 0 0 0 0 0 0 0 0 0 0 0 0 0 0 0 0 0 0 0 0 0 0 0 0 0 0 0 0 0 0 0 0 0 0 0 0 0 0 0 0 0 0 0 0 0 0 0 0 0 0 0 0 0 0 0 0 0 0 0 0 0 0 0 61337753 0 0 0
ctxt 155249401
btime 1671453272
processes 501376
procs_running 1
procs_blocked 0
softirq 200912010 79011728 29684425 358251 6564362 3345071 0 26233414 34236383 1 21478375

cpu  3941016 39802 2403130 555855675 3510845 0 281563 0 0 0
cpu0 767341 7275 392972 139412479 874649 0 65969 0 0 0
cpu1 1212839 9867 1080118 138279940 897668 0 82140 0 0 0
cpu2 1297157 15013 485312 138796378 908221 0 62991 0 0 0
cpu3 663678 7645 444727 139366877 830306 0 70462 0 0 0
intr 12071542750 0 0 3242761 75 0 638650 31753568 0 0 0 9570762 0 0 0 0 0 0 0 0 0 0 0 0 0 0 0 0 0 0 0 0 0 0 0 0 0 0 0 0 0 0 0 0 0 0 0 0 0 0 0 0 2925171327 0 0 0 0 0 0 0 0 135454 0 3345123 0 0 0 0 0 0 0 0 0 0 0 436213076 1 0 0 0 0 0 0 0 0 0 0 0 0 0 0 0 0 0 0 0 0 0 0 236451 4206 0 0 0 0 9958463 0 0 0 0 0 0 0 0 0 0 0 0 0 0 0 0 0 0 0 0 0 0 0 0 0 0 0 0 0 0 0 0 0 0 0 0 0 0 0 0 0 0 0 0 0 0 0 0 0 0 0 0 0 0 0 0 0 0 0 0 0 0 0 0 0 0 0 0 0 0 0 0 0 0 0 61338242 0 0 0
ctxt 155250420
btime 1671453272
processes 501376
procs_running 1
procs_blocked 0
softirq 200912571 79012163 29684440 358251 6564371 3345071 0 26233477 34236411 1 21478386

cpu  3941018 39802 2403136 555855865 3510845 0 281563 0 0 0
cpu0 767342 7275 392974 139412525 874649 0 65969 0 0 0
cpu1 1212839 9867 1080120 138279986 897668 0 82140 0 0 0
cpu2 1297157 15013 485313 138796427 908221 0 62991 0 0 0
cpu3 663678 7645 444727 139366926 830306 0 70462 0 0 0
intr 12071547544 0 0 3242765 75 0 638650 31753611 0 0 0 9570767 0 0 0 0 0 0 0 0 0 0 0 0 0 0 0 0 0 0 0 0 0 0 0 0 0 0 0 0 0 0 0 0 0 0 0 0 0 0 0 0 2925175349 0 0 0 0 0 0 0 0 135454 0 3345123 0 0 0 0 0 0 0 0 0 0 0 436213230 1 0 0 0 0 0 0 0 0 0 0 0 0 0 0 0 0 0 0 0 0 0 0 236451 4206 0 0 0 0 9958502 0 0 0 0 0 0 0 0 0 0 0 0 0 0 0 0 0 0 0 0 0 0 0 0 0 0 0 0 0 0 0 0 0 0 0 0 0 0 0 0 0 0 0 0 0 0 0 0 0 0 0 0 0 0 0 0 0 0 0 0 0 0 0 0 0 0 0 0 0 0 0 0 0 0 0 61338769 0 0 0
ctxt 155251495
btime 1671453272
processes 501376
procs_running 1
procs_blocked 0
softirq 200912719 79012171 29684465 358251 6564373 3345071 0 26233509 34236454 1 21478424

cpu  3941018 39802 2403139 555856059 3510845 0 281563 0 0 0
cpu0 767342 7275 392974 139412574 874649 0 65969 0 0 0
cpu1 1212839 9867 1080124 138280032 897668 0 82140 0 0 0
cpu2 1297158 15013 485313 138796476 908221 0 62991 0 0 0
cpu3 663678 7645 444727 139366976 830306 0 70462 0 0 0
intr 12071552226 0 0 3242770 75 0 638650 31753635 0 0 0 9570772 0 0 0 0 0 0 0 0 0 0 0 0 0 0 0 0 0 0 0 0 0 0 0 0 0 0 0 0 0 0 0 0 0 0 0 0 0 0 0 0 2925179346 0 0 0 0 0 0 0 0 135454 0 3345123 0 0 0 0 0 0 0 0 0 0 0 436213358 1 0 0 0 0 0 0 0 0 0 0 0 0 0 0 0 0 0 0 0 0 0 0 236451 4206 0 0 0 0 9958524 0 0 0 0 0 0 0 0 0 0 0 0 0 0 0 0 0 0 0 0 0 0 0 0 0 0 0 0 0 0 0 0 0 0 0 0 0 0 0 0 0 0 0 0 0 0 0 0 0 0 0 0 0 0 0 0 0 0 0 0 0 0 0 0 0 0 0 0 0 0 0 0 0 0 0 61339269 0 0 0
ctxt 155252499
btime 1671453272
processes 501376
procs_running 1
procs_blocked 0
softirq 200912791 79012171 29684480 358251 6564374 3345071 0 26233527 34236480 1 21478436

cpu  3941018 39802 2403141 555856252 3510845 0 281563 0 0 0
cpu0 767342 7275 392974 139412623 874649 0 65969 0 0 0
cpu1 1212839 9867 1080125 138280077 897668 0 82140 0 0 0
cpu2 1297158 15013 485314 138796525 908221 0 62991 0 0 0
cpu3 663678 7645 444727 139367025 830306 0 70462 0 0 0
intr 12071556952 0 0 3242774 75 0 638651 31753662 0 0 0 9570777 0 0 0 0 0 0 0 0 0 0 0 0 0 0 0 0 0 0 0 0 0 0 0 0 0 0 0 0 0 0 0 0 0 0 0 0 0 0 0 0 2925183374 0 0 0 0 0 0 0 0 135454 0 3345123 0 0 0 0 0 0 0 0 0 0 0 436213512 1 0 0 0 0 0 0 0 0 0 0 0 0 0 0 0 0 0 0 0 0 0 0 236451 4206 0 0 0 0 9958543 0 0 0 0 0 0 0 0 0 0 0 0 0 0 0 0 0 0 0 0 0 0 0 0 0 0 0 0 0 0 0 0 0 0 0 0 0 0 0 0 0 0 0 0 0 0 0 0 0 0 0 0 0 0 0 0 0 0 0 0 0 0 0 0 0 0 0 0 0 0 0 0 0 0 0 61339758 0 0 0
ctxt 155253512
btime 1671453272
processes 501376
procs_running 1
procs_blocked 0
softirq 200912863 79012179 29684494 358251 6564375 3345071 0 26233543 34236501 1 21478448
