cpu  3211923 6402 1174755 62956829 3482549 0 263040 0 0 0
cpu0 605917 1686 127278 16101630 868734 0 61851 0 0 0
cpu1 1010752 1111 734850 15082804 891848 0 75101 0 0 0
cpu2 1109717 2237 172980 15536988 900440 0 59116 0 0 0
cpu3 485536 1367 139645 16235406 821525 0 66970 0 0 0
intr 1599480792 0 0 383712 75 0 95648 12623536 0 0 0 1080353 0 0 0 0 0 0 0 0 0 0 0 0 0 0 0 0 0 0 0 0 0 0 0 0 0 0 0 0 0 0 0 0 0 0 0 0 0 0 0 0 1477026525 0 0 0 0 0 0 0 0 115929 0 3205387 0 0 0 0 0 0 0 0 0 0 0 82780882 1 0 0 0 0 0 0 0 0 0 0 0 0 0 0 0 0 0 0 0 0 0 0 99926 4206 0 0 0 0 3478284 0 0 0 0 0 0 0 0 0 0 0 0 0 0 0 0 0 0 0 0 0 0 0 0 0 0 0 0 0 0 0 0 0 0 0 0 0 0 0 0 0 0 0 0 0 0 0 0 0 0 0 0 0 0 0 0 0 0 0 0 0 0 0 0 0 0 0 0 0 0 0 0 0 0 0 18586329 0 0 0
ctxt 48919034
btime 1671453272
processes 71131
procs_running 2
procs_blocked 0
softirq 109976342 66002888 4766895 100526 5402390 3205335 0 17880007 6156248 0 6462053

cpu  3211943 6402 1174786 62956978 3482549 0 263040 0 0 0
cpu0 605918 1686 127278 16101679 868734 0 61851 0 0 0
cpu1 1010772 1111 734881 15082804 891848 0 75101 0 0 0
cpu2 1109717 2237 172980 15537038 900440 0 59116 0 0 0
cpu3 485536 1367 139645 16235456 821525 0 66970 0 0 0
intr 1599485122 0 0 383712 75 0 95648 12623562 0 0 0 1080353 0 0 0 0 0 0 0 0 0 0 0 0 0 0 0 0 0 0 0 0 0 0 0 0 0 0 0 0 0 0 0 0 0 0 0 0 0 0 0 0 1477030535 0 0 0 0 0 0 0 0 115930 0 3205387 0 0 0 0 0 0 0 0 0 0 0 82781011 1 0 0 0 0 0 0 0 0 0 0 0 0 0 0 0 0 0 0 0 0 0 0 99926 4206 0 0 0 0 3478299 0 0 0 0 0 0 0 0 0 0 0 0 0 0 0 0 0 0 0 0 0 0 0 0 0 0 0 0 0 0 0 0 0 0 0 0 0 0 0 0 0 0 0 0 0 0 0 0 0 0 0 0 0 0 0 0 0 0 0 0 0 0 0 0 0 0 0 0 0 0 0 0 0 0 0 18586477 0 0 0
ctxt 48919099
btime 1671453272
processes 71131
procs_running 2
procs_blocked 0
softirq 109976394 66002889 4766907 100526 5402391 3205335 0 17880021 6156264 0 6462061

cpu  3211967 6402 1174816 62957122 3482549 0 263040 0 0 0
cpu0 605918 1686 127279 16101728 868734 0 61851 0 0 0
cpu1 1010794 1111 734908 15082804 891848 0 75101 0 0 0
cpu2 1109717 2237 172980 15537087 900440 0 59116 0 0 0
cpu3 485537 1367 139648 16235501 821525 0 66970 0 0 0
intr 1599489592 0 0 383712 75 0 95648 12623631 0 0 0 1080353 0 0 0 0 0 0 0 0 0 0 0 0 0 0 0 0 0 0 0 0 0 0 0 0 0 0 0 0 0 0 0 0 0 0 0 0 0 0 0 0 1477034560 0 0 0 0 0 0 0 0 115933 0 3205387 0 0 0 0 0 0 0 0 0 0 0 82781165 1 0 0 0 0 0 0 0 0 0 0 0 0 0 0 0 0 0 0 0 0 0 0 99926 4206 0 0 0 0 3478343 0 0 0 0 0 0 0 0 0 0 0 0 0 0 0 0 0 0 0 0 0 0 0 0 0 0 0 0 0 0 0 0 0 0 0 0 0 0 0 0 0 0 0 0 0 0 0 0 0 0 0 0 0 0 0 0 0 0 0 0 0 0 0 0 0 0 0 0 0 0 0 0 0 0 0 18586652 0 0 0
ctxt 48919376
btime 1671453272
processes 71131
procs_running 2
procs_blocked 0
softirq 109976548 66002897 4766933 100526 5402395 3205335 0 17880061 6156288 0 6462113

cpu  3211983 6402 1174850 62957269 3482549 0 263040 0 0 0
cpu0 605918 1686 127279 16101777 868734 0 61851 0 0 0
cpu1 1010810 1111 734942 15082804 891848 0 75101 0 0 0
cpu2 1109717 2237 172980 15537136 900441 0 59116 0 0 0
cpu3 485537 1367 139648 16235551 821525 0 66970 0 0 0
intr 1599493917 0 0 383713 75 0 95648 12623664 0 0 0 1080353 0 0 0 0 0 0 0 0 0 0 0 0 0 0 0 0 0 0 0 0 0 0 0 0 0 0 0 0 0 0 0 0 0 0 0 0 0 0 0 0 1477038556 0 0 0 0 0 0 0 0 115934 0 3205389 0 0 0 0 0 0 0 0 0 0 0 82781293 1 0 0 0 0 0 0 0 0 0 0 0 0 0 0 0 0 0 0 0 0 0 0 99928 4206 0 0 0 0 3478358 0 0 0 0 0 0 0 0 0 0 0 0 0 0 0 0 0 0 0 0 0 0 0 0 0 0 0 0 0 0 0 0 0 0 0 0 0 0 0 0 0 0 0 0 0 0 0 0 0 0 0 0 0 0 0 0 0 0 0 0 0 0 0 0 0 0 0 0 0 0 0 0 0 0 0 18586799 0 0 0
ctxt 48919466
btime 1671453272
processes 71131
procs_running 2
procs_blocked 0
softirq 109976610 66002897 4766947 100526 5402396 3205337 0 17880080 6156306 0 6462121

cpu  3212007 6402 1174876 62957417 3482549 0 263040 0 0 0
cpu0 605918 1686 127279 16101827 868734 0 61851 0 0 0
cpu1 1010834 1111 734968 15082804 891848 0 75101 0 0 0
cpu2 1109717 2237 172980 15537185 900441 0 59116 0 0 0
cpu3 485537 1367 139648 16235600 821525 0 66970 0 0 0
intr 1599498291 0 0 383713 75 0 95648 12623698 0 0 0 1080353 0 0 0 0 0 0 0 0 0 0 0 0 0 0 0 0 0 0 0 0 0 0 0 0 0 0 0 0 0 0 0 0 0 0 0 0 0 0 0 0 1477042584 0 0 0 0 0 0 0 0 115935 0 3205389 0 0 0 0 0 0 0 0 0 0 0 82781445 1 0 0 0 0 0 0 0 0 0 0 0 0 0 0 0 0 0 0 0 0 0 0 99928 4206 0 0 0 0 3478373 0 0 0 0 0 0 0 0 0 0 0 0 0 0 0 0 0 0 0 0 0 0 0 0 0 0 0 0 0 0 0 0 0 0 0 0 0 0 0 0 0 0 0 0 0 0 0 0 0 0 0 0 0 0 0 0 0 0 0 0 0 0 0 0 0 0 0 0 0 0 0 0 0 0 0 18586944 0 0 0
ctxt 48919554
btime 1671453272
processes 71131
procs_running 2
procs_blocked 0
softirq 109976673 66002905 4766960 100526 5402397 3205337 0 17880094 6156325 0 6462129

cpu  3212028 6402 1174905 62957564 3482549 0 263040 0 0 0
cpu0 605918 1686 127279 16101876 868734 0 61851 0 0 0
cpu1 1010855 1111 734997 15082804 891848 0 75101 0 0 0
cpu2 1109717 2237 172980 15537234 900441 0 59116 0 0 0
cpu3 485537 1367 139648 16235649 821525 0 66970 0 0 0
intr 1599502646 0 0 383713 75 0 95648 12623744 0 0 0 1080354 0 0 0 0 0 0 0 0 0 0 0 0 0 0 0 0 0 0 0 0 0 0 0 0 0 0 0 0 0 0 0 0 0 0 0 0 0 0 0 0 1477046581 0 0 0 0 0 0 0 0 115936 0 3205389 0 0 0 0 0 0 0 0 0 0 0 82781573 1 0 0 0 0 0 0 0 0 0 0 0 0 0 0 0 0 0 0 0 0 0 0 99928 4206 0 0 0 0 3478403 0 0 0 0 0 0 0 0 0 0 0 0 0 0 0 0 0 0 0 0 0 0 0 0 0 0 0 0 0 0 0 0 0 0 0 0 0 0 0 0 0 0 0 0 0 0 0 0 0 0 0 0 0 0 0 0 0 0 0 0 0 0 0 0 0 0 0 0 0 0 0 0 0 0 0 18587096 0 0 0
ctxt 48919665
btime 1671453272
processes 71131
procs_running 2
procs_blocked 0
softirq 109976747 66002905 4766974 100526 5402399 3205337 0 17880119 6156343 0 6462144

cpu  3212046 6402 1174937 62957712 3482549 0 263040 0 0 0
cpu0 605918 1686 127279 16101925 868734 0 61851 0 0 0
cpu1 1010873 1111 735029 15082804 891848 0 75101 0 0 0
cpu2 1109717 2237 172980 15537284 900441 0 59116 0 0 0
cpu3 485537 1367 139648 16235698 821525 0 66970 0 0 0
intr 1599507022 0 0 383713 75 0 95648 12623779 0 0 0 1080354 0 0 0 0 0 0 0 0 0 0 0 0 0 0 0 0 0 0 0 0 0 0 0 0 0 0 0 0 0 0 0 0 0 0 0 0 0 0 0 0 1477050606 0 0 0 0 0 0 0 0 115937 0 3205389 0 0 0 0 0 0 0 0 0 0 0 82781727 1 0 0 0 0 0 0 0 0 0 0 0 0 0 0 0 0 0 0 0 0 0 0 99928 4206 0 0 0 0 3478418 0 0 0 0 0 0 0 0 0 0 0 0 0 0 0 0 0 0 0 0 0 0 0 0 0 0 0 0 0 0 0 0 0 0 0 0 0 0 0 0 0 0 0 0 0 0 0 0 0 0 0 0 0 0 0 0 0 0 0 0 0 0 0 0 0 0 0 0 0 0 0 0 0 0 0 18587241 0 0 0
ctxt 48919748
btime 1671453272
processes 71131
procs_running 2
procs_blocked 0
softirq 109976812 66002913 4766987 100527 5402400 3205337 0 17880136 6156360 0 6462152

cpu  3212068 6402 1174966 62957860 3482549 0 263040 0 0 0
cpu0 605918 1686 127279 16101974 868734 0 61851 0 0 0
cpu1 1010894 1111 735058 15082804 891848 0 75101 0 0 0
cpu2 1109717 2237 172981 15537333 900441 0 59116 0 0 0
cpu3 485537 1367 139648 16235748 821525 0 66970 0 0 0
intr 1599511354 0 0 383714 75 0 95648 12623813 0 0 0 1080354 0 0 0 0 0 0 0 0 0 0 0 0 0 0 0 0 0 0 0 0 0 0 0 0 0 0 0 0 0 0 0 0 0 0 0 0 0 0 0 0 1477054603 0 0 0 0 0 0 0 0 115938 0 3205389 0 0 0 0 0 0 0 0 0 0 0 82781855 1 0 0 0 0 0 0 0 0 0 0 0 0 0 0 0 0 0 0 0 0 0 0 99928 4206 0 0 0 0 3478443 0 0 0 0 0 0 0 0 0 0 0 0 0 0 0 0 0 0 0 0 0 0 0 0 0 0 0 0 0 0 0 0 0 0 0 0 0 0 0 0 0 0 0 0 0 0 0 0 0 0 0 0 0 0 0 0 0 0 0 0 0 0 0 0 0 0 0 0 0 0 0 0 0 0 0 18587387 0 0 0
ctxt 48919828
btime 1671453272
processes 71131
procs_running 2
procs_blocked 0
softirq 109976874 66002913 4767000 100527 5402402 3205337 0 17880157 6156378 0 6462160

cpu  3212092 6402 1174996 62958003 3482549 0 263040 0 0 0
cpu0 605918 1686 127279 16102023 868734 0 61851 0 0 0
cpu1 1010917 1111 735084 15082804 891848 0 75102 0 0 0
cpu2 1109717 2237 172981 15537382 900441 0 59116 0 0 0
cpu3 485539 1367 139650 16235793 821525 0 66970 0 0 0
intr 1599515814 0 0 383714 75 0 95648 12623886 0 0 0 1080354 0 0 0 0 0 0 0 0 0 0 0 0 0 0 0 0 0 0 0 0 0 0 0 0 0 0 0 0 0 0 0 0 0 0 0 0 0 0 0 0 1477058620 0 0 0 0 0 0 0 0 115940 0 3205389 0 0 0 0 0 0 0 0 0 0 0 82782009 1 0 0 0 0 0 0 0 0 0 0 0 0 0 0 0 0 0 0 0 0 0 0 99928 4206 0 0 0 0 3478488 0 0 0 0 0 0 0 0 0 0 0 0 0 0 0 0 0 0 0 0 0 0 0 0 0 0 0 0 0 0 0 0 0 0 0 0 0 0 0 0 0 0 0 0 0 0 0 0 0 0 0 0 0 0 0 0 0 0 0 0 0 0 0 0 0 0 0 0 0 0 0 0 0 0 0 18587557 0 0 0
ctxt 48920110
btime 1671453272
processes 71131
procs_running 2
procs_blocked 0
softirq 109977012 66002921 4767023 100527 5402405 3205337 0 17880196 6156399 0 6462204

cpu  3212119 6402 1175020 62958151 3482549 0 263040 0 0 0
cpu0 605918 1686 127279 16102072 868734 0 61851 0 0 0
cpu1 1010943 1111 735108 15082804 891848 0 75102 0 0 0
cpu2 1109718 2237 172981 15537431 900441 0 59116 0 0 0
cpu3 485539 1367 139650 16235843 821525 0 66970 0 0 0
intr 1599520239 0 0 383714 75 0 95648 12623959 0 0 0 1080354 0 0 0 0 0 0 0 0 0 0 0 0 0 0 0 0 0 0 0 0 0 0 0 0 0 0 0 0 0 0 0 0 0 0 0 0 0 0 0 0 1477062620 0 0 0 0 0 0 0 0 115941 0 3205389 0 0 0 0 0 0 0 0 0 0 0 82782137 1 0 0 0 0 0 0 0 0 0 0 0 0 0 0 0 0 0 0 0 0 0 0 99928 4206 0 0 0 0 3478561 0 0 0 0 0 0 0 0 0 0 0 0 0 0 0 0 0 0 0 0 0 0 0 0 0 0 0 0 0 0 0 0 0 0 0 0 0 0 0 0 0 0 0 0 0 0 0 0 0 0 0 0 0 0 0 0 0 0 0 0 0 0 0 0 0 0 0 0 0 0 0 0 0 0 0 18587706 0 0 0
ctxt 48920294
btime 1671453272
processes 71131
procs_running 2
procs_blocked 0
softirq 109977110 66002921 4767036 100527 5402412 3205337 0 17880250 6156415 0 6462212

cpu  3212138 6402 1175052 62958300 3482549 0 263040 0 0 0
cpu0 605918 1686 127279 16102122 868734 0 61851 0 0 0
cpu1 1010962 1111 735140 15082804 891848 0 75102 0 0 0
cpu2 1109718 2237 172981 15537480 900441 0 59116 0 0 0
cpu3 485539 1367 139650 16235892 821525 0 66970 0 0 0
intr 1599524659 0 0 383714 75 0 95648 12624010 0 0 0 1080354 0 0 0 0 0 0 0 0 0 0 0 0 0 0 0 0 0 0 0 0 0 0 0 0 0 0 0 0 0 0 0 0 0 0 0 0 0 0 0 0 1477066645 0 0 0 0 0 0 0 0 115942 0 3205389 0 0 0 0 0 0 0 0 0 0 0 82782291 1 0 0 0 0 0 0 0 0 0 0 0 0 0 0 0 0 0 0 0 0 0 0 99928 4206 0 0 0 0 3478599 0 0 0 0 0 0 0 0 0 0 0 0 0 0 0 0 0 0 0 0 0 0 0 0 0 0 0 0 0 0 0 0 0 0 0 0 0 0 0 0 0 0 0 0 0 0 0 0 0 0 0 0 0 0 0 0 0 0 0 0 0 0 0 0 0 0 0 0 0 0 0 0 0 0 0 18587857 0 0 0
ctxt 48920437
btime 1671453272
processes 71131
procs_running 2
procs_blocked 0
softirq 109977188 66002929 4767049 100527 5402415 3205337 0 17880281 6156430 0 6462220

cpu  3212158 6402 1175082 62958447 3482549 0 263040 0 0 0
cpu0 605918 1686 127280 16102171 868734 0 61851 0 0 0
cpu1 1010982 1111 735170 15082804 891848 0 75102 0 0 0
cpu2 1109718 2237 172982 15537529 900441 0 59116 0 0 0
cpu3 485539 1367 139650 16235942 821525 0 66970 0 0 0
intr 1599529121 0 0 383715 75 0 95648 12624091 0 0 0 1080354 0 0 0 0 0 0 0 0 0 0 0 0 0 0 0 0 0 0 0 0 0 0 0 0 0 0 0 0 0 0 0 0 0 0 0 0 0 0 0 0 1477070647 0 0 0 0 0 0 0 0 115944 0 3205389 0 0 0 0 0 0 0 0 0 0 0 82782419 1 0 0 0 0 0 0 0 0 0 0 0 0 0 0 0 0 0 0 0 0 0 0 99928 4206 0 0 0 0 3478691 0 0 0 0 0 0 0 0 0 0 0 0 0 0 0 0 0 0 0 0 0 0 0 0 0 0 0 0 0 0 0 0 0 0 0 0 0 0 0 0 0 0 0 0 0 0 0 0 0 0 0 0 0 0 0 0 0 0 0 0 0 0 0 0 0 0 0 0 0 0 0 0 0 0 0 18588013 0 0 0
ctxt 48920661
btime 1671453272
processes 71131
procs_running 2
procs_blocked 0
softirq 109977309 66002929 4767065 100527 5402424 3205337 0 17880350 6156449 0 6462228

cpu  3212185 6402 1175106 62958593 3482549 0 263040 0 0 0
cpu0 605918 1686 127280 16102220 868734 0 61851 0 0 0
cpu1 1011009 1111 735192 15082804 891848 0 75102 0 0 0
cpu2 1109718 2237 172982 15537577 900441 0 59116 0 0 0
cpu3 485539 1367 139650 16235991 821525 0 66970 0 0 0
intr 1599533631 0 0 383715 75 0 95648 12624179 0 0 0 1080354 0 0 0 0 0 0 0 0 0 0 0 0 0 0 0 0 0 0 0 0 0 0 0 0 0 0 0 0 0 0 0 0 0 0 0 0 0 0 0 0 1477074673 0 0 0 0 0 0 0 0 115945 0 3205389 0 0 0 0 0 0 0 0 0 0 0 82782573 1 0 0 0 0 0 0 0 0 0 0 0 0 0 0 0 0 0 0 0 0 0 0 99928 4206 0 0 0 0 3478777 0 0 0 0 0 0 0 0 0 0 0 0 0 0 0 0 0 0 0 0 0 0 0 0 0 0 0 0 0 0 0 0 0 0 0 0 0 0 0 0 0 0 0 0 0 0 0 0 0 0 0 0 0 0 0 0 0 0 0 0 0 0 0 0 0 0 0 0 0 0 0 0 0 0 0 18588169 0 0 0
ctxt 48920903
btime 1671453272
processes 71131
procs_running 2
procs_blocked 0
softirq 109977439 66002937 4767083 100527 5402433 3205337 0 17880417 6156469 0 6462236

cpu  3212208 6402 1175133 62958740 3482549 0 263040 0 0 0
cpu0 605918 1686 127280 16102269 868734 0 61851 0 0 0
cpu1 1011032 1111 735219 15082804 891848 0 75102 0 0 0
cpu2 1109718 2237 172983 15537626 900441 0 59116 0 0 0
cpu3 485539 1367 139650 16236040 821525 0 66970 0 0 0
intr 1599537992 0 0 383715 75 0 95648 12624224 0 0 0 1080354 0 0 0 0 0 0 0 0 0 0 0 0 0 0 0 0 0 0 0 0 0 0 0 0 0 0 0 0 0 0 0 0 0 0 0 0 0 0 0 0 1477078668 0 0 0 0 0 0 0 0 115946 0 3205389 0 0 0 0 0 0 0 0 0 0 0 82782701 1 0 0 0 0 0 0 0 0 0 0 0 0 0 0 0 0 0 0 0 0 0 0 99928 4206 0 0 0 0 3478815 0 0 0 0 0 0 0 0 0 0 0 0 0 0 0 0 0 0 0 0 0 0 0 0 0 0 0 0 0 0 0 0 0 0 0 0 0 0 0 0 0 0 0 0 0 0 0 0 0 0 0 0 0 0 0 0 0 0 0 0 0 0 0 0 0 0 0 0 0 0 0 0 0 0 0 18588322 0 0 0
ctxt 48921017
btime 1671453272
processes 71131
procs_running 2
procs_blocked 0
softirq 109977515 66002937 4767097 100527 5402436 3205337 0 17880447 6156490 0 6462244

cpu  3212232 6402 1175164 62958883 3482549 0 263040 0 0 0
cpu0 605918 1686 127280 16102318 868734 0 61851 0 0 0
cpu1 1011055 1111 735247 15082804 891848 0 75102 0 0 0
cpu2 1109718 2237 172983 15537675 900441 0 59116 0 0 0
cpu3 485540 1367 139652 16236085 821525 0 66970 0 0 0
intr 1599542471 0 0 383715 75 0 95648 12624299 0 0 0 1080354 0 0 0 0 0 0 0 0 0 0 0 0 0 0 0 0 0 0 0 0 0 0 0 0 0 0 0 0 0 0 0 0 0 0 0 0 0 0 0 0 1477082696 0 0 0 0 0 0 0 0 115948 0 3205389 0 0 0 0 0 0 0 0 0 0 0 82782855 1 0 0 0 0 0 0 0 0 0 0 0 0 0 0 0 0 0 0 0 0 0 0 99928 4206 0 0 0 0 3478862 0 0 0 0 0 0 0 0 0 0 0 0 0 0 0 0 0 0 0 0 0 0 0 0 0 0 0 0 0 0 0 0 0 0 0 0 0 0 0 0 0 0 0 0 0 0 0 0 0 0 0 0 0 0 0 0 0 0 0 0 0 0 0 0 0 0 0 0 0 0 0 0 0 0 0 18588495 0 0 0
ctxt 48921300
btime 1671453272
processes 71131
procs_running 2
procs_blocked 0
softirq 109977662 66002945 4767123 100527 5402439 3205337 0 17880488 6156510 0 6462293

cpu  3212255 6402 1175192 62959030 3482549 0 263040 0 0 0
cpu0 605918 1686 127280 16102367 868734 0 61851 0 0 0
cpu1 1011077 1111 735274 15082804 891848 0 75102 0 0 0
cpu2 1109718 2237 172984 15537724 900441 0 59116 0 0 0
cpu3 485540 1367 139652 16236135 821525 0 66970 0 0 0
intr 1599546833 0 0 383716 75 0 95648 12624346 0 0 0 1080355 0 0 0 0 0 0 0 0 0 0 0 0 0 0 0 0 0 0 0 0 0 0 0 0 0 0 0 0 0 0 0 0 0 0 0 0 0 0 0 0 1477086693 0 0 0 0 0 0 0 0 115949 0 3205389 0 0 0 0 0 0 0 0 0 0 0 82782983 1 0 0 0 0 0 0 0 0 0 0 0 0 0 0 0 0 0 0 0 0 0 0 99928 4206 0 0 0 0 3478898 0 0 0 0 0 0 0 0 0 0 0 0 0 0 0 0 0 0 0 0 0 0 0 0 0 0 0 0 0 0 0 0 0 0 0 0 0 0 0 0 0 0 0 0 0 0 0 0 0 0 0 0 0 0 0 0 0 0 0 0 0 0 0 0 0 0 0 0 0 0 0 0 0 0 0 18588647 0 0 0
ctxt 48921408
btime 1671453272
processes 71131
procs_running 2
procs_blocked 0
softirq 109977741 66002945 4767140 100527 5402442 3205337 0 17880518 6156530 0 6462302

cpu  3212278 6402 1175218 62959178 3482549 0 263040 0 0 0
cpu0 605918 1686 127280 16102416 868734 0 61851 0 0 0
cpu1 1011101 1111 735301 15082804 891848 0 75102 0 0 0
cpu2 1109718 2237 172984 15537773 900441 0 59116 0 0 0
cpu3 485540 1367 139652 16236184 821525 0 66970 0 0 0
intr 1599551236 0 0 383716 75 0 95648 12624391 0 0 0 1080355 0 0 0 0 0 0 0 0 0 0 0 0 0 0 0 0 0 0 0 0 0 0 0 0 0 0 0 0 0 0 0 0 0 0 0 0 0 0 0 0 1477090721 0 0 0 0 0 0 0 0 115951 0 3205389 0 0 0 0 0 0 0 0 0 0 0 82783137 1 0 0 0 0 0 0 0 0 0 0 0 0 0 0 0 0 0 0 0 0 0 0 99928 4206 0 0 0 0 3478925 0 0 0 0 0 0 0 0 0 0 0 0 0 0 0 0 0 0 0 0 0 0 0 0 0 0 0 0 0 0 0 0 0 0 0 0 0 0 0 0 0 0 0 0 0 0 0 0 0 0 0 0 0 0 0 0 0 0 0 0 0 0 0 0 0 0 0 0 0 0 0 0 0 0 0 18588793 0 0 0
ctxt 48921513
btime 1671453272
processes 71131
procs_running 2
procs_blocked 0
softirq 109977816 66002953 4767154 100527 5402444 3205337 0 17880542 6156549 0 6462310

cpu  3212300 6402 1175247 62959326 3482549 0 263040 0 0 0
cpu0 605918 1686 127280 16102465 868734 0 61851 0 0 0
cpu1 1011122 1111 735330 15082804 891848 0 75102 0 0 0
cpu2 1109718 2237 172984 15537822 900441 0 59116 0 0 0
cpu3 485540 1367 139652 16236233 821525 0 66970 0 0 0
intr 1599555553 0 0 383716 75 0 95648 12624420 0 0 0 1080355 0 0 0 0 0 0 0 0 0 0 0 0 0 0 0 0 0 0 0 0 0 0 0 0 0 0 0 0 0 0 0 0 0 0 0 0 0 0 0 0 1477094717 0 0 0 0 0 0 0 0 115952 0 3205389 0 0 0 0 0 0 0 0 0 0 0 82783265 1 0 0 0 0 0 0 0 0 0 0 0 0 0 0 0 0 0 0 0 0 0 0 99928 4206 0 0 0 0 3478940 0 0 0 0 0 0 0 0 0 0 0 0 0 0 0 0 0 0 0 0 0 0 0 0 0 0 0 0 0 0 0 0 0 0 0 0 0 0 0 0 0 0 0 0 0 0 0 0 0 0 0 0 0 0 0 0 0 0 0 0 0 0 0 0 0 0 0 0 0 0 0 0 0 0 0 18588941 0 0 0
ctxt 48921578
btime 1671453272
processes 71131
procs_running 2
procs_blocked 0
softirq 109977873 66002953 4767167 100528 5402445 3205337 0 17880555 6156569 0 6462319

cpu  3212320 6402 1175277 62959474 3482549 0 263040 0 0 0
cpu0 605918 1686 127280 16102515 868734 0 61851 0 0 0
cpu1 1011142 1111 735359 15082804 891848 0 75102 0 0 0
cpu2 1109718 2237 172984 15537872 900441 0 59116 0 0 0
cpu3 485540 1367 139652 16236283 821525 0 66970 0 0 0
intr 1599559947 0 0 383720 75 0 95648 12624461 0 0 0 1080355 0 0 0 0 0 0 0 0 0 0 0 0 0 0 0 0 0 0 0 0 0 0 0 0 0 0 0 0 0 0 0 0 0 0 0 0 0 0 0 0 1477098743 0 0 0 0 0 0 0 0 115953 0 3205389 0 0 0 0 0 0 0 0 0 0 0 82783419 1 0 0 0 0 0 0 0 0 0 0 0 0 0 0 0 0 0 0 0 0 0 0 99928 4206 0 0 0 0 3478959 0 0 0 0 0 0 0 0 0 0 0 0 0 0 0 0 0 0 0 0 0 0 0 0 0 0 0 0 0 0 0 0 0 0 0 0 0 0 0 0 0 0 0 0 0 0 0 0 0 0 0 0 0 0 0 0 0 0 0 0 0 0 0 0 0 0 0 0 0 0 0 0 0 0 0 18589091 0 0 0
ctxt 48921682
btime 1671453272
processes 71131
procs_running 2
procs_blocked 0
softirq 109977939 66002961 4767180 100528 5402447 3205337 0 17880572 6156587 0 6462327

cpu  3212344 6402 1175302 62959623 3482549 0 263040 0 0 0
cpu0 605918 1686 127280 16102564 868734 0 61851 0 0 0
cpu1 1011167 1111 735385 15082804 891848 0 75102 0 0 0
cpu2 1109718 2237 172984 15537921 900441 0 59116 0 0 0
cpu3 485540 1367 139652 16236332 821525 0 66970 0 0 0
intr 1599564265 0 0 383721 75 0 95648 12624488 0 0 0 1080355 0 0 0 0 0 0 0 0 0 0 0 0 0 0 0 0 0 0 0 0 0 0 0 0 0 0 0 0 0 0 0 0 0 0 0 0 0 0 0 0 1477102745 0 0 0 0 0 0 0 0 115954 0 3205389 0 0 0 0 0 0 0 0 0 0 0 82783547 1 0 0 0 0 0 0 0 0 0 0 0 0 0 0 0 0 0 0 0 0 0 0 99928 4206 0 0 0 0 3478974 0 0 0 0 0 0 0 0 0 0 0 0 0 0 0 0 0 0 0 0 0 0 0 0 0 0 0 0 0 0 0 0 0 0 0 0 0 0 0 0 0 0 0 0 0 0 0 0 0 0 0 0 0 0 0 0 0 0 0 0 0 0 0 0 0 0 0 0 0 0 0 0 0 0 0 18589234 0 0 0
ctxt 48921741
btime 1671453272
processes 71131
procs_running 2
procs_blocked 0
softirq 109977989 66002961 4767191 100528 5402448 3205337 0 17880585 6156604 0 6462335

cpu  3212365 6402 1175337 62959766 3482549 0 263041 0 0 0
cpu0 605918 1686 127280 16102613 868734 0 61851 0 0 0
cpu1 1011186 1111 735416 15082804 891848 0 75102 0 0 0
cpu2 1109718 2237 172984 15537970 900441 0 59117 0 0 0
cpu3 485542 1367 139655 16236378 821525 0 66970 0 0 0
intr 1599568723 0 0 383721 75 0 95648 12624562 0 0 0 1080355 0 0 0 0 0 0 0 0 0 0 0 0 0 0 0 0 0 0 0 0 0 0 0 0 0 0 0 0 0 0 0 0 0 0 0 0 0 0 0 0 1477106764 0 0 0 0 0 0 0 0 115957 0 3205389 0 0 0 0 0 0 0 0 0 0 0 82783701 1 0 0 0 0 0 0 0 0 0 0 0 0 0 0 0 0 0 0 0 0 0 0 99928 4206 0 0 0 0 3479018 0 0 0 0 0 0 0 0 0 0 0 0 0 0 0 0 0 0 0 0 0 0 0 0 0 0 0 0 0 0 0 0 0 0 0 0 0 0 0 0 0 0 0 0 0 0 0 0 0 0 0 0 0 0 0 0 0 0 0 0 0 0 0 0 0 0 0 0 0 0 0 0 0 0 0 18589399 0 0 0
ctxt 48922014
btime 1671453272
processes 71131
procs_running 2
procs_blocked 0
softirq 109978126 66002969 4767214 100528 5402451 3205337 0 17880623 6156623 0 6462381

cpu  3212388 6402 1175364 62959914 3482549 0 263041 0 0 0
cpu0 605918 1686 127280 16102662 868734 0 61851 0 0 0
cpu1 1011209 1111 735443 15082804 891848 0 75102 0 0 0
cpu2 1109718 2237 172984 15538019 900441 0 59117 0 0 0
cpu3 485542 1367 139655 16236427 821525 0 66970 0 0 0
intr 1599573044 0 0 383721 75 0 95648 12624593 0 0 0 1080355 0 0 0 0 0 0 0 0 0 0 0 0 0 0 0 0 0 0 0 0 0 0 0 0 0 0 0 0 0 0 0 0 0 0 0 0 0 0 0 0 1477110768 0 0 0 0 0 0 0 0 115958 0 3205389 0 0 0 0 0 0 0 0 0 0 0 82783829 1 0 0 0 0 0 0 0 0 0 0 0 0 0 0 0 0 0 0 0 0 0 0 99928 4206 0 0 0 0 3479033 0 0 0 0 0 0 0 0 0 0 0 0 0 0 0 0 0 0 0 0 0 0 0 0 0 0 0 0 0 0 0 0 0 0 0 0 0 0 0 0 0 0 0 0 0 0 0 0 0 0 0 0 0 0 0 0 0 0 0 0 0 0 0 0 0 0 0 0 0 0 0 0 0 0 0 18589541 0 0 0
ctxt 48922073
btime 1671453272
processes 71131
procs_running 2
procs_blocked 0
softirq 109978177 66002969 4767224 100528 5402452 3205337 0 17880636 6156642 0 6462389

cpu  3212415 6402 1175387 62960061 3482549 0 263041 0 0 0
cpu0 605918 1686 127280 16102711 868734 0 61851 0 0 0
cpu1 1011236 1111 735466 15082804 891848 0 75102 0 0 0
cpu2 1109718 2237 172984 15538069 900441 0 59117 0 0 0
cpu3 485542 1367 139655 16236476 821525 0 66970 0 0 0
intr 1599577414 0 0 383721 75 0 95648 12624628 0 0 0 1080355 0 0 0 0 0 0 0 0 0 0 0 0 0 0 0 0 0 0 0 0 0 0 0 0 0 0 0 0 0 0 0 0 0 0 0 0 0 0 0 0 1477114788 0 0 0 0 0 0 0 0 115959 0 3205389 0 0 0 0 0 0 0 0 0 0 0 82783983 1 0 0 0 0 0 0 0 0 0 0 0 0 0 0 0 0 0 0 0 0 0 0 99928 4206 0 0 0 0 3479048 0 0 0 0 0 0 0 0 0 0 0 0 0 0 0 0 0 0 0 0 0 0 0 0 0 0 0 0 0 0 0 0 0 0 0 0 0 0 0 0 0 0 0 0 0 0 0 0 0 0 0 0 0 0 0 0 0 0 0 0 0 0 0 0 0 0 0 0 0 0 0 0 0 0 0 18589685 0 0 0
ctxt 48922163
btime 1671453272
processes 71131
procs_running 2
procs_blocked 0
softirq 109978242 66002977 4767237 100528 5402453 3205337 0 17880651 6156662 0 6462397

cpu  3212438 6402 1175414 62960209 3482549 0 263041 0 0 0
cpu0 605918 1686 127280 16102760 868734 0 61851 0 0 0
cpu1 1011259 1111 735493 15082804 891848 0 75102 0 0 0
cpu2 1109718 2237 172984 15538118 900441 0 59117 0 0 0
cpu3 485542 1367 139655 16236525 821525 0 66970 0 0 0
intr 1599581731 0 0 383722 75 0 95648 12624658 0 0 0 1080355 0 0 0 0 0 0 0 0 0 0 0 0 0 0 0 0 0 0 0 0 0 0 0 0 0 0 0 0 0 0 0 0 0 0 0 0 0 0 0 0 1477118786 0 0 0 0 0 0 0 0 115960 0 3205389 0 0 0 0 0 0 0 0 0 0 0 82784111 1 0 0 0 0 0 0 0 0 0 0 0 0 0 0 0 0 0 0 0 0 0 0 99928 4206 0 0 0 0 3479063 0 0 0 0 0 0 0 0 0 0 0 0 0 0 0 0 0 0 0 0 0 0 0 0 0 0 0 0 0 0 0 0 0 0 0 0 0 0 0 0 0 0 0 0 0 0 0 0 0 0 0 0 0 0 0 0 0 0 0 0 0 0 0 0 0 0 0 0 0 0 0 0 0 0 0 18589830 0 0 0
ctxt 48922228
btime 1671453272
processes 71131
procs_running 2
procs_blocked 0
softirq 109978296 66002977 4767251 100528 5402454 3205337 0 17880664 6156680 0 6462405

cpu  3212455 6402 1175447 62960357 3482549 0 263041 0 0 0
cpu0 605918 1686 127280 16102810 868734 0 61851 0 0 0
cpu1 1011276 1111 735526 15082804 891848 0 75102 0 0 0
cpu2 1109718 2237 172984 15538168 900441 0 59117 0 0 0
cpu3 485542 1367 139655 16236575 821525 0 66970 0 0 0
intr 1599586075 0 0 383722 75 0 95648 12624694 0 0 0 1080355 0 0 0 0 0 0 0 0 0 0 0 0 0 0 0 0 0 0 0 0 0 0 0 0 0 0 0 0 0 0 0 0 0 0 0 0 0 0 0 0 1477122792 0 0 0 0 0 0 0 0 115961 0 3205389 0 0 0 0 0 0 0 0 0 0 0 82784241 1 0 0 0 0 0 0 0 0 0 0 0 0 0 0 0 0 0 0 0 0 0 0 99928 4206 0 0 0 0 3479088 0 0 0 0 0 0 0 0 0 0 0 0 0 0 0 0 0 0 0 0 0 0 0 0 0 0 0 0 0 0 0 0 0 0 0 0 0 0 0 0 0 0 0 0 0 0 0 0 0 0 0 0 0 0 0 0 0 0 0 0 0 0 0 0 0 0 0 0 0 0 0 0 0 0 0 18589976 0 0 0
ctxt 48922314
btime 1671453272
processes 71131
procs_running 2
procs_blocked 0
softirq 109978360 66002977 4767263 100528 5402456 3205337 0 17880686 6156699 0 6462414

cpu  3212468 6402 1175465 62960472 3482549 0 263082 0 0 0
cpu0 605918 1686 127280 16102851 868734 0 61854 0 0 0
cpu1 1011288 1111 735543 15082804 891848 0 75122 0 0 0
cpu2 1109718 2237 172985 15538203 900441 0 59127 0 0 0
cpu3 485542 1367 139656 16236612 821525 0 66978 0 0 0
intr 1599603107 0 0 383722 75 0 95648 12624727 0 0 0 1080356 0 0 0 0 0 0 0 0 0 0 0 0 0 0 0 0 0 0 0 0 0 0 0 0 0 0 0 0 0 0 0 0 0 0 0 0 0 0 0 0 1477133182 0 0 0 0 0 0 0 0 115962 0 3205389 0 0 0 0 0 0 0 0 0 0 0 82790634 1 0 0 0 0 0 0 0 0 0 0 0 0 0 0 0 0 0 0 0 0 0 0 99928 4206 0 0 0 0 3479107 0 0 0 0 0 0 0 0 0 0 0 0 0 0 0 0 0 0 0 0 0 0 0 0 0 0 0 0 0 0 0 0 0 0 0 0 0 0 0 0 0 0 0 0 0 0 0 0 0 0 0 0 0 0 0 0 0 0 0 0 0 0 0 0 0 0 0 0 0 0 0 0 0 0 0 18590178 0 0 0
ctxt 48922538
btime 1671453272
processes 71131
procs_running 3
procs_blocked 0
softirq 109999106 66023407 4767288 100554 5402535 3205337 0 17880839 6156719 0 6462427

cpu  3212475 6402 1175476 62960542 3482549 0 263169 0 0 0
cpu0 605918 1686 127281 16102877 868734 0 61871 0 0 0
cpu1 1011294 1111 735550 15082804 891848 0 75159 0 0 0
cpu2 1109718 2237 172986 15538223 900441 0 59144 0 0 0
cpu3 485543 1367 139658 16236636 821525 0 66994 0 0 0
intr 1599629572 0 0 383722 75 0 95648 12624766 0 0 0 1080356 0 0 0 0 0 0 0 0 0 0 0 0 0 0 0 0 0 0 0 0 0 0 0 0 0 0 0 0 0 0 0 0 0 0 0 0 0 0 0 0 1477148208 0 0 0 0 0 0 0 0 115963 0 3205389 0 0 0 0 0 0 0 0 0 0 0 82801723 1 0 0 0 0 0 0 0 0 0 0 0 0 0 0 0 0 0 0 0 0 0 0 99928 4206 0 0 0 0 3479122 0 0 0 0 0 0 0 0 0 0 0 0 0 0 0 0 0 0 0 0 0 0 0 0 0 0 0 0 0 0 0 0 0 0 0 0 0 0 0 0 0 0 0 0 0 0 0 0 0 0 0 0 0 0 0 0 0 0 0 0 0 0 0 0 0 0 0 0 0 0 0 0 0 0 0 18590472 0 0 0
ctxt 48922705
btime 1671453272
processes 71131
procs_running 6
procs_blocked 0
softirq 110027029 66050950 4767334 100575 5402677 3205337 0 17880954 6156751 0 6462451

cpu  3212486 6402 1175487 62960599 3482549 0 263274 0 0 0
cpu0 605918 1686 127282 16102904 868734 0 61886 0 0 0
cpu1 1011301 1111 735558 15082804 891848 0 75194 0 0 0
cpu2 1109718 2237 172987 15538242 900441 0 59170 0 0 0
cpu3 485547 1367 139660 16236648 821525 0 67022 0 0 0
intr 1599656155 0 0 383723 75 0 95648 12624838 0 0 0 1080356 0 0 0 0 0 0 0 0 0 0 0 0 0 0 0 0 0 0 0 0 0 0 0 0 0 0 0 0 0 0 0 0 0 0 0 0 0 0 0 0 1477163240 0 0 0 0 0 0 0 0 115965 0 3205389 0 0 0 0 0 0 0 0 0 0 0 82812800 1 0 0 0 0 0 0 0 0 0 0 0 0 0 0 0 0 0 0 0 0 0 0 99928 4206 0 0 0 0 3479172 0 0 0 0 0 0 0 0 0 0 0 0 0 0 0 0 0 0 0 0 0 0 0 0 0 0 0 0 0 0 0 0 0 0 0 0 0 0 0 0 0 0 0 0 0 0 0 0 0 0 0 0 0 0 0 0 0 0 0 0 0 0 0 0 0 0 0 0 0 0 0 0 0 0 0 18590815 0 0 0
ctxt 48923086
btime 1671453272
processes 71131
procs_running 3
procs_blocked 0
softirq 110063373 66086892 4767376 100591 5402814 3205337 0 17881062 6156811 0 6462490

cpu  3212490 6402 1175501 62960658 3482549 0 263373 0 0 0
cpu0 605918 1686 127282 16102922 868734 0 61905 0 0 0
cpu1 1011306 1111 735570 15082804 891848 0 75228 0 0 0
cpu2 1109718 2237 172988 15538262 900441 0 59192 0 0 0
cpu3 485547 1367 139660 16236668 821525 0 67047 0 0 0
intr 1599683021 0 0 383723 75 0 95648 12624878 0 0 0 1080356 0 0 0 0 0 0 0 0 0 0 0 0 0 0 0 0 0 0 0 0 0 0 0 0 0 0 0 0 0 0 0 0 0 0 0 0 0 0 0 0 1477178473 0 0 0 0 0 0 0 0 115966 0 3205389 0 0 0 0 0 0 0 0 0 0 0 82824059 1 0 0 0 0 0 0 0 0 0 0 0 0 0 0 0 0 0 0 0 0 0 0 99928 4206 0 0 0 0 3479187 0 0 0 0 0 0 0 0 0 0 0 0 0 0 0 0 0 0 0 0 0 0 0 0 0 0 0 0 0 0 0 0 0 0 0 0 0 0 0 0 0 0 0 0 0 0 0 0 0 0 0 0 0 0 0 0 0 0 0 0 0 0 0 0 0 0 0 0 0 0 0 0 0 0 0 18591137 0 0 0
ctxt 48923242
btime 1671453272
processes 71131
procs_running 3
procs_blocked 0
softirq 110099328 66122472 4767416 100608 5402980 3205337 0 17881163 6156850 0 6462502

cpu  3212498 6402 1175511 62960729 3482549 0 263455 0 0 0
cpu0 605918 1686 127283 16102946 868734 0 61920 0 0 0
cpu1 1011313 1111 735579 15082804 891848 0 75262 0 0 0
cpu2 1109718 2237 172988 15538287 900441 0 59212 0 0 0
cpu3 485547 1367 139660 16236690 821525 0 67061 0 0 0
intr 1599709373 0 0 383723 75 0 95648 12624916 0 0 0 1080356 0 0 0 0 0 0 0 0 0 0 0 0 0 0 0 0 0 0 0 0 0 0 0 0 0 0 0 0 0 0 0 0 0 0 0 0 0 0 0 0 1477193430 0 0 0 0 0 0 0 0 115967 0 3205389 0 0 0 0 0 0 0 0 0 0 0 82835126 1 0 0 0 0 0 0 0 0 0 0 0 0 0 0 0 0 0 0 0 0 0 0 99928 4206 0 0 0 0 3479202 0 0 0 0 0 0 0 0 0 0 0 0 0 0 0 0 0 0 0 0 0 0 0 0 0 0 0 0 0 0 0 0 0 0 0 0 0 0 0 0 0 0 0 0 0 0 0 0 0 0 0 0 0 0 0 0 0 0 0 0 0 0 0 0 0 0 0 0 0 0 0 0 0 0 0 18591415 0 0 0
ctxt 48923402
btime 1671453272
processes 71131
procs_running 4
procs_blocked 0
softirq 110128791 66151594 4767455 100624 5403123 3205337 0 17881263 6156882 0 6462513

cpu  3212504 6402 1175522 62960792 3482549 0 263557 0 0 0
cpu0 605918 1686 127284 16102969 868734 0 61941 0 0 0
cpu1 1011319 1111 735588 15082804 891848 0 75296 0 0 0
cpu2 1109718 2237 172988 15538303 900441 0 59240 0 0 0
cpu3 485547 1367 139661 16236715 821525 0 67078 0 0 0
intr 1599735956 0 0 383723 75 0 95648 12624972 0 0 0 1080356 0 0 0 0 0 0 0 0 0 0 0 0 0 0 0 0 0 0 0 0 0 0 0 0 0 0 0 0 0 0 0 0 0 0 0 0 0 0 0 0 1477208483 0 0 0 0 0 0 0 0 115968 0 3205389 0 0 0 0 0 0 0 0 0 0 0 82846225 1 0 0 0 0 0 0 0 0 0 0 0 0 0 0 0 0 0 0 0 0 0 0 99928 4206 0 0 0 0 3479238 0 0 0 0 0 0 0 0 0 0 0 0 0 0 0 0 0 0 0 0 0 0 0 0 0 0 0 0 0 0 0 0 0 0 0 0 0 0 0 0 0 0 0 0 0 0 0 0 0 0 0 0 0 0 0 0 0 0 0 0 0 0 0 0 0 0 0 0 0 0 0 0 0 0 0 18591748 0 0 0
ctxt 48923608
btime 1671453272
processes 71131
procs_running 6
procs_blocked 0
softirq 110162651 66185082 4767501 100643 5403272 3205337 0 17881375 6156918 0 6462523

cpu  3212512 6402 1175534 62960853 3482549 0 263660 0 0 0
cpu0 605919 1686 127284 16102990 868734 0 61963 0 0 0
cpu1 1011327 1111 735599 15082804 891848 0 75328 0 0 0
cpu2 1109718 2237 172988 15538322 900441 0 59266 0 0 0
cpu3 485547 1367 139661 16236735 821525 0 67102 0 0 0
intr 1599762796 0 0 383724 75 0 95650 12625030 0 0 0 1080356 0 0 0 0 0 0 0 0 0 0 0 0 0 0 0 0 0 0 0 0 0 0 0 0 0 0 0 0 0 0 0 0 0 0 0 0 0 0 0 0 1477223700 0 0 0 0 0 0 0 0 115969 0 3205389 0 0 0 0 0 0 0 0 0 0 0 82857436 1 0 0 0 0 0 0 0 0 0 0 0 0 0 0 0 0 0 0 0 0 0 0 99928 4206 0 0 0 0 3479254 0 0 0 0 0 0 0 0 0 0 0 0 0 0 0 0 0 0 0 0 0 0 0 0 0 0 0 0 0 0 0 0 0 0 0 0 0 0 0 0 0 0 0 0 0 0 0 0 0 0 0 0 0 0 0 0 0 0 0 0 0 0 0 0 0 0 0 0 0 0 0 0 0 0 0 18592082 0 0 0
ctxt 48923796
btime 1671453272
processes 71131
procs_running 5
procs_blocked 0
softirq 110197397 66219473 4767544 100657 5403405 3205337 0 17881474 6156972 0 6462535

cpu  3212522 6402 1175549 62960929 3482549 0 263742 0 0 0
cpu0 605919 1686 127285 16103022 868734 0 61972 0 0 0
cpu1 1011336 1111 735613 15082804 891848 0 75354 0 0 0
cpu2 1109718 2237 172988 15538338 900441 0 59296 0 0 0
cpu3 485547 1367 139662 16236764 821525 0 67118 0 0 0
intr 1599792052 0 0 383724 75 0 95650 12625076 0 0 0 1080356 0 0 0 0 0 0 0 0 0 0 0 0 0 0 0 0 0 0 0 0 0 0 0 0 0 0 0 0 0 0 0 0 0 0 0 0 0 0 0 0 1477240140 0 0 0 0 0 0 0 0 115970 0 3205389 0 0 0 0 0 0 0 0 0 0 0 82869884 1 0 0 0 0 0 0 0 0 0 0 0 0 0 0 0 0 0 0 0 0 0 0 99928 4206 0 0 0 0 3479286 0 0 0 0 0 0 0 0 0 0 0 0 0 0 0 0 0 0 0 0 0 0 0 0 0 0 0 0 0 0 0 0 0 0 0 0 0 0 0 0 0 0 0 0 0 0 0 0 0 0 0 0 0 0 0 0 0 0 0 0 0 0 0 0 0 0 0 0 0 0 0 0 0 0 0 18592379 0 0 0
ctxt 48924118
btime 1671453272
processes 71131
procs_running 4
procs_blocked 0
softirq 110228132 66249626 4767591 100702 5403583 3205337 0 17881735 6157010 0 6462548

cpu  3212536 6402 1175568 62960988 3482549 0 263839 0 0 0
cpu0 605921 1686 127290 16103042 868734 0 61991 0 0 0
cpu1 1011345 1111 735622 15082804 891848 0 75388 0 0 0
cpu2 1109720 2237 172991 15538355 900441 0 59324 0 0 0
cpu3 485549 1367 139663 16236786 821525 0 67136 0 0 0
intr 1599820544 0 0 383724 75 0 95653 12625195 0 0 0 1080356 0 0 0 0 0 0 0 0 0 0 0 0 0 0 0 0 0 0 0 0 0 0 0 0 0 0 0 0 0 0 0 0 0 0 0 0 0 0 0 0 1477256153 0 0 0 0 0 0 0 0 115972 0 3205389 0 0 0 0 0 0 0 0 0 0 0 82881786 1 0 0 0 0 0 0 0 0 0 0 0 0 0 0 0 0 0 0 0 0 0 0 99928 4206 0 0 0 0 3479359 0 0 0 0 0 0 0 0 0 0 0 0 0 0 0 0 0 0 0 0 0 0 0 0 0 0 0 0 0 0 0 0 0 0 0 0 0 0 0 0 0 0 0 0 0 0 0 0 0 0 0 0 0 0 0 0 0 0 0 0 0 0 0 0 0 0 0 0 0 0 0 0 0 0 0 18592751 0 0 0
ctxt 48924555
btime 1671453272
processes 71136
procs_running 6
procs_blocked 0
softirq 110259673 66280589 4767658 100718 5403742 3205337 0 17881904 6157091 0 6462634

cpu  3212545 6402 1175581 62961052 3482549 0 263929 0 0 0
cpu0 605922 1686 127292 16103069 868734 0 62003 0 0 0
cpu1 1011352 1111 735630 15082804 891848 0 75421 0 0 0
cpu2 1109721 2237 172993 15538368 900441 0 59350 0 0 0
cpu3 485549 1367 139664 16236809 821525 0 67154 0 0 0
intr 1599845835 0 0 383724 75 0 95658 12625253 0 0 0 1080356 0 0 0 0 0 0 0 0 0 0 0 0 0 0 0 0 0 0 0 0 0 0 0 0 0 0 0 0 0 0 0 0 0 0 0 0 0 0 0 0 1477270411 0 0 0 0 0 0 0 0 115973 0 3205389 0 0 0 0 0 0 0 0 0 0 0 82892343 1 0 0 0 0 0 0 0 0 0 0 0 0 0 0 0 0 0 0 0 0 0 0 99928 4206 0 0 0 0 3479378 0 0 0 0 0 0 0 0 0 0 0 0 0 0 0 0 0 0 0 0 0 0 0 0 0 0 0 0 0 0 0 0 0 0 0 0 0 0 0 0 0 0 0 0 0 0 0 0 0 0 0 0 0 0 0 0 0 0 0 0 0 0 0 0 0 0 0 0 0 0 0 0 0 0 0 18593149 0 0 0
ctxt 48924836
btime 1671453272
processes 71142
procs_running 3
procs_blocked 0
softirq 110289248 66309734 4767726 100734 5403886 3205337 0 17881988 6157143 0 6462700

cpu  3212554 6402 1175596 62961120 3482549 0 264023 0 0 0
cpu0 605922 1686 127292 16103097 868734 0 62019 0 0 0
cpu1 1011360 1111 735645 15082804 891848 0 75450 0 0 0
cpu2 1109721 2237 172993 15538395 900441 0 59369 0 0 0
cpu3 485550 1367 139664 16236824 821525 0 67184 0 0 0
intr 1599872823 0 0 383725 75 0 95658 12625304 0 0 0 1080357 0 0 0 0 0 0 0 0 0 0 0 0 0 0 0 0 0 0 0 0 0 0 0 0 0 0 0 0 0 0 0 0 0 0 0 0 0 0 0 0 1477285706 0 0 0 0 0 0 0 0 115974 0 3205389 0 0 0 0 0 0 0 0 0 0 0 82903615 1 0 0 0 0 0 0 0 0 0 0 0 0 0 0 0 0 0 0 0 0 0 0 99928 4206 0 0 0 0 3479394 0 0 0 0 0 0 0 0 0 0 0 0 0 0 0 0 0 0 0 0 0 0 0 0 0 0 0 0 0 0 0 0 0 0 0 0 0 0 0 0 0 0 0 0 0 0 0 0 0 0 0 0 0 0 0 0 0 0 0 0 0 0 0 0 0 0 0 0 0 0 0 0 0 0 0 18593498 0 0 0
ctxt 48925032
btime 1671453272
processes 71142
procs_running 5
procs_blocked 0
softirq 110320016 66340107 4767775 100754 5404023 3205337 0 17882113 6157193 0 6462714

cpu  3212560 6402 1175606 62961183 3482549 0 264112 0 0 0
cpu0 605922 1686 127293 16103119 868734 0 62036 0 0 0
cpu1 1011366 1111 735654 15082804 891848 0 75484 0 0 0
cpu2 1109721 2237 172993 15538422 900441 0 59382 0 0 0
cpu3 485550 1367 139664 16236836 821525 0 67208 0 0 0
intr 1599898110 0 0 383725 75 0 95658 12625329 0 0 0 1080357 0 0 0 0 0 0 0 0 0 0 0 0 0 0 0 0 0 0 0 0 0 0 0 0 0 0 0 0 0 0 0 0 0 0 0 0 0 0 0 0 1477300093 0 0 0 0 0 0 0 0 115975 0 3205389 0 0 0 0 0 0 0 0 0 0 0 82914181 1 0 0 0 0 0 0 0 0 0 0 0 0 0 0 0 0 0 0 0 0 0 0 99928 4206 0 0 0 0 3479408 0 0 0 0 0 0 0 0 0 0 0 0 0 0 0 0 0 0 0 0 0 0 0 0 0 0 0 0 0 0 0 0 0 0 0 0 0 0 0 0 0 0 0 0 0 0 0 0 0 0 0 0 0 0 0 0 0 0 0 0 0 0 0 0 0 0 0 0 0 0 0 0 0 0 0 18593786 0 0 0
ctxt 48925187
btime 1671453272
processes 71142
procs_running 4
procs_blocked 0
softirq 110353847 66373608 4767814 100769 5404165 3205337 0 17882193 6157234 0 6462727

cpu  3212568 6402 1175618 62961244 3482549 0 264202 0 0 0
cpu0 605922 1686 127294 16103140 868734 0 62054 0 0 0
cpu1 1011374 1111 735662 15082804 891848 0 75519 0 0 0
cpu2 1109721 2237 172996 15538438 900441 0 59403 0 0 0
cpu3 485550 1367 139666 16236861 821525 0 67225 0 0 0
intr 1599925503 0 0 383725 75 0 95658 12625375 0 0 0 1080357 0 0 0 0 0 0 0 0 0 0 0 0 0 0 0 0 0 0 0 0 0 0 0 0 0 0 0 0 0 0 0 0 0 0 0 0 0 0 0 0 1477315619 0 0 0 0 0 0 0 0 115976 0 3205389 0 0 0 0 0 0 0 0 0 0 0 82925710 1 0 0 0 0 0 0 0 0 0 0 0 0 0 0 0 0 0 0 0 0 0 0 99928 4206 0 0 0 0 3479424 0 0 0 0 0 0 0 0 0 0 0 0 0 0 0 0 0 0 0 0 0 0 0 0 0 0 0 0 0 0 0 0 0 0 0 0 0 0 0 0 0 0 0 0 0 0 0 0 0 0 0 0 0 0 0 0 0 0 0 0 0 0 0 0 0 0 0 0 0 0 0 0 0 0 0 18594087 0 0 0
ctxt 48925362
btime 1671453272
processes 71142
procs_running 4
procs_blocked 0
softirq 110392352 66411754 4767857 100785 5404334 3205337 0 17882280 6157264 0 6462741

cpu  3212575 6402 1175626 62961311 3482549 0 264297 0 0 0
cpu0 605923 1686 127294 16103157 868734 0 62079 0 0 0
cpu1 1011380 1111 735669 15082804 891848 0 75554 0 0 0
cpu2 1109721 2237 172996 15538459 900441 0 59424 0 0 0
cpu3 485550 1367 139666 16236889 821525 0 67238 0 0 0
intr 1599951697 0 0 383729 75 0 95658 12625433 0 0 0 1080357 0 0 0 0 0 0 0 0 0 0 0 0 0 0 0 0 0 0 0 0 0 0 0 0 0 0 0 0 0 0 0 0 0 0 0 0 0 0 0 0 1477330414 0 0 0 0 0 0 0 0 115977 0 3205389 0 0 0 0 0 0 0 0 0 0 0 82936705 1 0 0 0 0 0 0 0 0 0 0 0 0 0 0 0 0 0 0 0 0 0 0 99928 4206 0 0 0 0 3479459 0 0 0 0 0 0 0 0 0 0 0 0 0 0 0 0 0 0 0 0 0 0 0 0 0 0 0 0 0 0 0 0 0 0 0 0 0 0 0 0 0 0 0 0 0 0 0 0 0 0 0 0 0 0 0 0 0 0 0 0 0 0 0 0 0 0 0 0 0 0 0 0 0 0 0 18594401 0 0 0
ctxt 48925569
btime 1671453272
processes 71142
procs_running 4
procs_blocked 0
softirq 110421212 66440244 4767900 100800 5404473 3205337 0 17882390 6157313 0 6462755

cpu  3212589 6402 1175643 62961381 3482549 0 264402 0 0 0
cpu0 605923 1686 127295 16103180 868734 0 62106 0 0 0
cpu1 1011393 1111 735681 15082804 891848 0 75586 0 0 0
cpu2 1109723 2237 173000 15538478 900441 0 59451 0 0 0
cpu3 485550 1367 139666 16236918 821525 0 67257 0 0 0
intr 1599983509 0 0 383730 75 0 95659 12625519 0 0 0 1080357 0 0 0 0 0 0 0 0 0 0 0 0 0 0 0 0 0 0 0 0 0 0 0 0 0 0 0 0 0 0 0 0 0 0 0 0 0 0 0 0 1477349535 0 0 0 0 0 0 0 0 115980 0 3205389 0 0 0 0 0 0 0 0 0 0 0 82950953 1 0 0 0 0 0 0 0 0 0 0 0 0 0 0 0 0 0 0 0 0 0 0 99928 4206 0 0 0 0 3479499 0 0 0 0 0 0 0 0 0 0 0 0 0 0 0 0 0 0 0 0 0 0 0 0 0 0 0 0 0 0 0 0 0 0 0 0 0 0 0 0 0 0 0 0 0 0 0 0 0 0 0 0 0 0 0 0 0 0 0 0 0 0 0 0 0 0 0 0 0 0 0 0 0 0 0 18594799 0 0 0
ctxt 48926001
btime 1671453272
processes 71142
procs_running 6
procs_blocked 0
softirq 110461326 66479730 4767957 100829 5404663 3205337 0 17882610 6157386 0 6462814

cpu  3212596 6402 1175653 62961441 3482549 0 264483 0 0 0
cpu0 605923 1686 127295 16103200 868734 0 62120 0 0 0
cpu1 1011399 1111 735690 15082804 891848 0 75614 0 0 0
cpu2 1109723 2237 173000 15538493 900441 0 59477 0 0 0
cpu3 485550 1367 139666 16236943 821525 0 67271 0 0 0
intr 1600006194 0 0 383730 75 0 95659 12625566 0 0 0 1080357 0 0 0 0 0 0 0 0 0 0 0 0 0 0 0 0 0 0 0 0 0 0 0 0 0 0 0 0 0 0 0 0 0 0 0 0 0 0 0 0 1477361219 0 0 0 0 0 0 0 0 115981 0 3205389 0 0 0 0 0 0 0 0 0 0 0 82959525 1 0 0 0 0 0 0 0 0 0 0 0 0 0 0 0 0 0 0 0 0 0 0 99928 4206 0 0 0 0 3479521 0 0 0 0 0 0 0 0 0 0 0 0 0 0 0 0 0 0 0 0 0 0 0 0 0 0 0 0 0 0 0 0 0 0 0 0 0 0 0 0 0 0 0 0 0 0 0 0 0 0 0 0 0 0 0 0 0 0 0 0 0 0 0 0 0 0 0 0 0 0 0 0 0 0 0 18595044 0 0 0
ctxt 48926150
btime 1671453272
processes 71142
procs_running 3
procs_blocked 0
softirq 110487358 66505468 4767995 100843 5404776 3205337 0 17882680 6157422 0 6462837

cpu  3212606 6402 1175676 62961499 3482549 0 264566 0 0 0
cpu0 605923 1686 127295 16103209 868734 0 62153 0 0 0
cpu1 1011409 1111 735712 15082804 891848 0 75632 0 0 0
cpu2 1109723 2237 173000 15538516 900441 0 59494 0 0 0
cpu3 485550 1367 139667 16236969 821525 0 67286 0 0 0
intr 1600032352 0 0 383730 75 0 95659 12625630 0 0 0 1080357 0 0 0 0 0 0 0 0 0 0 0 0 0 0 0 0 0 0 0 0 0 0 0 0 0 0 0 0 0 0 0 0 0 0 0 0 0 0 0 0 1477376008 0 0 0 0 0 0 0 0 115982 0 3205389 0 0 0 0 0 0 0 0 0 0 0 82970469 1 0 0 0 0 0 0 0 0 0 0 0 0 0 0 0 0 0 0 0 0 0 0 99928 4206 0 0 0 0 3479553 0 0 0 0 0 0 0 0 0 0 0 0 0 0 0 0 0 0 0 0 0 0 0 0 0 0 0 0 0 0 0 0 0 0 0 0 0 0 0 0 0 0 0 0 0 0 0 0 0 0 0 0 0 0 0 0 0 0 0 0 0 0 0 0 0 0 0 0 0 0 0 0 0 0 0 18595372 0 0 0
ctxt 48926363
btime 1671453272
processes 71142
procs_running 5
procs_blocked 0
softirq 110517076 66534792 4768037 100861 5404933 3205337 0 17882798 6157468 0 6462850

cpu  3212620 6402 1175685 62961557 3482549 0 264662 0 0 0
cpu0 605923 1686 127296 16103223 868734 0 62181 0 0 0
cpu1 1011423 1111 735720 15082804 891848 0 75660 0 0 0
cpu2 1109723 2237 173000 15538535 900441 0 59520 0 0 0
cpu3 485550 1367 139668 16236994 821525 0 67300 0 0 0
intr 1600059093 0 0 383730 75 0 95659 12625670 0 0 0 1080357 0 0 0 0 0 0 0 0 0 0 0 0 0 0 0 0 0 0 0 0 0 0 0 0 0 0 0 0 0 0 0 0 0 0 0 0 0 0 0 0 1477391132 0 0 0 0 0 0 0 0 115983 0 3205389 0 0 0 0 0 0 0 0 0 0 0 82981685 1 0 0 0 0 0 0 0 0 0 0 0 0 0 0 0 0 0 0 0 0 0 0 99928 4206 0 0 0 0 3479589 0 0 0 0 0 0 0 0 0 0 0 0 0 0 0 0 0 0 0 0 0 0 0 0 0 0 0 0 0 0 0 0 0 0 0 0 0 0 0 0 0 0 0 0 0 0 0 0 0 0 0 0 0 0 0 0 0 0 0 0 0 0 0 0 0 0 0 0 0 0 0 0 0 0 0 18595695 0 0 0
ctxt 48926541
btime 1671453272
processes 71142
procs_running 6
procs_blocked 0
softirq 110547717 66565008 4768079 100880 5405096 3205337 0 17882936 6157517 0 6462864

cpu  3212628 6402 1175698 62961619 3482549 0 264758 0 0 0
cpu0 605923 1686 127296 16103241 868734 0 62206 0 0 0
cpu1 1011430 1111 735732 15082804 891848 0 75691 0 0 0
cpu2 1109723 2237 173000 15538551 900441 0 59546 0 0 0
cpu3 485550 1367 139670 16237022 821525 0 67313 0 0 0
intr 1600085829 0 0 383731 75 0 95659 12625730 0 0 0 1080357 0 0 0 0 0 0 0 0 0 0 0 0 0 0 0 0 0 0 0 0 0 0 0 0 0 0 0 0 0 0 0 0 0 0 0 0 0 0 0 0 1477406306 0 0 0 0 0 0 0 0 115984 0 3205389 0 0 0 0 0 0 0 0 0 0 0 82992863 1 0 0 0 0 0 0 0 0 0 0 0 0 0 0 0 0 0 0 0 0 0 0 99928 4206 0 0 0 0 3479621 0 0 0 0 0 0 0 0 0 0 0 0 0 0 0 0 0 0 0 0 0 0 0 0 0 0 0 0 0 0 0 0 0 0 0 0 0 0 0 0 0 0 0 0 0 0 0 0 0 0 0 0 0 0 0 0 0 0 0 0 0 0 0 0 0 0 0 0 0 0 0 0 0 0 0 18596017 0 0 0
ctxt 48926752
btime 1671453272
processes 71142
procs_running 6
procs_blocked 0
softirq 110585666 66602542 4768126 100898 5405254 3205337 0 17883062 6157569 0 6462878

cpu  3212638 6402 1175716 62961681 3482549 0 264848 0 0 0
cpu0 605923 1686 127296 16103256 868734 0 62237 0 0 0
cpu1 1011440 1111 735748 15082804 891848 0 75715 0 0 0
cpu2 1109724 2237 173000 15538571 900441 0 59566 0 0 0
cpu3 485551 1367 139670 16237049 821525 0 67329 0 0 0
intr 1600112289 0 0 383731 75 0 95659 12625772 0 0 0 1080357 0 0 0 0 0 0 0 0 0 0 0 0 0 0 0 0 0 0 0 0 0 0 0 0 0 0 0 0 0 0 0 0 0 0 0 0 0 0 0 0 1477421286 0 0 0 0 0 0 0 0 115985 0 3205389 0 0 0 0 0 0 0 0 0 0 0 83003899 1 0 0 0 0 0 0 0 0 0 0 0 0 0 0 0 0 0 0 0 0 0 0 99928 4206 0 0 0 0 3479656 0 0 0 0 0 0 0 0 0 0 0 0 0 0 0 0 0 0 0 0 0 0 0 0 0 0 0 0 0 0 0 0 0 0 0 0 0 0 0 0 0 0 0 0 0 0 0 0 0 0 0 0 0 0 0 0 0 0 0 0 0 0 0 0 0 0 0 0 0 0 0 0 0 0 0 18596350 0 0 0
ctxt 48926958
btime 1671453272
processes 71142
procs_running 5
procs_blocked 0
softirq 110614972 66631466 4768179 100915 5405420 3205337 0 17883166 6157599 0 6462890

cpu  3212649 6402 1175737 62961733 3482549 0 264948 0 0 0
cpu0 605924 1686 127301 16103273 868734 0 62260 0 0 0
cpu1 1011450 1111 735763 15082804 891848 0 75740 0 0 0
cpu2 1109724 2237 173001 15538587 900441 0 59596 0 0 0
cpu3 485551 1367 139671 16237068 821525 0 67350 0 0 0
intr 1600138606 0 0 383731 75 0 95659 12625844 0 0 0 1080358 0 0 0 0 0 0 0 0 0 0 0 0 0 0 0 0 0 0 0 0 0 0 0 0 0 0 0 0 0 0 0 0 0 0 0 0 0 0 0 0 1477436134 0 0 0 0 0 0 0 0 115987 0 3205389 0 0 0 0 0 0 0 0 0 0 0 83014872 1 0 0 0 0 0 0 0 0 0 0 0 0 0 0 0 0 0 0 0 0 0 0 99928 4206 0 0 0 0 3479704 0 0 0 0 0 0 0 0 0 0 0 0 0 0 0 0 0 0 0 0 0 0 0 0 0 0 0 0 0 0 0 0 0 0 0 0 0 0 0 0 0 0 0 0 0 0 0 0 0 0 0 0 0 0 0 0 0 0 0 0 0 0 0 0 0 0 0 0 0 0 0 0 0 0 0 18596724 0 0 0
ctxt 48927231
btime 1671453272
processes 71142
procs_running 6
procs_blocked 0
softirq 110646458 66662552 4768228 100932 5405576 3205337 0 17883267 6157641 0 6462925

cpu  3212660 6402 1175749 62961800 3482549 0 265036 0 0 0
cpu0 605924 1686 127302 16103298 868734 0 62273 0 0 0
cpu1 1011460 1111 735774 15082804 891848 0 75770 0 0 0
cpu2 1109724 2237 173001 15538598 900441 0 59631 0 0 0
cpu3 485551 1367 139671 16237099 821525 0 67362 0 0 0
intr 1600167022 0 0 383731 75 0 95659 12625895 0 0 0 1080358 0 0 0 0 0 0 0 0 0 0 0 0 0 0 0 0 0 0 0 0 0 0 0 0 0 0 0 0 0 0 0 0 0 0 0 0 0 0 0 0 1477452168 0 0 0 0 0 0 0 0 115988 0 3205389 0 0 0 0 0 0 0 0 0 0 0 83026861 1 0 0 0 0 0 0 0 0 0 0 0 0 0 0 0 0 0 0 0 0 0 0 99928 4206 0 0 0 0 3479738 0 0 0 0 0 0 0 0 0 0 0 0 0 0 0 0 0 0 0 0 0 0 0 0 0 0 0 0 0 0 0 0 0 0 0 0 0 0 0 0 0 0 0 0 0 0 0 0 0 0 0 0 0 0 0 0 0 0 0 0 0 0 0 0 0 0 0 0 0 0 0 0 0 0 0 18597030 0 0 0
ctxt 48927538
btime 1671453272
processes 71142
procs_running 5
procs_blocked 0
softirq 110680693 66696237 4768275 100959 5405744 3205337 0 17883527 6157676 0 6462938

cpu  3212677 6402 1175773 62961924 3482549 0 265062 0 0 0
cpu0 605924 1686 127303 16103337 868734 0 62280 0 0 0
cpu1 1011477 1111 735797 15082804 891848 0 75779 0 0 0
cpu2 1109724 2237 173001 15538637 900441 0 59638 0 0 0
cpu3 485551 1367 139671 16237145 821525 0 67362 0 0 0
intr 1600178062 0 0 383732 75 0 95659 12625934 0 0 0 1080358 0 0 0 0 0 0 0 0 0 0 0 0 0 0 0 0 0 0 0 0 0 0 0 0 0 0 0 0 0 0 0 0 0 0 0 0 0 0 0 0 1477459471 0 0 0 0 0 0 0 0 115989 0 3205389 0 0 0 0 0 0 0 0 0 0 0 83030338 1 0 0 0 0 0 0 0 0 0 0 0 0 0 0 0 0 0 0 0 0 0 0 99928 4206 0 0 0 0 3479753 0 0 0 0 0 0 0 0 0 0 0 0 0 0 0 0 0 0 0 0 0 0 0 0 0 0 0 0 0 0 0 0 0 0 0 0 0 0 0 0 0 0 0 0 0 0 0 0 0 0 0 0 0 0 0 0 0 0 0 0 0 0 0 0 0 0 0 0 0 0 0 0 0 0 0 18597230 0 0 0
ctxt 48927666
btime 1671453272
processes 71142
procs_running 3
procs_blocked 0
softirq 110687751 66703103 4768301 100969 5405802 3205337 0 17883575 6157715 0 6462949

cpu  3212701 6402 1175799 62962071 3482549 0 265062 0 0 0
cpu0 605924 1686 127303 16103386 868734 0 62280 0 0 0
cpu1 1011502 1111 735822 15082804 891848 0 75779 0 0 0
cpu2 1109724 2237 173001 15538686 900441 0 59638 0 0 0
cpu3 485551 1367 139671 16237194 821525 0 67362 0 0 0
intr 1600182382 0 0 383732 75 0 95659 12625962 0 0 0 1080358 0 0 0 0 0 0 0 0 0 0 0 0 0 0 0 0 0 0 0 0 0 0 0 0 0 0 0 0 0 0 0 0 0 0 0 0 0 0 0 0 1477463468 0 0 0 0 0 0 0 0 115990 0 3205389 0 0 0 0 0 0 0 0 0 0 0 83030468 1 0 0 0 0 0 0 0 0 0 0 0 0 0 0 0 0 0 0 0 0 0 0 99928 4206 0 0 0 0 3479768 0 0 0 0 0 0 0 0 0 0 0 0 0 0 0 0 0 0 0 0 0 0 0 0 0 0 0 0 0 0 0 0 0 0 0 0 0 0 0 0 0 0 0 0 0 0 0 0 0 0 0 0 0 0 0 0 0 0 0 0 0 0 0 0 0 0 0 0 0 0 0 0 0 0 0 18597379 0 0 0
ctxt 48927733
btime 1671453272
processes 71142
procs_running 3
procs_blocked 0
softirq 110687813 66703103 4768314 100969 5405803 3205337 0 17883588 6157742 0 6462957

cpu  3212720 6402 1175830 62962219 3482549 0 265062 0 0 0
cpu0 605924 1686 127303 16103435 868734 0 62280 0 0 0
cpu1 1011521 1111 735853 15082804 891848 0 75779 0 0 0
cpu2 1109724 2237 173002 15538736 900441 0 59638 0 0 0
cpu3 485551 1367 139671 16237243 821525 0 67362 0 0 0
intr 1600186795 0 0 383732 75 0 95659 12626011 0 0 0 1080358 0 0 0 0 0 0 0 0 0 0 0 0 0 0 0 0 0 0 0 0 0 0 0 0 0 0 0 0 0 0 0 0 0 0 0 0 0 0 0 0 1477467496 0 0 0 0 0 0 0 0 115991 0 3205389 0 0 0 0 0 0 0 0 0 0 0 83030620 1 0 0 0 0 0 0 0 0 0 0 0 0 0 0 0 0 0 0 0 0 0 0 99928 4206 0 0 0 0 3479800 0 0 0 0 0 0 0 0 0 0 0 0 0 0 0 0 0 0 0 0 0 0 0 0 0 0 0 0 0 0 0 0 0 0 0 0 0 0 0 0 0 0 0 0 0 0 0 0 0 0 0 0 0 0 0 0 0 0 0 0 0 0 0 0 0 0 0 0 0 0 0 0 0 0 0 18597529 0 0 0
ctxt 48927852
btime 1671453272
processes 71142
procs_running 3
procs_blocked 0
softirq 110687902 66703111 4768330 100969 5405805 3205337 0 17883617 6157768 0 6462965

cpu  3212744 6402 1175858 62962366 3482549 0 265062 0 0 0
cpu0 605924 1686 127304 16103484 868734 0 62280 0 0 0
cpu1 1011544 1111 735880 15082804 891848 0 75779 0 0 0
cpu2 1109724 2237 173002 15538785 900441 0 59638 0 0 0
cpu3 485551 1367 139671 16237292 821525 0 67362 0 0 0
intr 1600191187 0 0 383732 75 0 95659 12626066 0 0 0 1080358 0 0 0 0 0 0 0 0 0 0 0 0 0 0 0 0 0 0 0 0 0 0 0 0 0 0 0 0 0 0 0 0 0 0 0 0 0 0 0 0 1477471492 0 0 0 0 0 0 0 0 115992 0 3205389 0 0 0 0 0 0 0 0 0 0 0 83030750 1 0 0 0 0 0 0 0 0 0 0 0 0 0 0 0 0 0 0 0 0 0 0 99928 4206 0 0 0 0 3479853 0 0 0 0 0 0 0 0 0 0 0 0 0 0 0 0 0 0 0 0 0 0 0 0 0 0 0 0 0 0 0 0 0 0 0 0 0 0 0 0 0 0 0 0 0 0 0 0 0 0 0 0 0 0 0 0 0 0 0 0 0 0 0 0 0 0 0 0 0 0 0 0 0 0 0 18597686 0 0 0
ctxt 48927995
btime 1671453272
processes 71142
procs_running 3
procs_blocked 0
softirq 110688006 66703111 4768349 100969 5405809 3205337 0 17883661 6157797 0 6462973

cpu  3212768 6402 1175889 62962507 3482549 0 265062 0 0 0
cpu0 605926 1686 127308 16103526 868734 0 62280 0 0 0
cpu1 1011566 1111 735908 15082804 891848 0 75779 0 0 0
cpu2 1109724 2237 173002 15538834 900441 0 59638 0 0 0
cpu3 485551 1367 139671 16237341 821525 0 67362 0 0 0
intr 1600195740 0 0 383732 75 0 95659 12626171 0 0 0 1080358 0 0 0 0 0 0 0 0 0 0 0 0 0 0 0 0 0 0 0 0 0 0 0 0 0 0 0 0 0 0 0 0 0 0 0 0 0 0 0 0 1477475519 0 0 0 0 0 0 0 0 115994 0 3205389 0 0 0 0 0 0 0 0 0 0 0 83030902 1 0 0 0 0 0 0 0 0 0 0 0 0 0 0 0 0 0 0 0 0 0 0 99928 4206 0 0 0 0 3479949 0 0 0 0 0 0 0 0 0 0 0 0 0 0 0 0 0 0 0 0 0 0 0 0 0 0 0 0 0 0 0 0 0 0 0 0 0 0 0 0 0 0 0 0 0 0 0 0 0 0 0 0 0 0 0 0 0 0 0 0 0 0 0 0 0 0 0 0 0 0 0 0 0 0 0 18597858 0 0 0
ctxt 48928435
btime 1671453272
processes 71142
procs_running 3
procs_blocked 0
softirq 110688200 66703119 4768373 100969 5405817 3205337 0 17883738 6157823 0 6463024

cpu  3212789 6402 1175919 62962655 3482549 0 265062 0 0 0
cpu0 605926 1686 127308 16103576 868734 0 62280 0 0 0
cpu1 1011587 1111 735937 15082804 891848 0 75779 0 0 0
cpu2 1109724 2237 173002 15538884 900441 0 59638 0 0 0
cpu3 485551 1367 139671 16237391 821525 0 67362 0 0 0
intr 1600200058 0 0 383733 75 0 95659 12626200 0 0 0 1080358 0 0 0 0 0 0 0 0 0 0 0 0 0 0 0 0 0 0 0 0 0 0 0 0 0 0 0 0 0 0 0 0 0 0 0 0 0 0 0 0 1477479515 0 0 0 0 0 0 0 0 115995 0 3205389 0 0 0 0 0 0 0 0 0 0 0 83031032 1 0 0 0 0 0 0 0 0 0 0 0 0 0 0 0 0 0 0 0 0 0 0 99928 4206 0 0 0 0 3479964 0 0 0 0 0 0 0 0 0 0 0 0 0 0 0 0 0 0 0 0 0 0 0 0 0 0 0 0 0 0 0 0 0 0 0 0 0 0 0 0 0 0 0 0 0 0 0 0 0 0 0 0 0 0 0 0 0 0 0 0 0 0 0 0 0 0 0 0 0 0 0 0 0 0 0 18598003 0 0 0
ctxt 48928495
btime 1671453272
processes 71142
procs_running 3
procs_blocked 0
softirq 110688259 66703119 4768386 100969 5405818 3205337 0 17883751 6157847 0 6463032

cpu  3212814 6402 1175944 62962799 3482552 0 265062 0 0 0
cpu0 605926 1686 127308 16103621 868737 0 62281 0 0 0
cpu1 1011612 1111 735962 15082804 891848 0 75779 0 0 0
cpu2 1109724 2237 173002 15538933 900441 0 59638 0 0 0
cpu3 485551 1367 139671 16237440 821525 0 67362 0 0 0
intr 1600204573 0 0 383733 75 0 95660 12626275 0 0 0 1080358 0 0 0 0 0 0 0 0 0 0 0 0 0 0 0 0 0 0 0 0 0 0 0 0 0 0 0 0 0 0 0 0 0 0 0 0 0 0 0 0 1477483541 0 0 0 0 0 0 0 0 115996 0 3205438 0 0 0 0 0 0 0 0 0 0 0 83031184 1 0 0 0 0 0 0 0 0 0 0 0 0 0 0 0 0 0 0 0 0 0 0 99977 4206 0 0 0 0 3479979 0 0 0 0 0 0 0 0 0 0 0 0 0 0 0 0 0 0 0 0 0 0 0 0 0 0 0 0 0 0 0 0 0 0 0 0 0 0 0 0 0 0 0 0 0 0 0 0 0 0 0 0 0 0 0 0 0 0 0 0 0 0 0 0 0 0 0 0 0 0 0 0 0 0 0 18598150 0 0 0
ctxt 48928987
btime 1671453272
processes 71143
procs_running 3
procs_blocked 0
softirq 110688524 66703127 4768400 100969 5405819 3205386 0 17883912 6157871 0 6463040

cpu  3212836 6402 1175972 62962948 3482552 0 265062 0 0 0
cpu0 605926 1686 127308 16103671 868737 0 62281 0 0 0
cpu1 1011634 1111 735990 15082804 891848 0 75779 0 0 0
cpu2 1109724 2237 173002 15538983 900441 0 59638 0 0 0
cpu3 485551 1367 139671 16237490 821525 0 67362 0 0 0
intr 1600208899 0 0 383733 75 0 95660 12626304 0 0 0 1080358 0 0 0 0 0 0 0 0 0 0 0 0 0 0 0 0 0 0 0 0 0 0 0 0 0 0 0 0 0 0 0 0 0 0 0 0 0 0 0 0 1477487542 0 0 0 0 0 0 0 0 115997 0 3205438 0 0 0 0 0 0 0 0 0 0 0 83031314 1 0 0 0 0 0 0 0 0 0 0 0 0 0 0 0 0 0 0 0 0 0 0 99977 4206 0 0 0 0 3479994 0 0 0 0 0 0 0 0 0 0 0 0 0 0 0 0 0 0 0 0 0 0 0 0 0 0 0 0 0 0 0 0 0 0 0 0 0 0 0 0 0 0 0 0 0 0 0 0 0 0 0 0 0 0 0 0 0 0 0 0 0 0 0 0 0 0 0 0 0 0 0 0 0 0 0 18598300 0 0 0
ctxt 48929057
btime 1671453272
processes 71143
procs_running 3
procs_blocked 0
softirq 110688582 66703127 4768413 100969 5405820 3205386 0 17883925 6157893 0 6463049

cpu  3212852 6402 1176006 62963096 3482552 0 265062 0 0 0
cpu0 605926 1686 127308 16103720 868737 0 62281 0 0 0
cpu1 1011650 1111 736024 15082804 891848 0 75779 0 0 0
cpu2 1109724 2237 173002 15539032 900441 0 59638 0 0 0
cpu3 485551 1367 139671 16237539 821525 0 67362 0 0 0
intr 1600213283 0 0 383733 75 0 95660 12626344 0 0 0 1080359 0 0 0 0 0 0 0 0 0 0 0 0 0 0 0 0 0 0 0 0 0 0 0 0 0 0 0 0 0 0 0 0 0 0 0 0 0 0 0 0 1477491568 0 0 0 0 0 0 0 0 115998 0 3205438 0 0 0 0 0 0 0 0 0 0 0 83031466 1 0 0 0 0 0 0 0 0 0 0 0 0 0 0 0 0 0 0 0 0 0 0 99977 4206 0 0 0 0 3480009 0 0 0 0 0 0 0 0 0 0 0 0 0 0 0 0 0 0 0 0 0 0 0 0 0 0 0 0 0 0 0 0 0 0 0 0 0 0 0 0 0 0 0 0 0 0 0 0 0 0 0 0 0 0 0 0 0 0 0 0 0 0 0 0 0 0 0 0 0 0 0 0 0 0 0 18598450 0 0 0
ctxt 48929149
btime 1671453272
processes 71143
procs_running 3
procs_blocked 0
softirq 110688656 66703135 4768429 100969 5405821 3205386 0 17883940 6157917 0 6463059

cpu  3212877 6402 1176032 62963244 3482552 0 265062 0 0 0
cpu0 605926 1686 127308 16103769 868737 0 62281 0 0 0
cpu1 1011675 1111 736049 15082804 891848 0 75779 0 0 0
cpu2 1109724 2237 173002 15539081 900441 0 59638 0 0 0
cpu3 485551 1367 139671 16237588 821525 0 67362 0 0 0
intr 1600217602 0 0 383734 75 0 95660 12626374 0 0 0 1080359 0 0 0 0 0 0 0 0 0 0 0 0 0 0 0 0 0 0 0 0 0 0 0 0 0 0 0 0 0 0 0 0 0 0 0 0 0 0 0 0 1477495564 0 0 0 0 0 0 0 0 115999 0 3205438 0 0 0 0 0 0 0 0 0 0 0 83031596 1 0 0 0 0 0 0 0 0 0 0 0 0 0 0 0 0 0 0 0 0 0 0 99977 4206 0 0 0 0 3480024 0 0 0 0 0 0 0 0 0 0 0 0 0 0 0 0 0 0 0 0 0 0 0 0 0 0 0 0 0 0 0 0 0 0 0 0 0 0 0 0 0 0 0 0 0 0 0 0 0 0 0 0 0 0 0 0 0 0 0 0 0 0 0 0 0 0 0 0 0 0 0 0 0 0 0 18598596 0 0 0
ctxt 48929207
btime 1671453272
processes 71143
procs_running 3
procs_blocked 0
softirq 110688712 66703135 4768441 100969 5405822 3205386 0 17883953 6157939 0 6463067

cpu  3212902 6402 1176062 62963386 3482552 0 265062 0 0 0
cpu0 605927 1686 127312 16103814 868737 0 62281 0 0 0
cpu1 1011699 1111 736075 15082804 891848 0 75779 0 0 0
cpu2 1109724 2237 173003 15539129 900441 0 59638 0 0 0
cpu3 485551 1367 139671 16237638 821525 0 67362 0 0 0
intr 1600222108 0 0 383734 75 0 95660 12626460 0 0 0 1080359 0 0 0 0 0 0 0 0 0 0 0 0 0 0 0 0 0 0 0 0 0 0 0 0 0 0 0 0 0 0 0 0 0 0 0 0 0 0 0 0 1477499594 0 0 0 0 0 0 0 0 116000 0 3205438 0 0 0 0 0 0 0 0 0 0 0 83031748 1 0 0 0 0 0 0 0 0 0 0 0 0 0 0 0 0 0 0 0 0 0 0 99977 4206 0 0 0 0 3480085 0 0 0 0 0 0 0 0 0 0 0 0 0 0 0 0 0 0 0 0 0 0 0 0 0 0 0 0 0 0 0 0 0 0 0 0 0 0 0 0 0 0 0 0 0 0 0 0 0 0 0 0 0 0 0 0 0 0 0 0 0 0 0 0 0 0 0 0 0 0 0 0 0 0 0 18598772 0 0 0
ctxt 48929553
btime 1671453272
processes 71143
procs_running 3
procs_blocked 0
softirq 110688882 66703143 4768467 100970 5405826 3205386 0 17884004 6157962 0 6463124

cpu  3212924 6402 1176090 62963534 3482552 0 265062 0 0 0
cpu0 605927 1686 127312 16103863 868737 0 62281 0 0 0
cpu1 1011722 1111 736102 15082804 891848 0 75779 0 0 0
cpu2 1109724 2237 173003 15539179 900441 0 59638 0 0 0
cpu3 485551 1367 139671 16237687 821525 0 67362 0 0 0
intr 1600226424 0 0 383734 75 0 95660 12626488 0 0 0 1080359 0 0 0 0 0 0 0 0 0 0 0 0 0 0 0 0 0 0 0 0 0 0 0 0 0 0 0 0 0 0 0 0 0 0 0 0 0 0 0 0 1477503590 0 0 0 0 0 0 0 0 116001 0 3205438 0 0 0 0 0 0 0 0 0 0 0 83031878 1 0 0 0 0 0 0 0 0 0 0 0 0 0 0 0 0 0 0 0 0 0 0 99977 4206 0 0 0 0 3480100 0 0 0 0 0 0 0 0 0 0 0 0 0 0 0 0 0 0 0 0 0 0 0 0 0 0 0 0 0 0 0 0 0 0 0 0 0 0 0 0 0 0 0 0 0 0 0 0 0 0 0 0 0 0 0 0 0 0 0 0 0 0 0 0 0 0 0 0 0 0 0 0 0 0 0 18598918 0 0 0
ctxt 48929605
btime 1671453272
processes 71143
procs_running 3
procs_blocked 0
softirq 110688937 66703143 4768478 100970 5405827 3205386 0 17884017 6157984 0 6463132

cpu  3212946 6402 1176119 62963682 3482552 0 265062 0 0 0
cpu0 605927 1686 127312 16103912 868737 0 62281 0 0 0
cpu1 1011743 1111 736131 15082804 891848 0 75779 0 0 0
cpu2 1109724 2237 173003 15539228 900441 0 59638 0 0 0
cpu3 485551 1367 139671 16237736 821525 0 67362 0 0 0
intr 1600230754 0 0 383738 75 0 95660 12626517 0 0 0 1080359 0 0 0 0 0 0 0 0 0 0 0 0 0 0 0 0 0 0 0 0 0 0 0 0 0 0 0 0 0 0 0 0 0 0 0 0 0 0 0 0 1477507593 0 0 0 0 0 0 0 0 116002 0 3205438 0 0 0 0 0 0 0 0 0 0 0 83032006 1 0 0 0 0 0 0 0 0 0 0 0 0 0 0 0 0 0 0 0 0 0 0 99977 4206 0 0 0 0 3480115 0 0 0 0 0 0 0 0 0 0 0 0 0 0 0 0 0 0 0 0 0 0 0 0 0 0 0 0 0 0 0 0 0 0 0 0 0 0 0 0 0 0 0 0 0 0 0 0 0 0 0 0 0 0 0 0 0 0 0 0 0 0 0 0 0 0 0 0 0 0 0 0 0 0 0 18599067 0 0 0
ctxt 48929675
btime 1671453272
processes 71143
procs_running 3
procs_blocked 0
softirq 110688998 66703143 4768492 100970 5405828 3205386 0 17884031 6158008 0 6463140

cpu  3212968 6402 1176147 62963829 3482552 0 265062 0 0 0
cpu0 605927 1686 127312 16103962 868737 0 62281 0 0 0
cpu1 1011765 1111 736159 15082804 891848 0 75779 0 0 0
cpu2 1109724 2237 173003 15539277 900441 0 59638 0 0 0
cpu3 485551 1367 139671 16237785 821525 0 67362 0 0 0
intr 1600235129 0 0 383739 75 0 95660 12626548 0 0 0 1080359 0 0 0 0 0 0 0 0 0 0 0 0 0 0 0 0 0 0 0 0 0 0 0 0 0 0 0 0 0 0 0 0 0 0 0 0 0 0 0 0 1477511620 0 0 0 0 0 0 0 0 116003 0 3205438 0 0 0 0 0 0 0 0 0 0 0 83032160 1 0 0 0 0 0 0 0 0 0 0 0 0 0 0 0 0 0 0 0 0 0 0 99977 4206 0 0 0 0 3480130 0 0 0 0 0 0 0 0 0 0 0 0 0 0 0 0 0 0 0 0 0 0 0 0 0 0 0 0 0 0 0 0 0 0 0 0 0 0 0 0 0 0 0 0 0 0 0 0 0 0 0 0 0 0 0 0 0 0 0 0 0 0 0 0 0 0 0 0 0 0 0 0 0 0 0 18599213 0 0 0
ctxt 48929750
btime 1671453272
processes 71143
procs_running 3
procs_blocked 0
softirq 110689061 66703151 4768506 100970 5405829 3205386 0 17884044 6158026 0 6463149

cpu  3212991 6402 1176174 62963977 3482552 0 265062 0 0 0
cpu0 605927 1686 127313 16104011 868737 0 62281 0 0 0
cpu1 1011788 1111 736186 15082804 891848 0 75779 0 0 0
cpu2 1109724 2237 173003 15539327 900441 0 59638 0 0 0
cpu3 485551 1367 139671 16237835 821525 0 67362 0 0 0
intr 1600239476 0 0 383739 75 0 95660 12626589 0 0 0 1080359 0 0 0 0 0 0 0 0 0 0 0 0 0 0 0 0 0 0 0 0 0 0 0 0 0 0 0 0 0 0 0 0 0 0 0 0 0 0 0 0 1477515614 0 0 0 0 0 0 0 0 116004 0 3205438 0 0 0 0 0 0 0 0 0 0 0 83032288 1 0 0 0 0 0 0 0 0 0 0 0 0 0 0 0 0 0 0 0 0 0 0 99977 4206 0 0 0 0 3480160 0 0 0 0 0 0 0 0 0 0 0 0 0 0 0 0 0 0 0 0 0 0 0 0 0 0 0 0 0 0 0 0 0 0 0 0 0 0 0 0 0 0 0 0 0 0 0 0 0 0 0 0 0 0 0 0 0 0 0 0 0 0 0 0 0 0 0 0 0 0 0 0 0 0 0 18599366 0 0 0
ctxt 48929846
btime 1671453272
processes 71143
procs_running 3
procs_blocked 0
softirq 110689143 66703151 4768522 100970 5405831 3205386 0 17884070 6158048 0 6463165

cpu  3213012 6402 1176203 62964126 3482552 0 265062 0 0 0
cpu0 605927 1686 127313 16104060 868737 0 62281 0 0 0
cpu1 1011810 1111 736214 15082804 891848 0 75779 0 0 0
cpu2 1109724 2237 173003 15539376 900441 0 59638 0 0 0
cpu3 485551 1367 139671 16237884 821525 0 67362 0 0 0
intr 1600243854 0 0 383739 75 0 95660 12626624 0 0 0 1080359 0 0 0 0 0 0 0 0 0 0 0 0 0 0 0 0 0 0 0 0 0 0 0 0 0 0 0 0 0 0 0 0 0 0 0 0 0 0 0 0 1477519639 0 0 0 0 0 0 0 0 116005 0 3205438 0 0 0 0 0 0 0 0 0 0 0 83032442 1 0 0 0 0 0 0 0 0 0 0 0 0 0 0 0 0 0 0 0 0 0 0 99977 4206 0 0 0 0 3480175 0 0 0 0 0 0 0 0 0 0 0 0 0 0 0 0 0 0 0 0 0 0 0 0 0 0 0 0 0 0 0 0 0 0 0 0 0 0 0 0 0 0 0 0 0 0 0 0 0 0 0 0 0 0 0 0 0 0 0 0 0 0 0 0 0 0 0 0 0 0 0 0 0 0 0 18599515 0 0 0
ctxt 48929930
btime 1671453272
processes 71143
procs_running 3
procs_blocked 0
softirq 110689205 66703159 4768534 100970 5405832 3205386 0 17884083 6158068 0 6463173

cpu  3213036 6402 1176234 62964269 3482552 0 265062 0 0 0
cpu0 605929 1686 127315 16104105 868737 0 62281 0 0 0
cpu1 1011831 1111 736243 15082804 891848 0 75779 0 0 0
cpu2 1109724 2237 173004 15539425 900441 0 59638 0 0 0
cpu3 485551 1367 139671 16237934 821525 0 67362 0 0 0
intr 1600248267 0 0 383739 75 0 95660 12626687 0 0 0 1080359 0 0 0 0 0 0 0 0 0 0 0 0 0 0 0 0 0 0 0 0 0 0 0 0 0 0 0 0 0 0 0 0 0 0 0 0 0 0 0 0 1477523641 0 0 0 0 0 0 0 0 116007 0 3205438 0 0 0 0 0 0 0 0 0 0 0 83032570 1 0 0 0 0 0 0 0 0 0 0 0 0 0 0 0 0 0 0 0 0 0 0 99977 4206 0 0 0 0 3480221 0 0 0 0 0 0 0 0 0 0 0 0 0 0 0 0 0 0 0 0 0 0 0 0 0 0 0 0 0 0 0 0 0 0 0 0 0 0 0 0 0 0 0 0 0 0 0 0 0 0 0 0 0 0 0 0 0 0 0 0 0 0 0 0 0 0 0 0 0 0 0 0 0 0 0 18599686 0 0 0
ctxt 48930202
btime 1671453272
processes 71143
procs_running 3
procs_blocked 0
softirq 110689331 66703159 4768555 100970 5405835 3205386 0 17884121 6158090 0 6463215

cpu  3213055 6402 1176265 62964417 3482552 0 265062 0 0 0
cpu0 605929 1686 127315 16104155 868737 0 62281 0 0 0
cpu1 1011850 1111 736274 15082804 891848 0 75779 0 0 0
cpu2 1109724 2237 173004 15539474 900441 0 59638 0 0 0
cpu3 485552 1367 139671 16237983 821525 0 67362 0 0 0
intr 1600252639 0 0 383740 75 0 95660 12626724 0 0 0 1080359 0 0 0 0 0 0 0 0 0 0 0 0 0 0 0 0 0 0 0 0 0 0 0 0 0 0 0 0 0 0 0 0 0 0 0 0 0 0 0 0 1477527659 0 0 0 0 0 0 0 0 116008 0 3205438 0 0 0 0 0 0 0 0 0 0 0 83032724 1 0 0 0 0 0 0 0 0 0 0 0 0 0 0 0 0 0 0 0 0 0 0 99977 4206 0 0 0 0 3480236 0 0 0 0 0 0 0 0 0 0 0 0 0 0 0 0 0 0 0 0 0 0 0 0 0 0 0 0 0 0 0 0 0 0 0 0 0 0 0 0 0 0 0 0 0 0 0 0 0 0 0 0 0 0 0 0 0 0 0 0 0 0 0 0 0 0 0 0 0 0 0 0 0 0 0 18599832 0 0 0
ctxt 48930281
btime 1671453272
processes 71143
procs_running 3
procs_blocked 0
softirq 110689397 66703167 4768567 100970 5405836 3205386 0 17884135 6158113 0 6463223

cpu  3213080 6402 1176290 62964563 3482553 0 265062 0 0 0
cpu0 605929 1686 127315 16104204 868737 0 62281 0 0 0
cpu1 1011875 1111 736299 15082804 891848 0 75779 0 0 0
cpu2 1109724 2237 173004 15539522 900442 0 59638 0 0 0
cpu3 485552 1367 139671 16238032 821525 0 67362 0 0 0
intr 1600256973 0 0 383740 75 0 95660 12626759 0 0 0 1080360 0 0 0 0 0 0 0 0 0 0 0 0 0 0 0 0 0 0 0 0 0 0 0 0 0 0 0 0 0 0 0 0 0 0 0 0 0 0 0 0 1477531663 0 0 0 0 0 0 0 0 116009 0 3205440 0 0 0 0 0 0 0 0 0 0 0 83032852 1 0 0 0 0 0 0 0 0 0 0 0 0 0 0 0 0 0 0 0 0 0 0 99979 4206 0 0 0 0 3480251 0 0 0 0 0 0 0 0 0 0 0 0 0 0 0 0 0 0 0 0 0 0 0 0 0 0 0 0 0 0 0 0 0 0 0 0 0 0 0 0 0 0 0 0 0 0 0 0 0 0 0 0 0 0 0 0 0 0 0 0 0 0 0 0 0 0 0 0 0 0 0 0 0 0 0 18599978 0 0 0
ctxt 48930375
btime 1671453272
processes 71143
procs_running 3
procs_blocked 0
softirq 110689464 66703167 4768580 100970 5405837 3205388 0 17884155 6158136 0 6463231

cpu  3213106 6402 1176314 62964711 3482553 0 265062 0 0 0
cpu0 605929 1686 127315 16104253 868737 0 62281 0 0 0
cpu1 1011900 1111 736324 15082804 891848 0 75779 0 0 0
cpu2 1109724 2237 173004 15539572 900442 0 59638 0 0 0
cpu3 485552 1367 139671 16238081 821525 0 67362 0 0 0
intr 1600261344 0 0 383740 75 0 95660 12626795 0 0 0 1080360 0 0 0 0 0 0 0 0 0 0 0 0 0 0 0 0 0 0 0 0 0 0 0 0 0 0 0 0 0 0 0 0 0 0 0 0 0 0 0 0 1477535682 0 0 0 0 0 0 0 0 116010 0 3205440 0 0 0 0 0 0 0 0 0 0 0 83033006 1 0 0 0 0 0 0 0 0 0 0 0 0 0 0 0 0 0 0 0 0 0 0 99979 4206 0 0 0 0 3480266 0 0 0 0 0 0 0 0 0 0 0 0 0 0 0 0 0 0 0 0 0 0 0 0 0 0 0 0 0 0 0 0 0 0 0 0 0 0 0 0 0 0 0 0 0 0 0 0 0 0 0 0 0 0 0 0 0 0 0 0 0 0 0 0 0 0 0 0 0 0 0 0 0 0 0 18600124 0 0 0
ctxt 48930450
btime 1671453272
processes 71143
procs_running 3
procs_blocked 0
softirq 110689527 66703175 4768592 100970 5405838 3205388 0 17884168 6158157 0 6463239

cpu  3213125 6402 1176346 62964859 3482553 0 265062 0 0 0
cpu0 605929 1686 127315 16104302 868737 0 62281 0 0 0
cpu1 1011919 1111 736355 15082804 891848 0 75779 0 0 0
cpu2 1109724 2237 173004 15539621 900442 0 59638 0 0 0
cpu3 485552 1367 139671 16238131 821525 0 67362 0 0 0
intr 1600265691 0 0 383740 75 0 95660 12626836 0 0 0 1080360 0 0 0 0 0 0 0 0 0 0 0 0 0 0 0 0 0 0 0 0 0 0 0 0 0 0 0 0 0 0 0 0 0 0 0 0 0 0 0 0 1477539686 0 0 0 0 0 0 0 0 116011 0 3205440 0 0 0 0 0 0 0 0 0 0 0 83033134 1 0 0 0 0 0 0 0 0 0 0 0 0 0 0 0 0 0 0 0 0 0 0 99979 4206 0 0 0 0 3480291 0 0 0 0 0 0 0 0 0 0 0 0 0 0 0 0 0 0 0 0 0 0 0 0 0 0 0 0 0 0 0 0 0 0 0 0 0 0 0 0 0 0 0 0 0 0 0 0 0 0 0 0 0 0 0 0 0 0 0 0 0 0 0 0 0 0 0 0 0 0 0 0 0 0 0 18600273 0 0 0
ctxt 48930547
btime 1671453272
processes 71143
procs_running 3
procs_blocked 0
softirq 110689596 66703175 4768605 100971 5405840 3205388 0 17884189 6158180 0 6463248

cpu  3213146 6402 1176375 62965006 3482553 0 265062 0 0 0
cpu0 605929 1686 127315 16104351 868737 0 62281 0 0 0
cpu1 1011940 1111 736384 15082804 891848 0 75779 0 0 0
cpu2 1109724 2237 173004 15539670 900442 0 59638 0 0 0
cpu3 485552 1367 139672 16238180 821525 0 67362 0 0 0
intr 1600270102 0 0 383741 75 0 95660 12626885 0 0 0 1080360 0 0 0 0 0 0 0 0 0 0 0 0 0 0 0 0 0 0 0 0 0 0 0 0 0 0 0 0 0 0 0 0 0 0 0 0 0 0 0 0 1477543705 0 0 0 0 0 0 0 0 116012 0 3205440 0 0 0 0 0 0 0 0 0 0 0 83033286 1 0 0 0 0 0 0 0 0 0 0 0 0 0 0 0 0 0 0 0 0 0 0 99979 4206 0 0 0 0 3480321 0 0 0 0 0 0 0 0 0 0 0 0 0 0 0 0 0 0 0 0 0 0 0 0 0 0 0 0 0 0 0 0 0 0 0 0 0 0 0 0 0 0 0 0 0 0 0 0 0 0 0 0 0 0 0 0 0 0 0 0 0 0 0 0 0 0 0 0 0 0 0 0 0 0 0 18600432 0 0 0
ctxt 48930662
btime 1671453272
processes 71143
procs_running 3
procs_blocked 0
softirq 110689685 66703183 4768621 100971 5405842 3205388 0 17884214 6158202 0 6463264

cpu  3213171 6402 1176402 62965152 3482553 0 265062 0 0 0
cpu0 605930 1686 127316 16104398 868737 0 62281 0 0 0
cpu1 1011964 1111 736410 15082804 891848 0 75779 0 0 0
cpu2 1109724 2237 173004 15539719 900442 0 59638 0 0 0
cpu3 485552 1367 139672 16238229 821525 0 67362 0 0 0
intr 1600274499 0 0 383741 75 0 95660 12626946 0 0 0 1080360 0 0 0 0 0 0 0 0 0 0 0 0 0 0 0 0 0 0 0 0 0 0 0 0 0 0 0 0 0 0 0 0 0 0 0 0 0 0 0 0 1477547707 0 0 0 0 0 0 0 0 116015 0 3205440 0 0 0 0 0 0 0 0 0 0 0 83033414 1 0 0 0 0 0 0 0 0 0 0 0 0 0 0 0 0 0 0 0 0 0 0 99979 4206 0 0 0 0 3480364 0 0 0 0 0 0 0 0 0 0 0 0 0 0 0 0 0 0 0 0 0 0 0 0 0 0 0 0 0 0 0 0 0 0 0 0 0 0 0 0 0 0 0 0 0 0 0 0 0 0 0 0 0 0 0 0 0 0 0 0 0 0 0 0 0 0 0 0 0 0 0 0 0 0 0 18600591 0 0 0
ctxt 48930931
btime 1671453272
processes 71143
procs_running 3
procs_blocked 0
softirq 110689788 66703183 4768639 100971 5405845 3205388 0 17884250 6158221 0 6463291

cpu  3213192 6402 1176432 62965300 3482553 0 265062 0 0 0
cpu0 605930 1686 127316 16104447 868737 0 62281 0 0 0
cpu1 1011985 1111 736439 15082804 891848 0 75779 0 0 0
cpu2 1109724 2237 173004 15539768 900442 0 59638 0 0 0
cpu3 485552 1367 139672 16238279 821525 0 67362 0 0 0
intr 1600278870 0 0 383741 75 0 95660 12626978 0 0 0 1080360 0 0 0 0 0 0 0 0 0 0 0 0 0 0 0 0 0 0 0 0 0 0 0 0 0 0 0 0 0 0 0 0 0 0 0 0 0 0 0 0 1477551735 0 0 0 0 0 0 0 0 116016 0 3205440 0 0 0 0 0 0 0 0 0 0 0 83033568 1 0 0 0 0 0 0 0 0 0 0 0 0 0 0 0 0 0 0 0 0 0 0 99979 4206 0 0 0 0 3480377 0 0 0 0 0 0 0 0 0 0 0 0 0 0 0 0 0 0 0 0 0 0 0 0 0 0 0 0 0 0 0 0 0 0 0 0 0 0 0 0 0 0 0 0 0 0 0 0 0 0 0 0 0 0 0 0 0 0 0 0 0 0 0 0 0 0 0 0 0 0 0 0 0 0 0 18600734 0 0 0
ctxt 48931001
btime 1671453272
processes 71143
procs_running 3
procs_blocked 0
softirq 110689848 66703191 4768650 100971 5405846 3205388 0 17884263 6158240 0 6463299

cpu  3213213 6402 1176461 62965447 3482553 0 265062 0 0 0
cpu0 605930 1686 127316 16104497 868737 0 62281 0 0 0
cpu1 1012006 1111 736468 15082804 891848 0 75779 0 0 0
cpu2 1109724 2237 173004 15539818 900442 0 59638 0 0 0
cpu3 485552 1367 139672 16238328 821525 0 67362 0 0 0
intr 1600283185 0 0 383741 75 0 95660 12627009 0 0 0 1080360 0 0 0 0 0 0 0 0 0 0 0 0 0 0 0 0 0 0 0 0 0 0 0 0 0 0 0 0 0 0 0 0 0 0 0 0 0 0 0 0 1477555731 0 0 0 0 0 0 0 0 116017 0 3205440 0 0 0 0 0 0 0 0 0 0 0 83033696 1 0 0 0 0 0 0 0 0 0 0 0 0 0 0 0 0 0 0 0 0 0 0 99979 4206 0 0 0 0 3480392 0 0 0 0 0 0 0 0 0 0 0 0 0 0 0 0 0 0 0 0 0 0 0 0 0 0 0 0 0 0 0 0 0 0 0 0 0 0 0 0 0 0 0 0 0 0 0 0 0 0 0 0 0 0 0 0 0 0 0 0 0 0 0 0 0 0 0 0 0 0 0 0 0 0 0 18600879 0 0 0
ctxt 48931065
btime 1671453272
processes 71143
procs_running 3
procs_blocked 0
softirq 110689907 66703191 4768662 100971 5405847 3205388 0 17884277 6158264 0 6463307

cpu  3213235 6402 1176489 62965595 3482553 0 265062 0 0 0
cpu0 605930 1686 127316 16104546 868737 0 62281 0 0 0
cpu1 1012028 1111 736496 15082804 891848 0 75779 0 0 0
cpu2 1109724 2237 173004 15539867 900442 0 59638 0 0 0
cpu3 485552 1367 139672 16238377 821525 0 67362 0 0 0
intr 1600287583 0 0 383742 75 0 95660 12627052 0 0 0 1080360 0 0 0 0 0 0 0 0 0 0 0 0 0 0 0 0 0 0 0 0 0 0 0 0 0 0 0 0 0 0 0 0 0 0 0 0 0 0 0 0 1477559759 0 0 0 0 0 0 0 0 116018 0 3205440 0 0 0 0 0 0 0 0 0 0 0 83033850 1 0 0 0 0 0 0 0 0 0 0 0 0 0 0 0 0 0 0 0 0 0 0 99979 4206 0 0 0 0 3480416 0 0 0 0 0 0 0 0 0 0 0 0 0 0 0 0 0 0 0 0 0 0 0 0 0 0 0 0 0 0 0 0 0 0 0 0 0 0 0 0 0 0 0 0 0 0 0 0 0 0 0 0 0 0 0 0 0 0 0 0 0 0 0 0 0 0 0 0 0 0 0 0 0 0 0 18601026 0 0 0
ctxt 48931163
btime 1671453272
processes 71143
procs_running 3
procs_blocked 0
softirq 110689979 66703199 4768676 100971 5405848 3205388 0 17884299 6158284 0 6463314

cpu  3213252 6402 1176523 62965743 3482553 0 265062 0 0 0
cpu0 605930 1686 127316 16104595 868737 0 62281 0 0 0
cpu1 1012045 1111 736529 15082804 891848 0 75779 0 0 0
cpu2 1109724 2237 173004 15539916 900442 0 59638 0 0 0
cpu3 485552 1367 139672 16238427 821525 0 67362 0 0 0
intr 1600291898 0 0 383742 75 0 95660 12627079 0 0 0 1080360 0 0 0 0 0 0 0 0 0 0 0 0 0 0 0 0 0 0 0 0 0 0 0 0 0 0 0 0 0 0 0 0 0 0 0 0 0 0 0 0 1477563755 0 0 0 0 0 0 0 0 116019 0 3205440 0 0 0 0 0 0 0 0 0 0 0 83033978 1 0 0 0 0 0 0 0 0 0 0 0 0 0 0 0 0 0 0 0 0 0 0 99979 4206 0 0 0 0 3480431 0 0 0 0 0 0 0 0 0 0 0 0 0 0 0 0 0 0 0 0 0 0 0 0 0 0 0 0 0 0 0 0 0 0 0 0 0 0 0 0 0 0 0 0 0 0 0 0 0 0 0 0 0 0 0 0 0 0 0 0 0 0 0 0 0 0 0 0 0 0 0 0 0 0 0 18601174 0 0 0
ctxt 48931227
btime 1671453272
processes 71143
procs_running 3
procs_blocked 0
softirq 110690039 66703199 4768690 100971 5405849 3205388 0 17884313 6158307 0 6463322

cpu  3213276 6402 1176548 62965891 3482553 0 265062 0 0 0
cpu0 605930 1686 127316 16104644 868737 0 62281 0 0 0
cpu1 1012070 1111 736554 15082804 891848 0 75779 0 0 0
cpu2 1109724 2237 173004 15539965 900442 0 59638 0 0 0
cpu3 485552 1367 139672 16238476 821525 0 67362 0 0 0
intr 1600296273 0 0 383742 75 0 95660 12627115 0 0 0 1080360 0 0 0 0 0 0 0 0 0 0 0 0 0 0 0 0 0 0 0 0 0 0 0 0 0 0 0 0 0 0 0 0 0 0 0 0 0 0 0 0 1477567778 0 0 0 0 0 0 0 0 116020 0 3205440 0 0 0 0 0 0 0 0 0 0 0 83034132 1 0 0 0 0 0 0 0 0 0 0 0 0 0 0 0 0 0 0 0 0 0 0 99979 4206 0 0 0 0 3480446 0 0 0 0 0 0 0 0 0 0 0 0 0 0 0 0 0 0 0 0 0 0 0 0 0 0 0 0 0 0 0 0 0 0 0 0 0 0 0 0 0 0 0 0 0 0 0 0 0 0 0 0 0 0 0 0 0 0 0 0 0 0 0 0 0 0 0 0 0 0 0 0 0 0 0 18601319 0 0 0
ctxt 48931307
btime 1671453272
processes 71143
procs_running 3
procs_blocked 0
softirq 110690101 66703207 4768702 100971 5405850 3205388 0 17884326 6158327 0 6463330
