cpu  3086188 6402 1001510 62099959 3482415 0 214962 0 0 0
cpu0 605052 1686 126051 15815052 868692 0 52629 0 0 0
cpu1 887862 1111 566823 15082804 891848 0 56646 0 0 0
cpu2 1108740 2237 170909 15251199 900397 0 49752 0 0 0
cpu3 484534 1367 137726 15950902 821476 0 55934 0 0 0
intr 1558823085 0 0 380971 75 0 94265 12360493 0 0 0 1079734 0 0 0 0 0 0 0 0 0 0 0 0 0 0 0 0 0 0 0 0 0 0 0 0 0 0 0 0 0 0 0 0 0 0 0 0 0 0 0 0 1445366025 0 0 0 0 0 0 0 0 108392 0 3204768 0 0 0 0 0 0 0 0 0 0 0 75247483 1 0 0 0 0 0 0 0 0 0 0 0 0 0 0 0 0 0 0 0 0 0 0 99308 4206 0 0 0 0 3311736 0 0 0 0 0 0 0 0 0 0 0 0 0 0 0 0 0 0 0 0 0 0 0 0 0 0 0 0 0 0 0 0 0 0 0 0 0 0 0 0 0 0 0 0 0 0 0 0 0 0 0 0 0 0 0 0 0 0 0 0 0 0 0 0 0 0 0 0 0 0 0 0 0 0 0 17565628 0 0 0
ctxt 47973382
btime 1671453272
processes 70058
procs_running 2
procs_blocked 0
softirq 92914842 50875345 4656223 81583 4858396 3204716 0 16856559 6014775 0 6367245

cpu  3086210 6402 1001539 62100107 3482415 0 214962 0 0 0
cpu0 605052 1686 126051 15815102 868692 0 52629 0 0 0
cpu1 887884 1111 566852 15082804 891848 0 56646 0 0 0
cpu2 1108740 2237 170910 15251249 900397 0 49752 0 0 0
cpu3 484534 1367 137726 15950951 821476 0 55934 0 0 0
intr 1558827407 0 0 380971 75 0 94265 12360521 0 0 0 1079734 0 0 0 0 0 0 0 0 0 0 0 0 0 0 0 0 0 0 0 0 0 0 0 0 0 0 0 0 0 0 0 0 0 0 0 0 0 0 0 0 1445370030 0 0 0 0 0 0 0 0 108393 0 3204768 0 0 0 0 0 0 0 0 0 0 0 75247613 1 0 0 0 0 0 0 0 0 0 0 0 0 0 0 0 0 0 0 0 0 0 0 99308 4206 0 0 0 0 3311751 0 0 0 0 0 0 0 0 0 0 0 0 0 0 0 0 0 0 0 0 0 0 0 0 0 0 0 0 0 0 0 0 0 0 0 0 0 0 0 0 0 0 0 0 0 0 0 0 0 0 0 0 0 0 0 0 0 0 0 0 0 0 0 0 0 0 0 0 0 0 0 0 0 0 0 17565772 0 0 0
ctxt 47973444
btime 1671453272
processes 70058
procs_running 2
procs_blocked 0
softirq 92914894 50875345 4656234 81583 4858397 3204716 0 16856572 6014794 0 6367253

cpu  3086229 6402 1001571 62100254 3482415 0 214962 0 0 0
cpu0 605052 1686 126051 15815151 868692 0 52629 0 0 0
cpu1 887903 1111 566883 15082804 891848 0 56646 0 0 0
cpu2 1108740 2237 170910 15251298 900397 0 49752 0 0 0
cpu3 484534 1367 137726 15951001 821476 0 55934 0 0 0
intr 1558831833 0 0 380971 75 0 94265 12360574 0 0 0 1079735 0 0 0 0 0 0 0 0 0 0 0 0 0 0 0 0 0 0 0 0 0 0 0 0 0 0 0 0 0 0 0 0 0 0 0 0 0 0 0 0 1445374058 0 0 0 0 0 0 0 0 108394 0 3204768 0 0 0 0 0 0 0 0 0 0 0 75247767 1 0 0 0 0 0 0 0 0 0 0 0 0 0 0 0 0 0 0 0 0 0 0 99308 4206 0 0 0 0 3311787 0 0 0 0 0 0 0 0 0 0 0 0 0 0 0 0 0 0 0 0 0 0 0 0 0 0 0 0 0 0 0 0 0 0 0 0 0 0 0 0 0 0 0 0 0 0 0 0 0 0 0 0 0 0 0 0 0 0 0 0 0 0 0 0 0 0 0 0 0 0 0 0 0 0 0 17565925 0 0 0
ctxt 47973593
btime 1671453272
processes 70058
procs_running 2
procs_blocked 0
softirq 92914982 50875355 4656249 81583 4858401 3204716 0 16856605 6014812 0 6367261

cpu  3086246 6402 1001604 62100403 3482415 0 214962 0 0 0
cpu0 605052 1686 126052 15815200 868692 0 52629 0 0 0
cpu1 887920 1111 566916 15082804 891848 0 56646 0 0 0
cpu2 1108740 2237 170910 15251347 900397 0 49752 0 0 0
cpu3 484534 1367 137726 15951050 821476 0 55934 0 0 0
intr 1558836167 0 0 380971 75 0 94265 12360606 0 0 0 1079735 0 0 0 0 0 0 0 0 0 0 0 0 0 0 0 0 0 0 0 0 0 0 0 0 0 0 0 0 0 0 0 0 0 0 0 0 0 0 0 0 1445378059 0 0 0 0 0 0 0 0 108395 0 3204768 0 0 0 0 0 0 0 0 0 0 0 75247897 1 0 0 0 0 0 0 0 0 0 0 0 0 0 0 0 0 0 0 0 0 0 0 99308 4206 0 0 0 0 3311812 0 0 0 0 0 0 0 0 0 0 0 0 0 0 0 0 0 0 0 0 0 0 0 0 0 0 0 0 0 0 0 0 0 0 0 0 0 0 0 0 0 0 0 0 0 0 0 0 0 0 0 0 0 0 0 0 0 0 0 0 0 0 0 0 0 0 0 0 0 0 0 0 0 0 0 17566070 0 0 0
ctxt 47973674
btime 1671453272
processes 70058
procs_running 2
procs_blocked 0
softirq 92915041 50875355 4656260 81583 4858403 3204716 0 16856625 6014830 0 6367269

cpu  3086266 6402 1001636 62100552 3482415 0 214962 0 0 0
cpu0 605052 1686 126052 15815250 868692 0 52629 0 0 0
cpu1 887939 1111 566946 15082804 891848 0 56646 0 0 0
cpu2 1108740 2237 170910 15251397 900397 0 49752 0 0 0
cpu3 484534 1367 137726 15951100 821476 0 55934 0 0 0
intr 1558840547 0 0 380972 75 0 94265 12360641 0 0 0 1079735 0 0 0 0 0 0 0 0 0 0 0 0 0 0 0 0 0 0 0 0 0 0 0 0 0 0 0 0 0 0 0 0 0 0 0 0 0 0 0 0 1445382083 0 0 0 0 0 0 0 0 108396 0 3204768 0 0 0 0 0 0 0 0 0 0 0 75248049 1 0 0 0 0 0 0 0 0 0 0 0 0 0 0 0 0 0 0 0 0 0 0 99308 4206 0 0 0 0 3311827 0 0 0 0 0 0 0 0 0 0 0 0 0 0 0 0 0 0 0 0 0 0 0 0 0 0 0 0 0 0 0 0 0 0 0 0 0 0 0 0 0 0 0 0 0 0 0 0 0 0 0 0 0 0 0 0 0 0 0 0 0 0 0 0 0 0 0 0 0 0 0 0 0 0 0 17566221 0 0 0
ctxt 47973763
btime 1671453272
processes 70058
procs_running 2
procs_blocked 0
softirq 92915103 50875363 4656274 81583 4858404 3204716 0 16856639 6014847 0 6367277

cpu  3086292 6402 1001661 62100698 3482415 0 214962 0 0 0
cpu0 605052 1686 126052 15815299 868692 0 52629 0 0 0
cpu1 887964 1111 566971 15082804 891848 0 56646 0 0 0
cpu2 1108740 2237 170910 15251446 900397 0 49752 0 0 0
cpu3 484534 1367 137726 15951148 821476 0 55934 0 0 0
intr 1558844950 0 0 380972 75 0 94265 12360704 0 0 0 1079735 0 0 0 0 0 0 0 0 0 0 0 0 0 0 0 0 0 0 0 0 0 0 0 0 0 0 0 0 0 0 0 0 0 0 0 0 0 0 0 0 1445386078 0 0 0 0 0 0 0 0 108398 0 3204768 0 0 0 0 0 0 0 0 0 0 0 75248179 1 0 0 0 0 0 0 0 0 0 0 0 0 0 0 0 0 0 0 0 0 0 0 99308 4206 0 0 0 0 3311874 0 0 0 0 0 0 0 0 0 0 0 0 0 0 0 0 0 0 0 0 0 0 0 0 0 0 0 0 0 0 0 0 0 0 0 0 0 0 0 0 0 0 0 0 0 0 0 0 0 0 0 0 0 0 0 0 0 0 0 0 0 0 0 0 0 0 0 0 0 0 0 0 0 0 0 17566388 0 0 0
ctxt 47973925
btime 1671453272
processes 70058
procs_running 2
procs_blocked 0
softirq 92915206 50875363 4656292 81583 4858407 3204716 0 16856679 6014864 0 6367302

cpu  3086311 6402 1001693 62100845 3482415 0 214962 0 0 0
cpu0 605053 1686 126052 15815348 868692 0 52629 0 0 0
cpu1 887983 1111 567002 15082804 891848 0 56646 0 0 0
cpu2 1108740 2237 170911 15251495 900397 0 49752 0 0 0
cpu3 484534 1367 137726 15951197 821476 0 55934 0 0 0
intr 1558849331 0 0 380972 75 0 94265 12360739 0 0 0 1079735 0 0 0 0 0 0 0 0 0 0 0 0 0 0 0 0 0 0 0 0 0 0 0 0 0 0 0 0 0 0 0 0 0 0 0 0 0 0 0 0 1445390106 0 0 0 0 0 0 0 0 108399 0 3204768 0 0 0 0 0 0 0 0 0 0 0 75248331 1 0 0 0 0 0 0 0 0 0 0 0 0 0 0 0 0 0 0 0 0 0 0 99308 4206 0 0 0 0 3311889 0 0 0 0 0 0 0 0 0 0 0 0 0 0 0 0 0 0 0 0 0 0 0 0 0 0 0 0 0 0 0 0 0 0 0 0 0 0 0 0 0 0 0 0 0 0 0 0 0 0 0 0 0 0 0 0 0 0 0 0 0 0 0 0 0 0 0 0 0 0 0 0 0 0 0 17566538 0 0 0
ctxt 47974016
btime 1671453272
processes 70058
procs_running 2
procs_blocked 0
softirq 92915275 50875371 4656308 81584 4858408 3204716 0 16856694 6014883 0 6367311

cpu  3086331 6402 1001723 62100993 3482415 0 214962 0 0 0
cpu0 605053 1686 126052 15815397 868692 0 52629 0 0 0
cpu1 888003 1111 567033 15082804 891848 0 56646 0 0 0
cpu2 1108740 2237 170911 15251544 900397 0 49752 0 0 0
cpu3 484534 1367 137726 15951246 821476 0 55934 0 0 0
intr 1558853644 0 0 380972 75 0 94265 12360769 0 0 0 1079735 0 0 0 0 0 0 0 0 0 0 0 0 0 0 0 0 0 0 0 0 0 0 0 0 0 0 0 0 0 0 0 0 0 0 0 0 0 0 0 0 1445394102 0 0 0 0 0 0 0 0 108400 0 3204768 0 0 0 0 0 0 0 0 0 0 0 75248459 1 0 0 0 0 0 0 0 0 0 0 0 0 0 0 0 0 0 0 0 0 0 0 99308 4206 0 0 0 0 3311904 0 0 0 0 0 0 0 0 0 0 0 0 0 0 0 0 0 0 0 0 0 0 0 0 0 0 0 0 0 0 0 0 0 0 0 0 0 0 0 0 0 0 0 0 0 0 0 0 0 0 0 0 0 0 0 0 0 0 0 0 0 0 0 0 0 0 0 0 0 0 0 0 0 0 0 17566681 0 0 0
ctxt 47974079
btime 1671453272
processes 70058
procs_running 2
procs_blocked 0
softirq 92915326 50875371 4656318 81584 4858409 3204716 0 16856707 6014902 0 6367319

cpu  3086355 6402 1001750 62101141 3482415 0 214962 0 0 0
cpu0 605054 1686 126052 15815446 868692 0 52629 0 0 0
cpu1 888026 1111 567060 15082804 891848 0 56646 0 0 0
cpu2 1108740 2237 170911 15251593 900397 0 49752 0 0 0
cpu3 484534 1367 137726 15951296 821476 0 55934 0 0 0
intr 1558858068 0 0 380973 75 0 94265 12360824 0 0 0 1079735 0 0 0 0 0 0 0 0 0 0 0 0 0 0 0 0 0 0 0 0 0 0 0 0 0 0 0 0 0 0 0 0 0 0 0 0 0 0 0 0 1445398130 0 0 0 0 0 0 0 0 108401 0 3204768 0 0 0 0 0 0 0 0 0 0 0 75248611 1 0 0 0 0 0 0 0 0 0 0 0 0 0 0 0 0 0 0 0 0 0 0 99308 4206 0 0 0 0 3311940 0 0 0 0 0 0 0 0 0 0 0 0 0 0 0 0 0 0 0 0 0 0 0 0 0 0 0 0 0 0 0 0 0 0 0 0 0 0 0 0 0 0 0 0 0 0 0 0 0 0 0 0 0 0 0 0 0 0 0 0 0 0 0 0 0 0 0 0 0 0 0 0 0 0 0 17566832 0 0 0
ctxt 47974222
btime 1671453272
processes 70058
procs_running 2
procs_blocked 0
softirq 92915414 50875379 4656334 81584 4858412 3204716 0 16856739 6014922 0 6367328

cpu  3086380 6402 1001776 62101288 3482415 0 214962 0 0 0
cpu0 605054 1686 126052 15815495 868692 0 52629 0 0 0
cpu1 888050 1111 567085 15082804 891848 0 56646 0 0 0
cpu2 1108740 2237 170911 15251643 900397 0 49752 0 0 0
cpu3 484534 1367 137726 15951345 821476 0 55934 0 0 0
intr 1558862378 0 0 380973 75 0 94265 12360849 0 0 0 1079735 0 0 0 0 0 0 0 0 0 0 0 0 0 0 0 0 0 0 0 0 0 0 0 0 0 0 0 0 0 0 0 0 0 0 0 0 0 0 0 0 1445402126 0 0 0 0 0 0 0 0 108402 0 3204768 0 0 0 0 0 0 0 0 0 0 0 75248741 1 0 0 0 0 0 0 0 0 0 0 0 0 0 0 0 0 0 0 0 0 0 0 99308 4206 0 0 0 0 3311955 0 0 0 0 0 0 0 0 0 0 0 0 0 0 0 0 0 0 0 0 0 0 0 0 0 0 0 0 0 0 0 0 0 0 0 0 0 0 0 0 0 0 0 0 0 0 0 0 0 0 0 0 0 0 0 0 0 0 0 0 0 0 0 0 0 0 0 0 0 0 0 0 0 0 0 17566975 0 0 0
ctxt 47974281
btime 1671453272
processes 70058
procs_running 2
procs_blocked 0
softirq 92915466 50875379 4656345 81584 4858413 3204716 0 16856752 6014941 0 6367336

cpu  3086402 6402 1001804 62101436 3482415 0 214962 0 0 0
cpu0 605054 1686 126052 15815545 868692 0 52629 0 0 0
cpu1 888072 1111 567114 15082804 891848 0 56646 0 0 0
cpu2 1108740 2237 170911 15251692 900397 0 49752 0 0 0
cpu3 484534 1367 137726 15951395 821476 0 55934 0 0 0
intr 1558866753 0 0 380973 75 0 94265 12360881 0 0 0 1079735 0 0 0 0 0 0 0 0 0 0 0 0 0 0 0 0 0 0 0 0 0 0 0 0 0 0 0 0 0 0 0 0 0 0 0 0 0 0 0 0 1445406154 0 0 0 0 0 0 0 0 108403 0 3204768 0 0 0 0 0 0 0 0 0 0 0 75248893 1 0 0 0 0 0 0 0 0 0 0 0 0 0 0 0 0 0 0 0 0 0 0 99308 4206 0 0 0 0 3311970 0 0 0 0 0 0 0 0 0 0 0 0 0 0 0 0 0 0 0 0 0 0 0 0 0 0 0 0 0 0 0 0 0 0 0 0 0 0 0 0 0 0 0 0 0 0 0 0 0 0 0 0 0 0 0 0 0 0 0 0 0 0 0 0 0 0 0 0 0 0 0 0 0 0 0 17567122 0 0 0
ctxt 47974363
btime 1671453272
processes 70058
procs_running 2
procs_blocked 0
softirq 92915531 50875387 4656358 81584 4858414 3204716 0 16856767 6014961 0 6367344

cpu  3086428 6402 1001832 62101580 3482415 0 214962 0 0 0
cpu0 605055 1686 126052 15815593 868692 0 52629 0 0 0
cpu1 888097 1111 567139 15082804 891848 0 56646 0 0 0
cpu2 1108740 2237 170911 15251741 900397 0 49752 0 0 0
cpu3 484536 1367 137728 15951441 821476 0 55934 0 0 0
intr 1558871147 0 0 380973 75 0 94265 12360934 0 0 0 1079735 0 0 0 0 0 0 0 0 0 0 0 0 0 0 0 0 0 0 0 0 0 0 0 0 0 0 0 0 0 0 0 0 0 0 0 0 0 0 0 0 1445410150 0 0 0 0 0 0 0 0 108404 0 3204768 0 0 0 0 0 0 0 0 0 0 0 75249023 1 0 0 0 0 0 0 0 0 0 0 0 0 0 0 0 0 0 0 0 0 0 0 99308 4206 0 0 0 0 3312007 0 0 0 0 0 0 0 0 0 0 0 0 0 0 0 0 0 0 0 0 0 0 0 0 0 0 0 0 0 0 0 0 0 0 0 0 0 0 0 0 0 0 0 0 0 0 0 0 0 0 0 0 0 0 0 0 0 0 0 0 0 0 0 0 0 0 0 0 0 0 0 0 0 0 0 17567299 0 0 0
ctxt 47974505
btime 1671453272
processes 70058
procs_running 2
procs_blocked 0
softirq 92915648 50875387 4656380 81584 4858416 3204716 0 16856798 6014981 0 6367386

cpu  3086450 6402 1001860 62101728 3482415 0 214962 0 0 0
cpu0 605055 1686 126052 15815643 868692 0 52629 0 0 0
cpu1 888118 1111 567168 15082804 891848 0 56646 0 0 0
cpu2 1108740 2237 170911 15251790 900397 0 49752 0 0 0
cpu3 484536 1367 137728 15951490 821476 0 55934 0 0 0
intr 1558875545 0 0 380974 75 0 94265 12360977 0 0 0 1079736 0 0 0 0 0 0 0 0 0 0 0 0 0 0 0 0 0 0 0 0 0 0 0 0 0 0 0 0 0 0 0 0 0 0 0 0 0 0 0 0 1445414178 0 0 0 0 0 0 0 0 108405 0 3204768 0 0 0 0 0 0 0 0 0 0 0 75249175 1 0 0 0 0 0 0 0 0 0 0 0 0 0 0 0 0 0 0 0 0 0 0 99308 4206 0 0 0 0 3312031 0 0 0 0 0 0 0 0 0 0 0 0 0 0 0 0 0 0 0 0 0 0 0 0 0 0 0 0 0 0 0 0 0 0 0 0 0 0 0 0 0 0 0 0 0 0 0 0 0 0 0 0 0 0 0 0 0 0 0 0 0 0 0 0 0 0 0 0 0 0 0 0 0 0 0 17567447 0 0 0
ctxt 47974612
btime 1671453272
processes 70058
procs_running 2
procs_blocked 0
softirq 92915719 50875395 4656394 81584 4858418 3204716 0 16856818 6015000 0 6367394

cpu  3086475 6402 1001886 62101875 3482415 0 214962 0 0 0
cpu0 605056 1686 126052 15815692 868692 0 52629 0 0 0
cpu1 888142 1111 567193 15082804 891848 0 56646 0 0 0
cpu2 1108740 2237 170912 15251839 900397 0 49752 0 0 0
cpu3 484536 1367 137728 15951540 821476 0 55934 0 0 0
intr 1558879885 0 0 380974 75 0 94265 12361014 0 0 0 1079736 0 0 0 0 0 0 0 0 0 0 0 0 0 0 0 0 0 0 0 0 0 0 0 0 0 0 0 0 0 0 0 0 0 0 0 0 0 0 0 0 1445418174 0 0 0 0 0 0 0 0 108407 0 3204768 0 0 0 0 0 0 0 0 0 0 0 75249305 1 0 0 0 0 0 0 0 0 0 0 0 0 0 0 0 0 0 0 0 0 0 0 99308 4206 0 0 0 0 3312058 0 0 0 0 0 0 0 0 0 0 0 0 0 0 0 0 0 0 0 0 0 0 0 0 0 0 0 0 0 0 0 0 0 0 0 0 0 0 0 0 0 0 0 0 0 0 0 0 0 0 0 0 0 0 0 0 0 0 0 0 0 0 0 0 0 0 0 0 0 0 0 0 0 0 0 17567595 0 0 0
ctxt 47974702
btime 1671453272
processes 70058
procs_running 2
procs_blocked 0
softirq 92915788 50875395 4656409 81584 4858420 3204716 0 16856841 6015020 0 6367403

cpu  3086498 6402 1001914 62102023 3482415 0 214962 0 0 0
cpu0 605056 1686 126052 15815741 868692 0 52629 0 0 0
cpu1 888165 1111 567220 15082804 891848 0 56646 0 0 0
cpu2 1108740 2237 170912 15251888 900397 0 49752 0 0 0
cpu3 484536 1367 137728 15951589 821476 0 55934 0 0 0
intr 1558884261 0 0 380974 75 0 94265 12361050 0 0 0 1079736 0 0 0 0 0 0 0 0 0 0 0 0 0 0 0 0 0 0 0 0 0 0 0 0 0 0 0 0 0 0 0 0 0 0 0 0 0 0 0 0 1445422201 0 0 0 0 0 0 0 0 108408 0 3204768 0 0 0 0 0 0 0 0 0 0 0 75249457 1 0 0 0 0 0 0 0 0 0 0 0 0 0 0 0 0 0 0 0 0 0 0 99308 4206 0 0 0 0 3312073 0 0 0 0 0 0 0 0 0 0 0 0 0 0 0 0 0 0 0 0 0 0 0 0 0 0 0 0 0 0 0 0 0 0 0 0 0 0 0 0 0 0 0 0 0 0 0 0 0 0 0 0 0 0 0 0 0 0 0 0 0 0 0 0 0 0 0 0 0 0 0 0 0 0 0 17567739 0 0 0
ctxt 47974781
btime 1671453272
processes 70058
procs_running 2
procs_blocked 0
softirq 92915852 50875403 4656421 81584 4858421 3204716 0 16856855 6015041 0 6367411

cpu  3086518 6402 1001944 62102171 3482415 0 214962 0 0 0
cpu0 605056 1686 126052 15815790 868692 0 52629 0 0 0
cpu1 888185 1111 567250 15082804 891848 0 56646 0 0 0
cpu2 1108740 2237 170912 15251938 900397 0 49752 0 0 0
cpu3 484536 1367 137728 15951638 821476 0 55934 0 0 0
intr 1558888576 0 0 380974 75 0 94265 12361078 0 0 0 1079736 0 0 0 0 0 0 0 0 0 0 0 0 0 0 0 0 0 0 0 0 0 0 0 0 0 0 0 0 0 0 0 0 0 0 0 0 0 0 0 0 1445426198 0 0 0 0 0 0 0 0 108409 0 3204768 0 0 0 0 0 0 0 0 0 0 0 75249587 1 0 0 0 0 0 0 0 0 0 0 0 0 0 0 0 0 0 0 0 0 0 0 99308 4206 0 0 0 0 3312088 0 0 0 0 0 0 0 0 0 0 0 0 0 0 0 0 0 0 0 0 0 0 0 0 0 0 0 0 0 0 0 0 0 0 0 0 0 0 0 0 0 0 0 0 0 0 0 0 0 0 0 0 0 0 0 0 0 0 0 0 0 0 0 0 0 0 0 0 0 0 0 0 0 0 0 17567884 0 0 0
ctxt 47974847
btime 1671453272
processes 70058
procs_running 2
procs_blocked 0
softirq 92915907 50875403 4656434 81584 4858422 3204716 0 16856869 6015060 0 6367419

cpu  3086538 6402 1001975 62102319 3482415 0 214962 0 0 0
cpu0 605057 1686 126052 15815839 868692 0 52629 0 0 0
cpu1 888204 1111 567282 15082804 891848 0 56646 0 0 0
cpu2 1108740 2237 170912 15251987 900397 0 49752 0 0 0
cpu3 484536 1367 137728 15951688 821476 0 55934 0 0 0
intr 1558892953 0 0 380975 75 0 94265 12361112 0 0 0 1079736 0 0 0 0 0 0 0 0 0 0 0 0 0 0 0 0 0 0 0 0 0 0 0 0 0 0 0 0 0 0 0 0 0 0 0 0 0 0 0 0 1445430225 0 0 0 0 0 0 0 0 108410 0 3204768 0 0 0 0 0 0 0 0 0 0 0 75249739 1 0 0 0 0 0 0 0 0 0 0 0 0 0 0 0 0 0 0 0 0 0 0 99308 4206 0 0 0 0 3312103 0 0 0 0 0 0 0 0 0 0 0 0 0 0 0 0 0 0 0 0 0 0 0 0 0 0 0 0 0 0 0 0 0 0 0 0 0 0 0 0 0 0 0 0 0 0 0 0 0 0 0 0 0 0 0 0 0 0 0 0 0 0 0 0 0 0 0 0 0 0 0 0 0 0 0 17568030 0 0 0
ctxt 47974930
btime 1671453272
processes 70058
procs_running 2
procs_blocked 0
softirq 92915970 50875411 4656448 81585 4858423 3204716 0 16856882 6015078 0 6367427

cpu  3086562 6402 1002012 62102454 3482415 0 214962 0 0 0
cpu0 605058 1686 126054 15815885 868692 0 52629 0 0 0
cpu1 888225 1111 567311 15082804 891848 0 56646 0 0 0
cpu2 1108741 2237 170912 15252033 900397 0 49752 0 0 0
cpu3 484537 1367 137734 15951731 821476 0 55934 0 0 0
intr 1558897516 0 0 380975 75 0 94278 12361215 0 0 0 1079736 0 0 0 0 0 0 0 0 0 0 0 0 0 0 0 0 0 0 0 0 0 0 0 0 0 0 0 0 0 0 0 0 0 0 0 0 0 0 0 0 1445434221 0 0 0 0 0 0 0 0 108412 0 3204768 0 0 0 0 0 0 0 0 0 0 0 75249869 1 0 0 0 0 0 0 0 0 0 0 0 0 0 0 0 0 0 0 0 0 0 0 99308 4206 0 0 0 0 3312165 0 0 0 0 0 0 0 0 0 0 0 0 0 0 0 0 0 0 0 0 0 0 0 0 0 0 0 0 0 0 0 0 0 0 0 0 0 0 0 0 0 0 0 0 0 0 0 0 0 0 0 0 0 0 0 0 0 0 0 0 0 0 0 0 0 0 0 0 0 0 0 0 0 0 0 17568287 0 0 0
ctxt 47975244
btime 1671453272
processes 70069
procs_running 2
procs_blocked 0
softirq 92916202 50875411 4656483 81585 4858428 3204716 0 16856935 6015096 0 6367548

cpu  3086585 6402 1002040 62102602 3482415 0 214962 0 0 0
cpu0 605058 1686 126054 15815935 868692 0 52629 0 0 0
cpu1 888248 1111 567338 15082804 891848 0 56646 0 0 0
cpu2 1108741 2237 170912 15252082 900397 0 49752 0 0 0
cpu3 484537 1367 137734 15951780 821476 0 55934 0 0 0
intr 1558901907 0 0 380975 75 0 94278 12361256 0 0 0 1079736 0 0 0 0 0 0 0 0 0 0 0 0 0 0 0 0 0 0 0 0 0 0 0 0 0 0 0 0 0 0 0 0 0 0 0 0 0 0 0 0 1445438248 0 0 0 0 0 0 0 0 108413 0 3204768 0 0 0 0 0 0 0 0 0 0 0 75250021 1 0 0 0 0 0 0 0 0 0 0 0 0 0 0 0 0 0 0 0 0 0 0 99308 4206 0 0 0 0 3312182 0 0 0 0 0 0 0 0 0 0 0 0 0 0 0 0 0 0 0 0 0 0 0 0 0 0 0 0 0 0 0 0 0 0 0 0 0 0 0 0 0 0 0 0 0 0 0 0 0 0 0 0 0 0 0 0 0 0 0 0 0 0 0 0 0 0 0 0 0 0 0 0 0 0 0 17568440 0 0 0
ctxt 47975338
btime 1671453272
processes 70069
procs_running 2
procs_blocked 0
softirq 92916272 50875419 4656497 81585 4858429 3204716 0 16856949 6015114 0 6367563

cpu  3086614 6402 1002062 62102751 3482415 0 214962 0 0 0
cpu0 605058 1686 126055 15815984 868692 0 52629 0 0 0
cpu1 888276 1111 567360 15082804 891848 0 56646 0 0 0
cpu2 1108741 2237 170913 15252132 900397 0 49752 0 0 0
cpu3 484537 1367 137734 15951830 821476 0 55934 0 0 0
intr 1558906249 0 0 380975 75 0 94278 12361294 0 0 0 1079736 0 0 0 0 0 0 0 0 0 0 0 0 0 0 0 0 0 0 0 0 0 0 0 0 0 0 0 0 0 0 0 0 0 0 0 0 0 0 0 0 1445442249 0 0 0 0 0 0 0 0 108414 0 3204768 0 0 0 0 0 0 0 0 0 0 0 75250151 1 0 0 0 0 0 0 0 0 0 0 0 0 0 0 0 0 0 0 0 0 0 0 99308 4206 0 0 0 0 3312204 0 0 0 0 0 0 0 0 0 0 0 0 0 0 0 0 0 0 0 0 0 0 0 0 0 0 0 0 0 0 0 0 0 0 0 0 0 0 0 0 0 0 0 0 0 0 0 0 0 0 0 0 0 0 0 0 0 0 0 0 0 0 0 0 0 0 0 0 0 0 0 0 0 0 0 17568590 0 0 0
ctxt 47975425
btime 1671453272
processes 70069
procs_running 2
procs_blocked 0
softirq 92916336 50875419 4656512 81585 4858431 3204716 0 16856969 6015133 0 6367571

cpu  3086638 6402 1002089 62102900 3482415 0 214962 0 0 0
cpu0 605058 1686 126055 15816034 868692 0 52629 0 0 0
cpu1 888300 1111 567386 15082804 891848 0 56646 0 0 0
cpu2 1108741 2237 170913 15252181 900397 0 49752 0 0 0
cpu3 484537 1367 137734 15951880 821476 0 55934 0 0 0
intr 1558910656 0 0 380980 75 0 94278 12361342 0 0 0 1079736 0 0 0 0 0 0 0 0 0 0 0 0 0 0 0 0 0 0 0 0 0 0 0 0 0 0 0 0 0 0 0 0 0 0 0 0 0 0 0 0 1445446274 0 0 0 0 0 0 0 0 108415 0 3204768 0 0 0 0 0 0 0 0 0 0 0 75250303 1 0 0 0 0 0 0 0 0 0 0 0 0 0 0 0 0 0 0 0 0 0 0 99308 4206 0 0 0 0 3312228 0 0 0 0 0 0 0 0 0 0 0 0 0 0 0 0 0 0 0 0 0 0 0 0 0 0 0 0 0 0 0 0 0 0 0 0 0 0 0 0 0 0 0 0 0 0 0 0 0 0 0 0 0 0 0 0 0 0 0 0 0 0 0 0 0 0 0 0 0 0 0 0 0 0 0 17568742 0 0 0
ctxt 47975542
btime 1671453272
processes 70069
procs_running 2
procs_blocked 0
softirq 92916407 50875427 4656526 81585 4858433 3204716 0 16856989 6015152 0 6367579

cpu  3086661 6402 1002116 62103048 3482415 0 214962 0 0 0
cpu0 605059 1686 126056 15816083 868692 0 52629 0 0 0
cpu1 888323 1111 567412 15082804 891848 0 56646 0 0 0
cpu2 1108741 2237 170913 15252231 900397 0 49752 0 0 0
cpu3 484537 1367 137734 15951929 821476 0 55934 0 0 0
intr 1558914991 0 0 380980 75 0 94278 12361382 0 0 0 1079736 0 0 0 0 0 0 0 0 0 0 0 0 0 0 0 0 0 0 0 0 0 0 0 0 0 0 0 0 0 0 0 0 0 0 0 0 0 0 0 0 1445450267 0 0 0 0 0 0 0 0 108416 0 3204768 0 0 0 0 0 0 0 0 0 0 0 75250433 1 0 0 0 0 0 0 0 0 0 0 0 0 0 0 0 0 0 0 0 0 0 0 99308 4206 0 0 0 0 3312250 0 0 0 0 0 0 0 0 0 0 0 0 0 0 0 0 0 0 0 0 0 0 0 0 0 0 0 0 0 0 0 0 0 0 0 0 0 0 0 0 0 0 0 0 0 0 0 0 0 0 0 0 0 0 0 0 0 0 0 0 0 0 0 0 0 0 0 0 0 0 0 0 0 0 0 17568892 0 0 0
ctxt 47975631
btime 1671453272
processes 70069
procs_running 2
procs_blocked 0
softirq 92916472 50875427 4656540 81585 4858435 3204716 0 16857009 6015173 0 6367587

cpu  3086679 6402 1002148 62103196 3482415 0 214962 0 0 0
cpu0 605059 1686 126056 15816132 868692 0 52629 0 0 0
cpu1 888341 1111 567445 15082804 891848 0 56646 0 0 0
cpu2 1108741 2237 170913 15252280 900397 0 49752 0 0 0
cpu3 484537 1367 137734 15951979 821476 0 55934 0 0 0
intr 1558919391 0 0 380980 75 0 94278 12361429 0 0 0 1079737 0 0 0 0 0 0 0 0 0 0 0 0 0 0 0 0 0 0 0 0 0 0 0 0 0 0 0 0 0 0 0 0 0 0 0 0 0 0 0 0 1445454292 0 0 0 0 0 0 0 0 108418 0 3204768 0 0 0 0 0 0 0 0 0 0 0 75250585 1 0 0 0 0 0 0 0 0 0 0 0 0 0 0 0 0 0 0 0 0 0 0 99308 4206 0 0 0 0 3312277 0 0 0 0 0 0 0 0 0 0 0 0 0 0 0 0 0 0 0 0 0 0 0 0 0 0 0 0 0 0 0 0 0 0 0 0 0 0 0 0 0 0 0 0 0 0 0 0 0 0 0 0 0 0 0 0 0 0 0 0 0 0 0 0 0 0 0 0 0 0 0 0 0 0 0 17569037 0 0 0
ctxt 47975735
btime 1671453272
processes 70069
procs_running 2
procs_blocked 0
softirq 92916547 50875435 4656554 81585 4858437 3204716 0 16857031 6015194 0 6367595

cpu  3086697 6402 1002186 62103340 3482415 0 214962 0 0 0
cpu0 605060 1686 126056 15816181 868692 0 52629 0 0 0
cpu1 888357 1111 567479 15082804 891848 0 56646 0 0 0
cpu2 1108741 2237 170914 15252329 900397 0 49752 0 0 0
cpu3 484538 1367 137736 15952025 821476 0 55934 0 0 0
intr 1558923813 0 0 380980 75 0 94278 12361490 0 0 0 1079737 0 0 0 0 0 0 0 0 0 0 0 0 0 0 0 0 0 0 0 0 0 0 0 0 0 0 0 0 0 0 0 0 0 0 0 0 0 0 0 0 1445458296 0 0 0 0 0 0 0 0 108420 0 3204768 0 0 0 0 0 0 0 0 0 0 0 75250715 1 0 0 0 0 0 0 0 0 0 0 0 0 0 0 0 0 0 0 0 0 0 0 99308 4206 0 0 0 0 3312324 0 0 0 0 0 0 0 0 0 0 0 0 0 0 0 0 0 0 0 0 0 0 0 0 0 0 0 0 0 0 0 0 0 0 0 0 0 0 0 0 0 0 0 0 0 0 0 0 0 0 0 0 0 0 0 0 0 0 0 0 0 0 0 0 0 0 0 0 0 0 0 0 0 0 0 17569215 0 0 0
ctxt 47975907
btime 1671453272
processes 70069
procs_running 2
procs_blocked 0
softirq 92916685 50875435 4656578 81585 4858440 3204716 0 16857072 6015211 0 6367648

cpu  3086718 6402 1002215 62103485 3482415 0 214964 0 0 0
cpu0 605060 1686 126056 15816230 868692 0 52630 0 0 0
cpu1 888378 1111 567508 15082804 891848 0 56646 0 0 0
cpu2 1108741 2237 170914 15252377 900397 0 49752 0 0 0
cpu3 484538 1367 137736 15952073 821476 0 55934 0 0 0
intr 1558928670 0 0 380981 75 0 94278 12361525 0 0 0 1079737 0 0 0 0 0 0 0 0 0 0 0 0 0 0 0 0 0 0 0 0 0 0 0 0 0 0 0 0 0 0 0 0 0 0 0 0 0 0 0 0 1445462558 0 0 0 0 0 0 0 0 108421 0 3204768 0 0 0 0 0 0 0 0 0 0 0 75251111 1 0 0 0 0 0 0 0 0 0 0 0 0 0 0 0 0 0 0 0 0 0 0 99308 4206 0 0 0 0 3312339 0 0 0 0 0 0 0 0 0 0 0 0 0 0 0 0 0 0 0 0 0 0 0 0 0 0 0 0 0 0 0 0 0 0 0 0 0 0 0 0 0 0 0 0 0 0 0 0 0 0 0 0 0 0 0 0 0 0 0 0 0 0 0 0 0 0 0 0 0 0 0 0 0 0 0 17569363 0 0 0
ctxt 47976017
btime 1671453272
processes 70069
procs_running 2
procs_blocked 0
softirq 92917074 50875740 4656590 81587 4858449 3204716 0 16857106 6015230 0 6367656

cpu  3086740 6402 1002241 62103627 3482415 0 214967 0 0 0
cpu0 605060 1686 126056 15816276 868692 0 52630 0 0 0
cpu1 888399 1111 567534 15082804 891848 0 56649 0 0 0
cpu2 1108741 2237 170914 15252424 900397 0 49752 0 0 0
cpu3 484538 1367 137736 15952121 821476 0 55935 0 0 0
intr 1558934768 0 0 380981 75 0 94278 12361551 0 0 0 1079737 0 0 0 0 0 0 0 0 0 0 0 0 0 0 0 0 0 0 0 0 0 0 0 0 0 0 0 0 0 0 0 0 0 0 0 0 0 0 0 0 1445467457 0 0 0 0 0 0 0 0 108422 0 3204768 0 0 0 0 0 0 0 0 0 0 0 75252118 1 0 0 0 0 0 0 0 0 0 0 0 0 0 0 0 0 0 0 0 0 0 0 99308 4206 0 0 0 0 3312354 0 0 0 0 0 0 0 0 0 0 0 0 0 0 0 0 0 0 0 0 0 0 0 0 0 0 0 0 0 0 0 0 0 0 0 0 0 0 0 0 0 0 0 0 0 0 0 0 0 0 0 0 0 0 0 0 0 0 0 0 0 0 0 0 0 0 0 0 0 0 0 0 0 0 0 17569512 0 0 0
ctxt 47976164
btime 1671453272
processes 70069
procs_running 2
procs_blocked 0
softirq 92918403 50876877 4656602 81588 4858477 3204716 0 16857229 6015249 0 6367665

cpu  3086758 6402 1002271 62103768 3482415 0 214969 0 0 0
cpu0 605061 1686 126056 15816323 868692 0 52630 0 0 0
cpu1 888417 1111 567564 15082804 891848 0 56651 0 0 0
cpu2 1108741 2237 170914 15252472 900397 0 49752 0 0 0
cpu3 484538 1367 137736 15952169 821476 0 55935 0 0 0
intr 1558940896 0 0 380981 75 0 94278 12361586 0 0 0 1079737 0 0 0 0 0 0 0 0 0 0 0 0 0 0 0 0 0 0 0 0 0 0 0 0 0 0 0 0 0 0 0 0 0 0 0 0 0 0 0 0 1445472356 0 0 0 0 0 0 0 0 108423 0 3204768 0 0 0 0 0 0 0 0 0 0 0 75253146 1 0 0 0 0 0 0 0 0 0 0 0 0 0 0 0 0 0 0 0 0 0 0 99308 4206 0 0 0 0 3312369 0 0 0 0 0 0 0 0 0 0 0 0 0 0 0 0 0 0 0 0 0 0 0 0 0 0 0 0 0 0 0 0 0 0 0 0 0 0 0 0 0 0 0 0 0 0 0 0 0 0 0 0 0 0 0 0 0 0 0 0 0 0 0 0 0 0 0 0 0 0 0 0 0 0 0 17569663 0 0 0
ctxt 47976356
btime 1671453272
processes 70069
procs_running 2
procs_blocked 0
softirq 92919850 50878118 4656620 81591 4858503 3204716 0 16857359 6015270 0 6367673

cpu  3086783 6402 1002295 62103910 3482415 0 214972 0 0 0
cpu0 605061 1686 126056 15816369 868692 0 52631 0 0 0
cpu1 888441 1111 567588 15082804 891848 0 56653 0 0 0
cpu2 1108741 2237 170914 15252520 900397 0 49752 0 0 0
cpu3 484538 1367 137736 15952216 821476 0 55935 0 0 0
intr 1558946816 0 0 380981 75 0 94278 12361615 0 0 0 1079737 0 0 0 0 0 0 0 0 0 0 0 0 0 0 0 0 0 0 0 0 0 0 0 0 0 0 0 0 0 0 0 0 0 0 0 0 0 0 0 0 1445477160 0 0 0 0 0 0 0 0 108424 0 3204768 0 0 0 0 0 0 0 0 0 0 0 75254071 1 0 0 0 0 0 0 0 0 0 0 0 0 0 0 0 0 0 0 0 0 0 0 99308 4206 0 0 0 0 3312384 0 0 0 0 0 0 0 0 0 0 0 0 0 0 0 0 0 0 0 0 0 0 0 0 0 0 0 0 0 0 0 0 0 0 0 0 0 0 0 0 0 0 0 0 0 0 0 0 0 0 0 0 0 0 0 0 0 0 0 0 0 0 0 0 0 0 0 0 0 0 0 0 0 0 0 17569809 0 0 0
ctxt 47976499
btime 1671453272
processes 70069
procs_running 2
procs_blocked 0
softirq 92921099 50879120 4656632 81593 4858526 3204716 0 16857542 6015289 0 6367681

cpu  3086798 6402 1002328 62104052 3482415 0 214975 0 0 0
cpu0 605061 1686 126056 15816416 868692 0 52632 0 0 0
cpu1 888457 1111 567621 15082804 891848 0 56654 0 0 0
cpu2 1108741 2237 170914 15252567 900397 0 49753 0 0 0
cpu3 484538 1367 137736 15952264 821476 0 55936 0 0 0
intr 1558952917 0 0 380982 75 0 94278 12361650 0 0 0 1079737 0 0 0 0 0 0 0 0 0 0 0 0 0 0 0 0 0 0 0 0 0 0 0 0 0 0 0 0 0 0 0 0 0 0 0 0 0 0 0 0 1445482055 0 0 0 0 0 0 0 0 108425 0 3204768 0 0 0 0 0 0 0 0 0 0 0 75255073 1 0 0 0 0 0 0 0 0 0 0 0 0 0 0 0 0 0 0 0 0 0 0 99308 4206 0 0 0 0 3312399 0 0 0 0 0 0 0 0 0 0 0 0 0 0 0 0 0 0 0 0 0 0 0 0 0 0 0 0 0 0 0 0 0 0 0 0 0 0 0 0 0 0 0 0 0 0 0 0 0 0 0 0 0 0 0 0 0 0 0 0 0 0 0 0 0 0 0 0 0 0 0 0 0 0 0 17569961 0 0 0
ctxt 47976664
btime 1671453272
processes 70069
procs_running 2
procs_blocked 0
softirq 92922555 50880338 4656650 81598 4858555 3204716 0 16857696 6015311 0 6367691

cpu  3086819 6402 1002360 62104189 3482415 0 214978 0 0 0
cpu0 605062 1686 126056 15816463 868692 0 52632 0 0 0
cpu1 888476 1111 567650 15082804 891848 0 56656 0 0 0
cpu2 1108741 2237 170914 15252613 900397 0 49754 0 0 0
cpu3 484539 1367 137739 15952307 821476 0 55936 0 0 0
intr 1558959111 0 0 380982 75 0 94279 12361723 0 0 0 1079737 0 0 0 0 0 0 0 0 0 0 0 0 0 0 0 0 0 0 0 0 0 0 0 0 0 0 0 0 0 0 0 0 0 0 0 0 0 0 0 0 1445486932 0 0 0 0 0 0 0 0 108427 0 3204775 0 0 0 0 0 0 0 0 0 0 0 75256079 1 0 0 0 0 0 0 0 0 0 0 0 0 0 0 0 0 0 0 0 0 0 0 99315 4206 0 0 0 0 3312444 0 0 0 0 0 0 0 0 0 0 0 0 0 0 0 0 0 0 0 0 0 0 0 0 0 0 0 0 0 0 0 0 0 0 0 0 0 0 0 0 0 0 0 0 0 0 0 0 0 0 0 0 0 0 0 0 0 0 0 0 0 0 0 0 0 0 0 0 0 0 0 0 0 0 0 17570137 0 0 0
ctxt 47976996
btime 1671453272
processes 70070
procs_running 2
procs_blocked 0
softirq 92924175 50881654 4656674 81602 4858582 3204723 0 16857880 6015329 0 6367731

cpu  3086843 6402 1002386 62104330 3482415 0 214980 0 0 0
cpu0 605062 1686 126056 15816510 868692 0 52632 0 0 0
cpu1 888499 1111 567676 15082804 891848 0 56656 0 0 0
cpu2 1108742 2237 170914 15252660 900397 0 49754 0 0 0
cpu3 484539 1367 137739 15952355 821476 0 55937 0 0 0
intr 1558965180 0 0 380982 75 0 94279 12361756 0 0 0 1079737 0 0 0 0 0 0 0 0 0 0 0 0 0 0 0 0 0 0 0 0 0 0 0 0 0 0 0 0 0 0 0 0 0 0 0 0 0 0 0 0 1445491816 0 0 0 0 0 0 0 0 108428 0 3204775 0 0 0 0 0 0 0 0 0 0 0 75257073 1 0 0 0 0 0 0 0 0 0 0 0 0 0 0 0 0 0 0 0 0 0 0 99315 4206 0 0 0 0 3312459 0 0 0 0 0 0 0 0 0 0 0 0 0 0 0 0 0 0 0 0 0 0 0 0 0 0 0 0 0 0 0 0 0 0 0 0 0 0 0 0 0 0 0 0 0 0 0 0 0 0 0 0 0 0 0 0 0 0 0 0 0 0 0 0 0 0 0 0 0 0 0 0 0 0 0 17570283 0 0 0
ctxt 47977177
btime 1671453272
processes 70070
procs_running 2
procs_blocked 0
softirq 92925564 50882871 4656688 81605 4858607 3204723 0 16857986 6015345 0 6367739

cpu  3086864 6402 1002414 62104472 3482415 0 214983 0 0 0
cpu0 605062 1686 126056 15816558 868692 0 52632 0 0 0
cpu1 888520 1111 567704 15082804 891848 0 56658 0 0 0
cpu2 1108742 2237 170914 15252707 900397 0 49755 0 0 0
cpu3 484539 1367 137739 15952402 821476 0 55938 0 0 0
intr 1558971168 0 0 380982 75 0 94279 12361785 0 0 0 1079737 0 0 0 0 0 0 0 0 0 0 0 0 0 0 0 0 0 0 0 0 0 0 0 0 0 0 0 0 0 0 0 0 0 0 0 0 0 0 0 0 1445496649 0 0 0 0 0 0 0 0 108429 0 3204775 0 0 0 0 0 0 0 0 0 0 0 75258030 1 0 0 0 0 0 0 0 0 0 0 0 0 0 0 0 0 0 0 0 0 0 0 99315 4206 0 0 0 0 3312474 0 0 0 0 0 0 0 0 0 0 0 0 0 0 0 0 0 0 0 0 0 0 0 0 0 0 0 0 0 0 0 0 0 0 0 0 0 0 0 0 0 0 0 0 0 0 0 0 0 0 0 0 0 0 0 0 0 0 0 0 0 0 0 0 0 0 0 0 0 0 0 0 0 0 0 17570431 0 0 0
ctxt 47977317
btime 1671453272
processes 70070
procs_running 2
procs_blocked 0
softirq 92927003 50884137 4656704 81610 4858633 3204723 0 16858085 6015364 0 6367747

cpu  3086887 6402 1002440 62104613 3482415 0 214985 0 0 0
cpu0 605062 1686 126056 15816605 868692 0 52632 0 0 0
cpu1 888543 1111 567730 15082804 891848 0 56659 0 0 0
cpu2 1108742 2237 170914 15252753 900397 0 49755 0 0 0
cpu3 484539 1367 137739 15952450 821476 0 55938 0 0 0
intr 1558977276 0 0 380983 75 0 94279 12361818 0 0 0 1079738 0 0 0 0 0 0 0 0 0 0 0 0 0 0 0 0 0 0 0 0 0 0 0 0 0 0 0 0 0 0 0 0 0 0 0 0 0 0 0 0 1445501543 0 0 0 0 0 0 0 0 108430 0 3204775 0 0 0 0 0 0 0 0 0 0 0 75259046 1 0 0 0 0 0 0 0 0 0 0 0 0 0 0 0 0 0 0 0 0 0 0 99315 4206 0 0 0 0 3312489 0 0 0 0 0 0 0 0 0 0 0 0 0 0 0 0 0 0 0 0 0 0 0 0 0 0 0 0 0 0 0 0 0 0 0 0 0 0 0 0 0 0 0 0 0 0 0 0 0 0 0 0 0 0 0 0 0 0 0 0 0 0 0 0 0 0 0 0 0 0 0 0 0 0 0 17570579 0 0 0
ctxt 47977492
btime 1671453272
processes 70070
procs_running 2
procs_blocked 0
softirq 92928448 50885336 4656718 81612 4858658 3204723 0 16858263 6015383 0 6367755

cpu  3086906 6402 1002468 62104755 3482415 0 214989 0 0 0
cpu0 605062 1686 126056 15816653 868692 0 52632 0 0 0
cpu1 888562 1111 567759 15082804 891848 0 56662 0 0 0
cpu2 1108742 2237 170914 15252799 900397 0 49756 0 0 0
cpu3 484539 1367 137739 15952497 821476 0 55939 0 0 0
intr 1558983354 0 0 380983 75 0 94279 12361861 0 0 0 1079738 0 0 0 0 0 0 0 0 0 0 0 0 0 0 0 0 0 0 0 0 0 0 0 0 0 0 0 0 0 0 0 0 0 0 0 0 0 0 0 0 1445506409 0 0 0 0 0 0 0 0 108431 0 3204775 0 0 0 0 0 0 0 0 0 0 0 75260026 1 0 0 0 0 0 0 0 0 0 0 0 0 0 0 0 0 0 0 0 0 0 0 99315 4206 0 0 0 0 3312521 0 0 0 0 0 0 0 0 0 0 0 0 0 0 0 0 0 0 0 0 0 0 0 0 0 0 0 0 0 0 0 0 0 0 0 0 0 0 0 0 0 0 0 0 0 0 0 0 0 0 0 0 0 0 0 0 0 0 0 0 0 0 0 0 0 0 0 0 0 0 0 0 0 0 0 17570737 0 0 0
ctxt 47977691
btime 1671453272
processes 70070
procs_running 3
procs_blocked 0
softirq 92929933 50886626 4656736 81615 4858684 3204723 0 16858384 6015402 0 6367763

cpu  3086925 6402 1002498 62104896 3482415 0 214991 0 0 0
cpu0 605062 1686 126056 15816701 868692 0 52632 0 0 0
cpu1 888581 1111 567788 15082804 891848 0 56663 0 0 0
cpu2 1108742 2237 170914 15252846 900397 0 49756 0 0 0
cpu3 484539 1367 137739 15952545 821476 0 55939 0 0 0
intr 1558989340 0 0 380983 75 0 94279 12361893 0 0 0 1079738 0 0 0 0 0 0 0 0 0 0 0 0 0 0 0 0 0 0 0 0 0 0 0 0 0 0 0 0 0 0 0 0 0 0 0 0 0 0 0 0 1445511237 0 0 0 0 0 0 0 0 108432 0 3204775 0 0 0 0 0 0 0 0 0 0 0 75260991 1 0 0 0 0 0 0 0 0 0 0 0 0 0 0 0 0 0 0 0 0 0 0 99315 4206 0 0 0 0 3312536 0 0 0 0 0 0 0 0 0 0 0 0 0 0 0 0 0 0 0 0 0 0 0 0 0 0 0 0 0 0 0 0 0 0 0 0 0 0 0 0 0 0 0 0 0 0 0 0 0 0 0 0 0 0 0 0 0 0 0 0 0 0 0 0 0 0 0 0 0 0 0 0 0 0 0 17570880 0 0 0
ctxt 47977845
btime 1671453272
processes 70070
procs_running 2
procs_blocked 0
softirq 92931231 50887727 4656748 81617 4858711 3204723 0 16858513 6015420 0 6367772

cpu  3086946 6402 1002530 62105035 3482415 0 214994 0 0 0
cpu0 605062 1686 126056 15816748 868692 0 52632 0 0 0
cpu1 888601 1111 567816 15082804 891848 0 56665 0 0 0
cpu2 1108743 2237 170915 15252893 900397 0 49756 0 0 0
cpu3 484540 1367 137742 15952588 821476 0 55940 0 0 0
intr 1558995472 0 0 380983 75 0 94279 12361955 0 0 0 1079738 0 0 0 0 0 0 0 0 0 0 0 0 0 0 0 0 0 0 0 0 0 0 0 0 0 0 0 0 0 0 0 0 0 0 0 0 0 0 0 0 1445516104 0 0 0 0 0 0 0 0 108434 0 3204775 0 0 0 0 0 0 0 0 0 0 0 75261972 1 0 0 0 0 0 0 0 0 0 0 0 0 0 0 0 0 0 0 0 0 0 0 99315 4206 0 0 0 0 3312579 0 0 0 0 0 0 0 0 0 0 0 0 0 0 0 0 0 0 0 0 0 0 0 0 0 0 0 0 0 0 0 0 0 0 0 0 0 0 0 0 0 0 0 0 0 0 0 0 0 0 0 0 0 0 0 0 0 0 0 0 0 0 0 0 0 0 0 0 0 0 0 0 0 0 0 17571057 0 0 0
ctxt 47978073
btime 1671453272
processes 70070
procs_running 2
procs_blocked 0
softirq 92932558 50888738 4656774 81623 4858746 3204723 0 16858686 6015439 0 6367829

cpu  3086972 6402 1002553 62105176 3482415 0 214997 0 0 0
cpu0 605062 1686 126056 15816796 868692 0 52632 0 0 0
cpu1 888626 1111 567839 15082804 891848 0 56667 0 0 0
cpu2 1108743 2237 170915 15252940 900397 0 49756 0 0 0
cpu3 484540 1367 137742 15952635 821476 0 55940 0 0 0
intr 1559001605 0 0 380984 75 0 94279 12361996 0 0 0 1079738 0 0 0 0 0 0 0 0 0 0 0 0 0 0 0 0 0 0 0 0 0 0 0 0 0 0 0 0 0 0 0 0 0 0 0 0 0 0 0 0 1445520993 0 0 0 0 0 0 0 0 108435 0 3204775 0 0 0 0 0 0 0 0 0 0 0 75262992 1 0 0 0 0 0 0 0 0 0 0 0 0 0 0 0 0 0 0 0 0 0 0 99315 4206 0 0 0 0 3312604 0 0 0 0 0 0 0 0 0 0 0 0 0 0 0 0 0 0 0 0 0 0 0 0 0 0 0 0 0 0 0 0 0 0 0 0 0 0 0 0 0 0 0 0 0 0 0 0 0 0 0 0 0 0 0 0 0 0 0 0 0 0 0 0 0 0 0 0 0 0 0 0 0 0 0 17571212 0 0 0
ctxt 47978263
btime 1671453272
processes 70070
procs_running 3
procs_blocked 0
softirq 92933952 50889918 4656792 81626 4858772 3204723 0 16858823 6015458 0 6367840

cpu  3086992 6402 1002582 62105317 3482415 0 215000 0 0 0
cpu0 605062 1686 126056 15816843 868692 0 52633 0 0 0
cpu1 888645 1111 567868 15082804 891848 0 56668 0 0 0
cpu2 1108744 2237 170915 15252987 900397 0 49757 0 0 0
cpu3 484540 1367 137742 15952683 821476 0 55941 0 0 0
intr 1559007526 0 0 380984 75 0 94279 12362028 0 0 0 1079738 0 0 0 0 0 0 0 0 0 0 0 0 0 0 0 0 0 0 0 0 0 0 0 0 0 0 0 0 0 0 0 0 0 0 0 0 0 0 0 0 1445525794 0 0 0 0 0 0 0 0 108436 0 3204775 0 0 0 0 0 0 0 0 0 0 0 75263918 1 0 0 0 0 0 0 0 0 0 0 0 0 0 0 0 0 0 0 0 0 0 0 99315 4206 0 0 0 0 3312619 0 0 0 0 0 0 0 0 0 0 0 0 0 0 0 0 0 0 0 0 0 0 0 0 0 0 0 0 0 0 0 0 0 0 0 0 0 0 0 0 0 0 0 0 0 0 0 0 0 0 0 0 0 0 0 0 0 0 0 0 0 0 0 0 0 0 0 0 0 0 0 0 0 0 0 17571359 0 0 0
ctxt 47978404
btime 1671453272
processes 70070
procs_running 2
procs_blocked 0
softirq 92935270 50890985 4656805 81629 4858799 3204723 0 16859003 6015477 0 6367849

cpu  3087015 6402 1002608 62105459 3482415 0 215003 0 0 0
cpu0 605062 1686 126056 15816890 868692 0 52634 0 0 0
cpu1 888668 1111 567894 15082804 891848 0 56669 0 0 0
cpu2 1108744 2237 170915 15253034 900397 0 49757 0 0 0
cpu3 484540 1367 137742 15952730 821476 0 55942 0 0 0
intr 1559013649 0 0 380984 75 0 94279 12362069 0 0 0 1079738 0 0 0 0 0 0 0 0 0 0 0 0 0 0 0 0 0 0 0 0 0 0 0 0 0 0 0 0 0 0 0 0 0 0 0 0 0 0 0 0 1445530692 0 0 0 0 0 0 0 0 108437 0 3204775 0 0 0 0 0 0 0 0 0 0 0 75264933 1 0 0 0 0 0 0 0 0 0 0 0 0 0 0 0 0 0 0 0 0 0 0 99315 4206 0 0 0 0 3312634 0 0 0 0 0 0 0 0 0 0 0 0 0 0 0 0 0 0 0 0 0 0 0 0 0 0 0 0 0 0 0 0 0 0 0 0 0 0 0 0 0 0 0 0 0 0 0 0 0 0 0 0 0 0 0 0 0 0 0 0 0 0 0 0 0 0 0 0 0 0 0 0 0 0 0 17571511 0 0 0
ctxt 47978569
btime 1671453272
processes 70070
procs_running 2
procs_blocked 0
softirq 92936644 50892160 4656825 81634 4858825 3204723 0 16859121 6015499 0 6367857

cpu  3087040 6402 1002633 62105600 3482415 0 215005 0 0 0
cpu0 605062 1686 126056 15816936 868692 0 52634 0 0 0
cpu1 888692 1111 567919 15082804 891848 0 56670 0 0 0
cpu2 1108744 2237 170915 15253082 900397 0 49757 0 0 0
cpu3 484540 1367 137742 15952777 821476 0 55942 0 0 0
intr 1559019695 0 0 380984 75 0 94279 12362098 0 0 0 1079738 0 0 0 0 0 0 0 0 0 0 0 0 0 0 0 0 0 0 0 0 0 0 0 0 0 0 0 0 0 0 0 0 0 0 0 0 0 0 0 0 1445535552 0 0 0 0 0 0 0 0 108438 0 3204775 0 0 0 0 0 0 0 0 0 0 0 75265927 1 0 0 0 0 0 0 0 0 0 0 0 0 0 0 0 0 0 0 0 0 0 0 99315 4206 0 0 0 0 3312649 0 0 0 0 0 0 0 0 0 0 0 0 0 0 0 0 0 0 0 0 0 0 0 0 0 0 0 0 0 0 0 0 0 0 0 0 0 0 0 0 0 0 0 0 0 0 0 0 0 0 0 0 0 0 0 0 0 0 0 0 0 0 0 0 0 0 0 0 0 0 0 0 0 0 0 17571659 0 0 0
ctxt 47978718
btime 1671453272
processes 70070
procs_running 2
procs_blocked 0
softirq 92938126 50893483 4656837 81637 4858852 3204723 0 16859212 6015517 0 6367865

cpu  3087063 6402 1002658 62105742 3482415 0 215008 0 0 0
cpu0 605062 1686 126056 15816984 868692 0 52636 0 0 0
cpu1 888716 1111 567944 15082804 891848 0 56672 0 0 0
cpu2 1108745 2237 170915 15253129 900397 0 49757 0 0 0
cpu3 484540 1367 137742 15952824 821476 0 55942 0 0 0
intr 1559025701 0 0 380989 75 0 94279 12362139 0 0 0 1079738 0 0 0 0 0 0 0 0 0 0 0 0 0 0 0 0 0 0 0 0 0 0 0 0 0 0 0 0 0 0 0 0 0 0 0 0 0 0 0 0 1445540383 0 0 0 0 0 0 0 0 108439 0 3204775 0 0 0 0 0 0 0 0 0 0 0 75266885 1 0 0 0 0 0 0 0 0 0 0 0 0 0 0 0 0 0 0 0 0 0 0 99315 4206 0 0 0 0 3312664 0 0 0 0 0 0 0 0 0 0 0 0 0 0 0 0 0 0 0 0 0 0 0 0 0 0 0 0 0 0 0 0 0 0 0 0 0 0 0 0 0 0 0 0 0 0 0 0 0 0 0 0 0 0 0 0 0 0 0 0 0 0 0 0 0 0 0 0 0 0 0 0 0 0 0 17571815 0 0 0
ctxt 47978884
btime 1671453272
processes 70070
procs_running 2
procs_blocked 0
softirq 92939434 50894590 4656856 81642 4858876 3204723 0 16859335 6015539 0 6367873

cpu  3087089 6402 1002685 62105879 3482415 0 215012 0 0 0
cpu0 605062 1686 126056 15817031 868692 0 52636 0 0 0
cpu1 888740 1111 567968 15082804 891848 0 56674 0 0 0
cpu2 1108745 2237 170916 15253175 900397 0 49758 0 0 0
cpu3 484541 1367 137744 15952869 821476 0 55943 0 0 0
intr 1559031849 0 0 380989 75 0 94279 12362207 0 0 0 1079738 0 0 0 0 0 0 0 0 0 0 0 0 0 0 0 0 0 0 0 0 0 0 0 0 0 0 0 0 0 0 0 0 0 0 0 0 0 0 0 0 1445545243 0 0 0 0 0 0 0 0 108441 0 3204775 0 0 0 0 0 0 0 0 0 0 0 75267878 1 0 0 0 0 0 0 0 0 0 0 0 0 0 0 0 0 0 0 0 0 0 0 99315 4206 0 0 0 0 3312709 0 0 0 0 0 0 0 0 0 0 0 0 0 0 0 0 0 0 0 0 0 0 0 0 0 0 0 0 0 0 0 0 0 0 0 0 0 0 0 0 0 0 0 0 0 0 0 0 0 0 0 0 0 0 0 0 0 0 0 0 0 0 0 0 0 0 0 0 0 0 0 0 0 0 0 17571993 0 0 0
ctxt 47979128
btime 1671453272
processes 70070
procs_running 2
procs_blocked 0
softirq 92941059 50895934 4656880 81646 4858905 3204723 0 16859493 6015555 0 6367923

cpu  3087111 6402 1002712 62106021 3482415 0 215014 0 0 0
cpu0 605062 1686 126056 15817078 868692 0 52636 0 0 0
cpu1 888762 1111 567995 15082804 891848 0 56675 0 0 0
cpu2 1108746 2237 170916 15253222 900397 0 49758 0 0 0
cpu3 484541 1367 137744 15952916 821476 0 55944 0 0 0
intr 1559037894 0 0 380989 75 0 94279 12362236 0 0 0 1079739 0 0 0 0 0 0 0 0 0 0 0 0 0 0 0 0 0 0 0 0 0 0 0 0 0 0 0 0 0 0 0 0 0 0 0 0 0 0 0 0 1445550111 0 0 0 0 0 0 0 0 108442 0 3204775 0 0 0 0 0 0 0 0 0 0 0 75268863 1 0 0 0 0 0 0 0 0 0 0 0 0 0 0 0 0 0 0 0 0 0 0 99315 4206 0 0 0 0 3312724 0 0 0 0 0 0 0 0 0 0 0 0 0 0 0 0 0 0 0 0 0 0 0 0 0 0 0 0 0 0 0 0 0 0 0 0 0 0 0 0 0 0 0 0 0 0 0 0 0 0 0 0 0 0 0 0 0 0 0 0 0 0 0 0 0 0 0 0 0 0 0 0 0 0 0 17572140 0 0 0
ctxt 47979278
btime 1671453272
processes 70070
procs_running 2
procs_blocked 0
softirq 92942571 50897210 4656894 81647 4858934 3204723 0 16859656 6015576 0 6367931

cpu  3087130 6402 1002742 62106163 3482415 0 215016 0 0 0
cpu0 605062 1686 126056 15817125 868692 0 52636 0 0 0
cpu1 888780 1111 568024 15082804 891848 0 56678 0 0 0
cpu2 1108746 2237 170916 15253269 900397 0 49758 0 0 0
cpu3 484541 1367 137744 15952964 821476 0 55944 0 0 0
intr 1559043879 0 0 380989 75 0 94279 12362270 0 0 0 1079739 0 0 0 0 0 0 0 0 0 0 0 0 0 0 0 0 0 0 0 0 0 0 0 0 0 0 0 0 0 0 0 0 0 0 0 0 0 0 0 0 1445554940 0 0 0 0 0 0 0 0 108443 0 3204775 0 0 0 0 0 0 0 0 0 0 0 75269820 1 0 0 0 0 0 0 0 0 0 0 0 0 0 0 0 0 0 0 0 0 0 0 99315 4206 0 0 0 0 3312739 0 0 0 0 0 0 0 0 0 0 0 0 0 0 0 0 0 0 0 0 0 0 0 0 0 0 0 0 0 0 0 0 0 0 0 0 0 0 0 0 0 0 0 0 0 0 0 0 0 0 0 0 0 0 0 0 0 0 0 0 0 0 0 0 0 0 0 0 0 0 0 0 0 0 0 17572289 0 0 0
ctxt 47979445
btime 1671453272
processes 70070
procs_running 2
procs_blocked 0
softirq 92943821 50898237 4656909 81648 4858959 3204723 0 16859811 6015595 0 6367939

cpu  3087149 6402 1002772 62106305 3482415 0 215018 0 0 0
cpu0 605062 1686 126056 15817172 868692 0 52636 0 0 0
cpu1 888798 1111 568054 15082804 891848 0 56679 0 0 0
cpu2 1108746 2237 170916 15253316 900397 0 49758 0 0 0
cpu3 484541 1367 137744 15953012 821476 0 55944 0 0 0
intr 1559049939 0 0 380990 75 0 94279 12362300 0 0 0 1079739 0 0 0 0 0 0 0 0 0 0 0 0 0 0 0 0 0 0 0 0 0 0 0 0 0 0 0 0 0 0 0 0 0 0 0 0 0 0 0 0 1445559816 0 0 0 0 0 0 0 0 108444 0 3204775 0 0 0 0 0 0 0 0 0 0 0 75270813 1 0 0 0 0 0 0 0 0 0 0 0 0 0 0 0 0 0 0 0 0 0 0 99315 4206 0 0 0 0 3312754 0 0 0 0 0 0 0 0 0 0 0 0 0 0 0 0 0 0 0 0 0 0 0 0 0 0 0 0 0 0 0 0 0 0 0 0 0 0 0 0 0 0 0 0 0 0 0 0 0 0 0 0 0 0 0 0 0 0 0 0 0 0 0 0 0 0 0 0 0 0 0 0 0 0 0 17572433 0 0 0
ctxt 47979596
btime 1671453272
processes 70070
procs_running 2
procs_blocked 0
softirq 92945037 50899227 4656922 81651 4858984 3204723 0 16859967 6015616 0 6367947

cpu  3087170 6402 1002800 62106446 3482415 0 215020 0 0 0
cpu0 605062 1686 126056 15817219 868692 0 52636 0 0 0
cpu1 888819 1111 568082 15082804 891848 0 56681 0 0 0
cpu2 1108747 2237 170916 15253364 900397 0 49759 0 0 0
cpu3 484541 1367 137744 15953059 821476 0 55944 0 0 0
intr 1559056074 0 0 380990 75 0 94279 12362338 0 0 0 1079739 0 0 0 0 0 0 0 0 0 0 0 0 0 0 0 0 0 0 0 0 0 0 0 0 0 0 0 0 0 0 0 0 0 0 0 0 0 0 0 0 1445564722 0 0 0 0 0 0 0 0 108445 0 3204775 0 0 0 0 0 0 0 0 0 0 0 75271839 1 0 0 0 0 0 0 0 0 0 0 0 0 0 0 0 0 0 0 0 0 0 0 99315 4206 0 0 0 0 3312769 0 0 0 0 0 0 0 0 0 0 0 0 0 0 0 0 0 0 0 0 0 0 0 0 0 0 0 0 0 0 0 0 0 0 0 0 0 0 0 0 0 0 0 0 0 0 0 0 0 0 0 0 0 0 0 0 0 0 0 0 0 0 0 0 0 0 0 0 0 0 0 0 0 0 0 17572582 0 0 0
ctxt 47979762
btime 1671453272
processes 70070
procs_running 2
procs_blocked 0
softirq 92946362 50900328 4656939 81654 4859013 3204723 0 16860108 6015642 0 6367955

cpu  3087189 6402 1002829 62106591 3482415 0 215022 0 0 0
cpu0 605062 1686 126056 15817267 868692 0 52636 0 0 0
cpu1 888838 1111 568112 15082804 891848 0 56682 0 0 0
cpu2 1108747 2237 170916 15253412 900397 0 49759 0 0 0
cpu3 484541 1367 137744 15953107 821476 0 55944 0 0 0
intr 1559061255 0 0 380990 75 0 94279 12362369 0 0 0 1079739 0 0 0 0 0 0 0 0 0 0 0 0 0 0 0 0 0 0 0 0 0 0 0 0 0 0 0 0 0 0 0 0 0 0 0 0 0 0 0 0 1445569156 0 0 0 0 0 0 0 0 108446 0 3204775 0 0 0 0 0 0 0 0 0 0 0 75272391 1 0 0 0 0 0 0 0 0 0 0 0 0 0 0 0 0 0 0 0 0 0 0 99315 4206 0 0 0 0 3312784 0 0 0 0 0 0 0 0 0 0 0 0 0 0 0 0 0 0 0 0 0 0 0 0 0 0 0 0 0 0 0 0 0 0 0 0 0 0 0 0 0 0 0 0 0 0 0 0 0 0 0 0 0 0 0 0 0 0 0 0 0 0 0 0 0 0 0 0 0 0 0 0 0 0 0 17572729 0 0 0
ctxt 47979877
btime 1671453272
processes 70070
procs_running 2
procs_blocked 0
softirq 92947165 50901022 4656952 81659 4859026 3204723 0 16860153 6015667 0 6367963

cpu  3087210 6402 1002862 62106734 3482415 0 215022 0 0 0
cpu0 605062 1686 126056 15817316 868692 0 52636 0 0 0
cpu1 888857 1111 568143 15082804 891848 0 56682 0 0 0
cpu2 1108748 2237 170916 15253461 900397 0 49759 0 0 0
cpu3 484542 1367 137746 15953152 821476 0 55944 0 0 0
intr 1559065729 0 0 380990 75 0 94279 12362443 0 0 0 1079739 0 0 0 0 0 0 0 0 0 0 0 0 0 0 0 0 0 0 0 0 0 0 0 0 0 0 0 0 0 0 0 0 0 0 0 0 0 0 0 0 1445573179 0 0 0 0 0 0 0 0 108448 0 3204775 0 0 0 0 0 0 0 0 0 0 0 75272545 1 0 0 0 0 0 0 0 0 0 0 0 0 0 0 0 0 0 0 0 0 0 0 99315 4206 0 0 0 0 3312829 0 0 0 0 0 0 0 0 0 0 0 0 0 0 0 0 0 0 0 0 0 0 0 0 0 0 0 0 0 0 0 0 0 0 0 0 0 0 0 0 0 0 0 0 0 0 0 0 0 0 0 0 0 0 0 0 0 0 0 0 0 0 0 0 0 0 0 0 0 0 0 0 0 0 0 17572906 0 0 0
ctxt 47980060
btime 1671453272
processes 70070
procs_running 2
procs_blocked 0
softirq 92947320 50901030 4656977 81659 4859029 3204723 0 16860195 6015698 0 6368009

cpu  3087229 6402 1002894 62106882 3482415 0 215022 0 0 0
cpu0 605062 1686 126056 15817366 868692 0 52636 0 0 0
cpu1 888876 1111 568174 15082804 891848 0 56682 0 0 0
cpu2 1108748 2237 170916 15253510 900397 0 49759 0 0 0
cpu3 484542 1367 137746 15953202 821476 0 55944 0 0 0
intr 1559070059 0 0 380991 75 0 94279 12362477 0 0 0 1079739 0 0 0 0 0 0 0 0 0 0 0 0 0 0 0 0 0 0 0 0 0 0 0 0 0 0 0 0 0 0 0 0 0 0 0 0 0 0 0 0 1445577183 0 0 0 0 0 0 0 0 108449 0 3204775 0 0 0 0 0 0 0 0 0 0 0 75272673 1 0 0 0 0 0 0 0 0 0 0 0 0 0 0 0 0 0 0 0 0 0 0 99315 4206 0 0 0 0 3312844 0 0 0 0 0 0 0 0 0 0 0 0 0 0 0 0 0 0 0 0 0 0 0 0 0 0 0 0 0 0 0 0 0 0 0 0 0 0 0 0 0 0 0 0 0 0 0 0 0 0 0 0 0 0 0 0 0 0 0 0 0 0 0 0 0 0 0 0 0 0 0 0 0 0 0 17573053 0 0 0
ctxt 47980135
btime 1671453272
processes 70070
procs_running 2
procs_blocked 0
softirq 92947377 50901030 4656990 81659 4859030 3204723 0 16860208 6015720 0 6368017

cpu  3087253 6402 1002921 62107030 3482415 0 215022 0 0 0
cpu0 605062 1686 126056 15817415 868692 0 52636 0 0 0
cpu1 888899 1111 568201 15082804 891848 0 56682 0 0 0
cpu2 1108749 2237 170917 15253559 900397 0 49759 0 0 0
cpu3 484542 1367 137746 15953251 821476 0 55944 0 0 0
intr 1559074428 0 0 380991 75 0 94279 12362512 0 0 0 1079739 0 0 0 0 0 0 0 0 0 0 0 0 0 0 0 0 0 0 0 0 0 0 0 0 0 0 0 0 0 0 0 0 0 0 0 0 0 0 0 0 1445581202 0 0 0 0 0 0 0 0 108450 0 3204775 0 0 0 0 0 0 0 0 0 0 0 75272825 1 0 0 0 0 0 0 0 0 0 0 0 0 0 0 0 0 0 0 0 0 0 0 99315 4206 0 0 0 0 3312859 0 0 0 0 0 0 0 0 0 0 0 0 0 0 0 0 0 0 0 0 0 0 0 0 0 0 0 0 0 0 0 0 0 0 0 0 0 0 0 0 0 0 0 0 0 0 0 0 0 0 0 0 0 0 0 0 0 0 0 0 0 0 0 0 0 0 0 0 0 0 0 0 0 0 0 17573199 0 0 0
ctxt 47980223
btime 1671453272
processes 70070
procs_running 2
procs_blocked 0
softirq 92947443 50901038 4657003 81659 4859031 3204723 0 16860222 6015742 0 6368025

cpu  3087272 6402 1002952 62107179 3482415 0 215022 0 0 0
cpu0 605062 1686 126056 15817465 868692 0 52636 0 0 0
cpu1 888918 1111 568232 15082804 891848 0 56682 0 0 0
cpu2 1108749 2237 170917 15253608 900397 0 49759 0 0 0
cpu3 484542 1367 137746 15953301 821476 0 55944 0 0 0
intr 1559078746 0 0 380991 75 0 94279 12362542 0 0 0 1079739 0 0 0 0 0 0 0 0 0 0 0 0 0 0 0 0 0 0 0 0 0 0 0 0 0 0 0 0 0 0 0 0 0 0 0 0 0 0 0 0 1445585203 0 0 0 0 0 0 0 0 108451 0 3204775 0 0 0 0 0 0 0 0 0 0 0 75272953 1 0 0 0 0 0 0 0 0 0 0 0 0 0 0 0 0 0 0 0 0 0 0 99315 4206 0 0 0 0 3312874 0 0 0 0 0 0 0 0 0 0 0 0 0 0 0 0 0 0 0 0 0 0 0 0 0 0 0 0 0 0 0 0 0 0 0 0 0 0 0 0 0 0 0 0 0 0 0 0 0 0 0 0 0 0 0 0 0 0 0 0 0 0 0 0 0 0 0 0 0 0 0 0 0 0 0 17573343 0 0 0
ctxt 47980286
btime 1671453272
processes 70070
procs_running 2
procs_blocked 0
softirq 92947495 50901038 4657013 81659 4859032 3204723 0 16860235 6015762 0 6368033

cpu  3087289 6402 1002986 62107328 3482415 0 215022 0 0 0
cpu0 605062 1686 126056 15817514 868692 0 52636 0 0 0
cpu1 888935 1111 568265 15082804 891848 0 56682 0 0 0
cpu2 1108749 2237 170917 15253658 900397 0 49759 0 0 0
cpu3 484542 1367 137746 15953351 821476 0 55944 0 0 0
intr 1559083124 0 0 380991 75 0 94279 12362577 0 0 0 1079739 0 0 0 0 0 0 0 0 0 0 0 0 0 0 0 0 0 0 0 0 0 0 0 0 0 0 0 0 0 0 0 0 0 0 0 0 0 0 0 0 1445589228 0 0 0 0 0 0 0 0 108452 0 3204775 0 0 0 0 0 0 0 0 0 0 0 75273107 1 0 0 0 0 0 0 0 0 0 0 0 0 0 0 0 0 0 0 0 0 0 0 99315 4206 0 0 0 0 3312889 0 0 0 0 0 0 0 0 0 0 0 0 0 0 0 0 0 0 0 0 0 0 0 0 0 0 0 0 0 0 0 0 0 0 0 0 0 0 0 0 0 0 0 0 0 0 0 0 0 0 0 0 0 0 0 0 0 0 0 0 0 0 0 0 0 0 0 0 0 0 0 0 0 0 0 17573490 0 0 0
ctxt 47980375
btime 1671453272
processes 70070
procs_running 2
procs_blocked 0
softirq 92947559 50901046 4657026 81659 4859033 3204723 0 16860249 6015782 0 6368041

cpu  3087309 6402 1003016 62107477 3482415 0 215022 0 0 0
cpu0 605062 1686 126056 15817564 868692 0 52636 0 0 0
cpu1 888955 1111 568295 15082804 891848 0 56682 0 0 0
cpu2 1108749 2237 170917 15253707 900397 0 49759 0 0 0
cpu3 484542 1367 137746 15953400 821476 0 55944 0 0 0
intr 1559087445 0 0 380992 75 0 94279 12362607 0 0 0 1079740 0 0 0 0 0 0 0 0 0 0 0 0 0 0 0 0 0 0 0 0 0 0 0 0 0 0 0 0 0 0 0 0 0 0 0 0 0 0 0 0 1445593229 0 0 0 0 0 0 0 0 108453 0 3204775 0 0 0 0 0 0 0 0 0 0 0 75273235 1 0 0 0 0 0 0 0 0 0 0 0 0 0 0 0 0 0 0 0 0 0 0 99315 4206 0 0 0 0 3312904 0 0 0 0 0 0 0 0 0 0 0 0 0 0 0 0 0 0 0 0 0 0 0 0 0 0 0 0 0 0 0 0 0 0 0 0 0 0 0 0 0 0 0 0 0 0 0 0 0 0 0 0 0 0 0 0 0 0 0 0 0 0 0 0 0 0 0 0 0 0 0 0 0 0 0 17573634 0 0 0
ctxt 47980445
btime 1671453272
processes 70070
procs_running 2
procs_blocked 0
softirq 92947612 50901046 4657038 81659 4859034 3204723 0 16860262 6015801 0 6368049

cpu  3087330 6402 1003048 62107624 3482415 0 215022 0 0 0
cpu0 605062 1686 126056 15817614 868692 0 52636 0 0 0
cpu1 888975 1111 568325 15082804 891848 0 56682 0 0 0
cpu2 1108749 2237 170918 15253757 900397 0 49759 0 0 0
cpu3 484542 1367 137748 15953448 821476 0 55944 0 0 0
intr 1559091943 0 0 380992 75 0 94279 12362692 0 0 0 1079740 0 0 0 0 0 0 0 0 0 0 0 0 0 0 0 0 0 0 0 0 0 0 0 0 0 0 0 0 0 0 0 0 0 0 0 0 0 0 0 0 1445597256 0 0 0 0 0 0 0 0 108455 0 3204775 0 0 0 0 0 0 0 0 0 0 0 75273389 1 0 0 0 0 0 0 0 0 0 0 0 0 0 0 0 0 0 0 0 0 0 0 99315 4206 0 0 0 0 3312961 0 0 0 0 0 0 0 0 0 0 0 0 0 0 0 0 0 0 0 0 0 0 0 0 0 0 0 0 0 0 0 0 0 0 0 0 0 0 0 0 0 0 0 0 0 0 0 0 0 0 0 0 0 0 0 0 0 0 0 0 0 0 0 0 0 0 0 0 0 0 0 0 0 0 0 17573807 0 0 0
ctxt 47980670
btime 1671453272
processes 70070
procs_running 2
procs_blocked 0
softirq 92947750 50901054 4657060 81659 4859038 3204723 0 16860310 6015829 0 6368077

cpu  3087352 6402 1003076 62107771 3482415 0 215022 0 0 0
cpu0 605062 1686 126056 15817663 868692 0 52636 0 0 0
cpu1 888997 1111 568353 15082804 891848 0 56682 0 0 0
cpu2 1108750 2237 170918 15253806 900397 0 49759 0 0 0
cpu3 484542 1367 137748 15953498 821476 0 55944 0 0 0
intr 1559096257 0 0 380992 75 0 94279 12362724 0 0 0 1079740 0 0 0 0 0 0 0 0 0 0 0 0 0 0 0 0 0 0 0 0 0 0 0 0 0 0 0 0 0 0 0 0 0 0 0 0 0 0 0 0 1445601252 0 0 0 0 0 0 0 0 108456 0 3204775 0 0 0 0 0 0 0 0 0 0 0 75273517 1 0 0 0 0 0 0 0 0 0 0 0 0 0 0 0 0 0 0 0 0 0 0 99315 4206 0 0 0 0 3312976 0 0 0 0 0 0 0 0 0 0 0 0 0 0 0 0 0 0 0 0 0 0 0 0 0 0 0 0 0 0 0 0 0 0 0 0 0 0 0 0 0 0 0 0 0 0 0 0 0 0 0 0 0 0 0 0 0 0 0 0 0 0 0 0 0 0 0 0 0 0 0 0 0 0 0 17573950 0 0 0
ctxt 47980732
btime 1671453272
processes 70070
procs_running 2
procs_blocked 0
softirq 92947804 50901054 4657071 81659 4859039 3204723 0 16860323 6015850 0 6368085

cpu  3087375 6402 1003104 62107919 3482415 0 215022 0 0 0
cpu0 605062 1686 126056 15817712 868692 0 52636 0 0 0
cpu1 889019 1111 568380 15082804 891848 0 56682 0 0 0
cpu2 1108750 2237 170918 15253855 900397 0 49759 0 0 0
cpu3 484542 1367 137748 15953547 821476 0 55944 0 0 0
intr 1559100639 0 0 380992 75 0 94279 12362764 0 0 0 1079740 0 0 0 0 0 0 0 0 0 0 0 0 0 0 0 0 0 0 0 0 0 0 0 0 0 0 0 0 0 0 0 0 0 0 0 0 0 0 0 0 1445605278 0 0 0 0 0 0 0 0 108457 0 3204775 0 0 0 0 0 0 0 0 0 0 0 75273671 1 0 0 0 0 0 0 0 0 0 0 0 0 0 0 0 0 0 0 0 0 0 0 99315 4206 0 0 0 0 3312991 0 0 0 0 0 0 0 0 0 0 0 0 0 0 0 0 0 0 0 0 0 0 0 0 0 0 0 0 0 0 0 0 0 0 0 0 0 0 0 0 0 0 0 0 0 0 0 0 0 0 0 0 0 0 0 0 0 0 0 0 0 0 0 0 0 0 0 0 0 0 0 0 0 0 0 17574096 0 0 0
ctxt 47980812
btime 1671453272
processes 70070
procs_running 2
procs_blocked 0
softirq 92947872 50901062 4657086 81659 4859040 3204723 0 16860336 6015873 0 6368093

cpu  3087396 6402 1003133 62108067 3482415 0 215022 0 0 0
cpu0 605062 1686 126056 15817762 868692 0 52636 0 0 0
cpu1 889040 1111 568410 15082804 891848 0 56682 0 0 0
cpu2 1108750 2237 170918 15253904 900397 0 49759 0 0 0
cpu3 484542 1367 137748 15953596 821476 0 55944 0 0 0
intr 1559104957 0 0 380993 75 0 94279 12362794 0 0 0 1079740 0 0 0 0 0 0 0 0 0 0 0 0 0 0 0 0 0 0 0 0 0 0 0 0 0 0 0 0 0 0 0 0 0 0 0 0 0 0 0 0 1445609275 0 0 0 0 0 0 0 0 108458 0 3204775 0 0 0 0 0 0 0 0 0 0 0 75273799 1 0 0 0 0 0 0 0 0 0 0 0 0 0 0 0 0 0 0 0 0 0 0 99315 4206 0 0 0 0 3313006 0 0 0 0 0 0 0 0 0 0 0 0 0 0 0 0 0 0 0 0 0 0 0 0 0 0 0 0 0 0 0 0 0 0 0 0 0 0 0 0 0 0 0 0 0 0 0 0 0 0 0 0 0 0 0 0 0 0 0 0 0 0 0 0 0 0 0 0 0 0 0 0 0 0 0 17574242 0 0 0
ctxt 47980886
btime 1671453272
processes 70070
procs_running 2
procs_blocked 0
softirq 92947929 50901062 4657099 81659 4859041 3204723 0 16860350 6015894 0 6368101

cpu  3087417 6402 1003162 62108214 3482415 0 215022 0 0 0
cpu0 605062 1686 126056 15817811 868692 0 52636 0 0 0
cpu1 889061 1111 568439 15082804 891848 0 56682 0 0 0
cpu2 1108751 2237 170918 15253953 900397 0 49759 0 0 0
cpu3 484542 1367 137748 15953646 821476 0 55944 0 0 0
intr 1559109329 0 0 380993 75 0 94279 12362833 0 0 0 1079740 0 0 0 0 0 0 0 0 0 0 0 0 0 0 0 0 0 0 0 0 0 0 0 0 0 0 0 0 0 0 0 0 0 0 0 0 0 0 0 0 1445613295 0 0 0 0 0 0 0 0 108459 0 3204775 0 0 0 0 0 0 0 0 0 0 0 75273953 1 0 0 0 0 0 0 0 0 0 0 0 0 0 0 0 0 0 0 0 0 0 0 99315 4206 0 0 0 0 3313021 0 0 0 0 0 0 0 0 0 0 0 0 0 0 0 0 0 0 0 0 0 0 0 0 0 0 0 0 0 0 0 0 0 0 0 0 0 0 0 0 0 0 0 0 0 0 0 0 0 0 0 0 0 0 0 0 0 0 0 0 0 0 0 0 0 0 0 0 0 0 0 0 0 0 0 17574385 0 0 0
ctxt 47980969
btime 1671453272
processes 70070
procs_running 2
procs_blocked 0
softirq 92947994 50901070 4657111 81659 4859042 3204723 0 16860364 6015916 0 6368109

cpu  3087438 6402 1003192 62108362 3482415 0 215022 0 0 0
cpu0 605062 1686 126056 15817860 868692 0 52636 0 0 0
cpu1 889081 1111 568468 15082804 891848 0 56682 0 0 0
cpu2 1108751 2237 170918 15254002 900397 0 49759 0 0 0
cpu3 484542 1367 137748 15953695 821476 0 55944 0 0 0
intr 1559113653 0 0 380993 75 0 94279 12362863 0 0 0 1079740 0 0 0 0 0 0 0 0 0 0 0 0 0 0 0 0 0 0 0 0 0 0 0 0 0 0 0 0 0 0 0 0 0 0 0 0 0 0 0 0 1445617300 0 0 0 0 0 0 0 0 108460 0 3204775 0 0 0 0 0 0 0 0 0 0 0 75274081 1 0 0 0 0 0 0 0 0 0 0 0 0 0 0 0 0 0 0 0 0 0 0 99315 4206 0 0 0 0 3313036 0 0 0 0 0 0 0 0 0 0 0 0 0 0 0 0 0 0 0 0 0 0 0 0 0 0 0 0 0 0 0 0 0 0 0 0 0 0 0 0 0 0 0 0 0 0 0 0 0 0 0 0 0 0 0 0 0 0 0 0 0 0 0 0 0 0 0 0 0 0 0 0 0 0 0 17574530 0 0 0
ctxt 47981038
btime 1671453272
processes 70070
procs_running 2
procs_blocked 0
softirq 92948051 50901070 4657123 81660 4859043 3204723 0 16860378 6015937 0 6368117

cpu  3087462 6402 1003224 62108506 3482415 0 215022 0 0 0
cpu0 605062 1686 126056 15817909 868692 0 52636 0 0 0
cpu1 889103 1111 568497 15082804 891848 0 56682 0 0 0
cpu2 1108752 2237 170919 15254050 900397 0 49759 0 0 0
cpu3 484544 1367 137751 15953741 821476 0 55944 0 0 0
intr 1559118131 0 0 380993 75 0 94279 12362943 0 0 0 1079740 0 0 0 0 0 0 0 0 0 0 0 0 0 0 0 0 0 0 0 0 0 0 0 0 0 0 0 0 0 0 0 0 0 0 0 0 0 0 0 0 1445621320 0 0 0 0 0 0 0 0 108462 0 3204775 0 0 0 0 0 0 0 0 0 0 0 75274235 1 0 0 0 0 0 0 0 0 0 0 0 0 0 0 0 0 0 0 0 0 0 0 99315 4206 0 0 0 0 3313083 0 0 0 0 0 0 0 0 0 0 0 0 0 0 0 0 0 0 0 0 0 0 0 0 0 0 0 0 0 0 0 0 0 0 0 0 0 0 0 0 0 0 0 0 0 0 0 0 0 0 0 0 0 0 0 0 0 0 0 0 0 0 0 0 0 0 0 0 0 0 0 0 0 0 0 17574705 0 0 0
ctxt 47981240
btime 1671453272
processes 70070
procs_running 2
procs_blocked 0
softirq 92948199 50901078 4657145 81660 4859046 3204723 0 16860419 6015961 0 6368167

cpu  3087480 6402 1003255 62108654 3482415 0 215022 0 0 0
cpu0 605062 1686 126056 15817959 868692 0 52636 0 0 0
cpu1 889121 1111 568528 15082804 891848 0 56682 0 0 0
cpu2 1108752 2237 170919 15254099 900397 0 49759 0 0 0
cpu3 484544 1367 137751 15953791 821476 0 55944 0 0 0
intr 1559122501 0 0 380994 75 0 94279 12362993 0 0 0 1079740 0 0 0 0 0 0 0 0 0 0 0 0 0 0 0 0 0 0 0 0 0 0 0 0 0 0 0 0 0 0 0 0 0 0 0 0 0 0 0 0 1445625323 0 0 0 0 0 0 0 0 108463 0 3204775 0 0 0 0 0 0 0 0 0 0 0 75274363 1 0 0 0 0 0 0 0 0 0 0 0 0 0 0 0 0 0 0 0 0 0 0 99315 4206 0 0 0 0 3313119 0 0 0 0 0 0 0 0 0 0 0 0 0 0 0 0 0 0 0 0 0 0 0 0 0 0 0 0 0 0 0 0 0 0 0 0 0 0 0 0 0 0 0 0 0 0 0 0 0 0 0 0 0 0 0 0 0 0 0 0 0 0 0 0 0 0 0 0 0 0 0 0 0 0 0 17574855 0 0 0
ctxt 47981363
btime 1671453272
processes 70070
procs_running 2
procs_blocked 0
softirq 92948276 50901078 4657160 81660 4859049 3204723 0 16860450 6015981 0 6368175

cpu  3087504 6402 1003282 62108802 3482415 0 215022 0 0 0
cpu0 605062 1686 126056 15818008 868692 0 52636 0 0 0
cpu1 889144 1111 568555 15082804 891848 0 56682 0 0 0
cpu2 1108753 2237 170919 15254149 900397 0 49759 0 0 0
cpu3 484544 1367 137751 15953840 821476 0 55944 0 0 0
intr 1559126888 0 0 380998 75 0 94279 12363032 0 0 0 1079740 0 0 0 0 0 0 0 0 0 0 0 0 0 0 0 0 0 0 0 0 0 0 0 0 0 0 0 0 0 0 0 0 0 0 0 0 0 0 0 0 1445629348 0 0 0 0 0 0 0 0 108464 0 3204775 0 0 0 0 0 0 0 0 0 0 0 75274517 1 0 0 0 0 0 0 0 0 0 0 0 0 0 0 0 0 0 0 0 0 0 0 99315 4206 0 0 0 0 3313134 0 0 0 0 0 0 0 0 0 0 0 0 0 0 0 0 0 0 0 0 0 0 0 0 0 0 0 0 0 0 0 0 0 0 0 0 0 0 0 0 0 0 0 0 0 0 0 0 0 0 0 0 0 0 0 0 0 0 0 0 0 0 0 0 0 0 0 0 0 0 0 0 0 0 0 17575005 0 0 0
ctxt 47981448
btime 1671453272
processes 70070
procs_running 2
procs_blocked 0
softirq 92948340 50901086 4657173 81660 4859050 3204723 0 16860463 6016002 0 6368183

cpu  3087524 6402 1003312 62108951 3482415 0 215022 0 0 0
cpu0 605062 1686 126056 15818058 868692 0 52636 0 0 0
cpu1 889164 1111 568585 15082804 891848 0 56682 0 0 0
cpu2 1108753 2237 170919 15254198 900397 0 49759 0 0 0
cpu3 484544 1367 137751 15953890 821476 0 55944 0 0 0
intr 1559131208 0 0 380998 75 0 94279 12363063 0 0 0 1079741 0 0 0 0 0 0 0 0 0 0 0 0 0 0 0 0 0 0 0 0 0 0 0 0 0 0 0 0 0 0 0 0 0 0 0 0 0 0 0 0 1445633341 0 0 0 0 0 0 0 0 108465 0 3204775 0 0 0 0 0 0 0 0 0 0 0 75274645 1 0 0 0 0 0 0 0 0 0 0 0 0 0 0 0 0 0 0 0 0 0 0 99315 4206 0 0 0 0 3313149 0 0 0 0 0 0 0 0 0 0 0 0 0 0 0 0 0 0 0 0 0 0 0 0 0 0 0 0 0 0 0 0 0 0 0 0 0 0 0 0 0 0 0 0 0 0 0 0 0 0 0 0 0 0 0 0 0 0 0 0 0 0 0 0 0 0 0 0 0 0 0 0 0 0 0 17575155 0 0 0
ctxt 47981529
btime 1671453272
processes 70070
procs_running 2
procs_blocked 0
softirq 92948398 50901086 4657185 81660 4859051 3204723 0 16860477 6016025 0 6368191

cpu  3087551 6402 1003336 62109099 3482415 0 215022 0 0 0
cpu0 605062 1686 126056 15818107 868692 0 52636 0 0 0
cpu1 889191 1111 568608 15082804 891848 0 56682 0 0 0
cpu2 1108753 2237 170919 15254247 900397 0 49759 0 0 0
cpu3 484544 1367 137751 15953939 821476 0 55944 0 0 0
intr 1559135585 0 0 380998 75 0 94279 12363099 0 0 0 1079741 0 0 0 0 0 0 0 0 0 0 0 0 0 0 0 0 0 0 0 0 0 0 0 0 0 0 0 0 0 0 0 0 0 0 0 0 0 0 0 0 1445637368 0 0 0 0 0 0 0 0 108466 0 3204775 0 0 0 0 0 0 0 0 0 0 0 75274799 1 0 0 0 0 0 0 0 0 0 0 0 0 0 0 0 0 0 0 0 0 0 0 99315 4206 0 0 0 0 3313164 0 0 0 0 0 0 0 0 0 0 0 0 0 0 0 0 0 0 0 0 0 0 0 0 0 0 0 0 0 0 0 0 0 0 0 0 0 0 0 0 0 0 0 0 0 0 0 0 0 0 0 0 0 0 0 0 0 0 0 0 0 0 0 0 0 0 0 0 0 0 0 0 0 0 0 17575300 0 0 0
ctxt 47981608
btime 1671453272
processes 70070
procs_running 2
procs_blocked 0
softirq 92948463 50901094 4657197 81660 4859052 3204723 0 16860492 6016046 0 6368199

cpu  3087569 6402 1003368 62109247 3482415 0 215022 0 0 0
cpu0 605062 1686 126056 15818157 868692 0 52636 0 0 0
cpu1 889209 1111 568640 15082804 891848 0 56682 0 0 0
cpu2 1108754 2237 170919 15254296 900397 0 49759 0 0 0
cpu3 484544 1367 137751 15953989 821476 0 55944 0 0 0
intr 1559139913 0 0 380999 75 0 94279 12363131 0 0 0 1079741 0 0 0 0 0 0 0 0 0 0 0 0 0 0 0 0 0 0 0 0 0 0 0 0 0 0 0 0 0 0 0 0 0 0 0 0 0 0 0 0 1445641372 0 0 0 0 0 0 0 0 108467 0 3204775 0 0 0 0 0 0 0 0 0 0 0 75274927 1 0 0 0 0 0 0 0 0 0 0 0 0 0 0 0 0 0 0 0 0 0 0 99315 4206 0 0 0 0 3313179 0 0 0 0 0 0 0 0 0 0 0 0 0 0 0 0 0 0 0 0 0 0 0 0 0 0 0 0 0 0 0 0 0 0 0 0 0 0 0 0 0 0 0 0 0 0 0 0 0 0 0 0 0 0 0 0 0 0 0 0 0 0 0 0 0 0 0 0 0 0 0 0 0 0 0 17575446 0 0 0
ctxt 47981680
btime 1671453272
processes 70070
procs_running 2
procs_blocked 0
softirq 92948523 50901094 4657210 81660 4859053 3204723 0 16860506 6016070 0 6368207

cpu  3087592 6402 1003400 62109390 3482415 0 215022 0 0 0
cpu0 605062 1686 126056 15818206 868692 0 52636 0 0 0
cpu1 889229 1111 568670 15082804 891848 0 56682 0 0 0
cpu2 1108754 2237 170919 15254345 900397 0 49759 0 0 0
cpu3 484545 1367 137753 15954034 821476 0 55944 0 0 0
intr 1559144385 0 0 380999 75 0 94279 12363210 0 0 0 1079741 0 0 0 0 0 0 0 0 0 0 0 0 0 0 0 0 0 0 0 0 0 0 0 0 0 0 0 0 0 0 0 0 0 0 0 0 0 0 0 0 1445645390 0 0 0 0 0 0 0 0 108469 0 3204775 0 0 0 0 0 0 0 0 0 0 0 75275081 1 0 0 0 0 0 0 0 0 0 0 0 0 0 0 0 0 0 0 0 0 0 0 99315 4206 0 0 0 0 3313223 0 0 0 0 0 0 0 0 0 0 0 0 0 0 0 0 0 0 0 0 0 0 0 0 0 0 0 0 0 0 0 0 0 0 0 0 0 0 0 0 0 0 0 0 0 0 0 0 0 0 0 0 0 0 0 0 0 0 0 0 0 0 0 0 0 0 0 0 0 0 0 0 0 0 0 17575621 0 0 0
ctxt 47981875
btime 1671453272
processes 70070
procs_running 2
procs_blocked 0
softirq 92948674 50901102 4657232 81660 4859056 3204723 0 16860543 6016100 0 6368258

cpu  3087611 6402 1003431 62109538 3482415 0 215022 0 0 0
cpu0 605062 1686 126056 15818255 868692 0 52636 0 0 0
cpu1 889248 1111 568701 15082804 891848 0 56682 0 0 0
cpu2 1108755 2237 170919 15254394 900397 0 49759 0 0 0
cpu3 484545 1367 137753 15954084 821476 0 55944 0 0 0
intr 1559148703 0 0 380999 75 0 94279 12363237 0 0 0 1079741 0 0 0 0 0 0 0 0 0 0 0 0 0 0 0 0 0 0 0 0 0 0 0 0 0 0 0 0 0 0 0 0 0 0 0 0 0 0 0 0 1445649395 0 0 0 0 0 0 0 0 108470 0 3204775 0 0 0 0 0 0 0 0 0 0 0 75275210 1 0 0 0 0 0 0 0 0 0 0 0 0 0 0 0 0 0 0 0 0 0 0 99315 4206 0 0 0 0 3313236 0 0 0 0 0 0 0 0 0 0 0 0 0 0 0 0 0 0 0 0 0 0 0 0 0 0 0 0 0 0 0 0 0 0 0 0 0 0 0 0 0 0 0 0 0 0 0 0 0 0 0 0 0 0 0 0 0 0 0 0 0 0 0 0 0 0 0 0 0 0 0 0 0 0 0 17575766 0 0 0
ctxt 47981939
btime 1671453272
processes 70070
procs_running 2
procs_blocked 0
softirq 92948728 50901102 4657244 81660 4859057 3204723 0 16860555 6016121 0 6368266

cpu  3087631 6402 1003462 62109686 3482415 0 215022 0 0 0
cpu0 605062 1686 126056 15818304 868692 0 52636 0 0 0
cpu1 889268 1111 568732 15082804 891848 0 56682 0 0 0
cpu2 1108755 2237 170919 15254443 900397 0 49759 0 0 0
cpu3 484545 1367 137753 15954133 821476 0 55944 0 0 0
intr 1559153077 0 0 380999 75 0 94279 12363273 0 0 0 1079741 0 0 0 0 0 0 0 0 0 0 0 0 0 0 0 0 0 0 0 0 0 0 0 0 0 0 0 0 0 0 0 0 0 0 0 0 0 0 0 0 1445653417 0 0 0 0 0 0 0 0 108471 0 3204775 0 0 0 0 0 0 0 0 0 0 0 75275363 1 0 0 0 0 0 0 0 0 0 0 0 0 0 0 0 0 0 0 0 0 0 0 99315 4206 0 0 0 0 3313251 0 0 0 0 0 0 0 0 0 0 0 0 0 0 0 0 0 0 0 0 0 0 0 0 0 0 0 0 0 0 0 0 0 0 0 0 0 0 0 0 0 0 0 0 0 0 0 0 0 0 0 0 0 0 0 0 0 0 0 0 0 0 0 0 0 0 0 0 0 0 0 0 0 0 0 17575912 0 0 0
ctxt 47982025
btime 1671453272
processes 70070
procs_running 2
procs_blocked 0
softirq 92948795 50901110 4657256 81660 4859058 3204723 0 16860570 6016144 0 6368274

cpu  3087653 6402 1003490 62109834 3482415 0 215022 0 0 0
cpu0 605062 1686 126056 15818354 868692 0 52636 0 0 0
cpu1 889290 1111 568760 15082804 891848 0 56682 0 0 0
cpu2 1108756 2237 170919 15254493 900397 0 49759 0 0 0
cpu3 484545 1367 137753 15954183 821476 0 55944 0 0 0
intr 1559157404 0 0 381000 75 0 94279 12363304 0 0 0 1079741 0 0 0 0 0 0 0 0 0 0 0 0 0 0 0 0 0 0 0 0 0 0 0 0 0 0 0 0 0 0 0 0 0 0 0 0 0 0 0 0 1445657421 0 0 0 0 0 0 0 0 108472 0 3204775 0 0 0 0 0 0 0 0 0 0 0 75275493 1 0 0 0 0 0 0 0 0 0 0 0 0 0 0 0 0 0 0 0 0 0 0 99315 4206 0 0 0 0 3313266 0 0 0 0 0 0 0 0 0 0 0 0 0 0 0 0 0 0 0 0 0 0 0 0 0 0 0 0 0 0 0 0 0 0 0 0 0 0 0 0 0 0 0 0 0 0 0 0 0 0 0 0 0 0 0 0 0 0 0 0 0 0 0 0 0 0 0 0 0 0 0 0 0 0 0 17576057 0 0 0
ctxt 47982100
btime 1671453272
processes 70070
procs_running 2
procs_blocked 0
softirq 92948854 50901110 4657269 81661 4859059 3204723 0 16860584 6016166 0 6368282

cpu  3087674 6402 1003519 62109981 3482415 0 215022 0 0 0
cpu0 605062 1686 126056 15818403 868692 0 52636 0 0 0
cpu1 889310 1111 568789 15082804 891848 0 56682 0 0 0
cpu2 1108756 2237 170919 15254542 900397 0 49759 0 0 0
cpu3 484545 1367 137753 15954232 821476 0 55944 0 0 0
intr 1559161772 0 0 381000 75 0 94279 12363340 0 0 0 1079741 0 0 0 0 0 0 0 0 0 0 0 0 0 0 0 0 0 0 0 0 0 0 0 0 0 0 0 0 0 0 0 0 0 0 0 0 0 0 0 0 1445661440 0 0 0 0 0 0 0 0 108473 0 3204775 0 0 0 0 0 0 0 0 0 0 0 75275645 1 0 0 0 0 0 0 0 0 0 0 0 0 0 0 0 0 0 0 0 0 0 0 99315 4206 0 0 0 0 3313281 0 0 0 0 0 0 0 0 0 0 0 0 0 0 0 0 0 0 0 0 0 0 0 0 0 0 0 0 0 0 0 0 0 0 0 0 0 0 0 0 0 0 0 0 0 0 0 0 0 0 0 0 0 0 0 0 0 0 0 0 0 0 0 0 0 0 0 0 0 0 0 0 0 0 0 17576201 0 0 0
ctxt 47982180
btime 1671453272
processes 70070
procs_running 2
procs_blocked 0
softirq 92948920 50901118 4657280 81661 4859060 3204723 0 16860598 6016190 0 6368290

cpu  3087696 6402 1003551 62110125 3482415 0 215023 0 0 0
cpu0 605062 1686 126058 15818451 868692 0 52636 0 0 0
cpu1 889331 1111 568818 15082804 891848 0 56683 0 0 0
cpu2 1108756 2237 170920 15254589 900397 0 49759 0 0 0
cpu3 484546 1367 137754 15954280 821476 0 55944 0 0 0
intr 1559166246 0 0 381000 75 0 94292 12363414 0 0 0 1079741 0 0 0 0 0 0 0 0 0 0 0 0 0 0 0 0 0 0 0 0 0 0 0 0 0 0 0 0 0 0 0 0 0 0 0 0 0 0 0 0 1445665442 0 0 0 0 0 0 0 0 108474 0 3204775 0 0 0 0 0 0 0 0 0 0 0 75275773 1 0 0 0 0 0 0 0 0 0 0 0 0 0 0 0 0 0 0 0 0 0 0 99315 4206 0 0 0 0 3313323 0 0 0 0 0 0 0 0 0 0 0 0 0 0 0 0 0 0 0 0 0 0 0 0 0 0 0 0 0 0 0 0 0 0 0 0 0 0 0 0 0 0 0 0 0 0 0 0 0 0 0 0 0 0 0 0 0 0 0 0 0 0 0 0 0 0 0 0 0 0 0 0 0 0 0 17576415 0 0 0
ctxt 47982410
btime 1671453272
processes 70081
procs_running 2
procs_blocked 0
softirq 92949081 50901118 4657307 81661 4859064 3204723 0 16860632 6016222 0 6368354

cpu  3087721 6402 1003580 62110268 3482415 0 215023 0 0 0
cpu0 605062 1686 126058 15818500 868692 0 52636 0 0 0
cpu1 889354 1111 568845 15082804 891848 0 56683 0 0 0
cpu2 1108757 2237 170920 15254638 900397 0 49759 0 0 0
cpu3 484547 1367 137756 15954326 821476 0 55944 0 0 0
intr 1559170709 0 0 381000 75 0 94292 12363480 0 0 0 1079741 0 0 0 0 0 0 0 0 0 0 0 0 0 0 0 0 0 0 0 0 0 0 0 0 0 0 0 0 0 0 0 0 0 0 0 0 0 0 0 0 1445669465 0 0 0 0 0 0 0 0 108476 0 3204775 0 0 0 0 0 0 0 0 0 0 0 75275925 1 0 0 0 0 0 0 0 0 0 0 0 0 0 0 0 0 0 0 0 0 0 0 99315 4206 0 0 0 0 3313361 0 0 0 0 0 0 0 0 0 0 0 0 0 0 0 0 0 0 0 0 0 0 0 0 0 0 0 0 0 0 0 0 0 0 0 0 0 0 0 0 0 0 0 0 0 0 0 0 0 0 0 0 0 0 0 0 0 0 0 0 0 0 0 0 0 0 0 0 0 0 0 0 0 0 0 17576598 0 0 0
ctxt 47982595
btime 1671453272
processes 70081
procs_running 2
procs_blocked 0
softirq 92949230 50901126 4657330 81661 4859066 3204723 0 16860667 6016248 0 6368409

cpu  3087739 6402 1003613 62110416 3482415 0 215023 0 0 0
cpu0 605062 1686 126058 15818549 868692 0 52636 0 0 0
cpu1 889371 1111 568878 15082804 891848 0 56683 0 0 0
cpu2 1108758 2237 170920 15254687 900397 0 49759 0 0 0
cpu3 484547 1367 137756 15954375 821476 0 55944 0 0 0
intr 1559175099 0 0 381001 75 0 94292 12363537 0 0 0 1079742 0 0 0 0 0 0 0 0 0 0 0 0 0 0 0 0 0 0 0 0 0 0 0 0 0 0 0 0 0 0 0 0 0 0 0 0 0 0 0 0 1445673469 0 0 0 0 0 0 0 0 108477 0 3204775 0 0 0 0 0 0 0 0 0 0 0 75276053 1 0 0 0 0 0 0 0 0 0 0 0 0 0 0 0 0 0 0 0 0 0 0 99315 4206 0 0 0 0 3313404 0 0 0 0 0 0 0 0 0 0 0 0 0 0 0 0 0 0 0 0 0 0 0 0 0 0 0 0 0 0 0 0 0 0 0 0 0 0 0 0 0 0 0 0 0 0 0 0 0 0 0 0 0 0 0 0 0 0 0 0 0 0 0 0 0 0 0 0 0 0 0 0 0 0 0 17576752 0 0 0
ctxt 47982733
btime 1671453272
processes 70081
procs_running 2
procs_blocked 0
softirq 92949320 50901126 4657347 81661 4859070 3204723 0 16860703 6016271 0 6368419

cpu  3087762 6402 1003640 62110564 3482415 0 215023 0 0 0
cpu0 605062 1686 126058 15818598 868692 0 52636 0 0 0
cpu1 889394 1111 568905 15082804 891848 0 56683 0 0 0
cpu2 1108758 2237 170920 15254736 900397 0 49759 0 0 0
cpu3 484547 1367 137756 15954425 821476 0 55944 0 0 0
intr 1559179469 0 0 381001 75 0 94292 12363573 0 0 0 1079742 0 0 0 0 0 0 0 0 0 0 0 0 0 0 0 0 0 0 0 0 0 0 0 0 0 0 0 0 0 0 0 0 0 0 0 0 0 0 0 0 1445677490 0 0 0 0 0 0 0 0 108478 0 3204775 0 0 0 0 0 0 0 0 0 0 0 75276207 1 0 0 0 0 0 0 0 0 0 0 0 0 0 0 0 0 0 0 0 0 0 0 99315 4206 0 0 0 0 3313419 0 0 0 0 0 0 0 0 0 0 0 0 0 0 0 0 0 0 0 0 0 0 0 0 0 0 0 0 0 0 0 0 0 0 0 0 0 0 0 0 0 0 0 0 0 0 0 0 0 0 0 0 0 0 0 0 0 0 0 0 0 0 0 0 0 0 0 0 0 0 0 0 0 0 0 17576896 0 0 0
ctxt 47982814
btime 1671453272
processes 70081
procs_running 2
procs_blocked 0
softirq 92949386 50901134 4657359 81661 4859071 3204723 0 16860716 6016295 0 6368427

cpu  3087785 6402 1003668 62110712 3482415 0 215023 0 0 0
cpu0 605062 1686 126058 15818647 868692 0 52636 0 0 0
cpu1 889416 1111 568933 15082804 891848 0 56683 0 0 0
cpu2 1108758 2237 170920 15254785 900397 0 49759 0 0 0
cpu3 484547 1367 137756 15954474 821476 0 55944 0 0 0
intr 1559183809 0 0 381001 75 0 94292 12363609 0 0 0 1079742 0 0 0 0 0 0 0 0 0 0 0 0 0 0 0 0 0 0 0 0 0 0 0 0 0 0 0 0 0 0 0 0 0 0 0 0 0 0 0 0 1445681494 0 0 0 0 0 0 0 0 108479 0 3204775 0 0 0 0 0 0 0 0 0 0 0 75276336 1 0 0 0 0 0 0 0 0 0 0 0 0 0 0 0 0 0 0 0 0 0 0 99315 4206 0 0 0 0 3313441 0 0 0 0 0 0 0 0 0 0 0 0 0 0 0 0 0 0 0 0 0 0 0 0 0 0 0 0 0 0 0 0 0 0 0 0 0 0 0 0 0 0 0 0 0 0 0 0 0 0 0 0 0 0 0 0 0 0 0 0 0 0 0 0 0 0 0 0 0 0 0 0 0 0 0 17577044 0 0 0
ctxt 47982904
btime 1671453272
processes 70081
procs_running 2
procs_blocked 0
softirq 92949451 50901134 4657373 81661 4859073 3204723 0 16860736 6016316 0 6368435
