Latency
4422272
7326263
10229374
13243394
13500480
16509208
22976605
25845665
26123873
26392964
26660098
26909839
27192331
27442202
30108758
30367800
30629218
33547381
34221167
37404064
37654868
37905597
40931958
44030847
44299848
44579994
44844669
47363355
47632969
52966078
53215786
55834069
56107350
58916873
61839234
64519088
64774430
67454577
70186761
70463844
73167978
75916024
78660344
110757897
113711690
113968548
114221341
114471102
116950577
117208975
119991576
122789474
125720734
128403227
131191451
133988391
162321816
162573202
162825948
164929363
167075870
169282828
171458450
171705488
173843077
174120895
176177428
178289951
180396392
182639541
184890606
185159468
185436509
185694629
187605134
187893945
188144548
193354587
195565452
197753514
199933760
202053093
202314932
204427099
204699876
206695736
204578682
206862390
209160232
232983059
235336627
235587006
235837368
237852095
240029030
238018297
238291576
238570842
238821406
256697341
258965063
261147455
263478654
265738835
268016747
263995519
264246190
264497561
264746886
266427984
282485895
282759464
284896140
285146000
281132430
283103210
283354004
285481645
285738626
287794729
289305006
291424927
293718993
295895845
296157075
298357922
300585293
302821570
304982315
300937725
301187139
303177520
303437315
315348628
317628699
319767915
320044217
320322022
316281364
318202450
320526010
322737433
336748770
337021224
337277743
337558428
339337980
335330299
335595765
337690989
337970818
342100032
342366451
344563739
346784274
349037645
344993036
347027459
349267704
349519600
349788560
364523325
364830980
365085088
365336706
365593648
364557056
367949804
371420781
374731140
377922566
378189956
381377402
384530231
311051955
314363394
314667472
313488247
313740326
317009871
317267038
317543563
320747625
321005147
324129554
327436367
330660234
333855691
334128368
337376098
370191681
373469344
373735957
369717994
373013840
373274226
373527753
373812626
374110578
377205312
377494569
380823161
384132350
384384081
419063505
422412162
422662831
421606462
424956659
425236441
428596605
428862167
432094111
432368450
432678988
436068152
475132768
478458434
481738830
477729303
481056385
484520324
484845275
488113675
491378059
491629746
494835103
498080731
501366261
501615634
527908528
528176114
531441625
530668111
534024292
534289780
537463322
537740640
538056671
541358987
544651317
547857010
548135661
569418480
569673742
565673074
568964299
572291127
572542453
575812857
579282945
582478484
582737388
586050077
589268396
589533175
607596760
607864648
603850723
607128598
610358953
610630761
610920206
611180856
611478160
614371858
614622563
617867178
618106175
621076098
621326391
624625533
623581002
626973519
627241477
630638992
633991639
637336507
637587649
637840664
638093055
466050202
469306407
469590465
472745435
476062546
476369054
479645575
479932662
483071690
486294191
489541491
492725382
496061051
499333263
499592747
502886220
506102477
509428970
544352178
547682341
550803180
551060525
551313607
551572508
551845578
552097008
552350700
552650840
552906854
555751308
558934246
559238618
575176150
578586535
578869891
579124612
582397852
582679411
585884540
586141976
586397500
589602670
589862430
593116864
596274211
609232190
609514990
609777926
613089613
613378020
613629332
613914521
617295490
617546217
617796638
618047128
614004468
631265417
634805395
638222277
638500399
638749831
639007650
639289739
642468179
642722015
643013505
643268335
643547532
646611209
660928263
661203000
664592942
664879609
668269098
671658487
675019712
675285515
675539490
678622642
681919842
685185998
685435551
688571218
706028085
709361056
709646351
709918757
713031631
713308922
713575819
716792528
717042984
720328800
723614769
723879219
727047233
730214772
759846192
760133478
763405672
763695223
763982769
764241515
767451553
767738100
767997082
771100735
774327765
777629430
777900636
455559768
458881185
462301751
462568496
462865561
463142710
459099182
459391157
459681001
459951115
460220061
463005137
503396199
506757102
510116750
510407310
510700532
513969613
514267668
513386989
516605715
516858003
520031215
523223293
526513197
529738273
529991514
560527313
560787962
561062264
564249002
564536066
567688479
567952540
566896385
567168530
570319554
573548083
573812839
577134237
605377001
605651675
605944822
609083097
609361346
605340955
605593634
605886354
606160260
609205803
609482283
612865523
616164818
619665129
619917677
623170029
623426754
626861040
627151384
630523227
629556053
632797426
633047919
633306401
636639875
655075981
658305105
661665549
661919173
665335530
668627431
671904021
672165570
675332868
674400675
677563561
680748258
684100291
684350669
687591691
712054050
715414345
718714811
722041768
725489059
725784360
728994282
732246469
728207223
731419167
731694757
734935266
738180279
738430102
741588143
776769641
777051678
777330701
780560188
780831880
776847386
780216768
780480158
780732815
780988487
784201625
787461144
819283348
484113178
487628143
487888651
491242994
491523918
491777242
492068261
492350828
495446581
495700598
495958581
499038328
502233283
507340368
511052593
507024465
510324328
510618528
513856733
517137669
517389126
520724664
523925434
527179753
530384831
533626177
533882095
534147910
556937952
552903500
556125025
559494904
559775765
563034107
566560549
570063823
573319704
573572278
576719906
576978100
580266924
583508875
605277186
601271694
601527293
604741135
605025701
608517505
608805484
609104140
609374901
609638269
609889216
610169354
613176314
609157720
612534317
615957476
619237905
619504095
622828160
626134101
629508888
629761038
630019521
633162343
636347109
636618172
639843091
654813955
650830478
654092860
654355122
654633844
654913018
658014196
661420704
664897570
665151810
668361990
668622846
671761882
672022808
703115245
699072453
702382302
702673288
705921646
709235283
709499093
709749262
710017429
710303571
710581993
710869866
747134988
743118634
746482952
746760021
747009920
747260511
747541084
750749857
754181327
754431248
754680898
754952679
767082467
770326509
770601623
773868160
777324058
777577507
781052019
781302358
784652135
784942177
788332198
788593111
791783788
794981894
798271602
798850891
802264670
805506439
805768077
806027828
809189947
809454141
812635377
812894824
816090478
819491963
822768660
431649090
434878521
430854578
451029491
451288539
454740351
458021884
458305959
458554395
461862379
462116239
465369256
465619425
468766724
471984148
472247848
471221047
475695278
479152130
482592642
485852359
486111799
489433084
489719222
493187432
493480399
493754651
494010452
489966574
490216278
517205194
520482721
523831360
527238347
530546958
533837691
534097021
537277821
540534982
543775759
547021728
550222271
553476307
553737580
549702798
585674270
588929120
592362754
592649713
596027327
596310816
599772668
603021720
606177596
609487732
612772809
613049201
616338168
616615944
612577860
648553437
648813957
652185622
652435880
655943062
656224669
656489688
656755585
659976428
660258580
663475864
659438679
712400973
712669104
715955044
719406728
722767527
726048008
726300518
729581988
729864397
730115151
733312855
732289349
765463321
768977286
769233568
769504721
772806621
773088710
773379505
776531011
776783140
777033881
780335270
776297960
779490612
807577437
807851532
808102992
808388108
811545462
815041924
815294124
818604805
818894218
819178231
819444404
815435717
540005454
543394885
546631156
546884892
547152947
550393939
546373712
549654590
549960817
553236802
553528697
556673603
556958969
560326031
588191587
591624712
591887137
595182799
595433502
591389765
591642081
591909291
594985925
595247207
598353363
601598046
636175525
639500922
639783095
643168966
646481840
649737014
653130438
656348134
655368061
658758183
661960113
665307846
668626683
668896944
680977811
681250400
681524564
684712351
688033507
684003388
684289290
687590144
690859578
694157935
697485168
700690368
700944570
728401604
731909195
735166080
735419788
738689560
742174432
745326272
744361640
744618695
744882250
748049255
751277725
754521215
757804722
780493573
780752089
784009920
784276673
787528561
783522119
783771685
784035493
787168778
790515914
790776615
791051353
791308088
794121789
794400491
797886105
801233146
801519551
801808708
804935214
800899001
804037698
804347834
807475767
810652840
810915785
811165014
848728153
852079487
855267248
855530744
858787111
854797871
855076267
855351228
858686500
858969088
859224481
862351293
865723601
868890577
461685512
465222918
465483223
468654822
468914226
472294766
475718009
475978637
476228017
476481607
476773805
479711998
479986308
520406972
520670001
524085031
527370824
527647622
527938622
531321403
531615899
531867368
532116827
532367376
532636192
535769492
536738283
540183095
543765557
547020702
550270242
553506600
553772042
554035678
554301654
554552452
557706953
560952228
561234527
578718911
582037061
585432360
588693735
592036488
595415940
595670957
598864472
602162975
605442782
608677339
608954380
609213809
637520631
640722872
640976384
641228441
641497095
641782890
642067713
644958442
648360188
651761341
655040350
658334018
661593781
664922487
690219142
690487922
693804958
697010405
700406635
703938558
704225863
704490561
707657958
710929179
714186261
717577004
720942864
745810347
749289590
749553408
752681491
752932714
756095778
759476920
759728560
762815697
763088857
766290067
769635166
769911331
773092738
773363685
784129485
784380069
784663133
784931952
788085938
791394328
791670084
795041545
798516022
798767345
799018881
802240260
805481263
808712337
811852314
811759937
812016410
815305202
818837022
819099362
822486908
825772445
826064368
826324258
829706991
517353684
520669828
520952633
521233041
521514904
524534648
524838490
528156340
528407692
524386871
524641347
527885131
531174822
552399393
552658111
552920728
556221382
556498012
556751501
557041180
553018273
556152644
559493242
559783727
560037184
580205343
583676274
583968605
587255075
587540189
590838951
594196623
597408138
600696904
603974570
607143787
603108088
603365400
617785691
621108805
624394335
624679135
627853009
631270085
631547887
634881766
635133872
635384361
638394868
638663348
634630030
637747424
640943597
644144014
644399595
661716697
665079868
668507290
668778812
672057535
675384067
678721057
679012430
682305042
685495587
681454348
681712483
681966175
702834471
703109795
703383790
706700969
706969684
710360405
710629247
710904528
713990361
713098666
716378934
719717260
719981060
735926021
738104613
740337693
740593075
742666755
742916870
745019858
745301123
741257311
743160984
745398693
747552726
768593532
768867498
771038270
773236455
775443291
777631210
779905101
782057903
778029024
778285739
778564379
396714375
399016354
401337959
397343748
399445507
401802186
404003376
406254735
408354734
408623597
425136954
425435553
428775184
432107914
428078566
428382080
428675403
431819005
435164601
435427372
435686542
438933124
442105427
445401179
449965840
450218881
450506918
446471640
446760238
449852604
453337755
456705366
459890877
460164257
463438609
466617557
469832360
470081957
506817359
510260048
510516565
510794042
506757681
507033266
507300307
510334878
510598742
510869769
514121791
517448998
517707534
538538592
541787209
542038952
545422457
541414257
544680348
548102135
551333929
554569840
554821894
555084064
558300577
561500411
564867312
593063063
593319825
593626485
592607406
595948481
596223614
596514216
596764898
597053111
600245089
603539395
603794486
627219764
627491575
630835904
631098632
630061314
630333493
630598501
633986071
634250698
634506352
637736800
640896706
644147200
670945689
671240677
671499248
674548761
673677967
673928206
674180854
674437462
677726702
677999580
681261025
681520796
400092297
400400436
400685680
403988161
407310358
410772545
414022355
417256639
417538436
420658794
423940407
427203255
430473041
430747226
433935358
432924788
438031248
438291920
438542508
441925591
445436704
445687243
448951603
449226386
452319493
455683117
458965090
459237694
462374702
465538724
464499960
467715338
496978590
500329715
503696360
503964222
504221676
507472301
507775508
511243219
514759663
518043804
518317089
521598229
521853020
517818037
520953322
549765984
553093378
556547150
556815976
557092825
560392732
560683319
560944811
564039249
564310037
567553885
570782082
574064957
601905145
605412894
608688487
612104624
615256391
618464685
621745290
624957052
625225022
628476874
631637146
634854342
638084628
638355223
638609095
634560585
660095188
660382457
663644522
666945782
670306856
673704577
677075215
677326930
677582405
680955334
684180721
687409569
697729415
697981020
701265699
704539883
707980372
708249008
708520377
708795374
711930946
712208569
712497694
715854579
719204770
740854731
744106434
747474930
747761836
748013113
748264707
748550818
748815209
749100395
752203700
752471436
755595957
758703712
754687633
779134090
779390164
779683143
782997181
783360902
786684334
790004702
793407519
504390225
507715204
507968979
508233377
512093224
515451922
518887820
519160469
519432143
522659078
526084141
529403161
525374708
525637626
528893406
532112248
535341727
538590908
573102532
573390418
573655159
573931552
577118513
577408845
580587670
583869206
579866526
583031149
583319170
583584873
586859444
614815918
618292061
618550285
621777228
622066221
625366586
628589723
631955522
635167302
638386452
641533925
637492198
637752641
638016475
669655127
669910395
670166110
673496228
676939166
677192689
680664170
680927669
676930922
679920585
683180130
683449620
686575608
689904511
708148385
708440768
711705264
715057483
718252200
721553918
721834054
725141899
728406172
724399734
724667228
724921695
749528291
752929610
753225916
756571931
756867243
760185291
763525968
763805790
759774359
760026205
763056248
766407692
769668546
797055696
800245328
800536832
803682237
803950354
804229482
807419379
810690649
810972972
811229461
810016288
810283747
813464816
816744745
820026353
855998067
856267150
856535017
856808546
857078565
860204429
863721821
859679447
859935961
863308319
866616363
869806267
873207922
878399255
881593200
885022785
885278540
888543863
484519983
484770616
480742163
481002098
481285454
484416958
487739353
488004248
516775941
517034191
517308645
517572184
516465697
519838940
523265624
523517349
523817612
526950565
527240314
527520463
557323695
557588296
560978998
564457394
567722678
566911312
567172016
570417808
570672620
573955310
574216971
601971751
605354845
605610868
609102735
609367932
605343071
608781007
612021730
615217177
615486242
615742737
615998285
656604756
656855709
657143058
657416343
660481349
659825960
663274757
663534555
663797451
664069725
664358137
664615975
668795314
672243539
675439281
675691931
679129013
682478380
678437960
678691488
678980922
681989675
685292387
688499785
688760844
713846471
714112877
714409572
714678993
717912218
721335160
724716637
723739735
726951328
727217428
727476796
727733273
727995457
762429665
765662569
769049312
772315675
775636810
778894644
779154668
775134027
778288389
781444323
781703327
784932411
785195885
785451193
788624644
818889215
819139674
819406715
819655960
815639275
815933025
816223514
816484934
816766373
434263647
456257216
456560448
456814634
457101848
457370744
460588510
460856114
461125697
461415385
460344552
463850519
467364448
470817223
474274001
474528337
474789984
475071149
478218134
478500638
478754176
479005980
479257457
475252434
493871542
497275011
497533216
497820440
498075418
498362656
501706034
501999731
502253357
505575046
504679124
507878426
511056455
541488255
541778605
545128389
545385071
545673041
545931996
546218972
546513161
546799588
542788534
543044944
553467062
553725707
556958674
557246577
557527178
560944308
561227242
561515665
561778397
564940547
568148895
571373298
567357312
570718257
574052097
574331011
577659941
581020897
581287555
581538401
584579010
584838828
588045996
591340199
591597427
594811106
598033995
596975690
600344714
632373984
632632064
632930100
636063561
636330297
636600666
636869946
637137826
640323270
643861762
647194267
647475093
646348648
646614475
650526385
653805171
654058821
657379364
657645940
661070143
661320698
664608568
664880425
665129852
665388483
668624278
667743927
689343913
692764005
693052315
693317726
696534452
696849555
697130974
700310655
700566865
700856101
704043914
707375213
710647347
706606459
390542754
394017778
394300782
397607811
397864025
398120548
394130466
397220113
397484321
400834578
404177584
407540314
426695534
426969354
427249326
427527345
430872772
431144894
434190828
433285064
433566597
433830351
437061283
437319901
437597767
462423758
462680674
462949885
463208489
463459016
463719986
459689528
459972533
462961235
466271486
469576281
469834841
492023906
492324051
495707874
495958318
499180389
502457837
502734932
506128592
502107919
502377626
505605368
508750071
509000537
525906124
526179038
529444111
529703704
529999115
530259845
529081428
532417154
532705691
536096476
539488431
542661514
542936019
546095702
573503917
573758685
574046532
574298225
574551721
570538674
573692202
573978228
577317090
580629409
580902200
581175560
613912903
617296259
620814316
623976440
627347542
627613216
627883854
623844704
626865490
630117037
630389034
633750694
669718436
669979035
670258975
673606885
673896892
677277544
680628521
676592056
676848640
680053507
683269183
683524424
683783132
432083519
435390256
438547318
434526092
434777898
437942857
438244297
441518525
441770897
445058938
445339745
445605321
445897875
446149381
466329806
469719686
465688909
468804575
469069117
472412687
475906265
479113906
482343452
482612988
482877537
483138463
486322861
486588810
518129127
518415881
514408910
517466450
517738178
520994115
524242040
524493420
524788147
525059197
528509136
531861714
532112281
535326288
538494915
547165840
550399426
550651827
546620860
546898233
550016883
550298486
553589491
557039890
560207253
563514322
563777967
564036792
596369327
599774156
595762014
599176270
602380286
602667913
602949926
603212176
606375950
606643748
609746688
613086988
616291924
619456178
622756893
644582839
647930323
643918362
647266805
650725872
651020845
654138087
657409754
657660157
657912366
661135064
661409665
664580095
696256668
699698265
698856905
699138275
699422016
699685005
702875561
706249772
709527235
709806315
712919524
716178026
719365846
722550631
751056793
754496222
753713900
756912686
760307359
763593895
763875728
767121782
767372891
770601054
773920160
777140589
777404626
487702532
487979442
488266459
488532301
491772540
495194144
495487312
498652696
498920688
494937378
498279692
528748098
529020771
532287915
535625132
535901505
536189224
536481957
539850791
543142841
543401352
542226458
545620328
560154902
563459717
566862396
570294399
570562284
573975810
574276073
574535801
577732397
577992257
577092880
614231339
614483375
617920868
618203361
621508086
624992144
628254416
631460215
631739263
631991406
631026535
634270393
637377904
640729685
644013707
649545271
649799098
650064541
653323766
653588516
656951584
657206227
657466150
657725781
658011452
656827278
657085963
657356046
661998258
665306885
665569199
665859671
669280368
672728206
676020335
676281534
676536136
679619930
682834793
681871289
682150196
685242193
710654302
713907940
714185056
714471892
717722581
720984936
721241527
724424294
724675818
727921118
731178364
731433784
727379337
727633136
741234437
741517413
744830054
745113837
748256162
751514164
751800578
752061360
755409014
755703036
758894148
762210457
758185735
811638633
811893895
815266650
815539521
815828462
816079024
816336635
816614349
816895082
819881305
819055354
819332857
489927532
490187054
493646871
493899634
497218801
500605269
503814905
502799198
503049794
503311545
506524826
506786204
511572368
511870125
515261502
515511883
515764447
514757793
518197128
518460893
521635183
524811170
528106278
528379109
554152092
557523374
557805036
558097647
561272627
557234590
557488822
559660395
561864558
569193107
569448573
571459286
571735806
573847826
575981077
574022023
574279745
576315748
578539079
580670596
580927928
583119171
585256088
597399875
599649214
599914458
600171098
596127202
597882619
600209652
602365989
602622319
602899969
604849747
607053838
614384292
616616309
618755742
621090454
623298812
619261121
621382227
623547766
625755172
627895402
630094777
632381237
649286006
649551035
651651957
649657392
651902954
654251601
656500161
656763406
658753273
660922197
673247162
673514120
673764197
669730166
669980589
670230675
670480096
671934176
672207390
674215979
685036378
306827964
308897906
309152275
311284462
311534724
311794890
313855359
316074139
318236923
318501346
340027818
343345237
342432713
345891019
349230607
352438635
352716460
355947741
359120115
362320837
362591481
362841970
363097705
392130449
388127786
388388515
388655164
388932202
392264848
392515068
395695317
395955425
396224176
399538864
402904128
403157983
429328292
428459185
428741350
432170452
435484534
438717207
442014308
445377811
445641369
448928235
452290141
474790154
474055180
474354241
477642551
477892112
481102708
481358999
484641104
488050663
491365893
494726539
494989673
498119147
529926456
525918762
526172617
529235259
529514682
529781774
530064053
533190150
533465178
536755887
537050852
540361230
543546794
587837959
586953979
587213506
587469886
590603950
593866775
597220718
597502563
600625999
603832405
607101602
610304402
610576633
613744251
614018826
644014484
640007930
640296370
640549018
640801493
641064687
641315090
641573609
644264173
647713179
648001307
651453802
459490145
459784788
463261481
463545093
466807113
462775070
466106545
469438461
472700227
476098084
476354759
476620388
479784786
509677019
513094549
513362283
516870012
520047031
523545581
519499141
522801022
523079251
523344894
523604425
554840858
555124261
558422844
561674639
561938840
565262131
568498495
567547210
567819405
571155074
571429405
593042472
593302111
593572598
596759850
597056524
593056857
593324487
596357674
596608864
596863385
597145265
597415644
597697985
600634777
633806554
637085269
637336010
640471235
640739182
644200371
640202117
643429166
646696508
646960127
647227770
650613912
650891527
687177532
687457587
687750236
691088150
691342663
694657421
697990492
693964775
697106368
697362797
697615769
697874247
721714342
725177754
725431211
725681761
725988468
721958912
725101841
728500670
728792517
729044168
729297526
729586994
762031601
762312941
762578204
762831813
758809947
759097464
762128674
762407891
762660553
765978525
769280124
769537168
485451807
488799370
492227643
492511250
492761794
488728708
488985653
492190341
492483277
492749259
495812297
499057734
499321126
527628971
531010489
531289727
534529291
534781841
533765993
534022454
537212767
540520727
543871170
544140519
547268824
547531358
550689148
553977558
582900330
586291117
586547526
586809281
582805084
585935334
586189584
586443154
586702865
587020740
587273306
616120014
616396769
616680656
619815528
623081874
619100570
622303624
625647442
625930488
626219367
626471997
629646376
629901190
680248899
683620259
683887121
684172360
680133098
683323201
683613559
683887723
684198765
687359234
687633028
704384663
707761329
708040267
711406326
706242341
709389157
709651375
709907466
712955408
713222411
716394380
716670234
720039373
720299515
750687063
754088236
757406508
760792349
764122032
763209903
766447405
766707927
766969491
767224321
770483220
770742552
773947411
799646871
803264258
806614627
802617005
802880582
803171657
803459964
806550845
809955275
810208251
810469379
506004220
509421472
505410011
505699384
505949966
506226624
506500648
509589569
509843769
510128619
513523308
536771477
540115295
543419851
539384973
542799823
546136730
549424468
549696017
553022107
553273889
553553110
556719581
610864828
611137776
607094652
607394412
607646995
607897430
608161252
608442110
611588483
614826231
618404063
618686133
646353145
649651429
648697277
648950747
652312740
655723961
656010850
656267407
656547659
659890172
663130298
663413127
680618052
683967317
679960685
683266900
686631742
686885537
687149970
690508044
693763229
694013759
697253794
697530437
731276411
708894202
709147203
709402205
709653257
712836557
713091911
716398982
719699708
719964667
723258409
723518024
752118966
751248428
751532363
751814965
752073673
752363020
752619008
755648127
759135862
759419983
759680588
759936091
782613051
781765495
785286531
785541680
788802381
792046573
792320790
795585330
798910561
455128487
455385848
458519103
476601641
480025295
480276195
480526511
480792295
481044459
481324770
484391282
487801084
490997005
489995020
490261992
490525616
511220965
514497583
514749212
515033035
515289858
518623624
518892205
522143205
522402862
525634663
524680759
527952678
531248091
534521770
537746197
540989290
582349133
585701366
589047261
589349041
592602632
592852417
596097448
596367814
596665780
592621346
592913150
595956365
596219078
613322740
613592732
613847242
614109230
614387396
617526595
617818709
613779129
616983746
617241187
617495847
620801071
655425643
658762973
659057357
659307833
659558379
662474310
665859302
669346095
669621573
672906262
673170056
672109097
672377216
675622391
675883421
679034281
705213895
705491048
705741183
708972608
709243601
709503637
709738227
705739833
706046461
706335108
709460385
709750939
735070836
738522791
741866877
742144063
745337910
745600780
748883097
749134325
752256568
752508475
751491061
751752786
754902853
755153655
784292875
787636351
790918474
791203385
441875607
442148253
442421074
442686046
445902551
446153720
446443943
446709743
446963355
468952278
469215620
469480937
465455853
465706645
465957070
466211615
466482727
469589934
469844542
470106511
473311647
476555754
476845287
477126197
476041665
476333278
479746758
479997289
480268557
480538578
480794065
481052884
484152480
484436974
519295144
522751284
526092049
526368234
522332786
522586474
525804085
526091495
526348263
529608163
532774210
536140935
539466857
574844570
578135894
581471639
581760147
582034611
580706271
580977900
584149518
587619770
590933505
594103983
597253034
600554328
603822420
604087141
607268326
610577783
643621702
646994101
647288291
650543051
646527239
646786794
649999638
650265182
650542069
650795620
651055403
651340436
654309646
677363222
677639148
680943122
676904788
677192248
677462360
680678342
680930786
684059980
684342456
684598045
687747869
690981342
714331467
714613211
717780726
721296473
717252958
720671966
720952211
724262117
724546110
724837394
725090642
725349182
728355557
731725208
736196062
739536002
739845780
743273647
739283700
742554702
742820559
743109058
746458517
749677113
749952233
753259143
756601632
759939994
448299929
448572352
448825712
449090586
452324334
455614926
458983325
462563802
462820194
465908700
466179687
466472691
507317752
510824442
511074640
514295241
517747204
520966618
521217258
521484957
524698277
528000898
528267641
531478216
534693003
533638894
563190841
566631484
566891313
570162756
570449542
570710109
573911335
577171118
580449867
580706377
583926520
584181174
587395547
601645713
605132639
605418848
605702815
605959381
609252231
609517022
612913841
613179528
613449471
613724363
609708561
642682336
646057512
646354208
649430255
649713448
652920780
656341085
656621969
659849885
660154327
660416130
660669692
660932558
663887467
667145151
704296130
704565889
707896522
711259638
714674481
714936860
718229475
721484514
724710767
727934752
728185672
728447100
731721427
730767938
767384771
770824676
771083941
771338478
771607785
771857208
772107828
772378597
775623548
778993004
782213071
785381909
788663554
813849613
814151093
817393298
817669345
817960101
818235890
821494997
821806397
825129118
825407752
828793801
832036599
832302602
831142497
834314461
556108968
556375611
556634106
559863386
560146599
560422808
560696875
559340640
562711859
566171953
569419459
572690880
576035782
576295955
599113494
602476151
605877776
609136934
609413596
612644510
612924214
616088027
612050889
612303775
615480804
618644453
618913025
639144585
642659381
642911675
643164323
646499624
649965179
650246691
649210202
652430247
655732403
659091676
659361406
686888244
690303835
690593976
693895270
697204521
697458562
693416904
696444312
699836152
703230076
706512643
709772281
713146983
716380291
719634555
729011830
732558665
735990068
736278572
739412131
739701323
738615363
741951895
742222635
742504592
768296419
768561451
768824425
772092373
772376874
775607101
771577654
771829227
775076826
775366457
775637467
775892149
788201144
791365889
791643460
791894114
795036600
798370762
801718263
802001801
802281374
798245237
798511368
798763705
801634678
804881668
805132414
805398297
831452695
831721020
831981311
832249592
832520728
831399974
831675228
831931937
832186635
832447384
832731347
835828500
839148474
843024703
846527281
846779614
847038416
838719397
841925798
845330473
848494464
851858024
854753454
855003677
857182608
446447471
446721618
442682588
444728735
446859665
449113219
451262524
453574282
455669601
457807541
459997101
462084085
464253820
464507874
466596553
477133804
479424804
475388040
475637299
475888641
476138938
477936092
478202909
480280137
482447701
491649785
493793345
489792397
490042607
492031817
492299382
494336948
494587679
496722860
496973847
499013323
