Latency
2873846
3137737
3392527
6700660
9924173
10206486
13469602
16633794
19747012
20032378
23069469
26249884
26537670
29595352
32978827
37661628
37945970
38196804
38487982
38739018
39026177
39315860
39591224
39849692
42690501
42960561
310785
611158
933606
2901878
3162822
3573398
3872552
6337531
8854631
11449909
11729814
12007689
920831
1174388
1444225
1724619
1976428
2230125
2513275
2764122
3020747
3366540
6360423
6618214
823036
1079700
1333684
4129611
4386220
4665325
4927190
5181933
7751594
8019313
8281490
645468
900706
1179601
1444604
3892142
4166260
6900240
7163871
7463275
7713834
8490182
8749892
725607
1019132
1290401
1547572
1814753
4090177
4344051
7286470
7569767
7819124
8070882
8321474
650657
3655304
6544153
7168270
7420948
7677810
10446202
10726007
10981668
11263835
11534029
11785234
676783
3601036
3893608
6864617
9809203
10091265
10798463
11048093
11301834
11588192
11876317
12150342
692455
987707
1238392
1503964
1785604
4166165
4436192
4688049
4961986
7411679
7697145
10520794
749062
1010944
1283278
3874306
4145405
4403615
4695127
7377205
7661432
7951271
8204935
10975600
648744
901638
1201380
1454928
4214852
5057678
7910613
8184591
8482364
8735162
11515607
11783634
3584869
6530015
6790317
7039934
7290809
7580224
7852761
8293563
8601045
8877498
11669823
11936902
721199
998147
1257823
1513754
3963655
7041697
7316231
7566926
7818811
8069410
8320212
10984534
727565
980631
1270176
3803422
4069418
4324201
4581118
4860724
5111607
5406439
5658089
5917113
764033
3724712
3988328
4267717
4518589
7294805
7568775
7818539
8419948
11377667
11643424
11924345
12174607
688320
982650
1236421
1487012
1737898
1998796
4493985
4749832
7635347
8707800
8988179
11720543
11998857
726190
1080493
1354236
3929876
6868378
7158570
7419502
10158235
10416950
10668729
10940021
13692817
13971777
414856
692196
959866
1449396
1713441
1975490
2243498
2496896
5213853
5465567
5727660
8451962
725162
1003786
1262794
1515542
4110393
4386377
7260207
7532931
7792904
8055541
10691882
13684446
16747407
888611
1163498
1414162
1664418
1975615
2243011
2541918
2827268
3079093
3331713
3614900
911343
1194057
4032907
4291861
4570779
7516605
7768251
8048638
8299382
8774363
11658387
11915999
12166485
15020717
723175
3802624
6777828
7038613
9932345
10211446
10467019
11065023
11330127
11587834
11876081
12141825
12422660
659834
922243
1174288
1446467
1724617
1974833
4314272
5053422
5309533
5565265
5822917
542198
839125
1089126
3593821
3851676
6273956
6563081
6826068
7079785
7336014
10136074
10419288
400311
763631
3391157
3660081
3922172
4186903
6590030
6879224
7151381
7403161
9734415
10624572
10906646
11208520
720949
1013485
1266556
1522290
4160941
4442497
4693109
4943704
7657726
7907782
8175567
8457727
766314
1017917
1268485
1519104
1769692
2020500
2271160
2658068
2937532
3223112
3473868
3725537
3756393
6793170
7052959
7331575
7587485
7872044
8138374
8422626
8707082
9325628
9585579
446375
961705
1211696
1474764
3707512
3973114
4263838
4512088
4762778
5013667
7297562
7575807
10436818
645644
928987
1186840
1438690
1700910
4350210
4996472
8007910
10897217
11185095
11434875
11688590
11938287
14583253
710717
981725
1253614
1503323
4228637
4516896
5055081
5326526
8209494
8492697
8743531
8994241
9244444
500917
761182
1031153
1285853
1545180
4058037
4335186
7266191
7518284
7800210
8473787
8741851
953604
1217024
4130072
7170312
7466306
7724795
10630803
10897985
11160392
11413290
665677
952658
3763004
4313460
4587030
4836607
5086075
5338605
5630654
5923387
6174925
6427463
792310
1069534
3913754
4200284
4458184
4755019
5042084
5317979
5577744
5849766
6157621
8814129
9104200
686495
942555
1198242
1449941
1715298
4334705
4588806
7524445
10466065
10737604
10990090
11243937
766172
1016395
4002814
6933180
9918477
10186147
10472157
10769736
11020204
11669150
14597134
14864723
17769888
727361
3822972
4099554
4349849
4600237
4850967
5114542
8018245
8278883
8571958
9464460
9744376
1118435
1392913
1656690
1938395
4912704
5163868
5417436
5669952
5923611
6212296
6480959
6746437
839914
1128871
1378742
1638807
1923630
4896337
5146558
8205149
8455586
8724363
8974862
9247810
1168560
1424093
1676721
1927667
2203864
2490977
2760959
5803559
6092569
6735202
9941142
10210281
13394785
917746
4041820
4329063
4580177
4831737
5106852
8119462
8382617
9297222
9566007
9850045
10130218
13115739
640913
903786
1178385
1437024
4252140
4510203
4793330
5070293
7647075
7904982
8202944
11343141
11639137
995612
4333277
4622723
4912384
5199959
5456658
8629875
8908407
12092676
12362393
15591758
15882328
19051372
952510
4165633
4439627
4730047
7869375
11184121
11461259
11722110
11973641
15172407
15436199
15685880
1118954
1393740
1653477
1904099
2194354
5207535
5462285
8655835
11879305
15243935
18323444
18573923
21666069
21948411
22243607
1038207
1316912
1592973
1875323
4793468
5063237
8260404
8515632
8769233
9039551
9322693
12142388
15337198
15624771
859255
1124319
4050926
4312432
7436502
10604962
10862890
11116320
11404941
11668872
11949034
12236471
12506801
1069255
1347831
4469408
4749038
5037514
5307302
8367380
11652716
11939703
12190082
15312498
18517578
21736531
22029898
1238594
4537225
7730624
7988351
8247891
8524218
8777990
11828333
12082856
12368814
12637978
13613861
13894675
793453
4002551
7203591
7481270
7768652
10849337
11100581
14207917
14484644
17670403
18577640
18845495
19105787
19362440
22471685
25728562
741771
1000105
4109076
4394145
4681250
4969752
8000326
8287419
8577237
8838829
10058778
10326296
1058274
1316818
1605820
1857390
2119172
2368629
2621293
2905026
3194638
5955463
6205912
836910
1100111
1387642
1672168
1922963
2174491
2424447
2674743
4802924
5061461
5352792
5608496
5858180
1102294
1372954
1623328
1883635
2168571
2449589
5387536
8557625
8807899
9058551
9308946
9558546
772751
1045453
1307556
1594266
1849907
2109815
4804332
8168477
8426388
11518027
14741124
15030232
15282731
988957
1252794
1529030
1793522
2043015
2309005
5434775
5723060
5972628
6235245
7110361
10489378
796361
1062825
1348383
1630564
1906463
2196659
2448605
4731043
5010611
5778868
6050525
797352
4087799
4370918
7499810
7785217
10961481
11217648
11490140
11754094
12031451
15086955
16176153
19506470
1117900
1392866
1647568
1904334
2189337
5392247
5682663
5947017
6204838
6475197
1059845
1332677
4431038
7641004
10864725
11149975
14370817
14658230
14918097
15180052
15452560
15725330
18602237
18895841
866180
3990535
4279773
7202776
7478523
10363138
10628395
13897341
14166896
17491084
17763636
20896445
21146893
21404608
4265144
4521959
4794851
7873630
8123609
8413106
11624959
14870261
15129998
18203452
18482711
18748792
19010717
896101
1164311
1441691
1738285
1990968
2263413
2546740
5338526
8433668
11594021
11869098
12667651
12923454
16174028
798320
1083030
1356259
1607222
4433569
4691078
7702207
7973078
8223158
8497520
11575745
14816051
15087035
876468
1138100
1402420
1656135
1953730
2204347
2455002
2705294
2955776
5359219
1117445
1392150
1646714
1936297
2197999
2474458
5400993
5676723
5966110
6245114
6497695
1036980
1291438
1541830
1792415
4580131
7578685
7859344
10826511
13843442
16809689
19805415
20078564
20370515
23211890
704188
970634
1230230
1518538
1769078
3908684
6746489
7037655
7296309
7581131
10143782
663542
3681172
3931645
4184182
4475251
4768029
5018362
5268878
5901997
6183108
6440300
361857
655941
909475
1285782
3763472
4575057
4842660
5118963
6933833
8110400
8388326
8638081
10148527
459350
719005
971695
1259559
1518337
3703300
3981222
4248491
4538299
4805752
5386435
8361491
8626647
703661
954838
1239930
1489065
1740448
1993160
2252984
4761950
5039517
5763349
6013644
6300664
850614
1102713
1384969
4195286
4479262
4736934
5000772
5281711
5565103
5833331
6119502
1113642
1400520
1659427
1945738
4908152
8030978
8305795
8580716
11672650
11936848
12190008
12455137
3959924
4213332
4489650
7521979
7808675
11006221
11269922
11524601
11813836
12065278
12326176
13149971
16467924
753780
1092727
1381642
4196337
4474741
4751531
7904986
8162908
8417599
8711429
11630060
14905338
15191073
922499
4129272
4427273
4679956
4967493
5250740
8137210
8394117
8649196
9461978
12738671
12991802
13242036
16478232
1104451
1386802
1642522
1891805
2178381
2428799
2719180
2970789
3259414
3510888
1067516
1325232
1622089
1909267
2199615
5362106
5674152
5929135
6217305
6467803
1054571
1337082
4414862
7701227
10984292
11275475
14329787
14611598
14897671
15155424
15414668
15677773
15950711
3974634
4251316
4511992
4768675
5051125
8128332
9141636
9415287
9675499
9955081
10239984
10498663
892191
1153654
1404045
1678785
4801797
8110534
8391234
8664663
9647977
9926203
10196001
743399
993573
1252294
1518135
1790757
2056997
2339263
2625126
2897317
3187213
5765438
6016942
1044330
1319530
4523801
4774608
5043285
5307925
8337470
8622267
11723788
11987332
15242100
15494489
16621243
16880556
790054
1053551
1333360
1632956
1889829
4471107
4748351
5026472
5276050
8367565
8617805
8874481
796777
1069032
4287015
4545339
4833795
5091536
5364143
8303040
8554324
8811290
9673010
9952548
13153605
13404520
4262926
7529921
10844180
11098675
11387808
11639265
11909276
14859197
18081530
18368895
21450582
21714665
21972386
22262119
25242608
796636
1080081
4227657
4500286
4782802
5033261
5283794
5913164
9065070
9358273
9610868
9869431
12950908
636353
915122
1202444
4186995
4450863
4740935
5034657
7540622
7830829
8088990
9168072
9434032
11250045
14477484
922190
1202957
4320304
4593577
4853143
5121497
5401423
8187265
11390640
11665551
11916111
12168814
13081557
13340012
978677
1257777
1522867
1785896
4990627
8196210
8483930
8759627
9016448
12063858
13089890
13375904
13652987
648396
1046413
1325059
1583838
4220328
4512074
4780162
5048055
5307447
7911904
8173869
8432338
8693227
8956525
1122655
4269494
4532077
4798157
5081384
5341015
5614271
5892718
6175259
8847346
9100943
12178524
15454805
15737302
747249
1022103
1308520
1617514
1921801
4522643
4785157
7864950
8128795
8386622
8652409
8911268
9165788
1030926
1304994
4391577
4662308
4921220
5172686
5422292
8311760
8563430
11789815
15034429
18352067
21514370
21789104
24888157
1065881
1348409
1598847
1850422
2100941
2353388
2640038
5527597
5787514
6038743
6295218
6547582
918799
4205171
4547522
7471038
10703411
10953989
11204381
14330997
14612414
14884164
15134595
15397259
18565590
938126
4078833
4329187
4578594
4828250
5111608
5373401
5627914
5889776
6158477
6747472
6999988
7286930
789685
1041340
1320117
1584172
1829922
2089730
2350415
2634234
2916093
5557918
5849223
8955095
4102482
4355696
4627341
4901032
5152676
5406265
5692880
5967987
8763398
11899131
12177067
12472135
15454001
831008
1103896
1373140
1645156
1924085
2175477
2425115
2685506
2979811
5782561
6063657
758836
1013719
1259778
1510277
4284988
4548208
4801627
5072272
5326054
8320577
8585391
11838098
15085011
15366840
1143746
1429755
1706836
1979507
5071768
5327099
5577677
5864268
6128016
6414424
9289867
9558668
752464
1036414
1304094
4257300
4548344
4800141
5053450
5310142
5599195
5859014
6134222
605732
875061
1147322
3669742
3934690
4267883
4526382
7035117
7290321
7576919
10355886
10636392
11413518
11681317
14565967
670198
952718
1211618
1486190
3600070
6515500
6773057
7026907
7856382
8107333
8359449
8616239
970144
1241162
4075073
4325624
7216200
7472924
7755103
10722349
10977060
11231547
11513889
12318469
15388905
18377958
729641
992350
3996890
4255541
4508598
5225833
5509060
5759415
6016065
8777295
11812208
825842
1104027
1400710
1663805
1919757
4635511
4910442
5165100
8082818
8355754
593782
847053
1142146
3788420
6805517
7077926
10044787
10295197
10545785
11422962
14451634
17448214
748370
1029505
1294635
3653546
3909562
4180807
4464950
4754459
5005131
5255334
5507005
546237
844699
1133439
1419637
1675637
1925378
2181179
2472208
2724894
2973340
775088
1053647
1326193
1579935
1890952
2141382
5093002
5347527
5620577
8677664
11871367
12132144
15297238
877176
3774689
6709057
6977930
9873585
10140214
13044058
13315481
16139182
16412035
17181331
17448469
17707884
20570130
673850
3546680
3811266
4086812
4357750
4637227
4930887
5181288
5432093
7942175
10855212
557223
814086
1100352
1350632
3731775
3989515
4277703
5235160
5526130
5776665
8656688
469827
752546
1002200
1259828
1517946
1805201
4179617
4450601
4732014
5012387
7360184
7610636
3569997
3832301
4123989
4374532
4624919
4875399
5129064
7689744
8608723
11662904
11913512
14730591
671957
1060563
1335664
3792140
4061367
7052191
7323713
7619393
7869744
8120318
8405395
695755
949273
1199748
1446734
1708458
1997984
2260385
4342755
4643061
4911758
5163314
5424928
931819
1182270
4109832
4395976
4693652
4946130
5196765
5447121
5697673
8174345
8459115
8709552
685185
966677
1239726
1496450
4293760
7241403
7519808
10389779
10653555
10911924
11161335
11881711
12160753
696982
979117
1270173
1520839
1949972
4827194
7831666
8087020
10996415
11264037
11517610
14340028
14624348
515194
783151
1053778
3754781
4011859
4262598
4516365
4766265
5024924
7418150
8458252
8729914
726418
991551
1272188
1530156
4215178
7170554
7422970
10266925
10530686
10810365
11061989
13830864
635777
925106
1221189
1512112
3770497
4054224
4309946
4560608
4810902
7507654
7778499
8031762
