cpu  4005087 43253 2615154 573461191 3516523 0 458585 0 0 0
cpu0 776245 8851 409728 143893992 875957 0 104454 0 0 0
cpu1 1247745 9867 1238342 142448810 899032 0 142100 0 0 0
cpu2 1306844 15133 503884 143275978 909910 0 102955 0 0 0
cpu3 674253 9400 463199 143842409 831623 0 109074 0 0 0
intr 12562555415 0 0 3432567 75 0 668999 33575207 0 0 0 10007193 0 0 0 0 0 0 0 0 0 0 0 0 0 0 0 0 0 0 0 0 0 0 0 0 0 0 0 0 0 0 0 0 0 0 0 0 0 0 0 0 3326489324 0 0 0 0 0 0 0 0 146640 0 3389873 0 0 0 0 0 0 0 0 0 0 0 477544085 1 0 0 0 0 0 0 0 0 0 0 0 0 0 0 0 0 0 0 0 0 0 0 281201 4206 0 0 0 0 11221581 0 0 0 0 0 0 0 0 0 0 0 0 0 0 0 0 0 0 0 0 0 0 0 0 0 0 0 0 0 0 0 0 0 0 0 0 0 0 0 0 0 0 0 0 0 0 0 0 0 0 0 0 0 0 0 0 0 0 0 0 0 0 0 0 0 0 0 0 0 0 0 0 0 0 0 105859872 0 0 0
ctxt 245555532
btime 1671453272
processes 522797
procs_running 1
procs_blocked 0
softirq 275743637 139212803 30968786 453659 10226951 3389810 0 32740944 36400397 1 22350286

cpu  4005088 43253 2615156 573461385 3516523 0 458585 0 0 0
cpu0 776245 8851 409728 143894042 875957 0 104454 0 0 0
cpu1 1247745 9867 1238344 142448856 899032 0 142100 0 0 0
cpu2 1306844 15133 503884 143276027 909910 0 102955 0 0 0
cpu3 674253 9400 463199 143842459 831623 0 109074 0 0 0
intr 12562560100 0 0 3432571 75 0 668999 33575237 0 0 0 10007198 0 0 0 0 0 0 0 0 0 0 0 0 0 0 0 0 0 0 0 0 0 0 0 0 0 0 0 0 0 0 0 0 0 0 0 0 0 0 0 0 3326493328 0 0 0 0 0 0 0 0 146640 0 3389873 0 0 0 0 0 0 0 0 0 0 0 477544213 1 0 0 0 0 0 0 0 0 0 0 0 0 0 0 0 0 0 0 0 0 0 0 281201 4206 0 0 0 0 11221603 0 0 0 0 0 0 0 0 0 0 0 0 0 0 0 0 0 0 0 0 0 0 0 0 0 0 0 0 0 0 0 0 0 0 0 0 0 0 0 0 0 0 0 0 0 0 0 0 0 0 0 0 0 0 0 0 0 0 0 0 0 0 0 0 0 0 0 0 0 0 0 0 0 0 0 105860364 0 0 0
ctxt 245556527
btime 1671453272
processes 522797
procs_running 1
procs_blocked 0
softirq 275743710 139212803 30968801 453659 10226952 3389810 0 32740963 36400422 1 22350299

cpu  4005088 43253 2615162 573461574 3516523 0 458585 0 0 0
cpu0 776245 8851 409729 143894090 875957 0 104454 0 0 0
cpu1 1247746 9867 1238348 142448899 899032 0 142100 0 0 0
cpu2 1306844 15133 503885 143276075 909910 0 102955 0 0 0
cpu3 674253 9400 463199 143842508 831623 0 109074 0 0 0
intr 12562564915 0 0 3432578 75 0 669000 33575309 0 0 0 10007203 0 0 0 0 0 0 0 0 0 0 0 0 0 0 0 0 0 0 0 0 0 0 0 0 0 0 0 0 0 0 0 0 0 0 0 0 0 0 0 0 3326497354 0 0 0 0 0 0 0 0 146640 0 3389873 0 0 0 0 0 0 0 0 0 0 0 477544367 1 0 0 0 0 0 0 0 0 0 0 0 0 0 0 0 0 0 0 0 0 0 0 281201 4206 0 0 0 0 11221647 0 0 0 0 0 0 0 0 0 0 0 0 0 0 0 0 0 0 0 0 0 0 0 0 0 0 0 0 0 0 0 0 0 0 0 0 0 0 0 0 0 0 0 0 0 0 0 0 0 0 0 0 0 0 0 0 0 0 0 0 0 0 0 0 0 0 0 0 0 0 0 0 0 0 0 105860869 0 0 0
ctxt 245557582
btime 1671453272
processes 522797
procs_running 1
procs_blocked 0
softirq 275743864 139212811 30968826 453659 10226954 3389810 0 32740999 36400475 1 22350329

cpu  4005088 43253 2615165 573461768 3516523 0 458585 0 0 0
cpu0 776245 8851 409729 143894140 875957 0 104454 0 0 0
cpu1 1247746 9867 1238350 142448945 899032 0 142100 0 0 0
cpu2 1306844 15133 503885 143276124 909910 0 102955 0 0 0
cpu3 674253 9400 463200 143842557 831623 0 109074 0 0 0
intr 12562569597 0 0 3432580 75 0 669000 33575339 0 0 0 10007208 0 0 0 0 0 0 0 0 0 0 0 0 0 0 0 0 0 0 0 0 0 0 0 0 0 0 0 0 0 0 0 0 0 0 0 0 0 0 0 0 3326501358 0 0 0 0 0 0 0 0 146640 0 3389873 0 0 0 0 0 0 0 0 0 0 0 477544495 1 0 0 0 0 0 0 0 0 0 0 0 0 0 0 0 0 0 0 0 0 0 0 281201 4206 0 0 0 0 11221669 0 0 0 0 0 0 0 0 0 0 0 0 0 0 0 0 0 0 0 0 0 0 0 0 0 0 0 0 0 0 0 0 0 0 0 0 0 0 0 0 0 0 0 0 0 0 0 0 0 0 0 0 0 0 0 0 0 0 0 0 0 0 0 0 0 0 0 0 0 0 0 0 0 0 0 105861361 0 0 0
ctxt 245558585
btime 1671453272
processes 522797
procs_running 1
procs_blocked 0
softirq 275743934 139212811 30968841 453659 10226955 3389810 0 32741018 36400500 1 22350339

cpu  4005090 43253 2615165 573461962 3516523 0 458585 0 0 0
cpu0 776245 8851 409729 143894189 875957 0 104454 0 0 0
cpu1 1247747 9867 1238351 142448991 899032 0 142100 0 0 0
cpu2 1306844 15133 503885 143276174 909910 0 102955 0 0 0
cpu3 674253 9400 463200 143842607 831623 0 109074 0 0 0
intr 12562574319 0 0 3432580 75 0 669000 33575373 0 0 0 10007213 0 0 0 0 0 0 0 0 0 0 0 0 0 0 0 0 0 0 0 0 0 0 0 0 0 0 0 0 0 0 0 0 0 0 0 0 0 0 0 0 3326505377 0 0 0 0 0 0 0 0 146640 0 3389873 0 0 0 0 0 0 0 0 0 0 0 477544649 1 0 0 0 0 0 0 0 0 0 0 0 0 0 0 0 0 0 0 0 0 0 0 281201 4206 0 0 0 0 11221691 0 0 0 0 0 0 0 0 0 0 0 0 0 0 0 0 0 0 0 0 0 0 0 0 0 0 0 0 0 0 0 0 0 0 0 0 0 0 0 0 0 0 0 0 0 0 0 0 0 0 0 0 0 0 0 0 0 0 0 0 0 0 0 0 0 0 0 0 0 0 0 0 0 0 0 105861849 0 0 0
ctxt 245559591
btime 1671453272
processes 522797
procs_running 1
procs_blocked 0
softirq 275744014 139212819 30968858 453659 10226956 3389810 0 32741036 36400526 1 22350349

cpu  4005090 43253 2615168 573462155 3516523 0 458585 0 0 0
cpu0 776245 8851 409729 143894238 875957 0 104454 0 0 0
cpu1 1247747 9867 1238353 142449037 899032 0 142100 0 0 0
cpu2 1306844 15133 503885 143276223 909910 0 102955 0 0 0
cpu3 674253 9400 463200 143842656 831623 0 109074 0 0 0
intr 12562579014 0 0 3432584 75 0 669000 33575404 0 0 0 10007218 0 0 0 0 0 0 0 0 0 0 0 0 0 0 0 0 0 0 0 0 0 0 0 0 0 0 0 0 0 0 0 0 0 0 0 0 0 0 0 0 3326509382 0 0 0 0 0 0 0 0 146640 0 3389873 0 0 0 0 0 0 0 0 0 0 0 477544777 1 0 0 0 0 0 0 0 0 0 0 0 0 0 0 0 0 0 0 0 0 0 0 281201 4206 0 0 0 0 11221713 0 0 0 0 0 0 0 0 0 0 0 0 0 0 0 0 0 0 0 0 0 0 0 0 0 0 0 0 0 0 0 0 0 0 0 0 0 0 0 0 0 0 0 0 0 0 0 0 0 0 0 0 0 0 0 0 0 0 0 0 0 0 0 0 0 0 0 0 0 0 0 0 0 0 0 105862348 0 0 0
ctxt 245560604
btime 1671453272
processes 522797
procs_running 1
procs_blocked 0
softirq 275744092 139212819 30968875 453659 10226957 3389810 0 32741055 36400556 1 22350360

cpu  4005090 43253 2615170 573462349 3516523 0 458585 0 0 0
cpu0 776245 8851 409729 143894287 875957 0 104454 0 0 0
cpu1 1247747 9867 1238355 142449083 899032 0 142100 0 0 0
cpu2 1306844 15133 503885 143276272 909910 0 102955 0 0 0
cpu3 674253 9400 463200 143842705 831623 0 109074 0 0 0
intr 12562583737 0 0 3432585 75 0 669000 33575434 0 0 0 10007223 0 0 0 0 0 0 0 0 0 0 0 0 0 0 0 0 0 0 0 0 0 0 0 0 0 0 0 0 0 0 0 0 0 0 0 0 0 0 0 0 3326513402 0 0 0 0 0 0 0 0 146640 0 3389873 0 0 0 0 0 0 0 0 0 0 0 477544931 1 0 0 0 0 0 0 0 0 0 0 0 0 0 0 0 0 0 0 0 0 0 0 281201 4206 0 0 0 0 11221735 0 0 0 0 0 0 0 0 0 0 0 0 0 0 0 0 0 0 0 0 0 0 0 0 0 0 0 0 0 0 0 0 0 0 0 0 0 0 0 0 0 0 0 0 0 0 0 0 0 0 0 0 0 0 0 0 0 0 0 0 0 0 0 0 0 0 0 0 0 0 0 0 0 0 0 105862839 0 0 0
ctxt 245561611
btime 1671453272
processes 522797
procs_running 1
procs_blocked 0
softirq 275744178 139212827 30968893 453660 10226958 3389810 0 32741075 36400584 1 22350370

cpu  4005090 43253 2615173 573462542 3516523 0 458585 0 0 0
cpu0 776245 8851 409729 143894336 875957 0 104454 0 0 0
cpu1 1247747 9867 1238358 142449129 899032 0 142100 0 0 0
cpu2 1306844 15133 503885 143276322 909910 0 102955 0 0 0
cpu3 674253 9400 463200 143842755 831623 0 109074 0 0 0
intr 12562588463 0 0 3432593 75 0 669001 33575473 0 0 0 10007228 0 0 0 0 0 0 0 0 0 0 0 0 0 0 0 0 0 0 0 0 0 0 0 0 0 0 0 0 0 0 0 0 0 0 0 0 0 0 0 0 3326517409 0 0 0 0 0 0 0 0 146640 0 3389880 0 0 0 0 0 0 0 0 0 0 0 477545060 1 0 0 0 0 0 0 0 0 0 0 0 0 0 0 0 0 0 0 0 0 0 0 281208 4206 0 0 0 0 11221757 0 0 0 0 0 0 0 0 0 0 0 0 0 0 0 0 0 0 0 0 0 0 0 0 0 0 0 0 0 0 0 0 0 0 0 0 0 0 0 0 0 0 0 0 0 0 0 0 0 0 0 0 0 0 0 0 0 0 0 0 0 0 0 0 0 0 0 0 0 0 0 0 0 0 0 105863341 0 0 0
ctxt 245562687
btime 1671453272
processes 522798
procs_running 1
procs_blocked 0
softirq 275744285 139212828 30968910 453660 10226959 3389817 0 32741116 36400614 1 22350380

cpu  4005092 43253 2615178 573462731 3516523 0 458585 0 0 0
cpu0 776245 8851 409729 143894384 875957 0 104454 0 0 0
cpu1 1247748 9867 1238360 142449174 899032 0 142100 0 0 0
cpu2 1306845 15133 503888 143276368 909910 0 102955 0 0 0
cpu3 674253 9400 463200 143842804 831623 0 109074 0 0 0
intr 12562593258 0 0 3432599 75 0 669001 33575524 0 0 0 10007233 0 0 0 0 0 0 0 0 0 0 0 0 0 0 0 0 0 0 0 0 0 0 0 0 0 0 0 0 0 0 0 0 0 0 0 0 0 0 0 0 3326521423 0 0 0 0 0 0 0 0 146640 0 3389880 0 0 0 0 0 0 0 0 0 0 0 477545214 1 0 0 0 0 0 0 0 0 0 0 0 0 0 0 0 0 0 0 0 0 0 0 281208 4206 0 0 0 0 11221798 0 0 0 0 0 0 0 0 0 0 0 0 0 0 0 0 0 0 0 0 0 0 0 0 0 0 0 0 0 0 0 0 0 0 0 0 0 0 0 0 0 0 0 0 0 0 0 0 0 0 0 0 0 0 0 0 0 0 0 0 0 0 0 0 0 0 0 0 0 0 0 0 0 0 0 105863865 0 0 0
ctxt 245563770
btime 1671453272
processes 522798
procs_running 1
procs_blocked 0
softirq 275744420 139212836 30968933 453660 10226961 3389817 0 32741149 36400653 1 22350410

cpu  4005092 43253 2615179 573462926 3516523 0 458585 0 0 0
cpu0 776245 8851 409729 143894433 875957 0 104454 0 0 0
cpu1 1247748 9867 1238361 142449220 899032 0 142100 0 0 0
cpu2 1306845 15133 503888 143276417 909910 0 102955 0 0 0
cpu3 674253 9400 463200 143842853 831623 0 109074 0 0 0
intr 12562597931 0 0 3432601 75 0 669001 33575547 0 0 0 10007238 0 0 0 0 0 0 0 0 0 0 0 0 0 0 0 0 0 0 0 0 0 0 0 0 0 0 0 0 0 0 0 0 0 0 0 0 0 0 0 0 3326525426 0 0 0 0 0 0 0 0 146640 0 3389880 0 0 0 0 0 0 0 0 0 0 0 477545342 1 0 0 0 0 0 0 0 0 0 0 0 0 0 0 0 0 0 0 0 0 0 0 281208 4206 0 0 0 0 11221818 0 0 0 0 0 0 0 0 0 0 0 0 0 0 0 0 0 0 0 0 0 0 0 0 0 0 0 0 0 0 0 0 0 0 0 0 0 0 0 0 0 0 0 0 0 0 0 0 0 0 0 0 0 0 0 0 0 0 0 0 0 0 0 0 0 0 0 0 0 0 0 0 0 0 0 105864356 0 0 0
ctxt 245564776
btime 1671453272
processes 522798
procs_running 1
procs_blocked 0
softirq 275744486 139212836 30968947 453660 10226962 3389817 0 32741166 36400676 1 22350421

cpu  4005092 43253 2615183 573463119 3516523 0 458585 0 0 0
cpu0 776245 8851 409729 143894482 875957 0 104454 0 0 0
cpu1 1247748 9867 1238365 142449266 899032 0 142100 0 0 0
cpu2 1306845 15133 503888 143276467 909910 0 102955 0 0 0
cpu3 674253 9400 463200 143842903 831623 0 109074 0 0 0
intr 12562602666 0 0 3432602 75 0 669001 33575579 0 0 0 10007243 0 0 0 0 0 0 0 0 0 0 0 0 0 0 0 0 0 0 0 0 0 0 0 0 0 0 0 0 0 0 0 0 0 0 0 0 0 0 0 0 3326529455 0 0 0 0 0 0 0 0 146640 0 3389880 0 0 0 0 0 0 0 0 0 0 0 477545494 1 0 0 0 0 0 0 0 0 0 0 0 0 0 0 0 0 0 0 0 0 0 0 281208 4206 0 0 0 0 11221840 0 0 0 0 0 0 0 0 0 0 0 0 0 0 0 0 0 0 0 0 0 0 0 0 0 0 0 0 0 0 0 0 0 0 0 0 0 0 0 0 0 0 0 0 0 0 0 0 0 0 0 0 0 0 0 0 0 0 0 0 0 0 0 0 0 0 0 0 0 0 0 0 0 0 0 105864851 0 0 0
ctxt 245565798
btime 1671453272
processes 522798
procs_running 1
procs_blocked 0
softirq 275744577 139212844 30968968 453660 10226963 3389817 0 32741184 36400708 1 22350432

cpu  4005093 43253 2615186 573463312 3516523 0 458585 0 0 0
cpu0 776245 8851 409729 143894531 875957 0 104454 0 0 0
cpu1 1247748 9867 1238368 142449312 899032 0 142100 0 0 0
cpu2 1306845 15133 503888 143276516 909910 0 102955 0 0 0
cpu3 674253 9400 463200 143842952 831623 0 109074 0 0 0
intr 12562607344 0 0 3432602 75 0 669001 33575605 0 0 0 10007248 0 0 0 0 0 0 0 0 0 0 0 0 0 0 0 0 0 0 0 0 0 0 0 0 0 0 0 0 0 0 0 0 0 0 0 0 0 0 0 0 3326533453 0 0 0 0 0 0 0 0 146640 0 3389880 0 0 0 0 0 0 0 0 0 0 0 477545624 1 0 0 0 0 0 0 0 0 0 0 0 0 0 0 0 0 0 0 0 0 0 0 281208 4206 0 0 0 0 11221862 0 0 0 0 0 0 0 0 0 0 0 0 0 0 0 0 0 0 0 0 0 0 0 0 0 0 0 0 0 0 0 0 0 0 0 0 0 0 0 0 0 0 0 0 0 0 0 0 0 0 0 0 0 0 0 0 0 0 0 0 0 0 0 0 0 0 0 0 0 0 0 0 0 0 0 105865347 0 0 0
ctxt 245566806
btime 1671453272
processes 522798
procs_running 1
procs_blocked 0
softirq 275744660 139212846 30968984 453660 10226965 3389817 0 32741205 36400738 1 22350444

cpu  4005094 43253 2615188 573463506 3516523 0 458585 0 0 0
cpu0 776245 8851 409730 143894580 875957 0 104454 0 0 0
cpu1 1247749 9867 1238370 142449358 899032 0 142100 0 0 0
cpu2 1306846 15133 503888 143276565 909910 0 102955 0 0 0
cpu3 674253 9400 463200 143843001 831623 0 109074 0 0 0
intr 12562612077 0 0 3432602 75 0 669001 33575639 0 0 0 10007253 0 0 0 0 0 0 0 0 0 0 0 0 0 0 0 0 0 0 0 0 0 0 0 0 0 0 0 0 0 0 0 0 0 0 0 0 0 0 0 0 3326537481 0 0 0 0 0 0 0 0 146640 0 3389880 0 0 0 0 0 0 0 0 0 0 0 477545778 1 0 0 0 0 0 0 0 0 0 0 0 0 0 0 0 0 0 0 0 0 0 0 281208 4206 0 0 0 0 11221884 0 0 0 0 0 0 0 0 0 0 0 0 0 0 0 0 0 0 0 0 0 0 0 0 0 0 0 0 0 0 0 0 0 0 0 0 0 0 0 0 0 0 0 0 0 0 0 0 0 0 0 0 0 0 0 0 0 0 0 0 0 0 0 0 0 0 0 0 0 0 0 0 0 0 0 105865838 0 0 0
ctxt 245567825
btime 1671453272
processes 522798
procs_running 1
procs_blocked 0
softirq 275744746 139212854 30969000 453660 10226966 3389817 0 32741226 36400766 1 22350456

cpu  4005094 43253 2615190 573463700 3516523 0 458585 0 0 0
cpu0 776245 8851 409730 143894629 875957 0 104454 0 0 0
cpu1 1247749 9867 1238371 142449404 899032 0 142100 0 0 0
cpu2 1306846 15133 503888 143276615 909910 0 102955 0 0 0
cpu3 674253 9400 463200 143843051 831623 0 109074 0 0 0
intr 12562616762 0 0 3432606 75 0 669001 33575665 0 0 0 10007258 0 0 0 0 0 0 0 0 0 0 0 0 0 0 0 0 0 0 0 0 0 0 0 0 0 0 0 0 0 0 0 0 0 0 0 0 0 0 0 0 3326541478 0 0 0 0 0 0 0 0 146640 0 3389880 0 0 0 0 0 0 0 0 0 0 0 477545906 1 0 0 0 0 0 0 0 0 0 0 0 0 0 0 0 0 0 0 0 0 0 0 281208 4206 0 0 0 0 11221906 0 0 0 0 0 0 0 0 0 0 0 0 0 0 0 0 0 0 0 0 0 0 0 0 0 0 0 0 0 0 0 0 0 0 0 0 0 0 0 0 0 0 0 0 0 0 0 0 0 0 0 0 0 0 0 0 0 0 0 0 0 0 0 0 0 0 0 0 0 0 0 0 0 0 0 105866342 0 0 0
ctxt 245568837
btime 1671453272
processes 522798
procs_running 1
procs_blocked 0
softirq 275744831 139212854 30969018 453660 10226967 3389817 0 32741245 36400799 1 22350470

cpu  4005095 43253 2615196 573463889 3516523 0 458585 0 0 0
cpu0 776245 8851 409731 143894677 875957 0 104454 0 0 0
cpu1 1247749 9867 1238373 142449449 899032 0 142100 0 0 0
cpu2 1306847 15133 503890 143276660 909910 0 102955 0 0 0
cpu3 674253 9400 463200 143843100 831623 0 109074 0 0 0
intr 12562621528 0 0 3432609 75 0 669001 33575705 0 0 0 10007263 0 0 0 0 0 0 0 0 0 0 0 0 0 0 0 0 0 0 0 0 0 0 0 0 0 0 0 0 0 0 0 0 0 0 0 0 0 0 0 0 3326545496 0 0 0 0 0 0 0 0 146640 0 3389880 0 0 0 0 0 0 0 0 0 0 0 477546060 1 0 0 0 0 0 0 0 0 0 0 0 0 0 0 0 0 0 0 0 0 0 0 281208 4206 0 0 0 0 11221934 0 0 0 0 0 0 0 0 0 0 0 0 0 0 0 0 0 0 0 0 0 0 0 0 0 0 0 0 0 0 0 0 0 0 0 0 0 0 0 0 0 0 0 0 0 0 0 0 0 0 0 0 0 0 0 0 0 0 0 0 0 0 0 0 0 0 0 0 0 0 0 0 0 0 0 105866859 0 0 0
ctxt 245569899
btime 1671453272
processes 522798
procs_running 1
procs_blocked 0
softirq 275744945 139212862 30969043 453660 10226968 3389817 0 32741267 36400833 1 22350494

cpu  4005096 43253 2615199 573464083 3516523 0 458585 0 0 0
cpu0 776246 8851 409731 143894727 875957 0 104454 0 0 0
cpu1 1247750 9867 1238376 142449495 899032 0 142100 0 0 0
cpu2 1306847 15133 503890 143276710 909910 0 102955 0 0 0
cpu3 674253 9400 463200 143843149 831623 0 109074 0 0 0
intr 12562626199 0 0 3432611 75 0 669001 33575727 0 0 0 10007268 0 0 0 0 0 0 0 0 0 0 0 0 0 0 0 0 0 0 0 0 0 0 0 0 0 0 0 0 0 0 0 0 0 0 0 0 0 0 0 0 3326549500 0 0 0 0 0 0 0 0 146640 0 3389880 0 0 0 0 0 0 0 0 0 0 0 477546188 1 0 0 0 0 0 0 0 0 0 0 0 0 0 0 0 0 0 0 0 0 0 0 281208 4206 0 0 0 0 11221954 0 0 0 0 0 0 0 0 0 0 0 0 0 0 0 0 0 0 0 0 0 0 0 0 0 0 0 0 0 0 0 0 0 0 0 0 0 0 0 0 0 0 0 0 0 0 0 0 0 0 0 0 0 0 0 0 0 0 0 0 0 0 0 0 0 0 0 0 0 0 0 0 0 0 0 105867349 0 0 0
ctxt 245570897
btime 1671453272
processes 522798
procs_running 1
procs_blocked 0
softirq 275745009 139212862 30969055 453660 10226969 3389817 0 32741284 36400857 1 22350504

cpu  4005096 43253 2615201 573464276 3516523 0 458585 0 0 0
cpu0 776246 8851 409731 143894776 875957 0 104454 0 0 0
cpu1 1247750 9867 1238378 142449541 899032 0 142100 0 0 0
cpu2 1306847 15133 503891 143276759 909910 0 102955 0 0 0
cpu3 674253 9400 463200 143843199 831623 0 109074 0 0 0
intr 12562630938 0 0 3432615 75 0 669001 33575760 0 0 0 10007273 0 0 0 0 0 0 0 0 0 0 0 0 0 0 0 0 0 0 0 0 0 0 0 0 0 0 0 0 0 0 0 0 0 0 0 0 0 0 0 0 3326553523 0 0 0 0 0 0 0 0 146640 0 3389880 0 0 0 0 0 0 0 0 0 0 0 477546342 1 0 0 0 0 0 0 0 0 0 0 0 0 0 0 0 0 0 0 0 0 0 0 281208 4206 0 0 0 0 11221976 0 0 0 0 0 0 0 0 0 0 0 0 0 0 0 0 0 0 0 0 0 0 0 0 0 0 0 0 0 0 0 0 0 0 0 0 0 0 0 0 0 0 0 0 0 0 0 0 0 0 0 0 0 0 0 0 0 0 0 0 0 0 0 0 0 0 0 0 0 0 0 0 0 0 0 105867848 0 0 0
ctxt 245571914
btime 1671453272
processes 522798
procs_running 1
procs_blocked 0
softirq 275745094 139212870 30969071 453661 10226970 3389817 0 32741302 36400884 1 22350518

cpu  4005097 43253 2615203 573464470 3516523 0 458585 0 0 0
cpu0 776246 8851 409731 143894825 875957 0 104454 0 0 0
cpu1 1247751 9867 1238379 142449587 899032 0 142100 0 0 0
cpu2 1306847 15133 503891 143276809 909910 0 102955 0 0 0
cpu3 674253 9400 463200 143843248 831623 0 109074 0 0 0
intr 12562635604 0 0 3432615 75 0 669001 33575788 0 0 0 10007278 0 0 0 0 0 0 0 0 0 0 0 0 0 0 0 0 0 0 0 0 0 0 0 0 0 0 0 0 0 0 0 0 0 0 0 0 0 0 0 0 3326557520 0 0 0 0 0 0 0 0 146640 0 3389880 0 0 0 0 0 0 0 0 0 0 0 477546470 1 0 0 0 0 0 0 0 0 0 0 0 0 0 0 0 0 0 0 0 0 0 0 281208 4206 0 0 0 0 11221998 0 0 0 0 0 0 0 0 0 0 0 0 0 0 0 0 0 0 0 0 0 0 0 0 0 0 0 0 0 0 0 0 0 0 0 0 0 0 0 0 0 0 0 0 0 0 0 0 0 0 0 0 0 0 0 0 0 0 0 0 0 0 0 0 0 0 0 0 0 0 0 0 0 0 0 105868333 0 0 0
ctxt 245572917
btime 1671453272
processes 522798
procs_running 1
procs_blocked 0
softirq 275745162 139212870 30969085 453661 10226971 3389817 0 32741321 36400907 1 22350529

cpu  4005098 43253 2615206 573464663 3516523 0 458585 0 0 0
cpu0 776246 8851 409731 143894874 875957 0 104454 0 0 0
cpu1 1247752 9867 1238382 142449633 899032 0 142100 0 0 0
cpu2 1306847 15133 503892 143276858 909910 0 102955 0 0 0
cpu3 674253 9400 463201 143843297 831623 0 109074 0 0 0
intr 12562640353 0 0 3432620 75 0 669001 33575823 0 0 0 10007283 0 0 0 0 0 0 0 0 0 0 0 0 0 0 0 0 0 0 0 0 0 0 0 0 0 0 0 0 0 0 0 0 0 0 0 0 0 0 0 0 3326561546 0 0 0 0 0 0 0 0 146640 0 3389880 0 0 0 0 0 0 0 0 0 0 0 477546624 1 0 0 0 0 0 0 0 0 0 0 0 0 0 0 0 0 0 0 0 0 0 0 281208 4206 0 0 0 0 11222020 0 0 0 0 0 0 0 0 0 0 0 0 0 0 0 0 0 0 0 0 0 0 0 0 0 0 0 0 0 0 0 0 0 0 0 0 0 0 0 0 0 0 0 0 0 0 0 0 0 0 0 0 0 0 0 0 0 0 0 0 0 0 0 0 0 0 0 0 0 0 0 0 0 0 0 105868834 0 0 0
ctxt 245573941
btime 1671453272
processes 522798
procs_running 1
procs_blocked 0
softirq 275745247 139212878 30969101 453661 10226972 3389817 0 32741339 36400936 1 22350542

cpu  4005098 43253 2615209 573464857 3516523 0 458585 0 0 0
cpu0 776246 8851 409732 143894923 875957 0 104454 0 0 0
cpu1 1247752 9867 1238384 142449679 899032 0 142100 0 0 0
cpu2 1306847 15133 503892 143276907 909910 0 102955 0 0 0
cpu3 674253 9400 463201 143843347 831623 0 109074 0 0 0
intr 12562645028 0 0 3432620 75 0 669001 33575849 0 0 0 10007288 0 0 0 0 0 0 0 0 0 0 0 0 0 0 0 0 0 0 0 0 0 0 0 0 0 0 0 0 0 0 0 0 0 0 0 0 0 0 0 0 3326565543 0 0 0 0 0 0 0 0 146640 0 3389880 0 0 0 0 0 0 0 0 0 0 0 477546752 1 0 0 0 0 0 0 0 0 0 0 0 0 0 0 0 0 0 0 0 0 0 0 281208 4206 0 0 0 0 11222042 0 0 0 0 0 0 0 0 0 0 0 0 0 0 0 0 0 0 0 0 0 0 0 0 0 0 0 0 0 0 0 0 0 0 0 0 0 0 0 0 0 0 0 0 0 0 0 0 0 0 0 0 0 0 0 0 0 0 0 0 0 0 0 0 0 0 0 0 0 0 0 0 0 0 0 105869332 0 0 0
ctxt 245574950
btime 1671453272
processes 522798
procs_running 1
procs_blocked 0
softirq 275745328 139212878 30969118 453661 10226973 3389817 0 32741358 36400967 1 22350555

cpu  4005100 43253 2615212 573465047 3516523 0 458585 0 0 0
cpu0 776246 8851 409732 143894972 875957 0 104454 0 0 0
cpu1 1247752 9867 1238384 142449725 899032 0 142100 0 0 0
cpu2 1306848 15133 503894 143276954 909910 0 102955 0 0 0
cpu3 674253 9400 463201 143843396 831623 0 109074 0 0 0
intr 12562649756 0 0 3432620 75 0 669001 33575879 0 0 0 10007293 0 0 0 0 0 0 0 0 0 0 0 0 0 0 0 0 0 0 0 0 0 0 0 0 0 0 0 0 0 0 0 0 0 0 0 0 0 0 0 0 3326569566 0 0 0 0 0 0 0 0 146640 0 3389880 0 0 0 0 0 0 0 0 0 0 0 477546906 1 0 0 0 0 0 0 0 0 0 0 0 0 0 0 0 0 0 0 0 0 0 0 281208 4206 0 0 0 0 11222064 0 0 0 0 0 0 0 0 0 0 0 0 0 0 0 0 0 0 0 0 0 0 0 0 0 0 0 0 0 0 0 0 0 0 0 0 0 0 0 0 0 0 0 0 0 0 0 0 0 0 0 0 0 0 0 0 0 0 0 0 0 0 0 0 0 0 0 0 0 0 0 0 0 0 0 105869825 0 0 0
ctxt 245575965
btime 1671453272
processes 522798
procs_running 2
procs_blocked 0
softirq 275745417 139212886 30969133 453661 10226974 3389817 0 32741377 36400990 1 22350578

cpu  4005100 43253 2615214 573465241 3516523 0 458585 0 0 0
cpu0 776246 8851 409732 143895021 875957 0 104454 0 0 0
cpu1 1247753 9867 1238386 142449771 899032 0 142100 0 0 0
cpu2 1306848 15133 503894 143277003 909910 0 102955 0 0 0
cpu3 674253 9400 463201 143843445 831623 0 109074 0 0 0
intr 12562654451 0 0 3432624 75 0 669002 33575907 0 0 0 10007297 0 0 0 0 0 0 0 0 0 0 0 0 0 0 0 0 0 0 0 0 0 0 0 0 0 0 0 0 0 0 0 0 0 0 0 0 0 0 0 0 3326573571 0 0 0 0 0 0 0 0 146640 0 3389880 0 0 0 0 0 0 0 0 0 0 0 477547034 1 0 0 0 0 0 0 0 0 0 0 0 0 0 0 0 0 0 0 0 0 0 0 281208 4206 0 0 0 0 11222085 0 0 0 0 0 0 0 0 0 0 0 0 0 0 0 0 0 0 0 0 0 0 0 0 0 0 0 0 0 0 0 0 0 0 0 0 0 0 0 0 0 0 0 0 0 0 0 0 0 0 0 0 0 0 0 0 0 0 0 0 0 0 0 0 0 0 0 0 0 0 0 0 0 0 0 105870330 0 0 0
ctxt 245576978
btime 1671453272
processes 522798
procs_running 1
procs_blocked 0
softirq 275745510 139212886 30969152 453661 10226975 3389817 0 32741394 36401022 1 22350602

cpu  4005100 43253 2615217 573465434 3516523 0 458585 0 0 0
cpu0 776246 8851 409732 143895070 875957 0 104454 0 0 0
cpu1 1247753 9867 1238389 142449816 899032 0 142100 0 0 0
cpu2 1306848 15133 503894 143277052 909910 0 102955 0 0 0
cpu3 674253 9400 463201 143843494 831623 0 109074 0 0 0
intr 12562659175 0 0 3432625 75 0 669002 33575935 0 0 0 10007302 0 0 0 0 0 0 0 0 0 0 0 0 0 0 0 0 0 0 0 0 0 0 0 0 0 0 0 0 0 0 0 0 0 0 0 0 0 0 0 0 3326577592 0 0 0 0 0 0 0 0 146640 0 3389880 0 0 0 0 0 0 0 0 0 0 0 477547188 1 0 0 0 0 0 0 0 0 0 0 0 0 0 0 0 0 0 0 0 0 0 0 281208 4206 0 0 0 0 11222107 0 0 0 0 0 0 0 0 0 0 0 0 0 0 0 0 0 0 0 0 0 0 0 0 0 0 0 0 0 0 0 0 0 0 0 0 0 0 0 0 0 0 0 0 0 0 0 0 0 0 0 0 0 0 0 0 0 0 0 0 0 0 0 0 0 0 0 0 0 0 0 0 0 0 0 105870825 0 0 0
ctxt 245577996
btime 1671453272
processes 522798
procs_running 1
procs_blocked 0
softirq 275745597 139212894 30969170 453661 10226976 3389817 0 32741413 36401051 1 22350614

cpu  4005100 43253 2615220 573465628 3516523 0 458586 0 0 0
cpu0 776246 8851 409732 143895119 875957 0 104455 0 0 0
cpu1 1247753 9867 1238391 142449862 899032 0 142100 0 0 0
cpu2 1306848 15133 503895 143277102 909910 0 102955 0 0 0
cpu3 674253 9400 463201 143843544 831623 0 109074 0 0 0
intr 12562663841 0 0 3432629 75 0 669002 33575954 0 0 0 10007307 0 0 0 0 0 0 0 0 0 0 0 0 0 0 0 0 0 0 0 0 0 0 0 0 0 0 0 0 0 0 0 0 0 0 0 0 0 0 0 0 3326581589 0 0 0 0 0 0 0 0 146640 0 3389880 0 0 0 0 0 0 0 0 0 0 0 477547316 1 0 0 0 0 0 0 0 0 0 0 0 0 0 0 0 0 0 0 0 0 0 0 281208 4206 0 0 0 0 11222126 0 0 0 0 0 0 0 0 0 0 0 0 0 0 0 0 0 0 0 0 0 0 0 0 0 0 0 0 0 0 0 0 0 0 0 0 0 0 0 0 0 0 0 0 0 0 0 0 0 0 0 0 0 0 0 0 0 0 0 0 0 0 0 0 0 0 0 0 0 0 0 0 0 0 0 105871317 0 0 0
ctxt 245578987
btime 1671453272
processes 522798
procs_running 1
procs_blocked 0
softirq 275745668 139212894 30969184 453661 10226977 3389817 0 32741428 36401079 1 22350627

cpu  4005101 43253 2615222 573465821 3516523 0 458586 0 0 0
cpu0 776246 8851 409732 143895168 875957 0 104455 0 0 0
cpu1 1247753 9867 1238393 142449908 899032 0 142100 0 0 0
cpu2 1306848 15133 503895 143277151 909910 0 102955 0 0 0
cpu3 674253 9400 463201 143843593 831623 0 109074 0 0 0
intr 12562668566 0 0 3432629 75 0 669002 33575981 0 0 0 10007312 0 0 0 0 0 0 0 0 0 0 0 0 0 0 0 0 0 0 0 0 0 0 0 0 0 0 0 0 0 0 0 0 0 0 0 0 0 0 0 0 3326585615 0 0 0 0 0 0 0 0 146640 0 3389880 0 0 0 0 0 0 0 0 0 0 0 477547470 1 0 0 0 0 0 0 0 0 0 0 0 0 0 0 0 0 0 0 0 0 0 0 281208 4206 0 0 0 0 11222148 0 0 0 0 0 0 0 0 0 0 0 0 0 0 0 0 0 0 0 0 0 0 0 0 0 0 0 0 0 0 0 0 0 0 0 0 0 0 0 0 0 0 0 0 0 0 0 0 0 0 0 0 0 0 0 0 0 0 0 0 0 0 0 0 0 0 0 0 0 0 0 0 0 0 0 105871808 0 0 0
ctxt 245579998
btime 1671453272
processes 522798
procs_running 1
procs_blocked 0
softirq 275745751 139212902 30969199 453661 10226978 3389817 0 32741446 36401107 1 22350640

cpu  4005102 43253 2615224 573466015 3516523 0 458586 0 0 0
cpu0 776246 8851 409732 143895217 875957 0 104455 0 0 0
cpu1 1247754 9867 1238395 142449954 899032 0 142100 0 0 0
cpu2 1306848 15133 503895 143277200 909910 0 102955 0 0 0
cpu3 674253 9400 463201 143843643 831623 0 109074 0 0 0
intr 12562673241 0 0 3432633 75 0 669002 33576002 0 0 0 10007317 0 0 0 0 0 0 0 0 0 0 0 0 0 0 0 0 0 0 0 0 0 0 0 0 0 0 0 0 0 0 0 0 0 0 0 0 0 0 0 0 3326589611 0 0 0 0 0 0 0 0 146640 0 3389880 0 0 0 0 0 0 0 0 0 0 0 477547598 1 0 0 0 0 0 0 0 0 0 0 0 0 0 0 0 0 0 0 0 0 0 0 281208 4206 0 0 0 0 11222170 0 0 0 0 0 0 0 0 0 0 0 0 0 0 0 0 0 0 0 0 0 0 0 0 0 0 0 0 0 0 0 0 0 0 0 0 0 0 0 0 0 0 0 0 0 0 0 0 0 0 0 0 0 0 0 0 0 0 0 0 0 0 0 0 0 0 0 0 0 0 0 0 0 0 0 105872307 0 0 0
ctxt 245580999
btime 1671453272
processes 522798
procs_running 1
procs_blocked 0
softirq 275745834 139212902 30969216 453661 10226979 3389817 0 32741465 36401139 1 22350654

cpu  4005102 43253 2615228 573466207 3516523 0 458586 0 0 0
cpu0 776246 8851 409732 143895265 875957 0 104455 0 0 0
cpu1 1247754 9867 1238398 142449999 899032 0 142100 0 0 0
cpu2 1306848 15133 503896 143277249 909910 0 102955 0 0 0
cpu3 674253 9400 463201 143843692 831623 0 109074 0 0 0
intr 12562678132 0 0 3432636 75 0 669002 33576029 0 0 0 10007322 0 0 0 0 0 0 0 0 0 0 0 0 0 0 0 0 0 0 0 0 0 0 0 0 0 0 0 0 0 0 0 0 0 0 0 0 0 0 0 0 3326593718 0 0 0 0 0 0 0 0 146640 0 3389880 0 0 0 0 0 0 0 0 0 0 0 477547832 1 0 0 0 0 0 0 0 0 0 0 0 0 0 0 0 0 0 0 0 0 0 0 281208 4206 0 0 0 0 11222192 0 0 0 0 0 0 0 0 0 0 0 0 0 0 0 0 0 0 0 0 0 0 0 0 0 0 0 0 0 0 0 0 0 0 0 0 0 0 0 0 0 0 0 0 0 0 0 0 0 0 0 0 0 0 0 0 0 0 0 0 0 0 0 0 0 0 0 0 0 0 0 0 0 0 0 105872800 0 0 0
ctxt 245582012
btime 1671453272
processes 522798
procs_running 1
procs_blocked 0
softirq 275746042 139212983 30969233 453662 10226982 3389817 0 32741530 36401167 1 22350667

cpu  4005103 43253 2615232 573466397 3516523 0 458586 0 0 0
cpu0 776246 8851 409733 143895314 875957 0 104455 0 0 0
cpu1 1247754 9867 1238400 142450045 899032 0 142100 0 0 0
cpu2 1306848 15133 503896 143277298 909910 0 102955 0 0 0
cpu3 674254 9400 463202 143843738 831623 0 109074 0 0 0
intr 12562682995 0 0 3432640 75 0 669002 33576063 0 0 0 10007327 0 0 0 0 0 0 0 0 0 0 0 0 0 0 0 0 0 0 0 0 0 0 0 0 0 0 0 0 0 0 0 0 0 0 0 0 0 0 0 0 3326597793 0 0 0 0 0 0 0 0 146640 0 3389880 0 0 0 0 0 0 0 0 0 0 0 477548040 1 0 0 0 0 0 0 0 0 0 0 0 0 0 0 0 0 0 0 0 0 0 0 281208 4206 0 0 0 0 11222218 0 0 0 0 0 0 0 0 0 0 0 0 0 0 0 0 0 0 0 0 0 0 0 0 0 0 0 0 0 0 0 0 0 0 0 0 0 0 0 0 0 0 0 0 0 0 0 0 0 0 0 0 0 0 0 0 0 0 0 0 0 0 0 0 0 0 0 0 0 0 0 0 0 0 0 105873311 0 0 0
ctxt 245583036
btime 1671453272
processes 522798
procs_running 1
procs_blocked 0
softirq 275746350 139213113 30969255 453662 10226985 3389817 0 32741615 36401204 1 22350698

cpu  4005105 43253 2615239 573466584 3516523 0 458586 0 0 0
cpu0 776246 8851 409734 143895361 875957 0 104455 0 0 0
cpu1 1247754 9867 1238403 142450090 899032 0 142100 0 0 0
cpu2 1306849 15133 503898 143277345 909910 0 102955 0 0 0
cpu3 674256 9400 463203 143843785 831623 0 109074 0 0 0
intr 12562687869 0 0 3432642 75 0 669016 33576134 0 0 0 10007332 0 0 0 0 0 0 0 0 0 0 0 0 0 0 0 0 0 0 0 0 0 0 0 0 0 0 0 0 0 0 0 0 0 0 0 0 0 0 0 0 3326601820 0 0 0 0 0 0 0 0 146640 0 3389880 0 0 0 0 0 0 0 0 0 0 0 477548194 1 0 0 0 0 0 0 0 0 0 0 0 0 0 0 0 0 0 0 0 0 0 0 281208 4206 0 0 0 0 11222254 0 0 0 0 0 0 0 0 0 0 0 0 0 0 0 0 0 0 0 0 0 0 0 0 0 0 0 0 0 0 0 0 0 0 0 0 0 0 0 0 0 0 0 0 0 0 0 0 0 0 0 0 0 0 0 0 0 0 0 0 0 0 0 0 0 0 0 0 0 0 0 0 0 0 0 105873875 0 0 0
ctxt 245584192
btime 1671453272
processes 522809
procs_running 1
procs_blocked 0
softirq 275746560 139213121 30969290 453662 10226988 3389817 0 32741642 36401273 1 22350766

cpu  4005106 43253 2615241 573466776 3516523 0 458586 0 0 0
cpu0 776246 8851 409734 143895410 875957 0 104455 0 0 0
cpu1 1247754 9867 1238404 142450136 899032 0 142100 0 0 0
cpu2 1306849 15133 503898 143277394 909910 0 102956 0 0 0
cpu3 674256 9400 463203 143843835 831623 0 109074 0 0 0
intr 12562692702 0 0 3432646 75 0 669016 33576158 0 0 0 10007337 0 0 0 0 0 0 0 0 0 0 0 0 0 0 0 0 0 0 0 0 0 0 0 0 0 0 0 0 0 0 0 0 0 0 0 0 0 0 0 0 3326605897 0 0 0 0 0 0 0 0 146640 0 3389880 0 0 0 0 0 0 0 0 0 0 0 477548402 1 0 0 0 0 0 0 0 0 0 0 0 0 0 0 0 0 0 0 0 0 0 0 281208 4206 0 0 0 0 11222276 0 0 0 0 0 0 0 0 0 0 0 0 0 0 0 0 0 0 0 0 0 0 0 0 0 0 0 0 0 0 0 0 0 0 0 0 0 0 0 0 0 0 0 0 0 0 0 0 0 0 0 0 0 0 0 0 0 0 0 0 0 0 0 0 0 0 0 0 0 0 0 0 0 0 0 105874369 0 0 0
ctxt 245585196
btime 1671453272
processes 522809
procs_running 1
procs_blocked 0
softirq 275746825 139213265 30969306 453662 10226991 3389817 0 32741702 36401301 1 22350780

cpu  4005106 43253 2615244 573466969 3516523 0 458587 0 0 0
cpu0 776246 8851 409734 143895459 875957 0 104455 0 0 0
cpu1 1247754 9867 1238406 142450181 899032 0 142100 0 0 0
cpu2 1306849 15133 503899 143277444 909910 0 102956 0 0 0
cpu3 674256 9400 463203 143843884 831623 0 109074 0 0 0
intr 12562697609 0 0 3432653 75 0 669017 33576193 0 0 0 10007342 0 0 0 0 0 0 0 0 0 0 0 0 0 0 0 0 0 0 0 0 0 0 0 0 0 0 0 0 0 0 0 0 0 0 0 0 0 0 0 0 3326610003 0 0 0 0 0 0 0 0 146640 0 3389880 0 0 0 0 0 0 0 0 0 0 0 477548634 1 0 0 0 0 0 0 0 0 0 0 0 0 0 0 0 0 0 0 0 0 0 0 281208 4206 0 0 0 0 11222300 0 0 0 0 0 0 0 0 0 0 0 0 0 0 0 0 0 0 0 0 0 0 0 0 0 0 0 0 0 0 0 0 0 0 0 0 0 0 0 0 0 0 0 0 0 0 0 0 0 0 0 0 0 0 0 0 0 0 0 0 0 0 0 0 0 0 0 0 0 0 0 0 0 0 0 105874866 0 0 0
ctxt 245586229
btime 1671453272
processes 522809
procs_running 1
procs_blocked 0
softirq 275747070 139213359 30969323 453662 10226996 3389817 0 32741789 36401330 1 22350793

cpu  4005107 43253 2615246 573467163 3516523 0 458587 0 0 0
cpu0 776246 8851 409735 143895508 875957 0 104455 0 0 0
cpu1 1247755 9867 1238408 142450227 899032 0 142100 0 0 0
cpu2 1306849 15133 503899 143277493 909910 0 102956 0 0 0
cpu3 674256 9400 463203 143843933 831623 0 109074 0 0 0
intr 12562702284 0 0 3432655 75 0 669017 33576221 0 0 0 10007347 0 0 0 0 0 0 0 0 0 0 0 0 0 0 0 0 0 0 0 0 0 0 0 0 0 0 0 0 0 0 0 0 0 0 0 0 0 0 0 0 3326613998 0 0 0 0 0 0 0 0 146640 0 3389880 0 0 0 0 0 0 0 0 0 0 0 477548762 1 0 0 0 0 0 0 0 0 0 0 0 0 0 0 0 0 0 0 0 0 0 0 281208 4206 0 0 0 0 11222322 0 0 0 0 0 0 0 0 0 0 0 0 0 0 0 0 0 0 0 0 0 0 0 0 0 0 0 0 0 0 0 0 0 0 0 0 0 0 0 0 0 0 0 0 0 0 0 0 0 0 0 0 0 0 0 0 0 0 0 0 0 0 0 0 0 0 0 0 0 0 0 0 0 0 0 105875360 0 0 0
ctxt 245587229
btime 1671453272
processes 522809
procs_running 1
procs_blocked 0
softirq 275747147 139213359 30969339 453662 10226997 3389817 0 32741808 36401357 1 22350807

cpu  4005107 43253 2615249 573467355 3516523 0 458587 0 0 0
cpu0 776246 8851 409735 143895557 875957 0 104455 0 0 0
cpu1 1247756 9867 1238410 142450273 899032 0 142100 0 0 0
cpu2 1306849 15133 503900 143277542 909910 0 102956 0 0 0
cpu3 674256 9400 463203 143843982 831623 0 109074 0 0 0
intr 12562707190 0 0 3432659 75 0 669017 33576260 0 0 0 10007352 0 0 0 0 0 0 0 0 0 0 0 0 0 0 0 0 0 0 0 0 0 0 0 0 0 0 0 0 0 0 0 0 0 0 0 0 0 0 0 0 3326618105 0 0 0 0 0 0 0 0 146640 0 3389880 0 0 0 0 0 0 0 0 0 0 0 477548994 1 0 0 0 0 0 0 0 0 0 0 0 0 0 0 0 0 0 0 0 0 0 0 281208 4206 0 0 0 0 11222346 0 0 0 0 0 0 0 0 0 0 0 0 0 0 0 0 0 0 0 0 0 0 0 0 0 0 0 0 0 0 0 0 0 0 0 0 0 0 0 0 0 0 0 0 0 0 0 0 0 0 0 0 0 0 0 0 0 0 0 0 0 0 0 0 0 0 0 0 0 0 0 0 0 0 0 105875857 0 0 0
ctxt 245588260
btime 1671453272
processes 522809
procs_running 1
procs_blocked 0
softirq 275747408 139213490 30969354 453662 10227001 3389817 0 32741876 36401388 1 22350819

cpu  4005109 43253 2615254 573467544 3516523 0 458587 0 0 0
cpu0 776246 8851 409735 143895605 875957 0 104455 0 0 0
cpu1 1247756 9867 1238413 142450318 899032 0 142100 0 0 0
cpu2 1306849 15133 503900 143277591 909910 0 102956 0 0 0
cpu3 674257 9400 463206 143844028 831623 0 109074 0 0 0
intr 12562712113 0 0 3432665 75 0 669017 33576317 0 0 0 10007357 0 0 0 0 0 0 0 0 0 0 0 0 0 0 0 0 0 0 0 0 0 0 0 0 0 0 0 0 0 0 0 0 0 0 0 0 0 0 0 0 3326622181 0 0 0 0 0 0 0 0 146640 0 3389880 0 0 0 0 0 0 0 0 0 0 0 477549202 1 0 0 0 0 0 0 0 0 0 0 0 0 0 0 0 0 0 0 0 0 0 0 281208 4206 0 0 0 0 11222394 0 0 0 0 0 0 0 0 0 0 0 0 0 0 0 0 0 0 0 0 0 0 0 0 0 0 0 0 0 0 0 0 0 0 0 0 0 0 0 0 0 0 0 0 0 0 0 0 0 0 0 0 0 0 0 0 0 0 0 0 0 0 0 0 0 0 0 0 0 0 0 0 0 0 0 105876379 0 0 0
ctxt 245589335
btime 1671453272
processes 522809
procs_running 1
procs_blocked 0
softirq 275747724 139213618 30969378 453662 10227005 3389817 0 32741968 36401425 1 22350850

cpu  4005109 43253 2615256 573467738 3516523 0 458587 0 0 0
cpu0 776246 8851 409735 143895654 875957 0 104455 0 0 0
cpu1 1247756 9867 1238415 142450364 899032 0 142100 0 0 0
cpu2 1306849 15133 503900 143277641 909910 0 102956 0 0 0
cpu3 674257 9400 463206 143844077 831623 0 109074 0 0 0
intr 12562716854 0 0 3432668 75 0 669017 33576354 0 0 0 10007362 0 0 0 0 0 0 0 0 0 0 0 0 0 0 0 0 0 0 0 0 0 0 0 0 0 0 0 0 0 0 0 0 0 0 0 0 0 0 0 0 3326626206 0 0 0 0 0 0 0 0 146640 0 3389880 0 0 0 0 0 0 0 0 0 0 0 477549356 1 0 0 0 0 0 0 0 0 0 0 0 0 0 0 0 0 0 0 0 0 0 0 281208 4206 0 0 0 0 11222416 0 0 0 0 0 0 0 0 0 0 0 0 0 0 0 0 0 0 0 0 0 0 0 0 0 0 0 0 0 0 0 0 0 0 0 0 0 0 0 0 0 0 0 0 0 0 0 0 0 0 0 0 0 0 0 0 0 0 0 0 0 0 0 0 0 0 0 0 0 0 0 0 0 0 0 105876873 0 0 0
ctxt 245590362
btime 1671453272
processes 522809
procs_running 1
procs_blocked 0
softirq 275747813 139213626 30969395 453662 10227006 3389817 0 32741988 36401455 1 22350863

cpu  4005109 43253 2615260 573467931 3516523 0 458587 0 0 0
cpu0 776246 8851 409735 143895703 875957 0 104455 0 0 0
cpu1 1247756 9867 1238417 142450410 899032 0 142100 0 0 0
cpu2 1306849 15133 503901 143277690 909910 0 102956 0 0 0
cpu3 674257 9400 463206 143844126 831623 0 109074 0 0 0
intr 12562721713 0 0 3432676 75 0 669018 33576389 0 0 0 10007367 0 0 0 0 0 0 0 0 0 0 0 0 0 0 0 0 0 0 0 0 0 0 0 0 0 0 0 0 0 0 0 0 0 0 0 0 0 0 0 0 3326630289 0 0 0 0 0 0 0 0 146640 0 3389880 0 0 0 0 0 0 0 0 0 0 0 477549562 1 0 0 0 0 0 0 0 0 0 0 0 0 0 0 0 0 0 0 0 0 0 0 281208 4206 0 0 0 0 11222438 0 0 0 0 0 0 0 0 0 0 0 0 0 0 0 0 0 0 0 0 0 0 0 0 0 0 0 0 0 0 0 0 0 0 0 0 0 0 0 0 0 0 0 0 0 0 0 0 0 0 0 0 0 0 0 0 0 0 0 0 0 0 0 0 0 0 0 0 0 0 0 0 0 0 0 105877372 0 0 0
ctxt 245591379
btime 1671453272
processes 522809
procs_running 1
procs_blocked 0
softirq 275748057 139213753 30969411 453662 10227009 3389817 0 32742044 36401485 1 22350875

cpu  4005109 43253 2615262 573468123 3516523 0 458587 0 0 0
cpu0 776246 8851 409735 143895752 875957 0 104455 0 0 0
cpu1 1247756 9867 1238419 142450455 899032 0 142100 0 0 0
cpu2 1306849 15133 503901 143277739 909910 0 102956 0 0 0
cpu3 674257 9400 463206 143844175 831623 0 109074 0 0 0
intr 12562726586 0 0 3432676 75 0 669018 33576418 0 0 0 10007372 0 0 0 0 0 0 0 0 0 0 0 0 0 0 0 0 0 0 0 0 0 0 0 0 0 0 0 0 0 0 0 0 0 0 0 0 0 0 0 0 3326634388 0 0 0 0 0 0 0 0 146640 0 3389880 0 0 0 0 0 0 0 0 0 0 0 477549794 1 0 0 0 0 0 0 0 0 0 0 0 0 0 0 0 0 0 0 0 0 0 0 281208 4206 0 0 0 0 11222460 0 0 0 0 0 0 0 0 0 0 0 0 0 0 0 0 0 0 0 0 0 0 0 0 0 0 0 0 0 0 0 0 0 0 0 0 0 0 0 0 0 0 0 0 0 0 0 0 0 0 0 0 0 0 0 0 0 0 0 0 0 0 0 0 0 0 0 0 0 0 0 0 0 0 0 105877858 0 0 0
ctxt 245592388
btime 1671453272
processes 522809
procs_running 1
procs_blocked 0
softirq 275748310 139213904 30969429 453663 10227012 3389817 0 32742086 36401511 1 22350887

cpu  4005110 43253 2615263 573468317 3516523 0 458587 0 0 0
cpu0 776246 8851 409735 143895802 875957 0 104455 0 0 0
cpu1 1247757 9867 1238421 142450501 899032 0 142100 0 0 0
cpu2 1306849 15133 503901 143277788 909910 0 102956 0 0 0
cpu3 674257 9400 463206 143844224 831623 0 109074 0 0 0
intr 12562731263 0 0 3432680 75 0 669018 33576448 0 0 0 10007377 0 0 0 0 0 0 0 0 0 0 0 0 0 0 0 0 0 0 0 0 0 0 0 0 0 0 0 0 0 0 0 0 0 0 0 0 0 0 0 0 3326638385 0 0 0 0 0 0 0 0 146640 0 3389880 0 0 0 0 0 0 0 0 0 0 0 477549922 1 0 0 0 0 0 0 0 0 0 0 0 0 0 0 0 0 0 0 0 0 0 0 281208 4206 0 0 0 0 11222482 0 0 0 0 0 0 0 0 0 0 0 0 0 0 0 0 0 0 0 0 0 0 0 0 0 0 0 0 0 0 0 0 0 0 0 0 0 0 0 0 0 0 0 0 0 0 0 0 0 0 0 0 0 0 0 0 0 0 0 0 0 0 0 0 0 0 0 0 0 0 0 0 0 0 0 105878350 0 0 0
ctxt 245593387
btime 1671453272
processes 522809
procs_running 1
procs_blocked 0
softirq 275748379 139213904 30969444 453663 10227013 3389817 0 32742104 36401535 1 22350898

cpu  4005110 43253 2615266 573468510 3516523 0 458587 0 0 0
cpu0 776246 8851 409735 143895851 875957 0 104455 0 0 0
cpu1 1247757 9867 1238424 142450546 899032 0 142101 0 0 0
cpu2 1306849 15133 503901 143277838 909910 0 102956 0 0 0
cpu3 674257 9400 463206 143844273 831623 0 109074 0 0 0
intr 12562736171 0 0 3432689 75 0 669018 33576483 0 0 0 10007382 0 0 0 0 0 0 0 0 0 0 0 0 0 0 0 0 0 0 0 0 0 0 0 0 0 0 0 0 0 0 0 0 0 0 0 0 0 0 0 0 3326642492 0 0 0 0 0 0 0 0 146640 0 3389880 0 0 0 0 0 0 0 0 0 0 0 477550154 1 0 0 0 0 0 0 0 0 0 0 0 0 0 0 0 0 0 0 0 0 0 0 281208 4206 0 0 0 0 11222504 0 0 0 0 0 0 0 0 0 0 0 0 0 0 0 0 0 0 0 0 0 0 0 0 0 0 0 0 0 0 0 0 0 0 0 0 0 0 0 0 0 0 0 0 0 0 0 0 0 0 0 0 0 0 0 0 0 0 0 0 0 0 0 0 0 0 0 0 0 0 0 0 0 0 0 105878850 0 0 0
ctxt 245594416
btime 1671453272
processes 522809
procs_running 2
procs_blocked 0
softirq 275748631 139214027 30969462 453663 10227016 3389817 0 32742173 36401563 1 22350909

cpu  4005114 43253 2615270 573468699 3516523 0 458587 0 0 0
cpu0 776246 8851 409736 143895900 875957 0 104455 0 0 0
cpu1 1247759 9867 1238425 142450591 899032 0 142101 0 0 0
cpu2 1306849 15133 503901 143277887 909910 0 102956 0 0 0
cpu3 674259 9400 463207 143844319 831623 0 109074 0 0 0
intr 12562741086 0 0 3432695 75 0 669018 33576539 0 0 0 10007387 0 0 0 0 0 0 0 0 0 0 0 0 0 0 0 0 0 0 0 0 0 0 0 0 0 0 0 0 0 0 0 0 0 0 0 0 0 0 0 0 3326646570 0 0 0 0 0 0 0 0 146640 0 3389880 0 0 0 0 0 0 0 0 0 0 0 477550361 1 0 0 0 0 0 0 0 0 0 0 0 0 0 0 0 0 0 0 0 0 0 0 281208 4206 0 0 0 0 11222548 0 0 0 0 0 0 0 0 0 0 0 0 0 0 0 0 0 0 0 0 0 0 0 0 0 0 0 0 0 0 0 0 0 0 0 0 0 0 0 0 0 0 0 0 0 0 0 0 0 0 0 0 0 0 0 0 0 0 0 0 0 0 0 0 0 0 0 0 0 0 0 0 0 0 0 105879367 0 0 0
ctxt 245595479
btime 1671453272
processes 522809
procs_running 2
procs_blocked 0
softirq 275748955 139214161 30969487 453663 10227020 3389817 0 32742262 36401602 1 22350942

cpu  4005115 43253 2615272 573468893 3516523 0 458587 0 0 0
cpu0 776246 8851 409736 143895949 875957 0 104455 0 0 0
cpu1 1247760 9867 1238427 142450637 899032 0 142101 0 0 0
cpu2 1306849 15133 503901 143277936 909910 0 102956 0 0 0
cpu3 674259 9400 463207 143844369 831623 0 109074 0 0 0
intr 12562745774 0 0 3432699 75 0 669018 33576568 0 0 0 10007392 0 0 0 0 0 0 0 0 0 0 0 0 0 0 0 0 0 0 0 0 0 0 0 0 0 0 0 0 0 0 0 0 0 0 0 0 0 0 0 0 3326650575 0 0 0 0 0 0 0 0 146640 0 3389880 0 0 0 0 0 0 0 0 0 0 0 477550491 1 0 0 0 0 0 0 0 0 0 0 0 0 0 0 0 0 0 0 0 0 0 0 281208 4206 0 0 0 0 11222570 0 0 0 0 0 0 0 0 0 0 0 0 0 0 0 0 0 0 0 0 0 0 0 0 0 0 0 0 0 0 0 0 0 0 0 0 0 0 0 0 0 0 0 0 0 0 0 0 0 0 0 0 0 0 0 0 0 0 0 0 0 0 0 0 0 0 0 0 0 0 0 0 0 0 0 105879860 0 0 0
ctxt 245596480
btime 1671453272
processes 522809
procs_running 2
procs_blocked 0
softirq 275749033 139214161 30969503 453663 10227021 3389817 0 32742281 36401630 1 22350956

cpu  4005115 43253 2615273 573469085 3516523 0 458587 0 0 0
cpu0 776246 8851 409736 143895998 875957 0 104455 0 0 0
cpu1 1247760 9867 1238428 142450682 899032 0 142101 0 0 0
cpu2 1306849 15133 503901 143277985 909910 0 102956 0 0 0
cpu3 674259 9400 463207 143844418 831623 0 109074 0 0 0
intr 12562750674 0 0 3432707 75 0 669018 33576606 0 0 0 10007397 0 0 0 0 0 0 0 0 0 0 0 0 0 0 0 0 0 0 0 0 0 0 0 0 0 0 0 0 0 0 0 0 0 0 0 0 0 0 0 0 3326654676 0 0 0 0 0 0 0 0 146640 0 3389880 0 0 0 0 0 0 0 0 0 0 0 477550723 1 0 0 0 0 0 0 0 0 0 0 0 0 0 0 0 0 0 0 0 0 0 0 281208 4206 0 0 0 0 11222592 0 0 0 0 0 0 0 0 0 0 0 0 0 0 0 0 0 0 0 0 0 0 0 0 0 0 0 0 0 0 0 0 0 0 0 0 0 0 0 0 0 0 0 0 0 0 0 0 0 0 0 0 0 0 0 0 0 0 0 0 0 0 0 0 0 0 0 0 0 0 0 0 0 0 0 105880354 0 0 0
ctxt 245597504
btime 1671453272
processes 522809
procs_running 1
procs_blocked 0
softirq 275749268 139214294 30969520 453663 10227024 3389817 0 32742324 36401654 1 22350971

cpu  4005116 43253 2615276 573469278 3516523 0 458587 0 0 0
cpu0 776246 8851 409736 143896047 875957 0 104455 0 0 0
cpu1 1247761 9867 1238431 142450728 899032 0 142101 0 0 0
cpu2 1306849 15133 503901 143278034 909910 0 102956 0 0 0
cpu3 674259 9400 463207 143844468 831623 0 109074 0 0 0
intr 12562755545 0 0 3432712 75 0 669018 33576641 0 0 0 10007402 0 0 0 0 0 0 0 0 0 0 0 0 0 0 0 0 0 0 0 0 0 0 0 0 0 0 0 0 0 0 0 0 0 0 0 0 0 0 0 0 3326658761 0 0 0 0 0 0 0 0 146640 0 3389880 0 0 0 0 0 0 0 0 0 0 0 477550933 1 0 0 0 0 0 0 0 0 0 0 0 0 0 0 0 0 0 0 0 0 0 0 281208 4206 0 0 0 0 11222623 0 0 0 0 0 0 0 0 0 0 0 0 0 0 0 0 0 0 0 0 0 0 0 0 0 0 0 0 0 0 0 0 0 0 0 0 0 0 0 0 0 0 0 0 0 0 0 0 0 0 0 0 0 0 0 0 0 0 0 0 0 0 0 0 0 0 0 0 0 0 0 0 0 0 0 105880854 0 0 0
ctxt 245598529
btime 1671453272
processes 522809
procs_running 1
procs_blocked 0
softirq 275749534 139214422 30969539 453663 10227027 3389817 0 32742391 36401690 1 22350984

cpu  4005117 43253 2615278 573469472 3516523 0 458587 0 0 0
cpu0 776246 8851 409736 143896096 875957 0 104455 0 0 0
cpu1 1247762 9867 1238432 142450773 899032 0 142101 0 0 0
cpu2 1306849 15133 503901 143278084 909910 0 102956 0 0 0
cpu3 674259 9400 463207 143844517 831623 0 109074 0 0 0
intr 12562760280 0 0 3432716 75 0 669018 33576675 0 0 0 10007407 0 0 0 0 0 0 0 0 0 0 0 0 0 0 0 0 0 0 0 0 0 0 0 0 0 0 0 0 0 0 0 0 0 0 0 0 0 0 0 0 3326662783 0 0 0 0 0 0 0 0 146640 0 3389880 0 0 0 0 0 0 0 0 0 0 0 477551085 1 0 0 0 0 0 0 0 0 0 0 0 0 0 0 0 0 0 0 0 0 0 0 281208 4206 0 0 0 0 11222645 0 0 0 0 0 0 0 0 0 0 0 0 0 0 0 0 0 0 0 0 0 0 0 0 0 0 0 0 0 0 0 0 0 0 0 0 0 0 0 0 0 0 0 0 0 0 0 0 0 0 0 0 0 0 0 0 0 0 0 0 0 0 0 0 0 0 0 0 0 0 0 0 0 0 0 105881349 0 0 0
ctxt 245599546
btime 1671453272
processes 522809
procs_running 2
procs_blocked 0
softirq 275749616 139214430 30969554 453663 10227028 3389817 0 32742409 36401717 1 22350997

cpu  4005118 43253 2615281 573469664 3516523 0 458587 0 0 0
cpu0 776246 8851 409737 143896145 875957 0 104455 0 0 0
cpu1 1247763 9867 1238435 142450818 899032 0 142101 0 0 0
cpu2 1306849 15133 503901 143278133 909910 0 102956 0 0 0
cpu3 674259 9400 463207 143844566 831623 0 109074 0 0 0
intr 12562765183 0 0 3432726 75 0 669018 33576728 0 0 0 10007412 0 0 0 0 0 0 0 0 0 0 0 0 0 0 0 0 0 0 0 0 0 0 0 0 0 0 0 0 0 0 0 0 0 0 0 0 0 0 0 0 3326666861 0 0 0 0 0 0 0 0 146640 0 3389880 0 0 0 0 0 0 0 0 0 0 0 477551295 1 0 0 0 0 0 0 0 0 0 0 0 0 0 0 0 0 0 0 0 0 0 0 281208 4206 0 0 0 0 11222687 0 0 0 0 0 0 0 0 0 0 0 0 0 0 0 0 0 0 0 0 0 0 0 0 0 0 0 0 0 0 0 0 0 0 0 0 0 0 0 0 0 0 0 0 0 0 0 0 0 0 0 0 0 0 0 0 0 0 0 0 0 0 0 0 0 0 0 0 0 0 0 0 0 0 0 105881854 0 0 0
ctxt 245600604
btime 1671453272
processes 522809
procs_running 1
procs_blocked 0
softirq 275749912 139214561 30969573 453663 10227032 3389817 0 32742506 36401750 1 22351009

cpu  4005119 43253 2615286 573469854 3516523 0 458588 0 0 0
cpu0 776246 8851 409737 143896194 875957 0 104456 0 0 0
cpu1 1247763 9867 1238437 142450864 899032 0 142101 0 0 0
cpu2 1306849 15133 503901 143278182 909910 0 102956 0 0 0
cpu3 674260 9400 463209 143844613 831623 0 109074 0 0 0
intr 12562770126 0 0 3432730 75 0 669018 33576800 0 0 0 10007417 0 0 0 0 0 0 0 0 0 0 0 0 0 0 0 0 0 0 0 0 0 0 0 0 0 0 0 0 0 0 0 0 0 0 0 0 0 0 0 0 3326670947 0 0 0 0 0 0 0 0 146640 0 3389880 0 0 0 0 0 0 0 0 0 0 0 477551492 1 0 0 0 0 0 0 0 0 0 0 0 0 0 0 0 0 0 0 0 0 0 0 281208 4206 0 0 0 0 11222740 0 0 0 0 0 0 0 0 0 0 0 0 0 0 0 0 0 0 0 0 0 0 0 0 0 0 0 0 0 0 0 0 0 0 0 0 0 0 0 0 0 0 0 0 0 0 0 0 0 0 0 0 0 0 0 0 0 0 0 0 0 0 0 0 0 0 0 0 0 0 0 0 0 0 0 105882383 0 0 0
ctxt 245601735
btime 1671453272
processes 522809
procs_running 2
procs_blocked 0
softirq 275750188 139214674 30969600 453663 10227036 3389817 0 32742559 36401794 1 22351044

cpu  4005120 43253 2615287 573470047 3516523 0 458588 0 0 0
cpu0 776246 8851 409737 143896243 875957 0 104456 0 0 0
cpu1 1247764 9867 1238439 142450909 899032 0 142101 0 0 0
cpu2 1306849 15133 503901 143278231 909910 0 102956 0 0 0
cpu3 674260 9400 463209 143844662 831623 0 109074 0 0 0
intr 12562774879 0 0 3432739 75 0 669018 33576828 0 0 0 10007422 0 0 0 0 0 0 0 0 0 0 0 0 0 0 0 0 0 0 0 0 0 0 0 0 0 0 0 0 0 0 0 0 0 0 0 0 0 0 0 0 3326674969 0 0 0 0 0 0 0 0 146640 0 3389880 0 0 0 0 0 0 0 0 0 0 0 477551656 1 0 0 0 0 0 0 0 0 0 0 0 0 0 0 0 0 0 0 0 0 0 0 281208 4206 0 0 0 0 11222762 0 0 0 0 0 0 0 0 0 0 0 0 0 0 0 0 0 0 0 0 0 0 0 0 0 0 0 0 0 0 0 0 0 0 0 0 0 0 0 0 0 0 0 0 0 0 0 0 0 0 0 0 0 0 0 0 0 0 0 0 0 0 0 0 0 0 0 0 0 0 0 0 0 0 0 105882884 0 0 0
ctxt 245602742
btime 1671453272
processes 522809
procs_running 1
procs_blocked 0
softirq 275750347 139214721 30969617 453664 10227037 3389817 0 32742608 36401825 1 22351057

cpu  4005120 43253 2615289 573470240 3516523 0 458588 0 0 0
cpu0 776246 8851 409737 143896292 875957 0 104456 0 0 0
cpu1 1247764 9867 1238440 142450955 899032 0 142101 0 0 0
cpu2 1306849 15133 503901 143278280 909910 0 102956 0 0 0
cpu3 674260 9400 463209 143844712 831623 0 109074 0 0 0
intr 12562779604 0 0 3432743 75 0 669018 33576858 0 0 0 10007427 0 0 0 0 0 0 0 0 0 0 0 0 0 0 0 0 0 0 0 0 0 0 0 0 0 0 0 0 0 0 0 0 0 0 0 0 0 0 0 0 3326678989 0 0 0 0 0 0 0 0 146640 0 3389880 0 0 0 0 0 0 0 0 0 0 0 477551808 1 0 0 0 0 0 0 0 0 0 0 0 0 0 0 0 0 0 0 0 0 0 0 281208 4206 0 0 0 0 11222784 0 0 0 0 0 0 0 0 0 0 0 0 0 0 0 0 0 0 0 0 0 0 0 0 0 0 0 0 0 0 0 0 0 0 0 0 0 0 0 0 0 0 0 0 0 0 0 0 0 0 0 0 0 0 0 0 0 0 0 0 0 0 0 0 0 0 0 0 0 0 0 0 0 0 0 105883377 0 0 0
ctxt 245603754
btime 1671453272
processes 522809
procs_running 1
procs_blocked 0
softirq 275750430 139214729 30969632 453664 10227038 3389817 0 32742627 36401852 1 22351070

cpu  4005120 43253 2615293 573470434 3516523 0 458588 0 0 0
cpu0 776246 8851 409738 143896341 875957 0 104456 0 0 0
cpu1 1247764 9867 1238443 142451001 899032 0 142101 0 0 0
cpu2 1306849 15133 503902 143278329 909910 0 102956 0 0 0
cpu3 674260 9400 463209 143844761 831623 0 109074 0 0 0
intr 12562784283 0 0 3432747 75 0 669018 33576884 0 0 0 10007432 0 0 0 0 0 0 0 0 0 0 0 0 0 0 0 0 0 0 0 0 0 0 0 0 0 0 0 0 0 0 0 0 0 0 0 0 0 0 0 0 3326682987 0 0 0 0 0 0 0 0 146640 0 3389880 0 0 0 0 0 0 0 0 0 0 0 477551938 1 0 0 0 0 0 0 0 0 0 0 0 0 0 0 0 0 0 0 0 0 0 0 281208 4206 0 0 0 0 11222806 0 0 0 0 0 0 0 0 0 0 0 0 0 0 0 0 0 0 0 0 0 0 0 0 0 0 0 0 0 0 0 0 0 0 0 0 0 0 0 0 0 0 0 0 0 0 0 0 0 0 0 0 0 0 0 0 0 0 0 0 0 0 0 0 0 0 0 0 0 0 0 0 0 0 0 105883870 0 0 0
ctxt 245604751
btime 1671453272
processes 522809
procs_running 1
procs_blocked 0
softirq 275750509 139214729 30969647 453664 10227039 3389817 0 32742646 36401883 1 22351083

cpu  4005120 43253 2615296 573470627 3516523 0 458588 0 0 0
cpu0 776246 8851 409738 143896391 875957 0 104456 0 0 0
cpu1 1247764 9867 1238446 142451047 899032 0 142101 0 0 0
cpu2 1306849 15133 503902 143278378 909910 0 102956 0 0 0
cpu3 674260 9400 463209 143844810 831623 0 109074 0 0 0
intr 12562789015 0 0 3432751 75 0 669019 33576917 0 0 0 10007437 0 0 0 0 0 0 0 0 0 0 0 0 0 0 0 0 0 0 0 0 0 0 0 0 0 0 0 0 0 0 0 0 0 0 0 0 0 0 0 0 3326687009 0 0 0 0 0 0 0 0 146640 0 3389880 0 0 0 0 0 0 0 0 0 0 0 477552090 1 0 0 0 0 0 0 0 0 0 0 0 0 0 0 0 0 0 0 0 0 0 0 281208 4206 0 0 0 0 11222828 0 0 0 0 0 0 0 0 0 0 0 0 0 0 0 0 0 0 0 0 0 0 0 0 0 0 0 0 0 0 0 0 0 0 0 0 0 0 0 0 0 0 0 0 0 0 0 0 0 0 0 0 0 0 0 0 0 0 0 0 0 0 0 0 0 0 0 0 0 0 0 0 0 0 0 105884363 0 0 0
ctxt 245605761
btime 1671453272
processes 522809
procs_running 1
procs_blocked 0
softirq 275750591 139214737 30969662 453664 10227040 3389817 0 32742665 36401910 1 22351095
