Latency
829000
1140062
1536681
1877472
2297374
2610490
2923694
3236847
3550006
3862955
4176161
4489287
4802562
5115615
5428591
5741703
6054998
6406180
6719331
7032520
7345702
7658811
7965143
8234499
8547658
8860744
9173916
9487388
9800178
10113239
10426335
10739455
11052574
11351560
11665416
939376
1244087
1556956
1869857
2410610
2723238
3036117
3348946
3666298
3979163
4292064
4604998
4917691
5230507
5553317
5865778
6178550
6491357
6804336
7117096
7429907
7742622
776704
1089181
1492854
1805678
2118438
2431257
2751793
3064408
3377564
3676381
3975228
4287997
4677313
4982790
5295638
5604957
5917730
6230651
6543180
6856002
7168881
7481547
7794296
577730
834630
1125456
1442988
1771418
2068504
2418454
2731225
3049442
3360819
3724692
4037510
4350185
4662998
4975677
5288437
5601305
5914310
6226906
6539637
6852489
7165269
7477997
690902
1058865
1556211
1869398
2186202
2503093
2815925
3128741
3441550
3754430
4067423
4380182
4692885
5005731
5318612
5631476
5944242
6257123
6569983
6882899
7198166
7508230
758372
1237885
1550588
1863452
2262550
2520578
2833303
3146256
3459089
3771256
4084038
4396917
4709773
5022376
5335241
5648095
5960988
6275108
6587048
6899382
7212212
7525140
604696
1075397
1388354
1742005
2054682
2367425
2680287
3012220
3555111
3867940
4180743
4493695
4806417
5119078
5431876
5744656
6057366
6370324
6683080
6995776
7308423
7621563
749621
1130587
1478815
1860366
2173012
2485889
2798702
3118813
3424257
3737074
4049897
4367988
4675335
4988213
5301395
5625231
5926525
6239202
6552144
6874359
7177520
7490456
746557
1072759
1437162
1750062
2062888
2312895
2625865
2938553
3251977
3564730
3877377
4190212
4503068
4815868
5128826
5441565
5752759
6067192
6379820
6693045
7005519
7318405
610007
865153
1166819
1479526
1792081
2183182
2481027
2793775
3122055
3448567
3881280
4193745
4506600
4819308
5131907
5444768
5757710
6070400
6383062
6695904
7017355
7321504
7634295
758711
1071316
1322977
1635990
1951380
2261295
2574176
2900052
3212882
3525702
3838601
4151300
4465657
4784998
5091407
5404204
5717019
6030182
6342683
6655467
6968347
7281187
709279
1072054
1384949
1697907
2010859
2323487
2686773
2999371
3312223
3639194
3942295
4255151
4567948
4880838
5193649
5506330
5819330
6132116
6445360
6757795
7070532
7383294
814464
1128464
1441169
1741365
2054282
2366950
2679807
2992613
3305857
3618224
3931104
4243948
4556720
4869575
5182491
5495234
5808025
6120911
6433739
6746759
7059460
7372216
596441
851073
1292059
1604922
2012649
2325368
2638132
3046157
3358988
3671938
3984998
4297644
4610381
4923248
5236024
5548828
5861675
6174322
6487290
6800117
7124377
7425673
605771
1088026
1400827
1713680
1978953
2275397
2588410
2894702
3201017
3523684
3852522
4149870
4462646
4775407
5088277
5401065
5713864
6026703
6339561
6652437
6965936
7278029
7590908
756070
1164805
1477956
1859541
2217791
2530628
2843580
3156136
3468937
3781791
4094565
4421407
4719956
5032850
5345727
5671975
5971091
6284045
6596745
6926795
7222664
7535141
695768
1059000
1428272
1741137
2076455
2389274
2789213
3101922
3414813
3727665
4040574
4366922
4666290
4986915
5299870
5612614
5925393
6238108
6551036
6863925
7176674
7489510
605111
924561
1175228
1476688
1801310
2056890
2329352
2642239
2955005
3267909
3580773
3893539
4206492
4519151
4832038
5090450
5403211
5716864
6029701
6342480
6655371
6968325
7281000
7593740
772964
1133268
1464725
1777100
2089884
2402684
2715558
3062934
3375830
3688528
4001401
4314235
4627033
4947020
5241154
5553778
5866648
6179427
6492350
6805232
7131164
7430818
811592
1072577
1385436
1698365
2011261
2323950
2636765
2949629
3262552
3575247
3981291
4294262
4606959
4919668
5232499
5545324
5858264
6171025
6483936
6796881
7109663
7422327
638160
1038351
1351238
1643874
1956748
2269616
2573781
2886619
3199560
3512427
3824891
4159008
4471722
4784613
5097481
5410277
5722995
6035838
6348536
6661414
6974398
7287064
7599937
611054
864632
1184041
1489440
1764170
2090652
2403562
2716271
3029092
3341911
3654805
3967541
4280544
4593268
4906130
5219950
5531613
5844749
6239734
6541748
6797335
7110014
7422965
764834
1297828
1610574
1924739
2236145
2548954
2861767
3161237
3474058
3786662
4099516
4412438
4725258
5038084
5350898
5663945
5977567
6290214
6603405
6916515
7229704
7542797
585103
911956
1164927
1582012
1894743
2207544
2520418
2833265
3146013
3458948
3731777
4044642
4357472
4670080
4982909
5295807
5608490
5921499
6240760
6553729
6866444
7179182
7491886
605522
867008
1179854
1492753
1895602
2164521
2480790
2790111
3102966
3415751
3728536
4041405
4354384
4667152
4979813
5292834
5605445
5918239
6231065
6544091
6856849
7169398
7493915
606638
1139185
1452041
1764924
2077709
2390494
2703296
3016126
3329064
3641860
3954691
4267740
4580216
4892968
5205932
5518677
5831605
6144313
6457178
6770079
7084691
7397467
638162
970291
1268564
1581307
1894078
2206917
2519807
2832474
3876540
4189004
4500495
4814835
5127632
5440275
5753477
6065834
6378636
6691370
7018944
7317287
7629895
7942587
8255266
776766
1090896
1387675
1700408
2017878
2325884
2635294
2947974
3260688
3573573
3886372
4199446
4511895
4824777
5128273
5441195
5753886
6066749
6379394
6692144
7005070
7317870
7630571
607871
912678
1225551
1538332
1861371
2174329
2521082
2937928
3251266
3626287
3939020
4251897
4564774
4877592
5190471
5503270
5816070
6128882
6441668
6754536
7067465
7379995
748377
1060854
1373671
1649793
1962677
2275419
2610651
2923384
3236274
3549084
3861954
4170011
4482911
4795817
5108652
5421381
5734222
6047106
6359665
6672625
6985429
7298330
717831
1043425
1356214
1656162
1968863
2281703
2697357
3010095
3321409
3635803
3948595
4261458
4574472
4887153
5199974
5512796
5827227
6138457
6451677
6751721
7090862
7377438
7690270
631652
1018301
1304967
1617820
1930660
2281931
2594777
2907486
3220271
3533182
3846658
4158840
4471647
4784570
5097421
5410150
5722942
6035836
6348490
6661239
6973993
7287121
835904
1146897
1443433
1706052
1979038
2291891
2604903
2917568
3230703
3543331
3856129
4168917
4481483
4806619
5107150
5419931
5861809
6144751
6457588
6770532
7083378
7396044
7708886
632090
1014779
1327662
1640521
1953195
2266045
2579043
2891728
3204511
3517402
3830098
4142935
4455705
4768601
5081497
5394271
5707091
6019912
6374758
6682181
6994911
7328510
764552
1077295
1389587
1702517
2015218
2328134
2640955
2914600
3227499
3549243
3853040
4165930
4478465
4791241
5104074
5416849
5730288
6042620
6355305
6668204
6981177
7293912
7606690
620982
1163596
1476495
1756872
2069389
2382072
2695175
3007887
3320644
3633467
3946297
4259230
4571888
4901662
5197567
5510355
5823141
6135978
6448787
6761453
7074617
7387118
597687
876524
1138025
1450955
1754362
2067161
2379911
2692801
3005477
3318295
3631948
3941732
4254678
4567212
4880021
5193000
5505714
5818572
6131252
6444110
6756802
7069662
7382654
751334
1063978
1420692
1695064
2008021
2320418
2633267
3100913
3426522
3726705
4039511
4352390
4665187
4978011
5290723
5603419
5916259
6229284
6556842
6869325
7182017
7494894
599058
849090
1145993
1458838
1771516
2086816
2399655
2739801
3052617
3365471
3678320
3939116
4252029
4564604
4877331
5195873
5502816
5815772
6128547
6441404
6756709
7069567
7382177
599658
871630
1184486
1497677
1854270
2167218
2476381
2789137
3101837
3422560
3735316
4197850
4455654
4787286
5094540
5407410
5720210
6035491
6345931
6658903
6976495
7291255
7596936
630917
981187
1295557
1546086
1858923
2348864
2650825
2963677
3276443
3589372
3902038
4214769
4527358
4840242
5152947
5465582
5778485
6108148
6403961
6716801
7029659
7342474
7655164
750507
1063175
1357048
1670587
1983362
2296181
2608845
2921419
3234223
3547366
3859898
4205997
4518828
4831613
5144500
5457145
5769894
6082740
6395627
6708533
7021130
7334144
810098
1122822
1442150
1754946
2067841
2380702
2693440
3114997
3427920
3750735
4063510
4376394
4689144
5001734
5314563
5627452
5940361
6258400
6587558
6900445
7213160
7526005
602775
973222
1464052
1776920
2059218
2372015
2684650
3013307
3310283
3623061
3935648
4248464
4561260
4874025
5186841
5499919
5812486
6128123
6440828
6753493
7066229
7378966
620773
879372
1192242
1534659
1847492
2160283
2491331
2808716
3109127
3422020
3735050
4047503
4360291
4673270
4986026
5298611
5611415
5924291
6237198
6549895
6862720
7175554
7488503
583875
1133542
1446339
1759223
2072000
2384924
2697649
3099531
3412348
3725207
4037948
4350740
4663477
4976334
5289246
5602048
6131465
6444280
6757183
7070028
7382652
7695443
601702
875838
1188732
1501437
1814597
2179849
2492566
2805433
3152392
3465215
3778132
4090945
4403913
4716622
5029399
5342040
5655078
5967768
6280567
6593392
6906294
7219049
7531822
596631
924580
1237219
1549984
1862807
2175848
2498632
2801226
3127144
3428038
3783944
4086376
4399206
4711825
5024631
5337451
5650457
5963165
6275930
6588654
6901381
7214100
7526822
633641
973930
1376853
1751525
2064287
2397689
2703471
3016080
3328992
3644548
3954476
4267220
4580027
4892750
5205574
5518264
5848434
6156442
6456473
6769215
7082041
7409458
870775
1183510
1496324
1809198
2128649
2441452
2729176
3041942
3354554
3667352
3980195
4293046
4606838
4918732
5231577
5544675
5857198
6170110
6482867
6795818
7108613
7421147
647661
1063796
1351478
1664329
2056489
2369411
2682248
2994987
3307882
3620908
3933517
4246400
4559212
4871917
5184575
5450715
5763558
6076398
6389165
6702041
7014908
7327646
7640546
600230
919639
1270564
1641967
1954737
2273092
2585845
2921790
3210101
3522883
3835431
4148272
4461072
4773815
5086883
5403500
5712347
6025038
6337738
6650537
6963164
7275879
7588682
645019
906092
1218515
1525426
1777513
2090238
2404812
2715616
3040090
3352892
3664054
3923053
4207026
4519775
4832594
5145470
5458197
5770996
6083759
6396454
6709254
7022012
7334933
623052
925100
1386557
1703692
2014113
2327021
2584543
2897455
3210189
3522784
3835724
4148577
4461381
4774105
5086970
5399862
5713136
6025468
6338342
6651234
6964100
7276763
7589380
582000
846114
1139279
1464179
1792827
2105312
2387162
2699902
3033748
3346552
3659702
3972209
4285103
4597878
4910852
5223665
5536445
5849119
6161963
6480350
6787795
7100412
7413182
637902
901991
1189489
1502781
1827765
2140088
2477464
2779258
3091805
3404548
3722165
4023656
4336422
4649144
4965797
5274715
5564048
5876822
6193350
6502150
6869354
7182230
7494651
603421
873631
1186374
1481690
1794488
2107207
2481717
2786922
3047787
3360578
3645315
3958004
4270617
4583391
4896314
5209168
5521884
5834585
6147444
6460231
6772968
7085826
7398640
714938
1046292
1453438
1873955
2186868
2499664
2812488
3125226
3438151
3750813
4063607
4376594
4689249
5002103
5315046
5627825
5940672
6253449
6566210
6879271
7191858
7504680
610023
985600
1298241
1585547
1898296
2211210
2529423
2836852
3149667
3462588
3775212
4088016
4400895
4669631
4982548
5329601
5642207
6033122
6345825
6658690
6971608
7284281
7597147
754521
1067140
1364443
1639406
1952225
2264947
2582271
2890482
3203373
3516244
3845988
4141548
4454483
4767343
5050672
5349290
5662096
5974910
6286162
6600631
6913491
7226084
7537237
600685
912968
1184051
1504657
1786134
2098801
2411548
2724424
3048856
3362607
3675269
3987960
4300821
4613585
4926489
5239292
5552025
5864787
6177665
6490361
6802870
7115784
7428637
614167
876844
1189553
1506859
1786351
2099098
2510803
2824652
3136687
3449455
3762027
4074798
4400676
4713617
5024581
5337471
5650287
5963124
6275940
6588786
6901668
7214595
7527181
764333
1086784
1399588
1756860
2069568
2382325
2695164
3008142
3320941
3635497
3948167
4361260
4673858
4986770
5299634
5612416
5924942
6237977
6566224
6879097
7192025
7504756
595831
922792
1235698
1573470
1886391
2199264
2512202
2834481
3147326
3460299
3773365
4045169
4397478
4710265
5023125
5338652
5648870
5961706
6274494
6587381
6900141
7213007
7525934
821007
1133581
1447561
1760240
2191859
2504631
2817532
3130442
3443292
3755828
4068705
4381622
4694416
5007161
5320074
5656327
6016504
6331287
6644119
6957066
7269878
7582691
629838
937976
1223246
1488382
1801217
2107268
2419937
2732874
3045610
3358578
3671225
3996288
4257650
4570468
4891594
5209416
5508860
5821724
6134618
6463904
6760257
7073064
7385822
7698746
642355
1012037
1439141
1752020
2064478
2377335
2690259
3003004
3315773
3628678
3994576
4307477
4620547
4933020
5245856
5558672
5871584
6184209
6496984
6809921
7122658
7435446
609180
1076956
1389900
1702931
2015563
2328364
2641265
2954149
3266868
3579687
3887331
4199909
4512727
4825700
5138498
5451301
5764169
6076860
6389644
6702454
7015318
7363111
602411
858872
1179910
1488312
1770184
2082748
2395696
2732021
3048053
3360900
3673839
3986697
4299416
4623817
4992284
5405271
5717902
6031058
6343671
6656190
6969003
7281831
7594700
7907515
622892
970997
1231939
1495762
1800014
2073287
2386149
2698776
3011501
3334291
3647028
3959991
4272416
4585170
4916336
5210954
5523563
5836340
6149143
6461896
6775178
7087841
7400719
629885
914766
1390318
1684039
1996831
2309454
2622359
2894421
3207381
3520248
3832905
4145694
4484331
4797164
5109998
5422831
5735700
6048540
6360996
6673934
6986813
7299580
7612378
758619
1289629
1602305
1915195
2315670
2628606
2941729
3254061
3566965
3842727
4155401
4477169
4780937
5093524
5407632
5719267
6032557
6344835
6657726
6970720
7283491
7596281
701428
1330905
1643743
1956543
2269400
2581989
2894952
3207648
3520373
3833341
4146211
4458944
4771755
5084639
5397575
5710232
6023027
6336095
6648870
6961321
7274201
7587025
603300
914130
1227174
1539624
1852423
2199704
2512578
2835352
3148256
3457343
3770163
4085149
4423580
4736321
5049131
5362047
5674648
5987553
6300343
6613281
6926387
7238999
7551747
601182
1025248
1337980
1650931
1949309
2262201
2574951
2892276
3214063
3526708
3839672
4152554
4465375
4778119
5090964
5403837
5728590
6029651
6342322
6655200
6967779
7280664
7593360
590170
965330
1278137
1589904
1902754
2176160
2495777
2808585
3121207
3434021
3746902
4059811
4372624
4685092
4997987
5342211
5655056
5967932
6280795
6593591
6906479
7219218
7544571
630828
977449
1354053
1666878
1979642
2292608
2681887
2994602
3343981
3656797
3969575
4282532
4595050
4907918
5220833
5533593
5846415
6159310
6472167
6784757
7097838
7410368
771944
1084531
1397464
1710051
2036480
2335690
2648447
3059608
3371472
3684161
4006546
4309696
4622601
5012836
5308100
5638585
5951312
6264095
6576963
6889578
7202341
7515088
825740
1128547
1469885
1782762
2083079
2395952
2708647
3021771
3334341
3647077
3959922
4272886
4585570
4898434
5211366
5524064
5836974
6149755
6498222
6811139
7148266
7461044
648453
948298
1261198
1586624
1905088
2197341
2510177
2822874
3137455
3458563
3771356
4054652
4367443
4680084
4992767
5305530
5618342
5931308
6244095
6556910
6869722
7182499
7495340
776838
1089418
1387323
1700250
2012951
2630220
2942964
3255633
3568487
3881349
4194293
4507074
4819877
5133039
5454979
5758305
6071212
6384085
6697738
7009779
7322261
7635032
586580
842554
1280187
1560170
1872705
2185610
2498587
2811235
3113444
3426322
3681118
3993941
4246023
4557867
4870515
5183171
5498620
5808730
6129450
6434447
6755164
7061077
7373982
597454
853231
1223958
1536612
1849433
2195772
2508458
2832960
3152984
3465816
3778519
4091280
4404134
4717020
5031760
5390221
5710288
6023447
6336731
6649276
6962562
7275185
7588018
611761
1022798
1335621
1686005
1999040
2266340
2579160
2891960
3204782
3517740
3830527
4143348
4456161
4768806
5081636
5394307
5707163
6020152
6333104
6657432
6967967
7280565
7593478
748420
1280372
1593214
1906204
2218898
2605627
2951847
3264522
3578108
3890760
4203704
4516630
4829365
5142202
5455077
5767830
6080714
6393562
6706448
7019286
7332096
7644740
631324
1011033
1323876
1640020
1949535
2262345
2614022
2926848
3239667
3552545
3865313
4189268
4490981
4803924
5116565
5429285
5742082
6054969
6367707
6722170
7017622
7330461
606408
867530
1180217
1493132
1805920
2158865
2498860
2811687
3124340
3437213
3749960
4062832
4375619
4688437
5001351
5314217
5626840
5939767
6252479
6565397
6878153
7190745
7503605
815097
1145823
1458676
1764607
2077323
2390177
4091848
4406121
4718958
5031725
5344597
5672802
5970267
6283116
6595692
6908488
7221418
7534197
7846968
8159831
8472783
8785528
767648
1080282
1393109
1688362
2000962
2313807
2626647
3099622
3429902
3724458
4037377
4350261
4663010
4996234
5308948
5621718
5934434
6247092
6560090
6873008
7185668
7498249
611635
914927
1232611
1595386
2089399
2402388
2715044
3032251
3432351
3745241
4058075
4370880
4683627
4996654
5309536
5621995
5934705
6255162
6560468
6873237
7203500
7498988
606554
874438
1124815
1469095
1782074
2108031
2420838
2733985
3046495
3359164
3671881
3960111
4255109
4559817
4872760
5185447
5508181
5811092
6123974
6436965
6762438
7062502
7375281
7688136
630419
958182
1270788
1549770
1862621
2175580
2488428
2801010
3113854
3477480
3790336
4091895
4404777
4670065
4982946
5298929
5729548
6030292
6343215
6655893
6968725
7281606
7594458
7907238
631717
964734
1292465
1605275
1962838
2275457
2588332
2957046
3269887
3582540
3895299
4208167
4520968
4833767
5146544
5459479
5772330
6085168
6397987
6711138
7023721
7336393
7649408
629101
1090841
1440288
1753153
2065937
2378802
2803281
3116027
3428787
3741632
4054475
4367368
4680131
4993108
5305954
5624748
5931171
6243987
6556890
6878176
7182489
7495409
820670
1133411
1446111
1712760
2025542
2338105
2650906
2963681
3276569
3589252
3902025
4214881
4527651
4840397
5153314
5465951
5778870
6091566
6404408
6717150
7030171
7342556
816493
1159255
1533912
1861577
2174221
2511494
2826147
3137192
3449902
3762577
4155864
4468667
4786379
5095309
5408224
5720816
6033737
6346494
6659326
6972129
7285048
7597702
623516
955723
1385885
1698600
2075756
2388611
2701492
3014441
3327163
3640010
3952703
4265917
4578416
4891226
5204172
5516922
5829732
6142585
6455514
6768348
7081138
7393782
627847
935604
1309777
1688562
2001316
2314289
2653633
2966744
3279407
3592095
3904888
4217673
4519970
4832684
5145519
5458460
5771269
6083929
6396690
6709384
7022169
7335095
7647782
751192
1071894
1379147
1692014
1971418
2292759
2605492
2918352
3231108
3543904
3856643
4275253
4587873
4911695
5224378
5537201
5850014
6162954
6552853
6867177
7178523
7491322
600388
916435
1171661
1484109
1742707
2055450
2419332
2732070
3044876
3357870
3670692
3983471
4296360
4609295
4922081
5234765
5547358
5860044
6172948
6485725
6798857
7111566
7424269
607900
1013297
1326061
1644768
2011322
2324144
2648222
2949767
3262659
3575514
3888771
4201526
4513885
4826670
5139545
5452348
5765141
6078107
6390687
6714069
7016647
7329209
748928
1061531
1478854
1791530
2104305
2417138
2729971
3042991
3336626
3731586
4044547
4374425
4679555
4982955
5295930
5608516
5921277
6233922
6546755
6859664
7172647
7485048
708590
1061164
1373965
1688576
2008439
2314216
2627083
2939863
3253065
3565554
3878197
4198899
4512687
4816689
5139491
5392438
5705199
6023089
6335899
6648827
6961706
7274451
695923
1129146
1441906
1758634
2067364
2380226
2693014
3005888
3318768
3662186
3975006
4287888
4600664
4913477
5226292
5539072
5852034
6164682
6477447
6790426
7103161
7416046
613400
863262
1265740
1578620
1891410
2210158
2523101
2835838
3148747
3461468
3774300
4086977
4399735
4720121
5025539
5366240
5679163
5992034
6304691
6617558
6930272
7243135
7555977
618188
974131
1287022
1638096
1965714
2294384
2628902
2941685
3254530
3567239
3880284
4247078
4559871
4872501
5185374
5498175
5815241
6123861
6437131
6749294
7068138
7374859
599137
889482
1238566
1551476
1906199
2219058
2490631
2831940
3144813
3457643
3770383
4083074
4395778
4708894
5021362
5334235
5647075
5959918
6272814
6585543
6898447
7211307
7524054
748870
1084784
1397644
1679658
1997616
2305478
2627112
2956358
3252554
3565423
3878261
4191019
4504378
4815157
5129445
5442194
5755051
6068044
6379220
6693569
7006439
7319328
7632108
623848
1067451
1380237
1693416
2005871
2318821
2631604
2944507
3257212
3570164
3833504
4146354
4458847
4771807
5084599
5397539
5710242
6019716
6332456
6645416
6966058
7279322
7592126
585597
915504
1458218
1771036
2083793
2396368
2711210
3023977
3337828
3705555
4018174
4331003
4627086
4935577
5248385
5835110
6138607
6451559
6764256
7076963
7389788
7702521
8015371
706931
1076174
1388980
1812912
2125648
2438775
2751351
3064207
3377192
3689851
4037852
4350774
4665411
4976192
5288988
5601732
5914387
6227366
6540107
6853035
7176049
7518254
600765
1020851
1330148
1653130
2006768
2315458
2628103
2940824
3253742
3566591
3879263
4192071
4504901
4817598
5130490
5443344
5756093
6068937
6381662
6694249
7019617
7319786
7632588
749728
1251184
1563895
1876768
2189659
2530575
2843385
3156279
3469180
3783744
4094678
4407651
4730353
5043251
5356197
5669162
5981718
6294427
6607267
6920080
7232928
7545798
620174
1025026
1389131
1701788
1971904
2284844
2597411
2910122
3222964
3548440
3848594
4161431
4474308
4787219
5100058
5412809
5725618
6038618
6351144
6664013
6976780
7289668
624132
978828
1308471
1638911
1959121
2286810
2584727
2897484
3210290
3523185
3777872
4090822
4357462
4681160
5199165
5512046
5824902
6137682
6450491
6763453
7076195
7388865
7701652
749455
1240822
1553616
1914049
2226911
2539679
2852308
3165098
3477927
3790703
4103584
4416466
4729217
5042022
5354813
5667641
5980572
6293372
6606222
6919167
7231674
7544469
631769
924882
1180171
1492969
1953616
2266429
2579322
2891924
3204728
3517571
3785480
4098438
4413110
4724013
5036702
5349437
5662265
5925854
6238799
6551589
6801821
7114599
7427398
703020
1029019
1456387
1769298
2082116
2394894
2690544
3002885
3315812
3628817
3941497
4254270
4567247
4880085
5192873
5505661
5818649
6131468
6444172
6756971
7069700
7382444
858189
1170861
1483494
1796423
2109097
2393243
2705119
2996050
3308855
3623946
3934271
4247127
4560070
4872952
5185526
5498419
5811128
6124018
6436815
6749675
7062515
7375327
744393
1057057
1369848
1699358
2158162
2470997
2783494
3096508
3409266
3722104
4160408
4473237
4793772
5098812
5411719
5724615
6054972
6350214
6663087
6975913
7289399
7601478
651316
1166675
1479670
1803598
2116412
2429265
2742071
3054904
3367809
3680696
3993448
4306476
4619164
4931968
5244502
5503934
5816650
6129452
6442442
6755349
7068009
7380837
618669
872356
1185150
1486227
1799113
2112040
2424867
2737602
3050282
3368730
3727613
4040570
4353417
4668758
4980933
5293840
5649750
5962675
6275292
6588095
6868672
7181425
7493951
595687
874496
1324437
1637293
1950198
2281623
2575871
2888646
3201742
3521231
3827170
4139944
4452901
4765763
5078599
5391357
5704188
6017003
6329790
6642679
6955281
7268185
7581051
748022
1140945
1453785
1766665
2079371
2538007
2850736
3163319
3476241
3788990
4101778
4414671
4743544
5104712
5417404
5730277
6043040
6388596
6701299
7014172
7360357
7672778
650467
972337
1285254
1583378
1896139
2209042
2522005
2834763
3147340
3460512
3773057
4085857
4398743
4711557
5024240
5337010
5649891
5965971
6275460
6588366
6901107
7213994
693964
1071778
1384722
1697472
2065618
2378261
2723902
3018665
3331298
3644097
3956848
4269682
4582374
4928367
5241079
5649646
5962540
6275345
6588110
6901068
7213878
7526464
825382
1269529
1583837
1896778
2209614
2534424
2835177
3147990
3458188
3770995
4083785
4396593
4694206
5007129
5319852
5632436
5945294
6258241
6571038
6883836
7230512
7543311
7856201
638870
964264
1373035
1697998
2010447
2277042
2586809
2899754
3212582
3530124
3837957
4151117
4463724
4778872
5091629
5432612
5755796
6068658
6381555
6681287
6994085
7318983
7619687
724506
1238181
1552752
1865555
2178471
2491180
2804012
3116765
3429612
3742305
4056209
4367899
4680815
4993411
5306209
5618998
5931798
6244374
6557138
6869994
7220377
7533188
630705
1181010
1493901
1806907
2327202
2640094
2952864
3265673
3578595
3891087
4203978
4517160
4837137
5142450
5455305
5768120
6081003
6393867
6706514
7019391
7332131
7645017
626410
958068
1266286
1606978
1919886
2232697
2584776
2897364
3215775
3528581
3841408
4154335
4467197
4780057
5092771
5405674
5732582
6045130
6358015
6670892
6983790
7308607
7621435
633942
959458
1272292
1585553
1896526
2209233
2529476
2842279
3154948
3467711
3780544
4190365
4503269
4816117
5128760
5441595
5754314
6067141
6380032
6692738
7005449
7318295
7631254
974809
1287510
1676679
1989647
2535694
2848562
3161358
3474254
3789383
4119149
4415005
4727832
5040705
5353464
5666352
5978950
6291858
6604567
6917368
7230284
7543110
7855905
717485
1237358
1574744
1910067
2222957
2535720
2848711
3161264
3474212
3786994
4064432
4378463
4691292
5004110
5316953
5629860
5942593
6255489
6568346
6881170
7193949
7506854
7819675
643605
978255
1290851
1576778
1888132
2200944
2513812
2859219
3172049
3631380
3944088
4256972
4569763
4882486
5195294
5508184
5821005
6133634
6446422
6759265
7072069
7384863
7697668
646661
1260274
1591368
1904241
2216917
2541132
2846685
3153286
3493274
3805998
4118801
4431654
4744230
5056900
5369743
5682500
6082317
6394809
6707522
7020366
7333222
7645921
7958681
630442
974187
1252054
1575260
1887970
2200690
2513391
2826270
3139048
3451760
3767362
4077195
4390044
4702772
5016031
5350577
5663280
5975868
6288392
6601170
6913950
7226635
7539528
630139
1063725
1366537
1706575
2019285
2332071
2644929
3119460
3433492
3746320
4099629
4412236
4725187
5038041
5350618
5663441
5976338
6289231
6601959
6914833
7227655
7540480
7853295
636532
1066885
1379711
1692614
1954178
2266914
2579768
2892628
3205596
3518380
3831330
4144183
4457052
4769854
5082654
5395514
5716603
6021136
6333742
6589617
6902504
7215265
7528156
7840976
634549
1260124
1572939
1885747
2215842
2546423
2841802
3154310
3478836
3794158
4092397
4405351
4718072
5138294
5451016
5763920
6076729
6389550
6702201
7015018
7327840
7640527
7953287
712162
1058130
1370973
1853501
2184872
2482095
2792033
3104533
3529610
3843992
4156773
4469665
4782348
5094968
5407905
5720631
6033208
6352503
6658811
6971572
7284612
7608290
651886
1060944
1373792
1686691
1978497
2280646
2593447
2906271
3219137
3531937
3877919
4190950
4481511
4794081
5106958
5419662
5732506
6081804
6394719
6707305
7020162
7332949
7645731
7974325
819282
1131961
1468820
1765244
2069656
2587731
2921926
3234679
3547550
3871404
4247105
4559847
4872516
5185323
5498355
5816844
6123911
6436671
6749649
7062098
7374913
7687709
8000637
8313457
665622
930384
1348172
1661854
1974705
2287589
2602199
2955825
3268551
3519662
3832499
4145465
4458106
4952737
5265809
5578486
5891291
6204106
6517039
6829776
7142522
7455413
7768345
635554
1017020
1270804
1576143
1888760
2334663
2647737
3015854
3328640
3641523
4044339
4357285
4670024
4982844
5295768
5608358
5921243
6234157
6546806
6859334
7172266
7485167
7797908
625932
968079
1280808
1593616
1906358
2219241
2538035
2819007
3163174
3475877
3788466
4101228
4414176
4726808
5105534
5418534
5731076
6172579
6474444
6787176
7099952
7413311
7725946
644324
1031997
1350414
1663244
2106993
2625560
2938188
3250817
3563710
3876622
4189317
4502254
4815044
5128069
5440763
5753335
6066235
6379187
6691942
6957335
7270173
7582984
7895799
756095
1239818
1564232
1865585
2128395
2387660
2730452
3143735
3458454
3771362
4190111
4502375
4815115
5128170
5440590
5753470
6066326
6378887
6692014
7004665
7317575
7634077
7943099
854732
1272204
1585102
2407902
2721429
3034204
3355025
3659629
3972427
4285179
4598110
4911047
5231567
5536405
5849352
6162182
6474949
6787770
7100718
7413280
7726016
8038856
891888
1224811
1537504
1850596
2163344
2416233
2729128
3041894
3460748
3773600
4413180
4725876
5038507
5351003
5663821
5976711
6289395
6602333
6915212
7228111
7540841
7853573
625991
1147210
1460350
1789140
2102102
2414865
2711204
3023794
3336673
3649558
3962338
4275105
4587875
4915650
5228459
5541325
5854308
6166958
6479805
6792787
7105347
7418182
7730833
656758
929148
1457593
1782484
2095206
2408149
2716020
3022041
3334892
3677274
3989136
4301930
4614826
4944076
5214497
5516368
5829128
6141897
6467880
6767594
7080489
7393290
7706195
648085
928721
1267647
1562922
1875818
2319684
2632461
2945113
3257870
3570948
3883623
4196431
4509300
4770215
5083085
5395979
5708607
6021349
6334202
6647042
6959957
7272469
7585291
706260
1075530
1388346
1699445
2012179
2313101
2625874
2938719
3251508
3564350
3877183
4190155
4502975
4815567
5143753
5440903
5753907
6437717
6797882
7149202
7448250
7761105
8073761
628947
895141
1190862
1445494
1783994
2096715
2418762
2730124
3042949
3355583
3782292
4095159
4407974
4720835
5033585
5346747
5659247
5972041
6284809
6597606
6912777
7223339
7535772
7848717
858866
1370568
1683453
2001658
2314415
2627031
2939931
3252810
3565763
3878427
4191415
4504243
4817002
5129810
5442458
5755210
6068061
6380874
7097980
7400818
7713545
8026337
8339238
820760
1081072
1393840
1699042
2011864
2324820
2637637
2950167
3459355
3774662
4087391
4412338
4725098
5037786
5350602
5663430
5976318
6289141
6605380
6914804
7227717
7540434
7865863
637319
1061962
1374854
2071627
2384512
2697341
3010270
3322981
3635768
3949038
4261509
4574265
4887131
5201688
5512753
5825440
6138206
6451194
6763977
7076668
7401540
7714410
811128
1329769
1962381
2275207
2588022
2900762
3213524
3526471
3838949
4151782
4464621
4777462
5090194
5403120
5716006
6028790
6341580
6654382
6972051
7280133
7592926
7905508
816188
1128598
1563342
1899381
2211874
2524719
2837581
3150291
3463119
3776061
4088858
4401684
4730454
5027327
5340235
5759322
6072285
6384965
6697750
7010736
7323597
7636340
629302
1122018
1434943
1697213
2010030
2295042
2620854
2933914
3246578
3559241
3871982
4281056
4593910
4906629
5249304
5562103
5874926
6187819
6501657
6813493
7126301
7439174
7751684
816403
1128944
1443865
1756788
2103414
2420279
2739510
3052315
3365237
3678032
3990780
4303652
4616468
4929360
5242251
5554718
5867564
6180440
6493363
6806060
7118848
7431669
853022
1165610
1589448
1905885
2218305
2531193
2844072
3156779
3430878
3743796
4056849
4308397
4621250
4934035
5192083
5504609
5817426
6130090
6443012
6755679
7068491
7381203
7693946
707455
1020057
1332970
1782639
2095491
2408457
2721260
3034025
3347275
3748470
4062883
4375691
4688627
5001371
5341425
5654317
5966774
6279614
6592493
6905382
7218239
7530945
7843920
810777
1182971
1442691
1755502
2068376
2381194
2693975
3017796
3319658
3632571
3945561
4267462
4712139
5024939
5338923
5650621
6028968
6484133
6796917
7109791
7422615
7735411
8048190
