Latency
732860
1119492
1415806
1728132
1994797
2292064
2561334
2980602
3243244
3540960
3828525
4120144
4409954
4708834
979907
1254371
1535095
1786547
2068081
2323713
2575439
2855834
3110695
3378356
3651862
3911787
2381545
2676749
2926334
3217501
3507488
3801627
4076805
4328585
4580216
4884106
5160245
5452457
2251715
2501314
2782070
3064018
3314796
3569900
3860008
4109447
4399752
4652109
4910875
3084049
3377364
3669492
3960613
4254594
4547007
4835832
5132037
5401960
5690116
5977205
1083250
1365924
1618866
1891062
2180091
2430674
2818541
3082487
3348861
3599708
3861466
4137647
1377174
1653591
1911515
2191576
2490525
2741112
2991789
3242538
3493040
3743585
3994115
2377155
2633408
2926736
3222116
3499727
3793163
4071869
4354909
4642781
4932597
5217821
2933038
3202372
3490531
3763701
4056763
4343839
4635902
4916711
5210011
5518518
5815663
6089541
2061248
2368835
2646651
2963299
3243307
3523550
3801231
4089073
4368325
4649398
4938260
5222286
787359
1092950
2388430
2654175
2954606
3243484
3527832
3812130
4109957
4383170
4739842
5021742
5281894
5648011
1766085
2048825
2310191
2600484
2909693
3161549
3453901
3730685
3992267
4268024
4555657
4841959
5130588
834860
1088903
1348484
2419093
2680792
2974516
3224943
3496658
3768072
4052639
4316618
1650571
1939754
2204604
2500797
2792930
3078905
3373214
3656904
3919760
4181705
4469824
1142538
1428858
1682124
1989704
2265525
2527307
2797093
3053625
3303685
3594382
3845207
1357495
1635527
1898332
2189693
2478665
2729040
3011573
3262944
3602915
3882127
4162449
4449441
2834370
3108813
3362499
3613201
3904901
4192618
4467393
4763834
5055477
5354482
5636174
5903314
883943
1152752
1451540
1724545
2016711
3040969
3316885
3601174
3869992
4161902
4452061
4742236
5042510
2324211
2658708
2955595
3207839
3500177
3777200
4079119
4329971
4586728
4882902
5170902
5423994
3238039
3494452
3783075
4075270
4361339
4648259
4910438
5213878
5491975
5776210
6026973
1208111
1482840
1744736
2004430
2319164
2595659
2893609
3200996
3454802
3739288
4038746
4294814
4762230
938418
1931982
2250203
2509149
2809715
3063992
3340052
3603672
3887947
4138542
4389120
4648643
1968999
2239594
2510548
2781204
3127808
3387439
3702834
3978287
4243440
4531424
4825584
5116653
3262838
3519210
3778422
4058995
4349372
4636151
4919081
5195128
5486363
5739195
6021692
6310295
1734888
2024977
2278892
2580370
2854604
3120574
3400384
3682197
3973441
4245268
4530514
4787918
1841512
2120203
2371955
2660644
2939187
3189923
3473360
3760816
4044425
4319792
4626841
2263062
2546805
2821828
3098689
3387061
3638347
3925141
4216366
4490333
4773232
5022862
5277692
610661
871536
2051755
2335617
2588327
2883366
3168191
3456603
3711842
3967991
4241000
4494631
4745256
4996056
2554948
2827514
3077254
3372242
3625298
3885725
4162264
4412951
4663485
4917212
5211220
1527858
1833693
2085796
2370270
2652443
2904232
3154847
3430058
3712897
3997411
4283692
4556954
1974065
2229623
2536481
2814107
3069973
3355677
3649272
3932881
4220531
4507102
4794639
5067082
2053465
2373171
2664240
2953352
3216737
3501452
3778223
4030050
4298976
4568598
4860758
5129673
2241660
2537679
2812753
3084572
3359718
3617695
3917501
4168782
4440998
4726359
5009390
5298279
886160
1157938
1466690
1763752
2023288
2635380
2888907
3177326
3468877
3736829
3997426
4345136
2974197
3236982
3512215
3804170
4095265
4380336
4665854
4941760
5217805
5482787
5746727
6039355
803581
1054950
1321351
2388171
2650755
2918682
3209563
3460202
3711837
3969577
4220266
4471705
4721251
2968995
3229495
3498092
3782993
4066840
4370848
4665357
4951284
5225766
5502511
5754082
6038110
1846674
2096202
2381568
2664900
2963055
3231835
3512866
3762520
4032276
4332641
4597473
4884917
598474
881193
1776434
2060598
2343299
2594937
2846465
3101076
3396972
3647504
3897615
