cpu  375406 25566 716936 385962450 43572 0 422055 0 0 0
cpu0 74275 8482 129182 96528917 10027 0 89384 0 0 0
cpu1 129105 9081 302845 96289761 10771 0 141850 0 0 0
cpu2 89993 2509 151692 96577737 11391 0 99744 0 0 0
cpu3 82032 5493 133216 96566033 11381 0 91077 0 0 0
intr 8415757495 0 0 1626426 81 0 457497 17059285 0 0 0 6715316 0 0 0 0 0 0 0 0 0 0 0 0 0 0 0 0 0 0 0 0 0 0 0 0 0 0 0 0 0 0 0 0 0 0 0 0 0 0 0 0 3663976532 0 0 0 0 0 0 0 0 225110 0 212757 0 0 0 0 0 0 0 0 0 0 0 359894824 1 0 0 0 0 0 0 0 0 0 0 0 0 0 0 0 0 0 0 0 0 0 0 205059 4219 0 0 0 0 7544695 0 0 0 0 0 0 0 0 0 0 0 0 0 0 0 0 0 0 0 0 0 0 0 0 0 0 0 0 0 0 0 0 0 0 0 0 0 0 0 0 0 0 0 0 0 0 0 0 0 0 0 0 0 0 0 0 0 0 0 0 0 0 0 0 0 0 0 0 0 0 0 0 0 0 0 62868398 0 0 0
ctxt 148249968
btime 1669654930
processes 362183
procs_running 1
procs_blocked 0
softirq 236124733 153416198 19059325 410694 8283482 212748 0 26153184 21568080 474 7020548

cpu  375407 25566 716938 385962645 43572 0 422055 0 0 0
cpu0 74275 8482 129182 96528967 10027 0 89384 0 0 0
cpu1 129106 9081 302847 96289807 10771 0 141850 0 0 0
cpu2 89993 2509 151692 96577787 11391 0 99744 0 0 0
cpu3 82032 5493 133216 96566083 11381 0 91077 0 0 0
intr 8415762169 0 0 1626430 81 0 457497 17059304 0 0 0 6715321 0 0 0 0 0 0 0 0 0 0 0 0 0 0 0 0 0 0 0 0 0 0 0 0 0 0 0 0 0 0 0 0 0 0 0 0 0 0 0 0 3663980544 0 0 0 0 0 0 0 0 225111 0 212757 0 0 0 0 0 0 0 0 0 0 0 359894954 1 0 0 0 0 0 0 0 0 0 0 0 0 0 0 0 0 0 0 0 0 0 0 205059 4219 0 0 0 0 7544710 0 0 0 0 0 0 0 0 0 0 0 0 0 0 0 0 0 0 0 0 0 0 0 0 0 0 0 0 0 0 0 0 0 0 0 0 0 0 0 0 0 0 0 0 0 0 0 0 0 0 0 0 0 0 0 0 0 0 0 0 0 0 0 0 0 0 0 0 0 0 0 0 0 0 0 62868886 0 0 0
ctxt 148250944
btime 1669654930
processes 362183
procs_running 1
procs_blocked 0
softirq 236124791 153416198 19059337 410694 8283483 212748 0 26153198 21568104 474 7020555

cpu  375408 25566 716940 385962838 43572 0 422055 0 0 0
cpu0 74275 8482 129182 96529016 10027 0 89384 0 0 0
cpu1 129106 9081 302848 96289852 10771 0 141850 0 0 0
cpu2 89993 2509 151693 96577835 11391 0 99744 0 0 0
cpu3 82032 5493 133216 96566132 11381 0 91077 0 0 0
intr 8415766900 0 0 1626439 81 0 457497 17059336 0 0 0 6715326 0 0 0 0 0 0 0 0 0 0 0 0 0 0 0 0 0 0 0 0 0 0 0 0 0 0 0 0 0 0 0 0 0 0 0 0 0 0 0 0 3663984564 0 0 0 0 0 0 0 0 225112 0 212757 0 0 0 0 0 0 0 0 0 0 0 359895106 1 0 0 0 0 0 0 0 0 0 0 0 0 0 0 0 0 0 0 0 0 0 0 205059 4219 0 0 0 0 7544725 0 0 0 0 0 0 0 0 0 0 0 0 0 0 0 0 0 0 0 0 0 0 0 0 0 0 0 0 0 0 0 0 0 0 0 0 0 0 0 0 0 0 0 0 0 0 0 0 0 0 0 0 0 0 0 0 0 0 0 0 0 0 0 0 0 0 0 0 0 0 0 0 0 0 0 62869382 0 0 0
ctxt 148251959
btime 1669654930
processes 362183
procs_running 1
procs_blocked 0
softirq 236124869 153416206 19059354 410695 8283484 212748 0 26153211 21568133 474 7020564

cpu  375408 25566 716942 385963032 43572 0 422055 0 0 0
cpu0 74275 8482 129183 96529066 10027 0 89384 0 0 0
cpu1 129106 9081 302849 96289898 10771 0 141850 0 0 0
cpu2 89993 2509 151693 96577884 11391 0 99744 0 0 0
cpu3 82032 5493 133216 96566182 11381 0 91077 0 0 0
intr 8415771563 0 0 1626443 81 0 457497 17059356 0 0 0 6715331 0 0 0 0 0 0 0 0 0 0 0 0 0 0 0 0 0 0 0 0 0 0 0 0 0 0 0 0 0 0 0 0 0 0 0 0 0 0 0 0 3663988569 0 0 0 0 0 0 0 0 225113 0 212757 0 0 0 0 0 0 0 0 0 0 0 359895236 1 0 0 0 0 0 0 0 0 0 0 0 0 0 0 0 0 0 0 0 0 0 0 205059 4219 0 0 0 0 7544740 0 0 0 0 0 0 0 0 0 0 0 0 0 0 0 0 0 0 0 0 0 0 0 0 0 0 0 0 0 0 0 0 0 0 0 0 0 0 0 0 0 0 0 0 0 0 0 0 0 0 0 0 0 0 0 0 0 0 0 0 0 0 0 0 0 0 0 0 0 0 0 0 0 0 0 62869866 0 0 0
ctxt 148252941
btime 1669654930
processes 362183
procs_running 1
procs_blocked 0
softirq 236124926 153416206 19059367 410695 8283485 212748 0 26153225 21568153 474 7020573

cpu  375408 25566 716945 385963225 43572 0 422055 0 0 0
cpu0 74275 8482 129183 96529115 10027 0 89384 0 0 0
cpu1 129106 9081 302852 96289944 10771 0 141850 0 0 0
cpu2 89993 2509 151693 96577933 11391 0 99744 0 0 0
cpu3 82032 5493 133216 96566231 11381 0 91077 0 0 0
intr 8415776299 0 0 1626447 81 0 457497 17059389 0 0 0 6715336 0 0 0 0 0 0 0 0 0 0 0 0 0 0 0 0 0 0 0 0 0 0 0 0 0 0 0 0 0 0 0 0 0 0 0 0 0 0 0 0 3663992591 0 0 0 0 0 0 0 0 225114 0 212757 0 0 0 0 0 0 0 0 0 0 0 359895388 1 0 0 0 0 0 0 0 0 0 0 0 0 0 0 0 0 0 0 0 0 0 0 205059 4219 0 0 0 0 7544765 0 0 0 0 0 0 0 0 0 0 0 0 0 0 0 0 0 0 0 0 0 0 0 0 0 0 0 0 0 0 0 0 0 0 0 0 0 0 0 0 0 0 0 0 0 0 0 0 0 0 0 0 0 0 0 0 0 0 0 0 0 0 0 0 0 0 0 0 0 0 0 0 0 0 0 62870360 0 0 0
ctxt 148253960
btime 1669654930
processes 362183
procs_running 1
procs_blocked 0
softirq 236125008 153416214 19059383 410695 8283487 212748 0 26153246 21568179 474 7020582

cpu  375409 25566 716947 385963419 43572 0 422055 0 0 0
cpu0 74275 8482 129183 96529164 10027 0 89384 0 0 0
cpu1 129107 9081 302854 96289990 10771 0 141850 0 0 0
cpu2 89993 2509 151693 96577982 11391 0 99744 0 0 0
cpu3 82032 5493 133216 96566281 11381 0 91077 0 0 0
intr 8415780966 0 0 1626451 81 0 457497 17059409 0 0 0 6715341 0 0 0 0 0 0 0 0 0 0 0 0 0 0 0 0 0 0 0 0 0 0 0 0 0 0 0 0 0 0 0 0 0 0 0 0 0 0 0 0 3663996595 0 0 0 0 0 0 0 0 225115 0 212757 0 0 0 0 0 0 0 0 0 0 0 359895518 1 0 0 0 0 0 0 0 0 0 0 0 0 0 0 0 0 0 0 0 0 0 0 205059 4219 0 0 0 0 7544780 0 0 0 0 0 0 0 0 0 0 0 0 0 0 0 0 0 0 0 0 0 0 0 0 0 0 0 0 0 0 0 0 0 0 0 0 0 0 0 0 0 0 0 0 0 0 0 0 0 0 0 0 0 0 0 0 0 0 0 0 0 0 0 0 0 0 0 0 0 0 0 0 0 0 0 62870848 0 0 0
ctxt 148254950
btime 1669654930
processes 362183
procs_running 1
procs_blocked 0
softirq 236125069 153416214 19059397 410695 8283488 212748 0 26153260 21568202 474 7020591

cpu  375409 25566 716952 385963608 43572 0 422055 0 0 0
cpu0 74275 8482 129183 96529214 10027 0 89384 0 0 0
cpu1 129108 9081 302855 96290035 10771 0 141850 0 0 0
cpu2 89993 2509 151694 96578030 11391 0 99744 0 0 0
cpu3 82032 5493 133219 96566327 11381 0 91077 0 0 0
intr 8415785809 0 0 1626458 81 0 457497 17059481 0 0 0 6715346 0 0 0 0 0 0 0 0 0 0 0 0 0 0 0 0 0 0 0 0 0 0 0 0 0 0 0 0 0 0 0 0 0 0 0 0 0 0 0 0 3664000617 0 0 0 0 0 0 0 0 225117 0 212757 0 0 0 0 0 0 0 0 0 0 0 359895670 1 0 0 0 0 0 0 0 0 0 0 0 0 0 0 0 0 0 0 0 0 0 0 205059 4219 0 0 0 0 7544840 0 0 0 0 0 0 0 0 0 0 0 0 0 0 0 0 0 0 0 0 0 0 0 0 0 0 0 0 0 0 0 0 0 0 0 0 0 0 0 0 0 0 0 0 0 0 0 0 0 0 0 0 0 0 0 0 0 0 0 0 0 0 0 0 0 0 0 0 0 0 0 0 0 0 0 62871371 0 0 0
ctxt 148256105
btime 1669654930
processes 362183
procs_running 1
procs_blocked 0
softirq 236125225 153416222 19059424 410695 8283492 212748 0 26153313 21568240 474 7020617

cpu  375411 25566 716954 385963802 43572 0 422055 0 0 0
cpu0 74275 8482 129183 96529263 10027 0 89384 0 0 0
cpu1 129109 9081 302856 96290081 10771 0 141850 0 0 0
cpu2 89993 2509 151694 96578079 11391 0 99744 0 0 0
cpu3 82032 5493 133219 96566376 11381 0 91077 0 0 0
intr 8415790466 0 0 1626462 81 0 457497 17059500 0 0 0 6715351 0 0 0 0 0 0 0 0 0 0 0 0 0 0 0 0 0 0 0 0 0 0 0 0 0 0 0 0 0 0 0 0 0 0 0 0 0 0 0 0 3664004614 0 0 0 0 0 0 0 0 225118 0 212757 0 0 0 0 0 0 0 0 0 0 0 359895800 1 0 0 0 0 0 0 0 0 0 0 0 0 0 0 0 0 0 0 0 0 0 0 205059 4219 0 0 0 0 7544855 0 0 0 0 0 0 0 0 0 0 0 0 0 0 0 0 0 0 0 0 0 0 0 0 0 0 0 0 0 0 0 0 0 0 0 0 0 0 0 0 0 0 0 0 0 0 0 0 0 0 0 0 0 0 0 0 0 0 0 0 0 0 0 0 0 0 0 0 0 0 0 0 0 0 0 62871857 0 0 0
ctxt 148257085
btime 1669654930
processes 362183
procs_running 1
procs_blocked 0
softirq 236125286 153416222 19059438 410695 8283493 212748 0 26153327 21568263 474 7020626

cpu  375411 25566 716956 385963995 43572 0 422055 0 0 0
cpu0 74275 8482 129183 96529313 10027 0 89384 0 0 0
cpu1 129110 9081 302858 96290127 10771 0 141850 0 0 0
cpu2 89993 2509 151694 96578128 11391 0 99744 0 0 0
cpu3 82032 5493 133219 96566426 11381 0 91077 0 0 0
intr 8415795189 0 0 1626466 81 0 457497 17059529 0 0 0 6715356 0 0 0 0 0 0 0 0 0 0 0 0 0 0 0 0 0 0 0 0 0 0 0 0 0 0 0 0 0 0 0 0 0 0 0 0 0 0 0 0 3664008643 0 0 0 0 0 0 0 0 225119 0 212757 0 0 0 0 0 0 0 0 0 0 0 359895952 1 0 0 0 0 0 0 0 0 0 0 0 0 0 0 0 0 0 0 0 0 0 0 205059 4219 0 0 0 0 7544870 0 0 0 0 0 0 0 0 0 0 0 0 0 0 0 0 0 0 0 0 0 0 0 0 0 0 0 0 0 0 0 0 0 0 0 0 0 0 0 0 0 0 0 0 0 0 0 0 0 0 0 0 0 0 0 0 0 0 0 0 0 0 0 0 0 0 0 0 0 0 0 0 0 0 0 62872345 0 0 0
ctxt 148258086
btime 1669654930
processes 362183
procs_running 1
procs_blocked 0
softirq 236125356 153416230 19059453 410695 8283494 212748 0 26153341 21568285 474 7020636

cpu  375412 25566 716959 385964189 43572 0 422055 0 0 0
cpu0 74275 8482 129183 96529362 10027 0 89384 0 0 0
cpu1 129110 9081 302862 96290173 10771 0 141850 0 0 0
cpu2 89993 2509 151694 96578177 11391 0 99744 0 0 0
cpu3 82032 5493 133219 96566475 11381 0 91077 0 0 0
intr 8415799853 0 0 1626470 81 0 457497 17059551 0 0 0 6715361 0 0 0 0 0 0 0 0 0 0 0 0 0 0 0 0 0 0 0 0 0 0 0 0 0 0 0 0 0 0 0 0 0 0 0 0 0 0 0 0 3664012639 0 0 0 0 0 0 0 0 225120 0 212757 0 0 0 0 0 0 0 0 0 0 0 359896082 1 0 0 0 0 0 0 0 0 0 0 0 0 0 0 0 0 0 0 0 0 0 0 205059 4219 0 0 0 0 7544885 0 0 0 0 0 0 0 0 0 0 0 0 0 0 0 0 0 0 0 0 0 0 0 0 0 0 0 0 0 0 0 0 0 0 0 0 0 0 0 0 0 0 0 0 0 0 0 0 0 0 0 0 0 0 0 0 0 0 0 0 0 0 0 0 0 0 0 0 0 0 0 0 0 0 0 62872836 0 0 0
ctxt 148259071
btime 1669654930
processes 362183
procs_running 1
procs_blocked 0
softirq 236125425 153416230 19059468 410695 8283495 212748 0 26153355 21568312 474 7020648

cpu  375412 25566 716961 385964382 43572 0 422055 0 0 0
cpu0 74275 8482 129183 96529411 10027 0 89384 0 0 0
cpu1 129110 9081 302863 96290219 10771 0 141850 0 0 0
cpu2 89993 2509 151695 96578226 11391 0 99744 0 0 0
cpu3 82032 5493 133219 96566525 11381 0 91077 0 0 0
intr 8415804576 0 0 1626475 81 0 457497 17059579 0 0 0 6715366 0 0 0 0 0 0 0 0 0 0 0 0 0 0 0 0 0 0 0 0 0 0 0 0 0 0 0 0 0 0 0 0 0 0 0 0 0 0 0 0 3664016665 0 0 0 0 0 0 0 0 225121 0 212757 0 0 0 0 0 0 0 0 0 0 0 359896234 1 0 0 0 0 0 0 0 0 0 0 0 0 0 0 0 0 0 0 0 0 0 0 205059 4219 0 0 0 0 7544900 0 0 0 0 0 0 0 0 0 0 0 0 0 0 0 0 0 0 0 0 0 0 0 0 0 0 0 0 0 0 0 0 0 0 0 0 0 0 0 0 0 0 0 0 0 0 0 0 0 0 0 0 0 0 0 0 0 0 0 0 0 0 0 0 0 0 0 0 0 0 0 0 0 0 0 62873327 0 0 0
ctxt 148260075
btime 1669654930
processes 362183
procs_running 1
procs_blocked 0
softirq 236125498 153416238 19059483 410695 8283496 212748 0 26153369 21568337 474 7020658

cpu  375412 25566 716963 385964576 43572 0 422056 0 0 0
cpu0 74276 8482 129183 96529461 10027 0 89384 0 0 0
cpu1 129110 9081 302865 96290265 10771 0 141850 0 0 0
cpu2 89993 2509 151695 96578275 11391 0 99744 0 0 0
cpu3 82032 5493 133219 96566574 11381 0 91077 0 0 0
intr 8415809250 0 0 1626479 81 0 457497 17059604 0 0 0 6715371 0 0 0 0 0 0 0 0 0 0 0 0 0 0 0 0 0 0 0 0 0 0 0 0 0 0 0 0 0 0 0 0 0 0 0 0 0 0 0 0 3664020669 0 0 0 0 0 0 0 0 225122 0 212757 0 0 0 0 0 0 0 0 0 0 0 359896364 1 0 0 0 0 0 0 0 0 0 0 0 0 0 0 0 0 0 0 0 0 0 0 205059 4219 0 0 0 0 7544915 0 0 0 0 0 0 0 0 0 0 0 0 0 0 0 0 0 0 0 0 0 0 0 0 0 0 0 0 0 0 0 0 0 0 0 0 0 0 0 0 0 0 0 0 0 0 0 0 0 0 0 0 0 0 0 0 0 0 0 0 0 0 0 0 0 0 0 0 0 0 0 0 0 0 0 62873818 0 0 0
ctxt 148261067
btime 1669654930
processes 362183
procs_running 2
procs_blocked 0
softirq 236125566 153416238 19059497 410695 8283497 212748 0 26153383 21568364 474 7020670

cpu  375414 25566 716966 385964766 43572 0 422056 0 0 0
cpu0 74276 8482 129183 96529510 10027 0 89384 0 0 0
cpu1 129111 9081 302866 96290311 10771 0 141850 0 0 0
cpu2 89993 2509 151695 96578324 11391 0 99744 0 0 0
cpu3 82033 5493 133221 96566621 11381 0 91077 0 0 0
intr 8415814045 0 0 1626483 81 0 457497 17059661 0 0 0 6715375 0 0 0 0 0 0 0 0 0 0 0 0 0 0 0 0 0 0 0 0 0 0 0 0 0 0 0 0 0 0 0 0 0 0 0 0 0 0 0 0 3664024692 0 0 0 0 0 0 0 0 225123 0 212757 0 0 0 0 0 0 0 0 0 0 0 359896516 1 0 0 0 0 0 0 0 0 0 0 0 0 0 0 0 0 0 0 0 0 0 0 205059 4219 0 0 0 0 7544952 0 0 0 0 0 0 0 0 0 0 0 0 0 0 0 0 0 0 0 0 0 0 0 0 0 0 0 0 0 0 0 0 0 0 0 0 0 0 0 0 0 0 0 0 0 0 0 0 0 0 0 0 0 0 0 0 0 0 0 0 0 0 0 0 0 0 0 0 0 0 0 0 0 0 0 62874333 0 0 0
ctxt 148262164
btime 1669654930
processes 362183
procs_running 1
procs_blocked 0
softirq 236125712 153416246 19059525 410696 8283499 212748 0 26153416 21568403 474 7020705

cpu  375414 25566 716967 385964960 43572 0 422056 0 0 0
cpu0 74276 8482 129183 96529559 10027 0 89384 0 0 0
cpu1 129111 9081 302867 96290356 10771 0 141850 0 0 0
cpu2 89993 2509 151696 96578373 11391 0 99744 0 0 0
cpu3 82033 5493 133221 96566670 11381 0 91077 0 0 0
intr 8415818706 0 0 1626487 81 0 457497 17059685 0 0 0 6715380 0 0 0 0 0 0 0 0 0 0 0 0 0 0 0 0 0 0 0 0 0 0 0 0 0 0 0 0 0 0 0 0 0 0 0 0 0 0 0 0 3664028688 0 0 0 0 0 0 0 0 225124 0 212757 0 0 0 0 0 0 0 0 0 0 0 359896646 1 0 0 0 0 0 0 0 0 0 0 0 0 0 0 0 0 0 0 0 0 0 0 205059 4219 0 0 0 0 7544967 0 0 0 0 0 0 0 0 0 0 0 0 0 0 0 0 0 0 0 0 0 0 0 0 0 0 0 0 0 0 0 0 0 0 0 0 0 0 0 0 0 0 0 0 0 0 0 0 0 0 0 0 0 0 0 0 0 0 0 0 0 0 0 0 0 0 0 0 0 0 0 0 0 0 0 62874821 0 0 0
ctxt 148263152
btime 1669654930
processes 362183
procs_running 1
procs_blocked 0
softirq 236125779 153416246 19059540 410696 8283500 212748 0 26153430 21568428 474 7020717

cpu  375416 25566 716968 385965153 43572 0 422056 0 0 0
cpu0 74276 8482 129183 96529608 10027 0 89384 0 0 0
cpu1 129112 9081 302868 96290402 10771 0 141850 0 0 0
cpu2 89993 2509 151696 96578422 11391 0 99744 0 0 0
cpu3 82033 5493 133221 96566720 11381 0 91077 0 0 0
intr 8415823418 0 0 1626488 81 0 457497 17059707 0 0 0 6715385 0 0 0 0 0 0 0 0 0 0 0 0 0 0 0 0 0 0 0 0 0 0 0 0 0 0 0 0 0 0 0 0 0 0 0 0 0 0 0 0 3664032714 0 0 0 0 0 0 0 0 225125 0 212757 0 0 0 0 0 0 0 0 0 0 0 359896798 1 0 0 0 0 0 0 0 0 0 0 0 0 0 0 0 0 0 0 0 0 0 0 205059 4219 0 0 0 0 7544982 0 0 0 0 0 0 0 0 0 0 0 0 0 0 0 0 0 0 0 0 0 0 0 0 0 0 0 0 0 0 0 0 0 0 0 0 0 0 0 0 0 0 0 0 0 0 0 0 0 0 0 0 0 0 0 0 0 0 0 0 0 0 0 0 0 0 0 0 0 0 0 0 0 0 0 62875310 0 0 0
ctxt 148264148
btime 1669654930
processes 362183
procs_running 1
procs_blocked 0
softirq 236125852 153416254 19059555 410696 8283501 212748 0 26153443 21568454 474 7020727

cpu  375416 25566 716972 385965347 43572 0 422056 0 0 0
cpu0 74276 8482 129183 96529658 10027 0 89384 0 0 0
cpu1 129113 9081 302871 96290448 10771 0 141850 0 0 0
cpu2 89993 2509 151696 96578471 11391 0 99744 0 0 0
cpu3 82033 5493 133221 96566769 11381 0 91077 0 0 0
intr 8415828096 0 0 1626492 81 0 457497 17059731 0 0 0 6715390 0 0 0 0 0 0 0 0 0 0 0 0 0 0 0 0 0 0 0 0 0 0 0 0 0 0 0 0 0 0 0 0 0 0 0 0 0 0 0 0 3664036718 0 0 0 0 0 0 0 0 225126 0 212757 0 0 0 0 0 0 0 0 0 0 0 359896928 1 0 0 0 0 0 0 0 0 0 0 0 0 0 0 0 0 0 0 0 0 0 0 205059 4219 0 0 0 0 7544997 0 0 0 0 0 0 0 0 0 0 0 0 0 0 0 0 0 0 0 0 0 0 0 0 0 0 0 0 0 0 0 0 0 0 0 0 0 0 0 0 0 0 0 0 0 0 0 0 0 0 0 0 0 0 0 0 0 0 0 0 0 0 0 0 0 0 0 0 0 0 0 0 0 0 0 62875805 0 0 0
ctxt 148265140
btime 1669654930
processes 362183
procs_running 1
procs_blocked 0
softirq 236125923 153416254 19059570 410696 8283502 212748 0 26153457 21568483 474 7020739

cpu  375416 25566 716974 385965541 43572 0 422056 0 0 0
cpu0 74276 8482 129183 96529707 10027 0 89384 0 0 0
cpu1 129113 9081 302874 96290494 10771 0 141850 0 0 0
cpu2 89993 2509 151696 96578519 11391 0 99744 0 0 0
cpu3 82033 5493 133221 96566819 11381 0 91077 0 0 0
intr 8415832806 0 0 1626496 81 0 457497 17059759 0 0 0 6715395 0 0 0 0 0 0 0 0 0 0 0 0 0 0 0 0 0 0 0 0 0 0 0 0 0 0 0 0 0 0 0 0 0 0 0 0 0 0 0 0 3664040734 0 0 0 0 0 0 0 0 225127 0 212757 0 0 0 0 0 0 0 0 0 0 0 359897080 1 0 0 0 0 0 0 0 0 0 0 0 0 0 0 0 0 0 0 0 0 0 0 205059 4219 0 0 0 0 7545012 0 0 0 0 0 0 0 0 0 0 0 0 0 0 0 0 0 0 0 0 0 0 0 0 0 0 0 0 0 0 0 0 0 0 0 0 0 0 0 0 0 0 0 0 0 0 0 0 0 0 0 0 0 0 0 0 0 0 0 0 0 0 0 0 0 0 0 0 0 0 0 0 0 0 0 62876294 0 0 0
ctxt 148266145
btime 1669654930
processes 362183
procs_running 1
procs_blocked 0
softirq 236125997 153416262 19059583 410696 8283503 212748 0 26153470 21568508 474 7020753

cpu  375416 25566 716976 385965734 43572 0 422056 0 0 0
cpu0 74276 8482 129183 96529756 10027 0 89384 0 0 0
cpu1 129113 9081 302876 96290540 10771 0 141850 0 0 0
cpu2 89993 2509 151696 96578568 11391 0 99744 0 0 0
cpu3 82033 5493 133221 96566868 11381 0 91077 0 0 0
intr 8415837478 0 0 1626500 81 0 457497 17059782 0 0 0 6715400 0 0 0 0 0 0 0 0 0 0 0 0 0 0 0 0 0 0 0 0 0 0 0 0 0 0 0 0 0 0 0 0 0 0 0 0 0 0 0 0 3664044738 0 0 0 0 0 0 0 0 225128 0 212757 0 0 0 0 0 0 0 0 0 0 0 359897208 1 0 0 0 0 0 0 0 0 0 0 0 0 0 0 0 0 0 0 0 0 0 0 205059 4219 0 0 0 0 7545027 0 0 0 0 0 0 0 0 0 0 0 0 0 0 0 0 0 0 0 0 0 0 0 0 0 0 0 0 0 0 0 0 0 0 0 0 0 0 0 0 0 0 0 0 0 0 0 0 0 0 0 0 0 0 0 0 0 0 0 0 0 0 0 0 0 0 0 0 0 0 0 0 0 0 0 62876785 0 0 0
ctxt 148267135
btime 1669654930
processes 362183
procs_running 1
procs_blocked 0
softirq 236126060 153416262 19059596 410696 8283504 212748 0 26153484 21568531 474 7020765

cpu  375418 25566 716979 385965923 43572 0 422056 0 0 0
cpu0 74276 8482 129183 96529805 10027 0 89384 0 0 0
cpu1 129113 9081 302876 96290586 10771 0 141850 0 0 0
cpu2 89994 2509 151696 96578617 11391 0 99744 0 0 0
cpu3 82035 5493 133223 96566914 11381 0 91077 0 0 0
intr 8415842302 0 0 1626509 81 0 457497 17059849 0 0 0 6715405 0 0 0 0 0 0 0 0 0 0 0 0 0 0 0 0 0 0 0 0 0 0 0 0 0 0 0 0 0 0 0 0 0 0 0 0 0 0 0 0 3664048760 0 0 0 0 0 0 0 0 225130 0 212757 0 0 0 0 0 0 0 0 0 0 0 359897360 1 0 0 0 0 0 0 0 0 0 0 0 0 0 0 0 0 0 0 0 0 0 0 205059 4219 0 0 0 0 7545072 0 0 0 0 0 0 0 0 0 0 0 0 0 0 0 0 0 0 0 0 0 0 0 0 0 0 0 0 0 0 0 0 0 0 0 0 0 0 0 0 0 0 0 0 0 0 0 0 0 0 0 0 0 0 0 0 0 0 0 0 0 0 0 0 0 0 0 0 0 0 0 0 0 0 0 62877308 0 0 0
ctxt 148268265
btime 1669654930
processes 362183
procs_running 1
procs_blocked 0
softirq 236126205 153416270 19059620 410696 8283507 212748 0 26153524 21568565 474 7020801

cpu  375418 25566 716981 385966117 43572 0 422056 0 0 0
cpu0 74276 8482 129183 96529855 10027 0 89384 0 0 0
cpu1 129113 9081 302878 96290632 10771 0 141850 0 0 0
cpu2 89994 2509 151696 96578666 11391 0 99744 0 0 0
cpu3 82035 5493 133223 96566964 11381 0 91077 0 0 0
intr 8415846971 0 0 1626513 81 0 457497 17059868 0 0 0 6715410 0 0 0 0 0 0 0 0 0 0 0 0 0 0 0 0 0 0 0 0 0 0 0 0 0 0 0 0 0 0 0 0 0 0 0 0 0 0 0 0 3664052764 0 0 0 0 0 0 0 0 225131 0 212757 0 0 0 0 0 0 0 0 0 0 0 359897490 1 0 0 0 0 0 0 0 0 0 0 0 0 0 0 0 0 0 0 0 0 0 0 205059 4219 0 0 0 0 7545087 0 0 0 0 0 0 0 0 0 0 0 0 0 0 0 0 0 0 0 0 0 0 0 0 0 0 0 0 0 0 0 0 0 0 0 0 0 0 0 0 0 0 0 0 0 0 0 0 0 0 0 0 0 0 0 0 0 0 0 0 0 0 0 0 0 0 0 0 0 0 0 0 0 0 0 62877799 0 0 0
ctxt 148269257
btime 1669654930
processes 362183
procs_running 1
procs_blocked 0
softirq 236126270 153416270 19059634 410696 8283508 212748 0 26153538 21568588 474 7020814

cpu  375420 25566 716983 385966311 43572 0 422056 0 0 0
cpu0 74276 8482 129183 96529904 10027 0 89384 0 0 0
cpu1 129114 9081 302880 96290677 10771 0 141850 0 0 0
cpu2 89994 2509 151696 96578715 11391 0 99744 0 0 0
cpu3 82035 5493 133223 96567013 11381 0 91077 0 0 0
intr 8415851685 0 0 1626517 81 0 457497 17059896 0 0 0 6715415 0 0 0 0 0 0 0 0 0 0 0 0 0 0 0 0 0 0 0 0 0 0 0 0 0 0 0 0 0 0 0 0 0 0 0 0 0 0 0 0 3664056782 0 0 0 0 0 0 0 0 225132 0 212757 0 0 0 0 0 0 0 0 0 0 0 359897642 1 0 0 0 0 0 0 0 0 0 0 0 0 0 0 0 0 0 0 0 0 0 0 205059 4219 0 0 0 0 7545102 0 0 0 0 0 0 0 0 0 0 0 0 0 0 0 0 0 0 0 0 0 0 0 0 0 0 0 0 0 0 0 0 0 0 0 0 0 0 0 0 0 0 0 0 0 0 0 0 0 0 0 0 0 0 0 0 0 0 0 0 0 0 0 0 0 0 0 0 0 0 0 0 0 0 0 62878290 0 0 0
ctxt 148270266
btime 1669654930
processes 362183
procs_running 1
procs_blocked 0
softirq 236126341 153416278 19059646 410696 8283509 212748 0 26153551 21568612 474 7020827

cpu  375420 25566 716985 385966504 43572 0 422056 0 0 0
cpu0 74276 8482 129183 96529954 10027 0 89384 0 0 0
cpu1 129114 9081 302882 96290723 10771 0 141850 0 0 0
cpu2 89994 2509 151696 96578763 11391 0 99744 0 0 0
cpu3 82035 5493 133223 96567063 11381 0 91077 0 0 0
intr 8415856360 0 0 1626521 81 0 457497 17059917 0 0 0 6715420 0 0 0 0 0 0 0 0 0 0 0 0 0 0 0 0 0 0 0 0 0 0 0 0 0 0 0 0 0 0 0 0 0 0 0 0 0 0 0 0 3664060786 0 0 0 0 0 0 0 0 225133 0 212757 0 0 0 0 0 0 0 0 0 0 0 359897772 1 0 0 0 0 0 0 0 0 0 0 0 0 0 0 0 0 0 0 0 0 0 0 205059 4219 0 0 0 0 7545117 0 0 0 0 0 0 0 0 0 0 0 0 0 0 0 0 0 0 0 0 0 0 0 0 0 0 0 0 0 0 0 0 0 0 0 0 0 0 0 0 0 0 0 0 0 0 0 0 0 0 0 0 0 0 0 0 0 0 0 0 0 0 0 0 0 0 0 0 0 0 0 0 0 0 0 62878784 0 0 0
ctxt 148271265
btime 1669654930
processes 362183
procs_running 1
procs_blocked 0
softirq 236126407 153416278 19059659 410696 8283510 212748 0 26153565 21568637 474 7020840

cpu  375420 25566 716987 385966698 43572 0 422056 0 0 0
cpu0 74276 8482 129183 96530003 10027 0 89384 0 0 0
cpu1 129114 9081 302884 96290769 10771 0 141850 0 0 0
cpu2 89994 2509 151696 96578812 11391 0 99744 0 0 0
cpu3 82035 5493 133223 96567112 11381 0 91077 0 0 0
intr 8415861084 0 0 1626526 81 0 457497 17059947 0 0 0 6715425 0 0 0 0 0 0 0 0 0 0 0 0 0 0 0 0 0 0 0 0 0 0 0 0 0 0 0 0 0 0 0 0 0 0 0 0 0 0 0 0 3664064802 0 0 0 0 0 0 0 0 225134 0 212757 0 0 0 0 0 0 0 0 0 0 0 359897924 1 0 0 0 0 0 0 0 0 0 0 0 0 0 0 0 0 0 0 0 0 0 0 205059 4219 0 0 0 0 7545136 0 0 0 0 0 0 0 0 0 0 0 0 0 0 0 0 0 0 0 0 0 0 0 0 0 0 0 0 0 0 0 0 0 0 0 0 0 0 0 0 0 0 0 0 0 0 0 0 0 0 0 0 0 0 0 0 0 0 0 0 0 0 0 0 0 0 0 0 0 0 0 0 0 0 0 62879281 0 0 0
ctxt 148272287
btime 1669654930
processes 362183
procs_running 1
procs_blocked 0
softirq 236126492 153416286 19059676 410697 8283512 212748 0 26153581 21568666 474 7020852

cpu  375420 25566 716988 385966892 43572 0 422056 0 0 0
cpu0 74276 8482 129183 96530052 10027 0 89384 0 0 0
cpu1 129115 9081 302886 96290815 10771 0 141850 0 0 0
cpu2 89994 2509 151696 96578861 11391 0 99744 0 0 0
cpu3 82035 5493 133223 96567162 11381 0 91077 0 0 0
intr 8415865767 0 0 1626534 81 0 457497 17059970 0 0 0 6715430 0 0 0 0 0 0 0 0 0 0 0 0 0 0 0 0 0 0 0 0 0 0 0 0 0 0 0 0 0 0 0 0 0 0 0 0 0 0 0 0 3664068806 0 0 0 0 0 0 0 0 225135 0 212757 0 0 0 0 0 0 0 0 0 0 0 359898054 1 0 0 0 0 0 0 0 0 0 0 0 0 0 0 0 0 0 0 0 0 0 0 205059 4219 0 0 0 0 7545151 0 0 0 0 0 0 0 0 0 0 0 0 0 0 0 0 0 0 0 0 0 0 0 0 0 0 0 0 0 0 0 0 0 0 0 0 0 0 0 0 0 0 0 0 0 0 0 0 0 0 0 0 0 0 0 0 0 0 0 0 0 0 0 0 0 0 0 0 0 0 0 0 0 0 0 62879777 0 0 0
ctxt 148273281
btime 1669654930
processes 362183
procs_running 1
procs_blocked 0
softirq 236126560 153416286 19059690 410697 8283513 212748 0 26153595 21568691 474 7020866

cpu  375421 25566 716993 385967081 43572 0 422056 0 0 0
cpu0 74276 8482 129183 96530101 10027 0 89384 0 0 0
cpu1 129115 9081 302887 96290861 10771 0 141850 0 0 0
cpu2 89994 2509 151696 96578910 11391 0 99744 0 0 0
cpu3 82036 5493 133226 96567207 11381 0 91077 0 0 0
intr 8415870582 0 0 1626542 81 0 457497 17060037 0 0 0 6715435 0 0 0 0 0 0 0 0 0 0 0 0 0 0 0 0 0 0 0 0 0 0 0 0 0 0 0 0 0 0 0 0 0 0 0 0 0 0 0 0 3664072825 0 0 0 0 0 0 0 0 225137 0 212757 0 0 0 0 0 0 0 0 0 0 0 359898206 1 0 0 0 0 0 0 0 0 0 0 0 0 0 0 0 0 0 0 0 0 0 0 205059 4219 0 0 0 0 7545196 0 0 0 0 0 0 0 0 0 0 0 0 0 0 0 0 0 0 0 0 0 0 0 0 0 0 0 0 0 0 0 0 0 0 0 0 0 0 0 0 0 0 0 0 0 0 0 0 0 0 0 0 0 0 0 0 0 0 0 0 0 0 0 0 0 0 0 0 0 0 0 0 0 0 0 62880295 0 0 0
ctxt 148274402
btime 1669654930
processes 362183
procs_running 1
procs_blocked 0
softirq 236126705 153416294 19059713 410697 8283516 212748 0 26153636 21568723 474 7020904

cpu  375421 25566 716995 385967269 43572 0 422056 0 0 0
cpu0 74276 8482 129183 96530149 10027 0 89384 0 0 0
cpu1 129115 9081 302889 96290905 10771 0 141850 0 0 0
cpu2 89994 2509 151696 96578957 11391 0 99744 0 0 0
cpu3 82036 5493 133226 96567255 11381 0 91077 0 0 0
intr 8415876570 0 0 1626548 81 0 457497 17060061 0 0 0 6715440 0 0 0 0 0 0 0 0 0 0 0 0 0 0 0 0 0 0 0 0 0 0 0 0 0 0 0 0 0 0 0 0 0 0 0 0 0 0 0 0 3664077509 0 0 0 0 0 0 0 0 225138 0 212757 0 0 0 0 0 0 0 0 0 0 0 359898964 1 0 0 0 0 0 0 0 0 0 0 0 0 0 0 0 0 0 0 0 0 0 0 205059 4219 0 0 0 0 7545211 0 0 0 0 0 0 0 0 0 0 0 0 0 0 0 0 0 0 0 0 0 0 0 0 0 0 0 0 0 0 0 0 0 0 0 0 0 0 0 0 0 0 0 0 0 0 0 0 0 0 0 0 0 0 0 0 0 0 0 0 0 0 0 0 0 0 0 0 0 0 0 0 0 0 0 62880790 0 0 0
ctxt 148275413
btime 1669654930
processes 362183
procs_running 1
procs_blocked 0
softirq 236128310 153417061 19059732 410697 8283842 212748 0 26154085 21568753 474 7020918

cpu  375422 25566 716998 385967456 43572 0 422057 0 0 0
cpu0 74276 8482 129183 96530197 10027 0 89384 0 0 0
cpu1 129116 9081 302892 96290950 10771 0 141850 0 0 0
cpu2 89994 2509 151696 96579005 11391 0 99744 0 0 0
cpu3 82036 5493 133226 96567303 11381 0 91077 0 0 0
intr 8415882807 0 0 1626549 81 0 457497 17060084 0 0 0 6715445 0 0 0 0 0 0 0 0 0 0 0 0 0 0 0 0 0 0 0 0 0 0 0 0 0 0 0 0 0 0 0 0 0 0 0 0 0 0 0 0 3664082319 0 0 0 0 0 0 0 0 225139 0 212757 0 0 0 0 0 0 0 0 0 0 0 359899852 1 0 0 0 0 0 0 0 0 0 0 0 0 0 0 0 0 0 0 0 0 0 0 205059 4219 0 0 0 0 7545226 0 0 0 0 0 0 0 0 0 0 0 0 0 0 0 0 0 0 0 0 0 0 0 0 0 0 0 0 0 0 0 0 0 0 0 0 0 0 0 0 0 0 0 0 0 0 0 0 0 0 0 0 0 0 0 0 0 0 0 0 0 0 0 0 0 0 0 0 0 0 0 0 0 0 0 62881285 0 0 0
ctxt 148276437
btime 1669654930
processes 362183
procs_running 1
procs_blocked 0
softirq 236130240 153418025 19059746 410697 8284225 212748 0 26154612 21568782 474 7020931

cpu  375422 25566 717000 385967643 43572 0 422058 0 0 0
cpu0 74276 8482 129183 96530245 10027 0 89384 0 0 0
cpu1 129116 9081 302894 96290994 10771 0 141851 0 0 0
cpu2 89994 2509 151696 96579052 11391 0 99744 0 0 0
cpu3 82036 5493 133226 96567351 11381 0 91077 0 0 0
intr 8415889291 0 0 1626549 81 0 457497 17060106 0 0 0 6715450 0 0 0 0 0 0 0 0 0 0 0 0 0 0 0 0 0 0 0 0 0 0 0 0 0 0 0 0 0 0 0 0 0 0 0 0 0 0 0 0 3664087263 0 0 0 0 0 0 0 0 225140 0 212757 0 0 0 0 0 0 0 0 0 0 0 359900858 1 0 0 0 0 0 0 0 0 0 0 0 0 0 0 0 0 0 0 0 0 0 0 205059 4219 0 0 0 0 7545241 0 0 0 0 0 0 0 0 0 0 0 0 0 0 0 0 0 0 0 0 0 0 0 0 0 0 0 0 0 0 0 0 0 0 0 0 0 0 0 0 0 0 0 0 0 0 0 0 0 0 0 0 0 0 0 0 0 0 0 0 0 0 0 0 0 0 0 0 0 0 0 0 0 0 0 62881775 0 0 0
ctxt 148277457
btime 1669654930
processes 362183
procs_running 1
procs_blocked 0
softirq 236132513 153419176 19059762 410697 8284673 212748 0 26155230 21568810 474 7020943

cpu  375422 25566 717001 385967830 43572 0 422059 0 0 0
cpu0 74276 8482 129183 96530293 10027 0 89384 0 0 0
cpu1 129116 9081 302895 96291039 10771 0 141852 0 0 0
cpu2 89994 2509 151696 96579099 11391 0 99745 0 0 0
cpu3 82036 5493 133226 96567399 11381 0 91077 0 0 0
intr 8415895522 0 0 1626549 81 0 457497 17060132 0 0 0 6715455 0 0 0 0 0 0 0 0 0 0 0 0 0 0 0 0 0 0 0 0 0 0 0 0 0 0 0 0 0 0 0 0 0 0 0 0 0 0 0 0 3664092072 0 0 0 0 0 0 0 0 225141 0 212757 0 0 0 0 0 0 0 0 0 0 0 359901744 1 0 0 0 0 0 0 0 0 0 0 0 0 0 0 0 0 0 0 0 0 0 0 205059 4219 0 0 0 0 7545256 0 0 0 0 0 0 0 0 0 0 0 0 0 0 0 0 0 0 0 0 0 0 0 0 0 0 0 0 0 0 0 0 0 0 0 0 0 0 0 0 0 0 0 0 0 0 0 0 0 0 0 0 0 0 0 0 0 0 0 0 0 0 0 0 0 0 0 0 0 0 0 0 0 0 0 62882264 0 0 0
ctxt 148278487
btime 1669654930
processes 362183
procs_running 1
procs_blocked 0
softirq 236134456 153420160 19059778 410697 8285053 212748 0 26155757 21568834 474 7020955

cpu  375423 25566 717004 385968018 43572 0 422059 0 0 0
cpu0 74276 8482 129183 96530341 10027 0 89384 0 0 0
cpu1 129116 9081 302898 96291083 10771 0 141852 0 0 0
cpu2 89994 2509 151696 96579146 11391 0 99745 0 0 0
cpu3 82036 5493 133226 96567447 11381 0 91077 0 0 0
intr 8415901729 0 0 1626549 81 0 457497 17060152 0 0 0 6715460 0 0 0 0 0 0 0 0 0 0 0 0 0 0 0 0 0 0 0 0 0 0 0 0 0 0 0 0 0 0 0 0 0 0 0 0 0 0 0 0 3664096878 0 0 0 0 0 0 0 0 225142 0 212757 0 0 0 0 0 0 0 0 0 0 0 359902616 1 0 0 0 0 0 0 0 0 0 0 0 0 0 0 0 0 0 0 0 0 0 0 205059 4219 0 0 0 0 7545271 0 0 0 0 0 0 0 0 0 0 0 0 0 0 0 0 0 0 0 0 0 0 0 0 0 0 0 0 0 0 0 0 0 0 0 0 0 0 0 0 0 0 0 0 0 0 0 0 0 0 0 0 0 0 0 0 0 0 0 0 0 0 0 0 0 0 0 0 0 0 0 0 0 0 0 62882752 0 0 0
ctxt 148279500
btime 1669654930
processes 362183
procs_running 1
procs_blocked 0
softirq 236136365 153421125 19059792 410697 8285432 212748 0 26156270 21568860 474 7020967

cpu  375424 25566 717009 385968201 43572 0 422062 0 0 0
cpu0 74276 8482 129183 96530388 10027 0 89385 0 0 0
cpu1 129117 9081 302900 96291127 10771 0 141852 0 0 0
cpu2 89994 2509 151697 96579193 11391 0 99745 0 0 0
cpu3 82036 5493 133228 96567491 11381 0 91078 0 0 0
intr 8415908251 0 0 1626554 81 0 457497 17060203 0 0 0 6715465 0 0 0 0 0 0 0 0 0 0 0 0 0 0 0 0 0 0 0 0 0 0 0 0 0 0 0 0 0 0 0 0 0 0 0 0 0 0 0 0 3664101798 0 0 0 0 0 0 0 0 225144 0 212757 0 0 0 0 0 0 0 0 0 0 0 359903605 1 0 0 0 0 0 0 0 0 0 0 0 0 0 0 0 0 0 0 0 0 0 0 205059 4219 0 0 0 0 7545301 0 0 0 0 0 0 0 0 0 0 0 0 0 0 0 0 0 0 0 0 0 0 0 0 0 0 0 0 0 0 0 0 0 0 0 0 0 0 0 0 0 0 0 0 0 0 0 0 0 0 0 0 0 0 0 0 0 0 0 0 0 0 0 0 0 0 0 0 0 0 0 0 0 0 0 62883271 0 0 0
ctxt 148280613
btime 1669654930
processes 362183
procs_running 1
procs_blocked 0
softirq 236138578 153422202 19059819 410697 8285868 212748 0 26156871 21568900 474 7020999

cpu  375424 25566 717010 385968389 43572 0 422062 0 0 0
cpu0 74276 8482 129183 96530436 10027 0 89385 0 0 0
cpu1 129117 9081 302901 96291172 10771 0 141852 0 0 0
cpu2 89994 2509 151697 96579241 11391 0 99745 0 0 0
cpu3 82036 5493 133228 96567539 11381 0 91078 0 0 0
intr 8415914452 0 0 1626554 81 0 457497 17060221 0 0 0 6715470 0 0 0 0 0 0 0 0 0 0 0 0 0 0 0 0 0 0 0 0 0 0 0 0 0 0 0 0 0 0 0 0 0 0 0 0 0 0 0 0 3664106600 0 0 0 0 0 0 0 0 225145 0 212757 0 0 0 0 0 0 0 0 0 0 0 359904482 1 0 0 0 0 0 0 0 0 0 0 0 0 0 0 0 0 0 0 0 0 0 0 205059 4219 0 0 0 0 7545316 0 0 0 0 0 0 0 0 0 0 0 0 0 0 0 0 0 0 0 0 0 0 0 0 0 0 0 0 0 0 0 0 0 0 0 0 0 0 0 0 0 0 0 0 0 0 0 0 0 0 0 0 0 0 0 0 0 0 0 0 0 0 0 0 0 0 0 0 0 0 0 0 0 0 0 62883754 0 0 0
ctxt 148281613
btime 1669654930
processes 362183
procs_running 1
procs_blocked 0
softirq 236140476 153423133 19059831 410697 8286250 212748 0 26157409 21568921 474 7021013

cpu  375424 25566 717012 385968576 43572 0 422064 0 0 0
cpu0 74276 8482 129183 96530483 10027 0 89385 0 0 0
cpu1 129117 9081 302903 96291216 10771 0 141854 0 0 0
cpu2 89994 2509 151697 96579288 11391 0 99745 0 0 0
cpu3 82036 5493 133228 96567587 11381 0 91078 0 0 0
intr 8415920961 0 0 1626554 81 0 457497 17060244 0 0 0 6715475 0 0 0 0 0 0 0 0 0 0 0 0 0 0 0 0 0 0 0 0 0 0 0 0 0 0 0 0 0 0 0 0 0 0 0 0 0 0 0 0 3664111551 0 0 0 0 0 0 0 0 225146 0 212757 0 0 0 0 0 0 0 0 0 0 0 359905503 1 0 0 0 0 0 0 0 0 0 0 0 0 0 0 0 0 0 0 0 0 0 0 205059 4219 0 0 0 0 7545331 0 0 0 0 0 0 0 0 0 0 0 0 0 0 0 0 0 0 0 0 0 0 0 0 0 0 0 0 0 0 0 0 0 0 0 0 0 0 0 0 0 0 0 0 0 0 0 0 0 0 0 0 0 0 0 0 0 0 0 0 0 0 0 0 0 0 0 0 0 0 0 0 0 0 0 62884248 0 0 0
ctxt 148282640
btime 1669654930
processes 362183
procs_running 1
procs_blocked 0
softirq 236142669 153424214 19059849 410697 8286698 212748 0 26158014 21568949 474 7021026

cpu  375424 25566 717015 385968764 43572 0 422064 0 0 0
cpu0 74276 8482 129183 96530531 10027 0 89385 0 0 0
cpu1 129117 9081 302905 96291261 10771 0 141854 0 0 0
cpu2 89994 2509 151697 96579336 11391 0 99745 0 0 0
cpu3 82036 5493 133228 96567635 11381 0 91078 0 0 0
intr 8415927162 0 0 1626554 81 0 457497 17060262 0 0 0 6715480 0 0 0 0 0 0 0 0 0 0 0 0 0 0 0 0 0 0 0 0 0 0 0 0 0 0 0 0 0 0 0 0 0 0 0 0 0 0 0 0 3664116348 0 0 0 0 0 0 0 0 225147 0 212757 0 0 0 0 0 0 0 0 0 0 0 359906378 1 0 0 0 0 0 0 0 0 0 0 0 0 0 0 0 0 0 0 0 0 0 0 205059 4219 0 0 0 0 7545346 0 0 0 0 0 0 0 0 0 0 0 0 0 0 0 0 0 0 0 0 0 0 0 0 0 0 0 0 0 0 0 0 0 0 0 0 0 0 0 0 0 0 0 0 0 0 0 0 0 0 0 0 0 0 0 0 0 0 0 0 0 0 0 0 0 0 0 0 0 0 0 0 0 0 0 62884738 0 0 0
ctxt 148283637
btime 1669654930
processes 362183
procs_running 1
procs_blocked 0
softirq 236144519 153425099 19059864 410698 8287083 212748 0 26158541 21568972 474 7021040

cpu  375424 25566 717017 385968951 43572 0 422064 0 0 0
cpu0 74276 8482 129183 96530578 10027 0 89385 0 0 0
cpu1 129117 9081 302907 96291306 10771 0 141854 0 0 0
cpu2 89994 2509 151698 96579384 11391 0 99745 0 0 0
cpu3 82036 5493 133228 96567682 11381 0 91078 0 0 0
intr 8415933407 0 0 1626555 81 0 457497 17060286 0 0 0 6715485 0 0 0 0 0 0 0 0 0 0 0 0 0 0 0 0 0 0 0 0 0 0 0 0 0 0 0 0 0 0 0 0 0 0 0 0 0 0 0 0 3664121166 0 0 0 0 0 0 0 0 225148 0 212757 0 0 0 0 0 0 0 0 0 0 0 359907268 1 0 0 0 0 0 0 0 0 0 0 0 0 0 0 0 0 0 0 0 0 0 0 205059 4219 0 0 0 0 7545361 0 0 0 0 0 0 0 0 0 0 0 0 0 0 0 0 0 0 0 0 0 0 0 0 0 0 0 0 0 0 0 0 0 0 0 0 0 0 0 0 0 0 0 0 0 0 0 0 0 0 0 0 0 0 0 0 0 0 0 0 0 0 0 0 0 0 0 0 0 0 0 0 0 0 0 62885229 0 0 0
ctxt 148284670
btime 1669654930
processes 362183
procs_running 1
procs_blocked 0
softirq 236146446 153426059 19059880 410698 8287464 212748 0 26159073 21568997 474 7021053

cpu  375424 25566 717019 385969138 43572 0 422065 0 0 0
cpu0 74276 8482 129183 96530625 10027 0 89385 0 0 0
cpu1 129117 9081 302908 96291350 10771 0 141854 0 0 0
cpu2 89994 2509 151698 96579431 11391 0 99746 0 0 0
cpu3 82036 5493 133228 96567730 11381 0 91078 0 0 0
intr 8415939932 0 0 1626555 81 0 457497 17060327 0 0 0 6715490 0 0 0 0 0 0 0 0 0 0 0 0 0 0 0 0 0 0 0 0 0 0 0 0 0 0 0 0 0 0 0 0 0 0 0 0 0 0 0 0 3664126095 0 0 0 0 0 0 0 0 225150 0 212757 0 0 0 0 0 0 0 0 0 0 0 359908261 1 0 0 0 0 0 0 0 0 0 0 0 0 0 0 0 0 0 0 0 0 0 0 205059 4219 0 0 0 0 7545411 0 0 0 0 0 0 0 0 0 0 0 0 0 0 0 0 0 0 0 0 0 0 0 0 0 0 0 0 0 0 0 0 0 0 0 0 0 0 0 0 0 0 0 0 0 0 0 0 0 0 0 0 0 0 0 0 0 0 0 0 0 0 0 0 0 0 0 0 0 0 0 0 0 0 0 62885733 0 0 0
ctxt 148285769
btime 1669654930
processes 362183
procs_running 1
procs_blocked 0
softirq 236148704 153427172 19059904 410698 8287905 212748 0 26159704 21569033 474 7021066

cpu  375425 25566 717024 385969321 43572 0 422066 0 0 0
cpu0 74276 8482 129184 96530672 10027 0 89386 0 0 0
cpu1 129117 9081 302909 96291394 10771 0 141854 0 0 0
cpu2 89994 2509 151699 96579478 11391 0 99746 0 0 0
cpu3 82037 5493 133231 96567775 11381 0 91079 0 0 0
intr 8415946219 0 0 1626555 81 0 457497 17060381 0 0 0 6715495 0 0 0 0 0 0 0 0 0 0 0 0 0 0 0 0 0 0 0 0 0 0 0 0 0 0 0 0 0 0 0 0 0 0 0 0 0 0 0 0 3664130892 0 0 0 0 0 0 0 0 225152 0 212757 0 0 0 0 0 0 0 0 0 0 0 359909143 1 0 0 0 0 0 0 0 0 0 0 0 0 0 0 0 0 0 0 0 0 0 0 205059 4219 0 0 0 0 7545441 0 0 0 0 0 0 0 0 0 0 0 0 0 0 0 0 0 0 0 0 0 0 0 0 0 0 0 0 0 0 0 0 0 0 0 0 0 0 0 0 0 0 0 0 0 0 0 0 0 0 0 0 0 0 0 0 0 0 0 0 0 0 0 0 0 0 0 0 0 0 0 0 0 0 0 62886250 0 0 0
ctxt 148286900
btime 1669654930
processes 362183
procs_running 1
procs_blocked 0
softirq 236150645 153428130 19059930 410698 8288280 212748 0 26160216 21569066 474 7021103

cpu  375425 25566 717026 385969509 43572 0 422067 0 0 0
cpu0 74276 8482 129184 96530720 10027 0 89386 0 0 0
cpu1 129117 9081 302911 96291439 10771 0 141854 0 0 0
cpu2 89994 2509 151699 96579526 11391 0 99747 0 0 0
cpu3 82037 5493 133231 96567822 11381 0 91079 0 0 0
intr 8415952463 0 0 1626555 81 0 457497 17060399 0 0 0 6715500 0 0 0 0 0 0 0 0 0 0 0 0 0 0 0 0 0 0 0 0 0 0 0 0 0 0 0 0 0 0 0 0 0 0 0 0 0 0 0 0 3664135716 0 0 0 0 0 0 0 0 225153 0 212757 0 0 0 0 0 0 0 0 0 0 0 359910047 1 0 0 0 0 0 0 0 0 0 0 0 0 0 0 0 0 0 0 0 0 0 0 205059 4219 0 0 0 0 7545456 0 0 0 0 0 0 0 0 0 0 0 0 0 0 0 0 0 0 0 0 0 0 0 0 0 0 0 0 0 0 0 0 0 0 0 0 0 0 0 0 0 0 0 0 0 0 0 0 0 0 0 0 0 0 0 0 0 0 0 0 0 0 0 0 0 0 0 0 0 0 0 0 0 0 0 62886732 0 0 0
ctxt 148287900
btime 1669654930
processes 362183
procs_running 1
procs_blocked 0
softirq 236152648 153429153 19059944 410698 8288675 212748 0 26160753 21569089 474 7021114

cpu  375425 25566 717029 385969695 43572 0 422069 0 0 0
cpu0 74276 8482 129184 96530768 10027 0 89386 0 0 0
cpu1 129118 9081 302914 96291483 10771 0 141855 0 0 0
cpu2 89994 2509 151699 96579573 11391 0 99748 0 0 0
cpu3 82037 5493 133231 96567870 11381 0 91079 0 0 0
intr 8415958900 0 0 1626556 81 0 457497 17060420 0 0 0 6715505 0 0 0 0 0 0 0 0 0 0 0 0 0 0 0 0 0 0 0 0 0 0 0 0 0 0 0 0 0 0 0 0 0 0 0 0 0 0 0 0 3664140624 0 0 0 0 0 0 0 0 225154 0 212757 0 0 0 0 0 0 0 0 0 0 0 359911034 1 0 0 0 0 0 0 0 0 0 0 0 0 0 0 0 0 0 0 0 0 0 0 205059 4219 0 0 0 0 7545471 0 0 0 0 0 0 0 0 0 0 0 0 0 0 0 0 0 0 0 0 0 0 0 0 0 0 0 0 0 0 0 0 0 0 0 0 0 0 0 0 0 0 0 0 0 0 0 0 0 0 0 0 0 0 0 0 0 0 0 0 0 0 0 0 0 0 0 0 0 0 0 0 0 0 0 62887227 0 0 0
ctxt 148288928
btime 1669654930
processes 362183
procs_running 1
procs_blocked 0
softirq 236154781 153430204 19059960 410698 8289111 212748 0 26161339 21569121 474 7021126

cpu  375425 25566 717031 385969883 43572 0 422070 0 0 0
cpu0 74276 8482 129184 96530816 10027 0 89386 0 0 0
cpu1 129118 9081 302916 96291527 10771 0 141856 0 0 0
cpu2 89994 2509 151699 96579621 11391 0 99748 0 0 0
cpu3 82037 5493 133231 96567918 11381 0 91079 0 0 0
intr 8415965088 0 0 1626556 81 0 457497 17060440 0 0 0 6715510 0 0 0 0 0 0 0 0 0 0 0 0 0 0 0 0 0 0 0 0 0 0 0 0 0 0 0 0 0 0 0 0 0 0 0 0 0 0 0 0 3664145410 0 0 0 0 0 0 0 0 225155 0 212757 0 0 0 0 0 0 0 0 0 0 0 359911900 1 0 0 0 0 0 0 0 0 0 0 0 0 0 0 0 0 0 0 0 0 0 0 205059 4219 0 0 0 0 7545496 0 0 0 0 0 0 0 0 0 0 0 0 0 0 0 0 0 0 0 0 0 0 0 0 0 0 0 0 0 0 0 0 0 0 0 0 0 0 0 0 0 0 0 0 0 0 0 0 0 0 0 0 0 0 0 0 0 0 0 0 0 0 0 0 0 0 0 0 0 0 0 0 0 0 0 62887712 0 0 0
ctxt 148289956
btime 1669654930
processes 362183
procs_running 1
procs_blocked 0
softirq 236156677 153431137 19059972 410698 8289494 212748 0 26161874 21569144 474 7021136

cpu  375426 25566 717032 385970070 43572 0 422071 0 0 0
cpu0 74276 8482 129184 96530863 10027 0 89386 0 0 0
cpu1 129118 9081 302916 96291571 10771 0 141856 0 0 0
cpu2 89994 2509 151700 96579668 11391 0 99748 0 0 0
cpu3 82037 5493 133231 96567966 11381 0 91079 0 0 0
intr 8415971522 0 0 1626556 81 0 457497 17060460 0 0 0 6715515 0 0 0 0 0 0 0 0 0 0 0 0 0 0 0 0 0 0 0 0 0 0 0 0 0 0 0 0 0 0 0 0 0 0 0 0 0 0 0 0 3664150329 0 0 0 0 0 0 0 0 225156 0 212757 0 0 0 0 0 0 0 0 0 0 0 359912889 1 0 0 0 0 0 0 0 0 0 0 0 0 0 0 0 0 0 0 0 0 0 0 205059 4219 0 0 0 0 7545511 0 0 0 0 0 0 0 0 0 0 0 0 0 0 0 0 0 0 0 0 0 0 0 0 0 0 0 0 0 0 0 0 0 0 0 0 0 0 0 0 0 0 0 0 0 0 0 0 0 0 0 0 0 0 0 0 0 0 0 0 0 0 0 0 0 0 0 0 0 0 0 0 0 0 0 62888197 0 0 0
ctxt 148290972
btime 1669654930
processes 362183
procs_running 2
procs_blocked 0
softirq 236158855 153432200 19059988 410698 8289939 212748 0 26162491 21569169 474 7021148

cpu  375426 25566 717034 385970257 43572 0 422072 0 0 0
cpu0 74276 8482 129184 96530911 10027 0 89386 0 0 0
cpu1 129118 9081 302918 96291615 10771 0 141858 0 0 0
cpu2 89994 2509 151700 96579716 11391 0 99748 0 0 0
cpu3 82037 5493 133231 96568013 11381 0 91079 0 0 0
intr 8415977760 0 0 1626556 81 0 457497 17060483 0 0 0 6715520 0 0 0 0 0 0 0 0 0 0 0 0 0 0 0 0 0 0 0 0 0 0 0 0 0 0 0 0 0 0 0 0 0 0 0 0 0 0 0 0 3664155140 0 0 0 0 0 0 0 0 225157 0 212757 0 0 0 0 0 0 0 0 0 0 0 359913788 1 0 0 0 0 0 0 0 0 0 0 0 0 0 0 0 0 0 0 0 0 0 0 205059 4219 0 0 0 0 7545526 0 0 0 0 0 0 0 0 0 0 0 0 0 0 0 0 0 0 0 0 0 0 0 0 0 0 0 0 0 0 0 0 0 0 0 0 0 0 0 0 0 0 0 0 0 0 0 0 0 0 0 0 0 0 0 0 0 0 0 0 0 0 0 0 0 0 0 0 0 0 0 0 0 0 0 62888681 0 0 0
ctxt 148291989
btime 1669654930
processes 362183
procs_running 1
procs_blocked 0
softirq 236160784 153433171 19060000 410698 8290320 212748 0 26163020 21569193 474 7021160

cpu  375428 25566 717038 385970441 43572 0 422073 0 0 0
cpu0 74276 8482 129184 96530959 10027 0 89386 0 0 0
cpu1 129119 9081 302920 96291659 10771 0 141858 0 0 0
cpu2 89994 2509 151700 96579763 11391 0 99749 0 0 0
cpu3 82038 5493 133233 96568058 11381 0 91080 0 0 0
intr 8415984040 0 0 1626559 81 0 457497 17060536 0 0 0 6715525 0 0 0 0 0 0 0 0 0 0 0 0 0 0 0 0 0 0 0 0 0 0 0 0 0 0 0 0 0 0 0 0 0 0 0 0 0 0 0 0 3664159931 0 0 0 0 0 0 0 0 225159 0 212757 0 0 0 0 0 0 0 0 0 0 0 359914652 1 0 0 0 0 0 0 0 0 0 0 0 0 0 0 0 0 0 0 0 0 0 0 205059 4219 0 0 0 0 7545571 0 0 0 0 0 0 0 0 0 0 0 0 0 0 0 0 0 0 0 0 0 0 0 0 0 0 0 0 0 0 0 0 0 0 0 0 0 0 0 0 0 0 0 0 0 0 0 0 0 0 0 0 0 0 0 0 0 0 0 0 0 0 0 0 0 0 0 0 0 0 0 0 0 0 0 62889197 0 0 0
ctxt 148293105
btime 1669654930
processes 362183
procs_running 1
procs_blocked 0
softirq 236162764 153434123 19060025 410698 8290706 212748 0 26163573 21569231 474 7021186

cpu  375429 25566 717040 385970628 43572 0 422074 0 0 0
cpu0 74276 8482 129184 96531006 10027 0 89386 0 0 0
cpu1 129120 9081 302922 96291703 10771 0 141858 0 0 0
cpu2 89994 2509 151700 96579811 11391 0 99749 0 0 0
cpu3 82038 5493 133233 96568106 11381 0 91080 0 0 0
intr 8415990538 0 0 1626565 81 0 457497 17060557 0 0 0 6715530 0 0 0 0 0 0 0 0 0 0 0 0 0 0 0 0 0 0 0 0 0 0 0 0 0 0 0 0 0 0 0 0 0 0 0 0 0 0 0 0 3664164870 0 0 0 0 0 0 0 0 225160 0 212757 0 0 0 0 0 0 0 0 0 0 0 359915670 1 0 0 0 0 0 0 0 0 0 0 0 0 0 0 0 0 0 0 0 0 0 0 205059 4219 0 0 0 0 7545586 0 0 0 0 0 0 0 0 0 0 0 0 0 0 0 0 0 0 0 0 0 0 0 0 0 0 0 0 0 0 0 0 0 0 0 0 0 0 0 0 0 0 0 0 0 0 0 0 0 0 0 0 0 0 0 0 0 0 0 0 0 0 0 0 0 0 0 0 0 0 0 0 0 0 0 62889691 0 0 0
ctxt 148294132
btime 1669654930
processes 362183
procs_running 1
procs_blocked 0
softirq 236164937 153435180 19060040 410698 8291151 212748 0 26164187 21569257 474 7021202

cpu  375429 25566 717042 385970816 43572 0 422074 0 0 0
cpu0 74276 8482 129184 96531054 10027 0 89386 0 0 0
cpu1 129120 9081 302924 96291748 10771 0 141858 0 0 0
cpu2 89994 2509 151700 96579858 11391 0 99749 0 0 0
cpu3 82038 5493 133233 96568154 11381 0 91080 0 0 0
intr 8415996735 0 0 1626565 81 0 457497 17060573 0 0 0 6715535 0 0 0 0 0 0 0 0 0 0 0 0 0 0 0 0 0 0 0 0 0 0 0 0 0 0 0 0 0 0 0 0 0 0 0 0 0 0 0 0 3664169666 0 0 0 0 0 0 0 0 225161 0 212757 0 0 0 0 0 0 0 0 0 0 0 359916544 1 0 0 0 0 0 0 0 0 0 0 0 0 0 0 0 0 0 0 0 0 0 0 205059 4219 0 0 0 0 7545601 0 0 0 0 0 0 0 0 0 0 0 0 0 0 0 0 0 0 0 0 0 0 0 0 0 0 0 0 0 0 0 0 0 0 0 0 0 0 0 0 0 0 0 0 0 0 0 0 0 0 0 0 0 0 0 0 0 0 0 0 0 0 0 0 0 0 0 0 0 0 0 0 0 0 0 62890181 0 0 0
ctxt 148295139
btime 1669654930
processes 362183
procs_running 2
procs_blocked 0
softirq 236166805 153436090 19060055 410699 8291534 212748 0 26164708 21569282 474 7021215

cpu  375429 25566 717044 385971003 43572 0 422074 0 0 0
cpu0 74276 8482 129184 96531102 10027 0 89386 0 0 0
cpu1 129120 9081 302926 96291792 10771 0 141858 0 0 0
cpu2 89994 2509 151700 96579906 11391 0 99749 0 0 0
cpu3 82038 5493 133233 96568202 11381 0 91080 0 0 0
intr 8416003103 0 0 1626565 81 0 457497 17060596 0 0 0 6715540 0 0 0 0 0 0 0 0 0 0 0 0 0 0 0 0 0 0 0 0 0 0 0 0 0 0 0 0 0 0 0 0 0 0 0 0 0 0 0 0 3664174548 0 0 0 0 0 0 0 0 225162 0 212757 0 0 0 0 0 0 0 0 0 0 0 359917498 1 0 0 0 0 0 0 0 0 0 0 0 0 0 0 0 0 0 0 0 0 0 0 205059 4219 0 0 0 0 7545616 0 0 0 0 0 0 0 0 0 0 0 0 0 0 0 0 0 0 0 0 0 0 0 0 0 0 0 0 0 0 0 0 0 0 0 0 0 0 0 0 0 0 0 0 0 0 0 0 0 0 0 0 0 0 0 0 0 0 0 0 0 0 0 0 0 0 0 0 0 0 0 0 0 0 0 62890673 0 0 0
ctxt 148296161
btime 1669654930
processes 362183
procs_running 2
procs_blocked 0
softirq 236168825 153437059 19060071 410699 8291947 212748 0 26165289 21569309 474 7021229

cpu  375430 25566 717046 385971191 43572 0 422074 0 0 0
cpu0 74276 8482 129184 96531150 10027 0 89386 0 0 0
cpu1 129121 9081 302927 96291837 10771 0 141859 0 0 0
cpu2 89994 2509 151700 96579954 11391 0 99749 0 0 0
cpu3 82038 5493 133233 96568250 11381 0 91080 0 0 0
intr 8416009142 0 0 1626566 81 0 457497 17060613 0 0 0 6715545 0 0 0 0 0 0 0 0 0 0 0 0 0 0 0 0 0 0 0 0 0 0 0 0 0 0 0 0 0 0 0 0 0 0 0 0 0 0 0 0 3664179265 0 0 0 0 0 0 0 0 225163 0 212757 0 0 0 0 0 0 0 0 0 0 0 359918291 1 0 0 0 0 0 0 0 0 0 0 0 0 0 0 0 0 0 0 0 0 0 0 205059 4219 0 0 0 0 7545631 0 0 0 0 0 0 0 0 0 0 0 0 0 0 0 0 0 0 0 0 0 0 0 0 0 0 0 0 0 0 0 0 0 0 0 0 0 0 0 0 0 0 0 0 0 0 0 0 0 0 0 0 0 0 0 0 0 0 0 0 0 0 0 0 0 0 0 0 0 0 0 0 0 0 0 62891158 0 0 0
ctxt 148297157
btime 1669654930
processes 362183
procs_running 1
procs_blocked 0
softirq 236170556 153437900 19060084 410699 8292294 212748 0 26165778 21569337 474 7021242

cpu  375430 25566 717048 385971385 43572 0 422074 0 0 0
cpu0 74276 8482 129184 96531199 10027 0 89386 0 0 0
cpu1 129121 9081 302929 96291882 10771 0 141859 0 0 0
cpu2 89994 2509 151701 96580003 11391 0 99749 0 0 0
cpu3 82038 5493 133233 96568299 11381 0 91080 0 0 0
intr 8416013849 0 0 1626568 81 0 457497 17060635 0 0 0 6715550 0 0 0 0 0 0 0 0 0 0 0 0 0 0 0 0 0 0 0 0 0 0 0 0 0 0 0 0 0 0 0 0 0 0 0 0 0 0 0 0 3664183286 0 0 0 0 0 0 0 0 225164 0 212757 0 0 0 0 0 0 0 0 0 0 0 359918445 1 0 0 0 0 0 0 0 0 0 0 0 0 0 0 0 0 0 0 0 0 0 0 205059 4219 0 0 0 0 7545646 0 0 0 0 0 0 0 0 0 0 0 0 0 0 0 0 0 0 0 0 0 0 0 0 0 0 0 0 0 0 0 0 0 0 0 0 0 0 0 0 0 0 0 0 0 0 0 0 0 0 0 0 0 0 0 0 0 0 0 0 0 0 0 0 0 0 0 0 0 0 0 0 0 0 0 62891645 0 0 0
ctxt 148298149
btime 1669654930
processes 362183
procs_running 1
procs_blocked 0
softirq 236170630 153437908 19060097 410699 8292295 212748 0 26165792 21569361 474 7021256

cpu  375432 25566 717054 385971574 43572 0 422074 0 0 0
cpu0 74276 8482 129184 96531248 10027 0 89386 0 0 0
cpu1 129122 9081 302931 96291928 10771 0 141859 0 0 0
cpu2 89994 2509 151702 96580052 11391 0 99749 0 0 0
cpu3 82039 5493 133236 96568345 11381 0 91080 0 0 0
intr 8416018580 0 0 1626574 81 0 457497 17060682 0 0 0 6715555 0 0 0 0 0 0 0 0 0 0 0 0 0 0 0 0 0 0 0 0 0 0 0 0 0 0 0 0 0 0 0 0 0 0 0 0 0 0 0 0 3664187283 0 0 0 0 0 0 0 0 225166 0 212757 0 0 0 0 0 0 0 0 0 0 0 359918573 1 0 0 0 0 0 0 0 0 0 0 0 0 0 0 0 0 0 0 0 0 0 0 205059 4219 0 0 0 0 7545678 0 0 0 0 0 0 0 0 0 0 0 0 0 0 0 0 0 0 0 0 0 0 0 0 0 0 0 0 0 0 0 0 0 0 0 0 0 0 0 0 0 0 0 0 0 0 0 0 0 0 0 0 0 0 0 0 0 0 0 0 0 0 0 0 0 0 0 0 0 0 0 0 0 0 0 62892159 0 0 0
ctxt 148299199
btime 1669654930
processes 362183
procs_running 1
procs_blocked 0
softirq 236170745 153437908 19060119 410699 8292297 212748 0 26165821 21569397 474 7021282

cpu  375432 25566 717055 385971768 43572 0 422074 0 0 0
cpu0 74276 8482 129184 96531298 10027 0 89386 0 0 0
cpu1 129122 9081 302932 96291973 10771 0 141859 0 0 0
cpu2 89994 2509 151702 96580101 11391 0 99749 0 0 0
cpu3 82039 5493 133236 96568394 11381 0 91080 0 0 0
intr 8416023315 0 0 1626578 81 0 457497 17060710 0 0 0 6715560 0 0 0 0 0 0 0 0 0 0 0 0 0 0 0 0 0 0 0 0 0 0 0 0 0 0 0 0 0 0 0 0 0 0 0 0 0 0 0 0 3664191312 0 0 0 0 0 0 0 0 225167 0 212757 0 0 0 0 0 0 0 0 0 0 0 359918727 1 0 0 0 0 0 0 0 0 0 0 0 0 0 0 0 0 0 0 0 0 0 0 205059 4219 0 0 0 0 7545701 0 0 0 0 0 0 0 0 0 0 0 0 0 0 0 0 0 0 0 0 0 0 0 0 0 0 0 0 0 0 0 0 0 0 0 0 0 0 0 0 0 0 0 0 0 0 0 0 0 0 0 0 0 0 0 0 0 0 0 0 0 0 0 0 0 0 0 0 0 0 0 0 0 0 0 62892650 0 0 0
ctxt 148300215
btime 1669654930
processes 362183
procs_running 1
procs_blocked 0
softirq 236170825 153437916 19060133 410699 8292299 212748 0 26165841 21569419 474 7021296

cpu  375432 25566 717058 385971962 43572 0 422074 0 0 0
cpu0 74276 8482 129184 96531347 10027 0 89386 0 0 0
cpu1 129122 9081 302934 96292019 10771 0 141859 0 0 0
cpu2 89994 2509 151702 96580150 11391 0 99749 0 0 0
cpu3 82039 5493 133236 96568444 11381 0 91080 0 0 0
intr 8416027976 0 0 1626583 81 0 457498 17060730 0 0 0 6715565 0 0 0 0 0 0 0 0 0 0 0 0 0 0 0 0 0 0 0 0 0 0 0 0 0 0 0 0 0 0 0 0 0 0 0 0 0 0 0 0 3664195310 0 0 0 0 0 0 0 0 225168 0 212757 0 0 0 0 0 0 0 0 0 0 0 359918855 1 0 0 0 0 0 0 0 0 0 0 0 0 0 0 0 0 0 0 0 0 0 0 205059 4219 0 0 0 0 7545716 0 0 0 0 0 0 0 0 0 0 0 0 0 0 0 0 0 0 0 0 0 0 0 0 0 0 0 0 0 0 0 0 0 0 0 0 0 0 0 0 0 0 0 0 0 0 0 0 0 0 0 0 0 0 0 0 0 0 0 0 0 0 0 0 0 0 0 0 0 0 0 0 0 0 0 62893139 0 0 0
ctxt 148301206
btime 1669654930
processes 362183
procs_running 1
procs_blocked 0
softirq 236170889 153437916 19060148 410699 8292300 212748 0 26165855 21569440 474 7021309

cpu  375433 25566 717060 385972155 43572 0 422074 0 0 0
cpu0 74276 8482 129184 96531397 10027 0 89386 0 0 0
cpu1 129123 9081 302936 96292065 10771 0 141859 0 0 0
cpu2 89994 2509 151702 96580199 11391 0 99749 0 0 0
cpu3 82039 5493 133236 96568493 11381 0 91080 0 0 0
intr 8416032696 0 0 1626587 81 0 457498 17060754 0 0 0 6715570 0 0 0 0 0 0 0 0 0 0 0 0 0 0 0 0 0 0 0 0 0 0 0 0 0 0 0 0 0 0 0 0 0 0 0 0 0 0 0 0 3664199336 0 0 0 0 0 0 0 0 225169 0 212757 0 0 0 0 0 0 0 0 0 0 0 359919009 1 0 0 0 0 0 0 0 0 0 0 0 0 0 0 0 0 0 0 0 0 0 0 205059 4219 0 0 0 0 7545731 0 0 0 0 0 0 0 0 0 0 0 0 0 0 0 0 0 0 0 0 0 0 0 0 0 0 0 0 0 0 0 0 0 0 0 0 0 0 0 0 0 0 0 0 0 0 0 0 0 0 0 0 0 0 0 0 0 0 0 0 0 0 0 0 0 0 0 0 0 0 0 0 0 0 0 62893630 0 0 0
ctxt 148302197
btime 1669654930
processes 362183
procs_running 1
procs_blocked 0
softirq 236170964 153437924 19060161 410699 8292301 212748 0 26165870 21569465 474 7021322

cpu  375434 25566 717062 385972349 43572 0 422074 0 0 0
cpu0 74276 8482 129184 96531446 10027 0 89386 0 0 0
cpu1 129123 9081 302938 96292110 10771 0 141859 0 0 0
cpu2 89994 2509 151702 96580249 11391 0 99749 0 0 0
cpu3 82039 5493 133236 96568543 11381 0 91080 0 0 0
intr 8416037354 0 0 1626591 81 0 457498 17060773 0 0 0 6715575 0 0 0 0 0 0 0 0 0 0 0 0 0 0 0 0 0 0 0 0 0 0 0 0 0 0 0 0 0 0 0 0 0 0 0 0 0 0 0 0 3664203332 0 0 0 0 0 0 0 0 225170 0 212757 0 0 0 0 0 0 0 0 0 0 0 359919137 1 0 0 0 0 0 0 0 0 0 0 0 0 0 0 0 0 0 0 0 0 0 0 205059 4219 0 0 0 0 7545746 0 0 0 0 0 0 0 0 0 0 0 0 0 0 0 0 0 0 0 0 0 0 0 0 0 0 0 0 0 0 0 0 0 0 0 0 0 0 0 0 0 0 0 0 0 0 0 0 0 0 0 0 0 0 0 0 0 0 0 0 0 0 0 0 0 0 0 0 0 0 0 0 0 0 0 62894120 0 0 0
ctxt 148303172
btime 1669654930
processes 362183
procs_running 1
procs_blocked 0
softirq 236171029 153437924 19060174 410699 8292302 212748 0 26165884 21569488 474 7021336

cpu  375434 25566 717063 385972543 43572 0 422074 0 0 0
cpu0 74276 8482 129184 96531495 10027 0 89386 0 0 0
cpu1 129124 9081 302940 96292156 10771 0 141859 0 0 0
cpu2 89994 2509 151702 96580298 11391 0 99749 0 0 0
cpu3 82039 5493 133236 96568592 11381 0 91080 0 0 0
intr 8416042074 0 0 1626595 81 0 457498 17060795 0 0 0 6715579 0 0 0 0 0 0 0 0 0 0 0 0 0 0 0 0 0 0 0 0 0 0 0 0 0 0 0 0 0 0 0 0 0 0 0 0 0 0 0 0 3664207360 0 0 0 0 0 0 0 0 225171 0 212757 0 0 0 0 0 0 0 0 0 0 0 359919291 1 0 0 0 0 0 0 0 0 0 0 0 0 0 0 0 0 0 0 0 0 0 0 205059 4219 0 0 0 0 7545761 0 0 0 0 0 0 0 0 0 0 0 0 0 0 0 0 0 0 0 0 0 0 0 0 0 0 0 0 0 0 0 0 0 0 0 0 0 0 0 0 0 0 0 0 0 0 0 0 0 0 0 0 0 0 0 0 0 0 0 0 0 0 0 0 0 0 0 0 0 0 0 0 0 0 0 62894612 0 0 0
ctxt 148304163
btime 1669654930
processes 362183
procs_running 1
procs_blocked 0
softirq 236171104 153437932 19060188 410699 8292303 212748 0 26165897 21569513 474 7021350

cpu  375436 25566 717067 385972732 43572 0 422074 0 0 0
cpu0 74276 8482 129185 96531544 10027 0 89386 0 0 0
cpu1 129124 9081 302940 96292201 10771 0 141859 0 0 0
cpu2 89994 2509 151703 96580347 11391 0 99749 0 0 0
cpu3 82040 5493 133239 96568638 11381 0 91080 0 0 0
intr 8416046802 0 0 1626600 81 0 457498 17060834 0 0 0 6715584 0 0 0 0 0 0 0 0 0 0 0 0 0 0 0 0 0 0 0 0 0 0 0 0 0 0 0 0 0 0 0 0 0 0 0 0 0 0 0 0 3664211356 0 0 0 0 0 0 0 0 225173 0 212757 0 0 0 0 0 0 0 0 0 0 0 359919419 1 0 0 0 0 0 0 0 0 0 0 0 0 0 0 0 0 0 0 0 0 0 0 205059 4219 0 0 0 0 7545790 0 0 0 0 0 0 0 0 0 0 0 0 0 0 0 0 0 0 0 0 0 0 0 0 0 0 0 0 0 0 0 0 0 0 0 0 0 0 0 0 0 0 0 0 0 0 0 0 0 0 0 0 0 0 0 0 0 0 0 0 0 0 0 0 0 0 0 0 0 0 0 0 0 0 0 62895135 0 0 0
ctxt 148305219
btime 1669654930
processes 362183
procs_running 1
procs_blocked 0
softirq 236171245 153437932 19060216 410699 8292305 212748 0 26165923 21569551 474 7021397

cpu  375436 25566 717070 385972926 43572 0 422074 0 0 0
cpu0 74276 8482 129185 96531594 10027 0 89386 0 0 0
cpu1 129125 9081 302943 96292247 10771 0 141859 0 0 0
cpu2 89994 2509 151703 96580396 11391 0 99749 0 0 0
cpu3 82040 5493 133239 96568687 11381 0 91080 0 0 0
intr 8416051555 0 0 1626604 81 0 457498 17060866 0 0 0 6715589 0 0 0 0 0 0 0 0 0 0 0 0 0 0 0 0 0 0 0 0 0 0 0 0 0 0 0 0 0 0 0 0 0 0 0 0 0 0 0 0 3664215385 0 0 0 0 0 0 0 0 225174 0 212757 0 0 0 0 0 0 0 0 0 0 0 359919573 1 0 0 0 0 0 0 0 0 0 0 0 0 0 0 0 0 0 0 0 0 0 0 205059 4219 0 0 0 0 7545816 0 0 0 0 0 0 0 0 0 0 0 0 0 0 0 0 0 0 0 0 0 0 0 0 0 0 0 0 0 0 0 0 0 0 0 0 0 0 0 0 0 0 0 0 0 0 0 0 0 0 0 0 0 0 0 0 0 0 0 0 0 0 0 0 0 0 0 0 0 0 0 0 0 0 0 62895637 0 0 0
ctxt 148306239
btime 1669654930
processes 362183
procs_running 1
procs_blocked 0
softirq 236171339 153437940 19060231 410700 8292307 212748 0 26165946 21569583 474 7021410

cpu  375437 25566 717072 385973119 43572 0 422074 0 0 0
cpu0 74276 8482 129185 96531643 10027 0 89386 0 0 0
cpu1 129125 9081 302944 96292292 10771 0 141859 0 0 0
cpu2 89995 2509 151703 96580446 11391 0 99749 0 0 0
cpu3 82040 5493 133239 96568737 11381 0 91080 0 0 0
intr 8416056269 0 0 1626608 81 0 457498 17060907 0 0 0 6715594 0 0 0 0 0 0 0 0 0 0 0 0 0 0 0 0 0 0 0 0 0 0 0 0 0 0 0 0 0 0 0 0 0 0 0 0 0 0 0 0 3664219381 0 0 0 0 0 0 0 0 225175 0 212757 0 0 0 0 0 0 0 0 0 0 0 359919701 1 0 0 0 0 0 0 0 0 0 0 0 0 0 0 0 0 0 0 0 0 0 0 205059 4219 0 0 0 0 7545856 0 0 0 0 0 0 0 0 0 0 0 0 0 0 0 0 0 0 0 0 0 0 0 0 0 0 0 0 0 0 0 0 0 0 0 0 0 0 0 0 0 0 0 0 0 0 0 0 0 0 0 0 0 0 0 0 0 0 0 0 0 0 0 0 0 0 0 0 0 0 0 0 0 0 0 62896137 0 0 0
ctxt 148307284
btime 1669654930
processes 362183
procs_running 1
procs_blocked 0
softirq 236171442 153437940 19060249 410700 8292310 212748 0 26165979 21569612 474 7021430

cpu  375438 25566 717073 385973313 43572 0 422074 0 0 0
cpu0 74276 8482 129185 96531692 10027 0 89386 0 0 0
cpu1 129126 9081 302946 96292338 10771 0 141859 0 0 0
cpu2 89995 2509 151703 96580495 11391 0 99749 0 0 0
cpu3 82040 5493 133239 96568786 11381 0 91080 0 0 0
intr 8416060991 0 0 1626612 81 0 457498 17060933 0 0 0 6715599 0 0 0 0 0 0 0 0 0 0 0 0 0 0 0 0 0 0 0 0 0 0 0 0 0 0 0 0 0 0 0 0 0 0 0 0 0 0 0 0 3664223406 0 0 0 0 0 0 0 0 225176 0 212757 0 0 0 0 0 0 0 0 0 0 0 359919855 1 0 0 0 0 0 0 0 0 0 0 0 0 0 0 0 0 0 0 0 0 0 0 205059 4219 0 0 0 0 7545871 0 0 0 0 0 0 0 0 0 0 0 0 0 0 0 0 0 0 0 0 0 0 0 0 0 0 0 0 0 0 0 0 0 0 0 0 0 0 0 0 0 0 0 0 0 0 0 0 0 0 0 0 0 0 0 0 0 0 0 0 0 0 0 0 0 0 0 0 0 0 0 0 0 0 0 62896629 0 0 0
ctxt 148308283
btime 1669654930
processes 362183
procs_running 1
procs_blocked 0
softirq 236171516 153437948 19060261 410700 8292311 212748 0 26165992 21569638 474 7021444

cpu  375438 25566 717075 385973506 43572 0 422074 0 0 0
cpu0 74276 8482 129185 96531741 10027 0 89386 0 0 0
cpu1 129126 9081 302947 96292384 10771 0 141859 0 0 0
cpu2 89995 2509 151703 96580544 11391 0 99749 0 0 0
cpu3 82040 5493 133239 96568835 11381 0 91080 0 0 0
intr 8416065654 0 0 1626617 81 0 457498 17060956 0 0 0 6715604 0 0 0 0 0 0 0 0 0 0 0 0 0 0 0 0 0 0 0 0 0 0 0 0 0 0 0 0 0 0 0 0 0 0 0 0 0 0 0 0 3664227402 0 0 0 0 0 0 0 0 225177 0 212757 0 0 0 0 0 0 0 0 0 0 0 359919983 1 0 0 0 0 0 0 0 0 0 0 0 0 0 0 0 0 0 0 0 0 0 0 205059 4219 0 0 0 0 7545886 0 0 0 0 0 0 0 0 0 0 0 0 0 0 0 0 0 0 0 0 0 0 0 0 0 0 0 0 0 0 0 0 0 0 0 0 0 0 0 0 0 0 0 0 0 0 0 0 0 0 0 0 0 0 0 0 0 0 0 0 0 0 0 0 0 0 0 0 0 0 0 0 0 0 0 62897119 0 0 0
ctxt 148309272
btime 1669654930
processes 362183
procs_running 1
procs_blocked 0
softirq 236171579 153437948 19060275 410700 8292312 212748 0 26166006 21569660 474 7021456

cpu  375438 25566 717078 385973700 43572 0 422075 0 0 0
cpu0 74276 8482 129185 96531791 10027 0 89386 0 0 0
cpu1 129127 9081 302950 96292429 10771 0 141859 0 0 0
cpu2 89995 2509 151703 96580593 11391 0 99749 0 0 0
cpu3 82040 5493 133239 96568885 11381 0 91080 0 0 0
intr 8416070382 0 0 1626621 81 0 457498 17060983 0 0 0 6715609 0 0 0 0 0 0 0 0 0 0 0 0 0 0 0 0 0 0 0 0 0 0 0 0 0 0 0 0 0 0 0 0 0 0 0 0 0 0 0 0 3664231430 0 0 0 0 0 0 0 0 225178 0 212757 0 0 0 0 0 0 0 0 0 0 0 359920137 1 0 0 0 0 0 0 0 0 0 0 0 0 0 0 0 0 0 0 0 0 0 0 205059 4219 0 0 0 0 7545901 0 0 0 0 0 0 0 0 0 0 0 0 0 0 0 0 0 0 0 0 0 0 0 0 0 0 0 0 0 0 0 0 0 0 0 0 0 0 0 0 0 0 0 0 0 0 0 0 0 0 0 0 0 0 0 0 0 0 0 0 0 0 0 0 0 0 0 0 0 0 0 0 0 0 0 62897614 0 0 0
ctxt 148310265
btime 1669654930
processes 362183
procs_running 2
procs_blocked 0
softirq 236171658 153437956 19060289 410700 8292313 212748 0 26166019 21569690 474 7021469

cpu  375440 25566 717080 385973892 43572 0 422075 0 0 0
cpu0 74276 8482 129185 96531840 10027 0 89386 0 0 0
cpu1 129127 9081 302951 96292475 10771 0 141859 0 0 0
cpu2 89995 2509 151704 96580643 11391 0 99749 0 0 0
cpu3 82040 5493 133240 96568933 11381 0 91080 0 0 0
intr 8416075046 0 0 1626625 81 0 457498 17061004 0 0 0 6715614 0 0 0 0 0 0 0 0 0 0 0 0 0 0 0 0 0 0 0 0 0 0 0 0 0 0 0 0 0 0 0 0 0 0 0 0 0 0 0 0 3664235428 0 0 0 0 0 0 0 0 225179 0 212757 0 0 0 0 0 0 0 0 0 0 0 359920263 1 0 0 0 0 0 0 0 0 0 0 0 0 0 0 0 0 0 0 0 0 0 0 205059 4219 0 0 0 0 7545916 0 0 0 0 0 0 0 0 0 0 0 0 0 0 0 0 0 0 0 0 0 0 0 0 0 0 0 0 0 0 0 0 0 0 0 0 0 0 0 0 0 0 0 0 0 0 0 0 0 0 0 0 0 0 0 0 0 0 0 0 0 0 0 0 0 0 0 0 0 0 0 0 0 0 0 62898106 0 0 0
ctxt 148311247
btime 1669654930
processes 362183
procs_running 2
procs_blocked 0
softirq 236171727 153437956 19060304 410700 8292314 212748 0 26166033 21569714 474 7021484

cpu  375441 25566 717084 385974082 43572 0 422075 0 0 0
cpu0 74276 8482 129185 96531889 10027 0 89386 0 0 0
cpu1 129128 9081 302952 96292520 10771 0 141859 0 0 0
cpu2 89995 2509 151704 96580692 11391 0 99749 0 0 0
cpu3 82041 5493 133242 96568980 11381 0 91080 0 0 0
intr 8416079876 0 0 1626631 81 0 457498 17061075 0 0 0 6715619 0 0 0 0 0 0 0 0 0 0 0 0 0 0 0 0 0 0 0 0 0 0 0 0 0 0 0 0 0 0 0 0 0 0 0 0 0 0 0 0 3664239458 0 0 0 0 0 0 0 0 225180 0 212757 0 0 0 0 0 0 0 0 0 0 0 359920417 1 0 0 0 0 0 0 0 0 0 0 0 0 0 0 0 0 0 0 0 0 0 0 205059 4219 0 0 0 0 7545970 0 0 0 0 0 0 0 0 0 0 0 0 0 0 0 0 0 0 0 0 0 0 0 0 0 0 0 0 0 0 0 0 0 0 0 0 0 0 0 0 0 0 0 0 0 0 0 0 0 0 0 0 0 0 0 0 0 0 0 0 0 0 0 0 0 0 0 0 0 0 0 0 0 0 0 62898616 0 0 0
ctxt 148312446
btime 1669654930
processes 362183
procs_running 1
procs_blocked 0
softirq 236171875 153437964 19060327 410700 8292318 212748 0 26166075 21569749 474 7021520

cpu  375441 25566 717090 385974268 43578 0 422075 0 0 0
cpu0 74276 8482 129186 96531938 10027 0 89386 0 0 0
cpu1 129128 9081 302956 96292564 10773 0 141859 0 0 0
cpu2 89995 2509 151705 96580736 11396 0 99749 0 0 0
cpu3 82041 5493 133242 96569029 11381 0 91080 0 0 0
intr 8416084632 0 0 1626638 81 0 457499 17061124 0 0 0 6715624 0 0 0 0 0 0 0 0 0 0 0 0 0 0 0 0 0 0 0 0 0 0 0 0 0 0 0 0 0 0 0 0 0 0 0 0 0 0 0 0 3664243455 0 0 0 0 0 0 0 0 225181 0 212779 0 0 0 0 0 0 0 0 0 0 0 359920545 1 0 0 0 0 0 0 0 0 0 0 0 0 0 0 0 0 0 0 0 0 0 0 205081 4219 0 0 0 0 7545985 0 0 0 0 0 0 0 0 0 0 0 0 0 0 0 0 0 0 0 0 0 0 0 0 0 0 0 0 0 0 0 0 0 0 0 0 0 0 0 0 0 0 0 0 0 0 0 0 0 0 0 0 0 0 0 0 0 0 0 0 0 0 0 0 0 0 0 0 0 0 0 0 0 0 0 62899125 0 0 0
ctxt 148313655
btime 1669654930
processes 362184
procs_running 1
procs_blocked 0
softirq 236172063 153437964 19060343 410700 8292319 212770 0 26166155 21569790 474 7021548

cpu  375442 25566 717091 385974461 43578 0 422075 0 0 0
cpu0 74276 8482 129186 96531987 10027 0 89386 0 0 0
cpu1 129129 9081 302957 96292609 10773 0 141859 0 0 0
cpu2 89995 2509 151705 96580785 11396 0 99749 0 0 0
cpu3 82041 5493 133242 96569078 11381 0 91080 0 0 0
intr 8416089344 0 0 1626640 81 0 457499 17061152 0 0 0 6715629 0 0 0 0 0 0 0 0 0 0 0 0 0 0 0 0 0 0 0 0 0 0 0 0 0 0 0 0 0 0 0 0 0 0 0 0 0 0 0 0 3664247475 0 0 0 0 0 0 0 0 225182 0 212779 0 0 0 0 0 0 0 0 0 0 0 359920699 1 0 0 0 0 0 0 0 0 0 0 0 0 0 0 0 0 0 0 0 0 0 0 205081 4219 0 0 0 0 7546000 0 0 0 0 0 0 0 0 0 0 0 0 0 0 0 0 0 0 0 0 0 0 0 0 0 0 0 0 0 0 0 0 0 0 0 0 0 0 0 0 0 0 0 0 0 0 0 0 0 0 0 0 0 0 0 0 0 0 0 0 0 0 0 0 0 0 0 0 0 0 0 0 0 0 0 62899613 0 0 0
ctxt 148314651
btime 1669654930
processes 362184
procs_running 2
procs_blocked 0
softirq 236172140 153437972 19060357 410700 8292320 212770 0 26166169 21569816 474 7021562

cpu  375442 25566 717092 385974655 43578 0 422075 0 0 0
cpu0 74276 8482 129186 96532036 10027 0 89386 0 0 0
cpu1 129129 9081 302959 96292654 10773 0 141859 0 0 0
cpu2 89995 2509 151705 96580834 11396 0 99749 0 0 0
cpu3 82041 5493 133242 96569128 11381 0 91080 0 0 0
intr 8416094022 0 0 1626648 81 0 457499 17061175 0 0 0 6715634 0 0 0 0 0 0 0 0 0 0 0 0 0 0 0 0 0 0 0 0 0 0 0 0 0 0 0 0 0 0 0 0 0 0 0 0 0 0 0 0 3664251479 0 0 0 0 0 0 0 0 225183 0 212779 0 0 0 0 0 0 0 0 0 0 0 359920827 1 0 0 0 0 0 0 0 0 0 0 0 0 0 0 0 0 0 0 0 0 0 0 205081 4219 0 0 0 0 7546015 0 0 0 0 0 0 0 0 0 0 0 0 0 0 0 0 0 0 0 0 0 0 0 0 0 0 0 0 0 0 0 0 0 0 0 0 0 0 0 0 0 0 0 0 0 0 0 0 0 0 0 0 0 0 0 0 0 0 0 0 0 0 0 0 0 0 0 0 0 0 0 0 0 0 0 62900105 0 0 0
ctxt 148315641
btime 1669654930
processes 362184
procs_running 1
procs_blocked 0
softirq 236172212 153437972 19060373 410700 8292321 212770 0 26166183 21569844 474 7021575

cpu  375444 25566 717094 385974848 43578 0 422075 0 0 0
cpu0 74276 8482 129186 96532085 10027 0 89386 0 0 0
cpu1 129130 9081 302960 96292700 10773 0 141859 0 0 0
cpu2 89996 2509 151705 96580883 11396 0 99749 0 0 0
cpu3 82041 5493 133242 96569177 11381 0 91080 0 0 0
intr 8416098765 0 0 1626652 81 0 457499 17061210 0 0 0 6715639 0 0 0 0 0 0 0 0 0 0 0 0 0 0 0 0 0 0 0 0 0 0 0 0 0 0 0 0 0 0 0 0 0 0 0 0 0 0 0 0 3664255500 0 0 0 0 0 0 0 0 225184 0 212779 0 0 0 0 0 0 0 0 0 0 0 359920981 1 0 0 0 0 0 0 0 0 0 0 0 0 0 0 0 0 0 0 0 0 0 0 205081 4219 0 0 0 0 7546045 0 0 0 0 0 0 0 0 0 0 0 0 0 0 0 0 0 0 0 0 0 0 0 0 0 0 0 0 0 0 0 0 0 0 0 0 0 0 0 0 0 0 0 0 0 0 0 0 0 0 0 0 0 0 0 0 0 0 0 0 0 0 0 0 0 0 0 0 0 0 0 0 0 0 0 62900599 0 0 0
ctxt 148316670
btime 1669654930
processes 362184
procs_running 2
procs_blocked 0
softirq 236172309 153437980 19060389 410700 8292323 212770 0 26166208 21569872 474 7021593

cpu  375444 25566 717096 385975041 43578 0 422075 0 0 0
cpu0 74276 8482 129186 96532135 10027 0 89386 0 0 0
cpu1 129130 9081 302962 96292745 10773 0 141859 0 0 0
cpu2 89996 2509 151705 96580933 11396 0 99749 0 0 0
cpu3 82041 5493 133242 96569227 11381 0 91080 0 0 0
intr 8416103450 0 0 1626661 81 0 457499 17061235 0 0 0 6715644 0 0 0 0 0 0 0 0 0 0 0 0 0 0 0 0 0 0 0 0 0 0 0 0 0 0 0 0 0 0 0 0 0 0 0 0 0 0 0 0 3664259504 0 0 0 0 0 0 0 0 225185 0 212779 0 0 0 0 0 0 0 0 0 0 0 359921109 1 0 0 0 0 0 0 0 0 0 0 0 0 0 0 0 0 0 0 0 0 0 0 205081 4219 0 0 0 0 7546060 0 0 0 0 0 0 0 0 0 0 0 0 0 0 0 0 0 0 0 0 0 0 0 0 0 0 0 0 0 0 0 0 0 0 0 0 0 0 0 0 0 0 0 0 0 0 0 0 0 0 0 0 0 0 0 0 0 0 0 0 0 0 0 0 0 0 0 0 0 0 0 0 0 0 0 62901096 0 0 0
ctxt 148317657
btime 1669654930
processes 362184
procs_running 1
procs_blocked 0
softirq 236172381 153437980 19060404 410701 8292324 212770 0 26166222 21569899 474 7021607

cpu  375446 25566 717100 385975231 43578 0 422075 0 0 0
cpu0 74276 8482 129186 96532184 10027 0 89386 0 0 0
cpu1 129132 9081 302964 96292791 10773 0 141859 0 0 0
cpu2 89996 2509 151705 96580982 11396 0 99749 0 0 0
cpu3 82042 5493 133244 96569273 11381 0 91080 0 0 0
intr 8416108238 0 0 1626665 81 0 457499 17061294 0 0 0 6715649 0 0 0 0 0 0 0 0 0 0 0 0 0 0 0 0 0 0 0 0 0 0 0 0 0 0 0 0 0 0 0 0 0 0 0 0 0 0 0 0 3664263525 0 0 0 0 0 0 0 0 225188 0 212779 0 0 0 0 0 0 0 0 0 0 0 359921263 1 0 0 0 0 0 0 0 0 0 0 0 0 0 0 0 0 0 0 0 0 0 0 205081 4219 0 0 0 0 7546094 0 0 0 0 0 0 0 0 0 0 0 0 0 0 0 0 0 0 0 0 0 0 0 0 0 0 0 0 0 0 0 0 0 0 0 0 0 0 0 0 0 0 0 0 0 0 0 0 0 0 0 0 0 0 0 0 0 0 0 0 0 0 0 0 0 0 0 0 0 0 0 0 0 0 0 62901606 0 0 0
ctxt 148318824
btime 1669654930
processes 362184
procs_running 1
procs_blocked 0
softirq 236172523 153437988 19060425 410701 8292327 212770 0 26166254 21569931 474 7021653

cpu  375447 25566 717103 385975424 43578 0 422075 0 0 0
cpu0 74276 8482 129187 96532233 10027 0 89386 0 0 0
cpu1 129132 9081 302966 96292836 10773 0 141859 0 0 0
cpu2 89996 2509 151705 96581031 11396 0 99749 0 0 0
cpu3 82042 5493 133244 96569322 11381 0 91080 0 0 0
intr 8416112905 0 0 1626669 81 0 457499 17061315 0 0 0 6715654 0 0 0 0 0 0 0 0 0 0 0 0 0 0 0 0 0 0 0 0 0 0 0 0 0 0 0 0 0 0 0 0 0 0 0 0 0 0 0 0 3664267529 0 0 0 0 0 0 0 0 225189 0 212779 0 0 0 0 0 0 0 0 0 0 0 359921391 1 0 0 0 0 0 0 0 0 0 0 0 0 0 0 0 0 0 0 0 0 0 0 205081 4219 0 0 0 0 7546109 0 0 0 0 0 0 0 0 0 0 0 0 0 0 0 0 0 0 0 0 0 0 0 0 0 0 0 0 0 0 0 0 0 0 0 0 0 0 0 0 0 0 0 0 0 0 0 0 0 0 0 0 0 0 0 0 0 0 0 0 0 0 0 0 0 0 0 0 0 0 0 0 0 0 0 62902095 0 0 0
ctxt 148319801
btime 1669654930
processes 362184
procs_running 1
procs_blocked 0
softirq 236172590 153437988 19060438 410701 8292328 212770 0 26166268 21569956 474 7021667

cpu  375447 25566 717105 385975618 43578 0 422075 0 0 0
cpu0 74276 8482 129187 96532282 10027 0 89386 0 0 0
cpu1 129132 9081 302968 96292882 10773 0 141859 0 0 0
cpu2 89996 2509 151705 96581080 11396 0 99749 0 0 0
cpu3 82042 5493 133244 96569372 11381 0 91080 0 0 0
intr 8416117616 0 0 1626673 81 0 457499 17061340 0 0 0 6715659 0 0 0 0 0 0 0 0 0 0 0 0 0 0 0 0 0 0 0 0 0 0 0 0 0 0 0 0 0 0 0 0 0 0 0 0 0 0 0 0 3664271548 0 0 0 0 0 0 0 0 225190 0 212779 0 0 0 0 0 0 0 0 0 0 0 359921545 1 0 0 0 0 0 0 0 0 0 0 0 0 0 0 0 0 0 0 0 0 0 0 205081 4219 0 0 0 0 7546124 0 0 0 0 0 0 0 0 0 0 0 0 0 0 0 0 0 0 0 0 0 0 0 0 0 0 0 0 0 0 0 0 0 0 0 0 0 0 0 0 0 0 0 0 0 0 0 0 0 0 0 0 0 0 0 0 0 0 0 0 0 0 0 0 0 0 0 0 0 0 0 0 0 0 0 62902582 0 0 0
ctxt 148320785
btime 1669654930
processes 362184
procs_running 1
procs_blocked 0
softirq 236172665 153437996 19060452 410701 8292329 212770 0 26166281 21569981 474 7021681

cpu  375447 25566 717108 385975811 43578 0 422075 0 0 0
cpu0 74276 8482 129187 96532332 10027 0 89386 0 0 0
cpu1 129132 9081 302970 96292927 10773 0 141859 0 0 0
cpu2 89996 2509 151705 96581130 11396 0 99749 0 0 0
cpu3 82042 5493 133244 96569421 11381 0 91080 0 0 0
intr 8416122317 0 0 1626682 81 0 457499 17061371 0 0 0 6715664 0 0 0 0 0 0 0 0 0 0 0 0 0 0 0 0 0 0 0 0 0 0 0 0 0 0 0 0 0 0 0 0 0 0 0 0 0 0 0 0 3664275552 0 0 0 0 0 0 0 0 225191 0 212782 0 0 0 0 0 0 0 0 0 0 0 359921673 1 0 0 0 0 0 0 0 0 0 0 0 0 0 0 0 0 0 0 0 0 0 0 205084 4219 0 0 0 0 7546139 0 0 0 0 0 0 0 0 0 0 0 0 0 0 0 0 0 0 0 0 0 0 0 0 0 0 0 0 0 0 0 0 0 0 0 0 0 0 0 0 0 0 0 0 0 0 0 0 0 0 0 0 0 0 0 0 0 0 0 0 0 0 0 0 0 0 0 0 0 0 0 0 0 0 0 62903084 0 0 0
ctxt 148321818
btime 1669654930
processes 362184
procs_running 1
procs_blocked 0
softirq 236172756 153437996 19060467 410701 8292330 212773 0 26166304 21570011 474 7021700

cpu  375448 25566 717110 385976004 43578 0 422075 0 0 0
cpu0 74276 8482 129188 96532380 10027 0 89386 0 0 0
cpu1 129133 9081 302972 96292972 10773 0 141859 0 0 0
cpu2 89996 2509 151706 96581179 11396 0 99749 0 0 0
cpu3 82042 5493 133244 96569470 11381 0 91080 0 0 0
intr 8416127032 0 0 1626682 81 0 457499 17061397 0 0 0 6715669 0 0 0 0 0 0 0 0 0 0 0 0 0 0 0 0 0 0 0 0 0 0 0 0 0 0 0 0 0 0 0 0 0 0 0 0 0 0 0 0 3664279572 0 0 0 0 0 0 0 0 225192 0 212782 0 0 0 0 0 0 0 0 0 0 0 359921828 1 0 0 0 0 0 0 0 0 0 0 0 0 0 0 0 0 0 0 0 0 0 0 205084 4219 0 0 0 0 7546154 0 0 0 0 0 0 0 0 0 0 0 0 0 0 0 0 0 0 0 0 0 0 0 0 0 0 0 0 0 0 0 0 0 0 0 0 0 0 0 0 0 0 0 0 0 0 0 0 0 0 0 0 0 0 0 0 0 0 0 0 0 0 0 0 0 0 0 0 0 0 0 0 0 0 0 62903576 0 0 0
ctxt 148322817
btime 1669654930
processes 362184
procs_running 1
procs_blocked 0
softirq 236172837 153438005 19060483 410701 8292331 212773 0 26166319 21570038 474 7021713

cpu  375448 25566 717114 385976197 43578 0 422075 0 0 0
cpu0 74276 8482 129188 96532430 10027 0 89386 0 0 0
cpu1 129133 9081 302975 96293018 10773 0 141859 0 0 0
cpu2 89996 2509 151706 96581228 11396 0 99749 0 0 0
cpu3 82042 5493 133244 96569520 11381 0 91080 0 0 0
intr 8416131693 0 0 1626682 81 0 457499 17061416 0 0 0 6715674 0 0 0 0 0 0 0 0 0 0 0 0 0 0 0 0 0 0 0 0 0 0 0 0 0 0 0 0 0 0 0 0 0 0 0 0 0 0 0 0 3664283576 0 0 0 0 0 0 0 0 225193 0 212782 0 0 0 0 0 0 0 0 0 0 0 359921956 1 0 0 0 0 0 0 0 0 0 0 0 0 0 0 0 0 0 0 0 0 0 0 205084 4219 0 0 0 0 7546169 0 0 0 0 0 0 0 0 0 0 0 0 0 0 0 0 0 0 0 0 0 0 0 0 0 0 0 0 0 0 0 0 0 0 0 0 0 0 0 0 0 0 0 0 0 0 0 0 0 0 0 0 0 0 0 0 0 0 0 0 0 0 0 0 0 0 0 0 0 0 0 0 0 0 0 62904065 0 0 0
ctxt 148323800
btime 1669654930
processes 362184
procs_running 1
procs_blocked 0
softirq 236172905 153438005 19060497 410701 8292332 212773 0 26166333 21570065 474 7021725

cpu  375451 25566 717119 385976385 43578 0 422075 0 0 0
cpu0 74276 8482 129188 96532478 10027 0 89386 0 0 0
cpu1 129134 9081 302976 96293064 10773 0 141859 0 0 0
cpu2 89996 2509 151706 96581277 11396 0 99749 0 0 0
cpu3 82044 5493 133247 96569564 11381 0 91080 0 0 0
intr 8416136570 0 0 1626686 81 0 457499 17061510 0 0 0 6715679 0 0 0 0 0 0 0 0 0 0 0 0 0 0 0 0 0 0 0 0 0 0 0 0 0 0 0 0 0 0 0 0 0 0 0 0 0 0 0 0 3664287596 0 0 0 0 0 0 0 0 225195 0 212782 0 0 0 0 0 0 0 0 0 0 0 359922110 1 0 0 0 0 0 0 0 0 0 0 0 0 0 0 0 0 0 0 0 0 0 0 205084 4219 0 0 0 0 7546238 0 0 0 0 0 0 0 0 0 0 0 0 0 0 0 0 0 0 0 0 0 0 0 0 0 0 0 0 0 0 0 0 0 0 0 0 0 0 0 0 0 0 0 0 0 0 0 0 0 0 0 0 0 0 0 0 0 0 0 0 0 0 0 0 0 0 0 0 0 0 0 0 0 0 0 62904595 0 0 0
ctxt 148325007
btime 1669654930
processes 362184
procs_running 1
procs_blocked 0
softirq 236173088 153438013 19060527 410701 8292338 212773 0 26166389 21570111 474 7021762

cpu  375451 25566 717122 385976579 43578 0 422075 0 0 0
cpu0 74276 8482 129188 96532528 10027 0 89386 0 0 0
cpu1 129134 9081 302978 96293109 10773 0 141859 0 0 0
cpu2 89996 2509 151707 96581326 11396 0 99749 0 0 0
cpu3 82044 5493 133248 96569614 11381 0 91080 0 0 0
intr 8416141231 0 0 1626691 81 0 457499 17061532 0 0 0 6715684 0 0 0 0 0 0 0 0 0 0 0 0 0 0 0 0 0 0 0 0 0 0 0 0 0 0 0 0 0 0 0 0 0 0 0 0 0 0 0 0 3664291593 0 0 0 0 0 0 0 0 225196 0 212782 0 0 0 0 0 0 0 0 0 0 0 359922238 1 0 0 0 0 0 0 0 0 0 0 0 0 0 0 0 0 0 0 0 0 0 0 205084 4219 0 0 0 0 7546253 0 0 0 0 0 0 0 0 0 0 0 0 0 0 0 0 0 0 0 0 0 0 0 0 0 0 0 0 0 0 0 0 0 0 0 0 0 0 0 0 0 0 0 0 0 0 0 0 0 0 0 0 0 0 0 0 0 0 0 0 0 0 0 0 0 0 0 0 0 0 0 0 0 0 0 62905083 0 0 0
ctxt 148325983
btime 1669654930
processes 362184
procs_running 1
procs_blocked 0
softirq 236173152 153438013 19060541 410701 8292339 212773 0 26166402 21570134 474 7021775
