cpu  347664 25503 635925 379738182 40570 0 400711 0 0 0
cpu0 70338 8456 121784 94946336 9194 0 85684 0 0 0
cpu1 113884 9074 244926 94815070 10096 0 131801 0 0 0
cpu2 85508 2509 143430 94994672 10479 0 96135 0 0 0
cpu3 77932 5462 125783 94982103 10799 0 87089 0 0 0
intr 8247113617 0 0 1488804 81 0 439793 15910983 0 0 0 6558620 0 0 0 0 0 0 0 0 0 0 0 0 0 0 0 0 0 0 0 0 0 0 0 0 0 0 0 0 0 0 0 0 0 0 0 0 0 0 0 0 3525669906 0 0 0 0 0 0 0 0 184717 0 199038 0 0 0 0 0 0 0 0 0 0 0 348085216 1 0 0 0 0 0 0 0 0 0 0 0 0 0 0 0 0 0 0 0 0 0 0 191340 4219 0 0 0 0 6768549 0 0 0 0 0 0 0 0 0 0 0 0 0 0 0 0 0 0 0 0 0 0 0 0 0 0 0 0 0 0 0 0 0 0 0 0 0 0 0 0 0 0 0 0 0 0 0 0 0 0 0 0 0 0 0 0 0 0 0 0 0 0 0 0 0 0 0 0 0 0 0 0 0 0 0 46645054 0 0 0
ctxt 114316380
btime 1669654930
processes 351230
procs_running 1
procs_blocked 0
softirq 219609721 142036695 18512437 397125 7584419 199033 0 23834192 20596027 474 6449319

cpu  347664 25503 635927 379738377 40570 0 400711 0 0 0
cpu0 70338 8456 121784 94946385 9194 0 85684 0 0 0
cpu1 113885 9074 244928 94815116 10096 0 131801 0 0 0
cpu2 85508 2509 143431 94994721 10479 0 96135 0 0 0
cpu3 77932 5462 125783 94982153 10799 0 87089 0 0 0
intr 8247118336 0 0 1488807 81 0 439793 15911006 0 0 0 6558625 0 0 0 0 0 0 0 0 0 0 0 0 0 0 0 0 0 0 0 0 0 0 0 0 0 0 0 0 0 0 0 0 0 0 0 0 0 0 0 0 3525673943 0 0 0 0 0 0 0 0 184718 0 199038 0 0 0 0 0 0 0 0 0 0 0 348085368 1 0 0 0 0 0 0 0 0 0 0 0 0 0 0 0 0 0 0 0 0 0 0 191340 4219 0 0 0 0 6768562 0 0 0 0 0 0 0 0 0 0 0 0 0 0 0 0 0 0 0 0 0 0 0 0 0 0 0 0 0 0 0 0 0 0 0 0 0 0 0 0 0 0 0 0 0 0 0 0 0 0 0 0 0 0 0 0 0 0 0 0 0 0 0 0 0 0 0 0 0 0 0 0 0 0 0 46645540 0 0 0
ctxt 114317369
btime 1669654930
processes 351230
procs_running 1
procs_blocked 0
softirq 219609786 142036703 18512450 397125 7584420 199033 0 23834205 20596050 474 6449326

cpu  347664 25503 635930 379738570 40570 0 400711 0 0 0
cpu0 70338 8456 121784 94946435 9194 0 85684 0 0 0
cpu1 113885 9074 244931 94815161 10096 0 131801 0 0 0
cpu2 85508 2509 143431 94994770 10479 0 96135 0 0 0
cpu3 77932 5462 125783 94982202 10799 0 87089 0 0 0
intr 8247123004 0 0 1488811 81 0 439793 15911026 0 0 0 6558630 0 0 0 0 0 0 0 0 0 0 0 0 0 0 0 0 0 0 0 0 0 0 0 0 0 0 0 0 0 0 0 0 0 0 0 0 0 0 0 0 3525677939 0 0 0 0 0 0 0 0 184719 0 199038 0 0 0 0 0 0 0 0 0 0 0 348085498 1 0 0 0 0 0 0 0 0 0 0 0 0 0 0 0 0 0 0 0 0 0 0 191340 4219 0 0 0 0 6768577 0 0 0 0 0 0 0 0 0 0 0 0 0 0 0 0 0 0 0 0 0 0 0 0 0 0 0 0 0 0 0 0 0 0 0 0 0 0 0 0 0 0 0 0 0 0 0 0 0 0 0 0 0 0 0 0 0 0 0 0 0 0 0 0 0 0 0 0 0 0 0 0 0 0 0 46646037 0 0 0
ctxt 114318348
btime 1669654930
processes 351230
procs_running 2
procs_blocked 0
softirq 219609862 142036703 18512468 397125 7584421 199033 0 23834219 20596082 474 6449337

cpu  347665 25503 635932 379738764 40570 0 400711 0 0 0
cpu0 70338 8456 121784 94946484 9194 0 85684 0 0 0
cpu1 113886 9074 244932 94815207 10096 0 131801 0 0 0
cpu2 85508 2509 143431 94994820 10479 0 96135 0 0 0
cpu3 77932 5462 125783 94982252 10799 0 87089 0 0 0
intr 8247127739 0 0 1488815 81 0 439793 15911056 0 0 0 6558635 0 0 0 0 0 0 0 0 0 0 0 0 0 0 0 0 0 0 0 0 0 0 0 0 0 0 0 0 0 0 0 0 0 0 0 0 0 0 0 0 3525681965 0 0 0 0 0 0 0 0 184720 0 199038 0 0 0 0 0 0 0 0 0 0 0 348085650 1 0 0 0 0 0 0 0 0 0 0 0 0 0 0 0 0 0 0 0 0 0 0 191340 4219 0 0 0 0 6768592 0 0 0 0 0 0 0 0 0 0 0 0 0 0 0 0 0 0 0 0 0 0 0 0 0 0 0 0 0 0 0 0 0 0 0 0 0 0 0 0 0 0 0 0 0 0 0 0 0 0 0 0 0 0 0 0 0 0 0 0 0 0 0 0 0 0 0 0 0 0 0 0 0 0 0 46646539 0 0 0
ctxt 114319357
btime 1669654930
processes 351230
procs_running 1
procs_blocked 0
softirq 219609954 142036711 18512484 397125 7584422 199033 0 23834234 20596113 474 6449358

cpu  347669 25503 635933 379738953 40570 0 400711 0 0 0
cpu0 70338 8456 121784 94946533 9194 0 85684 0 0 0
cpu1 113887 9074 244932 94815252 10096 0 131801 0 0 0
cpu2 85508 2509 143432 94994869 10479 0 96135 0 0 0
cpu3 77935 5462 125784 94982298 10799 0 87089 0 0 0
intr 8247132502 0 0 1488825 81 0 439793 15911113 0 0 0 6558640 0 0 0 0 0 0 0 0 0 0 0 0 0 0 0 0 0 0 0 0 0 0 0 0 0 0 0 0 0 0 0 0 0 0 0 0 0 0 0 0 3525685960 0 0 0 0 0 0 0 0 184722 0 199038 0 0 0 0 0 0 0 0 0 0 0 348085780 1 0 0 0 0 0 0 0 0 0 0 0 0 0 0 0 0 0 0 0 0 0 0 191340 4219 0 0 0 0 6768639 0 0 0 0 0 0 0 0 0 0 0 0 0 0 0 0 0 0 0 0 0 0 0 0 0 0 0 0 0 0 0 0 0 0 0 0 0 0 0 0 0 0 0 0 0 0 0 0 0 0 0 0 0 0 0 0 0 0 0 0 0 0 0 0 0 0 0 0 0 0 0 0 0 0 0 46647056 0 0 0
ctxt 114320443
btime 1669654930
processes 351230
procs_running 2
procs_blocked 0
softirq 219610078 142036711 18512507 397125 7584425 199033 0 23834275 20596148 474 6449380

cpu  347669 25503 635935 379739147 40570 0 400711 0 0 0
cpu0 70338 8456 121784 94946583 9194 0 85684 0 0 0
cpu1 113887 9074 244934 94815298 10096 0 131802 0 0 0
cpu2 85508 2509 143432 94994918 10479 0 96135 0 0 0
cpu3 77935 5462 125784 94982347 10799 0 87089 0 0 0
intr 8247137221 0 0 1488830 81 0 439793 15911140 0 0 0 6558645 0 0 0 0 0 0 0 0 0 0 0 0 0 0 0 0 0 0 0 0 0 0 0 0 0 0 0 0 0 0 0 0 0 0 0 0 0 0 0 0 3525689988 0 0 0 0 0 0 0 0 184723 0 199038 0 0 0 0 0 0 0 0 0 0 0 348085932 1 0 0 0 0 0 0 0 0 0 0 0 0 0 0 0 0 0 0 0 0 0 0 191340 4219 0 0 0 0 6768654 0 0 0 0 0 0 0 0 0 0 0 0 0 0 0 0 0 0 0 0 0 0 0 0 0 0 0 0 0 0 0 0 0 0 0 0 0 0 0 0 0 0 0 0 0 0 0 0 0 0 0 0 0 0 0 0 0 0 0 0 0 0 0 0 0 0 0 0 0 0 0 0 0 0 0 46647541 0 0 0
ctxt 114321435
btime 1669654930
processes 351230
procs_running 1
procs_blocked 0
softirq 219610154 142036719 18512522 397126 7584426 199033 0 23834290 20596173 474 6449391

cpu  347670 25503 635936 379739340 40570 0 400711 0 0 0
cpu0 70338 8456 121784 94946632 9194 0 85684 0 0 0
cpu1 113888 9074 244935 94815343 10096 0 131802 0 0 0
cpu2 85508 2509 143432 94994967 10479 0 96135 0 0 0
cpu3 77935 5462 125784 94982396 10799 0 87089 0 0 0
intr 8247141886 0 0 1488834 81 0 439793 15911162 0 0 0 6558650 0 0 0 0 0 0 0 0 0 0 0 0 0 0 0 0 0 0 0 0 0 0 0 0 0 0 0 0 0 0 0 0 0 0 0 0 0 0 0 0 3525693984 0 0 0 0 0 0 0 0 184724 0 199038 0 0 0 0 0 0 0 0 0 0 0 348086062 1 0 0 0 0 0 0 0 0 0 0 0 0 0 0 0 0 0 0 0 0 0 0 191340 4219 0 0 0 0 6768669 0 0 0 0 0 0 0 0 0 0 0 0 0 0 0 0 0 0 0 0 0 0 0 0 0 0 0 0 0 0 0 0 0 0 0 0 0 0 0 0 0 0 0 0 0 0 0 0 0 0 0 0 0 0 0 0 0 0 0 0 0 0 0 0 0 0 0 0 0 0 0 0 0 0 0 46648033 0 0 0
ctxt 114322419
btime 1669654930
processes 351230
procs_running 2
procs_blocked 0
softirq 219610222 142036719 18512536 397126 7584427 199033 0 23834304 20596199 474 6449404

cpu  347670 25503 635939 379739534 40570 0 400711 0 0 0
cpu0 70338 8456 121784 94946682 9194 0 85684 0 0 0
cpu1 113888 9074 244938 94815389 10096 0 131802 0 0 0
cpu2 85508 2509 143432 94995017 10479 0 96135 0 0 0
cpu3 77935 5462 125784 94982446 10799 0 87089 0 0 0
intr 8247146612 0 0 1488838 81 0 439793 15911192 0 0 0 6558655 0 0 0 0 0 0 0 0 0 0 0 0 0 0 0 0 0 0 0 0 0 0 0 0 0 0 0 0 0 0 0 0 0 0 0 0 0 0 0 0 3525698012 0 0 0 0 0 0 0 0 184725 0 199038 0 0 0 0 0 0 0 0 0 0 0 348086214 1 0 0 0 0 0 0 0 0 0 0 0 0 0 0 0 0 0 0 0 0 0 0 191340 4219 0 0 0 0 6768684 0 0 0 0 0 0 0 0 0 0 0 0 0 0 0 0 0 0 0 0 0 0 0 0 0 0 0 0 0 0 0 0 0 0 0 0 0 0 0 0 0 0 0 0 0 0 0 0 0 0 0 0 0 0 0 0 0 0 0 0 0 0 0 0 0 0 0 0 0 0 0 0 0 0 0 46648524 0 0 0
ctxt 114323424
btime 1669654930
processes 351230
procs_running 2
procs_blocked 0
softirq 219610297 142036727 18512549 397126 7584428 199033 0 23834318 20596224 474 6449418

cpu  347671 25503 635941 379739728 40570 0 400711 0 0 0
cpu0 70338 8456 121784 94946731 9194 0 85684 0 0 0
cpu1 113889 9074 244939 94815434 10096 0 131802 0 0 0
cpu2 85508 2509 143432 94995066 10479 0 96135 0 0 0
cpu3 77935 5462 125784 94982495 10799 0 87089 0 0 0
intr 8247151270 0 0 1488842 81 0 439793 15911214 0 0 0 6558660 0 0 0 0 0 0 0 0 0 0 0 0 0 0 0 0 0 0 0 0 0 0 0 0 0 0 0 0 0 0 0 0 0 0 0 0 0 0 0 0 3525702008 0 0 0 0 0 0 0 0 184726 0 199038 0 0 0 0 0 0 0 0 0 0 0 348086344 1 0 0 0 0 0 0 0 0 0 0 0 0 0 0 0 0 0 0 0 0 0 0 191340 4219 0 0 0 0 6768699 0 0 0 0 0 0 0 0 0 0 0 0 0 0 0 0 0 0 0 0 0 0 0 0 0 0 0 0 0 0 0 0 0 0 0 0 0 0 0 0 0 0 0 0 0 0 0 0 0 0 0 0 0 0 0 0 0 0 0 0 0 0 0 0 0 0 0 0 0 0 0 0 0 0 0 46649010 0 0 0
ctxt 114324406
btime 1669654930
processes 351230
procs_running 1
procs_blocked 0
softirq 219610359 142036727 18512561 397126 7584429 199033 0 23834331 20596247 474 6449431

cpu  347671 25503 635943 379739921 40570 0 400711 0 0 0
cpu0 70338 8456 121784 94946780 9194 0 85684 0 0 0
cpu1 113889 9074 244941 94815480 10096 0 131802 0 0 0
cpu2 85508 2509 143433 94995115 10479 0 96135 0 0 0
cpu3 77935 5462 125784 94982544 10799 0 87089 0 0 0
intr 8247156003 0 0 1488847 81 0 439793 15911245 0 0 0 6558665 0 0 0 0 0 0 0 0 0 0 0 0 0 0 0 0 0 0 0 0 0 0 0 0 0 0 0 0 0 0 0 0 0 0 0 0 0 0 0 0 3525706035 0 0 0 0 0 0 0 0 184727 0 199038 0 0 0 0 0 0 0 0 0 0 0 348086496 1 0 0 0 0 0 0 0 0 0 0 0 0 0 0 0 0 0 0 0 0 0 0 191340 4219 0 0 0 0 6768714 0 0 0 0 0 0 0 0 0 0 0 0 0 0 0 0 0 0 0 0 0 0 0 0 0 0 0 0 0 0 0 0 0 0 0 0 0 0 0 0 0 0 0 0 0 0 0 0 0 0 0 0 0 0 0 0 0 0 0 0 0 0 0 0 0 0 0 0 0 0 0 0 0 0 0 46649506 0 0 0
ctxt 114325417
btime 1669654930
processes 351230
procs_running 1
procs_blocked 0
softirq 219610442 142036735 18512577 397126 7584430 199033 0 23834347 20596275 474 6449445

cpu  347674 25503 635947 379740110 40570 0 400711 0 0 0
cpu0 70338 8456 121784 94946830 9194 0 85684 0 0 0
cpu1 113891 9074 244943 94815525 10096 0 131802 0 0 0
cpu2 85508 2509 143433 94995164 10479 0 96135 0 0 0
cpu3 77936 5462 125786 94982590 10799 0 87089 0 0 0
intr 8247160761 0 0 1488855 81 0 439793 15911297 0 0 0 6558670 0 0 0 0 0 0 0 0 0 0 0 0 0 0 0 0 0 0 0 0 0 0 0 0 0 0 0 0 0 0 0 0 0 0 0 0 0 0 0 0 3525710032 0 0 0 0 0 0 0 0 184729 0 199038 0 0 0 0 0 0 0 0 0 0 0 348086626 1 0 0 0 0 0 0 0 0 0 0 0 0 0 0 0 0 0 0 0 0 0 0 191340 4219 0 0 0 0 6768757 0 0 0 0 0 0 0 0 0 0 0 0 0 0 0 0 0 0 0 0 0 0 0 0 0 0 0 0 0 0 0 0 0 0 0 0 0 0 0 0 0 0 0 0 0 0 0 0 0 0 0 0 0 0 0 0 0 0 0 0 0 0 0 0 0 0 0 0 0 0 0 0 0 0 0 46650028 0 0 0
ctxt 114326495
btime 1669654930
processes 351230
procs_running 1
procs_blocked 0
softirq 219610579 142036735 18512603 397126 7584433 199033 0 23834384 20596313 474 6449478

cpu  347674 25503 635951 379740304 40570 0 400711 0 0 0
cpu0 70338 8456 121784 94946879 9194 0 85684 0 0 0
cpu1 113891 9074 244946 94815570 10096 0 131802 0 0 0
cpu2 85508 2509 143434 94995213 10479 0 96135 0 0 0
cpu3 77936 5462 125786 94982640 10799 0 87089 0 0 0
intr 8247165480 0 0 1488859 81 0 439793 15911319 0 0 0 6558675 0 0 0 0 0 0 0 0 0 0 0 0 0 0 0 0 0 0 0 0 0 0 0 0 0 0 0 0 0 0 0 0 0 0 0 0 0 0 0 0 3525714062 0 0 0 0 0 0 0 0 184730 0 199038 0 0 0 0 0 0 0 0 0 0 0 348086776 1 0 0 0 0 0 0 0 0 0 0 0 0 0 0 0 0 0 0 0 0 0 0 191340 4219 0 0 0 0 6768772 0 0 0 0 0 0 0 0 0 0 0 0 0 0 0 0 0 0 0 0 0 0 0 0 0 0 0 0 0 0 0 0 0 0 0 0 0 0 0 0 0 0 0 0 0 0 0 0 0 0 0 0 0 0 0 0 0 0 0 0 0 0 0 0 0 0 0 0 0 0 0 0 0 0 0 46650520 0 0 0
ctxt 114327493
btime 1669654930
processes 351230
procs_running 1
procs_blocked 0
softirq 219610662 142036743 18512617 397126 7584434 199033 0 23834401 20596341 474 6449493

cpu  347674 25503 635954 379740498 40570 0 400711 0 0 0
cpu0 70338 8456 121784 94946929 9194 0 85684 0 0 0
cpu1 113891 9074 244948 94815616 10096 0 131802 0 0 0
cpu2 85508 2509 143434 94995263 10479 0 96135 0 0 0
cpu3 77936 5462 125786 94982689 10799 0 87089 0 0 0
intr 8247170154 0 0 1488863 81 0 439793 15911343 0 0 0 6558680 0 0 0 0 0 0 0 0 0 0 0 0 0 0 0 0 0 0 0 0 0 0 0 0 0 0 0 0 0 0 0 0 0 0 0 0 0 0 0 0 3525718066 0 0 0 0 0 0 0 0 184731 0 199038 0 0 0 0 0 0 0 0 0 0 0 348086906 1 0 0 0 0 0 0 0 0 0 0 0 0 0 0 0 0 0 0 0 0 0 0 191340 4219 0 0 0 0 6768787 0 0 0 0 0 0 0 0 0 0 0 0 0 0 0 0 0 0 0 0 0 0 0 0 0 0 0 0 0 0 0 0 0 0 0 0 0 0 0 0 0 0 0 0 0 0 0 0 0 0 0 0 0 0 0 0 0 0 0 0 0 0 0 0 0 0 0 0 0 0 0 0 0 0 0 46651011 0 0 0
ctxt 114328469
btime 1669654930
processes 351230
procs_running 1
procs_blocked 0
softirq 219610729 142036743 18512630 397126 7584435 199033 0 23834414 20596367 474 6449507

cpu  347675 25503 635955 379740691 40570 0 400711 0 0 0
cpu0 70338 8456 121784 94946978 9194 0 85684 0 0 0
cpu1 113892 9074 244950 94815661 10096 0 131802 0 0 0
cpu2 85508 2509 143434 94995312 10479 0 96135 0 0 0
cpu3 77936 5462 125786 94982738 10799 0 87089 0 0 0
intr 8247174872 0 0 1488868 81 0 439793 15911374 0 0 0 6558684 0 0 0 0 0 0 0 0 0 0 0 0 0 0 0 0 0 0 0 0 0 0 0 0 0 0 0 0 0 0 0 0 0 0 0 0 0 0 0 0 3525722083 0 0 0 0 0 0 0 0 184732 0 199038 0 0 0 0 0 0 0 0 0 0 0 348087058 1 0 0 0 0 0 0 0 0 0 0 0 0 0 0 0 0 0 0 0 0 0 0 191340 4219 0 0 0 0 6768802 0 0 0 0 0 0 0 0 0 0 0 0 0 0 0 0 0 0 0 0 0 0 0 0 0 0 0 0 0 0 0 0 0 0 0 0 0 0 0 0 0 0 0 0 0 0 0 0 0 0 0 0 0 0 0 0 0 0 0 0 0 0 0 0 0 0 0 0 0 0 0 0 0 0 0 46651503 0 0 0
ctxt 114329469
btime 1669654930
processes 351230
procs_running 1
procs_blocked 0
softirq 219610806 142036751 18512644 397126 7584436 199033 0 23834428 20596394 474 6449520

cpu  347676 25503 635957 379740885 40570 0 400711 0 0 0
cpu0 70338 8456 121784 94947028 9194 0 85684 0 0 0
cpu1 113893 9074 244952 94815707 10096 0 131802 0 0 0
cpu2 85508 2509 143434 94995361 10479 0 96135 0 0 0
cpu3 77936 5462 125786 94982788 10799 0 87089 0 0 0
intr 8247179546 0 0 1488872 81 0 439793 15911397 0 0 0 6558689 0 0 0 0 0 0 0 0 0 0 0 0 0 0 0 0 0 0 0 0 0 0 0 0 0 0 0 0 0 0 0 0 0 0 0 0 0 0 0 0 3525726087 0 0 0 0 0 0 0 0 184733 0 199038 0 0 0 0 0 0 0 0 0 0 0 348087188 1 0 0 0 0 0 0 0 0 0 0 0 0 0 0 0 0 0 0 0 0 0 0 191340 4219 0 0 0 0 6768817 0 0 0 0 0 0 0 0 0 0 0 0 0 0 0 0 0 0 0 0 0 0 0 0 0 0 0 0 0 0 0 0 0 0 0 0 0 0 0 0 0 0 0 0 0 0 0 0 0 0 0 0 0 0 0 0 0 0 0 0 0 0 0 0 0 0 0 0 0 0 0 0 0 0 0 46651996 0 0 0
ctxt 114330448
btime 1669654930
processes 351230
procs_running 1
procs_blocked 0
softirq 219610874 142036751 18512656 397126 7584437 199033 0 23834441 20596422 474 6449534

cpu  347676 25503 635959 379741079 40570 0 400711 0 0 0
cpu0 70338 8456 121784 94947077 9194 0 85684 0 0 0
cpu1 113893 9074 244954 94815752 10096 0 131802 0 0 0
cpu2 85508 2509 143434 94995411 10479 0 96135 0 0 0
cpu3 77936 5462 125786 94982837 10799 0 87089 0 0 0
intr 8247184265 0 0 1488876 81 0 439793 15911426 0 0 0 6558694 0 0 0 0 0 0 0 0 0 0 0 0 0 0 0 0 0 0 0 0 0 0 0 0 0 0 0 0 0 0 0 0 0 0 0 0 0 0 0 0 3525730106 0 0 0 0 0 0 0 0 184734 0 199038 0 0 0 0 0 0 0 0 0 0 0 348087340 1 0 0 0 0 0 0 0 0 0 0 0 0 0 0 0 0 0 0 0 0 0 0 191340 4219 0 0 0 0 6768832 0 0 0 0 0 0 0 0 0 0 0 0 0 0 0 0 0 0 0 0 0 0 0 0 0 0 0 0 0 0 0 0 0 0 0 0 0 0 0 0 0 0 0 0 0 0 0 0 0 0 0 0 0 0 0 0 0 0 0 0 0 0 0 0 0 0 0 0 0 0 0 0 0 0 0 46652490 0 0 0
ctxt 114331451
btime 1669654930
processes 351230
procs_running 1
procs_blocked 0
softirq 219610950 142036759 18512670 397127 7584438 199033 0 23834455 20596447 474 6449547

cpu  347679 25503 635964 379741268 40570 0 400711 0 0 0
cpu0 70338 8456 121784 94947126 9194 0 85684 0 0 0
cpu1 113894 9074 244956 94815798 10096 0 131802 0 0 0
cpu2 85508 2509 143434 94995460 10479 0 96135 0 0 0
cpu3 77938 5462 125789 94982883 10799 0 87089 0 0 0
intr 8247189005 0 0 1488882 81 0 439793 15911470 0 0 0 6558699 0 0 0 0 0 0 0 0 0 0 0 0 0 0 0 0 0 0 0 0 0 0 0 0 0 0 0 0 0 0 0 0 0 0 0 0 0 0 0 0 3525734112 0 0 0 0 0 0 0 0 184735 0 199038 0 0 0 0 0 0 0 0 0 0 0 348087472 1 0 0 0 0 0 0 0 0 0 0 0 0 0 0 0 0 0 0 0 0 0 0 191340 4219 0 0 0 0 6768866 0 0 0 0 0 0 0 0 0 0 0 0 0 0 0 0 0 0 0 0 0 0 0 0 0 0 0 0 0 0 0 0 0 0 0 0 0 0 0 0 0 0 0 0 0 0 0 0 0 0 0 0 0 0 0 0 0 0 0 0 0 0 0 0 0 0 0 0 0 0 0 0 0 0 0 46653002 0 0 0
ctxt 114332497
btime 1669654930
processes 351230
procs_running 1
procs_blocked 0
softirq 219611078 142036761 18512691 397127 7584441 199033 0 23834485 20596480 474 6449586

cpu  347681 25503 635965 379741462 40570 0 400711 0 0 0
cpu0 70338 8456 121784 94947176 9194 0 85684 0 0 0
cpu1 113896 9074 244957 94815844 10096 0 131802 0 0 0
cpu2 85508 2509 143434 94995509 10479 0 96135 0 0 0
cpu3 77938 5462 125789 94982932 10799 0 87089 0 0 0
intr 8247193690 0 0 1488887 81 0 439793 15911498 0 0 0 6558704 0 0 0 0 0 0 0 0 0 0 0 0 0 0 0 0 0 0 0 0 0 0 0 0 0 0 0 0 0 0 0 0 0 0 0 0 0 0 0 0 3525738107 0 0 0 0 0 0 0 0 184736 0 199038 0 0 0 0 0 0 0 0 0 0 0 348087600 1 0 0 0 0 0 0 0 0 0 0 0 0 0 0 0 0 0 0 0 0 0 0 191340 4219 0 0 0 0 6768891 0 0 0 0 0 0 0 0 0 0 0 0 0 0 0 0 0 0 0 0 0 0 0 0 0 0 0 0 0 0 0 0 0 0 0 0 0 0 0 0 0 0 0 0 0 0 0 0 0 0 0 0 0 0 0 0 0 0 0 0 0 0 0 0 0 0 0 0 0 0 0 0 0 0 0 46653501 0 0 0
ctxt 114333500
btime 1669654930
processes 351230
procs_running 2
procs_blocked 0
softirq 219611159 142036761 18512705 397127 7584443 199033 0 23834506 20596510 474 6449600

cpu  347685 25503 635972 379741648 40570 0 400711 0 0 0
cpu0 70340 8456 121786 94947222 9194 0 85684 0 0 0
cpu1 113897 9074 244959 94815889 10096 0 131802 0 0 0
cpu2 85508 2509 143436 94995556 10479 0 96135 0 0 0
cpu3 77938 5462 125789 94982979 10799 0 87089 0 0 0
intr 8247198602 0 0 1488893 81 0 439805 15911579 0 0 0 6558709 0 0 0 0 0 0 0 0 0 0 0 0 0 0 0 0 0 0 0 0 0 0 0 0 0 0 0 0 0 0 0 0 0 0 0 0 0 0 0 0 3525742137 0 0 0 0 0 0 0 0 184737 0 199038 0 0 0 0 0 0 0 0 0 0 0 348087754 1 0 0 0 0 0 0 0 0 0 0 0 0 0 0 0 0 0 0 0 0 0 0 191340 4219 0 0 0 0 6768933 0 0 0 0 0 0 0 0 0 0 0 0 0 0 0 0 0 0 0 0 0 0 0 0 0 0 0 0 0 0 0 0 0 0 0 0 0 0 0 0 0 0 0 0 0 0 0 0 0 0 0 0 0 0 0 0 0 0 0 0 0 0 0 0 0 0 0 0 0 0 0 0 0 0 0 46654080 0 0 0
ctxt 114334659
btime 1669654930
processes 351241
procs_running 1
procs_blocked 0
softirq 219611387 142036769 18512739 397127 7584447 199033 0 23834541 20596585 474 6449672

cpu  347686 25503 635972 379741841 40570 0 400711 0 0 0
cpu0 70340 8456 121786 94947271 9194 0 85684 0 0 0
cpu1 113899 9074 244959 94815934 10096 0 131802 0 0 0
cpu2 85508 2509 143436 94995605 10479 0 96135 0 0 0
cpu3 77938 5462 125789 94983029 10799 0 87089 0 0 0
intr 8247203285 0 0 1488895 81 0 439805 15911611 0 0 0 6558714 0 0 0 0 0 0 0 0 0 0 0 0 0 0 0 0 0 0 0 0 0 0 0 0 0 0 0 0 0 0 0 0 0 0 0 0 0 0 0 0 3525746133 0 0 0 0 0 0 0 0 184738 0 199038 0 0 0 0 0 0 0 0 0 0 0 348087882 1 0 0 0 0 0 0 0 0 0 0 0 0 0 0 0 0 0 0 0 0 0 0 191340 4219 0 0 0 0 6768955 0 0 0 0 0 0 0 0 0 0 0 0 0 0 0 0 0 0 0 0 0 0 0 0 0 0 0 0 0 0 0 0 0 0 0 0 0 0 0 0 0 0 0 0 0 0 0 0 0 0 0 0 0 0 0 0 0 0 0 0 0 0 0 0 0 0 0 0 0 0 0 0 0 0 0 46654578 0 0 0
ctxt 114335667
btime 1669654930
processes 351241
procs_running 2
procs_blocked 0
softirq 219611475 142036769 18512756 397127 7584448 199033 0 23834561 20596616 474 6449691

cpu  347687 25503 635974 379742035 40570 0 400711 0 0 0
cpu0 70340 8456 121786 94947321 9194 0 85684 0 0 0
cpu1 113899 9074 244961 94815980 10096 0 131802 0 0 0
cpu2 85508 2509 143436 94995655 10479 0 96135 0 0 0
cpu3 77938 5462 125789 94983078 10799 0 87089 0 0 0
intr 8247208045 0 0 1488903 81 0 439805 15911649 0 0 0 6558719 0 0 0 0 0 0 0 0 0 0 0 0 0 0 0 0 0 0 0 0 0 0 0 0 0 0 0 0 0 0 0 0 0 0 0 0 0 0 0 0 3525750162 0 0 0 0 0 0 0 0 184739 0 199038 0 0 0 0 0 0 0 0 0 0 0 348088036 1 0 0 0 0 0 0 0 0 0 0 0 0 0 0 0 0 0 0 0 0 0 0 191340 4219 0 0 0 0 6768977 0 0 0 0 0 0 0 0 0 0 0 0 0 0 0 0 0 0 0 0 0 0 0 0 0 0 0 0 0 0 0 0 0 0 0 0 0 0 0 0 0 0 0 0 0 0 0 0 0 0 0 0 0 0 0 0 0 0 0 0 0 0 0 0 0 0 0 0 0 0 0 0 0 0 0 46655081 0 0 0
ctxt 114336687
btime 1669654930
processes 351241
procs_running 1
procs_blocked 0
softirq 219611566 142036777 18512772 397127 7584450 199033 0 23834581 20596648 474 6449704

cpu  347688 25503 635976 379742228 40570 0 400711 0 0 0
cpu0 70340 8456 121787 94947370 9194 0 85684 0 0 0
cpu1 113900 9074 244963 94816025 10096 0 131802 0 0 0
cpu2 85508 2509 143436 94995704 10479 0 96135 0 0 0
cpu3 77938 5462 125789 94983128 10799 0 87089 0 0 0
intr 8247212711 0 0 1488908 81 0 439805 15911675 0 0 0 6558724 0 0 0 0 0 0 0 0 0 0 0 0 0 0 0 0 0 0 0 0 0 0 0 0 0 0 0 0 0 0 0 0 0 0 0 0 0 0 0 0 3525754158 0 0 0 0 0 0 0 0 184740 0 199038 0 0 0 0 0 0 0 0 0 0 0 348088164 1 0 0 0 0 0 0 0 0 0 0 0 0 0 0 0 0 0 0 0 0 0 0 191340 4219 0 0 0 0 6768992 0 0 0 0 0 0 0 0 0 0 0 0 0 0 0 0 0 0 0 0 0 0 0 0 0 0 0 0 0 0 0 0 0 0 0 0 0 0 0 0 0 0 0 0 0 0 0 0 0 0 0 0 0 0 0 0 0 0 0 0 0 0 0 0 0 0 0 0 0 0 0 0 0 0 0 46655571 0 0 0
ctxt 114337670
btime 1669654930
processes 351241
procs_running 1
procs_blocked 0
softirq 219611634 142036777 18512786 397127 7584451 199033 0 23834595 20596674 474 6449717

cpu  347690 25503 635982 379742417 40570 0 400711 0 0 0
cpu0 70340 8456 121787 94947419 9194 0 85684 0 0 0
cpu1 113900 9074 244966 94816071 10096 0 131802 0 0 0
cpu2 85508 2509 143437 94995753 10479 0 96135 0 0 0
cpu3 77940 5462 125791 94983173 10799 0 87089 0 0 0
intr 8247217542 0 0 1488914 81 0 439805 15911737 0 0 0 6558729 0 0 0 0 0 0 0 0 0 0 0 0 0 0 0 0 0 0 0 0 0 0 0 0 0 0 0 0 0 0 0 0 0 0 0 0 0 0 0 0 3525758188 0 0 0 0 0 0 0 0 184742 0 199038 0 0 0 0 0 0 0 0 0 0 0 348088318 1 0 0 0 0 0 0 0 0 0 0 0 0 0 0 0 0 0 0 0 0 0 0 191340 4219 0 0 0 0 6769041 0 0 0 0 0 0 0 0 0 0 0 0 0 0 0 0 0 0 0 0 0 0 0 0 0 0 0 0 0 0 0 0 0 0 0 0 0 0 0 0 0 0 0 0 0 0 0 0 0 0 0 0 0 0 0 0 0 0 0 0 0 0 0 0 0 0 0 0 0 0 0 0 0 0 0 46656094 0 0 0
ctxt 114338778
btime 1669654930
processes 351241
procs_running 1
procs_blocked 0
softirq 219611803 142036785 18512811 397127 7584455 199033 0 23834637 20596717 474 6449764

cpu  347690 25503 635985 379742611 40570 0 400711 0 0 0
cpu0 70340 8456 121787 94947469 9194 0 85684 0 0 0
cpu1 113900 9074 244969 94816116 10096 0 131802 0 0 0
cpu2 85508 2509 143437 94995802 10479 0 96135 0 0 0
cpu3 77940 5462 125791 94983223 10799 0 87089 0 0 0
intr 8247222241 0 0 1488920 81 0 439805 15911772 0 0 0 6558734 0 0 0 0 0 0 0 0 0 0 0 0 0 0 0 0 0 0 0 0 0 0 0 0 0 0 0 0 0 0 0 0 0 0 0 0 0 0 0 0 3525762183 0 0 0 0 0 0 0 0 184743 0 199038 0 0 0 0 0 0 0 0 0 0 0 348088446 1 0 0 0 0 0 0 0 0 0 0 0 0 0 0 0 0 0 0 0 0 0 0 191340 4219 0 0 0 0 6769071 0 0 0 0 0 0 0 0 0 0 0 0 0 0 0 0 0 0 0 0 0 0 0 0 0 0 0 0 0 0 0 0 0 0 0 0 0 0 0 0 0 0 0 0 0 0 0 0 0 0 0 0 0 0 0 0 0 0 0 0 0 0 0 0 0 0 0 0 0 0 0 0 0 0 0 46656593 0 0 0
ctxt 114339810
btime 1669654930
processes 351241
procs_running 1
procs_blocked 0
softirq 219611893 142036785 18512827 397127 7584457 199033 0 23834663 20596745 474 6449782

cpu  347691 25503 635985 379742805 40570 0 400711 0 0 0
cpu0 70340 8456 121787 94947518 9194 0 85684 0 0 0
cpu1 113901 9074 244969 94816162 10096 0 131802 0 0 0
cpu2 85508 2509 143437 94995851 10479 0 96135 0 0 0
cpu3 77940 5462 125791 94983272 10799 0 87089 0 0 0
intr 8247226961 0 0 1488924 81 0 439805 15911797 0 0 0 6558739 0 0 0 0 0 0 0 0 0 0 0 0 0 0 0 0 0 0 0 0 0 0 0 0 0 0 0 0 0 0 0 0 0 0 0 0 0 0 0 0 3525766210 0 0 0 0 0 0 0 0 184744 0 199038 0 0 0 0 0 0 0 0 0 0 0 348088600 1 0 0 0 0 0 0 0 0 0 0 0 0 0 0 0 0 0 0 0 0 0 0 191340 4219 0 0 0 0 6769086 0 0 0 0 0 0 0 0 0 0 0 0 0 0 0 0 0 0 0 0 0 0 0 0 0 0 0 0 0 0 0 0 0 0 0 0 0 0 0 0 0 0 0 0 0 0 0 0 0 0 0 0 0 0 0 0 0 0 0 0 0 0 0 0 0 0 0 0 0 0 0 0 0 0 0 46657081 0 0 0
ctxt 114340804
btime 1669654930
processes 351241
procs_running 2
procs_blocked 0
softirq 219611967 142036793 18512840 397127 7584458 199033 0 23834678 20596769 474 6449795

cpu  347691 25503 635987 379742998 40570 0 400711 0 0 0
cpu0 70340 8456 121787 94947567 9194 0 85684 0 0 0
cpu1 113901 9074 244971 94816207 10096 0 131802 0 0 0
cpu2 85508 2509 143437 94995900 10479 0 96135 0 0 0
cpu3 77940 5462 125791 94983322 10799 0 87089 0 0 0
intr 8247231623 0 0 1488929 81 0 439805 15911820 0 0 0 6558744 0 0 0 0 0 0 0 0 0 0 0 0 0 0 0 0 0 0 0 0 0 0 0 0 0 0 0 0 0 0 0 0 0 0 0 0 0 0 0 0 3525770206 0 0 0 0 0 0 0 0 184745 0 199038 0 0 0 0 0 0 0 0 0 0 0 348088728 1 0 0 0 0 0 0 0 0 0 0 0 0 0 0 0 0 0 0 0 0 0 0 191340 4219 0 0 0 0 6769101 0 0 0 0 0 0 0 0 0 0 0 0 0 0 0 0 0 0 0 0 0 0 0 0 0 0 0 0 0 0 0 0 0 0 0 0 0 0 0 0 0 0 0 0 0 0 0 0 0 0 0 0 0 0 0 0 0 0 0 0 0 0 0 0 0 0 0 0 0 0 0 0 0 0 0 46657571 0 0 0
ctxt 114341789
btime 1669654930
processes 351241
procs_running 2
procs_blocked 0
softirq 219612035 142036793 18512854 397128 7584459 199033 0 23834692 20596794 474 6449808

cpu  347692 25503 635990 379743192 40570 0 400711 0 0 0
cpu0 70340 8456 121787 94947617 9194 0 85684 0 0 0
cpu1 113902 9074 244974 94816253 10096 0 131802 0 0 0
cpu2 85508 2509 143437 94995950 10479 0 96135 0 0 0
cpu3 77940 5462 125791 94983371 10799 0 87089 0 0 0
intr 8247236358 0 0 1488933 81 0 439805 15911848 0 0 0 6558749 0 0 0 0 0 0 0 0 0 0 0 0 0 0 0 0 0 0 0 0 0 0 0 0 0 0 0 0 0 0 0 0 0 0 0 0 0 0 0 0 3525774234 0 0 0 0 0 0 0 0 184746 0 199038 0 0 0 0 0 0 0 0 0 0 0 348088882 1 0 0 0 0 0 0 0 0 0 0 0 0 0 0 0 0 0 0 0 0 0 0 191340 4219 0 0 0 0 6769116 0 0 0 0 0 0 0 0 0 0 0 0 0 0 0 0 0 0 0 0 0 0 0 0 0 0 0 0 0 0 0 0 0 0 0 0 0 0 0 0 0 0 0 0 0 0 0 0 0 0 0 0 0 0 0 0 0 0 0 0 0 0 0 0 0 0 0 0 0 0 0 0 0 0 0 46658071 0 0 0
ctxt 114342799
btime 1669654930
processes 351241
procs_running 1
procs_blocked 0
softirq 219612119 142036801 18512869 397128 7584460 199033 0 23834707 20596824 474 6449823

cpu  347693 25503 635992 379743385 40570 0 400711 0 0 0
cpu0 70340 8456 121787 94947666 9194 0 85684 0 0 0
cpu1 113903 9074 244975 94816298 10096 0 131802 0 0 0
cpu2 85508 2509 143437 94995999 10479 0 96135 0 0 0
cpu3 77940 5462 125791 94983421 10799 0 87089 0 0 0
intr 8247241028 0 0 1488937 81 0 439805 15911872 0 0 0 6558754 0 0 0 0 0 0 0 0 0 0 0 0 0 0 0 0 0 0 0 0 0 0 0 0 0 0 0 0 0 0 0 0 0 0 0 0 0 0 0 0 3525778230 0 0 0 0 0 0 0 0 184747 0 199038 0 0 0 0 0 0 0 0 0 0 0 348089010 1 0 0 0 0 0 0 0 0 0 0 0 0 0 0 0 0 0 0 0 0 0 0 191340 4219 0 0 0 0 6769131 0 0 0 0 0 0 0 0 0 0 0 0 0 0 0 0 0 0 0 0 0 0 0 0 0 0 0 0 0 0 0 0 0 0 0 0 0 0 0 0 0 0 0 0 0 0 0 0 0 0 0 0 0 0 0 0 0 0 0 0 0 0 0 0 0 0 0 0 0 0 0 0 0 0 0 46658569 0 0 0
ctxt 114343790
btime 1669654930
processes 351241
procs_running 2
procs_blocked 0
softirq 219612196 142036801 18512884 397128 7584461 199033 0 23834721 20596851 474 6449843

cpu  347694 25503 635998 379743575 40570 0 400712 0 0 0
cpu0 70340 8456 121787 94947715 9194 0 85684 0 0 0
cpu1 113904 9074 244977 94816344 10096 0 131802 0 0 0
cpu2 85508 2509 143438 94996048 10479 0 96136 0 0 0
cpu3 77940 5462 125794 94983466 10799 0 87089 0 0 0
intr 8247245853 0 0 1488943 81 0 439805 15911936 0 0 0 6558759 0 0 0 0 0 0 0 0 0 0 0 0 0 0 0 0 0 0 0 0 0 0 0 0 0 0 0 0 0 0 0 0 0 0 0 0 0 0 0 0 3525782258 0 0 0 0 0 0 0 0 184749 0 199038 0 0 0 0 0 0 0 0 0 0 0 348089164 1 0 0 0 0 0 0 0 0 0 0 0 0 0 0 0 0 0 0 0 0 0 0 191340 4219 0 0 0 0 6769171 0 0 0 0 0 0 0 0 0 0 0 0 0 0 0 0 0 0 0 0 0 0 0 0 0 0 0 0 0 0 0 0 0 0 0 0 0 0 0 0 0 0 0 0 0 0 0 0 0 0 0 0 0 0 0 0 0 0 0 0 0 0 0 0 0 0 0 0 0 0 0 0 0 0 0 46659093 0 0 0
ctxt 114344887
btime 1669654930
processes 351241
procs_running 2
procs_blocked 0
softirq 219612352 142036809 18512904 397128 7584464 199033 0 23834757 20596891 474 6449892

cpu  347694 25503 636001 379743769 40570 0 400712 0 0 0
cpu0 70340 8456 121787 94947765 9194 0 85684 0 0 0
cpu1 113904 9074 244980 94816389 10096 0 131802 0 0 0
cpu2 85508 2509 143438 94996097 10479 0 96136 0 0 0
cpu3 77940 5462 125794 94983516 10799 0 87089 0 0 0
intr 8247250551 0 0 1488950 81 0 439805 15911965 0 0 0 6558764 0 0 0 0 0 0 0 0 0 0 0 0 0 0 0 0 0 0 0 0 0 0 0 0 0 0 0 0 0 0 0 0 0 0 0 0 0 0 0 0 3525786261 0 0 0 0 0 0 0 0 184750 0 199038 0 0 0 0 0 0 0 0 0 0 0 348089292 1 0 0 0 0 0 0 0 0 0 0 0 0 0 0 0 0 0 0 0 0 0 0 191340 4219 0 0 0 0 6769193 0 0 0 0 0 0 0 0 0 0 0 0 0 0 0 0 0 0 0 0 0 0 0 0 0 0 0 0 0 0 0 0 0 0 0 0 0 0 0 0 0 0 0 0 0 0 0 0 0 0 0 0 0 0 0 0 0 0 0 0 0 0 0 0 0 0 0 0 0 0 0 0 0 0 0 46659596 0 0 0
ctxt 114345902
btime 1669654930
processes 351241
procs_running 2
procs_blocked 0
softirq 219612435 142036809 18512921 397128 7584465 199033 0 23834776 20596924 474 6449905

cpu  347694 25503 636002 379743962 40570 0 400712 0 0 0
cpu0 70340 8456 121787 94947814 9194 0 85684 0 0 0
cpu1 113904 9074 244981 94816435 10096 0 131802 0 0 0
cpu2 85508 2509 143438 94996147 10479 0 96136 0 0 0
cpu3 77940 5462 125794 94983565 10799 0 87089 0 0 0
intr 8247255268 0 0 1488956 81 0 439805 15911997 0 0 0 6558769 0 0 0 0 0 0 0 0 0 0 0 0 0 0 0 0 0 0 0 0 0 0 0 0 0 0 0 0 0 0 0 0 0 0 0 0 0 0 0 0 3525790279 0 0 0 0 0 0 0 0 184751 0 199038 0 0 0 0 0 0 0 0 0 0 0 348089446 1 0 0 0 0 0 0 0 0 0 0 0 0 0 0 0 0 0 0 0 0 0 0 191340 4219 0 0 0 0 6769208 0 0 0 0 0 0 0 0 0 0 0 0 0 0 0 0 0 0 0 0 0 0 0 0 0 0 0 0 0 0 0 0 0 0 0 0 0 0 0 0 0 0 0 0 0 0 0 0 0 0 0 0 0 0 0 0 0 0 0 0 0 0 0 0 0 0 0 0 0 0 0 0 0 0 0 46660083 0 0 0
ctxt 114346897
btime 1669654930
processes 351241
procs_running 2
procs_blocked 0
softirq 219612505 142036817 18512934 397128 7584466 199033 0 23834790 20596945 474 6449918

cpu  347695 25503 636004 379744156 40570 0 400712 0 0 0
cpu0 70340 8456 121787 94947863 9194 0 85684 0 0 0
cpu1 113905 9074 244982 94816480 10096 0 131802 0 0 0
cpu2 85508 2509 143439 94996196 10479 0 96136 0 0 0
cpu3 77940 5462 125794 94983615 10799 0 87089 0 0 0
intr 8247259932 0 0 1488958 81 0 439805 15912019 0 0 0 6558774 0 0 0 0 0 0 0 0 0 0 0 0 0 0 0 0 0 0 0 0 0 0 0 0 0 0 0 0 0 0 0 0 0 0 0 0 0 0 0 0 3525794282 0 0 0 0 0 0 0 0 184752 0 199038 0 0 0 0 0 0 0 0 0 0 0 348089574 1 0 0 0 0 0 0 0 0 0 0 0 0 0 0 0 0 0 0 0 0 0 0 191340 4219 0 0 0 0 6769223 0 0 0 0 0 0 0 0 0 0 0 0 0 0 0 0 0 0 0 0 0 0 0 0 0 0 0 0 0 0 0 0 0 0 0 0 0 0 0 0 0 0 0 0 0 0 0 0 0 0 0 0 0 0 0 0 0 0 0 0 0 0 0 0 0 0 0 0 0 0 0 0 0 0 0 46660571 0 0 0
ctxt 114347887
btime 1669654930
processes 351241
procs_running 1
procs_blocked 0
softirq 219612573 142036817 18512948 397128 7584467 199033 0 23834804 20596970 474 6449932

cpu  347696 25503 636006 379744349 40570 0 400712 0 0 0
cpu0 70340 8456 121787 94947913 9194 0 85684 0 0 0
cpu1 113906 9074 244984 94816526 10096 0 131802 0 0 0
cpu2 85508 2509 143439 94996245 10479 0 96136 0 0 0
cpu3 77940 5462 125794 94983664 10799 0 87089 0 0 0
intr 8247264648 0 0 1488962 81 0 439805 15912049 0 0 0 6558779 0 0 0 0 0 0 0 0 0 0 0 0 0 0 0 0 0 0 0 0 0 0 0 0 0 0 0 0 0 0 0 0 0 0 0 0 0 0 0 0 3525798303 0 0 0 0 0 0 0 0 184753 0 199038 0 0 0 0 0 0 0 0 0 0 0 348089726 1 0 0 0 0 0 0 0 0 0 0 0 0 0 0 0 0 0 0 0 0 0 0 191340 4219 0 0 0 0 6769238 0 0 0 0 0 0 0 0 0 0 0 0 0 0 0 0 0 0 0 0 0 0 0 0 0 0 0 0 0 0 0 0 0 0 0 0 0 0 0 0 0 0 0 0 0 0 0 0 0 0 0 0 0 0 0 0 0 0 0 0 0 0 0 0 0 0 0 0 0 0 0 0 0 0 0 46661060 0 0 0
ctxt 114348885
btime 1669654930
processes 351241
procs_running 2
procs_blocked 0
softirq 219612647 142036825 18512960 397128 7584468 199033 0 23834819 20596995 474 6449945

cpu  347696 25503 636008 379744543 40570 0 400712 0 0 0
cpu0 70340 8456 121787 94947962 9194 0 85684 0 0 0
cpu1 113906 9074 244986 94816571 10096 0 131802 0 0 0
cpu2 85508 2509 143439 94996294 10479 0 96136 0 0 0
cpu3 77940 5462 125794 94983714 10799 0 87089 0 0 0
intr 8247269325 0 0 1488967 81 0 439805 15912072 0 0 0 6558784 0 0 0 0 0 0 0 0 0 0 0 0 0 0 0 0 0 0 0 0 0 0 0 0 0 0 0 0 0 0 0 0 0 0 0 0 0 0 0 0 3525802307 0 0 0 0 0 0 0 0 184754 0 199038 0 0 0 0 0 0 0 0 0 0 0 348089854 1 0 0 0 0 0 0 0 0 0 0 0 0 0 0 0 0 0 0 0 0 0 0 191340 4219 0 0 0 0 6769253 0 0 0 0 0 0 0 0 0 0 0 0 0 0 0 0 0 0 0 0 0 0 0 0 0 0 0 0 0 0 0 0 0 0 0 0 0 0 0 0 0 0 0 0 0 0 0 0 0 0 0 0 0 0 0 0 0 0 0 0 0 0 0 0 0 0 0 0 0 0 0 0 0 0 0 46661555 0 0 0
ctxt 114349880
btime 1669654930
processes 351241
procs_running 1
procs_blocked 0
softirq 219612715 142036825 18512974 397128 7584469 199033 0 23834833 20597020 474 6449959

cpu  347699 25503 636012 379744732 40570 0 400712 0 0 0
cpu0 70340 8456 121787 94948011 9194 0 85684 0 0 0
cpu1 113908 9074 244987 94816617 10096 0 131802 0 0 0
cpu2 85508 2509 143439 94996343 10479 0 96136 0 0 0
cpu3 77942 5462 125797 94983760 10799 0 87089 0 0 0
intr 8247274145 0 0 1488973 81 0 439805 15912139 0 0 0 6558789 0 0 0 0 0 0 0 0 0 0 0 0 0 0 0 0 0 0 0 0 0 0 0 0 0 0 0 0 0 0 0 0 0 0 0 0 0 0 0 0 3525806326 0 0 0 0 0 0 0 0 184755 0 199038 0 0 0 0 0 0 0 0 0 0 0 348090008 1 0 0 0 0 0 0 0 0 0 0 0 0 0 0 0 0 0 0 0 0 0 0 191340 4219 0 0 0 0 6769308 0 0 0 0 0 0 0 0 0 0 0 0 0 0 0 0 0 0 0 0 0 0 0 0 0 0 0 0 0 0 0 0 0 0 0 0 0 0 0 0 0 0 0 0 0 0 0 0 0 0 0 0 0 0 0 0 0 0 0 0 0 0 0 0 0 0 0 0 0 0 0 0 0 0 0 46662067 0 0 0
ctxt 114350988
btime 1669654930
processes 351241
procs_running 1
procs_blocked 0
softirq 219612873 142036833 18512995 397128 7584473 199033 0 23834875 20597056 474 6450006

cpu  347700 25503 636013 379744926 40570 0 400712 0 0 0
cpu0 70340 8456 121787 94948061 9194 0 85684 0 0 0
cpu1 113908 9074 244988 94816662 10096 0 131802 0 0 0
cpu2 85508 2509 143440 94996393 10479 0 96136 0 0 0
cpu3 77942 5462 125797 94983809 10799 0 87089 0 0 0
intr 8247278824 0 0 1488975 81 0 439805 15912161 0 0 0 6558794 0 0 0 0 0 0 0 0 0 0 0 0 0 0 0 0 0 0 0 0 0 0 0 0 0 0 0 0 0 0 0 0 0 0 0 0 0 0 0 0 3525810330 0 0 0 0 0 0 0 0 184756 0 199038 0 0 0 0 0 0 0 0 0 0 0 348090136 1 0 0 0 0 0 0 0 0 0 0 0 0 0 0 0 0 0 0 0 0 0 0 191340 4219 0 0 0 0 6769327 0 0 0 0 0 0 0 0 0 0 0 0 0 0 0 0 0 0 0 0 0 0 0 0 0 0 0 0 0 0 0 0 0 0 0 0 0 0 0 0 0 0 0 0 0 0 0 0 0 0 0 0 0 0 0 0 0 0 0 0 0 0 0 0 0 0 0 0 0 0 0 0 0 0 0 46662565 0 0 0
ctxt 114351981
btime 1669654930
processes 351241
procs_running 1
procs_blocked 0
softirq 219612951 142036833 18513011 397129 7584474 199033 0 23834890 20597084 474 6450023

cpu  347700 25503 636014 379745120 40570 0 400712 0 0 0
cpu0 70340 8456 121787 94948110 9194 0 85684 0 0 0
cpu1 113909 9074 244989 94816708 10096 0 131802 0 0 0
cpu2 85508 2509 143440 94996442 10479 0 96136 0 0 0
cpu3 77942 5462 125797 94983858 10799 0 87089 0 0 0
intr 8247283535 0 0 1488979 81 0 439805 15912186 0 0 0 6558799 0 0 0 0 0 0 0 0 0 0 0 0 0 0 0 0 0 0 0 0 0 0 0 0 0 0 0 0 0 0 0 0 0 0 0 0 0 0 0 0 3525814351 0 0 0 0 0 0 0 0 184757 0 199038 0 0 0 0 0 0 0 0 0 0 0 348090290 1 0 0 0 0 0 0 0 0 0 0 0 0 0 0 0 0 0 0 0 0 0 0 191340 4219 0 0 0 0 6769342 0 0 0 0 0 0 0 0 0 0 0 0 0 0 0 0 0 0 0 0 0 0 0 0 0 0 0 0 0 0 0 0 0 0 0 0 0 0 0 0 0 0 0 0 0 0 0 0 0 0 0 0 0 0 0 0 0 0 0 0 0 0 0 0 0 0 0 0 0 0 0 0 0 0 0 46663052 0 0 0
ctxt 114352971
btime 1669654930
processes 351241
procs_running 1
procs_blocked 0
softirq 219613023 142036841 18513024 397129 7584475 199033 0 23834904 20597106 474 6450037

cpu  347701 25503 636017 379745313 40570 0 400712 0 0 0
cpu0 70340 8456 121787 94948159 9194 0 85684 0 0 0
cpu1 113910 9074 244991 94816754 10096 0 131802 0 0 0
cpu2 85508 2509 143440 94996491 10479 0 96136 0 0 0
cpu3 77942 5462 125797 94983908 10799 0 87089 0 0 0
intr 8247288209 0 0 1488984 81 0 439805 15912205 0 0 0 6558804 0 0 0 0 0 0 0 0 0 0 0 0 0 0 0 0 0 0 0 0 0 0 0 0 0 0 0 0 0 0 0 0 0 0 0 0 0 0 0 0 3525818356 0 0 0 0 0 0 0 0 184758 0 199038 0 0 0 0 0 0 0 0 0 0 0 348090418 1 0 0 0 0 0 0 0 0 0 0 0 0 0 0 0 0 0 0 0 0 0 0 191340 4219 0 0 0 0 6769357 0 0 0 0 0 0 0 0 0 0 0 0 0 0 0 0 0 0 0 0 0 0 0 0 0 0 0 0 0 0 0 0 0 0 0 0 0 0 0 0 0 0 0 0 0 0 0 0 0 0 0 0 0 0 0 0 0 0 0 0 0 0 0 0 0 0 0 0 0 0 0 0 0 0 0 46663548 0 0 0
ctxt 114353961
btime 1669654930
processes 351241
procs_running 1
procs_blocked 0
softirq 219613097 142036841 18513039 397129 7584476 199033 0 23834918 20597135 474 6450052

cpu  347702 25503 636017 379745507 40570 0 400712 0 0 0
cpu0 70340 8456 121787 94948208 9194 0 85684 0 0 0
cpu1 113911 9074 244992 94816799 10096 0 131802 0 0 0
cpu2 85508 2509 143440 94996540 10479 0 96136 0 0 0
cpu3 77942 5462 125797 94983957 10799 0 87089 0 0 0
intr 8247292917 0 0 1488988 81 0 439805 15912230 0 0 0 6558809 0 0 0 0 0 0 0 0 0 0 0 0 0 0 0 0 0 0 0 0 0 0 0 0 0 0 0 0 0 0 0 0 0 0 0 0 0 0 0 0 3525822374 0 0 0 0 0 0 0 0 184759 0 199038 0 0 0 0 0 0 0 0 0 0 0 348090572 1 0 0 0 0 0 0 0 0 0 0 0 0 0 0 0 0 0 0 0 0 0 0 191340 4219 0 0 0 0 6769372 0 0 0 0 0 0 0 0 0 0 0 0 0 0 0 0 0 0 0 0 0 0 0 0 0 0 0 0 0 0 0 0 0 0 0 0 0 0 0 0 0 0 0 0 0 0 0 0 0 0 0 0 0 0 0 0 0 0 0 0 0 0 0 0 0 0 0 0 0 0 0 0 0 0 0 46664035 0 0 0
ctxt 114354954
btime 1669654930
processes 351241
procs_running 2
procs_blocked 0
softirq 219613169 142036849 18513052 397129 7584477 199033 0 23834931 20597158 474 6450066

cpu  347703 25503 636018 379745701 40570 0 400712 0 0 0
cpu0 70340 8456 121787 94948258 9194 0 85684 0 0 0
cpu1 113912 9074 244993 94816845 10096 0 131802 0 0 0
cpu2 85508 2509 143440 94996590 10479 0 96136 0 0 0
cpu3 77942 5462 125797 94984007 10799 0 87089 0 0 0
intr 8247297591 0 0 1488992 81 0 439805 15912252 0 0 0 6558814 0 0 0 0 0 0 0 0 0 0 0 0 0 0 0 0 0 0 0 0 0 0 0 0 0 0 0 0 0 0 0 0 0 0 0 0 0 0 0 0 3525826377 0 0 0 0 0 0 0 0 184760 0 199038 0 0 0 0 0 0 0 0 0 0 0 348090700 1 0 0 0 0 0 0 0 0 0 0 0 0 0 0 0 0 0 0 0 0 0 0 191340 4219 0 0 0 0 6769387 0 0 0 0 0 0 0 0 0 0 0 0 0 0 0 0 0 0 0 0 0 0 0 0 0 0 0 0 0 0 0 0 0 0 0 0 0 0 0 0 0 0 0 0 0 0 0 0 0 0 0 0 0 0 0 0 0 0 0 0 0 0 0 0 0 0 0 0 0 0 0 0 0 0 0 46664529 0 0 0
ctxt 114355947
btime 1669654930
processes 351241
procs_running 1
procs_blocked 0
softirq 219613236 142036849 18513065 397129 7584478 199033 0 23834945 20597182 474 6450081

cpu  347704 25503 636022 379745892 40570 0 400712 0 0 0
cpu0 70340 8456 121787 94948307 9194 0 85684 0 0 0
cpu1 113912 9074 244994 94816890 10096 0 131802 0 0 0
cpu2 85508 2509 143440 94996639 10479 0 96136 0 0 0
cpu3 77942 5462 125799 94984054 10799 0 87089 0 0 0
intr 8247302310 0 0 1488996 81 0 439805 15912282 0 0 0 6558819 0 0 0 0 0 0 0 0 0 0 0 0 0 0 0 0 0 0 0 0 0 0 0 0 0 0 0 0 0 0 0 0 0 0 0 0 0 0 0 0 3525830396 0 0 0 0 0 0 0 0 184761 0 199038 0 0 0 0 0 0 0 0 0 0 0 348090854 1 0 0 0 0 0 0 0 0 0 0 0 0 0 0 0 0 0 0 0 0 0 0 191340 4219 0 0 0 0 6769402 0 0 0 0 0 0 0 0 0 0 0 0 0 0 0 0 0 0 0 0 0 0 0 0 0 0 0 0 0 0 0 0 0 0 0 0 0 0 0 0 0 0 0 0 0 0 0 0 0 0 0 0 0 0 0 0 0 0 0 0 0 0 0 0 0 0 0 0 0 0 0 0 0 0 0 46665021 0 0 0
ctxt 114356945
btime 1669654930
processes 351241
procs_running 2
procs_blocked 0
softirq 219613319 142036857 18513081 397129 7584479 199033 0 23834960 20597206 474 6450100

cpu  347706 25503 636023 379746084 40570 0 400712 0 0 0
cpu0 70340 8456 121787 94948357 9194 0 85684 0 0 0
cpu1 113913 9074 244995 94816936 10096 0 131802 0 0 0
cpu2 85508 2509 143440 94996688 10479 0 96136 0 0 0
cpu3 77943 5462 125800 94984102 10799 0 87089 0 0 0
intr 8247307039 0 0 1489005 81 0 439805 15912324 0 0 0 6558824 0 0 0 0 0 0 0 0 0 0 0 0 0 0 0 0 0 0 0 0 0 0 0 0 0 0 0 0 0 0 0 0 0 0 0 0 0 0 0 0 3525834400 0 0 0 0 0 0 0 0 184762 0 199038 0 0 0 0 0 0 0 0 0 0 0 348090982 1 0 0 0 0 0 0 0 0 0 0 0 0 0 0 0 0 0 0 0 0 0 0 191340 4219 0 0 0 0 6769427 0 0 0 0 0 0 0 0 0 0 0 0 0 0 0 0 0 0 0 0 0 0 0 0 0 0 0 0 0 0 0 0 0 0 0 0 0 0 0 0 0 0 0 0 0 0 0 0 0 0 0 0 0 0 0 0 0 0 0 0 0 0 0 0 0 0 0 0 0 0 0 0 0 0 0 46665537 0 0 0
ctxt 114357983
btime 1669654930
processes 351241
procs_running 2
procs_blocked 0
softirq 219613418 142036857 18513099 397129 7584481 199033 0 23834981 20597243 474 6450121

cpu  347706 25503 636024 379746277 40570 0 400712 0 0 0
cpu0 70340 8456 121787 94948406 9194 0 85684 0 0 0
cpu1 113913 9074 244996 94816982 10096 0 131802 0 0 0
cpu2 85508 2509 143440 94996737 10479 0 96136 0 0 0
cpu3 77943 5462 125800 94984152 10799 0 87089 0 0 0
intr 8247311746 0 0 1489009 81 0 439805 15912347 0 0 0 6558829 0 0 0 0 0 0 0 0 0 0 0 0 0 0 0 0 0 0 0 0 0 0 0 0 0 0 0 0 0 0 0 0 0 0 0 0 0 0 0 0 3525838420 0 0 0 0 0 0 0 0 184763 0 199038 0 0 0 0 0 0 0 0 0 0 0 348091136 1 0 0 0 0 0 0 0 0 0 0 0 0 0 0 0 0 0 0 0 0 0 0 191340 4219 0 0 0 0 6769442 0 0 0 0 0 0 0 0 0 0 0 0 0 0 0 0 0 0 0 0 0 0 0 0 0 0 0 0 0 0 0 0 0 0 0 0 0 0 0 0 0 0 0 0 0 0 0 0 0 0 0 0 0 0 0 0 0 0 0 0 0 0 0 0 0 0 0 0 0 0 0 0 0 0 0 46666022 0 0 0
ctxt 114358971
btime 1669654930
processes 351241
procs_running 2
procs_blocked 0
softirq 219613491 142036865 18513112 397129 7584482 199033 0 23834996 20597265 474 6450135

cpu  347707 25503 636026 379746471 40570 0 400712 0 0 0
cpu0 70340 8456 121787 94948455 9194 0 85684 0 0 0
cpu1 113914 9074 244998 94817027 10096 0 131802 0 0 0
cpu2 85508 2509 143441 94996786 10479 0 96136 0 0 0
cpu3 77943 5462 125800 94984201 10799 0 87089 0 0 0
intr 8247316427 0 0 1489013 81 0 439805 15912372 0 0 0 6558834 0 0 0 0 0 0 0 0 0 0 0 0 0 0 0 0 0 0 0 0 0 0 0 0 0 0 0 0 0 0 0 0 0 0 0 0 0 0 0 0 3525842424 0 0 0 0 0 0 0 0 184764 0 199038 0 0 0 0 0 0 0 0 0 0 0 348091264 1 0 0 0 0 0 0 0 0 0 0 0 0 0 0 0 0 0 0 0 0 0 0 191340 4219 0 0 0 0 6769457 0 0 0 0 0 0 0 0 0 0 0 0 0 0 0 0 0 0 0 0 0 0 0 0 0 0 0 0 0 0 0 0 0 0 0 0 0 0 0 0 0 0 0 0 0 0 0 0 0 0 0 0 0 0 0 0 0 0 0 0 0 0 0 0 0 0 0 0 0 0 0 0 0 0 0 46666519 0 0 0
ctxt 114359968
btime 1669654930
processes 351241
procs_running 1
procs_blocked 0
softirq 219613563 142036865 18513125 397129 7584483 199033 0 23835010 20597293 474 6450151

cpu  347708 25503 636028 379746665 40570 0 400712 0 0 0
cpu0 70340 8456 121787 94948505 9194 0 85684 0 0 0
cpu1 113915 9074 244999 94817073 10096 0 131802 0 0 0
cpu2 85508 2509 143441 94996835 10479 0 96136 0 0 0
cpu3 77943 5462 125800 94984250 10799 0 87089 0 0 0
intr 8247321138 0 0 1489017 81 0 439805 15912403 0 0 0 6558839 0 0 0 0 0 0 0 0 0 0 0 0 0 0 0 0 0 0 0 0 0 0 0 0 0 0 0 0 0 0 0 0 0 0 0 0 0 0 0 0 3525846441 0 0 0 0 0 0 0 0 184765 0 199038 0 0 0 0 0 0 0 0 0 0 0 348091418 1 0 0 0 0 0 0 0 0 0 0 0 0 0 0 0 0 0 0 0 0 0 0 191340 4219 0 0 0 0 6769472 0 0 0 0 0 0 0 0 0 0 0 0 0 0 0 0 0 0 0 0 0 0 0 0 0 0 0 0 0 0 0 0 0 0 0 0 0 0 0 0 0 0 0 0 0 0 0 0 0 0 0 0 0 0 0 0 0 0 0 0 0 0 0 0 0 0 0 0 0 0 0 0 0 0 0 46667004 0 0 0
ctxt 114360959
btime 1669654930
processes 351241
procs_running 2
procs_blocked 0
softirq 219613635 142036873 18513139 397129 7584484 199033 0 23835023 20597315 474 6450165

cpu  347708 25503 636030 379746858 40570 0 400712 0 0 0
cpu0 70340 8456 121787 94948554 9194 0 85684 0 0 0
cpu1 113916 9074 245001 94817118 10096 0 131802 0 0 0
cpu2 85508 2509 143441 94996885 10479 0 96136 0 0 0
cpu3 77943 5462 125800 94984300 10799 0 87089 0 0 0
intr 8247325817 0 0 1489022 81 0 439805 15912426 0 0 0 6558844 0 0 0 0 0 0 0 0 0 0 0 0 0 0 0 0 0 0 0 0 0 0 0 0 0 0 0 0 0 0 0 0 0 0 0 0 0 0 0 0 3525850445 0 0 0 0 0 0 0 0 184766 0 199038 0 0 0 0 0 0 0 0 0 0 0 348091546 1 0 0 0 0 0 0 0 0 0 0 0 0 0 0 0 0 0 0 0 0 0 0 191340 4219 0 0 0 0 6769487 0 0 0 0 0 0 0 0 0 0 0 0 0 0 0 0 0 0 0 0 0 0 0 0 0 0 0 0 0 0 0 0 0 0 0 0 0 0 0 0 0 0 0 0 0 0 0 0 0 0 0 0 0 0 0 0 0 0 0 0 0 0 0 0 0 0 0 0 0 0 0 0 0 0 0 46667503 0 0 0
ctxt 114361955
btime 1669654930
processes 351241
procs_running 2
procs_blocked 0
softirq 219613708 142036873 18513153 397129 7584485 199033 0 23835037 20597344 474 6450180

cpu  347710 25503 636032 379747052 40570 0 400712 0 0 0
cpu0 70340 8456 121787 94948603 9194 0 85684 0 0 0
cpu1 113917 9074 245003 94817164 10096 0 131802 0 0 0
cpu2 85508 2509 143441 94996934 10479 0 96136 0 0 0
cpu3 77943 5462 125800 94984349 10799 0 87089 0 0 0
intr 8247330535 0 0 1489026 81 0 439805 15912456 0 0 0 6558848 0 0 0 0 0 0 0 0 0 0 0 0 0 0 0 0 0 0 0 0 0 0 0 0 0 0 0 0 0 0 0 0 0 0 0 0 0 0 0 0 3525854464 0 0 0 0 0 0 0 0 184767 0 199038 0 0 0 0 0 0 0 0 0 0 0 348091700 1 0 0 0 0 0 0 0 0 0 0 0 0 0 0 0 0 0 0 0 0 0 0 191340 4219 0 0 0 0 6769502 0 0 0 0 0 0 0 0 0 0 0 0 0 0 0 0 0 0 0 0 0 0 0 0 0 0 0 0 0 0 0 0 0 0 0 0 0 0 0 0 0 0 0 0 0 0 0 0 0 0 0 0 0 0 0 0 0 0 0 0 0 0 0 0 0 0 0 0 0 0 0 0 0 0 0 46667992 0 0 0
ctxt 114362948
btime 1669654930
processes 351241
procs_running 1
procs_blocked 0
softirq 219613785 142036881 18513166 397129 7584486 199033 0 23835051 20597371 474 6450194

cpu  347710 25503 636038 379747242 40570 0 400712 0 0 0
cpu0 70340 8456 121787 94948652 9194 0 85684 0 0 0
cpu1 113917 9074 245005 94817209 10096 0 131802 0 0 0
cpu2 85508 2509 143442 94996983 10479 0 96136 0 0 0
cpu3 77943 5462 125802 94984396 10799 0 87089 0 0 0
intr 8247335308 0 0 1489032 81 0 439805 15912514 0 0 0 6558853 0 0 0 0 0 0 0 0 0 0 0 0 0 0 0 0 0 0 0 0 0 0 0 0 0 0 0 0 0 0 0 0 0 0 0 0 0 0 0 0 3525858468 0 0 0 0 0 0 0 0 184769 0 199038 0 0 0 0 0 0 0 0 0 0 0 348091828 1 0 0 0 0 0 0 0 0 0 0 0 0 0 0 0 0 0 0 0 0 0 0 191340 4219 0 0 0 0 6769547 0 0 0 0 0 0 0 0 0 0 0 0 0 0 0 0 0 0 0 0 0 0 0 0 0 0 0 0 0 0 0 0 0 0 0 0 0 0 0 0 0 0 0 0 0 0 0 0 0 0 0 0 0 0 0 0 0 0 0 0 0 0 0 0 0 0 0 0 0 0 0 0 0 0 0 46668517 0 0 0
ctxt 114364041
btime 1669654930
processes 351241
procs_running 1
procs_blocked 0
softirq 219613934 142036881 18513192 397130 7584489 199033 0 23835091 20597415 474 6450229

cpu  347711 25503 636040 379747436 40570 0 400712 0 0 0
cpu0 70340 8456 121787 94948702 9194 0 85684 0 0 0
cpu1 113918 9074 245007 94817255 10096 0 131802 0 0 0
cpu2 85508 2509 143442 94997032 10479 0 96136 0 0 0
cpu3 77943 5462 125802 94984445 10799 0 87089 0 0 0
intr 8247340042 0 0 1489040 81 0 439805 15912549 0 0 0 6558858 0 0 0 0 0 0 0 0 0 0 0 0 0 0 0 0 0 0 0 0 0 0 0 0 0 0 0 0 0 0 0 0 0 0 0 0 0 0 0 0 3525862489 0 0 0 0 0 0 0 0 184770 0 199038 0 0 0 0 0 0 0 0 0 0 0 348091982 1 0 0 0 0 0 0 0 0 0 0 0 0 0 0 0 0 0 0 0 0 0 0 191340 4219 0 0 0 0 6769562 0 0 0 0 0 0 0 0 0 0 0 0 0 0 0 0 0 0 0 0 0 0 0 0 0 0 0 0 0 0 0 0 0 0 0 0 0 0 0 0 0 0 0 0 0 0 0 0 0 0 0 0 0 0 0 0 0 0 0 0 0 0 0 0 0 0 0 0 0 0 0 0 0 0 0 46669012 0 0 0
ctxt 114365042
btime 1669654930
processes 351241
procs_running 2
procs_blocked 0
softirq 219614012 142036889 18513205 397130 7584490 199033 0 23835106 20597442 474 6450243

cpu  347712 25503 636040 379747629 40570 0 400712 0 0 0
cpu0 70340 8456 121787 94948751 9194 0 85684 0 0 0
cpu1 113919 9074 245008 94817301 10096 0 131802 0 0 0
cpu2 85508 2509 143442 94997082 10479 0 96136 0 0 0
cpu3 77943 5462 125802 94984495 10799 0 87089 0 0 0
intr 8247344725 0 0 1489049 81 0 439805 15912575 0 0 0 6558863 0 0 0 0 0 0 0 0 0 0 0 0 0 0 0 0 0 0 0 0 0 0 0 0 0 0 0 0 0 0 0 0 0 0 0 0 0 0 0 0 3525866493 0 0 0 0 0 0 0 0 184771 0 199038 0 0 0 0 0 0 0 0 0 0 0 348092110 1 0 0 0 0 0 0 0 0 0 0 0 0 0 0 0 0 0 0 0 0 0 0 191340 4219 0 0 0 0 6769577 0 0 0 0 0 0 0 0 0 0 0 0 0 0 0 0 0 0 0 0 0 0 0 0 0 0 0 0 0 0 0 0 0 0 0 0 0 0 0 0 0 0 0 0 0 0 0 0 0 0 0 0 0 0 0 0 0 0 0 0 0 0 0 0 0 0 0 0 0 0 0 0 0 0 0 46669508 0 0 0
ctxt 114366043
btime 1669654930
processes 351241
procs_running 2
procs_blocked 0
softirq 219614075 142036889 18513219 397130 7584491 199033 0 23835120 20597464 474 6450255

cpu  347713 25503 636042 379747823 40570 0 400712 0 0 0
cpu0 70340 8456 121787 94948800 9194 0 85684 0 0 0
cpu1 113920 9074 245009 94817346 10096 0 131802 0 0 0
cpu2 85508 2509 143442 94997131 10479 0 96136 0 0 0
cpu3 77943 5462 125802 94984544 10799 0 87089 0 0 0
intr 8247349449 0 0 1489057 81 0 439806 15912602 0 0 0 6558868 0 0 0 0 0 0 0 0 0 0 0 0 0 0 0 0 0 0 0 0 0 0 0 0 0 0 0 0 0 0 0 0 0 0 0 0 0 0 0 0 3525870512 0 0 0 0 0 0 0 0 184772 0 199038 0 0 0 0 0 0 0 0 0 0 0 348092264 1 0 0 0 0 0 0 0 0 0 0 0 0 0 0 0 0 0 0 0 0 0 0 191340 4219 0 0 0 0 6769592 0 0 0 0 0 0 0 0 0 0 0 0 0 0 0 0 0 0 0 0 0 0 0 0 0 0 0 0 0 0 0 0 0 0 0 0 0 0 0 0 0 0 0 0 0 0 0 0 0 0 0 0 0 0 0 0 0 0 0 0 0 0 0 0 0 0 0 0 0 0 0 0 0 0 0 46670001 0 0 0
ctxt 114367040
btime 1669654930
processes 351241
procs_running 1
procs_blocked 0
softirq 219614151 142036897 18513232 397130 7584492 199033 0 23835134 20597490 474 6450269

cpu  347714 25503 636044 379748017 40570 0 400712 0 0 0
cpu0 70340 8456 121788 94948850 9194 0 85684 0 0 0
cpu1 113920 9074 245011 94817392 10096 0 131802 0 0 0
cpu2 85508 2509 143442 94997181 10479 0 96136 0 0 0
cpu3 77943 5462 125802 94984593 10799 0 87089 0 0 0
intr 8247354133 0 0 1489065 81 0 439806 15912629 0 0 0 6558873 0 0 0 0 0 0 0 0 0 0 0 0 0 0 0 0 0 0 0 0 0 0 0 0 0 0 0 0 0 0 0 0 0 0 0 0 0 0 0 0 3525874516 0 0 0 0 0 0 0 0 184773 0 199038 0 0 0 0 0 0 0 0 0 0 0 348092392 1 0 0 0 0 0 0 0 0 0 0 0 0 0 0 0 0 0 0 0 0 0 0 191340 4219 0 0 0 0 6769607 0 0 0 0 0 0 0 0 0 0 0 0 0 0 0 0 0 0 0 0 0 0 0 0 0 0 0 0 0 0 0 0 0 0 0 0 0 0 0 0 0 0 0 0 0 0 0 0 0 0 0 0 0 0 0 0 0 0 0 0 0 0 0 0 0 0 0 0 0 0 0 0 0 0 0 46670497 0 0 0
ctxt 114368030
btime 1669654930
processes 351241
procs_running 2
procs_blocked 0
softirq 219614215 142036897 18513245 397130 7584493 199033 0 23835147 20597513 474 6450283

cpu  347714 25503 636045 379748210 40570 0 400712 0 0 0
cpu0 70340 8456 121788 94948899 9194 0 85684 0 0 0
cpu1 113921 9074 245012 94817437 10096 0 131802 0 0 0
cpu2 85508 2509 143442 94997230 10479 0 96136 0 0 0
cpu3 77943 5462 125802 94984643 10799 0 87089 0 0 0
intr 8247358881 0 0 1489073 81 0 439806 15912670 0 0 0 6558878 0 0 0 0 0 0 0 0 0 0 0 0 0 0 0 0 0 0 0 0 0 0 0 0 0 0 0 0 0 0 0 0 0 0 0 0 0 0 0 0 3525878536 0 0 0 0 0 0 0 0 184774 0 199038 0 0 0 0 0 0 0 0 0 0 0 348092546 1 0 0 0 0 0 0 0 0 0 0 0 0 0 0 0 0 0 0 0 0 0 0 191340 4219 0 0 0 0 6769636 0 0 0 0 0 0 0 0 0 0 0 0 0 0 0 0 0 0 0 0 0 0 0 0 0 0 0 0 0 0 0 0 0 0 0 0 0 0 0 0 0 0 0 0 0 0 0 0 0 0 0 0 0 0 0 0 0 0 0 0 0 0 0 0 0 0 0 0 0 0 0 0 0 0 0 46670988 0 0 0
ctxt 114369077
btime 1669654930
processes 351241
procs_running 1
procs_blocked 0
softirq 219614311 142036905 18513262 397130 7584495 199033 0 23835174 20597539 474 6450299

cpu  347716 25503 636051 379748401 40570 0 400713 0 0 0
cpu0 70340 8456 121788 94948948 9194 0 85684 0 0 0
cpu1 113921 9074 245014 94817483 10096 0 131802 0 0 0
cpu2 85508 2509 143443 94997279 10479 0 96136 0 0 0
cpu3 77944 5462 125804 94984689 10799 0 87090 0 0 0
intr 8247363652 0 0 1489080 81 0 439806 15912735 0 0 0 6558883 0 0 0 0 0 0 0 0 0 0 0 0 0 0 0 0 0 0 0 0 0 0 0 0 0 0 0 0 0 0 0 0 0 0 0 0 0 0 0 0 3525882540 0 0 0 0 0 0 0 0 184776 0 199038 0 0 0 0 0 0 0 0 0 0 0 348092674 1 0 0 0 0 0 0 0 0 0 0 0 0 0 0 0 0 0 0 0 0 0 0 191340 4219 0 0 0 0 6769679 0 0 0 0 0 0 0 0 0 0 0 0 0 0 0 0 0 0 0 0 0 0 0 0 0 0 0 0 0 0 0 0 0 0 0 0 0 0 0 0 0 0 0 0 0 0 0 0 0 0 0 0 0 0 0 0 0 0 0 0 0 0 0 0 0 0 0 0 0 0 0 0 0 0 0 46671506 0 0 0
ctxt 114370173
btime 1669654930
processes 351241
procs_running 2
procs_blocked 0
softirq 219614438 142036905 18513283 397130 7584498 199033 0 23835211 20597577 474 6450327

cpu  347716 25503 636052 379748594 40570 0 400713 0 0 0
cpu0 70340 8456 121788 94948998 9194 0 85684 0 0 0
cpu1 113922 9074 245016 94817528 10096 0 131802 0 0 0
cpu2 85508 2509 143443 94997328 10479 0 96136 0 0 0
cpu3 77944 5462 125804 94984738 10799 0 87090 0 0 0
intr 8247368375 0 0 1489088 81 0 439806 15912767 0 0 0 6558888 0 0 0 0 0 0 0 0 0 0 0 0 0 0 0 0 0 0 0 0 0 0 0 0 0 0 0 0 0 0 0 0 0 0 0 0 0 0 0 0 3525886559 0 0 0 0 0 0 0 0 184777 0 199038 0 0 0 0 0 0 0 0 0 0 0 348092826 1 0 0 0 0 0 0 0 0 0 0 0 0 0 0 0 0 0 0 0 0 0 0 191340 4219 0 0 0 0 6769694 0 0 0 0 0 0 0 0 0 0 0 0 0 0 0 0 0 0 0 0 0 0 0 0 0 0 0 0 0 0 0 0 0 0 0 0 0 0 0 0 0 0 0 0 0 0 0 0 0 0 0 0 0 0 0 0 0 0 0 0 0 0 0 0 0 0 0 0 0 0 0 0 0 0 0 46671997 0 0 0
ctxt 114371173
btime 1669654930
processes 351241
procs_running 2
procs_blocked 0
softirq 219614517 142036913 18513298 397130 7584499 199033 0 23835225 20597603 474 6450342

cpu  347716 25503 636054 379748788 40570 0 400713 0 0 0
cpu0 70340 8456 121788 94949047 9194 0 85684 0 0 0
cpu1 113922 9074 245018 94817574 10096 0 131802 0 0 0
cpu2 85508 2509 143443 94997377 10479 0 96136 0 0 0
cpu3 77944 5462 125804 94984788 10799 0 87090 0 0 0
intr 8247373057 0 0 1489096 81 0 439806 15912791 0 0 0 6558893 0 0 0 0 0 0 0 0 0 0 0 0 0 0 0 0 0 0 0 0 0 0 0 0 0 0 0 0 0 0 0 0 0 0 0 0 0 0 0 0 3525890562 0 0 0 0 0 0 0 0 184778 0 199038 0 0 0 0 0 0 0 0 0 0 0 348092954 1 0 0 0 0 0 0 0 0 0 0 0 0 0 0 0 0 0 0 0 0 0 0 191340 4219 0 0 0 0 6769709 0 0 0 0 0 0 0 0 0 0 0 0 0 0 0 0 0 0 0 0 0 0 0 0 0 0 0 0 0 0 0 0 0 0 0 0 0 0 0 0 0 0 0 0 0 0 0 0 0 0 0 0 0 0 0 0 0 0 0 0 0 0 0 0 0 0 0 0 0 0 0 0 0 0 0 46672494 0 0 0
ctxt 114372163
btime 1669654930
processes 351241
procs_running 1
procs_blocked 0
softirq 219614581 142036913 18513310 397130 7584500 199033 0 23835238 20597627 474 6450356

cpu  347717 25503 636056 379748981 40570 0 400713 0 0 0
cpu0 70340 8456 121788 94949096 9194 0 85684 0 0 0
cpu1 113923 9074 245020 94817620 10096 0 131802 0 0 0
cpu2 85508 2509 143443 94997427 10479 0 96136 0 0 0
cpu3 77944 5462 125804 94984837 10799 0 87090 0 0 0
intr 8247377789 0 0 1489104 81 0 439806 15912823 0 0 0 6558898 0 0 0 0 0 0 0 0 0 0 0 0 0 0 0 0 0 0 0 0 0 0 0 0 0 0 0 0 0 0 0 0 0 0 0 0 0 0 0 0 3525894582 0 0 0 0 0 0 0 0 184779 0 199038 0 0 0 0 0 0 0 0 0 0 0 348093108 1 0 0 0 0 0 0 0 0 0 0 0 0 0 0 0 0 0 0 0 0 0 0 191340 4219 0 0 0 0 6769724 0 0 0 0 0 0 0 0 0 0 0 0 0 0 0 0 0 0 0 0 0 0 0 0 0 0 0 0 0 0 0 0 0 0 0 0 0 0 0 0 0 0 0 0 0 0 0 0 0 0 0 0 0 0 0 0 0 0 0 0 0 0 0 0 0 0 0 0 0 0 0 0 0 0 0 46672990 0 0 0
ctxt 114373168
btime 1669654930
processes 351241
procs_running 1
procs_blocked 0
softirq 219614656 142036921 18513322 397130 7584501 199033 0 23835252 20597653 474 6450370

cpu  347717 25503 636058 379749176 40570 0 400713 0 0 0
cpu0 70340 8456 121788 94949145 9194 0 85684 0 0 0
cpu1 113923 9074 245022 94817666 10096 0 131802 0 0 0
cpu2 85508 2509 143443 94997476 10479 0 96136 0 0 0
cpu3 77944 5462 125804 94984887 10799 0 87090 0 0 0
intr 8247382466 0 0 1489112 81 0 439806 15912847 0 0 0 6558903 0 0 0 0 0 0 0 0 0 0 0 0 0 0 0 0 0 0 0 0 0 0 0 0 0 0 0 0 0 0 0 0 0 0 0 0 0 0 0 0 3525898586 0 0 0 0 0 0 0 0 184780 0 199038 0 0 0 0 0 0 0 0 0 0 0 348093236 1 0 0 0 0 0 0 0 0 0 0 0 0 0 0 0 0 0 0 0 0 0 0 191340 4219 0 0 0 0 6769739 0 0 0 0 0 0 0 0 0 0 0 0 0 0 0 0 0 0 0 0 0 0 0 0 0 0 0 0 0 0 0 0 0 0 0 0 0 0 0 0 0 0 0 0 0 0 0 0 0 0 0 0 0 0 0 0 0 0 0 0 0 0 0 0 0 0 0 0 0 0 0 0 0 0 0 46673483 0 0 0
ctxt 114374149
btime 1669654930
processes 351241
procs_running 1
procs_blocked 0
softirq 219614724 142036921 18513337 397131 7584502 199033 0 23835265 20597676 474 6450385

cpu  347718 25503 636061 379749369 40570 0 400713 0 0 0
cpu0 70340 8456 121788 94949195 9194 0 85684 0 0 0
cpu1 113923 9074 245024 94817711 10096 0 131802 0 0 0
cpu2 85508 2509 143443 94997525 10479 0 96136 0 0 0
cpu3 77944 5462 125804 94984936 10799 0 87090 0 0 0
intr 8247387210 0 0 1489121 81 0 439806 15912884 0 0 0 6558908 0 0 0 0 0 0 0 0 0 0 0 0 0 0 0 0 0 0 0 0 0 0 0 0 0 0 0 0 0 0 0 0 0 0 0 0 0 0 0 0 3525902608 0 0 0 0 0 0 0 0 184781 0 199038 0 0 0 0 0 0 0 0 0 0 0 348093390 1 0 0 0 0 0 0 0 0 0 0 0 0 0 0 0 0 0 0 0 0 0 0 191340 4219 0 0 0 0 6769754 0 0 0 0 0 0 0 0 0 0 0 0 0 0 0 0 0 0 0 0 0 0 0 0 0 0 0 0 0 0 0 0 0 0 0 0 0 0 0 0 0 0 0 0 0 0 0 0 0 0 0 0 0 0 0 0 0 0 0 0 0 0 0 0 0 0 0 0 0 0 0 0 0 0 0 46673984 0 0 0
ctxt 114375165
btime 1669654930
processes 351241
procs_running 1
procs_blocked 0
softirq 219614811 142036929 18513354 397131 7584503 199033 0 23835280 20597706 474 6450401

cpu  347718 25503 636067 379749559 40570 0 400713 0 0 0
cpu0 70340 8456 121788 94949244 9194 0 85684 0 0 0
cpu1 113923 9074 245026 94817756 10096 0 131802 0 0 0
cpu2 85508 2509 143443 94997574 10479 0 96136 0 0 0
cpu3 77944 5462 125808 94984983 10799 0 87090 0 0 0
intr 8247391984 0 0 1489127 81 0 439806 15912946 0 0 0 6558913 0 0 0 0 0 0 0 0 0 0 0 0 0 0 0 0 0 0 0 0 0 0 0 0 0 0 0 0 0 0 0 0 0 0 0 0 0 0 0 0 3525906612 0 0 0 0 0 0 0 0 184784 0 199038 0 0 0 0 0 0 0 0 0 0 0 348093518 1 0 0 0 0 0 0 0 0 0 0 0 0 0 0 0 0 0 0 0 0 0 0 191340 4219 0 0 0 0 6769788 0 0 0 0 0 0 0 0 0 0 0 0 0 0 0 0 0 0 0 0 0 0 0 0 0 0 0 0 0 0 0 0 0 0 0 0 0 0 0 0 0 0 0 0 0 0 0 0 0 0 0 0 0 0 0 0 0 0 0 0 0 0 0 0 0 0 0 0 0 0 0 0 0 0 0 46674515 0 0 0
ctxt 114376351
btime 1669654930
processes 351241
procs_running 1
procs_blocked 0
softirq 219614946 142036929 18513377 397131 7584506 199033 0 23835311 20597746 474 6450439

cpu  347719 25503 636069 379749752 40570 0 400713 0 0 0
cpu0 70340 8456 121788 94949293 9194 0 85684 0 0 0
cpu1 113925 9074 245028 94817802 10096 0 131802 0 0 0
cpu2 85508 2509 143443 94997624 10479 0 96136 0 0 0
cpu3 77944 5462 125808 94985032 10799 0 87090 0 0 0
intr 8247396660 0 0 1489135 81 0 439806 15912970 0 0 0 6558918 0 0 0 0 0 0 0 0 0 0 0 0 0 0 0 0 0 0 0 0 0 0 0 0 0 0 0 0 0 0 0 0 0 0 0 0 0 0 0 0 3525910609 0 0 0 0 0 0 0 0 184785 0 199038 0 0 0 0 0 0 0 0 0 0 0 348093648 1 0 0 0 0 0 0 0 0 0 0 0 0 0 0 0 0 0 0 0 0 0 0 191340 4219 0 0 0 0 6769803 0 0 0 0 0 0 0 0 0 0 0 0 0 0 0 0 0 0 0 0 0 0 0 0 0 0 0 0 0 0 0 0 0 0 0 0 0 0 0 0 0 0 0 0 0 0 0 0 0 0 0 0 0 0 0 0 0 0 0 0 0 0 0 0 0 0 0 0 0 0 0 0 0 0 0 46675012 0 0 0
ctxt 114377335
btime 1669654930
processes 351241
procs_running 2
procs_blocked 0
softirq 219615012 142036929 18513390 397131 7584507 199033 0 23835325 20597771 474 6450452

cpu  347720 25503 636072 379749946 40570 0 400713 0 0 0
cpu0 70340 8456 121788 94949343 9194 0 85684 0 0 0
cpu1 113925 9074 245031 94817847 10096 0 131802 0 0 0
cpu2 85508 2509 143443 94997673 10479 0 96136 0 0 0
cpu3 77944 5462 125808 94985081 10799 0 87090 0 0 0
intr 8247401410 0 0 1489147 81 0 439806 15913003 0 0 0 6558923 0 0 0 0 0 0 0 0 0 0 0 0 0 0 0 0 0 0 0 0 0 0 0 0 0 0 0 0 0 0 0 0 0 0 0 0 0 0 0 0 3525914636 0 0 0 0 0 0 0 0 184786 0 199038 0 0 0 0 0 0 0 0 0 0 0 348093800 1 0 0 0 0 0 0 0 0 0 0 0 0 0 0 0 0 0 0 0 0 0 0 191340 4219 0 0 0 0 6769818 0 0 0 0 0 0 0 0 0 0 0 0 0 0 0 0 0 0 0 0 0 0 0 0 0 0 0 0 0 0 0 0 0 0 0 0 0 0 0 0 0 0 0 0 0 0 0 0 0 0 0 0 0 0 0 0 0 0 0 0 0 0 0 0 0 0 0 0 0 0 0 0 0 0 0 46675517 0 0 0
ctxt 114378348
btime 1669654930
processes 351241
procs_running 1
procs_blocked 0
softirq 219615094 142036937 18513405 397131 7584508 199033 0 23835338 20597802 474 6450466

cpu  347720 25503 636074 379750139 40570 0 400713 0 0 0
cpu0 70340 8456 121788 94949392 9194 0 85684 0 0 0
cpu1 113926 9074 245033 94817893 10096 0 131802 0 0 0
cpu2 85508 2509 143443 94997722 10479 0 96136 0 0 0
cpu3 77944 5462 125808 94985131 10799 0 87090 0 0 0
intr 8247406084 0 0 1489156 81 0 439806 15913028 0 0 0 6558928 0 0 0 0 0 0 0 0 0 0 0 0 0 0 0 0 0 0 0 0 0 0 0 0 0 0 0 0 0 0 0 0 0 0 0 0 0 0 0 0 3525918632 0 0 0 0 0 0 0 0 184787 0 199038 0 0 0 0 0 0 0 0 0 0 0 348093930 1 0 0 0 0 0 0 0 0 0 0 0 0 0 0 0 0 0 0 0 0 0 0 191340 4219 0 0 0 0 6769833 0 0 0 0 0 0 0 0 0 0 0 0 0 0 0 0 0 0 0 0 0 0 0 0 0 0 0 0 0 0 0 0 0 0 0 0 0 0 0 0 0 0 0 0 0 0 0 0 0 0 0 0 0 0 0 0 0 0 0 0 0 0 0 0 0 0 0 0 0 0 0 0 0 0 0 46676010 0 0 0
ctxt 114379335
btime 1669654930
processes 351241
procs_running 2
procs_blocked 0
softirq 219615162 142036937 18513418 397131 7584509 199033 0 23835352 20597827 474 6450481

cpu  347720 25503 636077 379750333 40570 0 400713 0 0 0
cpu0 70340 8456 121789 94949441 9194 0 85684 0 0 0
cpu1 113926 9074 245036 94817938 10096 0 131802 0 0 0
cpu2 85508 2509 143443 94997772 10479 0 96136 0 0 0
cpu3 77944 5462 125808 94985180 10799 0 87090 0 0 0
intr 8247410825 0 0 1489164 81 0 439806 15913056 0 0 0 6558933 0 0 0 0 0 0 0 0 0 0 0 0 0 0 0 0 0 0 0 0 0 0 0 0 0 0 0 0 0 0 0 0 0 0 0 0 0 0 0 0 3525922660 0 0 0 0 0 0 0 0 184788 0 199038 0 0 0 0 0 0 0 0 0 0 0 348094082 1 0 0 0 0 0 0 0 0 0 0 0 0 0 0 0 0 0 0 0 0 0 0 191340 4219 0 0 0 0 6769848 0 0 0 0 0 0 0 0 0 0 0 0 0 0 0 0 0 0 0 0 0 0 0 0 0 0 0 0 0 0 0 0 0 0 0 0 0 0 0 0 0 0 0 0 0 0 0 0 0 0 0 0 0 0 0 0 0 0 0 0 0 0 0 0 0 0 0 0 0 0 0 0 0 0 0 46676513 0 0 0
ctxt 114380344
btime 1669654930
processes 351241
procs_running 1
procs_blocked 0
softirq 219615243 142036945 18513431 397131 7584510 199033 0 23835368 20597856 474 6450495

cpu  347720 25503 636080 379750527 40570 0 400714 0 0 0
cpu0 70340 8456 121789 94949491 9194 0 85684 0 0 0
cpu1 113926 9074 245038 94817984 10096 0 131802 0 0 0
cpu2 85508 2509 143443 94997821 10479 0 96136 0 0 0
cpu3 77944 5462 125808 94985230 10799 0 87090 0 0 0
intr 8247415507 0 0 1489172 81 0 439806 15913081 0 0 0 6558938 0 0 0 0 0 0 0 0 0 0 0 0 0 0 0 0 0 0 0 0 0 0 0 0 0 0 0 0 0 0 0 0 0 0 0 0 0 0 0 0 3525926664 0 0 0 0 0 0 0 0 184789 0 199038 0 0 0 0 0 0 0 0 0 0 0 348094212 1 0 0 0 0 0 0 0 0 0 0 0 0 0 0 0 0 0 0 0 0 0 0 191340 4219 0 0 0 0 6769863 0 0 0 0 0 0 0 0 0 0 0 0 0 0 0 0 0 0 0 0 0 0 0 0 0 0 0 0 0 0 0 0 0 0 0 0 0 0 0 0 0 0 0 0 0 0 0 0 0 0 0 0 0 0 0 0 0 0 0 0 0 0 0 0 0 0 0 0 0 0 0 0 0 0 0 46677008 0 0 0
ctxt 114381333
btime 1669654930
processes 351241
procs_running 1
procs_blocked 0
softirq 219615309 142036945 18513445 397131 7584511 199033 0 23835382 20597881 474 6450507

cpu  347722 25503 636084 379750717 40570 0 400714 0 0 0
cpu0 70340 8456 121789 94949540 9194 0 85684 0 0 0
cpu1 113927 9074 245040 94818030 10096 0 131802 0 0 0
cpu2 85508 2509 143443 94997870 10479 0 96136 0 0 0
cpu3 77945 5462 125810 94985276 10799 0 87090 0 0 0
intr 8247420311 0 0 1489178 81 0 439806 15913138 0 0 0 6558943 0 0 0 0 0 0 0 0 0 0 0 0 0 0 0 0 0 0 0 0 0 0 0 0 0 0 0 0 0 0 0 0 0 0 0 0 0 0 0 0 3525930685 0 0 0 0 0 0 0 0 184791 0 199038 0 0 0 0 0 0 0 0 0 0 0 348094365 1 0 0 0 0 0 0 0 0 0 0 0 0 0 0 0 0 0 0 0 0 0 0 191340 4219 0 0 0 0 6769908 0 0 0 0 0 0 0 0 0 0 0 0 0 0 0 0 0 0 0 0 0 0 0 0 0 0 0 0 0 0 0 0 0 0 0 0 0 0 0 0 0 0 0 0 0 0 0 0 0 0 0 0 0 0 0 0 0 0 0 0 0 0 0 0 0 0 0 0 0 0 0 0 0 0 0 46677522 0 0 0
ctxt 114382423
btime 1669654930
processes 351241
procs_running 1
procs_blocked 0
softirq 219615453 142036954 18513468 397131 7584514 199033 0 23835422 20597916 474 6450541

cpu  347722 25503 636086 379750911 40570 0 400714 0 0 0
cpu0 70340 8456 121789 94949589 9194 0 85684 0 0 0
cpu1 113927 9074 245042 94818075 10096 0 131802 0 0 0
cpu2 85508 2509 143443 94997919 10479 0 96136 0 0 0
cpu3 77945 5462 125810 94985326 10799 0 87090 0 0 0
intr 8247424997 0 0 1489187 81 0 439806 15913163 0 0 0 6558948 0 0 0 0 0 0 0 0 0 0 0 0 0 0 0 0 0 0 0 0 0 0 0 0 0 0 0 0 0 0 0 0 0 0 0 0 0 0 0 0 3525934689 0 0 0 0 0 0 0 0 184792 0 199038 0 0 0 0 0 0 0 0 0 0 0 348094495 1 0 0 0 0 0 0 0 0 0 0 0 0 0 0 0 0 0 0 0 0 0 0 191340 4219 0 0 0 0 6769923 0 0 0 0 0 0 0 0 0 0 0 0 0 0 0 0 0 0 0 0 0 0 0 0 0 0 0 0 0 0 0 0 0 0 0 0 0 0 0 0 0 0 0 0 0 0 0 0 0 0 0 0 0 0 0 0 0 0 0 0 0 0 0 0 0 0 0 0 0 0 0 0 0 0 0 46678021 0 0 0
ctxt 114383411
btime 1669654930
processes 351241
procs_running 2
procs_blocked 0
softirq 219615524 142036954 18513484 397131 7584515 199033 0 23835436 20597943 474 6450554

cpu  347724 25503 636087 379751105 40570 0 400714 0 0 0
cpu0 70340 8456 121789 94949639 9194 0 85684 0 0 0
cpu1 113928 9074 245044 94818121 10096 0 131802 0 0 0
cpu2 85508 2509 143443 94997969 10479 0 96136 0 0 0
cpu3 77945 5462 125810 94985375 10799 0 87090 0 0 0
intr 8247429723 0 0 1489195 81 0 439806 15913193 0 0 0 6558953 0 0 0 0 0 0 0 0 0 0 0 0 0 0 0 0 0 0 0 0 0 0 0 0 0 0 0 0 0 0 0 0 0 0 0 0 0 0 0 0 3525938709 0 0 0 0 0 0 0 0 184793 0 199038 0 0 0 0 0 0 0 0 0 0 0 348094647 1 0 0 0 0 0 0 0 0 0 0 0 0 0 0 0 0 0 0 0 0 0 0 191340 4219 0 0 0 0 6769938 0 0 0 0 0 0 0 0 0 0 0 0 0 0 0 0 0 0 0 0 0 0 0 0 0 0 0 0 0 0 0 0 0 0 0 0 0 0 0 0 0 0 0 0 0 0 0 0 0 0 0 0 0 0 0 0 0 0 0 0 0 0 0 0 0 0 0 0 0 0 0 0 0 0 0 46678514 0 0 0
ctxt 114384408
btime 1669654930
processes 351241
procs_running 1
procs_blocked 0
softirq 219615599 142036962 18513497 397131 7584516 199033 0 23835451 20597969 474 6450566

cpu  347724 25503 636090 379751298 40570 0 400714 0 0 0
cpu0 70340 8456 121789 94949688 9194 0 85684 0 0 0
cpu1 113929 9074 245046 94818167 10096 0 131802 0 0 0
cpu2 85508 2509 143444 94998018 10479 0 96136 0 0 0
cpu3 77945 5462 125810 94985424 10799 0 87090 0 0 0
intr 8247434399 0 0 1489203 81 0 439806 15913218 0 0 0 6558958 0 0 0 0 0 0 0 0 0 0 0 0 0 0 0 0 0 0 0 0 0 0 0 0 0 0 0 0 0 0 0 0 0 0 0 0 0 0 0 0 3525942706 0 0 0 0 0 0 0 0 184794 0 199038 0 0 0 0 0 0 0 0 0 0 0 348094777 1 0 0 0 0 0 0 0 0 0 0 0 0 0 0 0 0 0 0 0 0 0 0 191340 4219 0 0 0 0 6769953 0 0 0 0 0 0 0 0 0 0 0 0 0 0 0 0 0 0 0 0 0 0 0 0 0 0 0 0 0 0 0 0 0 0 0 0 0 0 0 0 0 0 0 0 0 0 0 0 0 0 0 0 0 0 0 0 0 0 0 0 0 0 0 0 0 0 0 0 0 0 0 0 0 0 0 46679010 0 0 0
ctxt 114385404
btime 1669654930
processes 351241
procs_running 1
procs_blocked 0
softirq 219615669 142036962 18513511 397131 7584517 199033 0 23835465 20597997 474 6450579

cpu  347725 25503 636092 379751492 40570 0 400714 0 0 0
cpu0 70340 8456 121789 94949737 9194 0 85684 0 0 0
cpu1 113930 9074 245048 94818212 10096 0 131802 0 0 0
cpu2 85508 2509 143444 94998067 10479 0 96136 0 0 0
cpu3 77945 5462 125810 94985474 10799 0 87090 0 0 0
intr 8247439174 0 0 1489211 81 0 439806 15913264 0 0 0 6558963 0 0 0 0 0 0 0 0 0 0 0 0 0 0 0 0 0 0 0 0 0 0 0 0 0 0 0 0 0 0 0 0 0 0 0 0 0 0 0 0 3525946735 0 0 0 0 0 0 0 0 184795 0 199038 0 0 0 0 0 0 0 0 0 0 0 348094929 1 0 0 0 0 0 0 0 0 0 0 0 0 0 0 0 0 0 0 0 0 0 0 191340 4219 0 0 0 0 6769985 0 0 0 0 0 0 0 0 0 0 0 0 0 0 0 0 0 0 0 0 0 0 0 0 0 0 0 0 0 0 0 0 0 0 0 0 0 0 0 0 0 0 0 0 0 0 0 0 0 0 0 0 0 0 0 0 0 0 0 0 0 0 0 0 0 0 0 0 0 0 0 0 0 0 0 46679512 0 0 0
ctxt 114386445
btime 1669654930
processes 351241
procs_running 1
procs_blocked 0
softirq 219615771 142036970 18513528 397132 7584520 199033 0 23835494 20598027 474 6450593

cpu  347726 25503 636092 379751686 40570 0 400714 0 0 0
cpu0 70340 8456 121789 94949786 9194 0 85684 0 0 0
cpu1 113931 9074 245048 94818258 10096 0 131802 0 0 0
cpu2 85508 2509 143444 94998117 10479 0 96136 0 0 0
cpu3 77945 5462 125810 94985523 10799 0 87090 0 0 0
intr 8247443846 0 0 1489220 81 0 439806 15913288 0 0 0 6558968 0 0 0 0 0 0 0 0 0 0 0 0 0 0 0 0 0 0 0 0 0 0 0 0 0 0 0 0 0 0 0 0 0 0 0 0 0 0 0 0 3525950732 0 0 0 0 0 0 0 0 184796 0 199038 0 0 0 0 0 0 0 0 0 0 0 348095059 1 0 0 0 0 0 0 0 0 0 0 0 0 0 0 0 0 0 0 0 0 0 0 191340 4219 0 0 0 0 6770000 0 0 0 0 0 0 0 0 0 0 0 0 0 0 0 0 0 0 0 0 0 0 0 0 0 0 0 0 0 0 0 0 0 0 0 0 0 0 0 0 0 0 0 0 0 0 0 0 0 0 0 0 0 0 0 0 0 0 0 0 0 0 0 0 0 0 0 0 0 0 0 0 0 0 0 46680003 0 0 0
ctxt 114387431
btime 1669654930
processes 351241
procs_running 1
procs_blocked 0
softirq 219615839 142036970 18513542 397132 7584521 199033 0 23835508 20598052 474 6450607

cpu  347727 25503 636097 379751876 40570 0 400714 0 0 0
cpu0 70340 8456 121789 94949836 9194 0 85684 0 0 0
cpu1 113931 9074 245050 94818303 10096 0 131802 0 0 0
cpu2 85508 2509 143444 94998166 10479 0 96136 0 0 0
cpu3 77946 5462 125812 94985570 10799 0 87090 0 0 0
intr 8247448649 0 0 1489224 81 0 439806 15913347 0 0 0 6558973 0 0 0 0 0 0 0 0 0 0 0 0 0 0 0 0 0 0 0 0 0 0 0 0 0 0 0 0 0 0 0 0 0 0 0 0 0 0 0 0 3525954761 0 0 0 0 0 0 0 0 184799 0 199038 0 0 0 0 0 0 0 0 0 0 0 348095211 1 0 0 0 0 0 0 0 0 0 0 0 0 0 0 0 0 0 0 0 0 0 0 191340 4219 0 0 0 0 6770034 0 0 0 0 0 0 0 0 0 0 0 0 0 0 0 0 0 0 0 0 0 0 0 0 0 0 0 0 0 0 0 0 0 0 0 0 0 0 0 0 0 0 0 0 0 0 0 0 0 0 0 0 0 0 0 0 0 0 0 0 0 0 0 0 0 0 0 0 0 0 0 0 0 0 0 46680520 0 0 0
ctxt 114388554
btime 1669654930
processes 351241
procs_running 1
procs_blocked 0
softirq 219615975 142036978 18513564 397132 7584524 199033 0 23835540 20598092 474 6450638

cpu  347728 25503 636099 379752069 40570 0 400714 0 0 0
cpu0 70340 8456 121789 94949885 9194 0 85684 0 0 0
cpu1 113932 9074 245052 94818349 10096 0 131802 0 0 0
cpu2 85508 2509 143444 94998215 10479 0 96136 0 0 0
cpu3 77946 5462 125812 94985619 10799 0 87090 0 0 0
intr 8247453318 0 0 1489232 81 0 439806 15913367 0 0 0 6558978 0 0 0 0 0 0 0 0 0 0 0 0 0 0 0 0 0 0 0 0 0 0 0 0 0 0 0 0 0 0 0 0 0 0 0 0 0 0 0 0 3525958757 0 0 0 0 0 0 0 0 184800 0 199038 0 0 0 0 0 0 0 0 0 0 0 348095341 1 0 0 0 0 0 0 0 0 0 0 0 0 0 0 0 0 0 0 0 0 0 0 191340 4219 0 0 0 0 6770049 0 0 0 0 0 0 0 0 0 0 0 0 0 0 0 0 0 0 0 0 0 0 0 0 0 0 0 0 0 0 0 0 0 0 0 0 0 0 0 0 0 0 0 0 0 0 0 0 0 0 0 0 0 0 0 0 0 0 0 0 0 0 0 0 0 0 0 0 0 0 0 0 0 0 0 46681014 0 0 0
ctxt 114389542
btime 1669654930
processes 351241
procs_running 1
procs_blocked 0
softirq 219616040 142036978 18513577 397132 7584525 199033 0 23835554 20598116 474 6450651

cpu  347728 25503 636101 379752263 40570 0 400714 0 0 0
cpu0 70340 8456 121789 94949934 9194 0 85684 0 0 0
cpu1 113932 9074 245054 94818394 10096 0 131802 0 0 0
cpu2 85508 2509 143444 94998264 10479 0 96136 0 0 0
cpu3 77946 5462 125812 94985668 10799 0 87090 0 0 0
intr 8247458056 0 0 1489240 81 0 439806 15913396 0 0 0 6558983 0 0 0 0 0 0 0 0 0 0 0 0 0 0 0 0 0 0 0 0 0 0 0 0 0 0 0 0 0 0 0 0 0 0 0 0 0 0 0 0 3525962784 0 0 0 0 0 0 0 0 184801 0 199038 0 0 0 0 0 0 0 0 0 0 0 348095493 1 0 0 0 0 0 0 0 0 0 0 0 0 0 0 0 0 0 0 0 0 0 0 191340 4219 0 0 0 0 6770064 0 0 0 0 0 0 0 0 0 0 0 0 0 0 0 0 0 0 0 0 0 0 0 0 0 0 0 0 0 0 0 0 0 0 0 0 0 0 0 0 0 0 0 0 0 0 0 0 0 0 0 0 0 0 0 0 0 0 0 0 0 0 0 0 0 0 0 0 0 0 0 0 0 0 0 46681516 0 0 0
ctxt 114390549
btime 1669654930
processes 351241
procs_running 2
procs_blocked 0
softirq 219616115 142036986 18513590 397132 7584526 199033 0 23835567 20598143 474 6450664

cpu  347730 25503 636102 379752457 40570 0 400714 0 0 0
cpu0 70340 8456 121789 94949984 9194 0 85684 0 0 0
cpu1 113934 9074 245054 94818440 10096 0 131802 0 0 0
cpu2 85508 2509 143444 94998314 10479 0 96136 0 0 0
cpu3 77946 5462 125812 94985718 10799 0 87090 0 0 0
intr 8247462732 0 0 1489249 81 0 439806 15913418 0 0 0 6558988 0 0 0 0 0 0 0 0 0 0 0 0 0 0 0 0 0 0 0 0 0 0 0 0 0 0 0 0 0 0 0 0 0 0 0 0 0 0 0 0 3525966780 0 0 0 0 0 0 0 0 184802 0 199038 0 0 0 0 0 0 0 0 0 0 0 348095623 1 0 0 0 0 0 0 0 0 0 0 0 0 0 0 0 0 0 0 0 0 0 0 191340 4219 0 0 0 0 6770079 0 0 0 0 0 0 0 0 0 0 0 0 0 0 0 0 0 0 0 0 0 0 0 0 0 0 0 0 0 0 0 0 0 0 0 0 0 0 0 0 0 0 0 0 0 0 0 0 0 0 0 0 0 0 0 0 0 0 0 0 0 0 0 0 0 0 0 0 0 0 0 0 0 0 0 46682012 0 0 0
ctxt 114391538
btime 1669654930
processes 351241
procs_running 2
procs_blocked 0
softirq 219616184 142036986 18513604 397132 7584527 199033 0 23835581 20598169 474 6450678
