cpu  351372 25503 646677 380577756 40682 0 400888 0 0 0
cpu0 70880 8456 122791 95159879 9208 0 85726 0 0 0
cpu1 115986 9074 252650 95013943 10142 0 131853 0 0 0
cpu2 85964 2509 144315 95208457 10527 0 96182 0 0 0
cpu3 78541 5462 126920 95195476 10804 0 87126 0 0 0
intr 8267696412 0 0 1508595 81 0 442385 16064257 0 0 0 6579882 0 0 0 0 0 0 0 0 0 0 0 0 0 0 0 0 0 0 0 0 0 0 0 0 0 0 0 0 0 0 0 0 0 0 0 0 0 0 0 0 3543154531 0 0 0 0 0 0 0 0 190194 0 200268 0 0 0 0 0 0 0 0 0 0 0 348705491 1 0 0 0 0 0 0 0 0 0 0 0 0 0 0 0 0 0 0 0 0 0 0 192570 4219 0 0 0 0 6873461 0 0 0 0 0 0 0 0 0 0 0 0 0 0 0 0 0 0 0 0 0 0 0 0 0 0 0 0 0 0 0 0 0 0 0 0 0 0 0 0 0 0 0 0 0 0 0 0 0 0 0 0 0 0 0 0 0 0 0 0 0 0 0 0 0 0 0 0 0 0 0 0 0 0 0 48813183 0 0 0
ctxt 118784404
btime 1669654930
processes 352859
procs_running 1
procs_blocked 0
softirq 220015915 142064602 18582928 397597 7592778 200263 0 23931841 20720289 474 6525143

cpu  351372 25503 646680 380577950 40682 0 400888 0 0 0
cpu0 70880 8456 122792 95159929 9208 0 85726 0 0 0
cpu1 115986 9074 252652 95013989 10142 0 131853 0 0 0
cpu2 85964 2509 144315 95208506 10527 0 96182 0 0 0
cpu3 78541 5462 126920 95195525 10804 0 87126 0 0 0
intr 8267701139 0 0 1508595 81 0 442385 16064283 0 0 0 6579887 0 0 0 0 0 0 0 0 0 0 0 0 0 0 0 0 0 0 0 0 0 0 0 0 0 0 0 0 0 0 0 0 0 0 0 0 0 0 0 0 3543158569 0 0 0 0 0 0 0 0 190195 0 200268 0 0 0 0 0 0 0 0 0 0 0 348705644 1 0 0 0 0 0 0 0 0 0 0 0 0 0 0 0 0 0 0 0 0 0 0 192570 4219 0 0 0 0 6873476 0 0 0 0 0 0 0 0 0 0 0 0 0 0 0 0 0 0 0 0 0 0 0 0 0 0 0 0 0 0 0 0 0 0 0 0 0 0 0 0 0 0 0 0 0 0 0 0 0 0 0 0 0 0 0 0 0 0 0 0 0 0 0 0 0 0 0 0 0 0 0 0 0 0 0 48813671 0 0 0
ctxt 118785398
btime 1669654930
processes 352859
procs_running 1
procs_blocked 0
softirq 220015986 142064610 18582941 397597 7592779 200263 0 23931855 20720314 474 6525153

cpu  351372 25503 646681 380578143 40682 0 400888 0 0 0
cpu0 70880 8456 122792 95159978 9208 0 85726 0 0 0
cpu1 115987 9074 252652 95014034 10142 0 131853 0 0 0
cpu2 85964 2509 144315 95208556 10527 0 96182 0 0 0
cpu3 78541 5462 126920 95195574 10804 0 87126 0 0 0
intr 8267705790 0 0 1508595 81 0 442385 16064307 0 0 0 6579892 0 0 0 0 0 0 0 0 0 0 0 0 0 0 0 0 0 0 0 0 0 0 0 0 0 0 0 0 0 0 0 0 0 0 0 0 0 0 0 0 3543162565 0 0 0 0 0 0 0 0 190196 0 200268 0 0 0 0 0 0 0 0 0 0 0 348705774 1 0 0 0 0 0 0 0 0 0 0 0 0 0 0 0 0 0 0 0 0 0 0 192570 4219 0 0 0 0 6873491 0 0 0 0 0 0 0 0 0 0 0 0 0 0 0 0 0 0 0 0 0 0 0 0 0 0 0 0 0 0 0 0 0 0 0 0 0 0 0 0 0 0 0 0 0 0 0 0 0 0 0 0 0 0 0 0 0 0 0 0 0 0 0 0 0 0 0 0 0 0 0 0 0 0 0 48814151 0 0 0
ctxt 118786381
btime 1669654930
processes 352859
procs_running 1
procs_blocked 0
softirq 220016045 142064610 18582954 397597 7592780 200263 0 23931869 20720337 474 6525161

cpu  351372 25503 646683 380578337 40682 0 400888 0 0 0
cpu0 70880 8456 122792 95160027 9208 0 85726 0 0 0
cpu1 115987 9074 252655 95014080 10142 0 131853 0 0 0
cpu2 85964 2509 144315 95208605 10527 0 96182 0 0 0
cpu3 78541 5462 126920 95195623 10804 0 87126 0 0 0
intr 8267710506 0 0 1508596 81 0 442385 16064337 0 0 0 6579897 0 0 0 0 0 0 0 0 0 0 0 0 0 0 0 0 0 0 0 0 0 0 0 0 0 0 0 0 0 0 0 0 0 0 0 0 0 0 0 0 3543166591 0 0 0 0 0 0 0 0 190197 0 200268 0 0 0 0 0 0 0 0 0 0 0 348705926 1 0 0 0 0 0 0 0 0 0 0 0 0 0 0 0 0 0 0 0 0 0 0 192570 4219 0 0 0 0 6873506 0 0 0 0 0 0 0 0 0 0 0 0 0 0 0 0 0 0 0 0 0 0 0 0 0 0 0 0 0 0 0 0 0 0 0 0 0 0 0 0 0 0 0 0 0 0 0 0 0 0 0 0 0 0 0 0 0 0 0 0 0 0 0 0 0 0 0 0 0 0 0 0 0 0 0 48814636 0 0 0
ctxt 118787374
btime 1669654930
processes 352859
procs_running 1
procs_blocked 0
softirq 220016114 142064618 18582969 397597 7592781 200263 0 23931882 20720360 474 6525170

cpu  351374 25503 646688 380578527 40682 0 400888 0 0 0
cpu0 70880 8456 122792 95160076 9208 0 85726 0 0 0
cpu1 115987 9074 252657 95014126 10142 0 131853 0 0 0
cpu2 85965 2509 144318 95208651 10527 0 96182 0 0 0
cpu3 78541 5462 126920 95195672 10804 0 87126 0 0 0
intr 8267715273 0 0 1508600 81 0 442385 16064397 0 0 0 6579902 0 0 0 0 0 0 0 0 0 0 0 0 0 0 0 0 0 0 0 0 0 0 0 0 0 0 0 0 0 0 0 0 0 0 0 0 0 0 0 0 3543170588 0 0 0 0 0 0 0 0 190199 0 200268 0 0 0 0 0 0 0 0 0 0 0 348706056 1 0 0 0 0 0 0 0 0 0 0 0 0 0 0 0 0 0 0 0 0 0 0 192570 4219 0 0 0 0 6873553 0 0 0 0 0 0 0 0 0 0 0 0 0 0 0 0 0 0 0 0 0 0 0 0 0 0 0 0 0 0 0 0 0 0 0 0 0 0 0 0 0 0 0 0 0 0 0 0 0 0 0 0 0 0 0 0 0 0 0 0 0 0 0 0 0 0 0 0 0 0 0 0 0 0 0 48815159 0 0 0
ctxt 118788511
btime 1669654930
processes 352859
procs_running 1
procs_blocked 0
softirq 220016258 142064618 18582994 397597 7592784 200263 0 23931923 20720401 474 6525204

cpu  351374 25503 646689 380578720 40682 0 400888 0 0 0
cpu0 70880 8456 122792 95160126 9208 0 85726 0 0 0
cpu1 115987 9074 252658 95014172 10142 0 131853 0 0 0
cpu2 85965 2509 144318 95208700 10527 0 96182 0 0 0
cpu3 78541 5462 126920 95195721 10804 0 87126 0 0 0
intr 8267719989 0 0 1508604 81 0 442385 16064428 0 0 0 6579907 0 0 0 0 0 0 0 0 0 0 0 0 0 0 0 0 0 0 0 0 0 0 0 0 0 0 0 0 0 0 0 0 0 0 0 0 0 0 0 0 3543174613 0 0 0 0 0 0 0 0 190200 0 200268 0 0 0 0 0 0 0 0 0 0 0 348706208 1 0 0 0 0 0 0 0 0 0 0 0 0 0 0 0 0 0 0 0 0 0 0 192570 4219 0 0 0 0 6873568 0 0 0 0 0 0 0 0 0 0 0 0 0 0 0 0 0 0 0 0 0 0 0 0 0 0 0 0 0 0 0 0 0 0 0 0 0 0 0 0 0 0 0 0 0 0 0 0 0 0 0 0 0 0 0 0 0 0 0 0 0 0 0 0 0 0 0 0 0 0 0 0 0 0 0 48815642 0 0 0
ctxt 118789510
btime 1669654930
processes 352859
procs_running 1
procs_blocked 0
softirq 220016323 142064626 18583008 397597 7592785 200263 0 23931938 20720420 474 6525212

cpu  351375 25503 646692 380578914 40682 0 400888 0 0 0
cpu0 70880 8456 122792 95160175 9208 0 85726 0 0 0
cpu1 115988 9074 252661 95014218 10142 0 131853 0 0 0
cpu2 85966 2509 144318 95208750 10527 0 96182 0 0 0
cpu3 78541 5462 126920 95195770 10804 0 87126 0 0 0
intr 8267724673 0 0 1508612 81 0 442385 16064453 0 0 0 6579912 0 0 0 0 0 0 0 0 0 0 0 0 0 0 0 0 0 0 0 0 0 0 0 0 0 0 0 0 0 0 0 0 0 0 0 0 0 0 0 0 3543178618 0 0 0 0 0 0 0 0 190201 0 200268 0 0 0 0 0 0 0 0 0 0 0 348706338 1 0 0 0 0 0 0 0 0 0 0 0 0 0 0 0 0 0 0 0 0 0 0 192570 4219 0 0 0 0 6873583 0 0 0 0 0 0 0 0 0 0 0 0 0 0 0 0 0 0 0 0 0 0 0 0 0 0 0 0 0 0 0 0 0 0 0 0 0 0 0 0 0 0 0 0 0 0 0 0 0 0 0 0 0 0 0 0 0 0 0 0 0 0 0 0 0 0 0 0 0 0 0 0 0 0 0 48816137 0 0 0
ctxt 118790497
btime 1669654930
processes 352859
procs_running 1
procs_blocked 0
softirq 220016389 142064626 18583024 397597 7592786 200263 0 23931952 20720447 474 6525220

cpu  351376 25503 646693 380579108 40682 0 400888 0 0 0
cpu0 70880 8456 122792 95160225 9208 0 85726 0 0 0
cpu1 115988 9074 252662 95014264 10142 0 131853 0 0 0
cpu2 85966 2509 144318 95208799 10527 0 96182 0 0 0
cpu3 78541 5462 126921 95195819 10804 0 87126 0 0 0
intr 8267729402 0 0 1508617 81 0 442385 16064487 0 0 0 6579917 0 0 0 0 0 0 0 0 0 0 0 0 0 0 0 0 0 0 0 0 0 0 0 0 0 0 0 0 0 0 0 0 0 0 0 0 0 0 0 0 3543182640 0 0 0 0 0 0 0 0 190202 0 200268 0 0 0 0 0 0 0 0 0 0 0 348706490 1 0 0 0 0 0 0 0 0 0 0 0 0 0 0 0 0 0 0 0 0 0 0 192570 4219 0 0 0 0 6873602 0 0 0 0 0 0 0 0 0 0 0 0 0 0 0 0 0 0 0 0 0 0 0 0 0 0 0 0 0 0 0 0 0 0 0 0 0 0 0 0 0 0 0 0 0 0 0 0 0 0 0 0 0 0 0 0 0 0 0 0 0 0 0 0 0 0 0 0 0 0 0 0 0 0 0 48816628 0 0 0
ctxt 118791498
btime 1669654930
processes 352859
procs_running 1
procs_blocked 0
softirq 220016468 142064634 18583040 397597 7592788 200263 0 23931971 20720474 474 6525227

cpu  351376 25503 646696 380579301 40682 0 400888 0 0 0
cpu0 70880 8456 122792 95160274 9208 0 85726 0 0 0
cpu1 115988 9074 252664 95014309 10142 0 131853 0 0 0
cpu2 85966 2509 144319 95208848 10527 0 96182 0 0 0
cpu3 78542 5462 126921 95195868 10804 0 87126 0 0 0
intr 8267734064 0 0 1508621 81 0 442385 16064509 0 0 0 6579922 0 0 0 0 0 0 0 0 0 0 0 0 0 0 0 0 0 0 0 0 0 0 0 0 0 0 0 0 0 0 0 0 0 0 0 0 0 0 0 0 3543186637 0 0 0 0 0 0 0 0 190203 0 200268 0 0 0 0 0 0 0 0 0 0 0 348706620 1 0 0 0 0 0 0 0 0 0 0 0 0 0 0 0 0 0 0 0 0 0 0 192570 4219 0 0 0 0 6873617 0 0 0 0 0 0 0 0 0 0 0 0 0 0 0 0 0 0 0 0 0 0 0 0 0 0 0 0 0 0 0 0 0 0 0 0 0 0 0 0 0 0 0 0 0 0 0 0 0 0 0 0 0 0 0 0 0 0 0 0 0 0 0 0 0 0 0 0 0 0 0 0 0 0 0 48817117 0 0 0
ctxt 118792477
btime 1669654930
processes 352859
procs_running 2
procs_blocked 0
softirq 220016528 142064634 18583054 397597 7592789 200263 0 23931985 20720497 474 6525235

cpu  351376 25503 646697 380579495 40682 0 400888 0 0 0
cpu0 70880 8456 122792 95160323 9208 0 85726 0 0 0
cpu1 115988 9074 252664 95014355 10142 0 131853 0 0 0
cpu2 85966 2509 144319 95208898 10527 0 96182 0 0 0
cpu3 78542 5462 126921 95195917 10804 0 87126 0 0 0
intr 8267738781 0 0 1508625 81 0 442385 16064540 0 0 0 6579927 0 0 0 0 0 0 0 0 0 0 0 0 0 0 0 0 0 0 0 0 0 0 0 0 0 0 0 0 0 0 0 0 0 0 0 0 0 0 0 0 3543190663 0 0 0 0 0 0 0 0 190204 0 200268 0 0 0 0 0 0 0 0 0 0 0 348706772 1 0 0 0 0 0 0 0 0 0 0 0 0 0 0 0 0 0 0 0 0 0 0 192570 4219 0 0 0 0 6873632 0 0 0 0 0 0 0 0 0 0 0 0 0 0 0 0 0 0 0 0 0 0 0 0 0 0 0 0 0 0 0 0 0 0 0 0 0 0 0 0 0 0 0 0 0 0 0 0 0 0 0 0 0 0 0 0 0 0 0 0 0 0 0 0 0 0 0 0 0 0 0 0 0 0 0 48817599 0 0 0
ctxt 118793474
btime 1669654930
processes 352859
procs_running 1
procs_blocked 0
softirq 220016590 142064642 18583067 397597 7592790 200263 0 23931999 20720516 474 6525242

cpu  351380 25503 646699 380579683 40683 0 400889 0 0 0
cpu0 70882 8456 122793 95160369 9208 0 85726 0 0 0
cpu1 115989 9074 252665 95014400 10143 0 131853 0 0 0
cpu2 85966 2509 144319 95208947 10527 0 96182 0 0 0
cpu3 78542 5462 126921 95195966 10804 0 87126 0 0 0
intr 8267743550 0 0 1508633 81 0 442385 16064605 0 0 0 6579932 0 0 0 0 0 0 0 0 0 0 0 0 0 0 0 0 0 0 0 0 0 0 0 0 0 0 0 0 0 0 0 0 0 0 0 0 0 0 0 0 3543194659 0 0 0 0 0 0 0 0 190206 0 200270 0 0 0 0 0 0 0 0 0 0 0 348706900 1 0 0 0 0 0 0 0 0 0 0 0 0 0 0 0 0 0 0 0 0 0 0 192572 4219 0 0 0 0 6873675 0 0 0 0 0 0 0 0 0 0 0 0 0 0 0 0 0 0 0 0 0 0 0 0 0 0 0 0 0 0 0 0 0 0 0 0 0 0 0 0 0 0 0 0 0 0 0 0 0 0 0 0 0 0 0 0 0 0 0 0 0 0 0 0 0 0 0 0 0 0 0 0 0 0 0 48818116 0 0 0
ctxt 118794598
btime 1669654930
processes 352860
procs_running 1
procs_blocked 0
softirq 220016749 142064642 18583094 397598 7592793 200265 0 23932043 20720555 474 6525285

cpu  351380 25503 646701 380579877 40683 0 400889 0 0 0
cpu0 70882 8456 122793 95160419 9208 0 85726 0 0 0
cpu1 115989 9074 252666 95014446 10143 0 131853 0 0 0
cpu2 85966 2509 144319 95208996 10527 0 96182 0 0 0
cpu3 78542 5462 126921 95196015 10804 0 87126 0 0 0
intr 8267748267 0 0 1508638 81 0 442385 16064632 0 0 0 6579937 0 0 0 0 0 0 0 0 0 0 0 0 0 0 0 0 0 0 0 0 0 0 0 0 0 0 0 0 0 0 0 0 0 0 0 0 0 0 0 0 3543198686 0 0 0 0 0 0 0 0 190207 0 200270 0 0 0 0 0 0 0 0 0 0 0 348707052 1 0 0 0 0 0 0 0 0 0 0 0 0 0 0 0 0 0 0 0 0 0 0 192572 4219 0 0 0 0 6873690 0 0 0 0 0 0 0 0 0 0 0 0 0 0 0 0 0 0 0 0 0 0 0 0 0 0 0 0 0 0 0 0 0 0 0 0 0 0 0 0 0 0 0 0 0 0 0 0 0 0 0 0 0 0 0 0 0 0 0 0 0 0 0 0 0 0 0 0 0 0 0 0 0 0 0 48818602 0 0 0
ctxt 118795598
btime 1669654930
processes 352860
procs_running 1
procs_blocked 0
softirq 220016815 142064650 18583109 397598 7592794 200265 0 23932056 20720576 474 6525293

cpu  351380 25503 646702 380580071 40683 0 400889 0 0 0
cpu0 70882 8456 122793 95160468 9208 0 85726 0 0 0
cpu1 115989 9074 252667 95014492 10143 0 131853 0 0 0
cpu2 85966 2509 144320 95209045 10527 0 96182 0 0 0
cpu3 78542 5462 126921 95196064 10804 0 87126 0 0 0
intr 8267752922 0 0 1508642 81 0 442385 16064654 0 0 0 6579942 0 0 0 0 0 0 0 0 0 0 0 0 0 0 0 0 0 0 0 0 0 0 0 0 0 0 0 0 0 0 0 0 0 0 0 0 0 0 0 0 3543202683 0 0 0 0 0 0 0 0 190208 0 200270 0 0 0 0 0 0 0 0 0 0 0 348707182 1 0 0 0 0 0 0 0 0 0 0 0 0 0 0 0 0 0 0 0 0 0 0 192572 4219 0 0 0 0 6873705 0 0 0 0 0 0 0 0 0 0 0 0 0 0 0 0 0 0 0 0 0 0 0 0 0 0 0 0 0 0 0 0 0 0 0 0 0 0 0 0 0 0 0 0 0 0 0 0 0 0 0 0 0 0 0 0 0 0 0 0 0 0 0 0 0 0 0 0 0 0 0 0 0 0 0 48819083 0 0 0
ctxt 118796583
btime 1669654930
processes 352860
procs_running 1
procs_blocked 0
softirq 220016869 142064650 18583122 397598 7592795 200265 0 23932070 20720595 474 6525300

cpu  351380 25503 646704 380580265 40683 0 400889 0 0 0
cpu0 70882 8456 122793 95160518 9208 0 85726 0 0 0
cpu1 115989 9074 252669 95014538 10143 0 131853 0 0 0
cpu2 85966 2509 144320 95209095 10527 0 96182 0 0 0
cpu3 78542 5462 126921 95196113 10804 0 87126 0 0 0
intr 8267757640 0 0 1508646 81 0 442385 16064683 0 0 0 6579947 0 0 0 0 0 0 0 0 0 0 0 0 0 0 0 0 0 0 0 0 0 0 0 0 0 0 0 0 0 0 0 0 0 0 0 0 0 0 0 0 3543206712 0 0 0 0 0 0 0 0 190209 0 200270 0 0 0 0 0 0 0 0 0 0 0 348707334 1 0 0 0 0 0 0 0 0 0 0 0 0 0 0 0 0 0 0 0 0 0 0 192572 4219 0 0 0 0 6873720 0 0 0 0 0 0 0 0 0 0 0 0 0 0 0 0 0 0 0 0 0 0 0 0 0 0 0 0 0 0 0 0 0 0 0 0 0 0 0 0 0 0 0 0 0 0 0 0 0 0 0 0 0 0 0 0 0 0 0 0 0 0 0 0 0 0 0 0 0 0 0 0 0 0 0 48819565 0 0 0
ctxt 118797575
btime 1669654930
processes 352860
procs_running 1
procs_blocked 0
softirq 220016936 142064658 18583137 397598 7592796 200265 0 23932085 20720615 474 6525308

cpu  351381 25503 646706 380580458 40683 0 400889 0 0 0
cpu0 70882 8456 122793 95160567 9208 0 85726 0 0 0
cpu1 115989 9074 252671 95014583 10143 0 131853 0 0 0
cpu2 85966 2509 144320 95209144 10527 0 96182 0 0 0
cpu3 78543 5462 126921 95196162 10804 0 87126 0 0 0
intr 8267762302 0 0 1508650 81 0 442385 16064706 0 0 0 6579952 0 0 0 0 0 0 0 0 0 0 0 0 0 0 0 0 0 0 0 0 0 0 0 0 0 0 0 0 0 0 0 0 0 0 0 0 0 0 0 0 3543210709 0 0 0 0 0 0 0 0 190210 0 200270 0 0 0 0 0 0 0 0 0 0 0 348707464 1 0 0 0 0 0 0 0 0 0 0 0 0 0 0 0 0 0 0 0 0 0 0 192572 4219 0 0 0 0 6873735 0 0 0 0 0 0 0 0 0 0 0 0 0 0 0 0 0 0 0 0 0 0 0 0 0 0 0 0 0 0 0 0 0 0 0 0 0 0 0 0 0 0 0 0 0 0 0 0 0 0 0 0 0 0 0 0 0 0 0 0 0 0 0 0 0 0 0 0 0 0 0 0 0 0 0 48820053 0 0 0
ctxt 118798554
btime 1669654930
processes 352860
procs_running 1
procs_blocked 0
softirq 220017000 142064658 18583152 397598 7592797 200265 0 23932099 20720641 474 6525316

cpu  351381 25503 646708 380580652 40683 0 400889 0 0 0
cpu0 70882 8456 122793 95160617 9208 0 85726 0 0 0
cpu1 115990 9074 252673 95014629 10143 0 131853 0 0 0
cpu2 85966 2509 144320 95209194 10527 0 96182 0 0 0
cpu3 78543 5462 126921 95196211 10804 0 87126 0 0 0
intr 8267767025 0 0 1508655 81 0 442385 16064734 0 0 0 6579957 0 0 0 0 0 0 0 0 0 0 0 0 0 0 0 0 0 0 0 0 0 0 0 0 0 0 0 0 0 0 0 0 0 0 0 0 0 0 0 0 3543214739 0 0 0 0 0 0 0 0 190211 0 200270 0 0 0 0 0 0 0 0 0 0 0 348707616 1 0 0 0 0 0 0 0 0 0 0 0 0 0 0 0 0 0 0 0 0 0 0 192572 4219 0 0 0 0 6873750 0 0 0 0 0 0 0 0 0 0 0 0 0 0 0 0 0 0 0 0 0 0 0 0 0 0 0 0 0 0 0 0 0 0 0 0 0 0 0 0 0 0 0 0 0 0 0 0 0 0 0 0 0 0 0 0 0 0 0 0 0 0 0 0 0 0 0 0 0 0 0 0 0 0 0 48820540 0 0 0
ctxt 118799552
btime 1669654930
processes 352860
procs_running 1
procs_blocked 0
softirq 220017069 142064666 18583167 397598 7592798 200265 0 23932113 20720664 474 6525324

cpu  351382 25503 646713 380580841 40683 0 400889 0 0 0
cpu0 70882 8456 122796 95160662 9208 0 85726 0 0 0
cpu1 115990 9074 252674 95014675 10143 0 131853 0 0 0
cpu2 85966 2509 144320 95209243 10527 0 96182 0 0 0
cpu3 78543 5462 126921 95196260 10804 0 87126 0 0 0
intr 8267771810 0 0 1508663 81 0 442385 16064803 0 0 0 6579962 0 0 0 0 0 0 0 0 0 0 0 0 0 0 0 0 0 0 0 0 0 0 0 0 0 0 0 0 0 0 0 0 0 0 0 0 0 0 0 0 3543218736 0 0 0 0 0 0 0 0 190213 0 200270 0 0 0 0 0 0 0 0 0 0 0 348707746 1 0 0 0 0 0 0 0 0 0 0 0 0 0 0 0 0 0 0 0 0 0 0 192572 4219 0 0 0 0 6873802 0 0 0 0 0 0 0 0 0 0 0 0 0 0 0 0 0 0 0 0 0 0 0 0 0 0 0 0 0 0 0 0 0 0 0 0 0 0 0 0 0 0 0 0 0 0 0 0 0 0 0 0 0 0 0 0 0 0 0 0 0 0 0 0 0 0 0 0 0 0 0 0 0 0 0 48821063 0 0 0
ctxt 118800655
btime 1669654930
processes 352860
procs_running 1
procs_blocked 0
softirq 220017233 142064666 18583197 397598 7592801 200265 0 23932159 20720705 474 6525368

cpu  351383 25503 646714 380581034 40683 0 400889 0 0 0
cpu0 70882 8456 122796 95160712 9208 0 85726 0 0 0
cpu1 115990 9074 252675 95014721 10143 0 131853 0 0 0
cpu2 85966 2509 144320 95209292 10527 0 96182 0 0 0
cpu3 78543 5462 126921 95196309 10804 0 87126 0 0 0
intr 8267776530 0 0 1508667 81 0 442385 16064834 0 0 0 6579967 0 0 0 0 0 0 0 0 0 0 0 0 0 0 0 0 0 0 0 0 0 0 0 0 0 0 0 0 0 0 0 0 0 0 0 0 0 0 0 0 3543222759 0 0 0 0 0 0 0 0 190214 0 200270 0 0 0 0 0 0 0 0 0 0 0 348707900 1 0 0 0 0 0 0 0 0 0 0 0 0 0 0 0 0 0 0 0 0 0 0 192572 4219 0 0 0 0 6873817 0 0 0 0 0 0 0 0 0 0 0 0 0 0 0 0 0 0 0 0 0 0 0 0 0 0 0 0 0 0 0 0 0 0 0 0 0 0 0 0 0 0 0 0 0 0 0 0 0 0 0 0 0 0 0 0 0 0 0 0 0 0 0 0 0 0 0 0 0 0 0 0 0 0 0 48821548 0 0 0
ctxt 118801650
btime 1669654930
processes 352860
procs_running 1
procs_blocked 0
softirq 220017314 142064676 18583213 397598 7592803 200265 0 23932177 20720729 474 6525379

cpu  351383 25503 646717 380581228 40683 0 400889 0 0 0
cpu0 70882 8456 122796 95160761 9208 0 85726 0 0 0
cpu1 115990 9074 252678 95014767 10143 0 131853 0 0 0
cpu2 85966 2509 144320 95209341 10527 0 96182 0 0 0
cpu3 78543 5462 126921 95196358 10804 0 87126 0 0 0
intr 8267781204 0 0 1508671 81 0 442385 16064858 0 0 0 6579972 0 0 0 0 0 0 0 0 0 0 0 0 0 0 0 0 0 0 0 0 0 0 0 0 0 0 0 0 0 0 0 0 0 0 0 0 0 0 0 0 3543226764 0 0 0 0 0 0 0 0 190215 0 200270 0 0 0 0 0 0 0 0 0 0 0 348708030 1 0 0 0 0 0 0 0 0 0 0 0 0 0 0 0 0 0 0 0 0 0 0 192572 4219 0 0 0 0 6873832 0 0 0 0 0 0 0 0 0 0 0 0 0 0 0 0 0 0 0 0 0 0 0 0 0 0 0 0 0 0 0 0 0 0 0 0 0 0 0 0 0 0 0 0 0 0 0 0 0 0 0 0 0 0 0 0 0 0 0 0 0 0 0 0 0 0 0 0 0 0 0 0 0 0 0 48822038 0 0 0
ctxt 118802640
btime 1669654930
processes 352860
procs_running 1
procs_blocked 0
softirq 220017375 142064676 18583227 397598 7592804 200265 0 23932191 20720752 474 6525388

cpu  351384 25503 646720 380581422 40683 0 400889 0 0 0
cpu0 70882 8456 122796 95160810 9208 0 85726 0 0 0
cpu1 115991 9074 252680 95014812 10143 0 131853 0 0 0
cpu2 85966 2509 144321 95209391 10527 0 96182 0 0 0
cpu3 78543 5462 126922 95196407 10804 0 87126 0 0 0
intr 8267785920 0 0 1508676 81 0 442385 16064887 0 0 0 6579977 0 0 0 0 0 0 0 0 0 0 0 0 0 0 0 0 0 0 0 0 0 0 0 0 0 0 0 0 0 0 0 0 0 0 0 0 0 0 0 0 3543230782 0 0 0 0 0 0 0 0 190216 0 200270 0 0 0 0 0 0 0 0 0 0 0 348708182 1 0 0 0 0 0 0 0 0 0 0 0 0 0 0 0 0 0 0 0 0 0 0 192572 4219 0 0 0 0 6873847 0 0 0 0 0 0 0 0 0 0 0 0 0 0 0 0 0 0 0 0 0 0 0 0 0 0 0 0 0 0 0 0 0 0 0 0 0 0 0 0 0 0 0 0 0 0 0 0 0 0 0 0 0 0 0 0 0 0 0 0 0 0 0 0 0 0 0 0 0 0 0 0 0 0 0 48822529 0 0 0
ctxt 118803643
btime 1669654930
processes 352860
procs_running 1
procs_blocked 0
softirq 220017448 142064684 18583245 397598 7592805 200265 0 23932205 20720775 474 6525397

cpu  351384 25503 646720 380581616 40683 0 400889 0 0 0
cpu0 70882 8456 122796 95160860 9208 0 85726 0 0 0
cpu1 115991 9074 252680 95014858 10143 0 131853 0 0 0
cpu2 85966 2509 144321 95209440 10527 0 96182 0 0 0
cpu3 78543 5462 126922 95196456 10804 0 87126 0 0 0
intr 8267790592 0 0 1508680 81 0 442385 16064909 0 0 0 6579982 0 0 0 0 0 0 0 0 0 0 0 0 0 0 0 0 0 0 0 0 0 0 0 0 0 0 0 0 0 0 0 0 0 0 0 0 0 0 0 0 3543234788 0 0 0 0 0 0 0 0 190217 0 200270 0 0 0 0 0 0 0 0 0 0 0 348708312 1 0 0 0 0 0 0 0 0 0 0 0 0 0 0 0 0 0 0 0 0 0 0 192572 4219 0 0 0 0 6873862 0 0 0 0 0 0 0 0 0 0 0 0 0 0 0 0 0 0 0 0 0 0 0 0 0 0 0 0 0 0 0 0 0 0 0 0 0 0 0 0 0 0 0 0 0 0 0 0 0 0 0 0 0 0 0 0 0 0 0 0 0 0 0 0 0 0 0 0 0 0 0 0 0 0 0 48823019 0 0 0
ctxt 118804634
btime 1669654930
processes 352860
procs_running 1
procs_blocked 0
softirq 220017511 142064684 18583261 397599 7592806 200265 0 23932219 20720796 474 6525407

cpu  351384 25503 646723 380581809 40683 0 400889 0 0 0
cpu0 70882 8456 122796 95160909 9208 0 85726 0 0 0
cpu1 115991 9074 252683 95014904 10143 0 131853 0 0 0
cpu2 85966 2509 144321 95209489 10527 0 96182 0 0 0
cpu3 78543 5462 126922 95196505 10804 0 87126 0 0 0
intr 8267795315 0 0 1508684 81 0 442385 16064937 0 0 0 6579987 0 0 0 0 0 0 0 0 0 0 0 0 0 0 0 0 0 0 0 0 0 0 0 0 0 0 0 0 0 0 0 0 0 0 0 0 0 0 0 0 3543238814 0 0 0 0 0 0 0 0 190218 0 200270 0 0 0 0 0 0 0 0 0 0 0 348708464 1 0 0 0 0 0 0 0 0 0 0 0 0 0 0 0 0 0 0 0 0 0 0 192572 4219 0 0 0 0 6873877 0 0 0 0 0 0 0 0 0 0 0 0 0 0 0 0 0 0 0 0 0 0 0 0 0 0 0 0 0 0 0 0 0 0 0 0 0 0 0 0 0 0 0 0 0 0 0 0 0 0 0 0 0 0 0 0 0 0 0 0 0 0 0 0 0 0 0 0 0 0 0 0 0 0 0 48823511 0 0 0
ctxt 118805635
btime 1669654930
processes 352860
procs_running 1
procs_blocked 0
softirq 220017584 142064692 18583275 397599 7592807 200265 0 23932234 20720821 474 6525417

cpu  351385 25503 646728 380581998 40683 0 400889 0 0 0
cpu0 70883 8456 122799 95160955 9208 0 85726 0 0 0
cpu1 115991 9074 252685 95014950 10143 0 131853 0 0 0
cpu2 85966 2509 144321 95209539 10527 0 96182 0 0 0
cpu3 78544 5462 126922 95196553 10804 0 87126 0 0 0
intr 8267800091 0 0 1508692 81 0 442385 16065002 0 0 0 6579992 0 0 0 0 0 0 0 0 0 0 0 0 0 0 0 0 0 0 0 0 0 0 0 0 0 0 0 0 0 0 0 0 0 0 0 0 0 0 0 0 3543242810 0 0 0 0 0 0 0 0 190220 0 200270 0 0 0 0 0 0 0 0 0 0 0 348708594 1 0 0 0 0 0 0 0 0 0 0 0 0 0 0 0 0 0 0 0 0 0 0 192572 4219 0 0 0 0 6873922 0 0 0 0 0 0 0 0 0 0 0 0 0 0 0 0 0 0 0 0 0 0 0 0 0 0 0 0 0 0 0 0 0 0 0 0 0 0 0 0 0 0 0 0 0 0 0 0 0 0 0 0 0 0 0 0 0 0 0 0 0 0 0 0 0 0 0 0 0 0 0 0 0 0 0 48824036 0 0 0
ctxt 118806745
btime 1669654930
processes 352860
procs_running 1
procs_blocked 0
softirq 220017733 142064692 18583300 397599 7592810 200265 0 23932274 20720858 474 6525461

cpu  351387 25503 646730 380582192 40683 0 400889 0 0 0
cpu0 70883 8456 122799 95161004 9208 0 85726 0 0 0
cpu1 115993 9074 252687 95014996 10143 0 131853 0 0 0
cpu2 85966 2509 144321 95209588 10527 0 96182 0 0 0
cpu3 78544 5462 126922 95196602 10804 0 87126 0 0 0
intr 8267804820 0 0 1508697 81 0 442385 16065033 0 0 0 6579997 0 0 0 0 0 0 0 0 0 0 0 0 0 0 0 0 0 0 0 0 0 0 0 0 0 0 0 0 0 0 0 0 0 0 0 0 0 0 0 0 3543246839 0 0 0 0 0 0 0 0 190221 0 200270 0 0 0 0 0 0 0 0 0 0 0 348708746 1 0 0 0 0 0 0 0 0 0 0 0 0 0 0 0 0 0 0 0 0 0 0 192572 4219 0 0 0 0 6873937 0 0 0 0 0 0 0 0 0 0 0 0 0 0 0 0 0 0 0 0 0 0 0 0 0 0 0 0 0 0 0 0 0 0 0 0 0 0 0 0 0 0 0 0 0 0 0 0 0 0 0 0 0 0 0 0 0 0 0 0 0 0 0 0 0 0 0 0 0 0 0 0 0 0 0 48824527 0 0 0
ctxt 118807756
btime 1669654930
processes 352860
procs_running 1
procs_blocked 0
softirq 220017811 142064700 18583317 397599 7592811 200265 0 23932288 20720884 474 6525473

cpu  351388 25503 646734 380582385 40683 0 400889 0 0 0
cpu0 70883 8456 122800 95161054 9208 0 85726 0 0 0
cpu1 115993 9074 252690 95015041 10143 0 131853 0 0 0
cpu2 85966 2509 144321 95209638 10527 0 96182 0 0 0
cpu3 78544 5462 126922 95196651 10804 0 87126 0 0 0
intr 8267809507 0 0 1508701 81 0 442385 16065067 0 0 0 6580002 0 0 0 0 0 0 0 0 0 0 0 0 0 0 0 0 0 0 0 0 0 0 0 0 0 0 0 0 0 0 0 0 0 0 0 0 0 0 0 0 3543250835 0 0 0 0 0 0 0 0 190222 0 200270 0 0 0 0 0 0 0 0 0 0 0 348708876 1 0 0 0 0 0 0 0 0 0 0 0 0 0 0 0 0 0 0 0 0 0 0 192572 4219 0 0 0 0 6873962 0 0 0 0 0 0 0 0 0 0 0 0 0 0 0 0 0 0 0 0 0 0 0 0 0 0 0 0 0 0 0 0 0 0 0 0 0 0 0 0 0 0 0 0 0 0 0 0 0 0 0 0 0 0 0 0 0 0 0 0 0 0 0 0 0 0 0 0 0 0 0 0 0 0 0 48825019 0 0 0
ctxt 118808764
btime 1669654930
processes 352860
procs_running 1
procs_blocked 0
softirq 220017885 142064700 18583332 397599 7592813 200265 0 23932309 20720910 474 6525483

cpu  351388 25503 646737 380582578 40683 0 400889 0 0 0
cpu0 70883 8456 122800 95161103 9208 0 85726 0 0 0
cpu1 115994 9074 252692 95015087 10143 0 131853 0 0 0
cpu2 85966 2509 144321 95209687 10527 0 96182 0 0 0
cpu3 78544 5462 126922 95196700 10804 0 87126 0 0 0
intr 8267814235 0 0 1508705 81 0 442385 16065100 0 0 0 6580007 0 0 0 0 0 0 0 0 0 0 0 0 0 0 0 0 0 0 0 0 0 0 0 0 0 0 0 0 0 0 0 0 0 0 0 0 0 0 0 0 3543254856 0 0 0 0 0 0 0 0 190223 0 200270 0 0 0 0 0 0 0 0 0 0 0 348709028 1 0 0 0 0 0 0 0 0 0 0 0 0 0 0 0 0 0 0 0 0 0 0 192572 4219 0 0 0 0 6873982 0 0 0 0 0 0 0 0 0 0 0 0 0 0 0 0 0 0 0 0 0 0 0 0 0 0 0 0 0 0 0 0 0 0 0 0 0 0 0 0 0 0 0 0 0 0 0 0 0 0 0 0 0 0 0 0 0 0 0 0 0 0 0 0 0 0 0 0 0 0 0 0 0 0 0 48825511 0 0 0
ctxt 118809774
btime 1669654930
processes 352860
procs_running 1
procs_blocked 0
softirq 220017967 142064708 18583348 397599 7592814 200265 0 23932328 20720938 474 6525493

cpu  351388 25503 646738 380582771 40683 0 400889 0 0 0
cpu0 70883 8456 122800 95161152 9208 0 85726 0 0 0
cpu1 115994 9074 252694 95015133 10143 0 131853 0 0 0
cpu2 85966 2509 144321 95209736 10527 0 96182 0 0 0
cpu3 78544 5462 126922 95196749 10804 0 87126 0 0 0
intr 8267819071 0 0 1508715 81 0 442385 16065126 0 0 0 6580012 0 0 0 0 0 0 0 0 0 0 0 0 0 0 0 0 0 0 0 0 0 0 0 0 0 0 0 0 0 0 0 0 0 0 0 0 0 0 0 0 3543258933 0 0 0 0 0 0 0 0 190224 0 200270 0 0 0 0 0 0 0 0 0 0 0 348709229 1 0 0 0 0 0 0 0 0 0 0 0 0 0 0 0 0 0 0 0 0 0 0 192572 4219 0 0 0 0 6873997 0 0 0 0 0 0 0 0 0 0 0 0 0 0 0 0 0 0 0 0 0 0 0 0 0 0 0 0 0 0 0 0 0 0 0 0 0 0 0 0 0 0 0 0 0 0 0 0 0 0 0 0 0 0 0 0 0 0 0 0 0 0 0 0 0 0 0 0 0 0 0 0 0 0 0 48826011 0 0 0
ctxt 118810768
btime 1669654930
processes 352860
procs_running 1
procs_blocked 0
softirq 220018178 142064839 18583364 397600 7592817 200265 0 23932348 20720967 474 6525504

cpu  351389 25503 646740 380582965 40683 0 400889 0 0 0
cpu0 70883 8456 122800 95161202 9208 0 85726 0 0 0
cpu1 115994 9074 252696 95015178 10143 0 131853 0 0 0
cpu2 85966 2509 144321 95209786 10527 0 96182 0 0 0
cpu3 78544 5462 126922 95196797 10804 0 87127 0 0 0
intr 8267823930 0 0 1508720 81 0 442385 16065148 0 0 0 6580017 0 0 0 0 0 0 0 0 0 0 0 0 0 0 0 0 0 0 0 0 0 0 0 0 0 0 0 0 0 0 0 0 0 0 0 0 0 0 0 0 3543263033 0 0 0 0 0 0 0 0 190225 0 200270 0 0 0 0 0 0 0 0 0 0 0 348709449 1 0 0 0 0 0 0 0 0 0 0 0 0 0 0 0 0 0 0 0 0 0 0 192572 4219 0 0 0 0 6874012 0 0 0 0 0 0 0 0 0 0 0 0 0 0 0 0 0 0 0 0 0 0 0 0 0 0 0 0 0 0 0 0 0 0 0 0 0 0 0 0 0 0 0 0 0 0 0 0 0 0 0 0 0 0 0 0 0 0 0 0 0 0 0 0 0 0 0 0 0 0 0 0 0 0 0 48826503 0 0 0
ctxt 118811772
btime 1669654930
processes 352860
procs_running 1
procs_blocked 0
softirq 220018367 142064941 18583381 397601 7592820 200265 0 23932378 20720992 474 6525515

cpu  351391 25503 646745 380583154 40683 0 400889 0 0 0
cpu0 70884 8456 122802 95161247 9208 0 85726 0 0 0
cpu1 115995 9074 252698 95015224 10143 0 131853 0 0 0
cpu2 85966 2509 144321 95209835 10527 0 96182 0 0 0
cpu3 78544 5462 126922 95196846 10804 0 87127 0 0 0
intr 8267828701 0 0 1508728 81 0 442385 16065211 0 0 0 6580022 0 0 0 0 0 0 0 0 0 0 0 0 0 0 0 0 0 0 0 0 0 0 0 0 0 0 0 0 0 0 0 0 0 0 0 0 0 0 0 0 3543267030 0 0 0 0 0 0 0 0 190227 0 200270 0 0 0 0 0 0 0 0 0 0 0 348709579 1 0 0 0 0 0 0 0 0 0 0 0 0 0 0 0 0 0 0 0 0 0 0 192572 4219 0 0 0 0 6874057 0 0 0 0 0 0 0 0 0 0 0 0 0 0 0 0 0 0 0 0 0 0 0 0 0 0 0 0 0 0 0 0 0 0 0 0 0 0 0 0 0 0 0 0 0 0 0 0 0 0 0 0 0 0 0 0 0 0 0 0 0 0 0 0 0 0 0 0 0 0 0 0 0 0 0 48827024 0 0 0
ctxt 118812876
btime 1669654930
processes 352860
procs_running 1
procs_blocked 0
softirq 220018498 142064941 18583402 397601 7592823 200265 0 23932417 20721026 474 6525549

cpu  351391 25503 646748 380583347 40683 0 400889 0 0 0
cpu0 70884 8456 122802 95161296 9208 0 85726 0 0 0
cpu1 115995 9074 252701 95015270 10143 0 131853 0 0 0
cpu2 85966 2509 144321 95209884 10527 0 96182 0 0 0
cpu3 78544 5462 126922 95196895 10804 0 87127 0 0 0
intr 8267833573 0 0 1508736 81 0 442385 16065240 0 0 0 6580027 0 0 0 0 0 0 0 0 0 0 0 0 0 0 0 0 0 0 0 0 0 0 0 0 0 0 0 0 0 0 0 0 0 0 0 0 0 0 0 0 3543271121 0 0 0 0 0 0 0 0 190228 0 200270 0 0 0 0 0 0 0 0 0 0 0 348709805 1 0 0 0 0 0 0 0 0 0 0 0 0 0 0 0 0 0 0 0 0 0 0 192572 4219 0 0 0 0 6874072 0 0 0 0 0 0 0 0 0 0 0 0 0 0 0 0 0 0 0 0 0 0 0 0 0 0 0 0 0 0 0 0 0 0 0 0 0 0 0 0 0 0 0 0 0 0 0 0 0 0 0 0 0 0 0 0 0 0 0 0 0 0 0 0 0 0 0 0 0 0 0 0 0 0 0 48827521 0 0 0
ctxt 118813890
btime 1669654930
processes 352860
procs_running 1
procs_blocked 0
softirq 220018698 142065051 18583419 397601 7592826 200265 0 23932442 20721056 474 6525564

cpu  351391 25503 646749 380583541 40683 0 400889 0 0 0
cpu0 70884 8456 122802 95161346 9208 0 85726 0 0 0
cpu1 115995 9074 252702 95015316 10143 0 131853 0 0 0
cpu2 85966 2509 144321 95209934 10527 0 96182 0 0 0
cpu3 78544 5462 126922 95196944 10804 0 87127 0 0 0
intr 8267838245 0 0 1508740 81 0 442385 16065263 0 0 0 6580032 0 0 0 0 0 0 0 0 0 0 0 0 0 0 0 0 0 0 0 0 0 0 0 0 0 0 0 0 0 0 0 0 0 0 0 0 0 0 0 0 3543275126 0 0 0 0 0 0 0 0 190229 0 200270 0 0 0 0 0 0 0 0 0 0 0 348709935 1 0 0 0 0 0 0 0 0 0 0 0 0 0 0 0 0 0 0 0 0 0 0 192572 4219 0 0 0 0 6874087 0 0 0 0 0 0 0 0 0 0 0 0 0 0 0 0 0 0 0 0 0 0 0 0 0 0 0 0 0 0 0 0 0 0 0 0 0 0 0 0 0 0 0 0 0 0 0 0 0 0 0 0 0 0 0 0 0 0 0 0 0 0 0 0 0 0 0 0 0 0 0 0 0 0 0 48828010 0 0 0
ctxt 118814876
btime 1669654930
processes 352860
procs_running 1
procs_blocked 0
softirq 220018759 142065051 18583433 397601 7592827 200265 0 23932455 20721077 474 6525576

cpu  351392 25503 646751 380583734 40683 0 400890 0 0 0
cpu0 70884 8456 122802 95161395 9208 0 85726 0 0 0
cpu1 115996 9074 252704 95015361 10143 0 131853 0 0 0
cpu2 85966 2509 144321 95209983 10527 0 96182 0 0 0
cpu3 78544 5462 126923 95196993 10804 0 87127 0 0 0
intr 8267843117 0 0 1508749 81 0 442385 16065294 0 0 0 6580037 0 0 0 0 0 0 0 0 0 0 0 0 0 0 0 0 0 0 0 0 0 0 0 0 0 0 0 0 0 0 0 0 0 0 0 0 0 0 0 0 3543279221 0 0 0 0 0 0 0 0 190230 0 200270 0 0 0 0 0 0 0 0 0 0 0 348710156 1 0 0 0 0 0 0 0 0 0 0 0 0 0 0 0 0 0 0 0 0 0 0 192572 4219 0 0 0 0 6874102 0 0 0 0 0 0 0 0 0 0 0 0 0 0 0 0 0 0 0 0 0 0 0 0 0 0 0 0 0 0 0 0 0 0 0 0 0 0 0 0 0 0 0 0 0 0 0 0 0 0 0 0 0 0 0 0 0 0 0 0 0 0 0 0 0 0 0 0 0 0 0 0 0 0 0 48828505 0 0 0
ctxt 118815883
btime 1669654930
processes 352860
procs_running 1
procs_blocked 0
softirq 220018960 142065164 18583452 397603 7592830 200265 0 23932478 20721105 474 6525589

cpu  351392 25503 646753 380583927 40683 0 400890 0 0 0
cpu0 70884 8456 122802 95161445 9208 0 85726 0 0 0
cpu1 115996 9074 252706 95015407 10143 0 131853 0 0 0
cpu2 85966 2509 144321 95210032 10527 0 96182 0 0 0
cpu3 78544 5462 126923 95197042 10804 0 87127 0 0 0
intr 8267847783 0 0 1508753 81 0 442385 16065317 0 0 0 6580042 0 0 0 0 0 0 0 0 0 0 0 0 0 0 0 0 0 0 0 0 0 0 0 0 0 0 0 0 0 0 0 0 0 0 0 0 0 0 0 0 3543283216 0 0 0 0 0 0 0 0 190231 0 200270 0 0 0 0 0 0 0 0 0 0 0 348710286 1 0 0 0 0 0 0 0 0 0 0 0 0 0 0 0 0 0 0 0 0 0 0 192572 4219 0 0 0 0 6874117 0 0 0 0 0 0 0 0 0 0 0 0 0 0 0 0 0 0 0 0 0 0 0 0 0 0 0 0 0 0 0 0 0 0 0 0 0 0 0 0 0 0 0 0 0 0 0 0 0 0 0 0 0 0 0 0 0 0 0 0 0 0 0 0 0 0 0 0 0 0 0 0 0 0 0 48828998 0 0 0
ctxt 118816865
btime 1669654930
processes 352860
procs_running 1
procs_blocked 0
softirq 220019023 142065164 18583466 397603 7592831 200265 0 23932491 20721126 474 6525603

cpu  351392 25503 646756 380584120 40683 0 400890 0 0 0
cpu0 70884 8456 122802 95161494 9208 0 85726 0 0 0
cpu1 115996 9074 252708 95015452 10143 0 131853 0 0 0
cpu2 85966 2509 144321 95210082 10527 0 96182 0 0 0
cpu3 78544 5462 126923 95197091 10804 0 87127 0 0 0
intr 8267852647 0 0 1508757 81 0 442385 16065347 0 0 0 6580047 0 0 0 0 0 0 0 0 0 0 0 0 0 0 0 0 0 0 0 0 0 0 0 0 0 0 0 0 0 0 0 0 0 0 0 0 0 0 0 0 3543287314 0 0 0 0 0 0 0 0 190232 0 200270 0 0 0 0 0 0 0 0 0 0 0 348710508 1 0 0 0 0 0 0 0 0 0 0 0 0 0 0 0 0 0 0 0 0 0 0 192572 4219 0 0 0 0 6874132 0 0 0 0 0 0 0 0 0 0 0 0 0 0 0 0 0 0 0 0 0 0 0 0 0 0 0 0 0 0 0 0 0 0 0 0 0 0 0 0 0 0 0 0 0 0 0 0 0 0 0 0 0 0 0 0 0 0 0 0 0 0 0 0 0 0 0 0 0 0 0 0 0 0 0 48829486 0 0 0
ctxt 118817864
btime 1669654930
processes 352860
procs_running 1
procs_blocked 0
softirq 220019137 142065204 18583480 397604 7592834 200265 0 23932510 20721149 474 6525617

cpu  351395 25503 646760 380584309 40683 0 400890 0 0 0
cpu0 70886 8456 122804 95161540 9208 0 85726 0 0 0
cpu1 115997 9074 252710 95015498 10143 0 131853 0 0 0
cpu2 85966 2509 144321 95210130 10527 0 96182 0 0 0
cpu3 78544 5462 126923 95197140 10804 0 87127 0 0 0
intr 8267857566 0 0 1508763 81 0 442385 16065410 0 0 0 6580051 0 0 0 0 0 0 0 0 0 0 0 0 0 0 0 0 0 0 0 0 0 0 0 0 0 0 0 0 0 0 0 0 0 0 0 0 0 0 0 0 3543291385 0 0 0 0 0 0 0 0 190235 0 200270 0 0 0 0 0 0 0 0 0 0 0 348710713 1 0 0 0 0 0 0 0 0 0 0 0 0 0 0 0 0 0 0 0 0 0 0 192572 4219 0 0 0 0 6874179 0 0 0 0 0 0 0 0 0 0 0 0 0 0 0 0 0 0 0 0 0 0 0 0 0 0 0 0 0 0 0 0 0 0 0 0 0 0 0 0 0 0 0 0 0 0 0 0 0 0 0 0 0 0 0 0 0 0 0 0 0 0 0 0 0 0 0 0 0 0 0 0 0 0 0 48830007 0 0 0
ctxt 118819033
btime 1669654930
processes 352860
procs_running 1
procs_blocked 0
softirq 220019366 142065277 18583505 397604 7592840 200265 0 23932558 20721183 474 6525660

cpu  351397 25503 646762 380584503 40683 0 400890 0 0 0
cpu0 70886 8456 122804 95161589 9208 0 85726 0 0 0
cpu1 115999 9074 252712 95015543 10143 0 131853 0 0 0
cpu2 85966 2509 144321 95210180 10527 0 96182 0 0 0
cpu3 78544 5462 126923 95197189 10804 0 87127 0 0 0
intr 8267862290 0 0 1508770 81 0 442385 16065443 0 0 0 6580056 0 0 0 0 0 0 0 0 0 0 0 0 0 0 0 0 0 0 0 0 0 0 0 0 0 0 0 0 0 0 0 0 0 0 0 0 0 0 0 0 3543295409 0 0 0 0 0 0 0 0 190236 0 200270 0 0 0 0 0 0 0 0 0 0 0 348710860 1 0 0 0 0 0 0 0 0 0 0 0 0 0 0 0 0 0 0 0 0 0 0 192572 4219 0 0 0 0 6874194 0 0 0 0 0 0 0 0 0 0 0 0 0 0 0 0 0 0 0 0 0 0 0 0 0 0 0 0 0 0 0 0 0 0 0 0 0 0 0 0 0 0 0 0 0 0 0 0 0 0 0 0 0 0 0 0 0 0 0 0 0 0 0 0 0 0 0 0 0 0 0 0 0 0 0 48830504 0 0 0
ctxt 118820037
btime 1669654930
processes 352860
procs_running 2
procs_blocked 0
softirq 220019445 142065282 18583521 397604 7592841 200265 0 23932574 20721212 474 6525672

cpu  351397 25503 646764 380584696 40683 0 400890 0 0 0
cpu0 70886 8456 122804 95161639 9208 0 85726 0 0 0
cpu1 115999 9074 252714 95015589 10143 0 131854 0 0 0
cpu2 85966 2509 144321 95210229 10527 0 96182 0 0 0
cpu3 78544 5462 126923 95197238 10804 0 87127 0 0 0
intr 8267867124 0 0 1508778 81 0 442385 16065468 0 0 0 6580061 0 0 0 0 0 0 0 0 0 0 0 0 0 0 0 0 0 0 0 0 0 0 0 0 0 0 0 0 0 0 0 0 0 0 0 0 0 0 0 0 3543299483 0 0 0 0 0 0 0 0 190237 0 200270 0 0 0 0 0 0 0 0 0 0 0 348711068 1 0 0 0 0 0 0 0 0 0 0 0 0 0 0 0 0 0 0 0 0 0 0 192572 4219 0 0 0 0 6874209 0 0 0 0 0 0 0 0 0 0 0 0 0 0 0 0 0 0 0 0 0 0 0 0 0 0 0 0 0 0 0 0 0 0 0 0 0 0 0 0 0 0 0 0 0 0 0 0 0 0 0 0 0 0 0 0 0 0 0 0 0 0 0 0 0 0 0 0 0 0 0 0 0 0 0 48830996 0 0 0
ctxt 118821031
btime 1669654930
processes 352860
procs_running 1
procs_blocked 0
softirq 220019621 142065385 18583535 397605 7592844 200265 0 23932594 20721236 474 6525683

cpu  351398 25503 646767 380584890 40683 0 400890 0 0 0
cpu0 70886 8456 122804 95161688 9208 0 85726 0 0 0
cpu1 116000 9074 252717 95015635 10143 0 131854 0 0 0
cpu2 85966 2509 144321 95210279 10527 0 96182 0 0 0
cpu3 78544 5462 126923 95197287 10804 0 87127 0 0 0
intr 8267871799 0 0 1508782 81 0 442385 16065492 0 0 0 6580066 0 0 0 0 0 0 0 0 0 0 0 0 0 0 0 0 0 0 0 0 0 0 0 0 0 0 0 0 0 0 0 0 0 0 0 0 0 0 0 0 3543303488 0 0 0 0 0 0 0 0 190238 0 200270 0 0 0 0 0 0 0 0 0 0 0 348711196 1 0 0 0 0 0 0 0 0 0 0 0 0 0 0 0 0 0 0 0 0 0 0 192572 4219 0 0 0 0 6874224 0 0 0 0 0 0 0 0 0 0 0 0 0 0 0 0 0 0 0 0 0 0 0 0 0 0 0 0 0 0 0 0 0 0 0 0 0 0 0 0 0 0 0 0 0 0 0 0 0 0 0 0 0 0 0 0 0 0 0 0 0 0 0 0 0 0 0 0 0 0 0 0 0 0 0 48831490 0 0 0
ctxt 118822017
btime 1669654930
processes 352860
procs_running 1
procs_blocked 0
softirq 220019692 142065385 18583549 397605 7592845 200265 0 23932608 20721266 474 6525695

cpu  351398 25503 646769 380585082 40683 0 400890 0 0 0
cpu0 70886 8456 122804 95161737 9208 0 85726 0 0 0
cpu1 116000 9074 252718 95015680 10143 0 131854 0 0 0
cpu2 85966 2509 144321 95210328 10527 0 96182 0 0 0
cpu3 78544 5462 126924 95197336 10804 0 87127 0 0 0
intr 8267876728 0 0 1508790 81 0 442385 16065545 0 0 0 6580071 0 0 0 0 0 0 0 0 0 0 0 0 0 0 0 0 0 0 0 0 0 0 0 0 0 0 0 0 0 0 0 0 0 0 0 0 0 0 0 0 3543307588 0 0 0 0 0 0 0 0 190239 0 200270 0 0 0 0 0 0 0 0 0 0 0 348711425 1 0 0 0 0 0 0 0 0 0 0 0 0 0 0 0 0 0 0 0 0 0 0 192572 4219 0 0 0 0 6874261 0 0 0 0 0 0 0 0 0 0 0 0 0 0 0 0 0 0 0 0 0 0 0 0 0 0 0 0 0 0 0 0 0 0 0 0 0 0 0 0 0 0 0 0 0 0 0 0 0 0 0 0 0 0 0 0 0 0 0 0 0 0 0 0 0 0 0 0 0 0 0 0 0 0 0 48831986 0 0 0
ctxt 118823080
btime 1669654930
processes 352860
procs_running 1
procs_blocked 0
softirq 220019869 142065461 18583568 397605 7592849 200265 0 23932648 20721291 474 6525708

cpu  351399 25503 646772 380585276 40683 0 400890 0 0 0
cpu0 70886 8456 122804 95161787 9208 0 85726 0 0 0
cpu1 116001 9074 252721 95015726 10143 0 131854 0 0 0
cpu2 85966 2509 144321 95210377 10527 0 96182 0 0 0
cpu3 78544 5462 126924 95197385 10804 0 87127 0 0 0
intr 8267881406 0 0 1508795 81 0 442387 16065568 0 0 0 6580076 0 0 0 0 0 0 0 0 0 0 0 0 0 0 0 0 0 0 0 0 0 0 0 0 0 0 0 0 0 0 0 0 0 0 0 0 0 0 0 0 3543311592 0 0 0 0 0 0 0 0 190240 0 200270 0 0 0 0 0 0 0 0 0 0 0 348711553 1 0 0 0 0 0 0 0 0 0 0 0 0 0 0 0 0 0 0 0 0 0 0 192572 4219 0 0 0 0 6874276 0 0 0 0 0 0 0 0 0 0 0 0 0 0 0 0 0 0 0 0 0 0 0 0 0 0 0 0 0 0 0 0 0 0 0 0 0 0 0 0 0 0 0 0 0 0 0 0 0 0 0 0 0 0 0 0 0 0 0 0 0 0 0 0 0 0 0 0 0 0 0 0 0 0 0 48832481 0 0 0
ctxt 118824071
btime 1669654930
processes 352861
procs_running 1
procs_blocked 0
softirq 220019940 142065461 18583584 397605 7592850 200265 0 23932662 20721319 474 6525720

cpu  351403 25503 646776 380585464 40683 0 400891 0 0 0
cpu0 70888 8456 122806 95161832 9208 0 85726 0 0 0
cpu1 116002 9074 252723 95015771 10143 0 131854 0 0 0
cpu2 85966 2509 144321 95210426 10527 0 96182 0 0 0
cpu3 78545 5462 126924 95197433 10804 0 87127 0 0 0
intr 8267886411 0 0 1508801 81 0 442387 16065643 0 0 0 6580081 0 0 0 0 0 0 0 0 0 0 0 0 0 0 0 0 0 0 0 0 0 0 0 0 0 0 0 0 0 0 0 0 0 0 0 0 0 0 0 0 3543315686 0 0 0 0 0 0 0 0 190242 0 200290 0 0 0 0 0 0 0 0 0 0 0 348711781 1 0 0 0 0 0 0 0 0 0 0 0 0 0 0 0 0 0 0 0 0 0 0 192592 4219 0 0 0 0 6874306 0 0 0 0 0 0 0 0 0 0 0 0 0 0 0 0 0 0 0 0 0 0 0 0 0 0 0 0 0 0 0 0 0 0 0 0 0 0 0 0 0 0 0 0 0 0 0 0 0 0 0 0 0 0 0 0 0 0 0 0 0 0 0 0 0 0 0 0 0 0 0 0 0 0 0 48833005 0 0 0
ctxt 118825323
btime 1669654930
processes 352861
procs_running 1
procs_blocked 0
softirq 220020293 142065586 18583612 397605 7592854 200285 0 23932757 20721362 474 6525758

cpu  351403 25503 646778 380585657 40683 0 400891 0 0 0
cpu0 70888 8456 122806 95161882 9208 0 85726 0 0 0
cpu1 116002 9074 252725 95015817 10143 0 131854 0 0 0
cpu2 85966 2509 144321 95210475 10527 0 96182 0 0 0
cpu3 78545 5462 126924 95197482 10804 0 87127 0 0 0
intr 8267891222 0 0 1508807 81 0 442387 16065663 0 0 0 6580086 0 0 0 0 0 0 0 0 0 0 0 0 0 0 0 0 0 0 0 0 0 0 0 0 0 0 0 0 0 0 0 0 0 0 0 0 0 0 0 0 3543319758 0 0 0 0 0 0 0 0 190243 0 200290 0 0 0 0 0 0 0 0 0 0 0 348711979 1 0 0 0 0 0 0 0 0 0 0 0 0 0 0 0 0 0 0 0 0 0 0 192592 4219 0 0 0 0 6874321 0 0 0 0 0 0 0 0 0 0 0 0 0 0 0 0 0 0 0 0 0 0 0 0 0 0 0 0 0 0 0 0 0 0 0 0 0 0 0 0 0 0 0 0 0 0 0 0 0 0 0 0 0 0 0 0 0 0 0 0 0 0 0 0 0 0 0 0 0 0 0 0 0 0 0 48833499 0 0 0
ctxt 118826322
btime 1669654930
processes 352861
procs_running 1
procs_blocked 0
softirq 220020487 142065702 18583627 397606 7592857 200285 0 23932785 20721382 474 6525769

cpu  351403 25503 646780 380585851 40683 0 400892 0 0 0
cpu0 70888 8456 122806 95161931 9208 0 85726 0 0 0
cpu1 116002 9074 252727 95015862 10143 0 131855 0 0 0
cpu2 85966 2509 144321 95210524 10527 0 96182 0 0 0
cpu3 78545 5462 126924 95197531 10804 0 87127 0 0 0
intr 8267895950 0 0 1508809 81 0 442387 16065697 0 0 0 6580091 0 0 0 0 0 0 0 0 0 0 0 0 0 0 0 0 0 0 0 0 0 0 0 0 0 0 0 0 0 0 0 0 0 0 0 0 0 0 0 0 3543323779 0 0 0 0 0 0 0 0 190244 0 200290 0 0 0 0 0 0 0 0 0 0 0 348712133 1 0 0 0 0 0 0 0 0 0 0 0 0 0 0 0 0 0 0 0 0 0 0 192592 4219 0 0 0 0 6874345 0 0 0 0 0 0 0 0 0 0 0 0 0 0 0 0 0 0 0 0 0 0 0 0 0 0 0 0 0 0 0 0 0 0 0 0 0 0 0 0 0 0 0 0 0 0 0 0 0 0 0 0 0 0 0 0 0 0 0 0 0 0 0 0 0 0 0 0 0 0 0 0 0 0 0 48833988 0 0 0
ctxt 118827343
btime 1669654930
processes 352861
procs_running 1
procs_blocked 0
softirq 220020574 142065710 18583642 397607 7592859 200285 0 23932806 20721409 474 6525782

cpu  351404 25503 646781 380586044 40683 0 400892 0 0 0
cpu0 70888 8456 122806 95161981 9208 0 85726 0 0 0
cpu1 116003 9074 252728 95015908 10143 0 131855 0 0 0
cpu2 85966 2509 144321 95210574 10527 0 96182 0 0 0
cpu3 78545 5462 126924 95197580 10804 0 87127 0 0 0
intr 8267900758 0 0 1508814 81 0 442387 16065717 0 0 0 6580096 0 0 0 0 0 0 0 0 0 0 0 0 0 0 0 0 0 0 0 0 0 0 0 0 0 0 0 0 0 0 0 0 0 0 0 0 0 0 0 0 3543327851 0 0 0 0 0 0 0 0 190245 0 200290 0 0 0 0 0 0 0 0 0 0 0 348712331 1 0 0 0 0 0 0 0 0 0 0 0 0 0 0 0 0 0 0 0 0 0 0 192592 4219 0 0 0 0 6874360 0 0 0 0 0 0 0 0 0 0 0 0 0 0 0 0 0 0 0 0 0 0 0 0 0 0 0 0 0 0 0 0 0 0 0 0 0 0 0 0 0 0 0 0 0 0 0 0 0 0 0 0 0 0 0 0 0 0 0 0 0 0 0 0 0 0 0 0 0 0 0 0 0 0 0 48834479 0 0 0
ctxt 118828331
btime 1669654930
processes 352861
procs_running 1
procs_blocked 0
softirq 220020677 142065746 18583656 397608 7592862 200285 0 23932822 20721431 474 6525793

cpu  351405 25503 646784 380586237 40683 0 400892 0 0 0
cpu0 70888 8456 122806 95162030 9208 0 85726 0 0 0
cpu1 116004 9074 252731 95015954 10143 0 131855 0 0 0
cpu2 85966 2509 144321 95210623 10527 0 96182 0 0 0
cpu3 78545 5462 126924 95197629 10804 0 87127 0 0 0
intr 8267905477 0 0 1508818 81 0 442387 16065744 0 0 0 6580101 0 0 0 0 0 0 0 0 0 0 0 0 0 0 0 0 0 0 0 0 0 0 0 0 0 0 0 0 0 0 0 0 0 0 0 0 0 0 0 0 3543331871 0 0 0 0 0 0 0 0 190246 0 200290 0 0 0 0 0 0 0 0 0 0 0 348712485 1 0 0 0 0 0 0 0 0 0 0 0 0 0 0 0 0 0 0 0 0 0 0 192592 4219 0 0 0 0 6874375 0 0 0 0 0 0 0 0 0 0 0 0 0 0 0 0 0 0 0 0 0 0 0 0 0 0 0 0 0 0 0 0 0 0 0 0 0 0 0 0 0 0 0 0 0 0 0 0 0 0 0 0 0 0 0 0 0 0 0 0 0 0 0 0 0 0 0 0 0 0 0 0 0 0 0 48834972 0 0 0
ctxt 118829339
btime 1669654930
processes 352861
procs_running 1
procs_blocked 0
softirq 220020749 142065754 18583669 397608 7592863 200285 0 23932836 20721455 474 6525805

cpu  351405 25503 646786 380586430 40683 0 400892 0 0 0
cpu0 70888 8456 122806 95162079 9208 0 85726 0 0 0
cpu1 116004 9074 252733 95015999 10143 0 131855 0 0 0
cpu2 85966 2509 144321 95210672 10527 0 96182 0 0 0
cpu3 78545 5462 126924 95197678 10804 0 87127 0 0 0
intr 8267910280 0 0 1508822 81 0 442387 16065766 0 0 0 6580106 0 0 0 0 0 0 0 0 0 0 0 0 0 0 0 0 0 0 0 0 0 0 0 0 0 0 0 0 0 0 0 0 0 0 0 0 0 0 0 0 3543335942 0 0 0 0 0 0 0 0 190247 0 200290 0 0 0 0 0 0 0 0 0 0 0 348712685 1 0 0 0 0 0 0 0 0 0 0 0 0 0 0 0 0 0 0 0 0 0 0 192592 4219 0 0 0 0 6874390 0 0 0 0 0 0 0 0 0 0 0 0 0 0 0 0 0 0 0 0 0 0 0 0 0 0 0 0 0 0 0 0 0 0 0 0 0 0 0 0 0 0 0 0 0 0 0 0 0 0 0 0 0 0 0 0 0 0 0 0 0 0 0 0 0 0 0 0 0 0 0 0 0 0 0 48835456 0 0 0
ctxt 118830324
btime 1669654930
processes 352861
procs_running 1
procs_blocked 0
softirq 220020926 142065856 18583682 397608 7592867 200285 0 23932861 20721477 474 6525816

cpu  351407 25503 646790 380586620 40683 0 400892 0 0 0
cpu0 70888 8456 122810 95162125 9208 0 85726 0 0 0
cpu1 116006 9074 252734 95016045 10143 0 131855 0 0 0
cpu2 85966 2509 144321 95210722 10527 0 96182 0 0 0
cpu3 78546 5462 126924 95197726 10804 0 87127 0 0 0
intr 8267915110 0 0 1508828 81 0 442387 16065834 0 0 0 6580111 0 0 0 0 0 0 0 0 0 0 0 0 0 0 0 0 0 0 0 0 0 0 0 0 0 0 0 0 0 0 0 0 0 0 0 0 0 0 0 0 3543339970 0 0 0 0 0 0 0 0 190249 0 200290 0 0 0 0 0 0 0 0 0 0 0 348712839 1 0 0 0 0 0 0 0 0 0 0 0 0 0 0 0 0 0 0 0 0 0 0 192592 4219 0 0 0 0 6874435 0 0 0 0 0 0 0 0 0 0 0 0 0 0 0 0 0 0 0 0 0 0 0 0 0 0 0 0 0 0 0 0 0 0 0 0 0 0 0 0 0 0 0 0 0 0 0 0 0 0 0 0 0 0 0 0 0 0 0 0 0 0 0 0 0 0 0 0 0 0 0 0 0 0 0 48835979 0 0 0
ctxt 118831441
btime 1669654930
processes 352861
procs_running 1
procs_blocked 0
softirq 220021076 142065864 18583709 397608 7592870 200285 0 23932900 20721517 474 6525849

cpu  351407 25503 646792 380586813 40683 0 400892 0 0 0
cpu0 70888 8456 122810 95162174 9208 0 85726 0 0 0
cpu1 116006 9074 252735 95016091 10143 0 131855 0 0 0
cpu2 85966 2509 144321 95210771 10527 0 96182 0 0 0
cpu3 78546 5462 126924 95197776 10804 0 87127 0 0 0
intr 8267919789 0 0 1508835 81 0 442387 16065858 0 0 0 6580116 0 0 0 0 0 0 0 0 0 0 0 0 0 0 0 0 0 0 0 0 0 0 0 0 0 0 0 0 0 0 0 0 0 0 0 0 0 0 0 0 3543343973 0 0 0 0 0 0 0 0 190250 0 200290 0 0 0 0 0 0 0 0 0 0 0 348712967 1 0 0 0 0 0 0 0 0 0 0 0 0 0 0 0 0 0 0 0 0 0 0 192592 4219 0 0 0 0 6874450 0 0 0 0 0 0 0 0 0 0 0 0 0 0 0 0 0 0 0 0 0 0 0 0 0 0 0 0 0 0 0 0 0 0 0 0 0 0 0 0 0 0 0 0 0 0 0 0 0 0 0 0 0 0 0 0 0 0 0 0 0 0 0 0 0 0 0 0 0 0 0 0 0 0 0 48836475 0 0 0
ctxt 118832442
btime 1669654930
processes 352861
procs_running 1
procs_blocked 0
softirq 220021141 142065864 18583722 397608 7592871 200285 0 23932914 20721542 474 6525861

cpu  351408 25503 646794 380587007 40683 0 400892 0 0 0
cpu0 70888 8456 122810 95162224 9208 0 85726 0 0 0
cpu1 116006 9074 252737 95016137 10143 0 131856 0 0 0
cpu2 85966 2509 144321 95210820 10527 0 96182 0 0 0
cpu3 78546 5462 126925 95197825 10804 0 87127 0 0 0
intr 8267924503 0 0 1508839 81 0 442387 16065882 0 0 0 6580121 0 0 0 0 0 0 0 0 0 0 0 0 0 0 0 0 0 0 0 0 0 0 0 0 0 0 0 0 0 0 0 0 0 0 0 0 0 0 0 0 3543347992 0 0 0 0 0 0 0 0 190251 0 200290 0 0 0 0 0 0 0 0 0 0 0 348713121 1 0 0 0 0 0 0 0 0 0 0 0 0 0 0 0 0 0 0 0 0 0 0 192592 4219 0 0 0 0 6874465 0 0 0 0 0 0 0 0 0 0 0 0 0 0 0 0 0 0 0 0 0 0 0 0 0 0 0 0 0 0 0 0 0 0 0 0 0 0 0 0 0 0 0 0 0 0 0 0 0 0 0 0 0 0 0 0 0 0 0 0 0 0 0 0 0 0 0 0 0 0 0 0 0 0 0 48836967 0 0 0
ctxt 118833445
btime 1669654930
processes 352861
procs_running 1
procs_blocked 0
softirq 220021211 142065872 18583737 397608 7592872 200285 0 23932927 20721564 474 6525872

cpu  351408 25503 646796 380587201 40683 0 400892 0 0 0
cpu0 70888 8456 122810 95162273 9208 0 85726 0 0 0
cpu1 116007 9074 252739 95016182 10143 0 131856 0 0 0
cpu2 85966 2509 144321 95210870 10527 0 96182 0 0 0
cpu3 78546 5462 126925 95197874 10804 0 87127 0 0 0
intr 8267929168 0 0 1508843 81 0 442387 16065903 0 0 0 6580126 0 0 0 0 0 0 0 0 0 0 0 0 0 0 0 0 0 0 0 0 0 0 0 0 0 0 0 0 0 0 0 0 0 0 0 0 0 0 0 0 3543351993 0 0 0 0 0 0 0 0 190252 0 200290 0 0 0 0 0 0 0 0 0 0 0 348713249 1 0 0 0 0 0 0 0 0 0 0 0 0 0 0 0 0 0 0 0 0 0 0 192592 4219 0 0 0 0 6874480 0 0 0 0 0 0 0 0 0 0 0 0 0 0 0 0 0 0 0 0 0 0 0 0 0 0 0 0 0 0 0 0 0 0 0 0 0 0 0 0 0 0 0 0 0 0 0 0 0 0 0 0 0 0 0 0 0 0 0 0 0 0 0 0 0 0 0 0 0 0 0 0 0 0 0 48837456 0 0 0
ctxt 118834438
btime 1669654930
processes 352861
procs_running 1
procs_blocked 0
softirq 220021279 142065872 18583753 397608 7592873 200285 0 23932941 20721590 474 6525883

cpu  351408 25503 646799 380587394 40683 0 400892 0 0 0
cpu0 70888 8456 122810 95162323 9208 0 85726 0 0 0
cpu1 116007 9074 252742 95016228 10143 0 131856 0 0 0
cpu2 85966 2509 144321 95210919 10527 0 96182 0 0 0
cpu3 78546 5462 126925 95197922 10804 0 87127 0 0 0
intr 8267933880 0 0 1508847 81 0 442387 16065928 0 0 0 6580131 0 0 0 0 0 0 0 0 0 0 0 0 0 0 0 0 0 0 0 0 0 0 0 0 0 0 0 0 0 0 0 0 0 0 0 0 0 0 0 0 3543356013 0 0 0 0 0 0 0 0 190253 0 200290 0 0 0 0 0 0 0 0 0 0 0 348713403 1 0 0 0 0 0 0 0 0 0 0 0 0 0 0 0 0 0 0 0 0 0 0 192592 4219 0 0 0 0 6874495 0 0 0 0 0 0 0 0 0 0 0 0 0 0 0 0 0 0 0 0 0 0 0 0 0 0 0 0 0 0 0 0 0 0 0 0 0 0 0 0 0 0 0 0 0 0 0 0 0 0 0 0 0 0 0 0 0 0 0 0 0 0 0 0 0 0 0 0 0 0 0 0 0 0 0 48837945 0 0 0
ctxt 118835439
btime 1669654930
processes 352861
procs_running 1
procs_blocked 0
softirq 220021347 142065880 18583766 397608 7592874 200285 0 23932955 20721611 474 6525894

cpu  351409 25503 646800 380587587 40683 0 400893 0 0 0
cpu0 70888 8456 122810 95162372 9208 0 85726 0 0 0
cpu1 116008 9074 252742 95016274 10143 0 131856 0 0 0
cpu2 85966 2509 144321 95210969 10527 0 96182 0 0 0
cpu3 78546 5462 126925 95197971 10804 0 87128 0 0 0
intr 8267938570 0 0 1508852 81 0 442387 16065957 0 0 0 6580136 0 0 0 0 0 0 0 0 0 0 0 0 0 0 0 0 0 0 0 0 0 0 0 0 0 0 0 0 0 0 0 0 0 0 0 0 0 0 0 0 3543360014 0 0 0 0 0 0 0 0 190254 0 200297 0 0 0 0 0 0 0 0 0 0 0 348713531 1 0 0 0 0 0 0 0 0 0 0 0 0 0 0 0 0 0 0 0 0 0 0 192599 4219 0 0 0 0 6874510 0 0 0 0 0 0 0 0 0 0 0 0 0 0 0 0 0 0 0 0 0 0 0 0 0 0 0 0 0 0 0 0 0 0 0 0 0 0 0 0 0 0 0 0 0 0 0 0 0 0 0 0 0 0 0 0 0 0 0 0 0 0 0 0 0 0 0 0 0 0 0 0 0 0 0 48838437 0 0 0
ctxt 118836491
btime 1669654930
processes 352861
procs_running 1
procs_blocked 0
softirq 220021444 142065880 18583783 397608 7592875 200292 0 23932990 20721637 474 6525905

cpu  351411 25503 646805 380587776 40683 0 400893 0 0 0
cpu0 70890 8456 122812 95162418 9208 0 85726 0 0 0
cpu1 116008 9074 252746 95016319 10143 0 131856 0 0 0
cpu2 85966 2509 144321 95211018 10527 0 96182 0 0 0
cpu3 78546 5462 126925 95198020 10804 0 87128 0 0 0
intr 8267943393 0 0 1508858 81 0 442387 16066020 0 0 0 6580141 0 0 0 0 0 0 0 0 0 0 0 0 0 0 0 0 0 0 0 0 0 0 0 0 0 0 0 0 0 0 0 0 0 0 0 0 0 0 0 0 3543364040 0 0 0 0 0 0 0 0 190256 0 200297 0 0 0 0 0 0 0 0 0 0 0 348713683 1 0 0 0 0 0 0 0 0 0 0 0 0 0 0 0 0 0 0 0 0 0 0 192599 4219 0 0 0 0 6874552 0 0 0 0 0 0 0 0 0 0 0 0 0 0 0 0 0 0 0 0 0 0 0 0 0 0 0 0 0 0 0 0 0 0 0 0 0 0 0 0 0 0 0 0 0 0 0 0 0 0 0 0 0 0 0 0 0 0 0 0 0 0 0 0 0 0 0 0 0 0 0 0 0 0 0 48838964 0 0 0
ctxt 118837595
btime 1669654930
processes 352861
procs_running 1
procs_blocked 0
softirq 220021600 142065888 18583805 397608 7592878 200292 0 23933026 20721676 474 6525953

cpu  351412 25503 646806 380587970 40683 0 400893 0 0 0
cpu0 70890 8456 122812 95162467 9208 0 85726 0 0 0
cpu1 116009 9074 252747 95016365 10143 0 131856 0 0 0
cpu2 85966 2509 144321 95211068 10527 0 96182 0 0 0
cpu3 78546 5462 126925 95198069 10804 0 87128 0 0 0
intr 8267948057 0 0 1508864 81 0 442387 16066040 0 0 0 6580146 0 0 0 0 0 0 0 0 0 0 0 0 0 0 0 0 0 0 0 0 0 0 0 0 0 0 0 0 0 0 0 0 0 0 0 0 0 0 0 0 3543368038 0 0 0 0 0 0 0 0 190257 0 200297 0 0 0 0 0 0 0 0 0 0 0 348713811 1 0 0 0 0 0 0 0 0 0 0 0 0 0 0 0 0 0 0 0 0 0 0 192599 4219 0 0 0 0 6874565 0 0 0 0 0 0 0 0 0 0 0 0 0 0 0 0 0 0 0 0 0 0 0 0 0 0 0 0 0 0 0 0 0 0 0 0 0 0 0 0 0 0 0 0 0 0 0 0 0 0 0 0 0 0 0 0 0 0 0 0 0 0 0 0 0 0 0 0 0 0 0 0 0 0 0 48839458 0 0 0
ctxt 118838581
btime 1669654930
processes 352861
procs_running 1
procs_blocked 0
softirq 220021667 142065888 18583820 397609 7592879 200292 0 23933038 20721701 474 6525966

cpu  351412 25503 646808 380588164 40683 0 400893 0 0 0
cpu0 70890 8456 122812 95162517 9208 0 85726 0 0 0
cpu1 116009 9074 252749 95016411 10143 0 131856 0 0 0
cpu2 85966 2509 144321 95211117 10527 0 96182 0 0 0
cpu3 78546 5462 126925 95198118 10804 0 87128 0 0 0
intr 8267952780 0 0 1508868 81 0 442387 16066066 0 0 0 6580151 0 0 0 0 0 0 0 0 0 0 0 0 0 0 0 0 0 0 0 0 0 0 0 0 0 0 0 0 0 0 0 0 0 0 0 0 0 0 0 0 3543372066 0 0 0 0 0 0 0 0 190258 0 200297 0 0 0 0 0 0 0 0 0 0 0 348713965 1 0 0 0 0 0 0 0 0 0 0 0 0 0 0 0 0 0 0 0 0 0 0 192599 4219 0 0 0 0 6874580 0 0 0 0 0 0 0 0 0 0 0 0 0 0 0 0 0 0 0 0 0 0 0 0 0 0 0 0 0 0 0 0 0 0 0 0 0 0 0 0 0 0 0 0 0 0 0 0 0 0 0 0 0 0 0 0 0 0 0 0 0 0 0 0 0 0 0 0 0 0 0 0 0 0 0 48839947 0 0 0
ctxt 118839570
btime 1669654930
processes 352861
procs_running 1
procs_blocked 0
softirq 220021741 142065896 18583834 397609 7592880 200292 0 23933053 20721725 474 6525978

cpu  351412 25503 646811 380588357 40683 0 400893 0 0 0
cpu0 70890 8456 122812 95162566 9208 0 85726 0 0 0
cpu1 116010 9074 252751 95016456 10143 0 131856 0 0 0
cpu2 85966 2509 144321 95211166 10527 0 96182 0 0 0
cpu3 78546 5462 126926 95198167 10804 0 87128 0 0 0
intr 8267957449 0 0 1508876 81 0 442387 16066086 0 0 0 6580156 0 0 0 0 0 0 0 0 0 0 0 0 0 0 0 0 0 0 0 0 0 0 0 0 0 0 0 0 0 0 0 0 0 0 0 0 0 0 0 0 3543376063 0 0 0 0 0 0 0 0 190259 0 200297 0 0 0 0 0 0 0 0 0 0 0 348714094 1 0 0 0 0 0 0 0 0 0 0 0 0 0 0 0 0 0 0 0 0 0 0 192599 4219 0 0 0 0 6874595 0 0 0 0 0 0 0 0 0 0 0 0 0 0 0 0 0 0 0 0 0 0 0 0 0 0 0 0 0 0 0 0 0 0 0 0 0 0 0 0 0 0 0 0 0 0 0 0 0 0 0 0 0 0 0 0 0 0 0 0 0 0 0 0 0 0 0 0 0 0 0 0 0 0 0 48840442 0 0 0
ctxt 118840560
btime 1669654930
processes 352861
procs_running 1
procs_blocked 0
softirq 220021804 142065897 18583847 397609 7592881 200292 0 23933068 20721746 474 6525990

cpu  351412 25503 646813 380588551 40683 0 400893 0 0 0
cpu0 70890 8456 122812 95162616 9208 0 85726 0 0 0
cpu1 116010 9074 252753 95016501 10143 0 131856 0 0 0
cpu2 85966 2509 144321 95211216 10527 0 96182 0 0 0
cpu3 78546 5462 126926 95198217 10804 0 87128 0 0 0
intr 8267962168 0 0 1508881 81 0 442387 16066114 0 0 0 6580161 0 0 0 0 0 0 0 0 0 0 0 0 0 0 0 0 0 0 0 0 0 0 0 0 0 0 0 0 0 0 0 0 0 0 0 0 0 0 0 0 3543380086 0 0 0 0 0 0 0 0 190260 0 200297 0 0 0 0 0 0 0 0 0 0 0 348714248 1 0 0 0 0 0 0 0 0 0 0 0 0 0 0 0 0 0 0 0 0 0 0 192599 4219 0 0 0 0 6874610 0 0 0 0 0 0 0 0 0 0 0 0 0 0 0 0 0 0 0 0 0 0 0 0 0 0 0 0 0 0 0 0 0 0 0 0 0 0 0 0 0 0 0 0 0 0 0 0 0 0 0 0 0 0 0 0 0 0 0 0 0 0 0 0 0 0 0 0 0 0 0 0 0 0 0 48840930 0 0 0
ctxt 118841560
btime 1669654930
processes 352861
procs_running 2
procs_blocked 0
softirq 220021873 142065905 18583861 397609 7592882 200292 0 23933082 20721767 474 6526001

cpu  351413 25503 646815 380588745 40683 0 400893 0 0 0
cpu0 70890 8456 122812 95162665 9208 0 85726 0 0 0
cpu1 116010 9074 252755 95016547 10143 0 131856 0 0 0
cpu2 85966 2509 144321 95211265 10527 0 96182 0 0 0
cpu3 78546 5462 126926 95198266 10804 0 87128 0 0 0
intr 8267966843 0 0 1508885 81 0 442388 16066137 0 0 0 6580166 0 0 0 0 0 0 0 0 0 0 0 0 0 0 0 0 0 0 0 0 0 0 0 0 0 0 0 0 0 0 0 0 0 0 0 0 0 0 0 0 3543384090 0 0 0 0 0 0 0 0 190261 0 200297 0 0 0 0 0 0 0 0 0 0 0 348714376 1 0 0 0 0 0 0 0 0 0 0 0 0 0 0 0 0 0 0 0 0 0 0 192599 4219 0 0 0 0 6874625 0 0 0 0 0 0 0 0 0 0 0 0 0 0 0 0 0 0 0 0 0 0 0 0 0 0 0 0 0 0 0 0 0 0 0 0 0 0 0 0 0 0 0 0 0 0 0 0 0 0 0 0 0 0 0 0 0 0 0 0 0 0 0 0 0 0 0 0 0 0 0 0 0 0 0 48841422 0 0 0
ctxt 118842550
btime 1669654930
processes 352861
procs_running 1
procs_blocked 0
softirq 220021940 142065905 18583875 397609 7592883 200292 0 23933096 20721792 474 6526014

cpu  351414 25503 646819 380588934 40683 0 400893 0 0 0
cpu0 70891 8456 122814 95162711 9208 0 85726 0 0 0
cpu1 116010 9074 252756 95016593 10143 0 131856 0 0 0
cpu2 85966 2509 144321 95211314 10527 0 96182 0 0 0
cpu3 78546 5462 126926 95198315 10804 0 87128 0 0 0
intr 8267971667 0 0 1508891 81 0 442388 16066207 0 0 0 6580171 0 0 0 0 0 0 0 0 0 0 0 0 0 0 0 0 0 0 0 0 0 0 0 0 0 0 0 0 0 0 0 0 0 0 0 0 0 0 0 0 3543388110 0 0 0 0 0 0 0 0 190262 0 200297 0 0 0 0 0 0 0 0 0 0 0 348714530 1 0 0 0 0 0 0 0 0 0 0 0 0 0 0 0 0 0 0 0 0 0 0 192599 4219 0 0 0 0 6874673 0 0 0 0 0 0 0 0 0 0 0 0 0 0 0 0 0 0 0 0 0 0 0 0 0 0 0 0 0 0 0 0 0 0 0 0 0 0 0 0 0 0 0 0 0 0 0 0 0 0 0 0 0 0 0 0 0 0 0 0 0 0 0 0 0 0 0 0 0 0 0 0 0 0 0 48841943 0 0 0
ctxt 118843674
btime 1669654930
processes 352861
procs_running 1
procs_blocked 0
softirq 220022092 142065913 18583897 397609 7592886 200292 0 23933137 20721828 474 6526056

cpu  351415 25503 646822 380589128 40683 0 400893 0 0 0
cpu0 70891 8456 122814 95162760 9208 0 85726 0 0 0
cpu1 116011 9074 252759 95016639 10143 0 131856 0 0 0
cpu2 85966 2509 144321 95211363 10527 0 96182 0 0 0
cpu3 78546 5462 126926 95198364 10804 0 87128 0 0 0
intr 8267976335 0 0 1508893 81 0 442388 16066228 0 0 0 6580176 0 0 0 0 0 0 0 0 0 0 0 0 0 0 0 0 0 0 0 0 0 0 0 0 0 0 0 0 0 0 0 0 0 0 0 0 0 0 0 0 3543392116 0 0 0 0 0 0 0 0 190263 0 200297 0 0 0 0 0 0 0 0 0 0 0 348714658 1 0 0 0 0 0 0 0 0 0 0 0 0 0 0 0 0 0 0 0 0 0 0 192599 4219 0 0 0 0 6874686 0 0 0 0 0 0 0 0 0 0 0 0 0 0 0 0 0 0 0 0 0 0 0 0 0 0 0 0 0 0 0 0 0 0 0 0 0 0 0 0 0 0 0 0 0 0 0 0 0 0 0 0 0 0 0 0 0 0 0 0 0 0 0 0 0 0 0 0 0 0 0 0 0 0 0 48842435 0 0 0
ctxt 118844658
btime 1669654930
processes 352861
procs_running 1
procs_blocked 0
softirq 220022158 142065913 18583910 397609 7592887 200292 0 23933149 20721853 474 6526071

cpu  351416 25503 646824 380589321 40683 0 400893 0 0 0
cpu0 70891 8456 122814 95162810 9208 0 85726 0 0 0
cpu1 116012 9074 252760 95016684 10143 0 131856 0 0 0
cpu2 85966 2509 144321 95211412 10527 0 96182 0 0 0
cpu3 78546 5462 126926 95198413 10804 0 87128 0 0 0
intr 8267981075 0 0 1508898 81 0 442388 16066264 0 0 0 6580181 0 0 0 0 0 0 0 0 0 0 0 0 0 0 0 0 0 0 0 0 0 0 0 0 0 0 0 0 0 0 0 0 0 0 0 0 0 0 0 0 3543396136 0 0 0 0 0 0 0 0 190264 0 200297 0 0 0 0 0 0 0 0 0 0 0 348714812 1 0 0 0 0 0 0 0 0 0 0 0 0 0 0 0 0 0 0 0 0 0 0 192599 4219 0 0 0 0 6874711 0 0 0 0 0 0 0 0 0 0 0 0 0 0 0 0 0 0 0 0 0 0 0 0 0 0 0 0 0 0 0 0 0 0 0 0 0 0 0 0 0 0 0 0 0 0 0 0 0 0 0 0 0 0 0 0 0 0 0 0 0 0 0 0 0 0 0 0 0 0 0 0 0 0 0 48842928 0 0 0
ctxt 118845677
btime 1669654930
processes 352861
procs_running 1
procs_blocked 0
softirq 220022240 142065921 18583924 397609 7592889 200292 0 23933170 20721877 474 6526084

cpu  351418 25503 646825 380589515 40683 0 400893 0 0 0
cpu0 70891 8456 122814 95162859 9208 0 85726 0 0 0
cpu1 116014 9074 252762 95016730 10143 0 131856 0 0 0
cpu2 85966 2509 144321 95211461 10527 0 96182 0 0 0
cpu3 78546 5462 126926 95198463 10804 0 87128 0 0 0
intr 8267985751 0 0 1508902 81 0 442388 16066289 0 0 0 6580186 0 0 0 0 0 0 0 0 0 0 0 0 0 0 0 0 0 0 0 0 0 0 0 0 0 0 0 0 0 0 0 0 0 0 0 0 0 0 0 0 3543400133 0 0 0 0 0 0 0 0 190265 0 200298 0 0 0 0 0 0 0 0 0 0 0 348714940 1 0 0 0 0 0 0 0 0 0 0 0 0 0 0 0 0 0 0 0 0 0 0 192600 4219 0 0 0 0 6874726 0 0 0 0 0 0 0 0 0 0 0 0 0 0 0 0 0 0 0 0 0 0 0 0 0 0 0 0 0 0 0 0 0 0 0 0 0 0 0 0 0 0 0 0 0 0 0 0 0 0 0 0 0 0 0 0 0 0 0 0 0 0 0 0 0 0 0 0 0 0 0 0 0 0 0 48843427 0 0 0
ctxt 118846684
btime 1669654930
processes 352861
procs_running 1
procs_blocked 0
softirq 220022318 142065921 18583941 397609 7592890 200293 0 23933187 20721906 474 6526097

cpu  351418 25503 646827 380589708 40683 0 400893 0 0 0
cpu0 70891 8456 122814 95162909 9208 0 85726 0 0 0
cpu1 116014 9074 252764 95016775 10143 0 131856 0 0 0
cpu2 85966 2509 144321 95211510 10527 0 96182 0 0 0
cpu3 78546 5462 126926 95198512 10804 0 87128 0 0 0
intr 8267990492 0 0 1508908 81 0 442388 16066319 0 0 0 6580191 0 0 0 0 0 0 0 0 0 0 0 0 0 0 0 0 0 0 0 0 0 0 0 0 0 0 0 0 0 0 0 0 0 0 0 0 0 0 0 0 3543404163 0 0 0 0 0 0 0 0 190266 0 200300 0 0 0 0 0 0 0 0 0 0 0 348715094 1 0 0 0 0 0 0 0 0 0 0 0 0 0 0 0 0 0 0 0 0 0 0 192602 4219 0 0 0 0 6874741 0 0 0 0 0 0 0 0 0 0 0 0 0 0 0 0 0 0 0 0 0 0 0 0 0 0 0 0 0 0 0 0 0 0 0 0 0 0 0 0 0 0 0 0 0 0 0 0 0 0 0 0 0 0 0 0 0 0 0 0 0 0 0 0 0 0 0 0 0 0 0 0 0 0 0 48843924 0 0 0
ctxt 118847711
btime 1669654930
processes 352861
procs_running 1
procs_blocked 0
softirq 220022405 142065929 18583957 397609 7592891 200295 0 23933207 20721934 474 6526109

cpu  351418 25503 646830 380589901 40683 0 400893 0 0 0
cpu0 70891 8456 122814 95162958 9208 0 85726 0 0 0
cpu1 116014 9074 252766 95016821 10143 0 131856 0 0 0
cpu2 85966 2509 144321 95211559 10527 0 96182 0 0 0
cpu3 78546 5462 126926 95198561 10804 0 87128 0 0 0
intr 8267995147 0 0 1508910 81 0 442388 16066339 0 0 0 6580196 0 0 0 0 0 0 0 0 0 0 0 0 0 0 0 0 0 0 0 0 0 0 0 0 0 0 0 0 0 0 0 0 0 0 0 0 0 0 0 0 3543408158 0 0 0 0 0 0 0 0 190267 0 200300 0 0 0 0 0 0 0 0 0 0 0 348715222 1 0 0 0 0 0 0 0 0 0 0 0 0 0 0 0 0 0 0 0 0 0 0 192602 4219 0 0 0 0 6874756 0 0 0 0 0 0 0 0 0 0 0 0 0 0 0 0 0 0 0 0 0 0 0 0 0 0 0 0 0 0 0 0 0 0 0 0 0 0 0 0 0 0 0 0 0 0 0 0 0 0 0 0 0 0 0 0 0 0 0 0 0 0 0 0 0 0 0 0 0 0 0 0 0 0 0 48844414 0 0 0
ctxt 118848693
btime 1669654930
processes 352861
procs_running 1
procs_blocked 0
softirq 220022473 142065929 18583971 397609 7592892 200295 0 23933221 20721961 474 6526121

cpu  351419 25503 646833 380590093 40683 0 400893 0 0 0
cpu0 70891 8456 122816 95163006 9208 0 85726 0 0 0
cpu1 116014 9074 252768 95016867 10143 0 131856 0 0 0
cpu2 85966 2509 144321 95211608 10527 0 96182 0 0 0
cpu3 78546 5462 126926 95198610 10804 0 87128 0 0 0
intr 8267999887 0 0 1508917 81 0 442388 16066367 0 0 0 6580201 0 0 0 0 0 0 0 0 0 0 0 0 0 0 0 0 0 0 0 0 0 0 0 0 0 0 0 0 0 0 0 0 0 0 0 0 0 0 0 0 3543412183 0 0 0 0 0 0 0 0 190268 0 200300 0 0 0 0 0 0 0 0 0 0 0 348715376 1 0 0 0 0 0 0 0 0 0 0 0 0 0 0 0 0 0 0 0 0 0 0 192602 4219 0 0 0 0 6874771 0 0 0 0 0 0 0 0 0 0 0 0 0 0 0 0 0 0 0 0 0 0 0 0 0 0 0 0 0 0 0 0 0 0 0 0 0 0 0 0 0 0 0 0 0 0 0 0 0 0 0 0 0 0 0 0 0 0 0 0 0 0 0 0 0 0 0 0 0 0 0 0 0 0 0 48844918 0 0 0
ctxt 118849702
btime 1669654930
processes 352861
procs_running 2
procs_blocked 0
softirq 220022560 142065937 18583988 397610 7592893 200295 0 23933236 20721990 474 6526137

cpu  351420 25503 646835 380590285 40683 0 400893 0 0 0
cpu0 70892 8456 122816 95163054 9208 0 85726 0 0 0
cpu1 116015 9074 252770 95016913 10143 0 131856 0 0 0
cpu2 85966 2509 144321 95211657 10527 0 96182 0 0 0
cpu3 78546 5462 126926 95198660 10804 0 87128 0 0 0
intr 8268004633 0 0 1508919 81 0 442388 16066423 0 0 0 6580206 0 0 0 0 0 0 0 0 0 0 0 0 0 0 0 0 0 0 0 0 0 0 0 0 0 0 0 0 0 0 0 0 0 0 0 0 0 0 0 0 3543416187 0 0 0 0 0 0 0 0 190270 0 200300 0 0 0 0 0 0 0 0 0 0 0 348715504 1 0 0 0 0 0 0 0 0 0 0 0 0 0 0 0 0 0 0 0 0 0 0 192602 4219 0 0 0 0 6874811 0 0 0 0 0 0 0 0 0 0 0 0 0 0 0 0 0 0 0 0 0 0 0 0 0 0 0 0 0 0 0 0 0 0 0 0 0 0 0 0 0 0 0 0 0 0 0 0 0 0 0 0 0 0 0 0 0 0 0 0 0 0 0 0 0 0 0 0 0 0 0 0 0 0 0 48845427 0 0 0
ctxt 118850779
btime 1669654930
processes 352861
procs_running 1
procs_blocked 0
softirq 220022686 142065937 18584009 397610 7592896 200295 0 23933271 20722023 474 6526171

cpu  351421 25503 646838 380590478 40683 0 400893 0 0 0
cpu0 70892 8456 122816 95163103 9208 0 85726 0 0 0
cpu1 116015 9074 252772 95016958 10143 0 131856 0 0 0
cpu2 85966 2509 144321 95211706 10527 0 96182 0 0 0
cpu3 78546 5462 126927 95198709 10804 0 87128 0 0 0
intr 8268009348 0 0 1508923 81 0 442388 16066443 0 0 0 6580211 0 0 0 0 0 0 0 0 0 0 0 0 0 0 0 0 0 0 0 0 0 0 0 0 0 0 0 0 0 0 0 0 0 0 0 0 0 0 0 0 3543420212 0 0 0 0 0 0 0 0 190271 0 200300 0 0 0 0 0 0 0 0 0 0 0 348715658 1 0 0 0 0 0 0 0 0 0 0 0 0 0 0 0 0 0 0 0 0 0 0 192602 4219 0 0 0 0 6874826 0 0 0 0 0 0 0 0 0 0 0 0 0 0 0 0 0 0 0 0 0 0 0 0 0 0 0 0 0 0 0 0 0 0 0 0 0 0 0 0 0 0 0 0 0 0 0 0 0 0 0 0 0 0 0 0 0 0 0 0 0 0 0 0 0 0 0 0 0 0 0 0 0 0 0 48845918 0 0 0
ctxt 118851777
btime 1669654930
processes 352861
procs_running 1
procs_blocked 0
softirq 220022762 142065945 18584025 397610 7592897 200295 0 23933284 20722049 474 6526183

cpu  351421 25503 646840 380590672 40683 0 400893 0 0 0
cpu0 70892 8456 122816 95163152 9208 0 85726 0 0 0
cpu1 116015 9074 252774 95017004 10143 0 131856 0 0 0
cpu2 85966 2509 144321 95211755 10527 0 96182 0 0 0
cpu3 78546 5462 126927 95198758 10804 0 87128 0 0 0
intr 8268014061 0 0 1508935 81 0 442388 16066481 0 0 0 6580215 0 0 0 0 0 0 0 0 0 0 0 0 0 0 0 0 0 0 0 0 0 0 0 0 0 0 0 0 0 0 0 0 0 0 0 0 0 0 0 0 3543424208 0 0 0 0 0 0 0 0 190272 0 200300 0 0 0 0 0 0 0 0 0 0 0 348715786 1 0 0 0 0 0 0 0 0 0 0 0 0 0 0 0 0 0 0 0 0 0 0 192602 4219 0 0 0 0 6874856 0 0 0 0 0 0 0 0 0 0 0 0 0 0 0 0 0 0 0 0 0 0 0 0 0 0 0 0 0 0 0 0 0 0 0 0 0 0 0 0 0 0 0 0 0 0 0 0 0 0 0 0 0 0 0 0 0 0 0 0 0 0 0 0 0 0 0 0 0 0 0 0 0 0 0 48846421 0 0 0
ctxt 118852801
btime 1669654930
processes 352861
procs_running 2
procs_blocked 0
softirq 220022857 142065945 18584043 397610 7592899 200295 0 23933310 20722077 474 6526204

cpu  351422 25503 646842 380590866 40683 0 400893 0 0 0
cpu0 70892 8456 122816 95163202 9208 0 85726 0 0 0
cpu1 116016 9074 252776 95017050 10143 0 131856 0 0 0
cpu2 85966 2509 144321 95211804 10527 0 96182 0 0 0
cpu3 78546 5462 126927 95198808 10804 0 87128 0 0 0
intr 8268018791 0 0 1508940 81 0 442388 16066511 0 0 0 6580220 0 0 0 0 0 0 0 0 0 0 0 0 0 0 0 0 0 0 0 0 0 0 0 0 0 0 0 0 0 0 0 0 0 0 0 0 0 0 0 0 3543428237 0 0 0 0 0 0 0 0 190273 0 200300 0 0 0 0 0 0 0 0 0 0 0 348715940 1 0 0 0 0 0 0 0 0 0 0 0 0 0 0 0 0 0 0 0 0 0 0 192602 4219 0 0 0 0 6874871 0 0 0 0 0 0 0 0 0 0 0 0 0 0 0 0 0 0 0 0 0 0 0 0 0 0 0 0 0 0 0 0 0 0 0 0 0 0 0 0 0 0 0 0 0 0 0 0 0 0 0 0 0 0 0 0 0 0 0 0 0 0 0 0 0 0 0 0 0 0 0 0 0 0 0 48846913 0 0 0
ctxt 118853803
btime 1669654930
processes 352861
procs_running 1
procs_blocked 0
softirq 220022932 142065953 18584057 397610 7592900 200295 0 23933324 20722102 474 6526217

cpu  351422 25503 646843 380591059 40683 0 400893 0 0 0
cpu0 70892 8456 122816 95163251 9208 0 85726 0 0 0
cpu1 116016 9074 252777 95017096 10143 0 131856 0 0 0
cpu2 85966 2509 144321 95211853 10527 0 96182 0 0 0
cpu3 78546 5462 126927 95198857 10804 0 87128 0 0 0
intr 8268023506 0 0 1508948 81 0 442388 16066553 0 0 0 6580225 0 0 0 0 0 0 0 0 0 0 0 0 0 0 0 0 0 0 0 0 0 0 0 0 0 0 0 0 0 0 0 0 0 0 0 0 0 0 0 0 3543432233 0 0 0 0 0 0 0 0 190274 0 200300 0 0 0 0 0 0 0 0 0 0 0 348716068 1 0 0 0 0 0 0 0 0 0 0 0 0 0 0 0 0 0 0 0 0 0 0 192602 4219 0 0 0 0 6874908 0 0 0 0 0 0 0 0 0 0 0 0 0 0 0 0 0 0 0 0 0 0 0 0 0 0 0 0 0 0 0 0 0 0 0 0 0 0 0 0 0 0 0 0 0 0 0 0 0 0 0 0 0 0 0 0 0 0 0 0 0 0 0 0 0 0 0 0 0 0 0 0 0 0 0 48847411 0 0 0
ctxt 118854842
btime 1669654930
processes 352861
procs_running 2
procs_blocked 0
softirq 220023020 142065953 18584073 397610 7592903 200295 0 23933355 20722126 474 6526231

cpu  351423 25503 646844 380591252 40683 0 400894 0 0 0
cpu0 70892 8456 122816 95163301 9208 0 85726 0 0 0
cpu1 116017 9074 252778 95017141 10143 0 131856 0 0 0
cpu2 85966 2509 144321 95211902 10527 0 96182 0 0 0
cpu3 78546 5462 126928 95198906 10804 0 87128 0 0 0
intr 8268028286 0 0 1508956 81 0 442388 16066602 0 0 0 6580230 0 0 0 0 0 0 0 0 0 0 0 0 0 0 0 0 0 0 0 0 0 0 0 0 0 0 0 0 0 0 0 0 0 0 0 0 0 0 0 0 3543436254 0 0 0 0 0 0 0 0 190275 0 200300 0 0 0 0 0 0 0 0 0 0 0 348716222 1 0 0 0 0 0 0 0 0 0 0 0 0 0 0 0 0 0 0 0 0 0 0 192602 4219 0 0 0 0 6874952 0 0 0 0 0 0 0 0 0 0 0 0 0 0 0 0 0 0 0 0 0 0 0 0 0 0 0 0 0 0 0 0 0 0 0 0 0 0 0 0 0 0 0 0 0 0 0 0 0 0 0 0 0 0 0 0 0 0 0 0 0 0 0 0 0 0 0 0 0 0 0 0 0 0 0 48847909 0 0 0
ctxt 118855901
btime 1669654930
processes 352861
procs_running 2
procs_blocked 0
softirq 220023125 142065961 18584089 397610 7592907 200295 0 23933391 20722154 474 6526244

cpu  351425 25503 646848 380591441 40683 0 400894 0 0 0
cpu0 70893 8456 122819 95163346 9208 0 85726 0 0 0
cpu1 116018 9074 252779 95017187 10143 0 131856 0 0 0
cpu2 85967 2509 144321 95211951 10527 0 96182 0 0 0
cpu3 78546 5462 126928 95198955 10804 0 87128 0 0 0
intr 8268033151 0 0 1508964 81 0 442388 16066699 0 0 0 6580235 0 0 0 0 0 0 0 0 0 0 0 0 0 0 0 0 0 0 0 0 0 0 0 0 0 0 0 0 0 0 0 0 0 0 0 0 0 0 0 0 3543440258 0 0 0 0 0 0 0 0 190277 0 200300 0 0 0 0 0 0 0 0 0 0 0 348716350 1 0 0 0 0 0 0 0 0 0 0 0 0 0 0 0 0 0 0 0 0 0 0 192602 4219 0 0 0 0 6875048 0 0 0 0 0 0 0 0 0 0 0 0 0 0 0 0 0 0 0 0 0 0 0 0 0 0 0 0 0 0 0 0 0 0 0 0 0 0 0 0 0 0 0 0 0 0 0 0 0 0 0 0 0 0 0 0 0 0 0 0 0 0 0 0 0 0 0 0 0 0 0 0 0 0 0 48848434 0 0 0
ctxt 118857092
btime 1669654930
processes 352861
procs_running 1
procs_blocked 0
softirq 220023312 142065961 18584112 397610 7592916 200295 0 23933464 20722190 474 6526290

cpu  351427 25503 646850 380591634 40683 0 400894 0 0 0
cpu0 70893 8456 122819 95163395 9208 0 85726 0 0 0
cpu1 116020 9074 252780 95017233 10143 0 131856 0 0 0
cpu2 85967 2509 144321 95212000 10527 0 96182 0 0 0
cpu3 78546 5462 126928 95199005 10804 0 87128 0 0 0
intr 8268037907 0 0 1508967 81 0 442389 16066740 0 0 0 6580240 0 0 0 0 0 0 0 0 0 0 0 0 0 0 0 0 0 0 0 0 0 0 0 0 0 0 0 0 0 0 0 0 0 0 0 0 0 0 0 0 3543444279 0 0 0 0 0 0 0 0 190278 0 200300 0 0 0 0 0 0 0 0 0 0 0 348716504 1 0 0 0 0 0 0 0 0 0 0 0 0 0 0 0 0 0 0 0 0 0 0 192602 4219 0 0 0 0 6875083 0 0 0 0 0 0 0 0 0 0 0 0 0 0 0 0 0 0 0 0 0 0 0 0 0 0 0 0 0 0 0 0 0 0 0 0 0 0 0 0 0 0 0 0 0 0 0 0 0 0 0 0 0 0 0 0 0 0 0 0 0 0 0 0 0 0 0 0 0 0 0 0 0 0 0 48848929 0 0 0
ctxt 118858135
btime 1669654930
processes 352861
procs_running 1
procs_blocked 0
softirq 220023408 142065969 18584127 397610 7592919 200295 0 23933493 20722219 474 6526302

cpu  351428 25503 646851 380591827 40683 0 400894 0 0 0
cpu0 70893 8456 122819 95163444 9208 0 85726 0 0 0
cpu1 116020 9074 252782 95017278 10143 0 131856 0 0 0
cpu2 85967 2509 144321 95212049 10527 0 96182 0 0 0
cpu3 78547 5462 126928 95199054 10804 0 87128 0 0 0
intr 8268042622 0 0 1508971 81 0 442389 16066774 0 0 0 6580245 0 0 0 0 0 0 0 0 0 0 0 0 0 0 0 0 0 0 0 0 0 0 0 0 0 0 0 0 0 0 0 0 0 0 0 0 0 0 0 0 3543448284 0 0 0 0 0 0 0 0 190279 0 200304 0 0 0 0 0 0 0 0 0 0 0 348716632 1 0 0 0 0 0 0 0 0 0 0 0 0 0 0 0 0 0 0 0 0 0 0 192606 4219 0 0 0 0 6875111 0 0 0 0 0 0 0 0 0 0 0 0 0 0 0 0 0 0 0 0 0 0 0 0 0 0 0 0 0 0 0 0 0 0 0 0 0 0 0 0 0 0 0 0 0 0 0 0 0 0 0 0 0 0 0 0 0 0 0 0 0 0 0 0 0 0 0 0 0 0 0 0 0 0 0 48849431 0 0 0
ctxt 118859183
btime 1669654930
processes 352861
procs_running 1
procs_blocked 0
softirq 220023523 142065969 18584148 397610 7592921 200299 0 23933528 20722253 474 6526321

cpu  351428 25503 646854 380592020 40683 0 400894 0 0 0
cpu0 70893 8456 122819 95163494 9208 0 85726 0 0 0
cpu1 116020 9074 252785 95017324 10143 0 131856 0 0 0
cpu2 85967 2509 144321 95212098 10527 0 96182 0 0 0
cpu3 78547 5462 126928 95199103 10804 0 87128 0 0 0
intr 8268047343 0 0 1508975 81 0 442389 16066801 0 0 0 6580250 0 0 0 0 0 0 0 0 0 0 0 0 0 0 0 0 0 0 0 0 0 0 0 0 0 0 0 0 0 0 0 0 0 0 0 0 0 0 0 0 3543452303 0 0 0 0 0 0 0 0 190280 0 200304 0 0 0 0 0 0 0 0 0 0 0 348716784 1 0 0 0 0 0 0 0 0 0 0 0 0 0 0 0 0 0 0 0 0 0 0 192606 4219 0 0 0 0 6875126 0 0 0 0 0 0 0 0 0 0 0 0 0 0 0 0 0 0 0 0 0 0 0 0 0 0 0 0 0 0 0 0 0 0 0 0 0 0 0 0 0 0 0 0 0 0 0 0 0 0 0 0 0 0 0 0 0 0 0 0 0 0 0 0 0 0 0 0 0 0 0 0 0 0 0 48849929 0 0 0
ctxt 118860197
btime 1669654930
processes 352861
procs_running 1
procs_blocked 0
softirq 220023603 142065977 18584164 397611 7592922 200299 0 23933542 20722280 474 6526334
