Latency
956585
1231826
1509547
1761179
2014815
2312567
2563183
2813584
3097652
3348303
3598834
713636
981580
1245436
1498846
1751401
2006745
2420699
2704802
2957176
3210693
3493434
1107852
1393393
1679912
1934324
2188006
2440421
2728585
2979837
3270858
3562426
742423
997518
1286934
1537924
1793125
2043898
2293306
2542828
2828716
3085536
3376619
774987
1024775
1275404
1526072
1776782
2027449
2278251
2564981
2833780
3102278
3352701
816186
1089691
1342019
1635640
1886071
2234618
2512548
2762950
3046872
3299312
3549820
736763
1011126
1285371
1585202
1876335
2162932
2425707
2712140
3148126
3415045
3664560
1161706
1440158
1692548
1947192
2232595
2520271
2781032
3070104
3359486
3647448
923825
1221809
1496441
1769523
2040257
2303796
2590294
3193981
3467835
3727618
4028887
1007308
1283820
1536348
1792296
2084314
2352422
2614151
2866628
3131806
3407860
3657258
1109460
1377502
1640054
1895615
2144980
2433570
2684039
2938469
3194084
3447547
3697056
719991
1001446
1290189
1540358
1790946
2041773
2292365
2542091
2793401
3044005
3294431
1055771
1312872
1562365
1813916
2064300
2348782
2601275
2852724
3104075
3355676
3614687
751188
1017886
1269221
1520795
1805620
2070440
2333045
3138179
3398644
3685544
3940256
988623
1253024
1533916
1793589
2055188
2324433
2579154
2870632
3121004
3865730
4124310
577405
842981
1122196
1392038
1736375
2025468
2309167
2568202
2821541
3106630
806890
1096541
1372470
1626420
1880421
2139470
2390682
2683694
2971884
3258754
1192812
1458354
1713795
1965249
2251187
2502544
2757279
3034070
3324321
3574903
1053452
1303748
1554225
1810626
2092464
2343043
2594410
2877042
3130396
3479501
3756938
1136894
1417732
1675072
1925380
2195217
2459897
2748781
3042271
3321242
3583815
3834247
1083732
1360154
1611833
1899076
2157663
2431438
2690966
2946551
3233512
3527088
3777766
902570
1173022
1424507
1675992
1965987
2218490
2467973
2718429
3419455
3678770
3929463
800143
1086175
1361851
1620500
1873060
2136418
2389397
2668881
2945539
3201867
3495220
1052476
1345347
1602150
1854443
2142701
2394931
2683746
2978541
3228970
3480538
682914
958059
1239989
1506833
1764402
2381466
2637810
2913549
3169236
3425882
3714189
