cpu  5757652 47942 3301052 613083346 5112266 0 931751 0 0 0
cpu0 797126 9643 568002 154056399 1444415 0 220597 0 0 0
cpu1 1285508 12396 1513958 152531572 1380058 0 262424 0 0 0
cpu2 2980954 15160 601795 152482089 913839 0 207825 0 0 0
cpu3 694063 10742 617296 154013285 1373951 0 240905 0 0 0
intr 13655441939 0 0 3722585 75 0 736678 42077857 0 0 0 10691983 0 0 0 0 0 0 0 0 0 0 0 0 0 0 0 0 0 0 0 0 0 0 0 0 0 0 0 0 0 0 0 0 0 0 0 0 0 0 0 0 4285912303 0 0 0 0 0 0 0 0 166953 0 7500881 0 0 0 0 0 0 0 0 0 0 0 565765003 1 0 0 0 0 0 0 0 0 0 0 0 0 0 0 0 0 0 0 0 0 0 0 329302 4206 0 0 0 0 13851733 0 0 0 0 0 0 0 0 0 0 0 0 0 0 0 0 0 0 0 0 0 0 0 0 0 0 0 0 0 0 0 0 0 0 0 0 0 0 0 0 0 0 0 0 0 0 0 0 0 0 0 0 0 0 0 0 0 0 0 0 0 0 0 0 0 0 0 0 0 0 0 0 0 0 0 134747789 0 0 0
ctxt 329843890
btime 1671453272
processes 572521
procs_running 2
procs_blocked 0
softirq 433507630 251932739 34294997 853868 16124142 7499571 0 55520382 40908436 129 26373366

cpu  5757652 47942 3301054 613083540 5112266 0 931751 0 0 0
cpu0 797126 9643 568002 154056448 1444415 0 220597 0 0 0
cpu1 1285508 12396 1513959 152531618 1380058 0 262424 0 0 0
cpu2 2980954 15160 601795 152482139 913839 0 207825 0 0 0
cpu3 694064 10742 617296 154013334 1373951 0 240905 0 0 0
intr 13655446630 0 0 3722589 75 0 736678 42077889 0 0 0 10691988 0 0 0 0 0 0 0 0 0 0 0 0 0 0 0 0 0 0 0 0 0 0 0 0 0 0 0 0 0 0 0 0 0 0 0 0 0 0 0 0 4285916307 0 0 0 0 0 0 0 0 166953 0 7500881 0 0 0 0 0 0 0 0 0 0 0 565765133 1 0 0 0 0 0 0 0 0 0 0 0 0 0 0 0 0 0 0 0 0 0 0 329302 4206 0 0 0 0 13851755 0 0 0 0 0 0 0 0 0 0 0 0 0 0 0 0 0 0 0 0 0 0 0 0 0 0 0 0 0 0 0 0 0 0 0 0 0 0 0 0 0 0 0 0 0 0 0 0 0 0 0 0 0 0 0 0 0 0 0 0 0 0 0 0 0 0 0 0 0 0 0 0 0 0 0 134748282 0 0 0
ctxt 329844890
btime 1671453272
processes 572521
procs_running 1
procs_blocked 0
softirq 433507708 251932739 34295014 853868 16124143 7499571 0 55520401 40908463 129 26373380

cpu  5757658 47942 3301067 613083717 5112266 0 931751 0 0 0
cpu0 797127 9643 568005 154056494 1444415 0 220597 0 0 0
cpu1 1285510 12396 1513965 152531658 1380058 0 262424 0 0 0
cpu2 2980955 15160 601798 152482184 913839 0 207825 0 0 0
cpu3 694066 10742 617297 154013381 1373951 0 240905 0 0 0
intr 13655451651 0 0 3722597 75 0 736742 42078014 0 0 0 10691993 0 0 0 0 0 0 0 0 0 0 0 0 0 0 0 0 0 0 0 0 0 0 0 0 0 0 0 0 0 0 0 0 0 0 0 0 0 0 0 0 4285920335 0 0 0 0 0 0 0 0 166953 0 7500881 0 0 0 0 0 0 0 0 0 0 0 565765285 1 0 0 0 0 0 0 0 0 0 0 0 0 0 0 0 0 0 0 0 0 0 0 329302 4206 0 0 0 0 13851777 0 0 0 0 0 0 0 0 0 0 0 0 0 0 0 0 0 0 0 0 0 0 0 0 0 0 0 0 0 0 0 0 0 0 0 0 0 0 0 0 0 0 0 0 0 0 0 0 0 0 0 0 0 0 0 0 0 0 0 0 0 0 0 0 0 0 0 0 0 0 0 0 0 0 0 134748898 0 0 0
ctxt 329846261
btime 1671453272
processes 572562
procs_running 2
procs_blocked 0
softirq 433507989 251932747 34295051 853868 16124144 7499571 0 55520421 40908574 129 26373484

cpu  5757660 47942 3301073 613083898 5112271 0 931752 0 0 0
cpu0 797128 9643 568006 154056540 1444415 0 220597 0 0 0
cpu1 1285510 12396 1513968 152531702 1380058 0 262424 0 0 0
cpu2 2980955 15160 601800 152482225 913844 0 207825 0 0 0
cpu3 694066 10742 617299 154013429 1373951 0 240905 0 0 0
intr 13655456582 0 0 3722598 75 0 736763 42078120 0 0 0 10691993 0 0 0 0 0 0 0 0 0 0 0 0 0 0 0 0 0 0 0 0 0 0 0 0 0 0 0 0 0 0 0 0 0 0 0 0 0 0 0 0 4285924338 0 0 0 0 0 0 0 0 166953 0 7500915 0 0 0 0 0 0 0 0 0 0 0 565765415 1 0 0 0 0 0 0 0 0 0 0 0 0 0 0 0 0 0 0 0 0 0 0 329336 4206 0 0 0 0 13851803 0 0 0 0 0 0 0 0 0 0 0 0 0 0 0 0 0 0 0 0 0 0 0 0 0 0 0 0 0 0 0 0 0 0 0 0 0 0 0 0 0 0 0 0 0 0 0 0 0 0 0 0 0 0 0 0 0 0 0 0 0 0 0 0 0 0 0 0 0 0 0 0 0 0 0 134749476 0 0 0
ctxt 329847764
btime 1671453272
processes 572576
procs_running 1
procs_blocked 0
softirq 433508328 251932747 34295082 853868 16124145 7499605 0 55520544 40908652 129 26373556

cpu  5757661 47942 3301074 613084091 5112271 0 931752 0 0 0
cpu0 797128 9643 568006 154056589 1444415 0 220597 0 0 0
cpu1 1285511 12396 1513968 152531747 1380058 0 262424 0 0 0
cpu2 2980955 15160 601800 152482275 913844 0 207825 0 0 0
cpu3 694066 10742 617299 154013478 1373951 0 240905 0 0 0
intr 13655461305 0 0 3722598 75 0 736763 42078158 0 0 0 10691993 0 0 0 0 0 0 0 0 0 0 0 0 0 0 0 0 0 0 0 0 0 0 0 0 0 0 0 0 0 0 0 0 0 0 0 0 0 0 0 0 4285928358 0 0 0 0 0 0 0 0 166953 0 7500915 0 0 0 0 0 0 0 0 0 0 0 565765567 1 0 0 0 0 0 0 0 0 0 0 0 0 0 0 0 0 0 0 0 0 0 0 329336 4206 0 0 0 0 13851825 0 0 0 0 0 0 0 0 0 0 0 0 0 0 0 0 0 0 0 0 0 0 0 0 0 0 0 0 0 0 0 0 0 0 0 0 0 0 0 0 0 0 0 0 0 0 0 0 0 0 0 0 0 0 0 0 0 0 0 0 0 0 0 0 0 0 0 0 0 0 0 0 0 0 0 134749966 0 0 0
ctxt 329848767
btime 1671453272
processes 572576
procs_running 1
procs_blocked 0
softirq 433508414 251932755 34295098 853868 16124146 7499605 0 55520562 40908681 129 26373570

cpu  5757662 47942 3301075 613084285 5112271 0 931752 0 0 0
cpu0 797128 9643 568006 154056639 1444415 0 220597 0 0 0
cpu1 1285512 12396 1513970 152531793 1380058 0 262424 0 0 0
cpu2 2980955 15160 601800 152482324 913844 0 207825 0 0 0
cpu3 694066 10742 617299 154013527 1373951 0 240905 0 0 0
intr 13655465985 0 0 3722598 75 0 736763 42078188 0 0 0 10691993 0 0 0 0 0 0 0 0 0 0 0 0 0 0 0 0 0 0 0 0 0 0 0 0 0 0 0 0 0 0 0 0 0 0 0 0 0 0 0 0 4285932362 0 0 0 0 0 0 0 0 166953 0 7500915 0 0 0 0 0 0 0 0 0 0 0 565765697 1 0 0 0 0 0 0 0 0 0 0 0 0 0 0 0 0 0 0 0 0 0 0 329336 4206 0 0 0 0 13851847 0 0 0 0 0 0 0 0 0 0 0 0 0 0 0 0 0 0 0 0 0 0 0 0 0 0 0 0 0 0 0 0 0 0 0 0 0 0 0 0 0 0 0 0 0 0 0 0 0 0 0 0 0 0 0 0 0 0 0 0 0 0 0 0 0 0 0 0 0 0 0 0 0 0 0 134750460 0 0 0
ctxt 329849757
btime 1671453272
processes 572576
procs_running 1
procs_blocked 0
softirq 433508487 251932755 34295113 853868 16124147 7499605 0 55520580 40908709 129 26373581

cpu  5757663 47942 3301078 613084478 5112271 0 931752 0 0 0
cpu0 797128 9643 568006 154056688 1444415 0 220597 0 0 0
cpu1 1285513 12396 1513972 152531839 1380058 0 262424 0 0 0
cpu2 2980955 15160 601800 152482373 913844 0 207825 0 0 0
cpu3 694066 10742 617299 154013577 1373951 0 240905 0 0 0
intr 13655470725 0 0 3722602 75 0 736763 42078221 0 0 0 10691993 0 0 0 0 0 0 0 0 0 0 0 0 0 0 0 0 0 0 0 0 0 0 0 0 0 0 0 0 0 0 0 0 0 0 0 0 0 0 0 0 4285936389 0 0 0 0 0 0 0 0 166953 0 7500915 0 0 0 0 0 0 0 0 0 0 0 565765849 1 0 0 0 0 0 0 0 0 0 0 0 0 0 0 0 0 0 0 0 0 0 0 329336 4206 0 0 0 0 13851869 0 0 0 0 0 0 0 0 0 0 0 0 0 0 0 0 0 0 0 0 0 0 0 0 0 0 0 0 0 0 0 0 0 0 0 0 0 0 0 0 0 0 0 0 0 0 0 0 0 0 0 0 0 0 0 0 0 0 0 0 0 0 0 0 0 0 0 0 0 0 0 0 0 0 0 134750962 0 0 0
ctxt 329850773
btime 1671453272
processes 572576
procs_running 1
procs_blocked 0
softirq 433508577 251932763 34295130 853868 16124148 7499605 0 55520600 40908740 129 26373594

cpu  5757663 47942 3301080 613084671 5112271 0 931752 0 0 0
cpu0 797128 9643 568006 154056737 1444415 0 220597 0 0 0
cpu1 1285514 12396 1513974 152531884 1380058 0 262424 0 0 0
cpu2 2980955 15160 601800 152482423 913844 0 207825 0 0 0
cpu3 694066 10742 617299 154013626 1373951 0 240905 0 0 0
intr 13655475389 0 0 3722603 75 0 736763 42078251 0 0 0 10691993 0 0 0 0 0 0 0 0 0 0 0 0 0 0 0 0 0 0 0 0 0 0 0 0 0 0 0 0 0 0 0 0 0 0 0 0 0 0 0 0 4285940378 0 0 0 0 0 0 0 0 166953 0 7500915 0 0 0 0 0 0 0 0 0 0 0 565765979 1 0 0 0 0 0 0 0 0 0 0 0 0 0 0 0 0 0 0 0 0 0 0 329336 4206 0 0 0 0 13851891 0 0 0 0 0 0 0 0 0 0 0 0 0 0 0 0 0 0 0 0 0 0 0 0 0 0 0 0 0 0 0 0 0 0 0 0 0 0 0 0 0 0 0 0 0 0 0 0 0 0 0 0 0 0 0 0 0 0 0 0 0 0 0 0 0 0 0 0 0 0 0 0 0 0 0 134751453 0 0 0
ctxt 329851764
btime 1671453272
processes 572576
procs_running 1
procs_blocked 0
softirq 433508653 251932763 34295147 853869 16124149 7499605 0 55520618 40908768 129 26373605

cpu  5757664 47942 3301082 613084865 5112271 0 931752 0 0 0
cpu0 797128 9643 568006 154056786 1444415 0 220597 0 0 0
cpu1 1285514 12396 1513975 152531930 1380058 0 262424 0 0 0
cpu2 2980955 15160 601801 152482472 913844 0 207825 0 0 0
cpu3 694066 10742 617299 154013675 1373951 0 240905 0 0 0
intr 13655480129 0 0 3722603 75 0 736763 42078289 0 0 0 10691993 0 0 0 0 0 0 0 0 0 0 0 0 0 0 0 0 0 0 0 0 0 0 0 0 0 0 0 0 0 0 0 0 0 0 0 0 0 0 0 0 4285944406 0 0 0 0 0 0 0 0 166953 0 7500915 0 0 0 0 0 0 0 0 0 0 0 565766131 1 0 0 0 0 0 0 0 0 0 0 0 0 0 0 0 0 0 0 0 0 0 0 329336 4206 0 0 0 0 13851913 0 0 0 0 0 0 0 0 0 0 0 0 0 0 0 0 0 0 0 0 0 0 0 0 0 0 0 0 0 0 0 0 0 0 0 0 0 0 0 0 0 0 0 0 0 0 0 0 0 0 0 0 0 0 0 0 0 0 0 0 0 0 0 0 0 0 0 0 0 0 0 0 0 0 0 134751954 0 0 0
ctxt 329852780
btime 1671453272
processes 572576
procs_running 1
procs_blocked 0
softirq 433508760 251932771 34295166 853869 16124150 7499605 0 55520637 40908806 129 26373627

cpu  5757666 47942 3301087 613085055 5112271 0 931752 0 0 0
cpu0 797128 9643 568008 154056832 1444415 0 220597 0 0 0
cpu1 1285515 12396 1513978 152531976 1380058 0 262424 0 0 0
cpu2 2980955 15160 601801 152482521 913844 0 207825 0 0 0
cpu3 694066 10742 617299 154013725 1373951 0 240905 0 0 0
intr 13655484892 0 0 3722603 75 0 736763 42078343 0 0 0 10691993 0 0 0 0 0 0 0 0 0 0 0 0 0 0 0 0 0 0 0 0 0 0 0 0 0 0 0 0 0 0 0 0 0 0 0 0 0 0 0 0 4285948409 0 0 0 0 0 0 0 0 166953 0 7500915 0 0 0 0 0 0 0 0 0 0 0 565766261 1 0 0 0 0 0 0 0 0 0 0 0 0 0 0 0 0 0 0 0 0 0 0 329336 4206 0 0 0 0 13851957 0 0 0 0 0 0 0 0 0 0 0 0 0 0 0 0 0 0 0 0 0 0 0 0 0 0 0 0 0 0 0 0 0 0 0 0 0 0 0 0 0 0 0 0 0 0 0 0 0 0 0 0 0 0 0 0 0 0 0 0 0 0 0 0 0 0 0 0 0 0 0 0 0 0 0 134752487 0 0 0
ctxt 329853853
btime 1671453272
processes 572576
procs_running 1
procs_blocked 0
softirq 433508916 251932771 34295190 853869 16124152 7499605 0 55520673 40908856 129 26373671

cpu  5757666 47942 3301088 613085249 5112271 0 931752 0 0 0
cpu0 797128 9643 568008 154056881 1444415 0 220597 0 0 0
cpu1 1285516 12396 1513978 152532022 1380058 0 262424 0 0 0
cpu2 2980955 15160 601801 152482570 913844 0 207825 0 0 0
cpu3 694066 10742 617299 154013774 1373951 0 240905 0 0 0
intr 13655489618 0 0 3722603 75 0 736763 42078381 0 0 0 10691993 0 0 0 0 0 0 0 0 0 0 0 0 0 0 0 0 0 0 0 0 0 0 0 0 0 0 0 0 0 0 0 0 0 0 0 0 0 0 0 0 4285952427 0 0 0 0 0 0 0 0 166953 0 7500915 0 0 0 0 0 0 0 0 0 0 0 565766413 1 0 0 0 0 0 0 0 0 0 0 0 0 0 0 0 0 0 0 0 0 0 0 329336 4206 0 0 0 0 13851979 0 0 0 0 0 0 0 0 0 0 0 0 0 0 0 0 0 0 0 0 0 0 0 0 0 0 0 0 0 0 0 0 0 0 0 0 0 0 0 0 0 0 0 0 0 0 0 0 0 0 0 0 0 0 0 0 0 0 0 0 0 0 0 0 0 0 0 0 0 0 0 0 0 0 0 134752982 0 0 0
ctxt 329854872
btime 1671453272
processes 572576
procs_running 1
procs_blocked 0
softirq 433509001 251932779 34295207 853869 16124153 7499605 0 55520693 40908883 129 26373683

cpu  5757667 47942 3301090 613085442 5112271 0 931752 0 0 0
cpu0 797128 9643 568008 154056931 1444415 0 220597 0 0 0
cpu1 1285517 12396 1513980 152532067 1380058 0 262424 0 0 0
cpu2 2980955 15160 601801 152482620 913844 0 207825 0 0 0
cpu3 694066 10742 617299 154013823 1373951 0 240905 0 0 0
intr 13655494301 0 0 3722604 75 0 736763 42078411 0 0 0 10691993 0 0 0 0 0 0 0 0 0 0 0 0 0 0 0 0 0 0 0 0 0 0 0 0 0 0 0 0 0 0 0 0 0 0 0 0 0 0 0 0 4285956431 0 0 0 0 0 0 0 0 166953 0 7500915 0 0 0 0 0 0 0 0 0 0 0 565766543 1 0 0 0 0 0 0 0 0 0 0 0 0 0 0 0 0 0 0 0 0 0 0 329336 4206 0 0 0 0 13852001 0 0 0 0 0 0 0 0 0 0 0 0 0 0 0 0 0 0 0 0 0 0 0 0 0 0 0 0 0 0 0 0 0 0 0 0 0 0 0 0 0 0 0 0 0 0 0 0 0 0 0 0 0 0 0 0 0 0 0 0 0 0 0 0 0 0 0 0 0 0 0 0 0 0 0 134753478 0 0 0
ctxt 329855867
btime 1671453272
processes 572576
procs_running 1
procs_blocked 0
softirq 433509081 251932779 34295224 853869 16124154 7499605 0 55520711 40908915 129 26373695

cpu  5757668 47942 3301091 613085635 5112271 0 931752 0 0 0
cpu0 797128 9643 568008 154056980 1444415 0 220597 0 0 0
cpu1 1285517 12396 1513981 152532113 1380058 0 262424 0 0 0
cpu2 2980955 15160 601801 152482669 913844 0 207825 0 0 0
cpu3 694066 10742 617299 154013872 1373951 0 240905 0 0 0
intr 13655499042 0 0 3722606 75 0 736763 42078450 0 0 0 10691994 0 0 0 0 0 0 0 0 0 0 0 0 0 0 0 0 0 0 0 0 0 0 0 0 0 0 0 0 0 0 0 0 0 0 0 0 0 0 0 0 4285960450 0 0 0 0 0 0 0 0 166953 0 7500922 0 0 0 0 0 0 0 0 0 0 0 565766695 1 0 0 0 0 0 0 0 0 0 0 0 0 0 0 0 0 0 0 0 0 0 0 329343 4206 0 0 0 0 13852023 0 0 0 0 0 0 0 0 0 0 0 0 0 0 0 0 0 0 0 0 0 0 0 0 0 0 0 0 0 0 0 0 0 0 0 0 0 0 0 0 0 0 0 0 0 0 0 0 0 0 0 0 0 0 0 0 0 0 0 0 0 0 0 0 0 0 0 0 0 0 0 0 0 0 0 134753971 0 0 0
ctxt 329856939
btime 1671453272
processes 572576
procs_running 1
procs_blocked 0
softirq 433509195 251932787 34295242 853869 16124155 7499612 0 55520752 40908942 129 26373707

cpu  5757668 47942 3301092 613085829 5112271 0 931752 0 0 0
cpu0 797128 9643 568008 154057029 1444415 0 220597 0 0 0
cpu1 1285518 12396 1513982 152532158 1380058 0 262424 0 0 0
cpu2 2980955 15160 601801 152482718 913844 0 207825 0 0 0
cpu3 694066 10742 617299 154013922 1373951 0 240905 0 0 0
intr 13655503732 0 0 3722608 75 0 736763 42078483 0 0 0 10691999 0 0 0 0 0 0 0 0 0 0 0 0 0 0 0 0 0 0 0 0 0 0 0 0 0 0 0 0 0 0 0 0 0 0 0 0 0 0 0 0 4285964455 0 0 0 0 0 0 0 0 166953 0 7500922 0 0 0 0 0 0 0 0 0 0 0 565766825 1 0 0 0 0 0 0 0 0 0 0 0 0 0 0 0 0 0 0 0 0 0 0 329343 4206 0 0 0 0 13852045 0 0 0 0 0 0 0 0 0 0 0 0 0 0 0 0 0 0 0 0 0 0 0 0 0 0 0 0 0 0 0 0 0 0 0 0 0 0 0 0 0 0 0 0 0 0 0 0 0 0 0 0 0 0 0 0 0 0 0 0 0 0 0 0 0 0 0 0 0 0 0 0 0 0 0 134754464 0 0 0
ctxt 329857938
btime 1671453272
processes 572576
procs_running 1
procs_blocked 0
softirq 433509270 251932787 34295257 853869 16124156 7499612 0 55520770 40908970 129 26373720

cpu  5757669 47942 3301094 613086022 5112271 0 931752 0 0 0
cpu0 797128 9643 568008 154057079 1444415 0 220597 0 0 0
cpu1 1285519 12396 1513984 152532203 1380058 0 262424 0 0 0
cpu2 2980955 15160 601801 152482767 913844 0 207825 0 0 0
cpu3 694066 10742 617299 154013971 1373951 0 240905 0 0 0
intr 13655508498 0 0 3722616 75 0 736763 42078530 0 0 0 10692004 0 0 0 0 0 0 0 0 0 0 0 0 0 0 0 0 0 0 0 0 0 0 0 0 0 0 0 0 0 0 0 0 0 0 0 0 0 0 0 0 4285968474 0 0 0 0 0 0 0 0 166953 0 7500922 0 0 0 0 0 0 0 0 0 0 0 565766977 1 0 0 0 0 0 0 0 0 0 0 0 0 0 0 0 0 0 0 0 0 0 0 329343 4206 0 0 0 0 13852074 0 0 0 0 0 0 0 0 0 0 0 0 0 0 0 0 0 0 0 0 0 0 0 0 0 0 0 0 0 0 0 0 0 0 0 0 0 0 0 0 0 0 0 0 0 0 0 0 0 0 0 0 0 0 0 0 0 0 0 0 0 0 0 0 0 0 0 0 0 0 0 0 0 0 0 134754968 0 0 0
ctxt 329858974
btime 1671453272
processes 572576
procs_running 1
procs_blocked 0
softirq 433509369 251932795 34295274 853869 16124157 7499612 0 55520795 40909005 129 26373733

cpu  5757672 47942 3301097 613086211 5112271 0 931752 0 0 0
cpu0 797130 9643 568010 154057124 1444415 0 220597 0 0 0
cpu1 1285520 12396 1513985 152532249 1380058 0 262424 0 0 0
cpu2 2980955 15160 601801 152482816 913844 0 207825 0 0 0
cpu3 694066 10742 617299 154014021 1373951 0 240905 0 0 0
intr 13655513275 0 0 3722623 75 0 736763 42078591 0 0 0 10692009 0 0 0 0 0 0 0 0 0 0 0 0 0 0 0 0 0 0 0 0 0 0 0 0 0 0 0 0 0 0 0 0 0 0 0 0 0 0 0 0 4285972479 0 0 0 0 0 0 0 0 166953 0 7500922 0 0 0 0 0 0 0 0 0 0 0 565767107 1 0 0 0 0 0 0 0 0 0 0 0 0 0 0 0 0 0 0 0 0 0 0 329343 4206 0 0 0 0 13852123 0 0 0 0 0 0 0 0 0 0 0 0 0 0 0 0 0 0 0 0 0 0 0 0 0 0 0 0 0 0 0 0 0 0 0 0 0 0 0 0 0 0 0 0 0 0 0 0 0 0 0 0 0 0 0 0 0 0 0 0 0 0 0 0 0 0 0 0 0 0 0 0 0 0 0 134755489 0 0 0
ctxt 329860060
btime 1671453272
processes 572576
procs_running 1
procs_blocked 0
softirq 433509519 251932795 34295296 853869 16124160 7499612 0 55520833 40909044 129 26373781

cpu  5757673 47942 3301099 613086405 5112271 0 931752 0 0 0
cpu0 797130 9643 568010 154057173 1444415 0 220597 0 0 0
cpu1 1285521 12396 1513987 152532295 1380058 0 262424 0 0 0
cpu2 2980955 15160 601801 152482865 913844 0 207825 0 0 0
cpu3 694066 10742 617299 154014070 1373951 0 240905 0 0 0
intr 13655517940 0 0 3722623 75 0 736763 42078616 0 0 0 10692014 0 0 0 0 0 0 0 0 0 0 0 0 0 0 0 0 0 0 0 0 0 0 0 0 0 0 0 0 0 0 0 0 0 0 0 0 0 0 0 0 4285976475 0 0 0 0 0 0 0 0 166953 0 7500922 0 0 0 0 0 0 0 0 0 0 0 565767235 1 0 0 0 0 0 0 0 0 0 0 0 0 0 0 0 0 0 0 0 0 0 0 329343 4206 0 0 0 0 13852145 0 0 0 0 0 0 0 0 0 0 0 0 0 0 0 0 0 0 0 0 0 0 0 0 0 0 0 0 0 0 0 0 0 0 0 0 0 0 0 0 0 0 0 0 0 0 0 0 0 0 0 0 0 0 0 0 0 0 0 0 0 0 0 0 0 0 0 0 0 0 0 0 0 0 0 134755978 0 0 0
ctxt 329861054
btime 1671453272
processes 572576
procs_running 1
procs_blocked 0
softirq 433509592 251932795 34295311 853869 16124161 7499612 0 55520852 40909069 129 26373794

cpu  5757674 47942 3301101 613086598 5112271 0 931752 0 0 0
cpu0 797130 9643 568010 154057223 1444415 0 220597 0 0 0
cpu1 1285521 12396 1513989 152532341 1380058 0 262424 0 0 0
cpu2 2980955 15160 601802 152482915 913844 0 207825 0 0 0
cpu3 694067 10742 617299 154014119 1373951 0 240905 0 0 0
intr 13655522672 0 0 3722623 75 0 736763 42078647 0 0 0 10692019 0 0 0 0 0 0 0 0 0 0 0 0 0 0 0 0 0 0 0 0 0 0 0 0 0 0 0 0 0 0 0 0 0 0 0 0 0 0 0 0 4285980505 0 0 0 0 0 0 0 0 166953 0 7500922 0 0 0 0 0 0 0 0 0 0 0 565767387 1 0 0 0 0 0 0 0 0 0 0 0 0 0 0 0 0 0 0 0 0 0 0 329343 4206 0 0 0 0 13852167 0 0 0 0 0 0 0 0 0 0 0 0 0 0 0 0 0 0 0 0 0 0 0 0 0 0 0 0 0 0 0 0 0 0 0 0 0 0 0 0 0 0 0 0 0 0 0 0 0 0 0 0 0 0 0 0 0 0 0 0 0 0 0 0 0 0 0 0 0 0 0 0 0 0 0 134756470 0 0 0
ctxt 329862070
btime 1671453272
processes 572576
procs_running 1
procs_blocked 0
softirq 433509678 251932803 34295329 853870 16124162 7499612 0 55520872 40909094 129 26373807

cpu  5757674 47942 3301104 613086792 5112271 0 931752 0 0 0
cpu0 797130 9643 568010 154057272 1444415 0 220597 0 0 0
cpu1 1285521 12396 1513991 152532387 1380058 0 262424 0 0 0
cpu2 2980955 15160 601802 152482964 913844 0 207825 0 0 0
cpu3 694067 10742 617299 154014168 1373951 0 240905 0 0 0
intr 13655527343 0 0 3722623 75 0 736763 42078676 0 0 0 10692023 0 0 0 0 0 0 0 0 0 0 0 0 0 0 0 0 0 0 0 0 0 0 0 0 0 0 0 0 0 0 0 0 0 0 0 0 0 0 0 0 4285984500 0 0 0 0 0 0 0 0 166953 0 7500922 0 0 0 0 0 0 0 0 0 0 0 565767515 1 0 0 0 0 0 0 0 0 0 0 0 0 0 0 0 0 0 0 0 0 0 0 329343 4206 0 0 0 0 13852189 0 0 0 0 0 0 0 0 0 0 0 0 0 0 0 0 0 0 0 0 0 0 0 0 0 0 0 0 0 0 0 0 0 0 0 0 0 0 0 0 0 0 0 0 0 0 0 0 0 0 0 0 0 0 0 0 0 0 0 0 0 0 0 0 0 0 0 0 0 0 0 0 0 0 0 134756962 0 0 0
ctxt 329863071
btime 1671453272
processes 572576
procs_running 1
procs_blocked 0
softirq 433509753 251932803 34295345 853870 16124163 7499612 0 55520891 40909121 129 26373819

cpu  5757676 47942 3301106 613086984 5112271 0 931752 0 0 0
cpu0 797130 9643 568010 154057321 1444415 0 220597 0 0 0
cpu1 1285522 12396 1513993 152532432 1380059 0 262424 0 0 0
cpu2 2980955 15160 601802 152483013 913845 0 207825 0 0 0
cpu3 694068 10742 617299 154014217 1373951 0 240905 0 0 0
intr 13655532128 0 0 3722632 75 0 736763 42078722 0 0 0 10692028 0 0 0 0 0 0 0 0 0 0 0 0 0 0 0 0 0 0 0 0 0 0 0 0 0 0 0 0 0 0 0 0 0 0 0 0 0 0 0 0 4285988528 0 0 0 0 0 0 0 0 166953 0 7500925 0 0 0 0 0 0 0 0 0 0 0 565767669 1 0 0 0 0 0 0 0 0 0 0 0 0 0 0 0 0 0 0 0 0 0 0 329346 4206 0 0 0 0 13852211 0 0 0 0 0 0 0 0 0 0 0 0 0 0 0 0 0 0 0 0 0 0 0 0 0 0 0 0 0 0 0 0 0 0 0 0 0 0 0 0 0 0 0 0 0 0 0 0 0 0 0 0 0 0 0 0 0 0 0 0 0 0 0 0 0 0 0 0 0 0 0 0 0 0 0 134757477 0 0 0
ctxt 329864148
btime 1671453272
processes 572576
procs_running 1
procs_blocked 0
softirq 433509857 251932811 34295363 853870 16124164 7499615 0 55520918 40909149 129 26373838

cpu  5757679 47942 3301112 613087168 5112271 0 931752 0 0 0
cpu0 797130 9643 568013 154057368 1444415 0 220597 0 0 0
cpu1 1285523 12396 1513995 152532476 1380059 0 262424 0 0 0
cpu2 2980956 15160 601803 152483059 913845 0 207825 0 0 0
cpu3 694069 10742 617300 154014264 1373951 0 240905 0 0 0
intr 13655536951 0 0 3722636 75 0 736781 42078802 0 0 0 10692033 0 0 0 0 0 0 0 0 0 0 0 0 0 0 0 0 0 0 0 0 0 0 0 0 0 0 0 0 0 0 0 0 0 0 0 0 0 0 0 0 4285992526 0 0 0 0 0 0 0 0 166953 0 7500925 0 0 0 0 0 0 0 0 0 0 0 565767798 1 0 0 0 0 0 0 0 0 0 0 0 0 0 0 0 0 0 0 0 0 0 0 329346 4206 0 0 0 0 13852250 0 0 0 0 0 0 0 0 0 0 0 0 0 0 0 0 0 0 0 0 0 0 0 0 0 0 0 0 0 0 0 0 0 0 0 0 0 0 0 0 0 0 0 0 0 0 0 0 0 0 0 0 0 0 0 0 0 0 0 0 0 0 0 0 0 0 0 0 0 0 0 0 0 0 0 134758028 0 0 0
ctxt 329865306
btime 1671453272
processes 572591
procs_running 2
procs_blocked 0
softirq 433510043 251932812 34295391 853870 16124167 7499615 0 55520951 40909210 129 26373898

cpu  5757686 47942 3301132 613087338 5112271 0 931752 0 0 0
cpu0 797132 9643 568019 154057409 1444415 0 220597 0 0 0
cpu1 1285524 12396 1514003 152532515 1380059 0 262424 0 0 0
cpu2 2980957 15160 601804 152483106 913845 0 207825 0 0 0
cpu3 694071 10742 617305 154014306 1373951 0 240905 0 0 0
intr 13655542112 0 0 3722640 75 0 736857 42078980 0 0 0 10692035 0 0 0 0 0 0 0 0 0 0 0 0 0 0 0 0 0 0 0 0 0 0 0 0 0 0 0 0 0 0 0 0 0 0 0 0 0 0 0 0 4285996552 0 0 0 0 0 0 0 0 166953 0 7500925 0 0 0 0 0 0 0 0 0 0 0 565767952 1 0 0 0 0 0 0 0 0 0 0 0 0 0 0 0 0 0 0 0 0 0 0 329346 4206 0 0 0 0 13852292 0 0 0 0 0 0 0 0 0 0 0 0 0 0 0 0 0 0 0 0 0 0 0 0 0 0 0 0 0 0 0 0 0 0 0 0 0 0 0 0 0 0 0 0 0 0 0 0 0 0 0 0 0 0 0 0 0 0 0 0 0 0 0 0 0 0 0 0 0 0 0 0 0 0 0 134758706 0 0 0
ctxt 329866831
btime 1671453272
processes 572636
procs_running 1
procs_blocked 0
softirq 433510430 251932820 34295438 853870 16124169 7499615 0 55520983 40909346 129 26374060

cpu  5757686 47942 3301135 613087531 5112271 0 931752 0 0 0
cpu0 797132 9643 568019 154057459 1444415 0 220597 0 0 0
cpu1 1285525 12396 1514006 152532561 1380059 0 262424 0 0 0
cpu2 2980957 15160 601804 152483155 913845 0 207825 0 0 0
cpu3 694071 10742 617305 154014355 1373951 0 240905 0 0 0
intr 13655546790 0 0 3722640 75 0 736858 42079008 0 0 0 10692035 0 0 0 0 0 0 0 0 0 0 0 0 0 0 0 0 0 0 0 0 0 0 0 0 0 0 0 0 0 0 0 0 0 0 0 0 0 0 0 0 4286000553 0 0 0 0 0 0 0 0 166953 0 7500925 0 0 0 0 0 0 0 0 0 0 0 565768080 1 0 0 0 0 0 0 0 0 0 0 0 0 0 0 0 0 0 0 0 0 0 0 329346 4206 0 0 0 0 13852319 0 0 0 0 0 0 0 0 0 0 0 0 0 0 0 0 0 0 0 0 0 0 0 0 0 0 0 0 0 0 0 0 0 0 0 0 0 0 0 0 0 0 0 0 0 0 0 0 0 0 0 0 0 0 0 0 0 0 0 0 0 0 0 0 0 0 0 0 0 0 0 0 0 0 0 134759200 0 0 0
ctxt 329867837
btime 1671453272
processes 572636
procs_running 1
procs_blocked 0
softirq 433510521 251932820 34295456 853870 16124171 7499615 0 55521006 40909379 129 26374075

cpu  5757686 47942 3301138 613087720 5112274 0 931752 0 0 0
cpu0 797132 9643 568019 154057508 1444415 0 220597 0 0 0
cpu1 1285525 12396 1514008 152532605 1380059 0 262424 0 0 0
cpu2 2980957 15160 601805 152483201 913846 0 207826 0 0 0
cpu3 694071 10742 617305 154014404 1373951 0 240905 0 0 0
intr 13655551591 0 0 3722641 75 0 736859 42079056 0 0 0 10692035 0 0 0 0 0 0 0 0 0 0 0 0 0 0 0 0 0 0 0 0 0 0 0 0 0 0 0 0 0 0 0 0 0 0 0 0 0 0 0 0 4286004574 0 0 0 0 0 0 0 0 166953 0 7500949 0 0 0 0 0 0 0 0 0 0 0 565768234 1 0 0 0 0 0 0 0 0 0 0 0 0 0 0 0 0 0 0 0 0 0 0 329370 4206 0 0 0 0 13852341 0 0 0 0 0 0 0 0 0 0 0 0 0 0 0 0 0 0 0 0 0 0 0 0 0 0 0 0 0 0 0 0 0 0 0 0 0 0 0 0 0 0 0 0 0 0 0 0 0 0 0 0 0 0 0 0 0 0 0 0 0 0 0 0 0 0 0 0 0 0 0 0 0 0 0 134759707 0 0 0
ctxt 329869083
btime 1671453272
processes 572637
procs_running 1
procs_blocked 0
softirq 433510731 251932828 34295475 853870 16124172 7499639 0 55521097 40909421 129 26374100

cpu  5757687 47942 3301140 613087912 5112274 0 931752 0 0 0
cpu0 797132 9643 568019 154057557 1444415 0 220597 0 0 0
cpu1 1285525 12396 1514010 152532650 1380059 0 262424 0 0 0
cpu2 2980957 15160 601805 152483250 913846 0 207826 0 0 0
cpu3 694071 10742 617305 154014454 1373951 0 240905 0 0 0
intr 13655556618 0 0 3722641 75 0 736859 42079084 0 0 0 10692035 0 0 0 0 0 0 0 0 0 0 0 0 0 0 0 0 0 0 0 0 0 0 0 0 0 0 0 0 0 0 0 0 0 0 0 0 0 0 0 0 4286008740 0 0 0 0 0 0 0 0 166953 0 7500949 0 0 0 0 0 0 0 0 0 0 0 565768534 1 0 0 0 0 0 0 0 0 0 0 0 0 0 0 0 0 0 0 0 0 0 0 329370 4206 0 0 0 0 13852370 0 0 0 0 0 0 0 0 0 0 0 0 0 0 0 0 0 0 0 0 0 0 0 0 0 0 0 0 0 0 0 0 0 0 0 0 0 0 0 0 0 0 0 0 0 0 0 0 0 0 0 0 0 0 0 0 0 0 0 0 0 0 0 0 0 0 0 0 0 0 0 0 0 0 0 134760210 0 0 0
ctxt 329870103
btime 1671453272
processes 572637
procs_running 3
procs_blocked 0
softirq 433511136 251933124 34295495 853870 16124175 7499639 0 55521131 40909458 129 26374115

cpu  5757687 47942 3301144 613088026 5112274 0 931817 0 0 0
cpu0 797132 9643 568019 154057557 1444415 0 220647 0 0 0
cpu1 1285525 12396 1514014 152532686 1380059 0 262428 0 0 0
cpu2 2980957 15160 601805 152483287 913846 0 207834 0 0 0
cpu3 694071 10742 617305 154014495 1373951 0 240907 0 0 0
intr 13655573370 0 0 3722641 75 0 736859 42079122 0 0 0 10692035 0 0 0 0 0 0 0 0 0 0 0 0 0 0 0 0 0 0 0 0 0 0 0 0 0 0 0 0 0 0 0 0 0 0 0 0 0 0 0 0 4286018610 0 0 0 0 0 0 0 0 166953 0 7500949 0 0 0 0 0 0 0 0 0 0 0 565774735 1 0 0 0 0 0 0 0 0 0 0 0 0 0 0 0 0 0 0 0 0 0 0 329370 4206 0 0 0 0 13852387 0 0 0 0 0 0 0 0 0 0 0 0 0 0 0 0 0 0 0 0 0 0 0 0 0 0 0 0 0 0 0 0 0 0 0 0 0 0 0 0 0 0 0 0 0 0 0 0 0 0 0 0 0 0 0 0 0 0 0 0 0 0 0 0 0 0 0 0 0 0 0 0 0 0 0 134760840 0 0 0
ctxt 329871098
btime 1671453272
processes 572637
procs_running 3
procs_blocked 0
softirq 433524641 251946300 34295535 853883 16124213 7499639 0 55521264 40909541 129 26374137

cpu  5757688 47942 3301146 613088140 5112274 0 931884 0 0 0
cpu0 797132 9643 568019 154057557 1444415 0 220697 0 0 0
cpu1 1285526 12396 1514016 152532721 1380059 0 262434 0 0 0
cpu2 2980957 15160 601805 152483328 913846 0 207837 0 0 0
cpu3 694071 10742 617305 154014533 1373951 0 240915 0 0 0
intr 13655589710 0 0 3722645 75 0 736859 42079159 0 0 0 10692035 0 0 0 0 0 0 0 0 0 0 0 0 0 0 0 0 0 0 0 0 0 0 0 0 0 0 0 0 0 0 0 0 0 0 0 0 0 0 0 0 4286028292 0 0 0 0 0 0 0 0 166953 0 7500949 0 0 0 0 0 0 0 0 0 0 0 565780713 1 0 0 0 0 0 0 0 0 0 0 0 0 0 0 0 0 0 0 0 0 0 0 329370 4206 0 0 0 0 13852409 0 0 0 0 0 0 0 0 0 0 0 0 0 0 0 0 0 0 0 0 0 0 0 0 0 0 0 0 0 0 0 0 0 0 0 0 0 0 0 0 0 0 0 0 0 0 0 0 0 0 0 0 0 0 0 0 0 0 0 0 0 0 0 0 0 0 0 0 0 0 0 0 0 0 0 134761468 0 0 0
ctxt 329872103
btime 1671453272
processes 572637
procs_running 4
procs_blocked 0
softirq 433539179 251960540 34295568 853895 16124251 7499639 0 55521394 40909604 129 26374159

cpu  5757690 47942 3301152 613088249 5112274 0 931949 0 0 0
cpu0 797132 9643 568019 154057557 1444415 0 220747 0 0 0
cpu1 1285528 12396 1514021 152532753 1380059 0 262440 0 0 0
cpu2 2980958 15160 601805 152483367 913846 0 207841 0 0 0
cpu3 694071 10742 617306 154014572 1373951 0 240920 0 0 0
intr 13655606412 0 0 3722646 75 0 736859 42079229 0 0 0 10692035 0 0 0 0 0 0 0 0 0 0 0 0 0 0 0 0 0 0 0 0 0 0 0 0 0 0 0 0 0 0 0 0 0 0 0 0 0 0 0 0 4286038084 0 0 0 0 0 0 0 0 166953 0 7500949 0 0 0 0 0 0 0 0 0 0 0 565786826 1 0 0 0 0 0 0 0 0 0 0 0 0 0 0 0 0 0 0 0 0 0 0 329370 4206 0 0 0 0 13852453 0 0 0 0 0 0 0 0 0 0 0 0 0 0 0 0 0 0 0 0 0 0 0 0 0 0 0 0 0 0 0 0 0 0 0 0 0 0 0 0 0 0 0 0 0 0 0 0 0 0 0 0 0 0 0 0 0 0 0 0 0 0 0 0 0 0 0 0 0 0 0 0 0 0 0 134762136 0 0 0
ctxt 329873214
btime 1671453272
processes 572637
procs_running 3
procs_blocked 0
softirq 433553275 251974250 34295623 853911 16124291 7499639 0 55521547 40909666 129 26374219

cpu  5757691 47942 3301154 613088367 5112274 0 932011 0 0 0
cpu0 797132 9643 568019 154057557 1444415 0 220797 0 0 0
cpu1 1285529 12396 1514023 152532789 1380059 0 262444 0 0 0
cpu2 2980958 15160 601805 152483407 913846 0 207845 0 0 0
cpu3 694071 10742 617306 154014612 1373951 0 240924 0 0 0
intr 13655624358 0 0 3722646 75 0 736859 42079260 0 0 0 10692035 0 0 0 0 0 0 0 0 0 0 0 0 0 0 0 0 0 0 0 0 0 0 0 0 0 0 0 0 0 0 0 0 0 0 0 0 0 0 0 0 4286048648 0 0 0 0 0 0 0 0 166953 0 7500949 0 0 0 0 0 0 0 0 0 0 0 565793539 1 0 0 0 0 0 0 0 0 0 0 0 0 0 0 0 0 0 0 0 0 0 0 329370 4206 0 0 0 0 13852475 0 0 0 0 0 0 0 0 0 0 0 0 0 0 0 0 0 0 0 0 0 0 0 0 0 0 0 0 0 0 0 0 0 0 0 0 0 0 0 0 0 0 0 0 0 0 0 0 0 0 0 0 0 0 0 0 0 0 0 0 0 0 0 0 0 0 0 0 0 0 0 0 0 0 0 134762751 0 0 0
ctxt 329874219
btime 1671453272
processes 572637
procs_running 3
procs_blocked 0
softirq 433566351 251986975 34295657 853930 16124342 7499639 0 55521724 40909714 129 26374241

cpu  5757692 47942 3301155 613088481 5112274 0 932073 0 0 0
cpu0 797132 9643 568019 154057557 1444415 0 220847 0 0 0
cpu1 1285530 12396 1514024 152532826 1380059 0 262447 0 0 0
cpu2 2980958 15160 601805 152483445 913846 0 207850 0 0 0
cpu3 694071 10742 617306 154014651 1373951 0 240928 0 0 0
intr 13655641607 0 0 3722646 75 0 736859 42079299 0 0 0 10692035 0 0 0 0 0 0 0 0 0 0 0 0 0 0 0 0 0 0 0 0 0 0 0 0 0 0 0 0 0 0 0 0 0 0 0 0 0 0 0 0 4286058769 0 0 0 0 0 0 0 0 166953 0 7500949 0 0 0 0 0 0 0 0 0 0 0 565799962 1 0 0 0 0 0 0 0 0 0 0 0 0 0 0 0 0 0 0 0 0 0 0 329370 4206 0 0 0 0 13852497 0 0 0 0 0 0 0 0 0 0 0 0 0 0 0 0 0 0 0 0 0 0 0 0 0 0 0 0 0 0 0 0 0 0 0 0 0 0 0 0 0 0 0 0 0 0 0 0 0 0 0 0 0 0 0 0 0 0 0 0 0 0 0 0 0 0 0 0 0 0 0 0 0 0 0 134763394 0 0 0
ctxt 329875260
btime 1671453272
processes 572637
procs_running 2
procs_blocked 0
softirq 433579553 251999902 34295697 853943 16124383 7499639 0 55521857 40909739 129 26374264

cpu  5757692 47942 3301158 613088593 5112274 0 932138 0 0 0
cpu0 797132 9643 568019 154057557 1444415 0 220897 0 0 0
cpu1 1285530 12396 1514025 152532860 1380059 0 262453 0 0 0
cpu2 2980958 15160 601805 152483485 913846 0 207854 0 0 0
cpu3 694071 10742 617307 154014690 1373951 0 240933 0 0 0
intr 13655658221 0 0 3722646 75 0 736859 42079337 0 0 0 10692035 0 0 0 0 0 0 0 0 0 0 0 0 0 0 0 0 0 0 0 0 0 0 0 0 0 0 0 0 0 0 0 0 0 0 0 0 0 0 0 0 4286068596 0 0 0 0 0 0 0 0 166953 0 7500949 0 0 0 0 0 0 0 0 0 0 0 565806088 1 0 0 0 0 0 0 0 0 0 0 0 0 0 0 0 0 0 0 0 0 0 0 329370 4206 0 0 0 0 13852519 0 0 0 0 0 0 0 0 0 0 0 0 0 0 0 0 0 0 0 0 0 0 0 0 0 0 0 0 0 0 0 0 0 0 0 0 0 0 0 0 0 0 0 0 0 0 0 0 0 0 0 0 0 0 0 0 0 0 0 0 0 0 0 0 0 0 0 0 0 0 0 0 0 0 0 134763996 0 0 0
ctxt 329876204
btime 1671453272
processes 572637
procs_running 2
procs_blocked 0
softirq 433595543 252015585 34295733 853957 16124421 7499639 0 55522009 40909783 129 26374287

cpu  5757693 47942 3301160 613088708 5112274 0 932202 0 0 0
cpu0 797132 9643 568019 154057557 1444415 0 220947 0 0 0
cpu1 1285530 12396 1514028 152532896 1380059 0 262459 0 0 0
cpu2 2980959 15160 601805 152483526 913846 0 207857 0 0 0
cpu3 694071 10742 617307 154014728 1373951 0 240938 0 0 0
intr 13655674886 0 0 3722647 75 0 736859 42079382 0 0 0 10692036 0 0 0 0 0 0 0 0 0 0 0 0 0 0 0 0 0 0 0 0 0 0 0 0 0 0 0 0 0 0 0 0 0 0 0 0 0 0 0 0 4286078394 0 0 0 0 0 0 0 0 166953 0 7500949 0 0 0 0 0 0 0 0 0 0 0 565812231 1 0 0 0 0 0 0 0 0 0 0 0 0 0 0 0 0 0 0 0 0 0 0 329370 4206 0 0 0 0 13852556 0 0 0 0 0 0 0 0 0 0 0 0 0 0 0 0 0 0 0 0 0 0 0 0 0 0 0 0 0 0 0 0 0 0 0 0 0 0 0 0 0 0 0 0 0 0 0 0 0 0 0 0 0 0 0 0 0 0 0 0 0 0 0 0 0 0 0 0 0 0 0 0 0 0 0 134764643 0 0 0
ctxt 329877250
btime 1671453272
processes 572637
procs_running 4
procs_blocked 0
softirq 433609213 252028936 34295780 853970 16124460 7499639 0 55522172 40909812 129 26374315

cpu  5757694 47942 3301163 613088819 5112274 0 932269 0 0 0
cpu0 797132 9643 568019 154057557 1444415 0 220997 0 0 0
cpu1 1285531 12396 1514030 152532930 1380059 0 262466 0 0 0
cpu2 2980959 15160 601805 152483566 913846 0 207861 0 0 0
cpu3 694071 10742 617307 154014766 1373951 0 240944 0 0 0
intr 13655691894 0 0 3722647 75 0 736859 42079409 0 0 0 10692036 0 0 0 0 0 0 0 0 0 0 0 0 0 0 0 0 0 0 0 0 0 0 0 0 0 0 0 0 0 0 0 0 0 0 0 0 0 0 0 0 4286088381 0 0 0 0 0 0 0 0 166953 0 7500949 0 0 0 0 0 0 0 0 0 0 0 565818562 1 0 0 0 0 0 0 0 0 0 0 0 0 0 0 0 0 0 0 0 0 0 0 329370 4206 0 0 0 0 13852578 0 0 0 0 0 0 0 0 0 0 0 0 0 0 0 0 0 0 0 0 0 0 0 0 0 0 0 0 0 0 0 0 0 0 0 0 0 0 0 0 0 0 0 0 0 0 0 0 0 0 0 0 0 0 0 0 0 0 0 0 0 0 0 0 0 0 0 0 0 0 0 0 0 0 0 134765276 0 0 0
ctxt 329878243
btime 1671453272
processes 572637
procs_running 4
procs_blocked 0
softirq 433624818 252044274 34295820 853982 16124500 7499639 0 55522286 40909848 129 26374340

cpu  5757696 47942 3301170 613088929 5112274 0 932332 0 0 0
cpu0 797132 9643 568019 154057557 1444415 0 221047 0 0 0
cpu1 1285532 12396 1514036 152532961 1380059 0 262472 0 0 0
cpu2 2980960 15160 601805 152483606 913846 0 207864 0 0 0
cpu3 694071 10742 617308 154014804 1373951 0 240948 0 0 0
intr 13655709268 0 0 3722647 75 0 736860 42079475 0 0 0 10692036 0 0 0 0 0 0 0 0 0 0 0 0 0 0 0 0 0 0 0 0 0 0 0 0 0 0 0 0 0 0 0 0 0 0 0 0 0 0 0 0 4286098506 0 0 0 0 0 0 0 0 166953 0 7500949 0 0 0 0 0 0 0 0 0 0 0 565825037 1 0 0 0 0 0 0 0 0 0 0 0 0 0 0 0 0 0 0 0 0 0 0 329370 4206 0 0 0 0 13852622 0 0 0 0 0 0 0 0 0 0 0 0 0 0 0 0 0 0 0 0 0 0 0 0 0 0 0 0 0 0 0 0 0 0 0 0 0 0 0 0 0 0 0 0 0 0 0 0 0 0 0 0 0 0 0 0 0 0 0 0 0 0 0 0 0 0 0 0 0 0 0 0 0 0 0 134765942 0 0 0
ctxt 329879366
btime 1671453272
processes 572638
procs_running 3
procs_blocked 0
softirq 433639817 252058919 34295873 853999 16124542 7499639 0 55522458 40909869 129 26374389

cpu  5757698 47942 3301173 613089046 5112274 0 932396 0 0 0
cpu0 797132 9643 568019 154057557 1444415 0 221097 0 0 0
cpu1 1285533 12396 1514040 152532996 1380059 0 262478 0 0 0
cpu2 2980960 15160 601805 152483646 913846 0 207868 0 0 0
cpu3 694071 10742 617308 154014846 1373951 0 240952 0 0 0
intr 13655726182 0 0 3722647 75 0 736860 42079499 0 0 0 10692036 0 0 0 0 0 0 0 0 0 0 0 0 0 0 0 0 0 0 0 0 0 0 0 0 0 0 0 0 0 0 0 0 0 0 0 0 0 0 0 0 4286108487 0 0 0 0 0 0 0 0 166953 0 7500949 0 0 0 0 0 0 0 0 0 0 0 565831292 1 0 0 0 0 0 0 0 0 0 0 0 0 0 0 0 0 0 0 0 0 0 0 329370 4206 0 0 0 0 13852644 0 0 0 0 0 0 0 0 0 0 0 0 0 0 0 0 0 0 0 0 0 0 0 0 0 0 0 0 0 0 0 0 0 0 0 0 0 0 0 0 0 0 0 0 0 0 0 0 0 0 0 0 0 0 0 0 0 0 0 0 0 0 0 0 0 0 0 0 0 0 0 0 0 0 0 134766573 0 0 0
ctxt 329880353
btime 1671453272
processes 572638
procs_running 4
procs_blocked 0
softirq 433653251 252072078 34295910 854017 16124588 7499639 0 55522588 40909893 129 26374409

cpu  5757698 47942 3301176 613089161 5112275 0 932459 0 0 0
cpu0 797132 9643 568019 154057557 1444415 0 221147 0 0 0
cpu1 1285533 12396 1514042 152533030 1380060 0 262484 0 0 0
cpu2 2980960 15160 601806 152483688 913846 0 207870 0 0 0
cpu3 694071 10742 617308 154014885 1373951 0 240957 0 0 0
intr 13655743542 0 0 3722648 75 0 736860 42079535 0 0 0 10692036 0 0 0 0 0 0 0 0 0 0 0 0 0 0 0 0 0 0 0 0 0 0 0 0 0 0 0 0 0 0 0 0 0 0 0 0 0 0 0 0 4286118682 0 0 0 0 0 0 0 0 166953 0 7500951 0 0 0 0 0 0 0 0 0 0 0 565837745 1 0 0 0 0 0 0 0 0 0 0 0 0 0 0 0 0 0 0 0 0 0 0 329372 4206 0 0 0 0 13852666 0 0 0 0 0 0 0 0 0 0 0 0 0 0 0 0 0 0 0 0 0 0 0 0 0 0 0 0 0 0 0 0 0 0 0 0 0 0 0 0 0 0 0 0 0 0 0 0 0 0 0 0 0 0 0 0 0 0 0 0 0 0 0 0 0 0 0 0 0 0 0 0 0 0 0 134767222 0 0 0
ctxt 329881444
btime 1671453272
processes 572638
procs_running 3
procs_blocked 0
softirq 433666513 252085041 34295951 854034 16124633 7499641 0 55522747 40909907 129 26374430

cpu  5757698 47942 3301182 613089275 5112275 0 932523 0 0 0
cpu0 797132 9643 568019 154057557 1444415 0 221197 0 0 0
cpu1 1285533 12396 1514047 152533065 1380060 0 262490 0 0 0
cpu2 2980961 15160 601806 152483727 913846 0 207874 0 0 0
cpu3 694071 10742 617308 154014925 1373951 0 240961 0 0 0
intr 13655760281 0 0 3722648 75 0 736860 42079561 0 0 0 10692036 0 0 0 0 0 0 0 0 0 0 0 0 0 0 0 0 0 0 0 0 0 0 0 0 0 0 0 0 0 0 0 0 0 0 0 0 0 0 0 0 4286128564 0 0 0 0 0 0 0 0 166953 0 7500951 0 0 0 0 0 0 0 0 0 0 0 565843932 1 0 0 0 0 0 0 0 0 0 0 0 0 0 0 0 0 0 0 0 0 0 0 329372 4206 0 0 0 0 13852688 0 0 0 0 0 0 0 0 0 0 0 0 0 0 0 0 0 0 0 0 0 0 0 0 0 0 0 0 0 0 0 0 0 0 0 0 0 0 0 0 0 0 0 0 0 0 0 0 0 0 0 0 0 0 0 0 0 0 0 0 0 0 0 0 0 0 0 0 0 0 0 0 0 0 0 134767853 0 0 0
ctxt 329882431
btime 1671453272
processes 572638
procs_running 3
procs_blocked 0
softirq 433680732 252098955 34295986 854049 16124673 7499641 0 55522920 40909928 129 26374451

cpu  5757699 47942 3301184 613089388 5112275 0 932586 0 0 0
cpu0 797132 9643 568019 154057557 1444415 0 221247 0 0 0
cpu1 1285534 12396 1514048 152533100 1380060 0 262496 0 0 0
cpu2 2980961 15160 601806 152483767 913846 0 207878 0 0 0
cpu3 694071 10742 617309 154014963 1373951 0 240964 0 0 0
intr 13655777408 0 0 3722648 75 0 736860 42079599 0 0 0 10692036 0 0 0 0 0 0 0 0 0 0 0 0 0 0 0 0 0 0 0 0 0 0 0 0 0 0 0 0 0 0 0 0 0 0 0 0 0 0 0 0 4286138590 0 0 0 0 0 0 0 0 166953 0 7500951 0 0 0 0 0 0 0 0 0 0 0 565850332 1 0 0 0 0 0 0 0 0 0 0 0 0 0 0 0 0 0 0 0 0 0 0 329372 4206 0 0 0 0 13852710 0 0 0 0 0 0 0 0 0 0 0 0 0 0 0 0 0 0 0 0 0 0 0 0 0 0 0 0 0 0 0 0 0 0 0 0 0 0 0 0 0 0 0 0 0 0 0 0 0 0 0 0 0 0 0 0 0 0 0 0 0 0 0 0 0 0 0 0 0 0 0 0 0 0 0 134768492 0 0 0
ctxt 329883464
btime 1671453272
processes 572638
procs_running 3
procs_blocked 0
softirq 433694829 252112766 34296025 854065 16124714 7499641 0 55523074 40909943 129 26374472

cpu  5757699 47942 3301184 613089504 5112275 0 932648 0 0 0
cpu0 797132 9643 568019 154057557 1444415 0 221297 0 0 0
cpu1 1285534 12396 1514048 152533135 1380060 0 262500 0 0 0
cpu2 2980961 15160 601807 152483806 913846 0 207883 0 0 0
cpu3 694071 10742 617309 154015005 1373951 0 240967 0 0 0
intr 13655794226 0 0 3722648 75 0 736860 42079624 0 0 0 10692036 0 0 0 0 0 0 0 0 0 0 0 0 0 0 0 0 0 0 0 0 0 0 0 0 0 0 0 0 0 0 0 0 0 0 0 0 0 0 0 0 4286148493 0 0 0 0 0 0 0 0 166953 0 7500951 0 0 0 0 0 0 0 0 0 0 0 565856572 1 0 0 0 0 0 0 0 0 0 0 0 0 0 0 0 0 0 0 0 0 0 0 329372 4206 0 0 0 0 13852732 0 0 0 0 0 0 0 0 0 0 0 0 0 0 0 0 0 0 0 0 0 0 0 0 0 0 0 0 0 0 0 0 0 0 0 0 0 0 0 0 0 0 0 0 0 0 0 0 0 0 0 0 0 0 0 0 0 0 0 0 0 0 0 0 0 0 0 0 0 0 0 0 0 0 0 134769112 0 0 0
ctxt 329884467
btime 1671453272
processes 572638
procs_running 3
procs_blocked 0
softirq 433708188 252125862 34296058 854081 16124754 7499641 0 55523209 40909959 129 26374495

cpu  5757701 47942 3301192 613089610 5112275 0 932713 0 0 0
cpu0 797132 9643 568019 154057557 1444415 0 221347 0 0 0
cpu1 1285536 12396 1514054 152533167 1380060 0 262505 0 0 0
cpu2 2980961 15160 601808 152483843 913846 0 207888 0 0 0
cpu3 694071 10742 617310 154015043 1373951 0 240972 0 0 0
intr 13655811673 0 0 3722649 75 0 736860 42079687 0 0 0 10692036 0 0 0 0 0 0 0 0 0 0 0 0 0 0 0 0 0 0 0 0 0 0 0 0 0 0 0 0 0 0 0 0 0 0 0 0 0 0 0 0 4286158647 0 0 0 0 0 0 0 0 166953 0 7500951 0 0 0 0 0 0 0 0 0 0 0 565863108 1 0 0 0 0 0 0 0 0 0 0 0 0 0 0 0 0 0 0 0 0 0 0 329372 4206 0 0 0 0 13852776 0 0 0 0 0 0 0 0 0 0 0 0 0 0 0 0 0 0 0 0 0 0 0 0 0 0 0 0 0 0 0 0 0 0 0 0 0 0 0 0 0 0 0 0 0 0 0 0 0 0 0 0 0 0 0 0 0 0 0 0 0 0 0 0 0 0 0 0 0 0 0 0 0 0 0 134769764 0 0 0
ctxt 329885617
btime 1671453272
processes 572638
procs_running 4
procs_blocked 0
softirq 433724129 252141458 34296111 854094 16124796 7499641 0 55523382 40909978 129 26374540

cpu  5757701 47942 3301194 613089722 5112275 0 932778 0 0 0
cpu0 797132 9643 568020 154057557 1444415 0 221396 0 0 0
cpu1 1285536 12396 1514056 152533201 1380060 0 262512 0 0 0
cpu2 2980961 15160 601808 152483881 913846 0 207893 0 0 0
cpu3 694071 10742 617310 154015082 1373951 0 240976 0 0 0
intr 13655828813 0 0 3722649 75 0 736860 42079713 0 0 0 10692036 0 0 0 0 0 0 0 0 0 0 0 0 0 0 0 0 0 0 0 0 0 0 0 0 0 0 0 0 0 0 0 0 0 0 0 0 0 0 0 0 4286168677 0 0 0 0 0 0 0 0 166953 0 7500951 0 0 0 0 0 0 0 0 0 0 0 565869546 1 0 0 0 0 0 0 0 0 0 0 0 0 0 0 0 0 0 0 0 0 0 0 329372 4206 0 0 0 0 13852798 0 0 0 0 0 0 0 0 0 0 0 0 0 0 0 0 0 0 0 0 0 0 0 0 0 0 0 0 0 0 0 0 0 0 0 0 0 0 0 0 0 0 0 0 0 0 0 0 0 0 0 0 0 0 0 0 0 0 0 0 0 0 0 0 0 0 0 0 0 0 0 0 0 0 0 134770388 0 0 0
ctxt 329886646
btime 1671453272
processes 572638
procs_running 3
procs_blocked 0
softirq 433740285 252157315 34296147 854108 16124836 7499641 0 55523545 40910000 129 26374564

cpu  5757701 47942 3301197 613089838 5112275 0 932840 0 0 0
cpu0 797132 9643 568020 154057557 1444415 0 221446 0 0 0
cpu1 1285536 12396 1514058 152533237 1380060 0 262516 0 0 0
cpu2 2980961 15160 601808 152483920 913846 0 207898 0 0 0
cpu3 694071 10742 617310 154015123 1373951 0 240979 0 0 0
intr 13655847171 0 0 3722649 75 0 736860 42079754 0 0 0 10692037 0 0 0 0 0 0 0 0 0 0 0 0 0 0 0 0 0 0 0 0 0 0 0 0 0 0 0 0 0 0 0 0 0 0 0 0 0 0 0 0 4286179429 0 0 0 0 0 0 0 0 166953 0 7500951 0 0 0 0 0 0 0 0 0 0 0 565876446 1 0 0 0 0 0 0 0 0 0 0 0 0 0 0 0 0 0 0 0 0 0 0 329372 4206 0 0 0 0 13852820 0 0 0 0 0 0 0 0 0 0 0 0 0 0 0 0 0 0 0 0 0 0 0 0 0 0 0 0 0 0 0 0 0 0 0 0 0 0 0 0 0 0 0 0 0 0 0 0 0 0 0 0 0 0 0 0 0 0 0 0 0 0 0 0 0 0 0 0 0 0 0 0 0 0 0 134771029 0 0 0
ctxt 329887696
btime 1671453272
processes 572638
procs_running 2
procs_blocked 0
softirq 433754306 252170948 34296192 854129 16124892 7499641 0 55523726 40910045 129 26374604

cpu  5757702 47942 3301199 613089952 5112275 0 932906 0 0 0
cpu0 797132 9643 568020 154057557 1444415 0 221496 0 0 0
cpu1 1285536 12396 1514060 152533272 1380060 0 262521 0 0 0
cpu2 2980961 15160 601808 152483958 913846 0 207904 0 0 0
cpu3 694071 10742 617310 154015164 1373951 0 240983 0 0 0
intr 13655863605 0 0 3722649 75 0 736860 42079780 0 0 0 10692037 0 0 0 0 0 0 0 0 0 0 0 0 0 0 0 0 0 0 0 0 0 0 0 0 0 0 0 0 0 0 0 0 0 0 0 0 0 0 0 0 4286189162 0 0 0 0 0 0 0 0 166953 0 7500951 0 0 0 0 0 0 0 0 0 0 0 565882458 1 0 0 0 0 0 0 0 0 0 0 0 0 0 0 0 0 0 0 0 0 0 0 329372 4206 0 0 0 0 13852842 0 0 0 0 0 0 0 0 0 0 0 0 0 0 0 0 0 0 0 0 0 0 0 0 0 0 0 0 0 0 0 0 0 0 0 0 0 0 0 0 0 0 0 0 0 0 0 0 0 0 0 0 0 0 0 0 0 0 0 0 0 0 0 0 0 0 0 0 0 0 0 0 0 0 0 134771668 0 0 0
ctxt 329888699
btime 1671453272
processes 572638
procs_running 2
procs_blocked 0
softirq 433769691 252186027 34296224 854143 16124930 7499641 0 55523881 40910089 129 26374627

cpu  5757702 47942 3301202 613090066 5112275 0 932969 0 0 0
cpu0 797132 9643 568020 154057557 1444415 0 221546 0 0 0
cpu1 1285536 12396 1514061 152533308 1380060 0 262525 0 0 0
cpu2 2980962 15160 601808 152483996 913846 0 207911 0 0 0
cpu3 694071 10742 617310 154015204 1373951 0 240986 0 0 0
intr 13655880271 0 0 3722650 75 0 736860 42079819 0 0 0 10692037 0 0 0 0 0 0 0 0 0 0 0 0 0 0 0 0 0 0 0 0 0 0 0 0 0 0 0 0 0 0 0 0 0 0 0 0 0 0 0 0 4286198955 0 0 0 0 0 0 0 0 166953 0 7500951 0 0 0 0 0 0 0 0 0 0 0 565888619 1 0 0 0 0 0 0 0 0 0 0 0 0 0 0 0 0 0 0 0 0 0 0 329372 4206 0 0 0 0 13852864 0 0 0 0 0 0 0 0 0 0 0 0 0 0 0 0 0 0 0 0 0 0 0 0 0 0 0 0 0 0 0 0 0 0 0 0 0 0 0 0 0 0 0 0 0 0 0 0 0 0 0 0 0 0 0 0 0 0 0 0 0 0 0 0 0 0 0 0 0 0 0 0 0 0 0 134772319 0 0 0
ctxt 329889743
btime 1671453272
processes 572638
procs_running 3
procs_blocked 0
softirq 433784391 252200432 34296263 854158 16124969 7499641 0 55524022 40910126 129 26374651

cpu  5757703 47942 3301206 613090182 5112275 0 933030 0 0 0
cpu0 797132 9643 568020 154057557 1444415 0 221596 0 0 0
cpu1 1285536 12396 1514065 152533343 1380060 0 262531 0 0 0
cpu2 2980962 15160 601808 152484037 913846 0 207912 0 0 0
cpu3 694071 10742 617310 154015244 1373951 0 240990 0 0 0
intr 13655897017 0 0 3722650 75 0 736860 42079844 0 0 0 10692037 0 0 0 0 0 0 0 0 0 0 0 0 0 0 0 0 0 0 0 0 0 0 0 0 0 0 0 0 0 0 0 0 0 0 0 0 0 0 0 0 4286208821 0 0 0 0 0 0 0 0 166953 0 7500951 0 0 0 0 0 0 0 0 0 0 0 565894817 1 0 0 0 0 0 0 0 0 0 0 0 0 0 0 0 0 0 0 0 0 0 0 329372 4206 0 0 0 0 13852886 0 0 0 0 0 0 0 0 0 0 0 0 0 0 0 0 0 0 0 0 0 0 0 0 0 0 0 0 0 0 0 0 0 0 0 0 0 0 0 0 0 0 0 0 0 0 0 0 0 0 0 0 0 0 0 0 0 0 0 0 0 0 0 0 0 0 0 0 0 0 0 0 0 0 0 134772953 0 0 0
ctxt 329890726
btime 1671453272
processes 572638
procs_running 3
procs_blocked 0
softirq 433796602 252212336 34296298 854175 16125010 7499641 0 55524184 40910155 129 26374674

cpu  5757704 47942 3301212 613090292 5112275 0 933096 0 0 0
cpu0 797132 9643 568020 154057557 1444415 0 221646 0 0 0
cpu1 1285537 12396 1514070 152533374 1380060 0 262537 0 0 0
cpu2 2980963 15160 601810 152484077 913846 0 207916 0 0 0
cpu3 694071 10742 617311 154015283 1373951 0 240996 0 0 0
intr 13655913762 0 0 3722650 75 0 736860 42079908 0 0 0 10692037 0 0 0 0 0 0 0 0 0 0 0 0 0 0 0 0 0 0 0 0 0 0 0 0 0 0 0 0 0 0 0 0 0 0 0 0 0 0 0 0 4286218677 0 0 0 0 0 0 0 0 166954 0 7500951 0 0 0 0 0 0 0 0 0 0 0 565900956 1 0 0 0 0 0 0 0 0 0 0 0 0 0 0 0 0 0 0 0 0 0 0 329372 4206 0 0 0 0 13852927 0 0 0 0 0 0 0 0 0 0 0 0 0 0 0 0 0 0 0 0 0 0 0 0 0 0 0 0 0 0 0 0 0 0 0 0 0 0 0 0 0 0 0 0 0 0 0 0 0 0 0 0 0 0 0 0 0 0 0 0 0 0 0 0 0 0 0 0 0 0 0 0 0 0 0 134773598 0 0 0
ctxt 329891845
btime 1671453272
processes 572638
procs_running 4
procs_blocked 0
softirq 433812157 252227538 34296348 854190 16125050 7499641 0 55524347 40910180 129 26374734

cpu  5757705 47942 3301216 613090416 5112275 0 933150 0 0 0
cpu0 797132 9643 568020 154057563 1444415 0 221690 0 0 0
cpu1 1285538 12396 1514072 152533411 1380060 0 262540 0 0 0
cpu2 2980963 15160 601811 152484117 913846 0 207920 0 0 0
cpu3 694071 10742 617311 154015323 1373951 0 240999 0 0 0
intr 13655928448 0 0 3722650 75 0 736860 42079936 0 0 0 10692037 0 0 0 0 0 0 0 0 0 0 0 0 0 0 0 0 0 0 0 0 0 0 0 0 0 0 0 0 0 0 0 0 0 0 0 0 0 0 0 0 4286227547 0 0 0 0 0 0 0 0 166954 0 7500951 0 0 0 0 0 0 0 0 0 0 0 565906116 1 0 0 0 0 0 0 0 0 0 0 0 0 0 0 0 0 0 0 0 0 0 0 329372 4206 0 0 0 0 13852949 0 0 0 0 0 0 0 0 0 0 0 0 0 0 0 0 0 0 0 0 0 0 0 0 0 0 0 0 0 0 0 0 0 0 0 0 0 0 0 0 0 0 0 0 0 0 0 0 0 0 0 0 0 0 0 0 0 0 0 0 0 0 0 0 0 0 0 0 0 0 0 0 0 0 0 134774204 0 0 0
ctxt 329892831
btime 1671453272
processes 572638
procs_running 2
procs_blocked 0
softirq 433823217 252238252 34296379 854206 16125096 7499641 0 55524537 40910220 129 26374757

cpu  5757705 47942 3301218 613090610 5112275 0 933150 0 0 0
cpu0 797132 9643 568020 154057612 1444415 0 221690 0 0 0
cpu1 1285538 12396 1514074 152533457 1380060 0 262540 0 0 0
cpu2 2980963 15160 601811 152484166 913846 0 207920 0 0 0
cpu3 694071 10742 617311 154015373 1373951 0 240999 0 0 0
intr 13655933190 0 0 3722655 75 0 736860 42079967 0 0 0 10692037 0 0 0 0 0 0 0 0 0 0 0 0 0 0 0 0 0 0 0 0 0 0 0 0 0 0 0 0 0 0 0 0 0 0 0 0 0 0 0 0 4286231575 0 0 0 0 0 0 0 0 166954 0 7500951 0 0 0 0 0 0 0 0 0 0 0 565906270 1 0 0 0 0 0 0 0 0 0 0 0 0 0 0 0 0 0 0 0 0 0 0 329372 4206 0 0 0 0 13852971 0 0 0 0 0 0 0 0 0 0 0 0 0 0 0 0 0 0 0 0 0 0 0 0 0 0 0 0 0 0 0 0 0 0 0 0 0 0 0 0 0 0 0 0 0 0 0 0 0 0 0 0 0 0 0 0 0 0 0 0 0 0 0 0 0 0 0 0 0 0 0 0 0 0 0 134774704 0 0 0
ctxt 329893853
btime 1671453272
processes 572638
procs_running 2
procs_blocked 0
softirq 433823294 252238260 34296399 854207 16125097 7499641 0 55524556 40910236 129 26374769

cpu  5757706 47942 3301220 613090804 5112275 0 933150 0 0 0
cpu0 797132 9643 568020 154057662 1444415 0 221690 0 0 0
cpu1 1285538 12396 1514077 152533504 1380060 0 262540 0 0 0
cpu2 2980964 15160 601811 152484215 913846 0 207920 0 0 0
cpu3 694071 10742 617311 154015422 1373951 0 240999 0 0 0
intr 13655937847 0 0 3722655 75 0 736860 42079987 0 0 0 10692037 0 0 0 0 0 0 0 0 0 0 0 0 0 0 0 0 0 0 0 0 0 0 0 0 0 0 0 0 0 0 0 0 0 0 0 0 0 0 0 0 4286235570 0 0 0 0 0 0 0 0 166954 0 7500951 0 0 0 0 0 0 0 0 0 0 0 565906398 1 0 0 0 0 0 0 0 0 0 0 0 0 0 0 0 0 0 0 0 0 0 0 329372 4206 0 0 0 0 13852993 0 0 0 0 0 0 0 0 0 0 0 0 0 0 0 0 0 0 0 0 0 0 0 0 0 0 0 0 0 0 0 0 0 0 0 0 0 0 0 0 0 0 0 0 0 0 0 0 0 0 0 0 0 0 0 0 0 0 0 0 0 0 0 0 0 0 0 0 0 0 0 0 0 0 0 134775196 0 0 0
ctxt 329894838
btime 1671453272
processes 572638
procs_running 1
procs_blocked 0
softirq 433823348 252238260 34296413 854207 16125098 7499641 0 55524574 40910247 129 26374779

cpu  5757706 47942 3301222 613091001 5112275 0 933150 0 0 0
cpu0 797132 9643 568020 154057711 1444415 0 221690 0 0 0
cpu1 1285538 12396 1514078 152533551 1380060 0 262540 0 0 0
cpu2 2980964 15160 601811 152484265 913846 0 207920 0 0 0
cpu3 694071 10742 617311 154015472 1373951 0 240999 0 0 0
intr 13655942574 0 0 3722655 75 0 736860 42080015 0 0 0 10692037 0 0 0 0 0 0 0 0 0 0 0 0 0 0 0 0 0 0 0 0 0 0 0 0 0 0 0 0 0 0 0 0 0 0 0 0 0 0 0 0 4286239595 0 0 0 0 0 0 0 0 166954 0 7500951 0 0 0 0 0 0 0 0 0 0 0 565906552 1 0 0 0 0 0 0 0 0 0 0 0 0 0 0 0 0 0 0 0 0 0 0 329372 4206 0 0 0 0 13853015 0 0 0 0 0 0 0 0 0 0 0 0 0 0 0 0 0 0 0 0 0 0 0 0 0 0 0 0 0 0 0 0 0 0 0 0 0 0 0 0 0 0 0 0 0 0 0 0 0 0 0 0 0 0 0 0 0 0 0 0 0 0 0 0 0 0 0 0 0 0 0 0 0 0 0 134775696 0 0 0
ctxt 329895871
btime 1671453272
processes 572638
procs_running 2
procs_blocked 0
softirq 433823408 252238268 34296428 854207 16125099 7499641 0 55524593 40910254 129 26374789
