cpu  238434 2182 167673 10645980 8012 0 378767 0 0 0
cpu0 3741 34 7146 2775145 2627 0 81655 0 0 0
cpu1 173762 0 103836 2444790 1165 0 117025 0 0 0
cpu2 56595 9 49538 2650428 2123 0 97443 0 0 0
cpu3 4335 2138 7151 2775616 2096 0 82643 0 0 0
intr 442870240 0 0 115456 75 0 32540 2561358 0 0 0 236061 0 0 0 0 0 0 0 0 0 0 0 0 0 0 0 0 0 0 0 0 0 0 0 0 0 0 0 0 0 0 0 0 0 0 0 0 0 0 0 0 317328129 0 0 0 0 0 0 0 0 26022 0 30409 0 0 0 0 0 0 0 0 0 0 0 82836561 1 0 0 0 0 0 0 0 0 0 0 0 0 0 0 0 0 0 0 0 0 0 0 24723 4215 0 0 0 0 1133258 0 0 0 0 0 0 0 0 0 0 0 0 0 0 0 0 0 0 0 0 0 0 0 0 0 0 0 0 0 0 0 0 0 0 0 0 0 0 0 0 0 0 0 0 0 0 0 0 0 0 0 0 0 0 0 0 0 0 0 0 0 0 0 0 0 0 0 0 0 0 0 0 0 0 0 38541432 0 0 0
ctxt 80126700
btime 1673393901
processes 22358
procs_running 1
procs_blocked 0
softirq 156641779 141468523 1005604 188566 2446353 30413 0 9186389 1714446 17 601468

cpu  238435 2182 167674 10646176 8012 0 378767 0 0 0
cpu0 3741 34 7146 2775195 2627 0 81655 0 0 0
cpu1 173762 0 103837 2444838 1165 0 117025 0 0 0
cpu2 56596 9 49538 2650476 2123 0 97443 0 0 0
cpu3 4335 2138 7151 2775665 2096 0 82643 0 0 0
intr 442875442 0 0 115456 75 0 32540 2561389 0 0 0 236061 0 0 0 0 0 0 0 0 0 0 0 0 0 0 0 0 0 0 0 0 0 0 0 0 0 0 0 0 0 0 0 0 0 0 0 0 0 0 0 0 317332163 0 0 0 0 0 0 0 0 26022 0 30409 0 0 0 0 0 0 0 0 0 0 0 82836715 1 0 0 0 0 0 0 0 0 0 0 0 0 0 0 0 0 0 0 0 0 0 0 24723 4215 0 0 0 0 1133280 0 0 0 0 0 0 0 0 0 0 0 0 0 0 0 0 0 0 0 0 0 0 0 0 0 0 0 0 0 0 0 0 0 0 0 0 0 0 0 0 0 0 0 0 0 0 0 0 0 0 0 0 0 0 0 0 0 0 0 0 0 0 0 0 0 0 0 0 0 0 0 0 0 0 0 38542394 0 0 0
ctxt 80128653
btime 1673393901
processes 22358
procs_running 1
procs_blocked 0
softirq 156641854 141468531 1005619 188566 2446354 30413 0 9186407 1714471 17 601476

cpu  238435 2182 167676 10646371 8012 0 378767 0 0 0
cpu0 3741 34 7146 2775244 2627 0 81655 0 0 0
cpu1 173763 0 103838 2444886 1165 0 117025 0 0 0
cpu2 56596 9 49539 2650524 2123 0 97443 0 0 0
cpu3 4335 2138 7151 2775715 2096 0 82643 0 0 0
intr 442880593 0 0 115459 75 0 32540 2561419 0 0 0 236062 0 0 0 0 0 0 0 0 0 0 0 0 0 0 0 0 0 0 0 0 0 0 0 0 0 0 0 0 0 0 0 0 0 0 0 0 0 0 0 0 317336169 0 0 0 0 0 0 0 0 26022 0 30409 0 0 0 0 0 0 0 0 0 0 0 82836843 1 0 0 0 0 0 0 0 0 0 0 0 0 0 0 0 0 0 0 0 0 0 0 24723 4215 0 0 0 0 1133302 0 0 0 0 0 0 0 0 0 0 0 0 0 0 0 0 0 0 0 0 0 0 0 0 0 0 0 0 0 0 0 0 0 0 0 0 0 0 0 0 0 0 0 0 0 0 0 0 0 0 0 0 0 0 0 0 0 0 0 0 0 0 0 0 0 0 0 0 0 0 0 0 0 0 0 38543355 0 0 0
ctxt 80130592
btime 1673393901
processes 22358
procs_running 1
procs_blocked 0
softirq 156641927 141468531 1005636 188566 2446355 30413 0 9186426 1714498 17 601485

cpu  238436 2182 167680 10646560 8012 0 378767 0 0 0
cpu0 3741 34 7146 2775293 2627 0 81655 0 0 0
cpu1 173764 0 103839 2444932 1165 0 117025 0 0 0
cpu2 56596 9 49542 2650570 2123 0 97443 0 0 0
cpu3 4335 2138 7151 2775764 2096 0 82643 0 0 0
intr 442885792 0 0 115463 75 0 32540 2561458 0 0 0 236067 0 0 0 0 0 0 0 0 0 0 0 0 0 0 0 0 0 0 0 0 0 0 0 0 0 0 0 0 0 0 0 0 0 0 0 0 0 0 0 0 317340189 0 0 0 0 0 0 0 0 26022 0 30411 0 0 0 0 0 0 0 0 0 0 0 82836997 1 0 0 0 0 0 0 0 0 0 0 0 0 0 0 0 0 0 0 0 0 0 0 24725 4215 0 0 0 0 1133324 0 0 0 0 0 0 0 0 0 0 0 0 0 0 0 0 0 0 0 0 0 0 0 0 0 0 0 0 0 0 0 0 0 0 0 0 0 0 0 0 0 0 0 0 0 0 0 0 0 0 0 0 0 0 0 0 0 0 0 0 0 0 0 0 0 0 0 0 0 0 0 0 0 0 0 38544307 0 0 0
ctxt 80132525
btime 1673393901
processes 22358
procs_running 2
procs_blocked 0
softirq 156642027 141468539 1005653 188566 2446356 30415 0 9186450 1714534 17 601497

cpu  238437 2182 167685 10646750 8012 0 378767 0 0 0
cpu0 3741 34 7146 2775342 2627 0 81655 0 0 0
cpu1 173764 0 103842 2444978 1165 0 117025 0 0 0
cpu2 56596 9 49544 2650616 2123 0 97443 0 0 0
cpu3 4335 2138 7151 2775813 2096 0 82643 0 0 0
intr 442890930 0 0 115467 75 0 32540 2561486 0 0 0 236072 0 0 0 0 0 0 0 0 0 0 0 0 0 0 0 0 0 0 0 0 0 0 0 0 0 0 0 0 0 0 0 0 0 0 0 0 0 0 0 0 317344184 0 0 0 0 0 0 0 0 26022 0 30411 0 0 0 0 0 0 0 0 0 0 0 82837125 1 0 0 0 0 0 0 0 0 0 0 0 0 0 0 0 0 0 0 0 0 0 0 24725 4215 0 0 0 0 1133346 0 0 0 0 0 0 0 0 0 0 0 0 0 0 0 0 0 0 0 0 0 0 0 0 0 0 0 0 0 0 0 0 0 0 0 0 0 0 0 0 0 0 0 0 0 0 0 0 0 0 0 0 0 0 0 0 0 0 0 0 0 0 0 0 0 0 0 0 0 0 0 0 0 0 0 38545261 0 0 0
ctxt 80134425
btime 1673393901
processes 22358
procs_running 1
procs_blocked 0
softirq 156642114 141468539 1005670 188566 2446357 30415 0 9186469 1714570 17 601511

cpu  238438 2182 167686 10646940 8012 0 378767 0 0 0
cpu0 3741 34 7146 2775391 2627 0 81655 0 0 0
cpu1 173764 0 103842 2445023 1165 0 117025 0 0 0
cpu2 56596 9 49546 2650662 2123 0 97443 0 0 0
cpu3 4335 2138 7151 2775863 2096 0 82643 0 0 0
intr 442896125 0 0 115471 75 0 32540 2561521 0 0 0 236077 0 0 0 0 0 0 0 0 0 0 0 0 0 0 0 0 0 0 0 0 0 0 0 0 0 0 0 0 0 0 0 0 0 0 0 0 0 0 0 0 317348214 0 0 0 0 0 0 0 0 26022 0 30411 0 0 0 0 0 0 0 0 0 0 0 82837277 1 0 0 0 0 0 0 0 0 0 0 0 0 0 0 0 0 0 0 0 0 0 0 24725 4215 0 0 0 0 1133368 0 0 0 0 0 0 0 0 0 0 0 0 0 0 0 0 0 0 0 0 0 0 0 0 0 0 0 0 0 0 0 0 0 0 0 0 0 0 0 0 0 0 0 0 0 0 0 0 0 0 0 0 0 0 0 0 0 0 0 0 0 0 0 0 0 0 0 0 0 0 0 0 0 0 0 38546209 0 0 0
ctxt 80136342
btime 1673393901
processes 22358
procs_running 1
procs_blocked 0
softirq 156642203 141468547 1005689 188566 2446358 30415 0 9186488 1714601 17 601522

cpu  238438 2182 167691 10647131 8012 0 378767 0 0 0
cpu0 3741 34 7146 2775440 2627 0 81655 0 0 0
cpu1 173764 0 103844 2445069 1165 0 117025 0 0 0
cpu2 56596 9 49547 2650707 2123 0 97443 0 0 0
cpu3 4335 2138 7152 2775912 2096 0 82643 0 0 0
intr 442901263 0 0 115476 75 0 32540 2561549 0 0 0 236082 0 0 0 0 0 0 0 0 0 0 0 0 0 0 0 0 0 0 0 0 0 0 0 0 0 0 0 0 0 0 0 0 0 0 0 0 0 0 0 0 317352211 0 0 0 0 0 0 0 0 26022 0 30411 0 0 0 0 0 0 0 0 0 0 0 82837405 1 0 0 0 0 0 0 0 0 0 0 0 0 0 0 0 0 0 0 0 0 0 0 24725 4215 0 0 0 0 1133390 0 0 0 0 0 0 0 0 0 0 0 0 0 0 0 0 0 0 0 0 0 0 0 0 0 0 0 0 0 0 0 0 0 0 0 0 0 0 0 0 0 0 0 0 0 0 0 0 0 0 0 0 0 0 0 0 0 0 0 0 0 0 0 0 0 0 0 0 0 0 0 0 0 0 0 38547162 0 0 0
ctxt 80138242
btime 1673393901
processes 22358
procs_running 1
procs_blocked 0
softirq 156642288 141468547 1005706 188566 2446359 30415 0 9186506 1714638 17 601534

cpu  238439 2182 167693 10647321 8012 0 378767 0 0 0
cpu0 3741 34 7146 2775490 2627 0 81655 0 0 0
cpu1 173765 0 103845 2445115 1165 0 117025 0 0 0
cpu2 56596 9 49548 2650753 2123 0 97443 0 0 0
cpu3 4335 2138 7152 2775961 2096 0 82643 0 0 0
intr 442906459 0 0 115480 75 0 32540 2561582 0 0 0 236087 0 0 0 0 0 0 0 0 0 0 0 0 0 0 0 0 0 0 0 0 0 0 0 0 0 0 0 0 0 0 0 0 0 0 0 0 0 0 0 0 317356237 0 0 0 0 0 0 0 0 26022 0 30411 0 0 0 0 0 0 0 0 0 0 0 82837559 1 0 0 0 0 0 0 0 0 0 0 0 0 0 0 0 0 0 0 0 0 0 0 24725 4215 0 0 0 0 1133412 0 0 0 0 0 0 0 0 0 0 0 0 0 0 0 0 0 0 0 0 0 0 0 0 0 0 0 0 0 0 0 0 0 0 0 0 0 0 0 0 0 0 0 0 0 0 0 0 0 0 0 0 0 0 0 0 0 0 0 0 0 0 0 0 0 0 0 0 0 0 0 0 0 0 0 38548114 0 0 0
ctxt 80140162
btime 1673393901
processes 22358
procs_running 1
procs_blocked 0
softirq 156642382 141468555 1005725 188566 2446360 30415 0 9186526 1714672 17 601546

cpu  238440 2182 167697 10647511 8012 0 378767 0 0 0
cpu0 3741 34 7147 2775539 2627 0 81655 0 0 0
cpu1 173765 0 103847 2445161 1165 0 117025 0 0 0
cpu2 56597 9 49550 2650799 2123 0 97443 0 0 0
cpu3 4335 2138 7152 2776010 2096 0 82643 0 0 0
intr 442911590 0 0 115484 75 0 32540 2561610 0 0 0 236092 0 0 0 0 0 0 0 0 0 0 0 0 0 0 0 0 0 0 0 0 0 0 0 0 0 0 0 0 0 0 0 0 0 0 0 0 0 0 0 0 317360232 0 0 0 0 0 0 0 0 26022 0 30411 0 0 0 0 0 0 0 0 0 0 0 82837687 1 0 0 0 0 0 0 0 0 0 0 0 0 0 0 0 0 0 0 0 0 0 0 24725 4215 0 0 0 0 1133434 0 0 0 0 0 0 0 0 0 0 0 0 0 0 0 0 0 0 0 0 0 0 0 0 0 0 0 0 0 0 0 0 0 0 0 0 0 0 0 0 0 0 0 0 0 0 0 0 0 0 0 0 0 0 0 0 0 0 0 0 0 0 0 0 0 0 0 0 0 0 0 0 0 0 0 38549063 0 0 0
ctxt 80142055
btime 1673393901
processes 22358
procs_running 1
procs_blocked 0
softirq 156642465 141468555 1005741 188566 2446361 30415 0 9186544 1714708 17 601558

cpu  238440 2182 167701 10647701 8012 0 378767 0 0 0
cpu0 3741 34 7147 2775588 2627 0 81655 0 0 0
cpu1 173765 0 103848 2445207 1165 0 117025 0 0 0
cpu2 56598 9 49553 2650845 2123 0 97443 0 0 0
cpu3 4335 2138 7152 2776060 2096 0 82643 0 0 0
intr 442916804 0 0 115492 75 0 32540 2561644 0 0 0 236097 0 0 0 0 0 0 0 0 0 0 0 0 0 0 0 0 0 0 0 0 0 0 0 0 0 0 0 0 0 0 0 0 0 0 0 0 0 0 0 0 317364261 0 0 0 0 0 0 0 0 26022 0 30411 0 0 0 0 0 0 0 0 0 0 0 82837841 1 0 0 0 0 0 0 0 0 0 0 0 0 0 0 0 0 0 0 0 0 0 0 24725 4215 0 0 0 0 1133456 0 0 0 0 0 0 0 0 0 0 0 0 0 0 0 0 0 0 0 0 0 0 0 0 0 0 0 0 0 0 0 0 0 0 0 0 0 0 0 0 0 0 0 0 0 0 0 0 0 0 0 0 0 0 0 0 0 0 0 0 0 0 0 0 0 0 0 0 0 0 0 0 0 0 0 38550025 0 0 0
ctxt 80143987
btime 1673393901
processes 22358
procs_running 1
procs_blocked 0
softirq 156642562 141468563 1005761 188567 2446362 30415 0 9186565 1714742 17 601570

cpu  238441 2182 167704 10647891 8012 0 378767 0 0 0
cpu0 3741 34 7147 2775637 2627 0 81655 0 0 0
cpu1 173765 0 103850 2445253 1165 0 117025 0 0 0
cpu2 56598 9 49554 2650891 2123 0 97443 0 0 0
cpu3 4335 2138 7152 2776109 2096 0 82643 0 0 0
intr 442921942 0 0 115497 75 0 32540 2561674 0 0 0 236102 0 0 0 0 0 0 0 0 0 0 0 0 0 0 0 0 0 0 0 0 0 0 0 0 0 0 0 0 0 0 0 0 0 0 0 0 0 0 0 0 317368257 0 0 0 0 0 0 0 0 26022 0 30411 0 0 0 0 0 0 0 0 0 0 0 82837969 1 0 0 0 0 0 0 0 0 0 0 0 0 0 0 0 0 0 0 0 0 0 0 24725 4215 0 0 0 0 1133478 0 0 0 0 0 0 0 0 0 0 0 0 0 0 0 0 0 0 0 0 0 0 0 0 0 0 0 0 0 0 0 0 0 0 0 0 0 0 0 0 0 0 0 0 0 0 0 0 0 0 0 0 0 0 0 0 0 0 0 0 0 0 0 0 0 0 0 0 0 0 0 0 0 0 0 38550977 0 0 0
ctxt 80145888
btime 1673393901
processes 22358
procs_running 1
procs_blocked 0
softirq 156642644 141468563 1005779 188567 2446363 30415 0 9186583 1714776 17 601581

cpu  238441 2182 167708 10648082 8012 0 378767 0 0 0
cpu0 3741 34 7147 2775686 2627 0 81655 0 0 0
cpu1 173765 0 103851 2445299 1165 0 117025 0 0 0
cpu2 56598 9 49556 2650937 2123 0 97443 0 0 0
cpu3 4335 2138 7152 2776158 2096 0 82643 0 0 0
intr 442927147 0 0 115501 75 0 32540 2561705 0 0 0 236107 0 0 0 0 0 0 0 0 0 0 0 0 0 0 0 0 0 0 0 0 0 0 0 0 0 0 0 0 0 0 0 0 0 0 0 0 0 0 0 0 317372286 0 0 0 0 0 0 0 0 26022 0 30411 0 0 0 0 0 0 0 0 0 0 0 82838123 1 0 0 0 0 0 0 0 0 0 0 0 0 0 0 0 0 0 0 0 0 0 0 24725 4215 0 0 0 0 1133500 0 0 0 0 0 0 0 0 0 0 0 0 0 0 0 0 0 0 0 0 0 0 0 0 0 0 0 0 0 0 0 0 0 0 0 0 0 0 0 0 0 0 0 0 0 0 0 0 0 0 0 0 0 0 0 0 0 0 0 0 0 0 0 0 0 0 0 0 0 0 0 0 0 0 0 38551936 0 0 0
ctxt 80147807
btime 1673393901
processes 22358
procs_running 1
procs_blocked 0
softirq 156642739 141468571 1005797 188567 2446364 30415 0 9186603 1714812 17 601593

cpu  238442 2182 167711 10648272 8012 0 378767 0 0 0
cpu0 3741 34 7147 2775736 2627 0 81655 0 0 0
cpu1 173765 0 103854 2445345 1165 0 117025 0 0 0
cpu2 56599 9 49558 2650983 2123 0 97443 0 0 0
cpu3 4335 2138 7152 2776207 2096 0 82643 0 0 0
intr 442932278 0 0 115505 75 0 32540 2561731 0 0 0 236112 0 0 0 0 0 0 0 0 0 0 0 0 0 0 0 0 0 0 0 0 0 0 0 0 0 0 0 0 0 0 0 0 0 0 0 0 0 0 0 0 317376282 0 0 0 0 0 0 0 0 26022 0 30411 0 0 0 0 0 0 0 0 0 0 0 82838251 1 0 0 0 0 0 0 0 0 0 0 0 0 0 0 0 0 0 0 0 0 0 0 24725 4215 0 0 0 0 1133522 0 0 0 0 0 0 0 0 0 0 0 0 0 0 0 0 0 0 0 0 0 0 0 0 0 0 0 0 0 0 0 0 0 0 0 0 0 0 0 0 0 0 0 0 0 0 0 0 0 0 0 0 0 0 0 0 0 0 0 0 0 0 0 0 0 0 0 0 0 0 0 0 0 0 0 38552886 0 0 0
ctxt 80149699
btime 1673393901
processes 22358
procs_running 1
procs_blocked 0
softirq 156642821 141468571 1005813 188567 2446365 30415 0 9186621 1714848 17 601604

cpu  238442 2182 167717 10648462 8012 0 378767 0 0 0
cpu0 3741 34 7147 2775784 2627 0 81655 0 0 0
cpu1 173766 0 103856 2445391 1165 0 117025 0 0 0
cpu2 56599 9 49560 2651028 2123 0 97443 0 0 0
cpu3 4335 2138 7152 2776257 2096 0 82643 0 0 0
intr 442937481 0 0 115509 75 0 32540 2561760 0 0 0 236117 0 0 0 0 0 0 0 0 0 0 0 0 0 0 0 0 0 0 0 0 0 0 0 0 0 0 0 0 0 0 0 0 0 0 0 0 0 0 0 0 317380311 0 0 0 0 0 0 0 0 26022 0 30411 0 0 0 0 0 0 0 0 0 0 0 82838405 1 0 0 0 0 0 0 0 0 0 0 0 0 0 0 0 0 0 0 0 0 0 0 24725 4215 0 0 0 0 1133544 0 0 0 0 0 0 0 0 0 0 0 0 0 0 0 0 0 0 0 0 0 0 0 0 0 0 0 0 0 0 0 0 0 0 0 0 0 0 0 0 0 0 0 0 0 0 0 0 0 0 0 0 0 0 0 0 0 0 0 0 0 0 0 0 0 0 0 0 0 0 0 0 0 0 0 38553847 0 0 0
ctxt 80151623
btime 1673393901
processes 22358
procs_running 1
procs_blocked 0
softirq 156642917 141468579 1005831 188567 2446366 30415 0 9186641 1714885 17 601616

cpu  238443 2182 167721 10648652 8012 0 378767 0 0 0
cpu0 3741 34 7148 2775834 2627 0 81655 0 0 0
cpu1 173767 0 103858 2445437 1165 0 117025 0 0 0
cpu2 56599 9 49562 2651074 2123 0 97443 0 0 0
cpu3 4335 2138 7152 2776306 2096 0 82643 0 0 0
intr 442942624 0 0 115514 75 0 32540 2561790 0 0 0 236122 0 0 0 0 0 0 0 0 0 0 0 0 0 0 0 0 0 0 0 0 0 0 0 0 0 0 0 0 0 0 0 0 0 0 0 0 0 0 0 0 317384308 0 0 0 0 0 0 0 0 26022 0 30411 0 0 0 0 0 0 0 0 0 0 0 82838533 1 0 0 0 0 0 0 0 0 0 0 0 0 0 0 0 0 0 0 0 0 0 0 24725 4215 0 0 0 0 1133566 0 0 0 0 0 0 0 0 0 0 0 0 0 0 0 0 0 0 0 0 0 0 0 0 0 0 0 0 0 0 0 0 0 0 0 0 0 0 0 0 0 0 0 0 0 0 0 0 0 0 0 0 0 0 0 0 0 0 0 0 0 0 0 0 0 0 0 0 0 0 0 0 0 0 0 38554803 0 0 0
ctxt 80153527
btime 1673393901
processes 22358
procs_running 1
procs_blocked 0
softirq 156642999 141468579 1005847 188567 2446367 30415 0 9186659 1714921 17 601627

cpu  238443 2182 167726 10648841 8012 0 378767 0 0 0
cpu0 3741 34 7148 2775881 2627 0 81655 0 0 0
cpu1 173767 0 103860 2445483 1165 0 117025 0 0 0
cpu2 56599 9 49564 2651120 2123 0 97443 0 0 0
cpu3 4335 2138 7152 2776355 2096 0 82643 0 0 0
intr 442947947 0 0 115518 75 0 32540 2561854 0 0 0 236127 0 0 0 0 0 0 0 0 0 0 0 0 0 0 0 0 0 0 0 0 0 0 0 0 0 0 0 0 0 0 0 0 0 0 0 0 0 0 0 0 317388336 0 0 0 0 0 0 0 0 26022 0 30454 0 0 0 0 0 0 0 0 0 0 0 82838687 1 0 0 0 0 0 0 0 0 0 0 0 0 0 0 0 0 0 0 0 0 0 0 24768 4215 0 0 0 0 1133588 0 0 0 0 0 0 0 0 0 0 0 0 0 0 0 0 0 0 0 0 0 0 0 0 0 0 0 0 0 0 0 0 0 0 0 0 0 0 0 0 0 0 0 0 0 0 0 0 0 0 0 0 0 0 0 0 0 0 0 0 0 0 0 0 0 0 0 0 0 0 0 0 0 0 0 38555762 0 0 0
ctxt 80155802
btime 1673393901
processes 22358
procs_running 1
procs_blocked 0
softirq 156643273 141468587 1005867 188567 2446368 30458 0 9186809 1714962 17 601638

cpu  238444 2182 167731 10649031 8012 0 378767 0 0 0
cpu0 3741 34 7149 2775931 2627 0 81655 0 0 0
cpu1 173767 0 103862 2445529 1165 0 117025 0 0 0
cpu2 56599 9 49567 2651166 2123 0 97443 0 0 0
cpu3 4335 2138 7152 2776405 2096 0 82643 0 0 0
intr 442953098 0 0 115522 75 0 32540 2561882 0 0 0 236132 0 0 0 0 0 0 0 0 0 0 0 0 0 0 0 0 0 0 0 0 0 0 0 0 0 0 0 0 0 0 0 0 0 0 0 0 0 0 0 0 317392337 0 0 0 0 0 0 0 0 26022 0 30454 0 0 0 0 0 0 0 0 0 0 0 82838815 1 0 0 0 0 0 0 0 0 0 0 0 0 0 0 0 0 0 0 0 0 0 0 24768 4215 0 0 0 0 1133610 0 0 0 0 0 0 0 0 0 0 0 0 0 0 0 0 0 0 0 0 0 0 0 0 0 0 0 0 0 0 0 0 0 0 0 0 0 0 0 0 0 0 0 0 0 0 0 0 0 0 0 0 0 0 0 0 0 0 0 0 0 0 0 0 0 0 0 0 0 0 0 0 0 0 0 38556726 0 0 0
ctxt 80157708
btime 1673393901
processes 22358
procs_running 1
procs_blocked 0
softirq 156643363 141468587 1005884 188567 2446369 30458 0 9186827 1715005 17 601649

cpu  238444 2182 167736 10649221 8012 0 378767 0 0 0
cpu0 3741 34 7149 2775980 2627 0 81655 0 0 0
cpu1 173767 0 103864 2445574 1165 0 117025 0 0 0
cpu2 56599 9 49569 2651211 2123 0 97443 0 0 0
cpu3 4335 2138 7152 2776454 2096 0 82643 0 0 0
intr 442958287 0 0 115526 75 0 32540 2561912 0 0 0 236137 0 0 0 0 0 0 0 0 0 0 0 0 0 0 0 0 0 0 0 0 0 0 0 0 0 0 0 0 0 0 0 0 0 0 0 0 0 0 0 0 317396355 0 0 0 0 0 0 0 0 26022 0 30454 0 0 0 0 0 0 0 0 0 0 0 82838969 1 0 0 0 0 0 0 0 0 0 0 0 0 0 0 0 0 0 0 0 0 0 0 24768 4215 0 0 0 0 1133632 0 0 0 0 0 0 0 0 0 0 0 0 0 0 0 0 0 0 0 0 0 0 0 0 0 0 0 0 0 0 0 0 0 0 0 0 0 0 0 0 0 0 0 0 0 0 0 0 0 0 0 0 0 0 0 0 0 0 0 0 0 0 0 0 0 0 0 0 0 0 0 0 0 0 0 38557682 0 0 0
ctxt 80159628
btime 1673393901
processes 22358
procs_running 1
procs_blocked 0
softirq 156643457 141468595 1005902 188567 2446370 30458 0 9186846 1715043 17 601659

cpu  238444 2182 167739 10649411 8012 0 378767 0 0 0
cpu0 3741 34 7149 2776029 2627 0 81655 0 0 0
cpu1 173768 0 103865 2445620 1165 0 117025 0 0 0
cpu2 56599 9 49571 2651257 2123 0 97443 0 0 0
cpu3 4335 2138 7152 2776503 2096 0 82643 0 0 0
intr 442963433 0 0 115531 75 0 32540 2561940 0 0 0 236142 0 0 0 0 0 0 0 0 0 0 0 0 0 0 0 0 0 0 0 0 0 0 0 0 0 0 0 0 0 0 0 0 0 0 0 0 0 0 0 0 317400358 0 0 0 0 0 0 0 0 26022 0 30454 0 0 0 0 0 0 0 0 0 0 0 82839097 1 0 0 0 0 0 0 0 0 0 0 0 0 0 0 0 0 0 0 0 0 0 0 24768 4215 0 0 0 0 1133654 0 0 0 0 0 0 0 0 0 0 0 0 0 0 0 0 0 0 0 0 0 0 0 0 0 0 0 0 0 0 0 0 0 0 0 0 0 0 0 0 0 0 0 0 0 0 0 0 0 0 0 0 0 0 0 0 0 0 0 0 0 0 0 0 0 0 0 0 0 0 0 0 0 0 0 38558637 0 0 0
ctxt 80161538
btime 1673393901
processes 22358
procs_running 1
procs_blocked 0
softirq 156643541 141468595 1005920 188567 2446371 30458 0 9186864 1715077 17 601672

cpu  238444 2182 167741 10649601 8012 0 378767 0 0 0
cpu0 3741 34 7150 2776078 2627 0 81655 0 0 0
cpu1 173768 0 103866 2445666 1165 0 117025 0 0 0
cpu2 56599 9 49572 2651303 2123 0 97443 0 0 0
cpu3 4335 2138 7152 2776552 2096 0 82643 0 0 0
intr 442968620 0 0 115535 75 0 32540 2561972 0 0 0 236147 0 0 0 0 0 0 0 0 0 0 0 0 0 0 0 0 0 0 0 0 0 0 0 0 0 0 0 0 0 0 0 0 0 0 0 0 0 0 0 0 317404376 0 0 0 0 0 0 0 0 26022 0 30454 0 0 0 0 0 0 0 0 0 0 0 82839251 1 0 0 0 0 0 0 0 0 0 0 0 0 0 0 0 0 0 0 0 0 0 0 24768 4215 0 0 0 0 1133676 0 0 0 0 0 0 0 0 0 0 0 0 0 0 0 0 0 0 0 0 0 0 0 0 0 0 0 0 0 0 0 0 0 0 0 0 0 0 0 0 0 0 0 0 0 0 0 0 0 0 0 0 0 0 0 0 0 0 0 0 0 0 0 0 0 0 0 0 0 0 0 0 0 0 0 38559589 0 0 0
ctxt 80163463
btime 1673393901
processes 22358
procs_running 1
procs_blocked 0
softirq 156643636 141468603 1005938 188568 2446372 30458 0 9186884 1715111 17 601685

cpu  238445 2182 167745 10649791 8012 0 378767 0 0 0
cpu0 3741 34 7150 2776127 2627 0 81655 0 0 0
cpu1 173768 0 103868 2445712 1165 0 117025 0 0 0
cpu2 56600 9 49574 2651349 2123 0 97443 0 0 0
cpu3 4335 2138 7152 2776602 2096 0 82643 0 0 0
intr 442973759 0 0 115539 75 0 32540 2562000 0 0 0 236152 0 0 0 0 0 0 0 0 0 0 0 0 0 0 0 0 0 0 0 0 0 0 0 0 0 0 0 0 0 0 0 0 0 0 0 0 0 0 0 0 317408379 0 0 0 0 0 0 0 0 26022 0 30454 0 0 0 0 0 0 0 0 0 0 0 82839379 1 0 0 0 0 0 0 0 0 0 0 0 0 0 0 0 0 0 0 0 0 0 0 24768 4215 0 0 0 0 1133698 0 0 0 0 0 0 0 0 0 0 0 0 0 0 0 0 0 0 0 0 0 0 0 0 0 0 0 0 0 0 0 0 0 0 0 0 0 0 0 0 0 0 0 0 0 0 0 0 0 0 0 0 0 0 0 0 0 0 0 0 0 0 0 0 0 0 0 0 0 0 0 0 0 0 0 38560539 0 0 0
ctxt 80165365
btime 1673393901
processes 22358
procs_running 2
procs_blocked 0
softirq 156643712 141468603 1005952 188568 2446373 30458 0 9186902 1715142 17 601697

cpu  238446 2182 167748 10649981 8012 0 378767 0 0 0
cpu0 3741 34 7150 2776176 2627 0 81655 0 0 0
cpu1 173768 0 103870 2445758 1165 0 117025 0 0 0
cpu2 56600 9 49575 2651395 2123 0 97443 0 0 0
cpu3 4335 2138 7152 2776651 2096 0 82643 0 0 0
intr 442978945 0 0 115543 75 0 32540 2562031 0 0 0 236157 0 0 0 0 0 0 0 0 0 0 0 0 0 0 0 0 0 0 0 0 0 0 0 0 0 0 0 0 0 0 0 0 0 0 0 0 0 0 0 0 317412398 0 0 0 0 0 0 0 0 26022 0 30454 0 0 0 0 0 0 0 0 0 0 0 82839533 1 0 0 0 0 0 0 0 0 0 0 0 0 0 0 0 0 0 0 0 0 0 0 24768 4215 0 0 0 0 1133717 0 0 0 0 0 0 0 0 0 0 0 0 0 0 0 0 0 0 0 0 0 0 0 0 0 0 0 0 0 0 0 0 0 0 0 0 0 0 0 0 0 0 0 0 0 0 0 0 0 0 0 0 0 0 0 0 0 0 0 0 0 0 0 0 0 0 0 0 0 0 0 0 0 0 0 38561492 0 0 0
ctxt 80167275
btime 1673393901
processes 22358
procs_running 1
procs_blocked 0
softirq 156643797 141468611 1005967 188568 2446374 30458 0 9186917 1715175 17 601710

cpu  238447 2182 167751 10650172 8012 0 378767 0 0 0
cpu0 3741 34 7150 2776225 2627 0 81655 0 0 0
cpu1 173769 0 103872 2445804 1165 0 117025 0 0 0
cpu2 56600 9 49576 2651441 2123 0 97443 0 0 0
cpu3 4335 2138 7152 2776701 2096 0 82643 0 0 0
intr 442984088 0 0 115548 75 0 32540 2562059 0 0 0 236162 0 0 0 0 0 0 0 0 0 0 0 0 0 0 0 0 0 0 0 0 0 0 0 0 0 0 0 0 0 0 0 0 0 0 0 0 0 0 0 0 317416401 0 0 0 0 0 0 0 0 26022 0 30454 0 0 0 0 0 0 0 0 0 0 0 82839661 1 0 0 0 0 0 0 0 0 0 0 0 0 0 0 0 0 0 0 0 0 0 0 24768 4215 0 0 0 0 1133739 0 0 0 0 0 0 0 0 0 0 0 0 0 0 0 0 0 0 0 0 0 0 0 0 0 0 0 0 0 0 0 0 0 0 0 0 0 0 0 0 0 0 0 0 0 0 0 0 0 0 0 0 0 0 0 0 0 0 0 0 0 0 0 0 0 0 0 0 0 0 0 0 0 0 0 38562443 0 0 0
ctxt 80169183
btime 1673393901
processes 22358
procs_running 1
procs_blocked 0
softirq 156643877 141468611 1005982 188568 2446375 30458 0 9186935 1715208 17 601723

cpu  238448 2182 167754 10650362 8012 0 378767 0 0 0
cpu0 3741 34 7150 2776274 2627 0 81655 0 0 0
cpu1 173770 0 103874 2445850 1165 0 117025 0 0 0
cpu2 56601 9 49577 2651487 2123 0 97443 0 0 0
cpu3 4335 2138 7152 2776750 2096 0 82643 0 0 0
intr 442989274 0 0 115552 75 0 32540 2562089 0 0 0 236167 0 0 0 0 0 0 0 0 0 0 0 0 0 0 0 0 0 0 0 0 0 0 0 0 0 0 0 0 0 0 0 0 0 0 0 0 0 0 0 0 317420422 0 0 0 0 0 0 0 0 26022 0 30454 0 0 0 0 0 0 0 0 0 0 0 82839815 1 0 0 0 0 0 0 0 0 0 0 0 0 0 0 0 0 0 0 0 0 0 0 24768 4215 0 0 0 0 1133761 0 0 0 0 0 0 0 0 0 0 0 0 0 0 0 0 0 0 0 0 0 0 0 0 0 0 0 0 0 0 0 0 0 0 0 0 0 0 0 0 0 0 0 0 0 0 0 0 0 0 0 0 0 0 0 0 0 0 0 0 0 0 0 0 0 0 0 0 0 0 0 0 0 0 0 38563394 0 0 0
ctxt 80171101
btime 1673393901
processes 22358
procs_running 1
procs_blocked 0
softirq 156643968 141468619 1005999 188568 2446376 30458 0 9186955 1715240 17 601736

cpu  238473 2182 167757 10650525 8012 0 378769 0 0 0
cpu0 3741 34 7150 2776323 2627 0 81655 0 0 0
cpu1 173782 0 103876 2445883 1165 0 117026 0 0 0
cpu2 56613 9 49578 2651520 2123 0 97444 0 0 0
cpu3 4335 2138 7152 2776798 2096 0 82643 0 0 0
intr 442995585 0 0 115558 75 0 32540 2562127 0 0 0 236171 0 0 0 0 0 0 0 0 0 0 0 0 0 0 0 0 0 0 0 0 0 0 0 0 0 0 0 0 0 0 0 0 0 0 0 0 0 0 0 0 317425095 0 0 0 0 0 0 0 0 26022 0 30454 0 0 0 0 0 0 0 0 0 0 0 82840609 1 0 0 0 0 0 0 0 0 0 0 0 0 0 0 0 0 0 0 0 0 0 0 24768 4215 0 0 0 0 1133783 0 0 0 0 0 0 0 0 0 0 0 0 0 0 0 0 0 0 0 0 0 0 0 0 0 0 0 0 0 0 0 0 0 0 0 0 0 0 0 0 0 0 0 0 0 0 0 0 0 0 0 0 0 0 0 0 0 0 0 0 0 0 0 0 0 0 0 0 0 0 0 0 0 0 0 38564167 0 0 0
ctxt 80172564
btime 1673393901
processes 22358
procs_running 1
procs_blocked 0
softirq 156645509 141469487 1006018 188578 2446401 30458 0 9187523 1715278 17 601749

cpu  238510 2182 167760 10650672 8012 0 378772 0 0 0
cpu0 3741 34 7150 2776370 2627 0 81656 0 0 0
cpu1 173800 0 103877 2445909 1165 0 117027 0 0 0
cpu2 56632 9 49580 2651546 2123 0 97445 0 0 0
cpu3 4335 2138 7152 2776845 2096 0 82643 0 0 0
intr 443002333 0 0 115558 75 0 32540 2562194 0 0 0 236171 0 0 0 0 0 0 0 0 0 0 0 0 0 0 0 0 0 0 0 0 0 0 0 0 0 0 0 0 0 0 0 0 0 0 0 0 0 0 0 0 317430041 0 0 0 0 0 0 0 0 26022 0 30454 0 0 0 0 0 0 0 0 0 0 0 82841659 1 0 0 0 0 0 0 0 0 0 0 0 0 0 0 0 0 0 0 0 0 0 0 24768 4215 0 0 0 0 1133805 0 0 0 0 0 0 0 0 0 0 0 0 0 0 0 0 0 0 0 0 0 0 0 0 0 0 0 0 0 0 0 0 0 0 0 0 0 0 0 0 0 0 0 0 0 0 0 0 0 0 0 0 0 0 0 0 0 0 0 0 0 0 0 0 0 0 0 0 0 0 0 0 0 0 0 38564831 0 0 0
ctxt 80173825
btime 1673393901
processes 22358
procs_running 1
procs_blocked 0
softirq 156647613 141470666 1006037 188578 2446432 30458 0 9188322 1715339 17 601764

cpu  238547 2182 167766 10650814 8014 0 378776 0 0 0
cpu0 3741 34 7150 2776416 2627 0 81656 0 0 0
cpu1 173819 0 103880 2445935 1165 0 117029 0 0 0
cpu2 56651 9 49582 2651572 2123 0 97446 0 0 0
cpu3 4335 2138 7153 2776890 2097 0 82643 0 0 0
intr 443008988 0 0 115559 75 0 32541 2562282 0 0 0 236171 0 0 0 0 0 0 0 0 0 0 0 0 0 0 0 0 0 0 0 0 0 0 0 0 0 0 0 0 0 0 0 0 0 0 0 0 0 0 0 0 317434898 0 0 0 0 0 0 0 0 26022 0 30474 0 0 0 0 0 0 0 0 0 0 0 82842623 1 0 0 0 0 0 0 0 0 0 0 0 0 0 0 0 0 0 0 0 0 0 0 24788 4215 0 0 0 0 1133839 0 0 0 0 0 0 0 0 0 0 0 0 0 0 0 0 0 0 0 0 0 0 0 0 0 0 0 0 0 0 0 0 0 0 0 0 0 0 0 0 0 0 0 0 0 0 0 0 0 0 0 0 0 0 0 0 0 0 0 0 0 0 0 0 0 0 0 0 0 0 0 0 0 0 0 38565501 0 0 0
ctxt 80175263
btime 1673393901
processes 22359
procs_running 3
procs_blocked 0
softirq 156649790 141471925 1006065 188578 2446459 30478 0 9189059 1715406 17 601803

cpu  238586 2182 167772 10650958 8014 0 378780 0 0 0
cpu0 3741 34 7150 2776463 2627 0 81657 0 0 0
cpu1 173838 0 103883 2445959 1165 0 117030 0 0 0
cpu2 56670 9 49584 2651597 2123 0 97448 0 0 0
cpu3 4335 2138 7153 2776937 2097 0 82644 0 0 0
intr 443015681 0 0 115559 75 0 32541 2562339 0 0 0 236171 0 0 0 0 0 0 0 0 0 0 0 0 0 0 0 0 0 0 0 0 0 0 0 0 0 0 0 0 0 0 0 0 0 0 0 0 0 0 0 0 317439825 0 0 0 0 0 0 0 0 26022 0 30474 0 0 0 0 0 0 0 0 0 0 0 82843656 1 0 0 0 0 0 0 0 0 0 0 0 0 0 0 0 0 0 0 0 0 0 0 24788 4215 0 0 0 0 1133864 0 0 0 0 0 0 0 0 0 0 0 0 0 0 0 0 0 0 0 0 0 0 0 0 0 0 0 0 0 0 0 0 0 0 0 0 0 0 0 0 0 0 0 0 0 0 0 0 0 0 0 0 0 0 0 0 0 0 0 0 0 0 0 0 0 0 0 0 0 0 0 0 0 0 0 38566152 0 0 0
ctxt 80176491
btime 1673393901
processes 22359
procs_running 1
procs_blocked 0
softirq 156651868 141473157 1006085 188578 2446482 30478 0 9189786 1715462 17 601823

cpu  238625 2182 167776 10651101 8014 0 378785 0 0 0
cpu0 3741 34 7150 2776510 2627 0 81657 0 0 0
cpu1 173859 0 103886 2445982 1165 0 117034 0 0 0
cpu2 56689 9 49586 2651622 2123 0 97449 0 0 0
cpu3 4335 2138 7153 2776985 2097 0 82644 0 0 0
intr 443022333 0 0 115559 75 0 32541 2562384 0 0 0 236171 0 0 0 0 0 0 0 0 0 0 0 0 0 0 0 0 0 0 0 0 0 0 0 0 0 0 0 0 0 0 0 0 0 0 0 0 0 0 0 0 317444738 0 0 0 0 0 0 0 0 26022 0 30474 0 0 0 0 0 0 0 0 0 0 0 82844680 1 0 0 0 0 0 0 0 0 0 0 0 0 0 0 0 0 0 0 0 0 0 0 24788 4215 0 0 0 0 1133886 0 0 0 0 0 0 0 0 0 0 0 0 0 0 0 0 0 0 0 0 0 0 0 0 0 0 0 0 0 0 0 0 0 0 0 0 0 0 0 0 0 0 0 0 0 0 0 0 0 0 0 0 0 0 0 0 0 0 0 0 0 0 0 0 0 0 0 0 0 0 0 0 0 0 0 38566800 0 0 0
ctxt 80177650
btime 1673393901
processes 22359
procs_running 1
procs_blocked 0
softirq 156654008 141474434 1006103 188578 2446508 30478 0 9190520 1715524 17 601846

cpu  238664 2182 167782 10651246 8014 0 378788 0 0 0
cpu0 3742 34 7150 2776557 2627 0 81657 0 0 0
cpu1 173879 0 103889 2446007 1165 0 117035 0 0 0
cpu2 56707 9 49588 2651648 2123 0 97450 0 0 0
cpu3 4335 2138 7153 2777032 2097 0 82644 0 0 0
intr 443028926 0 0 115563 75 0 32541 2562435 0 0 0 236171 0 0 0 0 0 0 0 0 0 0 0 0 0 0 0 0 0 0 0 0 0 0 0 0 0 0 0 0 0 0 0 0 0 0 0 0 0 0 0 0 317449600 0 0 0 0 0 0 0 0 26022 0 30474 0 0 0 0 0 0 0 0 0 0 0 82845670 1 0 0 0 0 0 0 0 0 0 0 0 0 0 0 0 0 0 0 0 0 0 0 24788 4215 0 0 0 0 1133908 0 0 0 0 0 0 0 0 0 0 0 0 0 0 0 0 0 0 0 0 0 0 0 0 0 0 0 0 0 0 0 0 0 0 0 0 0 0 0 0 0 0 0 0 0 0 0 0 0 0 0 0 0 0 0 0 0 0 0 0 0 0 0 0 0 0 0 0 0 0 0 0 0 0 0 38567464 0 0 0
ctxt 80178875
btime 1673393901
processes 22359
procs_running 3
procs_blocked 0
softirq 156656055 141475683 1006126 188579 2446535 30478 0 9191192 1715584 17 601861

cpu  238704 2182 167786 10651391 8014 0 378790 0 0 0
cpu0 3742 34 7150 2776604 2627 0 81658 0 0 0
cpu1 173899 0 103891 2446032 1165 0 117036 0 0 0
cpu2 56727 9 49591 2651674 2123 0 97451 0 0 0
cpu3 4335 2138 7153 2777079 2097 0 82644 0 0 0
intr 443035559 0 0 115564 75 0 32541 2562487 0 0 0 236171 0 0 0 0 0 0 0 0 0 0 0 0 0 0 0 0 0 0 0 0 0 0 0 0 0 0 0 0 0 0 0 0 0 0 0 0 0 0 0 0 317454503 0 0 0 0 0 0 0 0 26022 0 30474 0 0 0 0 0 0 0 0 0 0 0 82846677 1 0 0 0 0 0 0 0 0 0 0 0 0 0 0 0 0 0 0 0 0 0 0 24788 4215 0 0 0 0 1133930 0 0 0 0 0 0 0 0 0 0 0 0 0 0 0 0 0 0 0 0 0 0 0 0 0 0 0 0 0 0 0 0 0 0 0 0 0 0 0 0 0 0 0 0 0 0 0 0 0 0 0 0 0 0 0 0 0 0 0 0 0 0 0 0 0 0 0 0 0 0 0 0 0 0 0 38568112 0 0 0
ctxt 80180054
btime 1673393901
processes 22359
procs_running 1
procs_blocked 0
softirq 156658113 141476902 1006144 188579 2446560 30478 0 9191911 1715642 17 601880

cpu  238740 2182 167792 10651540 8014 0 378793 0 0 0
cpu0 3742 34 7150 2776652 2627 0 81658 0 0 0
cpu1 173918 0 103894 2446059 1165 0 117037 0 0 0
cpu2 56744 9 49593 2651702 2123 0 97452 0 0 0
cpu3 4335 2138 7153 2777127 2097 0 82644 0 0 0
intr 443042308 0 0 115564 75 0 32542 2562540 0 0 0 236171 0 0 0 0 0 0 0 0 0 0 0 0 0 0 0 0 0 0 0 0 0 0 0 0 0 0 0 0 0 0 0 0 0 0 0 0 0 0 0 0 317459440 0 0 0 0 0 0 0 0 26022 0 30474 0 0 0 0 0 0 0 0 0 0 0 82847725 1 0 0 0 0 0 0 0 0 0 0 0 0 0 0 0 0 0 0 0 0 0 0 24788 4215 0 0 0 0 1133952 0 0 0 0 0 0 0 0 0 0 0 0 0 0 0 0 0 0 0 0 0 0 0 0 0 0 0 0 0 0 0 0 0 0 0 0 0 0 0 0 0 0 0 0 0 0 0 0 0 0 0 0 0 0 0 0 0 0 0 0 0 0 0 0 0 0 0 0 0 0 0 0 0 0 0 38568801 0 0 0
ctxt 80181332
btime 1673393901
processes 22359
procs_running 1
procs_blocked 0
softirq 156660188 141478050 1006164 188579 2446602 30478 0 9192693 1715702 17 601903

cpu  238760 2182 167793 10651711 8014 0 378794 0 0 0
cpu0 3742 34 7150 2776700 2627 0 81658 0 0 0
cpu1 173928 0 103895 2446096 1165 0 117038 0 0 0
cpu2 56755 9 49593 2651738 2123 0 97453 0 0 0
cpu3 4335 2138 7153 2777175 2097 0 82644 0 0 0
intr 443049087 0 0 115564 75 0 32542 2562587 0 0 0 236171 0 0 0 0 0 0 0 0 0 0 0 0 0 0 0 0 0 0 0 0 0 0 0 0 0 0 0 0 0 0 0 0 0 0 0 0 0 0 0 0 317464340 0 0 0 0 0 0 0 0 26022 0 30474 0 0 0 0 0 0 0 0 0 0 0 82848745 1 0 0 0 0 0 0 0 0 0 0 0 0 0 0 0 0 0 0 0 0 0 0 24788 4215 0 0 0 0 1133974 0 0 0 0 0 0 0 0 0 0 0 0 0 0 0 0 0 0 0 0 0 0 0 0 0 0 0 0 0 0 0 0 0 0 0 0 0 0 0 0 0 0 0 0 0 0 0 0 0 0 0 0 0 0 0 0 0 0 0 0 0 0 0 0 0 0 0 0 0 0 0 0 0 0 0 38569601 0 0 0
ctxt 80182907
btime 1673393901
processes 22359
procs_running 2
procs_blocked 0
softirq 156662170 141479012 1006178 188579 2446684 30478 0 9193562 1715745 17 601915

cpu  238786 2182 167796 10651874 8014 0 378798 0 0 0
cpu0 3742 34 7150 2776748 2627 0 81658 0 0 0
cpu1 173940 0 103897 2446129 1165 0 117040 0 0 0
cpu2 56767 9 49594 2651772 2123 0 97454 0 0 0
cpu3 4335 2138 7153 2777223 2097 0 82644 0 0 0
intr 443055774 0 0 115564 75 0 32542 2562640 0 0 0 236171 0 0 0 0 0 0 0 0 0 0 0 0 0 0 0 0 0 0 0 0 0 0 0 0 0 0 0 0 0 0 0 0 0 0 0 0 0 0 0 0 317469192 0 0 0 0 0 0 0 0 26022 0 30474 0 0 0 0 0 0 0 0 0 0 0 82849728 1 0 0 0 0 0 0 0 0 0 0 0 0 0 0 0 0 0 0 0 0 0 0 24788 4215 0 0 0 0 1133996 0 0 0 0 0 0 0 0 0 0 0 0 0 0 0 0 0 0 0 0 0 0 0 0 0 0 0 0 0 0 0 0 0 0 0 0 0 0 0 0 0 0 0 0 0 0 0 0 0 0 0 0 0 0 0 0 0 0 0 0 0 0 0 0 0 0 0 0 0 0 0 0 0 0 0 38570367 0 0 0
ctxt 80184397
btime 1673393901
processes 22359
procs_running 1
procs_blocked 0
softirq 156664124 141480034 1006200 188579 2446741 30478 0 9194351 1715795 17 601929

cpu  238825 2182 167800 10652018 8014 0 378803 0 0 0
cpu0 3742 34 7150 2776795 2627 0 81658 0 0 0
cpu1 173960 0 103899 2446154 1165 0 117041 0 0 0
cpu2 56787 9 49596 2651796 2123 0 97458 0 0 0
cpu3 4335 2138 7153 2777271 2097 0 82644 0 0 0
intr 443062426 0 0 115567 75 0 32542 2562692 0 0 0 236172 0 0 0 0 0 0 0 0 0 0 0 0 0 0 0 0 0 0 0 0 0 0 0 0 0 0 0 0 0 0 0 0 0 0 0 0 0 0 0 0 317474103 0 0 0 0 0 0 0 0 26022 0 30474 0 0 0 0 0 0 0 0 0 0 0 82850746 1 0 0 0 0 0 0 0 0 0 0 0 0 0 0 0 0 0 0 0 0 0 0 24788 4215 0 0 0 0 1134018 0 0 0 0 0 0 0 0 0 0 0 0 0 0 0 0 0 0 0 0 0 0 0 0 0 0 0 0 0 0 0 0 0 0 0 0 0 0 0 0 0 0 0 0 0 0 0 0 0 0 0 0 0 0 0 0 0 0 0 0 0 0 0 0 0 0 0 0 0 0 0 0 0 0 0 38571013 0 0 0
ctxt 80185564
btime 1673393901
processes 22359
procs_running 2
procs_blocked 0
softirq 156666197 141481283 1006214 188579 2446769 30478 0 9195059 1715848 17 601950

cpu  238864 2182 167804 10652162 8014 0 378806 0 0 0
cpu0 3742 34 7150 2776842 2627 0 81659 0 0 0
cpu1 173979 0 103901 2446180 1165 0 117042 0 0 0
cpu2 56807 9 49598 2651821 2123 0 97459 0 0 0
cpu3 4335 2138 7153 2777318 2097 0 82644 0 0 0
intr 443069017 0 0 115569 75 0 32542 2562751 0 0 0 236173 0 0 0 0 0 0 0 0 0 0 0 0 0 0 0 0 0 0 0 0 0 0 0 0 0 0 0 0 0 0 0 0 0 0 0 0 0 0 0 0 317478967 0 0 0 0 0 0 0 0 26022 0 30474 0 0 0 0 0 0 0 0 0 0 0 82851733 1 0 0 0 0 0 0 0 0 0 0 0 0 0 0 0 0 0 0 0 0 0 0 24788 4215 0 0 0 0 1134040 0 0 0 0 0 0 0 0 0 0 0 0 0 0 0 0 0 0 0 0 0 0 0 0 0 0 0 0 0 0 0 0 0 0 0 0 0 0 0 0 0 0 0 0 0 0 0 0 0 0 0 0 0 0 0 0 0 0 0 0 0 0 0 0 0 0 0 0 0 0 0 0 0 0 0 38571668 0 0 0
ctxt 80186791
btime 1673393901
processes 22359
procs_running 3
procs_blocked 0
softirq 156668092 141482433 1006234 188579 2446794 30478 0 9195688 1715902 17 601967

cpu  238915 2182 167826 10652276 8014 0 378812 0 0 0
cpu0 3748 34 7157 2776877 2627 0 81660 0 0 0
cpu1 174000 0 103905 2446203 1165 0 117044 0 0 0
cpu2 56829 9 49600 2651843 2123 0 97461 0 0 0
cpu3 4338 2138 7163 2777352 2097 0 82645 0 0 0
intr 443076101 0 0 115569 75 0 32632 2562955 0 0 0 236173 0 0 0 0 0 0 0 0 0 0 0 0 0 0 0 0 0 0 0 0 0 0 0 0 0 0 0 0 0 0 0 0 0 0 0 0 0 0 0 0 317483880 0 0 0 0 0 0 0 0 26022 0 30474 0 0 0 0 0 0 0 0 0 0 0 82852745 1 0 0 0 0 0 0 0 0 0 0 0 0 0 0 0 0 0 0 0 0 0 0 24788 4215 0 0 0 0 1134084 0 0 0 0 0 0 0 0 0 0 0 0 0 0 0 0 0 0 0 0 0 0 0 0 0 0 0 0 0 0 0 0 0 0 0 0 0 0 0 0 0 0 0 0 0 0 0 0 0 0 0 0 0 0 0 0 0 0 0 0 0 0 0 0 0 0 0 0 0 0 0 0 0 0 0 38572489 0 0 0
ctxt 80188541
btime 1673393901
processes 22419
procs_running 1
procs_blocked 0
softirq 156670604 141483718 1006302 188579 2446820 30478 0 9196420 1716090 17 602180

cpu  238955 2182 167830 10652419 8014 0 378815 0 0 0
cpu0 3748 34 7157 2776923 2628 0 81661 0 0 0
cpu1 174020 0 103907 2446227 1165 0 117046 0 0 0
cpu2 56848 9 49602 2651867 2123 0 97462 0 0 0
cpu3 4338 2138 7163 2777399 2097 0 82645 0 0 0
intr 443082828 0 0 115569 75 0 32633 2563024 0 0 0 236173 0 0 0 0 0 0 0 0 0 0 0 0 0 0 0 0 0 0 0 0 0 0 0 0 0 0 0 0 0 0 0 0 0 0 0 0 0 0 0 0 317488818 0 0 0 0 0 0 0 0 26022 0 30476 0 0 0 0 0 0 0 0 0 0 0 82853789 1 0 0 0 0 0 0 0 0 0 0 0 0 0 0 0 0 0 0 0 0 0 0 24790 4215 0 0 0 0 1134113 0 0 0 0 0 0 0 0 0 0 0 0 0 0 0 0 0 0 0 0 0 0 0 0 0 0 0 0 0 0 0 0 0 0 0 0 0 0 0 0 0 0 0 0 0 0 0 0 0 0 0 0 0 0 0 0 0 0 0 0 0 0 0 0 0 0 0 0 0 0 0 0 0 0 0 38573131 0 0 0
ctxt 80189774
btime 1673393901
processes 22419
procs_running 1
procs_blocked 0
softirq 156672718 141484948 1006325 188579 2446846 30480 0 9197167 1716149 17 602207

cpu  238995 2182 167836 10652563 8014 0 378818 0 0 0
cpu0 3748 34 7158 2776970 2628 0 81661 0 0 0
cpu1 174040 0 103910 2446252 1165 0 117046 0 0 0
cpu2 56869 9 49604 2651893 2123 0 97464 0 0 0
cpu3 4338 2138 7163 2777446 2097 0 82646 0 0 0
intr 443089349 0 0 115570 75 0 32633 2563077 0 0 0 236173 0 0 0 0 0 0 0 0 0 0 0 0 0 0 0 0 0 0 0 0 0 0 0 0 0 0 0 0 0 0 0 0 0 0 0 0 0 0 0 0 317493649 0 0 0 0 0 0 0 0 26022 0 30476 0 0 0 0 0 0 0 0 0 0 0 82854748 1 0 0 0 0 0 0 0 0 0 0 0 0 0 0 0 0 0 0 0 0 0 0 24790 4215 0 0 0 0 1134137 0 0 0 0 0 0 0 0 0 0 0 0 0 0 0 0 0 0 0 0 0 0 0 0 0 0 0 0 0 0 0 0 0 0 0 0 0 0 0 0 0 0 0 0 0 0 0 0 0 0 0 0 0 0 0 0 0 0 0 0 0 0 0 0 0 0 0 0 0 0 0 0 0 0 0 38573784 0 0 0
ctxt 80190964
btime 1673393901
processes 22419
procs_running 3
procs_blocked 0
softirq 156674759 141486194 1006346 188579 2446872 30480 0 9197843 1716206 17 602222

cpu  239032 2182 167840 10652711 8014 0 378821 0 0 0
cpu0 3748 34 7158 2777017 2628 0 81661 0 0 0
cpu1 174060 0 103912 2446278 1165 0 117047 0 0 0
cpu2 56885 9 49606 2651921 2123 0 97466 0 0 0
cpu3 4338 2138 7163 2777494 2097 0 82646 0 0 0
intr 443096001 0 0 115570 75 0 32633 2563118 0 0 0 236173 0 0 0 0 0 0 0 0 0 0 0 0 0 0 0 0 0 0 0 0 0 0 0 0 0 0 0 0 0 0 0 0 0 0 0 0 0 0 0 0 317498553 0 0 0 0 0 0 0 0 26022 0 30476 0 0 0 0 0 0 0 0 0 0 0 82855756 1 0 0 0 0 0 0 0 0 0 0 0 0 0 0 0 0 0 0 0 0 0 0 24790 4215 0 0 0 0 1134159 0 0 0 0 0 0 0 0 0 0 0 0 0 0 0 0 0 0 0 0 0 0 0 0 0 0 0 0 0 0 0 0 0 0 0 0 0 0 0 0 0 0 0 0 0 0 0 0 0 0 0 0 0 0 0 0 0 0 0 0 0 0 0 0 0 0 0 0 0 0 0 0 0 0 0 38574460 0 0 0
ctxt 80192214
btime 1673393901
processes 22419
procs_running 1
procs_blocked 0
softirq 156676830 141487414 1006365 188580 2446900 30480 0 9198575 1716260 17 602239

cpu  239052 2182 167844 10652882 8014 0 378822 0 0 0
cpu0 3748 34 7158 2777066 2628 0 81661 0 0 0
cpu1 174070 0 103914 2446314 1165 0 117047 0 0 0
cpu2 56895 9 49607 2651958 2123 0 97467 0 0 0
cpu3 4338 2138 7163 2777542 2097 0 82646 0 0 0
intr 443102853 0 0 115570 75 0 32633 2563159 0 0 0 236173 0 0 0 0 0 0 0 0 0 0 0 0 0 0 0 0 0 0 0 0 0 0 0 0 0 0 0 0 0 0 0 0 0 0 0 0 0 0 0 0 317503483 0 0 0 0 0 0 0 0 26022 0 30476 0 0 0 0 0 0 0 0 0 0 0 82856806 1 0 0 0 0 0 0 0 0 0 0 0 0 0 0 0 0 0 0 0 0 0 0 24790 4215 0 0 0 0 1134183 0 0 0 0 0 0 0 0 0 0 0 0 0 0 0 0 0 0 0 0 0 0 0 0 0 0 0 0 0 0 0 0 0 0 0 0 0 0 0 0 0 0 0 0 0 0 0 0 0 0 0 0 0 0 0 0 0 0 0 0 0 0 0 0 0 0 0 0 0 0 0 0 0 0 0 38575268 0 0 0
ctxt 80193797
btime 1673393901
processes 22419
procs_running 1
procs_blocked 0
softirq 156678863 141488362 1006384 188580 2447000 30480 0 9199480 1716306 17 602254

cpu  239085 2182 167848 10653034 8014 0 378825 0 0 0
cpu0 3748 34 7158 2777113 2628 0 81661 0 0 0
cpu1 174086 0 103917 2446343 1165 0 117049 0 0 0
cpu2 56912 9 49608 2651987 2123 0 97468 0 0 0
cpu3 4338 2138 7164 2777590 2097 0 82646 0 0 0
intr 443109474 0 0 115570 75 0 32633 2563205 0 0 0 236173 0 0 0 0 0 0 0 0 0 0 0 0 0 0 0 0 0 0 0 0 0 0 0 0 0 0 0 0 0 0 0 0 0 0 0 0 0 0 0 0 317508349 0 0 0 0 0 0 0 0 26022 0 30476 0 0 0 0 0 0 0 0 0 0 0 82857792 1 0 0 0 0 0 0 0 0 0 0 0 0 0 0 0 0 0 0 0 0 0 0 24790 4215 0 0 0 0 1134205 0 0 0 0 0 0 0 0 0 0 0 0 0 0 0 0 0 0 0 0 0 0 0 0 0 0 0 0 0 0 0 0 0 0 0 0 0 0 0 0 0 0 0 0 0 0 0 0 0 0 0 0 0 0 0 0 0 0 0 0 0 0 0 0 0 0 0 0 0 0 0 0 0 0 0 38575968 0 0 0
ctxt 80195120
btime 1673393901
processes 22419
procs_running 3
procs_blocked 0
softirq 156680939 141489482 1006404 188580 2447049 30480 0 9200305 1716356 17 602266

cpu  239123 2182 167854 10653180 8014 0 378828 0 0 0
cpu0 3748 34 7159 2777160 2628 0 81661 0 0 0
cpu1 174106 0 103918 2446368 1165 0 117051 0 0 0
cpu2 56930 9 49612 2652014 2123 0 97469 0 0 0
cpu3 4338 2138 7164 2777638 2097 0 82646 0 0 0
intr 443116155 0 0 115571 75 0 32633 2563251 0 0 0 236173 0 0 0 0 0 0 0 0 0 0 0 0 0 0 0 0 0 0 0 0 0 0 0 0 0 0 0 0 0 0 0 0 0 0 0 0 0 0 0 0 317513271 0 0 0 0 0 0 0 0 26022 0 30476 0 0 0 0 0 0 0 0 0 0 0 82858817 1 0 0 0 0 0 0 0 0 0 0 0 0 0 0 0 0 0 0 0 0 0 0 24790 4215 0 0 0 0 1134227 0 0 0 0 0 0 0 0 0 0 0 0 0 0 0 0 0 0 0 0 0 0 0 0 0 0 0 0 0 0 0 0 0 0 0 0 0 0 0 0 0 0 0 0 0 0 0 0 0 0 0 0 0 0 0 0 0 0 0 0 0 0 0 0 0 0 0 0 0 0 0 0 0 0 0 38576635 0 0 0
ctxt 80196350
btime 1673393901
processes 22419
procs_running 4
procs_blocked 0
softirq 156683014 141490750 1006422 188580 2447078 30480 0 9201003 1716402 17 602282

cpu  239164 2182 167858 10653323 8014 0 378831 0 0 0
cpu0 3748 34 7159 2777206 2628 0 81661 0 0 0
cpu1 174127 0 103921 2446392 1165 0 117052 0 0 0
cpu2 56950 9 49614 2652039 2123 0 97470 0 0 0
cpu3 4338 2138 7164 2777685 2097 0 82646 0 0 0
intr 443122786 0 0 115571 75 0 32633 2563294 0 0 0 236173 0 0 0 0 0 0 0 0 0 0 0 0 0 0 0 0 0 0 0 0 0 0 0 0 0 0 0 0 0 0 0 0 0 0 0 0 0 0 0 0 317518175 0 0 0 0 0 0 0 0 26022 0 30476 0 0 0 0 0 0 0 0 0 0 0 82859829 1 0 0 0 0 0 0 0 0 0 0 0 0 0 0 0 0 0 0 0 0 0 0 24790 4215 0 0 0 0 1134249 0 0 0 0 0 0 0 0 0 0 0 0 0 0 0 0 0 0 0 0 0 0 0 0 0 0 0 0 0 0 0 0 0 0 0 0 0 0 0 0 0 0 0 0 0 0 0 0 0 0 0 0 0 0 0 0 0 0 0 0 0 0 0 0 0 0 0 0 0 0 0 0 0 0 0 38577283 0 0 0
ctxt 80197526
btime 1673393901
processes 22419
procs_running 1
procs_blocked 0
softirq 156685132 141492025 1006442 188580 2447103 30480 0 9201728 1716458 17 602299

cpu  239204 2182 167863 10653467 8014 0 378834 0 0 0
cpu0 3748 34 7160 2777253 2628 0 81662 0 0 0
cpu1 174146 0 103923 2446417 1165 0 117053 0 0 0
cpu2 56970 9 49616 2652063 2123 0 97471 0 0 0
cpu3 4338 2138 7164 2777732 2097 0 82647 0 0 0
intr 443129377 0 0 115571 75 0 32633 2563345 0 0 0 236173 0 0 0 0 0 0 0 0 0 0 0 0 0 0 0 0 0 0 0 0 0 0 0 0 0 0 0 0 0 0 0 0 0 0 0 0 0 0 0 0 317523058 0 0 0 0 0 0 0 0 26022 0 30476 0 0 0 0 0 0 0 0 0 0 0 82860816 1 0 0 0 0 0 0 0 0 0 0 0 0 0 0 0 0 0 0 0 0 0 0 24790 4215 0 0 0 0 1134271 0 0 0 0 0 0 0 0 0 0 0 0 0 0 0 0 0 0 0 0 0 0 0 0 0 0 0 0 0 0 0 0 0 0 0 0 0 0 0 0 0 0 0 0 0 0 0 0 0 0 0 0 0 0 0 0 0 0 0 0 0 0 0 0 0 0 0 0 0 0 0 0 0 0 0 38577932 0 0 0
ctxt 80198724
btime 1673393901
processes 22419
procs_running 3
procs_blocked 0
softirq 156687125 141493219 1006459 188580 2447128 30480 0 9202417 1716510 17 602315

cpu  239240 2182 167868 10653612 8014 0 378840 0 0 0
cpu0 3748 34 7160 2777300 2628 0 81662 0 0 0
cpu1 174165 0 103926 2446442 1165 0 117055 0 0 0
cpu2 56988 9 49617 2652090 2123 0 97474 0 0 0
cpu3 4338 2138 7164 2777779 2097 0 82647 0 0 0
intr 443136055 0 0 115575 75 0 32633 2563406 0 0 0 236176 0 0 0 0 0 0 0 0 0 0 0 0 0 0 0 0 0 0 0 0 0 0 0 0 0 0 0 0 0 0 0 0 0 0 0 0 0 0 0 0 317527956 0 0 0 0 0 0 0 0 26022 0 30477 0 0 0 0 0 0 0 0 0 0 0 82861837 1 0 0 0 0 0 0 0 0 0 0 0 0 0 0 0 0 0 0 0 0 0 0 24791 4215 0 0 0 0 1134293 0 0 0 0 0 0 0 0 0 0 0 0 0 0 0 0 0 0 0 0 0 0 0 0 0 0 0 0 0 0 0 0 0 0 0 0 0 0 0 0 0 0 0 0 0 0 0 0 0 0 0 0 0 0 0 0 0 0 0 0 0 0 0 0 0 0 0 0 0 0 0 0 0 0 0 38578599 0 0 0
ctxt 80199961
btime 1673393901
processes 22419
procs_running 3
procs_blocked 0
softirq 156689139 141494385 1006479 188580 2447153 30481 0 9203149 1716566 17 602329

cpu  239254 2182 167872 10653787 8014 0 378841 0 0 0
cpu0 3748 34 7160 2777348 2628 0 81662 0 0 0
cpu1 174172 0 103928 2446481 1165 0 117056 0 0 0
cpu2 56994 9 49619 2652129 2123 0 97475 0 0 0
cpu3 4338 2138 7164 2777828 2097 0 82647 0 0 0
intr 443141723 0 0 115576 75 0 32633 2563443 0 0 0 236176 0 0 0 0 0 0 0 0 0 0 0 0 0 0 0 0 0 0 0 0 0 0 0 0 0 0 0 0 0 0 0 0 0 0 0 0 0 0 0 0 317532273 0 0 0 0 0 0 0 0 26022 0 30477 0 0 0 0 0 0 0 0 0 0 0 82862277 1 0 0 0 0 0 0 0 0 0 0 0 0 0 0 0 0 0 0 0 0 0 0 24791 4215 0 0 0 0 1134315 0 0 0 0 0 0 0 0 0 0 0 0 0 0 0 0 0 0 0 0 0 0 0 0 0 0 0 0 0 0 0 0 0 0 0 0 0 0 0 0 0 0 0 0 0 0 0 0 0 0 0 0 0 0 0 0 0 0 0 0 0 0 0 0 0 0 0 0 0 0 0 0 0 0 0 38579449 0 0 0
ctxt 80201648
btime 1673393901
processes 22419
procs_running 1
procs_blocked 0
softirq 156689957 141494847 1006497 188580 2447161 30481 0 9203424 1716603 17 602347

cpu  239254 2182 167876 10653979 8014 0 378841 0 0 0
cpu0 3749 34 7160 2777397 2628 0 81662 0 0 0
cpu1 174172 0 103930 2446528 1165 0 117056 0 0 0
cpu2 56994 9 49621 2652175 2123 0 97475 0 0 0
cpu3 4338 2138 7164 2777877 2097 0 82647 0 0 0
intr 443146849 0 0 115576 75 0 32633 2563464 0 0 0 236176 0 0 0 0 0 0 0 0 0 0 0 0 0 0 0 0 0 0 0 0 0 0 0 0 0 0 0 0 0 0 0 0 0 0 0 0 0 0 0 0 317536269 0 0 0 0 0 0 0 0 26022 0 30477 0 0 0 0 0 0 0 0 0 0 0 82862407 1 0 0 0 0 0 0 0 0 0 0 0 0 0 0 0 0 0 0 0 0 0 0 24791 4215 0 0 0 0 1134337 0 0 0 0 0 0 0 0 0 0 0 0 0 0 0 0 0 0 0 0 0 0 0 0 0 0 0 0 0 0 0 0 0 0 0 0 0 0 0 0 0 0 0 0 0 0 0 0 0 0 0 0 0 0 0 0 0 0 0 0 0 0 0 0 0 0 0 0 0 0 0 0 0 0 0 38580407 0 0 0
ctxt 80203560
btime 1673393901
processes 22419
procs_running 1
procs_blocked 0
softirq 156690034 141494847 1006513 188580 2447162 30481 0 9203443 1716631 17 602360

cpu  239254 2182 167877 10654173 8014 0 378841 0 0 0
cpu0 3749 34 7160 2777447 2628 0 81662 0 0 0
cpu1 174172 0 103931 2446576 1165 0 117056 0 0 0
cpu2 56994 9 49621 2652223 2123 0 97475 0 0 0
cpu3 4338 2138 7164 2777927 2097 0 82647 0 0 0
intr 443152034 0 0 115576 75 0 32633 2563492 0 0 0 236176 0 0 0 0 0 0 0 0 0 0 0 0 0 0 0 0 0 0 0 0 0 0 0 0 0 0 0 0 0 0 0 0 0 0 0 0 0 0 0 0 317540291 0 0 0 0 0 0 0 0 26022 0 30477 0 0 0 0 0 0 0 0 0 0 0 82862557 1 0 0 0 0 0 0 0 0 0 0 0 0 0 0 0 0 0 0 0 0 0 0 24791 4215 0 0 0 0 1134359 0 0 0 0 0 0 0 0 0 0 0 0 0 0 0 0 0 0 0 0 0 0 0 0 0 0 0 0 0 0 0 0 0 0 0 0 0 0 0 0 0 0 0 0 0 0 0 0 0 0 0 0 0 0 0 0 0 0 0 0 0 0 0 0 0 0 0 0 0 0 0 0 0 0 0 38581370 0 0 0
ctxt 80205516
btime 1673393901
processes 22419
procs_running 1
procs_blocked 0
softirq 156690107 141494855 1006528 188580 2447163 30481 0 9203461 1716650 17 602372

cpu  239254 2182 167880 10654368 8014 0 378841 0 0 0
cpu0 3749 34 7160 2777496 2628 0 81662 0 0 0
cpu1 174172 0 103932 2446624 1165 0 117056 0 0 0
cpu2 56994 9 49622 2652271 2123 0 97475 0 0 0
cpu3 4338 2138 7164 2777976 2097 0 82647 0 0 0
intr 443157208 0 0 115576 75 0 32633 2563528 0 0 0 236176 0 0 0 0 0 0 0 0 0 0 0 0 0 0 0 0 0 0 0 0 0 0 0 0 0 0 0 0 0 0 0 0 0 0 0 0 0 0 0 0 317544291 0 0 0 0 0 0 0 0 26022 0 30477 0 0 0 0 0 0 0 0 0 0 0 82862687 1 0 0 0 0 0 0 0 0 0 0 0 0 0 0 0 0 0 0 0 0 0 0 24791 4215 0 0 0 0 1134394 0 0 0 0 0 0 0 0 0 0 0 0 0 0 0 0 0 0 0 0 0 0 0 0 0 0 0 0 0 0 0 0 0 0 0 0 0 0 0 0 0 0 0 0 0 0 0 0 0 0 0 0 0 0 0 0 0 0 0 0 0 0 0 0 0 0 0 0 0 0 0 0 0 0 0 38582342 0 0 0
ctxt 80207496
btime 1673393901
processes 22419
procs_running 1
procs_blocked 0
softirq 156690196 141494855 1006546 188580 2447165 30481 0 9203490 1716673 17 602389
