Latency
4075802
4327912
51465474
51744398
52008078
52299502
52564491
52832317
53114586
53379260
53657248
53913969
54166302
54434647
54725804
55010610
55272023
55523070
55798470
9995788
10246207
10540168
10796755
17756165
1447461
3705172
3983332
8818757
9088914
9350850
9630950
9907394
10179412
1279906
10215924
10495032
10760260
11045071
11315994
11594801
14266862
14534918
14806918
2036012
2619347
16279537
16625432
16882860
17141020
17406704
20268074
20534535
20813460
21071864
21325284
21616282
2995318
15164286
15450014
15733750
16008561
16272485
21145342
21422826
21674922
21960417
22259217
22578861
22900751
1526564
3081128
17184602
17472996
17755417
18041667
18313478
18593562
18843514
19103275
19365917
19641392
19897192
20177389
2386702
17578258
17867617
18121022
18450581
18705145
18964580
19254153
19515910
19786222
20047234
20310127
1929200
2494645
17586950
17935688
18227061
18503078
18760680
19041835
19312860
19567536
19816479
20070186
20336180
2099828
17416842
17667584
17937983
18204079
18463696
18740982
19338788
19592926
19856602
20176969
20453339
20736533
2916717
7605709
7865747
8154090
17582770
17859935
18121348
18399204
18952105
19252185
19530867
19791677
20068758
20373337
3103983
15724088
16019020
16297602
16595362
21396181
21663887
21931786
22211892
3551455
17821348
18111714
18386375
18654017
18916966
19194945
19463125
19740359
20010162
20298327
1941412
12078750
12332947
12587100
12886146
17650852
17916310
18180296
18461209
18739311
19028157
19751314
20018121
20278824
2424404
9379452
9663569
9947008
10349981
10606564
18326644
18584512
18869130
19142632
19392818
19681351
19957547
20213152
20468851
2852800
15560875
15844832
16127758
16407692
16673357
21778730
22069226
22360024
22627831
22878257
23165439
23447062
2222174
2850625
16449830
16720941
16991297
17244508
17528944
20067568
20343057
20601896
20863356
21142258
21425702
3598674
16262842
12003537
12296908
12554439
12851702
18658025
18945749
19218348
19474050
19756177
20019355
20270754
20531397
1411490
3573685
16726656
17054932
17318217
17600662
17876765
19404036
19657237
19911543
20174273
20446869
20708327
20970934
2162840
15332266
15608068
15884131
16151119
16428704
21562406
21860522
22138318
22403074
22660660
22927069
23197415
1880137
4600452
4893050
15829516
16084345
16357384
16614864
20010288
20278830
20546280
20836114
21094966
21347323
21602074
2916111
3204855
16351300
16632954
16920272
17172227
17475852
19648762
19909395
20191305
20447553
20736832
21021224
1404045
2471294
15045977
15334006
15607764
15877513
17589118
17864909
18130054
18385512
18664435
21868051
22129846
2202347
16823044
17102661
17392521
17679569
17936992
18189608
19055480
19315551
19574116
19900579
20219525
20489569
20821125
2866357
4017764
14205815
14499689
14780149
15036391
22947933
23241514
23525566
23801989
24079368
24363943
24629955
2196678
16415006
16688444
16955147
17204694
17479298
20924977
21214761
21499777
21779291
22048151
22324224
22596342
2493174
3105178
16643433
12047866
12298124
12557167
12876666
1523897
3141801
15264734
15558576
15833347
16090699
16358491
18176034
19526022
19811222
20068781
20341362
20614164
2092313
17310451
17659735
17913371
18171138
18437833
18692711
18978130
19249510
19535773
19794257
20063839
2577968
17769076
18032318
18302277
18583998
18840596
19123103
19400973
19688956
19945347
20201809
20462040
1993773
10874267
11213895
11476146
11762557
17626047
17876671
18160655
18420439
18677874
18962244
21142067
21400486
21684048
2210653
1707711
2225424
17370745
17711780
17967453
18218489
18589183
18863325
19141306
19402316
19656806
19909357
20178993
2846033
9914590
10190943
10455108
18018394
18288770
18542760
18846569
19120576
19409468
1913986
15804792
16093206
16357328
16625947
16879847
20872167
21149436
21401987
21693437
21952578
22202115
22491834
22746031
3134057
15248524
15525448
15825945
16112328
16412827
21427148
21698434
21971002
22258322
22550832
22814220
23064949
2477874
3160650
17801412
18079273
18348890
18652441
18936454
19247408
19775858
20055071
20328896
20589476
20873975
21127076
3592820
16415460
16702370
16952641
17244007
17500182
20072406
20342597
20624804
20892403
21171828
21439488
2460607
10515534
10795512
2055022
16115542
16375036
16677982
16929516
17204545
20851635
21112036
21402257
21665924
21917372
22186559
22445111
1892750
8028774
8304896
11791635
12065078
12321518
12568490
12821645
13094715
1651469
7385368
7656357
7928780
9518797
9791606
10040162
10292897
1082762
7774707
8043674
8293288
10506542
1722637
3155289
3444843
8061772
8312700
8593196
10104078
10353678
10603641
1187350
6245826
6500217
6747511
7537827
10918502
11169148
11420786
11710346
11943689
743802
5258269
5548134
6893532
7177827
7454410
8204440
10765494
11024922
11273715
786821
3845608
4107215
6828756
7091313
7364782
8631296
10463231
10733948
11006954
1363167
3527229
3780075
8359630
8608567
8897020
10608981
10868167
2072768
4558201
4825146
8317812
8584621
8833141
10286331
10548215
10813106
1159190
2086938
7398827
7663317
7911192
10441445
10704744
10993797
11245311
1442126
4540757
4829180
7555839
7836830
8108477
10752736
11005364
11254522
1398192
3904963
4183225
8829814
9101836
9375647
9634300
9890367
10158390
1360669
8625767
8894048
9145391
9427489
9686482
9968167
10240148
10488755
4222081
4476829
9182498
9449023
9699167
9974636
10245809
10503984
944639
7724677
7977875
8234362
8513198
9475727
9736490
9987356
10272415
11289432
2699681
2981829
8468252
8752608
9034702
9843187
10093322
10347806
10631487
1453781
2918385
8486052
8760593
9034532
9467376
9741217
10009302
10270087
1133601
8669333
1871310
13978344
14234429
2407032
2785178
12701325
12951051
13200994
13450331
18727290
18978668
19255222
19603618
19853929
20109210
20377987
2336348
3989223
4265180
13035255
13302446
13558320
13810434
14718087
14974079
15225279
15475921
1239932
12562601
12823742
13079783
13335122
13613283
14511588
14797581
15077087
15333225
15591574
11551827
11801868
12053237
12311531
13438146
1838624
2817074
15344435
15622159
15872063
16122741
16372610
16627401
16911696
17162024
17451081
17702210
1531555
2433606
14415687
14675618
14928887
15178317
15457752
17358554
17612474
17861914
18112227
18362115
1274098
3131871
12391722
12653834
12946536
13196470
16377540
16841790
17128499
17385281
17664237
17929895
3420824
10730580
11024448
4645228
4905152
15434154
15796835
16051383
16301178
16551047
16801775
17084120
17346994
17618135
2053837
12546761
12796840
13053842
13308206
13568288
15144296
15396578
15646021
15904319
16175587
1293538
11172371
11434971
11697979
11963834
15202025
15481873
18651918
18908255
1250202
10214407
10472838
10737048
11003097
12979870
15596309
15866837
16130117
16403682
16681407
16938535
3173437
14537050
14804320
15097830
15347411
15598240
17234058
17484105
17734001
17984112
18234042
1591307
14513448
14796612
15079120
15328891
18825425
19098830
11868397
984370
5754891
6035310
7468795
7725177
7982974
12124921
12398105
12653872
15854550
16116043
16372974
1792694
9838031
10101116
10372045
10622485
11771737
16534124
16806342
17070900
17355417
17602732
17862078
1647571
10164022
10436555
10685214
10938841
20596047
20864118
21155818
21405060
21669369
21948478
22209978
22489735
1622369
1967410
12575838
12853135
13104175
13361969
14614080
14863695
15127449
15392590
15647169
3014612
5054277
5305058
14927945
15178428
15470979
1431784
11328741
11593051
11849550
12102111
12915878
13197540
13483628
13732017
13982191
20409146
20684038
9498671
9787415
10039976
10332871
14899473
15174032
16191827
16441611
16717152
16976837
17251239
865416
9803802
10057488
10335951
10591846
12689250
16357142
16621048
16892659
17168095
17434464
1155511
7485589
7741108
7998654
13577169
13837352
14844561
15107477
15369527
15620327
15891275
5588744
5840662
6090989
6342600
14547095
14817546
15080638
17295887
17551924
17808528
18092211
1737370
11570785
11848904
12094823
12348968
20010658
20260894
20518721
20801051
21085940
21340094
21590541
3080423
12994843
13253074
13523554
13781819
14559663
14842774
15104816
15368654
15622467
5046354
5323689
3214194
13544876
13796568
14051988
14301702
17734089
18019311
18275370
18542410
18797131
19064601
2308528
4409430
4685754
12794332
13064914
13320959
13588078
14637713
1629879
8327007
8616988
8866480
14311366
1863077
15193310
15469351
15756581
16006817
16257476
16507418
16758119
17008775
17258948
17509283
2113842
2395924
13543280
13801413
14061098
14316752
14604644
17497093
17747086
17997473
18245291
18498624
18748066
2578250
13634058
13887278
14162897
14412818
14665830
17850051
18105349
18355322
18605105
18855040
19105062
2150686
11736259
12003689
12256512
1693524
1804549
4156667
4430868
13304946
13571040
13847718
14111264
14407512
14669824
14931875
15183871
2916452
3179010
13901662
14178701
14429648
14677474
17467717
17743819
18032002
2461152
11760870
12034442
12310137
12560161
19013185
19269469
19519809
19769803
20020097
20269937
2992361
10997600
11276425
11534010
16183155
16433065
1704405
13877447
14143584
14420637
14691425
14940726
17244767
17521371
17801271
18100554
18331493
18590061
18868056
1410949
12336617
12596165
12861113
13138382
15155692
16088889
16359791
16639677
16897780
17159154
3253066
3502027
13169713
13428157
13706537
9234863
9505537
9761427
13046038
13322004
15367781
15657832
15909237
16169503
16437927
1584039
10632687
10910707
11216968
11495404
16359501
16649367
16912592
17183901
17443177
17710083
1439690
12813412
13077258
13366992
13653190
2069350
15859337
1297430
9066505
9342229
9606649
15406165
15669928
15961515
16215762
16466918
16716622
16967621
17217945
1485510
2896002
13303304
13569277
13846036
14097845
14348453
16819895
17077994
17336154
17610404
17870706
5273745
5537317
13339871
13611678
13863027
14118385
14411884
14672221
14937467
15204297
1873715
12658349
12935930
13188963
13471750
17018436
17292196
17543535
17793659
18044153
18294826
21079537
1330660
12627866
12907024
13162659
1791431
3195499
14436230
14706166
14961130
15243535
16424531
16679954
16947251
17203854
17466045
17724202
2046364
2926102
14611023
14947105
15227188
15476678
15739630
16680305
16948873
17235482
17517728
17784529
18064232
1526957
3367296
3665823
13493421
13777538
14026655
14256742
17292647
17551123
17845397
18098503
18364185
18659566
1895175
14836674
15104513
15355391
15604767
15857041
16163438
16451526
16734068
16988409
17270724
2202860
4892628
5166177
9901174
10173438
10431421
17100931
17373034
17626532
17882330
18174177
2023108
2276358
15451123
15733373
15984424
16233471
16487761
16737993
17038526
17288676
17539825
17787794
1984272
14140907
14420278
14672253
14919767
15174139
16981863
17264367
17526869
17813287
18063290
18312466
2063178
1391776
4046461
4303934
14910393
15181645
15474844
15723402
15980289
16230175
16518190
16777511
17058764
1282840
2534264
9943394
10223486
10496750
13787598
4484826
4763760
5780897
6053503
1917909
2187833
13539864
13820988
14082229
14342009
14610193
14891034
15160842
15419004
15674125
4057060
4325192
