cpu  809803 35469 1360600 502528840 107990 0 2448476 0 0 0
cpu0 109466 9541 189492 125891222 29413 0 574607 0 0 0
cpu1 446066 10657 756126 124752406 22118 0 707390 0 0 0
cpu2 129950 2862 217814 125946896 29143 0 597725 0 0 0
cpu3 124320 12408 197167 125938315 27314 0 568752 0 0 0
intr 11503104890 0 0 2548381 81 0 690897 31209370 0 0 0 8963837 0 0 0 0 0 0 0 0 0 0 0 0 0 0 0 0 0 0 0 0 0 0 0 0 0 0 0 0 0 0 0 0 0 0 0 0 0 0 0 0 2023961226 0 0 0 0 0 0 0 0 721134 0 399907 0 0 0 0 0 0 0 0 0 0 0 653821122 1 0 0 0 0 0 0 0 0 0 0 0 0 0 0 0 0 0 0 0 0 0 0 392142 4219 0 0 0 0 16428200 0 0 0 0 0 0 0 0 0 0 0 0 0 0 0 0 0 0 0 0 0 0 0 0 0 0 0 0 0 0 0 0 0 0 0 0 0 0 0 0 0 0 0 0 0 0 0 0 0 0 0 0 0 0 0 0 0 0 0 0 0 0 0 0 0 0 0 0 0 0 0 0 0 0 0 174029782 0 0 0
ctxt 371947046
btime 1669654930
processes 522704
procs_running 1
procs_blocked 0
softirq 818428092 572898734 29318147 730118 58481919 399839 0 98655099 37544083 557 20399596

cpu  809804 35469 1360600 502529038 107990 0 2448476 0 0 0
cpu0 109466 9541 189492 125891271 29413 0 574607 0 0 0
cpu1 446066 10657 756126 124752455 22118 0 707390 0 0 0
cpu2 129950 2862 217814 125946946 29143 0 597725 0 0 0
cpu3 124320 12408 197167 125938364 27314 0 568752 0 0 0
intr 11503109095 0 0 2548381 81 0 690897 31209389 0 0 0 8963840 0 0 0 0 0 0 0 0 0 0 0 0 0 0 0 0 0 0 0 0 0 0 0 0 0 0 0 0 0 0 0 0 0 0 0 0 0 0 0 0 2023965238 0 0 0 0 0 0 0 0 721135 0 399907 0 0 0 0 0 0 0 0 0 0 0 653821250 1 0 0 0 0 0 0 0 0 0 0 0 0 0 0 0 0 0 0 0 0 0 0 392142 4219 0 0 0 0 16428215 0 0 0 0 0 0 0 0 0 0 0 0 0 0 0 0 0 0 0 0 0 0 0 0 0 0 0 0 0 0 0 0 0 0 0 0 0 0 0 0 0 0 0 0 0 0 0 0 0 0 0 0 0 0 0 0 0 0 0 0 0 0 0 0 0 0 0 0 0 0 0 0 0 0 0 174029808 0 0 0
ctxt 371947115
btime 1669654930
processes 522704
procs_running 1
procs_blocked 0
softirq 818428147 572898734 29318161 730118 58481920 399839 0 98655112 37544100 557 20399606

cpu  809804 35469 1360600 502529235 107990 0 2448476 0 0 0
cpu0 109466 9541 189492 125891320 29413 0 574607 0 0 0
cpu1 446066 10657 756126 124752504 22118 0 707390 0 0 0
cpu2 129950 2862 217814 125946995 29143 0 597725 0 0 0
cpu3 124321 12408 197167 125938413 27314 0 568752 0 0 0
intr 11503113341 0 0 2548382 81 0 690897 31209412 0 0 0 8963844 0 0 0 0 0 0 0 0 0 0 0 0 0 0 0 0 0 0 0 0 0 0 0 0 0 0 0 0 0 0 0 0 0 0 0 0 0 0 0 0 2023969257 0 0 0 0 0 0 0 0 721136 0 399907 0 0 0 0 0 0 0 0 0 0 0 653821404 1 0 0 0 0 0 0 0 0 0 0 0 0 0 0 0 0 0 0 0 0 0 0 392142 4219 0 0 0 0 16428230 0 0 0 0 0 0 0 0 0 0 0 0 0 0 0 0 0 0 0 0 0 0 0 0 0 0 0 0 0 0 0 0 0 0 0 0 0 0 0 0 0 0 0 0 0 0 0 0 0 0 0 0 0 0 0 0 0 0 0 0 0 0 0 0 0 0 0 0 0 0 0 0 0 0 0 174029837 0 0 0
ctxt 371947204
btime 1669654930
processes 522704
procs_running 1
procs_blocked 0
softirq 818428212 572898742 29318176 730118 58481921 399839 0 98655126 37544118 557 20399615

cpu  809804 35469 1360601 502529432 107990 0 2448476 0 0 0
cpu0 109466 9541 189492 125891369 29413 0 574607 0 0 0
cpu1 446066 10657 756126 124752554 22118 0 707390 0 0 0
cpu2 129950 2862 217815 125947044 29143 0 597725 0 0 0
cpu3 124321 12408 197167 125938462 27314 0 568752 0 0 0
intr 11503117590 0 0 2548382 81 0 690897 31209448 0 0 0 8963848 0 0 0 0 0 0 0 0 0 0 0 0 0 0 0 0 0 0 0 0 0 0 0 0 0 0 0 0 0 0 0 0 0 0 0 0 0 0 0 0 2023973263 0 0 0 0 0 0 0 0 721137 0 399907 0 0 0 0 0 0 0 0 0 0 0 653821532 1 0 0 0 0 0 0 0 0 0 0 0 0 0 0 0 0 0 0 0 0 0 0 392142 4219 0 0 0 0 16428266 0 0 0 0 0 0 0 0 0 0 0 0 0 0 0 0 0 0 0 0 0 0 0 0 0 0 0 0 0 0 0 0 0 0 0 0 0 0 0 0 0 0 0 0 0 0 0 0 0 0 0 0 0 0 0 0 0 0 0 0 0 0 0 0 0 0 0 0 0 0 0 0 0 0 0 174029876 0 0 0
ctxt 371947336
btime 1669654930
processes 522704
procs_running 1
procs_blocked 0
softirq 818428302 572898742 29318195 730119 58481924 399839 0 98655155 37544141 557 20399630

cpu  809804 35469 1360601 502529628 107990 0 2448476 0 0 0
cpu0 109466 9541 189492 125891419 29413 0 574607 0 0 0
cpu1 446066 10657 756126 124752603 22118 0 707390 0 0 0
cpu2 129950 2862 217815 125947094 29143 0 597726 0 0 0
cpu3 124321 12408 197167 125938511 27314 0 568752 0 0 0
intr 11503121830 0 0 2548382 81 0 690897 31209470 0 0 0 8963851 0 0 0 0 0 0 0 0 0 0 0 0 0 0 0 0 0 0 0 0 0 0 0 0 0 0 0 0 0 0 0 0 0 0 0 0 0 0 0 0 2023977281 0 0 0 0 0 0 0 0 721138 0 399907 0 0 0 0 0 0 0 0 0 0 0 653821686 1 0 0 0 0 0 0 0 0 0 0 0 0 0 0 0 0 0 0 0 0 0 0 392142 4219 0 0 0 0 16428281 0 0 0 0 0 0 0 0 0 0 0 0 0 0 0 0 0 0 0 0 0 0 0 0 0 0 0 0 0 0 0 0 0 0 0 0 0 0 0 0 0 0 0 0 0 0 0 0 0 0 0 0 0 0 0 0 0 0 0 0 0 0 0 0 0 0 0 0 0 0 0 0 0 0 0 174029903 0 0 0
ctxt 371947419
btime 1669654930
processes 522704
procs_running 1
procs_blocked 0
softirq 818428366 572898750 29318209 730119 58481925 399839 0 98655169 37544158 557 20399640

cpu  809805 35469 1360601 502529826 107990 0 2448476 0 0 0
cpu0 109466 9541 189492 125891468 29413 0 574607 0 0 0
cpu1 446066 10657 756126 124752653 22118 0 707390 0 0 0
cpu2 129950 2862 217815 125947143 29143 0 597726 0 0 0
cpu3 124322 12408 197167 125938561 27314 0 568752 0 0 0
intr 11503126025 0 0 2548382 81 0 690897 31209486 0 0 0 8963854 0 0 0 0 0 0 0 0 0 0 0 0 0 0 0 0 0 0 0 0 0 0 0 0 0 0 0 0 0 0 0 0 0 0 0 0 0 0 0 0 2023981286 0 0 0 0 0 0 0 0 721139 0 399907 0 0 0 0 0 0 0 0 0 0 0 653821814 1 0 0 0 0 0 0 0 0 0 0 0 0 0 0 0 0 0 0 0 0 0 0 392142 4219 0 0 0 0 16428296 0 0 0 0 0 0 0 0 0 0 0 0 0 0 0 0 0 0 0 0 0 0 0 0 0 0 0 0 0 0 0 0 0 0 0 0 0 0 0 0 0 0 0 0 0 0 0 0 0 0 0 0 0 0 0 0 0 0 0 0 0 0 0 0 0 0 0 0 0 0 0 0 0 0 0 174029930 0 0 0
ctxt 371947490
btime 1669654930
processes 522704
procs_running 1
procs_blocked 0
softirq 818428420 572898750 29318223 730119 58481926 399839 0 98655182 37544174 557 20399650

cpu  809805 35469 1360601 502530023 107990 0 2448476 0 0 0
cpu0 109466 9541 189492 125891517 29413 0 574607 0 0 0
cpu1 446066 10657 756126 124752702 22118 0 707390 0 0 0
cpu2 129950 2862 217815 125947192 29143 0 597726 0 0 0
cpu3 124322 12408 197167 125938610 27314 0 568752 0 0 0
intr 11503130273 0 0 2548383 81 0 690897 31209509 0 0 0 8963858 0 0 0 0 0 0 0 0 0 0 0 0 0 0 0 0 0 0 0 0 0 0 0 0 0 0 0 0 0 0 0 0 0 0 0 0 0 0 0 0 2023985304 0 0 0 0 0 0 0 0 721140 0 399907 0 0 0 0 0 0 0 0 0 0 0 653821968 1 0 0 0 0 0 0 0 0 0 0 0 0 0 0 0 0 0 0 0 0 0 0 392142 4219 0 0 0 0 16428311 0 0 0 0 0 0 0 0 0 0 0 0 0 0 0 0 0 0 0 0 0 0 0 0 0 0 0 0 0 0 0 0 0 0 0 0 0 0 0 0 0 0 0 0 0 0 0 0 0 0 0 0 0 0 0 0 0 0 0 0 0 0 0 0 0 0 0 0 0 0 0 0 0 0 0 174029961 0 0 0
ctxt 371947579
btime 1669654930
processes 522704
procs_running 1
procs_blocked 0
softirq 818428489 572898758 29318239 730119 58481927 399839 0 98655197 37544193 557 20399660

cpu  809806 35469 1360601 502530220 107990 0 2448476 0 0 0
cpu0 109466 9541 189492 125891566 29413 0 574607 0 0 0
cpu1 446066 10657 756126 124752752 22118 0 707390 0 0 0
cpu2 129950 2862 217815 125947242 29143 0 597726 0 0 0
cpu3 124322 12408 197167 125938659 27314 0 568752 0 0 0
intr 11503134468 0 0 2548383 81 0 690897 31209527 0 0 0 8963861 0 0 0 0 0 0 0 0 0 0 0 0 0 0 0 0 0 0 0 0 0 0 0 0 0 0 0 0 0 0 0 0 0 0 0 0 0 0 0 0 2023989308 0 0 0 0 0 0 0 0 721141 0 399907 0 0 0 0 0 0 0 0 0 0 0 653822096 1 0 0 0 0 0 0 0 0 0 0 0 0 0 0 0 0 0 0 0 0 0 0 392142 4219 0 0 0 0 16428326 0 0 0 0 0 0 0 0 0 0 0 0 0 0 0 0 0 0 0 0 0 0 0 0 0 0 0 0 0 0 0 0 0 0 0 0 0 0 0 0 0 0 0 0 0 0 0 0 0 0 0 0 0 0 0 0 0 0 0 0 0 0 0 0 0 0 0 0 0 0 0 0 0 0 0 174029987 0 0 0
ctxt 371947646
btime 1669654930
processes 522704
procs_running 1
procs_blocked 0
softirq 818428543 572898758 29318254 730119 58481928 399839 0 98655210 37544209 557 20399669

cpu  809806 35469 1360601 502530417 107990 0 2448476 0 0 0
cpu0 109466 9541 189492 125891615 29413 0 574607 0 0 0
cpu1 446066 10657 756126 124752801 22118 0 707390 0 0 0
cpu2 129950 2862 217815 125947291 29143 0 597726 0 0 0
cpu3 124323 12408 197167 125938708 27314 0 568752 0 0 0
intr 11503138718 0 0 2548383 81 0 690897 31209549 0 0 0 8963865 0 0 0 0 0 0 0 0 0 0 0 0 0 0 0 0 0 0 0 0 0 0 0 0 0 0 0 0 0 0 0 0 0 0 0 0 0 0 0 0 2023993330 0 0 0 0 0 0 0 0 721142 0 399907 0 0 0 0 0 0 0 0 0 0 0 653822250 1 0 0 0 0 0 0 0 0 0 0 0 0 0 0 0 0 0 0 0 0 0 0 392142 4219 0 0 0 0 16428341 0 0 0 0 0 0 0 0 0 0 0 0 0 0 0 0 0 0 0 0 0 0 0 0 0 0 0 0 0 0 0 0 0 0 0 0 0 0 0 0 0 0 0 0 0 0 0 0 0 0 0 0 0 0 0 0 0 0 0 0 0 0 0 0 0 0 0 0 0 0 0 0 0 0 0 174030019 0 0 0
ctxt 371947742
btime 1669654930
processes 522704
procs_running 1
procs_blocked 0
softirq 818428610 572898766 29318268 730119 58481929 399839 0 98655225 37544227 557 20399680

cpu  809806 35469 1360601 502530614 107990 0 2448476 0 0 0
cpu0 109466 9541 189492 125891665 29413 0 574607 0 0 0
cpu1 446066 10657 756126 124752850 22118 0 707390 0 0 0
cpu2 129950 2862 217815 125947340 29143 0 597726 0 0 0
cpu3 124323 12408 197167 125938757 27314 0 568752 0 0 0
intr 11503142909 0 0 2548383 81 0 690897 31209570 0 0 0 8963868 0 0 0 0 0 0 0 0 0 0 0 0 0 0 0 0 0 0 0 0 0 0 0 0 0 0 0 0 0 0 0 0 0 0 0 0 0 0 0 0 2023997326 0 0 0 0 0 0 0 0 721143 0 399907 0 0 0 0 0 0 0 0 0 0 0 653822378 1 0 0 0 0 0 0 0 0 0 0 0 0 0 0 0 0 0 0 0 0 0 0 392142 4219 0 0 0 0 16428356 0 0 0 0 0 0 0 0 0 0 0 0 0 0 0 0 0 0 0 0 0 0 0 0 0 0 0 0 0 0 0 0 0 0 0 0 0 0 0 0 0 0 0 0 0 0 0 0 0 0 0 0 0 0 0 0 0 0 0 0 0 0 0 0 0 0 0 0 0 0 0 0 0 0 0 174030047 0 0 0
ctxt 371947819
btime 1669654930
processes 522704
procs_running 1
procs_blocked 0
softirq 818428663 572898766 29318282 730119 58481930 399839 0 98655238 37544242 557 20399690

cpu  809806 35469 1360602 502530811 107990 0 2448476 0 0 0
cpu0 109466 9541 189492 125891714 29413 0 574607 0 0 0
cpu1 446066 10657 756126 124752900 22118 0 707390 0 0 0
cpu2 129950 2862 217815 125947390 29143 0 597726 0 0 0
cpu3 124323 12408 197168 125938806 27314 0 568752 0 0 0
intr 11503147190 0 0 2548388 81 0 690897 31209600 0 0 0 8963872 0 0 0 0 0 0 0 0 0 0 0 0 0 0 0 0 0 0 0 0 0 0 0 0 0 0 0 0 0 0 0 0 0 0 0 0 0 0 0 0 2024001356 0 0 0 0 0 0 0 0 721144 0 399907 0 0 0 0 0 0 0 0 0 0 0 653822532 1 0 0 0 0 0 0 0 0 0 0 0 0 0 0 0 0 0 0 0 0 0 0 392142 4219 0 0 0 0 16428371 0 0 0 0 0 0 0 0 0 0 0 0 0 0 0 0 0 0 0 0 0 0 0 0 0 0 0 0 0 0 0 0 0 0 0 0 0 0 0 0 0 0 0 0 0 0 0 0 0 0 0 0 0 0 0 0 0 0 0 0 0 0 0 0 0 0 0 0 0 0 0 0 0 0 0 174030089 0 0 0
ctxt 371947931
btime 1669654930
processes 522704
procs_running 1
procs_blocked 0
softirq 818428736 572898774 29318298 730119 58481931 399839 0 98655253 37544263 557 20399702

cpu  809807 35469 1360602 502531008 107990 0 2448476 0 0 0
cpu0 109466 9541 189492 125891763 29413 0 574607 0 0 0
cpu1 446066 10657 756126 124752949 22118 0 707390 0 0 0
cpu2 129950 2862 217815 125947439 29143 0 597726 0 0 0
cpu3 124324 12408 197168 125938855 27314 0 568752 0 0 0
intr 11503151376 0 0 2548388 81 0 690897 31209618 0 0 0 8963875 0 0 0 0 0 0 0 0 0 0 0 0 0 0 0 0 0 0 0 0 0 0 0 0 0 0 0 0 0 0 0 0 0 0 0 0 0 0 0 0 2024005351 0 0 0 0 0 0 0 0 721145 0 399907 0 0 0 0 0 0 0 0 0 0 0 653822660 1 0 0 0 0 0 0 0 0 0 0 0 0 0 0 0 0 0 0 0 0 0 0 392142 4219 0 0 0 0 16428386 0 0 0 0 0 0 0 0 0 0 0 0 0 0 0 0 0 0 0 0 0 0 0 0 0 0 0 0 0 0 0 0 0 0 0 0 0 0 0 0 0 0 0 0 0 0 0 0 0 0 0 0 0 0 0 0 0 0 0 0 0 0 0 0 0 0 0 0 0 0 0 0 0 0 0 174030115 0 0 0
ctxt 371948004
btime 1669654930
processes 522704
procs_running 1
procs_blocked 0
softirq 818428787 572898774 29318311 730119 58481932 399839 0 98655266 37544277 557 20399712

cpu  809807 35469 1360604 502531205 107990 0 2448476 0 0 0
cpu0 109466 9541 189492 125891812 29413 0 574607 0 0 0
cpu1 446066 10657 756126 124752999 22118 0 707390 0 0 0
cpu2 129950 2862 217815 125947488 29143 0 597726 0 0 0
cpu3 124324 12408 197169 125938904 27314 0 568752 0 0 0
intr 11503155640 0 0 2548388 81 0 690897 31209644 0 0 0 8963879 0 0 0 0 0 0 0 0 0 0 0 0 0 0 0 0 0 0 0 0 0 0 0 0 0 0 0 0 0 0 0 0 0 0 0 0 0 0 0 0 2024009378 0 0 0 0 0 0 0 0 721146 0 399907 0 0 0 0 0 0 0 0 0 0 0 653822814 1 0 0 0 0 0 0 0 0 0 0 0 0 0 0 0 0 0 0 0 0 0 0 392142 4219 0 0 0 0 16428401 0 0 0 0 0 0 0 0 0 0 0 0 0 0 0 0 0 0 0 0 0 0 0 0 0 0 0 0 0 0 0 0 0 0 0 0 0 0 0 0 0 0 0 0 0 0 0 0 0 0 0 0 0 0 0 0 0 0 0 0 0 0 0 0 0 0 0 0 0 0 0 0 0 0 0 174030151 0 0 0
ctxt 371948116
btime 1669654930
processes 522704
procs_running 1
procs_blocked 0
softirq 818428862 572898782 29318328 730120 58481933 399839 0 98655280 37544298 557 20399725

cpu  809807 35469 1360604 502531402 107990 0 2448476 0 0 0
cpu0 109466 9541 189492 125891861 29413 0 574607 0 0 0
cpu1 446066 10657 756126 124753048 22118 0 707390 0 0 0
cpu2 129950 2862 217815 125947538 29143 0 597726 0 0 0
cpu3 124324 12408 197169 125938953 27314 0 568752 0 0 0
intr 11503159838 0 0 2548388 81 0 690897 31209664 0 0 0 8963882 0 0 0 0 0 0 0 0 0 0 0 0 0 0 0 0 0 0 0 0 0 0 0 0 0 0 0 0 0 0 0 0 0 0 0 0 0 0 0 0 2024013382 0 0 0 0 0 0 0 0 721147 0 399907 0 0 0 0 0 0 0 0 0 0 0 653822942 1 0 0 0 0 0 0 0 0 0 0 0 0 0 0 0 0 0 0 0 0 0 0 392142 4219 0 0 0 0 16428416 0 0 0 0 0 0 0 0 0 0 0 0 0 0 0 0 0 0 0 0 0 0 0 0 0 0 0 0 0 0 0 0 0 0 0 0 0 0 0 0 0 0 0 0 0 0 0 0 0 0 0 0 0 0 0 0 0 0 0 0 0 0 0 0 0 0 0 0 0 0 0 0 0 0 0 174030179 0 0 0
ctxt 371948196
btime 1669654930
processes 522704
procs_running 1
procs_blocked 0
softirq 818428916 572898782 29318341 730120 58481934 399839 0 98655293 37544314 557 20399736

cpu  809808 35469 1360604 502531599 107990 0 2448476 0 0 0
cpu0 109466 9541 189492 125891910 29413 0 574607 0 0 0
cpu1 446066 10657 756126 124753098 22118 0 707390 0 0 0
cpu2 129950 2862 217815 125947587 29143 0 597726 0 0 0
cpu3 124324 12408 197169 125939002 27314 0 568752 0 0 0
intr 11503164088 0 0 2548389 81 0 690897 31209691 0 0 0 8963886 0 0 0 0 0 0 0 0 0 0 0 0 0 0 0 0 0 0 0 0 0 0 0 0 0 0 0 0 0 0 0 0 0 0 0 0 0 0 0 0 2024017402 0 0 0 0 0 0 0 0 721148 0 399907 0 0 0 0 0 0 0 0 0 0 0 653823094 1 0 0 0 0 0 0 0 0 0 0 0 0 0 0 0 0 0 0 0 0 0 0 392142 4219 0 0 0 0 16428431 0 0 0 0 0 0 0 0 0 0 0 0 0 0 0 0 0 0 0 0 0 0 0 0 0 0 0 0 0 0 0 0 0 0 0 0 0 0 0 0 0 0 0 0 0 0 0 0 0 0 0 0 0 0 0 0 0 0 0 0 0 0 0 0 0 0 0 0 0 0 0 0 0 0 0 174030209 0 0 0
ctxt 371948289
btime 1669654930
processes 522704
procs_running 1
procs_blocked 0
softirq 818428985 572898790 29318356 730120 58481935 399839 0 98655308 37544332 557 20399748

cpu  809808 35469 1360604 502531796 107990 0 2448476 0 0 0
cpu0 109466 9541 189492 125891960 29413 0 574607 0 0 0
cpu1 446066 10657 756126 124753147 22118 0 707390 0 0 0
cpu2 129950 2862 217815 125947636 29143 0 597726 0 0 0
cpu3 124325 12408 197169 125939051 27314 0 568752 0 0 0
intr 11503168281 0 0 2548389 81 0 690897 31209707 0 0 0 8963888 0 0 0 0 0 0 0 0 0 0 0 0 0 0 0 0 0 0 0 0 0 0 0 0 0 0 0 0 0 0 0 0 0 0 0 0 0 0 0 0 2024021406 0 0 0 0 0 0 0 0 721149 0 399907 0 0 0 0 0 0 0 0 0 0 0 653823222 1 0 0 0 0 0 0 0 0 0 0 0 0 0 0 0 0 0 0 0 0 0 0 392142 4219 0 0 0 0 16428446 0 0 0 0 0 0 0 0 0 0 0 0 0 0 0 0 0 0 0 0 0 0 0 0 0 0 0 0 0 0 0 0 0 0 0 0 0 0 0 0 0 0 0 0 0 0 0 0 0 0 0 0 0 0 0 0 0 0 0 0 0 0 0 0 0 0 0 0 0 0 0 0 0 0 0 174030236 0 0 0
ctxt 371948362
btime 1669654930
processes 522704
procs_running 1
procs_blocked 0
softirq 818429039 572898790 29318370 730120 58481936 399839 0 98655321 37544348 557 20399758

cpu  809808 35469 1360604 502531993 107990 0 2448476 0 0 0
cpu0 109466 9541 189492 125892009 29413 0 574607 0 0 0
cpu1 446066 10657 756126 124753197 22118 0 707390 0 0 0
cpu2 129950 2862 217816 125947686 29143 0 597726 0 0 0
cpu3 124325 12408 197169 125939100 27314 0 568752 0 0 0
intr 11503172532 0 0 2548389 81 0 690897 31209734 0 0 0 8963891 0 0 0 0 0 0 0 0 0 0 0 0 0 0 0 0 0 0 0 0 0 0 0 0 0 0 0 0 0 0 0 0 0 0 0 0 0 0 0 0 2024025425 0 0 0 0 0 0 0 0 721150 0 399907 0 0 0 0 0 0 0 0 0 0 0 653823376 1 0 0 0 0 0 0 0 0 0 0 0 0 0 0 0 0 0 0 0 0 0 0 392142 4219 0 0 0 0 16428461 0 0 0 0 0 0 0 0 0 0 0 0 0 0 0 0 0 0 0 0 0 0 0 0 0 0 0 0 0 0 0 0 0 0 0 0 0 0 0 0 0 0 0 0 0 0 0 0 0 0 0 0 0 0 0 0 0 0 0 0 0 0 0 0 0 0 0 0 0 0 0 0 0 0 0 174030268 0 0 0
ctxt 371948465
btime 1669654930
processes 522704
procs_running 1
procs_blocked 0
softirq 818429107 572898798 29318385 730120 58481937 399839 0 98655335 37544367 557 20399769

cpu  809809 35469 1360604 502532190 107990 0 2448476 0 0 0
cpu0 109466 9541 189492 125892058 29413 0 574607 0 0 0
cpu1 446066 10657 756126 124753246 22118 0 707390 0 0 0
cpu2 129950 2862 217816 125947735 29143 0 597726 0 0 0
cpu3 124326 12408 197169 125939149 27314 0 568752 0 0 0
intr 11503176746 0 0 2548389 81 0 690897 31209760 0 0 0 8963894 0 0 0 0 0 0 0 0 0 0 0 0 0 0 0 0 0 0 0 0 0 0 0 0 0 0 0 0 0 0 0 0 0 0 0 0 0 0 0 0 2024029428 0 0 0 0 0 0 0 0 721151 0 399907 0 0 0 0 0 0 0 0 0 0 0 653823504 1 0 0 0 0 0 0 0 0 0 0 0 0 0 0 0 0 0 0 0 0 0 0 392142 4219 0 0 0 0 16428486 0 0 0 0 0 0 0 0 0 0 0 0 0 0 0 0 0 0 0 0 0 0 0 0 0 0 0 0 0 0 0 0 0 0 0 0 0 0 0 0 0 0 0 0 0 0 0 0 0 0 0 0 0 0 0 0 0 0 0 0 0 0 0 0 0 0 0 0 0 0 0 0 0 0 0 174030296 0 0 0
ctxt 371948562
btime 1669654930
processes 522704
procs_running 1
procs_blocked 0
softirq 818429170 572898798 29318399 730120 58481939 399839 0 98655355 37544384 557 20399779

cpu  809809 35469 1360604 502532387 107990 0 2448476 0 0 0
cpu0 109466 9541 189492 125892107 29413 0 574607 0 0 0
cpu1 446066 10657 756126 124753296 22118 0 707390 0 0 0
cpu2 129950 2862 217816 125947784 29143 0 597726 0 0 0
cpu3 124326 12408 197169 125939198 27314 0 568752 0 0 0
intr 11503181000 0 0 2548390 81 0 690897 31209786 0 0 0 8963898 0 0 0 0 0 0 0 0 0 0 0 0 0 0 0 0 0 0 0 0 0 0 0 0 0 0 0 0 0 0 0 0 0 0 0 0 0 0 0 0 2024033451 0 0 0 0 0 0 0 0 721152 0 399907 0 0 0 0 0 0 0 0 0 0 0 653823658 1 0 0 0 0 0 0 0 0 0 0 0 0 0 0 0 0 0 0 0 0 0 0 392142 4219 0 0 0 0 16428501 0 0 0 0 0 0 0 0 0 0 0 0 0 0 0 0 0 0 0 0 0 0 0 0 0 0 0 0 0 0 0 0 0 0 0 0 0 0 0 0 0 0 0 0 0 0 0 0 0 0 0 0 0 0 0 0 0 0 0 0 0 0 0 0 0 0 0 0 0 0 0 0 0 0 0 174030326 0 0 0
ctxt 371948662
btime 1669654930
processes 522704
procs_running 1
procs_blocked 0
softirq 818429236 572898806 29318414 730120 58481940 399839 0 98655370 37544401 557 20399789

cpu  809810 35469 1360604 502532584 107990 0 2448476 0 0 0
cpu0 109466 9541 189492 125892157 29413 0 574607 0 0 0
cpu1 446066 10657 756126 124753345 22118 0 707390 0 0 0
cpu2 129950 2862 217816 125947834 29143 0 597726 0 0 0
cpu3 124326 12408 197169 125939247 27314 0 568752 0 0 0
intr 11503185194 0 0 2548390 81 0 690897 31209806 0 0 0 8963901 0 0 0 0 0 0 0 0 0 0 0 0 0 0 0 0 0 0 0 0 0 0 0 0 0 0 0 0 0 0 0 0 0 0 0 0 0 0 0 0 2024037454 0 0 0 0 0 0 0 0 721153 0 399907 0 0 0 0 0 0 0 0 0 0 0 653823786 1 0 0 0 0 0 0 0 0 0 0 0 0 0 0 0 0 0 0 0 0 0 0 392142 4219 0 0 0 0 16428516 0 0 0 0 0 0 0 0 0 0 0 0 0 0 0 0 0 0 0 0 0 0 0 0 0 0 0 0 0 0 0 0 0 0 0 0 0 0 0 0 0 0 0 0 0 0 0 0 0 0 0 0 0 0 0 0 0 0 0 0 0 0 0 0 0 0 0 0 0 0 0 0 0 0 0 174030350 0 0 0
ctxt 371948736
btime 1669654930
processes 522704
procs_running 1
procs_blocked 0
softirq 818429284 572898806 29318425 730120 58481941 399839 0 98655383 37544414 557 20399799

cpu  809810 35469 1360604 502532781 107990 0 2448476 0 0 0
cpu0 109466 9541 189492 125892206 29413 0 574607 0 0 0
cpu1 446066 10657 756126 124753394 22118 0 707390 0 0 0
cpu2 129950 2862 217816 125947883 29143 0 597726 0 0 0
cpu3 124327 12408 197169 125939296 27314 0 568752 0 0 0
intr 11503189387 0 0 2548390 81 0 690897 31209825 0 0 0 8963904 0 0 0 0 0 0 0 0 0 0 0 0 0 0 0 0 0 0 0 0 0 0 0 0 0 0 0 0 0 0 0 0 0 0 0 0 0 0 0 0 2024041450 0 0 0 0 0 0 0 0 721154 0 399907 0 0 0 0 0 0 0 0 0 0 0 653823916 1 0 0 0 0 0 0 0 0 0 0 0 0 0 0 0 0 0 0 0 0 0 0 392142 4219 0 0 0 0 16428531 0 0 0 0 0 0 0 0 0 0 0 0 0 0 0 0 0 0 0 0 0 0 0 0 0 0 0 0 0 0 0 0 0 0 0 0 0 0 0 0 0 0 0 0 0 0 0 0 0 0 0 0 0 0 0 0 0 0 0 0 0 0 0 0 0 0 0 0 0 0 0 0 0 0 0 174030378 0 0 0
ctxt 371948814
btime 1669654930
processes 522704
procs_running 1
procs_blocked 0
softirq 818429337 572898806 29318438 730120 58481942 399839 0 98655396 37544429 557 20399810

cpu  809810 35469 1360605 502532978 107990 0 2448476 0 0 0
cpu0 109466 9541 189492 125892255 29413 0 574607 0 0 0
cpu1 446066 10657 756126 124753444 22118 0 707390 0 0 0
cpu2 129950 2862 217816 125947932 29143 0 597726 0 0 0
cpu3 124327 12408 197169 125939345 27314 0 568752 0 0 0
intr 11503193680 0 0 2548390 81 0 690897 31209862 0 0 0 8963907 0 0 0 0 0 0 0 0 0 0 0 0 0 0 0 0 0 0 0 0 0 0 0 0 0 0 0 0 0 0 0 0 0 0 0 0 0 0 0 0 2024045479 0 0 0 0 0 0 0 0 721155 0 399907 0 0 0 0 0 0 0 0 0 0 0 653824068 1 0 0 0 0 0 0 0 0 0 0 0 0 0 0 0 0 0 0 0 0 0 0 392142 4219 0 0 0 0 16428567 0 0 0 0 0 0 0 0 0 0 0 0 0 0 0 0 0 0 0 0 0 0 0 0 0 0 0 0 0 0 0 0 0 0 0 0 0 0 0 0 0 0 0 0 0 0 0 0 0 0 0 0 0 0 0 0 0 0 0 0 0 0 0 0 0 0 0 0 0 0 0 0 0 0 0 174030414 0 0 0
ctxt 371948963
btime 1669654930
processes 522704
procs_running 1
procs_blocked 0
softirq 818429426 572898814 29318454 730120 58481945 399839 0 98655427 37544449 557 20399821

cpu  809811 35469 1360605 502533174 107990 0 2448476 0 0 0
cpu0 109466 9541 189492 125892304 29413 0 574607 0 0 0
cpu1 446066 10657 756126 124753493 22118 0 707390 0 0 0
cpu2 129950 2862 217816 125947982 29143 0 597726 0 0 0
cpu3 124328 12408 197169 125939394 27314 0 568752 0 0 0
intr 11503197890 0 0 2548391 81 0 690897 31209888 0 0 0 8963909 0 0 0 0 0 0 0 0 0 0 0 0 0 0 0 0 0 0 0 0 0 0 0 0 0 0 0 0 0 0 0 0 0 0 0 0 0 0 0 0 2024049475 0 0 0 0 0 0 0 0 721156 0 399907 0 0 0 0 0 0 0 0 0 0 0 653824198 1 0 0 0 0 0 0 0 0 0 0 0 0 0 0 0 0 0 0 0 0 0 0 392142 4219 0 0 0 0 16428586 0 0 0 0 0 0 0 0 0 0 0 0 0 0 0 0 0 0 0 0 0 0 0 0 0 0 0 0 0 0 0 0 0 0 0 0 0 0 0 0 0 0 0 0 0 0 0 0 0 0 0 0 0 0 0 0 0 0 0 0 0 0 0 0 0 0 0 0 0 0 0 0 0 0 0 174030448 0 0 0
ctxt 371949056
btime 1669654930
processes 522704
procs_running 1
procs_blocked 0
softirq 818429489 572898814 29318470 730120 58481946 399839 0 98655443 37544468 557 20399832

cpu  809812 35469 1360605 502533371 107990 0 2448476 0 0 0
cpu0 109466 9541 189492 125892353 29413 0 574607 0 0 0
cpu1 446066 10657 756126 124753543 22118 0 707390 0 0 0
cpu2 129950 2862 217816 125948031 29143 0 597726 0 0 0
cpu3 124328 12408 197169 125939443 27314 0 568752 0 0 0
intr 11503202159 0 0 2548391 81 0 690897 31209922 0 0 0 8963913 0 0 0 0 0 0 0 0 0 0 0 0 0 0 0 0 0 0 0 0 0 0 0 0 0 0 0 0 0 0 0 0 0 0 0 0 0 0 0 0 2024053495 0 0 0 0 0 0 0 0 721157 0 399907 0 0 0 0 0 0 0 0 0 0 0 653824350 1 0 0 0 0 0 0 0 0 0 0 0 0 0 0 0 0 0 0 0 0 0 0 392142 4219 0 0 0 0 16428612 0 0 0 0 0 0 0 0 0 0 0 0 0 0 0 0 0 0 0 0 0 0 0 0 0 0 0 0 0 0 0 0 0 0 0 0 0 0 0 0 0 0 0 0 0 0 0 0 0 0 0 0 0 0 0 0 0 0 0 0 0 0 0 0 0 0 0 0 0 0 0 0 0 0 0 174030481 0 0 0
ctxt 371949179
btime 1669654930
processes 522704
procs_running 1
procs_blocked 0
softirq 818429575 572898822 29318488 730121 58481948 399839 0 98655466 37544489 557 20399845

cpu  809812 35469 1360606 502533567 107990 0 2448476 0 0 0
cpu0 109466 9541 189492 125892402 29413 0 574607 0 0 0
cpu1 446066 10657 756126 124753592 22118 0 707390 0 0 0
cpu2 129950 2862 217817 125948080 29143 0 597726 0 0 0
cpu3 124328 12408 197170 125939491 27314 0 568752 0 0 0
intr 11503206570 0 0 2548391 81 0 690897 31209944 0 0 0 8963916 0 0 0 0 0 0 0 0 0 0 0 0 0 0 0 0 0 0 0 0 0 0 0 0 0 0 0 0 0 0 0 0 0 0 0 0 0 0 0 0 2024057588 0 0 0 0 0 0 0 0 721158 0 399907 0 0 0 0 0 0 0 0 0 0 0 653824576 1 0 0 0 0 0 0 0 0 0 0 0 0 0 0 0 0 0 0 0 0 0 0 392142 4219 0 0 0 0 16428627 0 0 0 0 0 0 0 0 0 0 0 0 0 0 0 0 0 0 0 0 0 0 0 0 0 0 0 0 0 0 0 0 0 0 0 0 0 0 0 0 0 0 0 0 0 0 0 0 0 0 0 0 0 0 0 0 0 0 0 0 0 0 0 0 0 0 0 0 0 0 0 0 0 0 0 174030531 0 0 0
ctxt 371949285
btime 1669654930
processes 522704
procs_running 1
procs_blocked 0
softirq 818429996 572899126 29318506 730121 58481961 399839 0 98655493 37544519 557 20399874

cpu  809812 35469 1360606 502533761 107990 0 2448476 0 0 0
cpu0 109466 9541 189492 125892451 29413 0 574607 0 0 0
cpu1 446066 10657 756126 124753641 22118 0 707390 0 0 0
cpu2 129950 2862 217817 125948128 29143 0 597726 0 0 0
cpu3 124329 12408 197170 125939540 27314 0 568752 0 0 0
intr 11503211079 0 0 2548391 81 0 690897 31209974 0 0 0 8963921 0 0 0 0 0 0 0 0 0 0 0 0 0 0 0 0 0 0 0 0 0 0 0 0 0 0 0 0 0 0 0 0 0 0 0 0 0 0 0 0 2024061697 0 0 0 0 0 0 0 0 721159 0 399907 0 0 0 0 0 0 0 0 0 0 0 653824824 1 0 0 0 0 0 0 0 0 0 0 0 0 0 0 0 0 0 0 0 0 0 0 392142 4219 0 0 0 0 16428642 0 0 0 0 0 0 0 0 0 0 0 0 0 0 0 0 0 0 0 0 0 0 0 0 0 0 0 0 0 0 0 0 0 0 0 0 0 0 0 0 0 0 0 0 0 0 0 0 0 0 0 0 0 0 0 0 0 0 0 0 0 0 0 0 0 0 0 0 0 0 0 0 0 0 0 174030633 0 0 0
ctxt 371949448
btime 1669654930
processes 522704
procs_running 1
procs_blocked 0
softirq 818430492 572899420 29318532 730121 58481977 399839 0 98655525 37544572 557 20399949

cpu  809812 35469 1360606 502533956 107990 0 2448476 0 0 0
cpu0 109466 9541 189492 125892500 29413 0 574607 0 0 0
cpu1 446066 10657 756126 124753690 22118 0 707390 0 0 0
cpu2 129950 2862 217817 125948177 29143 0 597726 0 0 0
cpu3 124329 12408 197170 125939588 27314 0 568752 0 0 0
intr 11503215549 0 0 2548392 81 0 690897 31210000 0 0 0 8963925 0 0 0 0 0 0 0 0 0 0 0 0 0 0 0 0 0 0 0 0 0 0 0 0 0 0 0 0 0 0 0 0 0 0 0 0 0 0 0 0 2024065799 0 0 0 0 0 0 0 0 721160 0 399907 0 0 0 0 0 0 0 0 0 0 0 653825065 1 0 0 0 0 0 0 0 0 0 0 0 0 0 0 0 0 0 0 0 0 0 0 392142 4219 0 0 0 0 16428657 0 0 0 0 0 0 0 0 0 0 0 0 0 0 0 0 0 0 0 0 0 0 0 0 0 0 0 0 0 0 0 0 0 0 0 0 0 0 0 0 0 0 0 0 0 0 0 0 0 0 0 0 0 0 0 0 0 0 0 0 0 0 0 0 0 0 0 0 0 0 0 0 0 0 0 174030712 0 0 0
ctxt 371949584
btime 1669654930
processes 522704
procs_running 1
procs_blocked 0
softirq 818430927 572899690 29318555 730121 58481993 399839 0 98655557 37544615 557 20400000

cpu  809813 35469 1360606 502534151 107990 0 2448476 0 0 0
cpu0 109466 9541 189492 125892549 29413 0 574607 0 0 0
cpu1 446066 10657 756126 124753739 22118 0 707390 0 0 0
cpu2 129950 2862 217817 125948226 29143 0 597726 0 0 0
cpu3 124330 12408 197170 125939637 27314 0 568752 0 0 0
intr 11503220022 0 0 2548392 81 0 690897 31210029 0 0 0 8963929 0 0 0 0 0 0 0 0 0 0 0 0 0 0 0 0 0 0 0 0 0 0 0 0 0 0 0 0 0 0 0 0 0 0 0 0 0 0 0 0 2024069904 0 0 0 0 0 0 0 0 721161 0 399907 0 0 0 0 0 0 0 0 0 0 0 653825313 1 0 0 0 0 0 0 0 0 0 0 0 0 0 0 0 0 0 0 0 0 0 0 392142 4219 0 0 0 0 16428672 0 0 0 0 0 0 0 0 0 0 0 0 0 0 0 0 0 0 0 0 0 0 0 0 0 0 0 0 0 0 0 0 0 0 0 0 0 0 0 0 0 0 0 0 0 0 0 0 0 0 0 0 0 0 0 0 0 0 0 0 0 0 0 0 0 0 0 0 0 0 0 0 0 0 0 174030784 0 0 0
ctxt 371949732
btime 1669654930
processes 522704
procs_running 1
procs_blocked 0
softirq 818431374 572899972 29318577 730121 58482010 399839 0 98655596 37544657 557 20400045

cpu  809813 35469 1360606 502534346 107990 0 2448477 0 0 0
cpu0 109466 9541 189492 125892597 29413 0 574607 0 0 0
cpu1 446066 10657 756126 124753788 22118 0 707390 0 0 0
cpu2 129950 2862 217817 125948274 29143 0 597726 0 0 0
cpu3 124330 12408 197170 125939685 27314 0 568752 0 0 0
intr 11503224495 0 0 2548392 81 0 690897 31210051 0 0 0 8963934 0 0 0 0 0 0 0 0 0 0 0 0 0 0 0 0 0 0 0 0 0 0 0 0 0 0 0 0 0 0 0 0 0 0 0 0 0 0 0 0 2024074013 0 0 0 0 0 0 0 0 721162 0 399907 0 0 0 0 0 0 0 0 0 0 0 653825554 1 0 0 0 0 0 0 0 0 0 0 0 0 0 0 0 0 0 0 0 0 0 0 392142 4219 0 0 0 0 16428687 0 0 0 0 0 0 0 0 0 0 0 0 0 0 0 0 0 0 0 0 0 0 0 0 0 0 0 0 0 0 0 0 0 0 0 0 0 0 0 0 0 0 0 0 0 0 0 0 0 0 0 0 0 0 0 0 0 0 0 0 0 0 0 0 0 0 0 0 0 0 0 0 0 0 0 174030864 0 0 0
ctxt 371949870
btime 1669654930
processes 522704
procs_running 1
procs_blocked 0
softirq 818431817 572900244 29318599 730121 58482030 399839 0 98655635 37544702 557 20400090

cpu  809814 35469 1360606 502534541 107990 0 2448477 0 0 0
cpu0 109466 9541 189492 125892646 29413 0 574608 0 0 0
cpu1 446066 10657 756126 124753837 22118 0 707390 0 0 0
cpu2 129950 2862 217817 125948323 29143 0 597726 0 0 0
cpu3 124330 12408 197170 125939734 27314 0 568752 0 0 0
intr 11503229015 0 0 2548392 81 0 690897 31210083 0 0 0 8963938 0 0 0 0 0 0 0 0 0 0 0 0 0 0 0 0 0 0 0 0 0 0 0 0 0 0 0 0 0 0 0 0 0 0 0 0 0 0 0 0 2024078136 0 0 0 0 0 0 0 0 721163 0 399907 0 0 0 0 0 0 0 0 0 0 0 653825818 1 0 0 0 0 0 0 0 0 0 0 0 0 0 0 0 0 0 0 0 0 0 0 392142 4219 0 0 0 0 16428702 0 0 0 0 0 0 0 0 0 0 0 0 0 0 0 0 0 0 0 0 0 0 0 0 0 0 0 0 0 0 0 0 0 0 0 0 0 0 0 0 0 0 0 0 0 0 0 0 0 0 0 0 0 0 0 0 0 0 0 0 0 0 0 0 0 0 0 0 0 0 0 0 0 0 0 174030945 0 0 0
ctxt 371950039
btime 1669654930
processes 522704
procs_running 1
procs_blocked 0
softirq 818432302 572900533 29318624 730121 58482049 399839 0 98655674 37544748 557 20400157

cpu  809814 35469 1360606 502534736 107990 0 2448477 0 0 0
cpu0 109466 9541 189492 125892695 29413 0 574608 0 0 0
cpu1 446066 10657 756126 124753886 22118 0 707390 0 0 0
cpu2 129950 2862 217817 125948372 29143 0 597726 0 0 0
cpu3 124331 12408 197170 125939783 27314 0 568752 0 0 0
intr 11503233471 0 0 2548397 81 0 690897 31210108 0 0 0 8963942 0 0 0 0 0 0 0 0 0 0 0 0 0 0 0 0 0 0 0 0 0 0 0 0 0 0 0 0 0 0 0 0 0 0 0 0 0 0 0 0 2024082233 0 0 0 0 0 0 0 0 721164 0 399907 0 0 0 0 0 0 0 0 0 0 0 653826044 1 0 0 0 0 0 0 0 0 0 0 0 0 0 0 0 0 0 0 0 0 0 0 392142 4219 0 0 0 0 16428717 0 0 0 0 0 0 0 0 0 0 0 0 0 0 0 0 0 0 0 0 0 0 0 0 0 0 0 0 0 0 0 0 0 0 0 0 0 0 0 0 0 0 0 0 0 0 0 0 0 0 0 0 0 0 0 0 0 0 0 0 0 0 0 0 0 0 0 0 0 0 0 0 0 0 0 174031028 0 0 0
ctxt 371950176
btime 1669654930
processes 522704
procs_running 1
procs_blocked 0
softirq 818432709 572900753 29318646 730121 58482066 399839 0 98655722 37544793 557 20400212

cpu  809814 35469 1360607 502534931 107990 0 2448478 0 0 0
cpu0 109466 9541 189493 125892744 29413 0 574608 0 0 0
cpu1 446066 10657 756126 124753935 22118 0 707390 0 0 0
cpu2 129950 2862 217817 125948420 29143 0 597726 0 0 0
cpu3 124331 12408 197170 125939831 27314 0 568753 0 0 0
intr 11503238002 0 0 2548397 81 0 690897 31210137 0 0 0 8963947 0 0 0 0 0 0 0 0 0 0 0 0 0 0 0 0 0 0 0 0 0 0 0 0 0 0 0 0 0 0 0 0 0 0 0 0 0 0 0 0 2024086354 0 0 0 0 0 0 0 0 721165 0 399907 0 0 0 0 0 0 0 0 0 0 0 653826307 1 0 0 0 0 0 0 0 0 0 0 0 0 0 0 0 0 0 0 0 0 0 0 392142 4219 0 0 0 0 16428732 0 0 0 0 0 0 0 0 0 0 0 0 0 0 0 0 0 0 0 0 0 0 0 0 0 0 0 0 0 0 0 0 0 0 0 0 0 0 0 0 0 0 0 0 0 0 0 0 0 0 0 0 0 0 0 0 0 0 0 0 0 0 0 0 0 0 0 0 0 0 0 0 0 0 0 174031125 0 0 0
ctxt 371950334
btime 1669654930
processes 522704
procs_running 1
procs_blocked 0
softirq 818433254 572901093 29318671 730121 58482087 399839 0 98655764 37544847 557 20400275

cpu  809815 35469 1360607 502535125 107990 0 2448478 0 0 0
cpu0 109466 9541 189493 125892792 29413 0 574608 0 0 0
cpu1 446066 10657 756126 124753983 22118 0 707390 0 0 0
cpu2 129951 2862 217817 125948469 29143 0 597726 0 0 0
cpu3 124331 12408 197170 125939880 27314 0 568753 0 0 0
intr 11503242475 0 0 2548397 81 0 690897 31210172 0 0 0 8963951 0 0 0 0 0 0 0 0 0 0 0 0 0 0 0 0 0 0 0 0 0 0 0 0 0 0 0 0 0 0 0 0 0 0 0 0 0 0 0 0 2024090451 0 0 0 0 0 0 0 0 721166 0 399907 0 0 0 0 0 0 0 0 0 0 0 653826549 1 0 0 0 0 0 0 0 0 0 0 0 0 0 0 0 0 0 0 0 0 0 0 392142 4219 0 0 0 0 16428759 0 0 0 0 0 0 0 0 0 0 0 0 0 0 0 0 0 0 0 0 0 0 0 0 0 0 0 0 0 0 0 0 0 0 0 0 0 0 0 0 0 0 0 0 0 0 0 0 0 0 0 0 0 0 0 0 0 0 0 0 0 0 0 0 0 0 0 0 0 0 0 0 0 0 0 174031192 0 0 0
ctxt 371950489
btime 1669654930
processes 522704
procs_running 1
procs_blocked 0
softirq 818433718 572901382 29318690 730121 58482105 399839 0 98655822 37544884 557 20400318

cpu  809815 35469 1360608 502535321 107990 0 2448478 0 0 0
cpu0 109466 9541 189493 125892840 29413 0 574608 0 0 0
cpu1 446066 10657 756126 124754032 22118 0 707390 0 0 0
cpu2 129951 2862 217818 125948517 29143 0 597726 0 0 0
cpu3 124331 12408 197170 125939929 27314 0 568753 0 0 0
intr 11503246981 0 0 2548397 81 0 690897 31210203 0 0 0 8963955 0 0 0 0 0 0 0 0 0 0 0 0 0 0 0 0 0 0 0 0 0 0 0 0 0 0 0 0 0 0 0 0 0 0 0 0 0 0 0 0 2024094566 0 0 0 0 0 0 0 0 721167 0 399907 0 0 0 0 0 0 0 0 0 0 0 653826797 1 0 0 0 0 0 0 0 0 0 0 0 0 0 0 0 0 0 0 0 0 0 0 392142 4219 0 0 0 0 16428772 0 0 0 0 0 0 0 0 0 0 0 0 0 0 0 0 0 0 0 0 0 0 0 0 0 0 0 0 0 0 0 0 0 0 0 0 0 0 0 0 0 0 0 0 0 0 0 0 0 0 0 0 0 0 0 0 0 0 0 0 0 0 0 0 0 0 0 0 0 0 0 0 0 0 0 174031286 0 0 0
ctxt 371950656
btime 1669654930
processes 522704
procs_running 1
procs_blocked 0
softirq 818434171 572901636 29318719 730122 58482121 399839 0 98655877 37544933 557 20400367

cpu  809815 35469 1360608 502535515 107990 0 2448478 0 0 0
cpu0 109466 9541 189493 125892889 29413 0 574608 0 0 0
cpu1 446066 10657 756126 124754081 22118 0 707390 0 0 0
cpu2 129951 2862 217818 125948566 29143 0 597726 0 0 0
cpu3 124331 12408 197170 125939978 27314 0 568753 0 0 0
intr 11503251459 0 0 2548398 81 0 690897 31210227 0 0 0 8963960 0 0 0 0 0 0 0 0 0 0 0 0 0 0 0 0 0 0 0 0 0 0 0 0 0 0 0 0 0 0 0 0 0 0 0 0 0 0 0 0 2024098666 0 0 0 0 0 0 0 0 721168 0 399907 0 0 0 0 0 0 0 0 0 0 0 653827039 1 0 0 0 0 0 0 0 0 0 0 0 0 0 0 0 0 0 0 0 0 0 0 392142 4219 0 0 0 0 16428787 0 0 0 0 0 0 0 0 0 0 0 0 0 0 0 0 0 0 0 0 0 0 0 0 0 0 0 0 0 0 0 0 0 0 0 0 0 0 0 0 0 0 0 0 0 0 0 0 0 0 0 0 0 0 0 0 0 0 0 0 0 0 0 0 0 0 0 0 0 0 0 0 0 0 0 174031376 0 0 0
ctxt 371950796
btime 1669654930
processes 522704
procs_running 1
procs_blocked 0
softirq 818434668 572901967 29318741 730122 58482138 399839 0 98655909 37544983 557 20400412

cpu  809816 35469 1360608 502535710 107990 0 2448479 0 0 0
cpu0 109466 9541 189493 125892937 29413 0 574608 0 0 0
cpu1 446066 10657 756126 124754130 22118 0 707390 0 0 0
cpu2 129952 2862 217818 125948614 29143 0 597726 0 0 0
cpu3 124331 12408 197170 125940027 27314 0 568754 0 0 0
intr 11503255996 0 0 2548398 81 0 690897 31210259 0 0 0 8963964 0 0 0 0 0 0 0 0 0 0 0 0 0 0 0 0 0 0 0 0 0 0 0 0 0 0 0 0 0 0 0 0 0 0 0 0 0 0 0 0 2024102795 0 0 0 0 0 0 0 0 721169 0 399907 0 0 0 0 0 0 0 0 0 0 0 653827300 1 0 0 0 0 0 0 0 0 0 0 0 0 0 0 0 0 0 0 0 0 0 0 392142 4219 0 0 0 0 16428802 0 0 0 0 0 0 0 0 0 0 0 0 0 0 0 0 0 0 0 0 0 0 0 0 0 0 0 0 0 0 0 0 0 0 0 0 0 0 0 0 0 0 0 0 0 0 0 0 0 0 0 0 0 0 0 0 0 0 0 0 0 0 0 0 0 0 0 0 0 0 0 0 0 0 0 174031471 0 0 0
ctxt 371950974
btime 1669654930
processes 522704
procs_running 1
procs_blocked 0
softirq 818435250 572902339 29318771 730122 58482157 399839 0 98655973 37545038 557 20400454

cpu  809816 35469 1360608 502535905 107990 0 2448480 0 0 0
cpu0 109466 9541 189493 125892986 29413 0 574608 0 0 0
cpu1 446066 10657 756126 124754179 22118 0 707390 0 0 0
cpu2 129952 2862 217818 125948663 29143 0 597726 0 0 0
cpu3 124331 12408 197170 125940076 27314 0 568754 0 0 0
intr 11503260487 0 0 2548398 81 0 690897 31210284 0 0 0 8963968 0 0 0 0 0 0 0 0 0 0 0 0 0 0 0 0 0 0 0 0 0 0 0 0 0 0 0 0 0 0 0 0 0 0 0 0 0 0 0 0 2024106884 0 0 0 0 0 0 0 0 721170 0 399907 0 0 0 0 0 0 0 0 0 0 0 653827525 1 0 0 0 0 0 0 0 0 0 0 0 0 0 0 0 0 0 0 0 0 0 0 392142 4219 0 0 0 0 16428817 0 0 0 0 0 0 0 0 0 0 0 0 0 0 0 0 0 0 0 0 0 0 0 0 0 0 0 0 0 0 0 0 0 0 0 0 0 0 0 0 0 0 0 0 0 0 0 0 0 0 0 0 0 0 0 0 0 0 0 0 0 0 0 0 0 0 0 0 0 0 0 0 0 0 0 174031603 0 0 0
ctxt 371951117
btime 1669654930
processes 522704
procs_running 1
procs_blocked 0
softirq 818435759 572902608 29318798 730122 58482178 399839 0 98656016 37545113 557 20400528

cpu  809816 35469 1360608 502536100 107990 0 2448480 0 0 0
cpu0 109466 9541 189493 125893034 29413 0 574608 0 0 0
cpu1 446066 10657 756126 124754228 22118 0 707391 0 0 0
cpu2 129952 2862 217818 125948711 29143 0 597726 0 0 0
cpu3 124331 12408 197170 125940125 27314 0 568754 0 0 0
intr 11503265026 0 0 2548398 81 0 690897 31210321 0 0 0 8963973 0 0 0 0 0 0 0 0 0 0 0 0 0 0 0 0 0 0 0 0 0 0 0 0 0 0 0 0 0 0 0 0 0 0 0 0 0 0 0 0 2024111017 0 0 0 0 0 0 0 0 721171 0 399907 0 0 0 0 0 0 0 0 0 0 0 653827787 1 0 0 0 0 0 0 0 0 0 0 0 0 0 0 0 0 0 0 0 0 0 0 392142 4219 0 0 0 0 16428841 0 0 0 0 0 0 0 0 0 0 0 0 0 0 0 0 0 0 0 0 0 0 0 0 0 0 0 0 0 0 0 0 0 0 0 0 0 0 0 0 0 0 0 0 0 0 0 0 0 0 0 0 0 0 0 0 0 0 0 0 0 0 0 0 0 0 0 0 0 0 0 0 0 0 0 174031680 0 0 0
ctxt 371951292
btime 1669654930
processes 522704
procs_running 1
procs_blocked 0
softirq 818436315 572902991 29318821 730122 58482196 399839 0 98656058 37545157 557 20400574

cpu  809817 35469 1360608 502536295 107990 0 2448480 0 0 0
cpu0 109466 9541 189493 125893083 29413 0 574608 0 0 0
cpu1 446066 10657 756126 124754277 22118 0 707391 0 0 0
cpu2 129953 2862 217818 125948760 29143 0 597726 0 0 0
cpu3 124331 12408 197170 125940173 27314 0 568754 0 0 0
intr 11503269471 0 0 2548399 81 0 690897 31210342 0 0 0 8963978 0 0 0 0 0 0 0 0 0 0 0 0 0 0 0 0 0 0 0 0 0 0 0 0 0 0 0 0 0 0 0 0 0 0 0 0 0 0 0 0 2024115108 0 0 0 0 0 0 0 0 721172 0 399907 0 0 0 0 0 0 0 0 0 0 0 653828013 1 0 0 0 0 0 0 0 0 0 0 0 0 0 0 0 0 0 0 0 0 0 0 392142 4219 0 0 0 0 16428856 0 0 0 0 0 0 0 0 0 0 0 0 0 0 0 0 0 0 0 0 0 0 0 0 0 0 0 0 0 0 0 0 0 0 0 0 0 0 0 0 0 0 0 0 0 0 0 0 0 0 0 0 0 0 0 0 0 0 0 0 0 0 0 0 0 0 0 0 0 0 0 0 0 0 0 174031764 0 0 0
ctxt 371951433
btime 1669654930
processes 522704
procs_running 1
procs_blocked 0
softirq 818436757 572903271 29318849 730122 58482210 399839 0 98656089 37545204 557 20400616

cpu  809817 35469 1360608 502536489 107990 0 2448480 0 0 0
cpu0 109466 9541 189493 125893131 29413 0 574608 0 0 0
cpu1 446066 10657 756126 124754326 22118 0 707391 0 0 0
cpu2 129953 2862 217818 125948809 29143 0 597726 0 0 0
cpu3 124331 12408 197170 125940222 27314 0 568754 0 0 0
intr 11503274016 0 0 2548399 81 0 690897 31210370 0 0 0 8963982 0 0 0 0 0 0 0 0 0 0 0 0 0 0 0 0 0 0 0 0 0 0 0 0 0 0 0 0 0 0 0 0 0 0 0 0 0 0 0 0 2024119240 0 0 0 0 0 0 0 0 721173 0 399907 0 0 0 0 0 0 0 0 0 0 0 653828276 1 0 0 0 0 0 0 0 0 0 0 0 0 0 0 0 0 0 0 0 0 0 0 392142 4219 0 0 0 0 16428871 0 0 0 0 0 0 0 0 0 0 0 0 0 0 0 0 0 0 0 0 0 0 0 0 0 0 0 0 0 0 0 0 0 0 0 0 0 0 0 0 0 0 0 0 0 0 0 0 0 0 0 0 0 0 0 0 0 0 0 0 0 0 0 0 0 0 0 0 0 0 0 0 0 0 0 174031867 0 0 0
ctxt 371951592
btime 1669654930
processes 522704
procs_running 1
procs_blocked 0
softirq 818437280 572903582 29318876 730122 58482231 399839 0 98656140 37545259 557 20400674

cpu  809818 35469 1360608 502536684 107990 0 2448480 0 0 0
cpu0 109466 9541 189493 125893180 29413 0 574608 0 0 0
cpu1 446066 10657 756126 124754375 22118 0 707391 0 0 0
cpu2 129954 2862 217818 125948857 29143 0 597726 0 0 0
cpu3 124331 12408 197170 125940271 27314 0 568754 0 0 0
intr 11503278487 0 0 2548399 81 0 690897 31210391 0 0 0 8963986 0 0 0 0 0 0 0 0 0 0 0 0 0 0 0 0 0 0 0 0 0 0 0 0 0 0 0 0 0 0 0 0 0 0 0 0 0 0 0 0 2024123340 0 0 0 0 0 0 0 0 721174 0 399907 0 0 0 0 0 0 0 0 0 0 0 653828518 1 0 0 0 0 0 0 0 0 0 0 0 0 0 0 0 0 0 0 0 0 0 0 392142 4219 0 0 0 0 16428886 0 0 0 0 0 0 0 0 0 0 0 0 0 0 0 0 0 0 0 0 0 0 0 0 0 0 0 0 0 0 0 0 0 0 0 0 0 0 0 0 0 0 0 0 0 0 0 0 0 0 0 0 0 0 0 0 0 0 0 0 0 0 0 0 0 0 0 0 0 0 0 0 0 0 0 174031955 0 0 0
ctxt 371951724
btime 1669654930
processes 522704
procs_running 1
procs_blocked 0
softirq 818437797 572903915 29318897 730122 58482250 399839 0 98656181 37545310 557 20400726

cpu  809818 35469 1360608 502536879 107990 0 2448481 0 0 0
cpu0 109466 9541 189493 125893228 29413 0 574608 0 0 0
cpu1 446066 10657 756126 124754424 22118 0 707391 0 0 0
cpu2 129954 2862 217818 125948905 29143 0 597726 0 0 0
cpu3 124331 12408 197170 125940320 27314 0 568754 0 0 0
intr 11503282989 0 0 2548399 81 0 690897 31210423 0 0 0 8963990 0 0 0 0 0 0 0 0 0 0 0 0 0 0 0 0 0 0 0 0 0 0 0 0 0 0 0 0 0 0 0 0 0 0 0 0 0 0 0 0 2024127451 0 0 0 0 0 0 0 0 721175 0 399907 0 0 0 0 0 0 0 0 0 0 0 653828766 1 0 0 0 0 0 0 0 0 0 0 0 0 0 0 0 0 0 0 0 0 0 0 392142 4219 0 0 0 0 16428901 0 0 0 0 0 0 0 0 0 0 0 0 0 0 0 0 0 0 0 0 0 0 0 0 0 0 0 0 0 0 0 0 0 0 0 0 0 0 0 0 0 0 0 0 0 0 0 0 0 0 0 0 0 0 0 0 0 0 0 0 0 0 0 0 0 0 0 0 0 0 0 0 0 0 0 174032045 0 0 0
ctxt 371951889
btime 1669654930
processes 522704
procs_running 1
procs_blocked 0
softirq 818438305 572904255 29318921 730122 58482266 399839 0 98656210 37545358 557 20400777

cpu  809818 35469 1360608 502537074 107990 0 2448481 0 0 0
cpu0 109466 9541 189493 125893276 29413 0 574609 0 0 0
cpu1 446066 10657 756126 124754473 22118 0 707391 0 0 0
cpu2 129954 2862 217818 125948954 29143 0 597726 0 0 0
cpu3 124331 12408 197170 125940369 27314 0 568754 0 0 0
intr 11503287482 0 0 2548400 81 0 690897 31210448 0 0 0 8963995 0 0 0 0 0 0 0 0 0 0 0 0 0 0 0 0 0 0 0 0 0 0 0 0 0 0 0 0 0 0 0 0 0 0 0 0 0 0 0 0 2024131556 0 0 0 0 0 0 0 0 721176 0 399907 0 0 0 0 0 0 0 0 0 0 0 653829009 1 0 0 0 0 0 0 0 0 0 0 0 0 0 0 0 0 0 0 0 0 0 0 392142 4219 0 0 0 0 16428916 0 0 0 0 0 0 0 0 0 0 0 0 0 0 0 0 0 0 0 0 0 0 0 0 0 0 0 0 0 0 0 0 0 0 0 0 0 0 0 0 0 0 0 0 0 0 0 0 0 0 0 0 0 0 0 0 0 0 0 0 0 0 0 0 0 0 0 0 0 0 0 0 0 0 0 174032144 0 0 0
ctxt 371952037
btime 1669654930
processes 522704
procs_running 1
procs_blocked 0
softirq 818438697 572904458 29318948 730122 58482287 399839 0 98656245 37545412 557 20400829

cpu  809819 35469 1360608 502537269 107990 0 2448482 0 0 0
cpu0 109466 9541 189493 125893325 29413 0 574609 0 0 0
cpu1 446066 10657 756126 124754522 22118 0 707391 0 0 0
cpu2 129955 2862 217818 125949002 29143 0 597726 0 0 0
cpu3 124331 12408 197170 125940418 27314 0 568754 0 0 0
intr 11503291988 0 0 2548400 81 0 690897 31210481 0 0 0 8963998 0 0 0 0 0 0 0 0 0 0 0 0 0 0 0 0 0 0 0 0 0 0 0 0 0 0 0 0 0 0 0 0 0 0 0 0 0 0 0 0 2024135671 0 0 0 0 0 0 0 0 721177 0 399907 0 0 0 0 0 0 0 0 0 0 0 653829271 1 0 0 0 0 0 0 0 0 0 0 0 0 0 0 0 0 0 0 0 0 0 0 392142 4219 0 0 0 0 16428931 0 0 0 0 0 0 0 0 0 0 0 0 0 0 0 0 0 0 0 0 0 0 0 0 0 0 0 0 0 0 0 0 0 0 0 0 0 0 0 0 0 0 0 0 0 0 0 0 0 0 0 0 0 0 0 0 0 0 0 0 0 0 0 0 0 0 0 0 0 0 0 0 0 0 0 174032221 0 0 0
ctxt 371952189
btime 1669654930
processes 522704
procs_running 1
procs_blocked 0
softirq 818439182 572904781 29318969 730122 58482306 399839 0 98656279 37545456 557 20400873

cpu  809819 35469 1360608 502537464 107990 0 2448482 0 0 0
cpu0 109466 9541 189493 125893374 29413 0 574609 0 0 0
cpu1 446066 10657 756126 124754571 22118 0 707392 0 0 0
cpu2 129955 2862 217818 125949051 29143 0 597726 0 0 0
cpu3 124331 12408 197170 125940467 27314 0 568754 0 0 0
intr 11503296437 0 0 2548400 81 0 690897 31210509 0 0 0 8964003 0 0 0 0 0 0 0 0 0 0 0 0 0 0 0 0 0 0 0 0 0 0 0 0 0 0 0 0 0 0 0 0 0 0 0 0 0 0 0 0 2024139761 0 0 0 0 0 0 0 0 721178 0 399907 0 0 0 0 0 0 0 0 0 0 0 653829495 1 0 0 0 0 0 0 0 0 0 0 0 0 0 0 0 0 0 0 0 0 0 0 392142 4219 0 0 0 0 16428946 0 0 0 0 0 0 0 0 0 0 0 0 0 0 0 0 0 0 0 0 0 0 0 0 0 0 0 0 0 0 0 0 0 0 0 0 0 0 0 0 0 0 0 0 0 0 0 0 0 0 0 0 0 0 0 0 0 0 0 0 0 0 0 0 0 0 0 0 0 0 0 0 0 0 0 174032307 0 0 0
ctxt 371952318
btime 1669654930
processes 522704
procs_running 1
procs_blocked 0
softirq 818439591 572905015 29318991 730122 58482325 399839 0 98656314 37545500 557 20400928

cpu  809820 35469 1360608 502537659 107990 0 2448482 0 0 0
cpu0 109466 9541 189493 125893422 29413 0 574609 0 0 0
cpu1 446066 10657 756126 124754620 22118 0 707392 0 0 0
cpu2 129956 2862 217818 125949099 29143 0 597726 0 0 0
cpu3 124331 12408 197170 125940516 27314 0 568754 0 0 0
intr 11503300957 0 0 2548400 81 0 690897 31210542 0 0 0 8964007 0 0 0 0 0 0 0 0 0 0 0 0 0 0 0 0 0 0 0 0 0 0 0 0 0 0 0 0 0 0 0 0 0 0 0 0 0 0 0 0 2024143884 0 0 0 0 0 0 0 0 721179 0 399907 0 0 0 0 0 0 0 0 0 0 0 653829759 1 0 0 0 0 0 0 0 0 0 0 0 0 0 0 0 0 0 0 0 0 0 0 392142 4219 0 0 0 0 16428961 0 0 0 0 0 0 0 0 0 0 0 0 0 0 0 0 0 0 0 0 0 0 0 0 0 0 0 0 0 0 0 0 0 0 0 0 0 0 0 0 0 0 0 0 0 0 0 0 0 0 0 0 0 0 0 0 0 0 0 0 0 0 0 0 0 0 0 0 0 0 0 0 0 0 0 174032387 0 0 0
ctxt 371952470
btime 1669654930
processes 522704
procs_running 1
procs_blocked 0
softirq 818440020 572905256 29319018 730123 58482344 399839 0 98656360 37545546 557 20400977

cpu  809820 35469 1360608 502537856 107990 0 2448483 0 0 0
cpu0 109466 9541 189493 125893472 29413 0 574609 0 0 0
cpu1 446066 10657 756126 124754669 22118 0 707392 0 0 0
cpu2 129956 2862 217818 125949148 29143 0 597726 0 0 0
cpu3 124331 12408 197170 125940565 27314 0 568754 0 0 0
intr 11503305198 0 0 2548401 81 0 690897 31210562 0 0 0 8964011 0 0 0 0 0 0 0 0 0 0 0 0 0 0 0 0 0 0 0 0 0 0 0 0 0 0 0 0 0 0 0 0 0 0 0 0 0 0 0 0 2024147902 0 0 0 0 0 0 0 0 721180 0 399907 0 0 0 0 0 0 0 0 0 0 0 653829905 1 0 0 0 0 0 0 0 0 0 0 0 0 0 0 0 0 0 0 0 0 0 0 392142 4219 0 0 0 0 16428976 0 0 0 0 0 0 0 0 0 0 0 0 0 0 0 0 0 0 0 0 0 0 0 0 0 0 0 0 0 0 0 0 0 0 0 0 0 0 0 0 0 0 0 0 0 0 0 0 0 0 0 0 0 0 0 0 0 0 0 0 0 0 0 0 0 0 0 0 0 0 0 0 0 0 0 174032423 0 0 0
ctxt 371952558
btime 1669654930
processes 522704
procs_running 1
procs_blocked 0
softirq 818440118 572905284 29319033 730123 58482347 399839 0 98656376 37545566 557 20400993

cpu  809820 35469 1360608 502538052 107990 0 2448483 0 0 0
cpu0 109466 9541 189493 125893521 29413 0 574609 0 0 0
cpu1 446066 10657 756126 124754718 22118 0 707392 0 0 0
cpu2 129956 2862 217818 125949197 29143 0 597726 0 0 0
cpu3 124331 12408 197170 125940615 27314 0 568754 0 0 0
intr 11503309446 0 0 2548401 81 0 690897 31210590 0 0 0 8964015 0 0 0 0 0 0 0 0 0 0 0 0 0 0 0 0 0 0 0 0 0 0 0 0 0 0 0 0 0 0 0 0 0 0 0 0 0 0 0 0 2024151922 0 0 0 0 0 0 0 0 721181 0 399907 0 0 0 0 0 0 0 0 0 0 0 653830057 1 0 0 0 0 0 0 0 0 0 0 0 0 0 0 0 0 0 0 0 0 0 0 392142 4219 0 0 0 0 16428991 0 0 0 0 0 0 0 0 0 0 0 0 0 0 0 0 0 0 0 0 0 0 0 0 0 0 0 0 0 0 0 0 0 0 0 0 0 0 0 0 0 0 0 0 0 0 0 0 0 0 0 0 0 0 0 0 0 0 0 0 0 0 0 0 0 0 0 0 0 0 0 0 0 0 0 174032451 0 0 0
ctxt 371952662
btime 1669654930
processes 522704
procs_running 1
procs_blocked 0
softirq 818440184 572905292 29319047 730123 58482348 399839 0 98656390 37545583 557 20401005

cpu  809820 35469 1360608 502538250 107990 0 2448483 0 0 0
cpu0 109466 9541 189493 125893570 29413 0 574609 0 0 0
cpu1 446066 10657 756126 124754768 22118 0 707392 0 0 0
cpu2 129956 2862 217818 125949246 29143 0 597726 0 0 0
cpu3 124331 12408 197170 125940664 27314 0 568754 0 0 0
intr 11503313653 0 0 2548401 81 0 690897 31210608 0 0 0 8964019 0 0 0 0 0 0 0 0 0 0 0 0 0 0 0 0 0 0 0 0 0 0 0 0 0 0 0 0 0 0 0 0 0 0 0 0 0 0 0 0 2024155926 0 0 0 0 0 0 0 0 721182 0 399907 0 0 0 0 0 0 0 0 0 0 0 653830187 1 0 0 0 0 0 0 0 0 0 0 0 0 0 0 0 0 0 0 0 0 0 0 392142 4219 0 0 0 0 16429006 0 0 0 0 0 0 0 0 0 0 0 0 0 0 0 0 0 0 0 0 0 0 0 0 0 0 0 0 0 0 0 0 0 0 0 0 0 0 0 0 0 0 0 0 0 0 0 0 0 0 0 0 0 0 0 0 0 0 0 0 0 0 0 0 0 0 0 0 0 0 0 0 0 0 0 174032486 0 0 0
ctxt 371952744
btime 1669654930
processes 522704
procs_running 1
procs_blocked 0
softirq 818440236 572905292 29319059 730123 58482349 399839 0 98656403 37545598 557 20401016

cpu  809821 35469 1360608 502538446 107990 0 2448483 0 0 0
cpu0 109466 9541 189493 125893619 29413 0 574609 0 0 0
cpu1 446066 10657 756126 124754817 22118 0 707392 0 0 0
cpu2 129957 2862 217818 125949295 29143 0 597726 0 0 0
cpu3 124331 12408 197170 125940714 27314 0 568754 0 0 0
intr 11503317899 0 0 2548401 81 0 690897 31210631 0 0 0 8964022 0 0 0 0 0 0 0 0 0 0 0 0 0 0 0 0 0 0 0 0 0 0 0 0 0 0 0 0 0 0 0 0 0 0 0 0 0 0 0 0 2024159947 0 0 0 0 0 0 0 0 721183 0 399907 0 0 0 0 0 0 0 0 0 0 0 653830339 1 0 0 0 0 0 0 0 0 0 0 0 0 0 0 0 0 0 0 0 0 0 0 392142 4219 0 0 0 0 16429021 0 0 0 0 0 0 0 0 0 0 0 0 0 0 0 0 0 0 0 0 0 0 0 0 0 0 0 0 0 0 0 0 0 0 0 0 0 0 0 0 0 0 0 0 0 0 0 0 0 0 0 0 0 0 0 0 0 0 0 0 0 0 0 0 0 0 0 0 0 0 0 0 0 0 0 174032517 0 0 0
ctxt 371952837
btime 1669654930
processes 522704
procs_running 1
procs_blocked 0
softirq 818440303 572905300 29319073 730123 58482350 399839 0 98656419 37545614 557 20401028

cpu  809821 35469 1360608 502538644 107990 0 2448483 0 0 0
cpu0 109466 9541 189493 125893668 29413 0 574609 0 0 0
cpu1 446066 10657 756126 124754867 22118 0 707392 0 0 0
cpu2 129957 2862 217818 125949344 29143 0 597726 0 0 0
cpu3 124331 12408 197170 125940763 27314 0 568754 0 0 0
intr 11503322098 0 0 2548402 81 0 690897 31210649 0 0 0 8964025 0 0 0 0 0 0 0 0 0 0 0 0 0 0 0 0 0 0 0 0 0 0 0 0 0 0 0 0 0 0 0 0 0 0 0 0 0 0 0 0 2024163951 0 0 0 0 0 0 0 0 721184 0 399907 0 0 0 0 0 0 0 0 0 0 0 653830469 1 0 0 0 0 0 0 0 0 0 0 0 0 0 0 0 0 0 0 0 0 0 0 392142 4219 0 0 0 0 16429036 0 0 0 0 0 0 0 0 0 0 0 0 0 0 0 0 0 0 0 0 0 0 0 0 0 0 0 0 0 0 0 0 0 0 0 0 0 0 0 0 0 0 0 0 0 0 0 0 0 0 0 0 0 0 0 0 0 0 0 0 0 0 0 0 0 0 0 0 0 0 0 0 0 0 0 174032544 0 0 0
ctxt 371952915
btime 1669654930
processes 522704
procs_running 1
procs_blocked 0
softirq 818440353 572905300 29319084 730123 58482351 399839 0 98656432 37545628 557 20401039

cpu  809822 35469 1360608 502538841 107990 0 2448483 0 0 0
cpu0 109466 9541 189493 125893717 29413 0 574609 0 0 0
cpu1 446066 10657 756126 124754916 22118 0 707392 0 0 0
cpu2 129958 2862 217818 125949393 29143 0 597726 0 0 0
cpu3 124331 12408 197170 125940813 27314 0 568754 0 0 0
intr 11503326351 0 0 2548406 81 0 690897 31210678 0 0 0 8964028 0 0 0 0 0 0 0 0 0 0 0 0 0 0 0 0 0 0 0 0 0 0 0 0 0 0 0 0 0 0 0 0 0 0 0 0 0 0 0 0 2024167970 0 0 0 0 0 0 0 0 721185 0 399907 0 0 0 0 0 0 0 0 0 0 0 653830621 1 0 0 0 0 0 0 0 0 0 0 0 0 0 0 0 0 0 0 0 0 0 0 392142 4219 0 0 0 0 16429051 0 0 0 0 0 0 0 0 0 0 0 0 0 0 0 0 0 0 0 0 0 0 0 0 0 0 0 0 0 0 0 0 0 0 0 0 0 0 0 0 0 0 0 0 0 0 0 0 0 0 0 0 0 0 0 0 0 0 0 0 0 0 0 0 0 0 0 0 0 0 0 0 0 0 0 174032574 0 0 0
ctxt 371953017
btime 1669654930
processes 522704
procs_running 1
procs_blocked 0
softirq 818440420 572905308 29319099 730123 58482352 399839 0 98656446 37545645 557 20401051

cpu  809822 35469 1360608 502539038 107990 0 2448483 0 0 0
cpu0 109466 9541 189493 125893766 29413 0 574609 0 0 0
cpu1 446066 10657 756126 124754966 22118 0 707392 0 0 0
cpu2 129958 2862 217818 125949442 29143 0 597726 0 0 0
cpu3 124331 12408 197170 125940862 27314 0 568754 0 0 0
intr 11503330555 0 0 2548406 81 0 690897 31210697 0 0 0 8964031 0 0 0 0 0 0 0 0 0 0 0 0 0 0 0 0 0 0 0 0 0 0 0 0 0 0 0 0 0 0 0 0 0 0 0 0 0 0 0 0 2024171974 0 0 0 0 0 0 0 0 721186 0 399907 0 0 0 0 0 0 0 0 0 0 0 653830751 1 0 0 0 0 0 0 0 0 0 0 0 0 0 0 0 0 0 0 0 0 0 0 392142 4219 0 0 0 0 16429066 0 0 0 0 0 0 0 0 0 0 0 0 0 0 0 0 0 0 0 0 0 0 0 0 0 0 0 0 0 0 0 0 0 0 0 0 0 0 0 0 0 0 0 0 0 0 0 0 0 0 0 0 0 0 0 0 0 0 0 0 0 0 0 0 0 0 0 0 0 0 0 0 0 0 0 174032605 0 0 0
ctxt 371953096
btime 1669654930
processes 522704
procs_running 1
procs_blocked 0
softirq 818440474 572905308 29319112 730123 58482353 399839 0 98656459 37545660 557 20401063

cpu  809822 35469 1360608 502539234 107990 0 2448483 0 0 0
cpu0 109466 9541 189493 125893815 29413 0 574609 0 0 0
cpu1 446066 10657 756126 124755015 22118 0 707392 0 0 0
cpu2 129958 2862 217818 125949491 29143 0 597726 0 0 0
cpu3 124331 12408 197170 125940912 27314 0 568754 0 0 0
intr 11503334798 0 0 2548406 81 0 690897 31210723 0 0 0 8964033 0 0 0 0 0 0 0 0 0 0 0 0 0 0 0 0 0 0 0 0 0 0 0 0 0 0 0 0 0 0 0 0 0 0 0 0 0 0 0 0 2024175993 0 0 0 0 0 0 0 0 721187 0 399907 0 0 0 0 0 0 0 0 0 0 0 653830903 1 0 0 0 0 0 0 0 0 0 0 0 0 0 0 0 0 0 0 0 0 0 0 392142 4219 0 0 0 0 16429081 0 0 0 0 0 0 0 0 0 0 0 0 0 0 0 0 0 0 0 0 0 0 0 0 0 0 0 0 0 0 0 0 0 0 0 0 0 0 0 0 0 0 0 0 0 0 0 0 0 0 0 0 0 0 0 0 0 0 0 0 0 0 0 0 0 0 0 0 0 0 0 0 0 0 0 174032634 0 0 0
ctxt 371953190
btime 1669654930
processes 522704
procs_running 1
procs_blocked 0
softirq 818440541 572905316 29319126 730123 58482354 399839 0 98656473 37545678 557 20401075

cpu  809823 35469 1360608 502539432 107990 0 2448483 0 0 0
cpu0 109466 9541 189493 125893865 29413 0 574609 0 0 0
cpu1 446066 10657 756126 124755065 22118 0 707392 0 0 0
cpu2 129959 2862 217818 125949540 29143 0 597726 0 0 0
cpu3 124331 12408 197170 125940961 27314 0 568754 0 0 0
intr 11503339004 0 0 2548407 81 0 690897 31210744 0 0 0 8964036 0 0 0 0 0 0 0 0 0 0 0 0 0 0 0 0 0 0 0 0 0 0 0 0 0 0 0 0 0 0 0 0 0 0 0 0 0 0 0 0 2024179997 0 0 0 0 0 0 0 0 721188 0 399907 0 0 0 0 0 0 0 0 0 0 0 653831033 1 0 0 0 0 0 0 0 0 0 0 0 0 0 0 0 0 0 0 0 0 0 0 392142 4219 0 0 0 0 16429096 0 0 0 0 0 0 0 0 0 0 0 0 0 0 0 0 0 0 0 0 0 0 0 0 0 0 0 0 0 0 0 0 0 0 0 0 0 0 0 0 0 0 0 0 0 0 0 0 0 0 0 0 0 0 0 0 0 0 0 0 0 0 0 0 0 0 0 0 0 0 0 0 0 0 0 174032665 0 0 0
ctxt 371953274
btime 1669654930
processes 522704
procs_running 1
procs_blocked 0
softirq 818440596 572905316 29319139 730123 58482355 399839 0 98656486 37545694 557 20401087

cpu  809823 35469 1360608 502539628 107990 0 2448483 0 0 0
cpu0 109466 9541 189493 125893914 29413 0 574609 0 0 0
cpu1 446066 10657 756126 124755114 22118 0 707392 0 0 0
cpu2 129959 2862 217818 125949589 29143 0 597726 0 0 0
cpu3 124331 12408 197170 125941010 27314 0 568754 0 0 0
intr 11503343246 0 0 2548407 81 0 690897 31210768 0 0 0 8964039 0 0 0 0 0 0 0 0 0 0 0 0 0 0 0 0 0 0 0 0 0 0 0 0 0 0 0 0 0 0 0 0 0 0 0 0 0 0 0 0 2024184016 0 0 0 0 0 0 0 0 721189 0 399907 0 0 0 0 0 0 0 0 0 0 0 653831185 1 0 0 0 0 0 0 0 0 0 0 0 0 0 0 0 0 0 0 0 0 0 0 392142 4219 0 0 0 0 16429111 0 0 0 0 0 0 0 0 0 0 0 0 0 0 0 0 0 0 0 0 0 0 0 0 0 0 0 0 0 0 0 0 0 0 0 0 0 0 0 0 0 0 0 0 0 0 0 0 0 0 0 0 0 0 0 0 0 0 0 0 0 0 0 0 0 0 0 0 0 0 0 0 0 0 0 174032692 0 0 0
ctxt 371953365
btime 1669654930
processes 522704
procs_running 1
procs_blocked 0
softirq 818440663 572905324 29319153 730124 58482356 399839 0 98656501 37545710 557 20401099

cpu  809824 35469 1360608 502539826 107990 0 2448483 0 0 0
cpu0 109466 9541 189493 125893963 29413 0 574609 0 0 0
cpu1 446066 10657 756126 124755163 22118 0 707392 0 0 0
cpu2 129960 2862 217818 125949638 29143 0 597726 0 0 0
cpu3 124331 12408 197170 125941060 27314 0 568754 0 0 0
intr 11503347443 0 0 2548407 81 0 690897 31210787 0 0 0 8964042 0 0 0 0 0 0 0 0 0 0 0 0 0 0 0 0 0 0 0 0 0 0 0 0 0 0 0 0 0 0 0 0 0 0 0 0 0 0 0 0 2024188020 0 0 0 0 0 0 0 0 721190 0 399907 0 0 0 0 0 0 0 0 0 0 0 653831313 1 0 0 0 0 0 0 0 0 0 0 0 0 0 0 0 0 0 0 0 0 0 0 392142 4219 0 0 0 0 16429126 0 0 0 0 0 0 0 0 0 0 0 0 0 0 0 0 0 0 0 0 0 0 0 0 0 0 0 0 0 0 0 0 0 0 0 0 0 0 0 0 0 0 0 0 0 0 0 0 0 0 0 0 0 0 0 0 0 0 0 0 0 0 0 0 0 0 0 0 0 0 0 0 0 0 0 174032720 0 0 0
ctxt 371953434
btime 1669654930
processes 522704
procs_running 1
procs_blocked 0
softirq 818440719 572905324 29319166 730124 58482357 399839 0 98656514 37545727 557 20401111

cpu  809824 35469 1360608 502540022 107990 0 2448483 0 0 0
cpu0 109466 9541 189493 125894012 29413 0 574609 0 0 0
cpu1 446066 10657 756126 124755213 22118 0 707392 0 0 0
cpu2 129960 2862 217818 125949687 29143 0 597726 0 0 0
cpu3 124331 12408 197170 125941109 27314 0 568754 0 0 0
intr 11503351701 0 0 2548407 81 0 690897 31210820 0 0 0 8964045 0 0 0 0 0 0 0 0 0 0 0 0 0 0 0 0 0 0 0 0 0 0 0 0 0 0 0 0 0 0 0 0 0 0 0 0 0 0 0 0 2024192035 0 0 0 0 0 0 0 0 721191 0 399907 0 0 0 0 0 0 0 0 0 0 0 653831465 1 0 0 0 0 0 0 0 0 0 0 0 0 0 0 0 0 0 0 0 0 0 0 392142 4219 0 0 0 0 16429151 0 0 0 0 0 0 0 0 0 0 0 0 0 0 0 0 0 0 0 0 0 0 0 0 0 0 0 0 0 0 0 0 0 0 0 0 0 0 0 0 0 0 0 0 0 0 0 0 0 0 0 0 0 0 0 0 0 0 0 0 0 0 0 0 0 0 0 0 0 0 0 0 0 0 0 174032749 0 0 0
ctxt 371953548
btime 1669654930
processes 522704
procs_running 1
procs_blocked 0
softirq 818440790 572905332 29319179 730124 58482359 399839 0 98656535 37545742 557 20401123

cpu  809824 35469 1360609 502540220 107990 0 2448483 0 0 0
cpu0 109466 9541 189493 125894061 29413 0 574609 0 0 0
cpu1 446066 10657 756126 124755262 22118 0 707392 0 0 0
cpu2 129960 2862 217819 125949736 29143 0 597726 0 0 0
cpu3 124331 12408 197170 125941159 27314 0 568754 0 0 0
intr 11503355915 0 0 2548408 81 0 690897 31210842 0 0 0 8964050 0 0 0 0 0 0 0 0 0 0 0 0 0 0 0 0 0 0 0 0 0 0 0 0 0 0 0 0 0 0 0 0 0 0 0 0 0 0 0 0 2024196039 0 0 0 0 0 0 0 0 721192 0 399907 0 0 0 0 0 0 0 0 0 0 0 653831595 1 0 0 0 0 0 0 0 0 0 0 0 0 0 0 0 0 0 0 0 0 0 0 392142 4219 0 0 0 0 16429166 0 0 0 0 0 0 0 0 0 0 0 0 0 0 0 0 0 0 0 0 0 0 0 0 0 0 0 0 0 0 0 0 0 0 0 0 0 0 0 0 0 0 0 0 0 0 0 0 0 0 0 0 0 0 0 0 0 0 0 0 0 0 0 0 0 0 0 0 0 0 0 0 0 0 0 174032785 0 0 0
ctxt 371953641
btime 1669654930
processes 522704
procs_running 1
procs_blocked 0
softirq 818440847 572905332 29319192 730124 58482360 399839 0 98656548 37545760 557 20401135

cpu  809824 35469 1360609 502540416 107990 0 2448483 0 0 0
cpu0 109466 9541 189493 125894110 29413 0 574609 0 0 0
cpu1 446066 10657 756126 124755312 22118 0 707392 0 0 0
cpu2 129960 2862 217819 125949785 29143 0 597726 0 0 0
cpu3 124331 12408 197170 125941208 27314 0 568754 0 0 0
intr 11503360160 0 0 2548408 81 0 690897 31210870 0 0 0 8964053 0 0 0 0 0 0 0 0 0 0 0 0 0 0 0 0 0 0 0 0 0 0 0 0 0 0 0 0 0 0 0 0 0 0 0 0 0 0 0 0 2024200058 0 0 0 0 0 0 0 0 721193 0 399907 0 0 0 0 0 0 0 0 0 0 0 653831747 1 0 0 0 0 0 0 0 0 0 0 0 0 0 0 0 0 0 0 0 0 0 0 392142 4219 0 0 0 0 16429181 0 0 0 0 0 0 0 0 0 0 0 0 0 0 0 0 0 0 0 0 0 0 0 0 0 0 0 0 0 0 0 0 0 0 0 0 0 0 0 0 0 0 0 0 0 0 0 0 0 0 0 0 0 0 0 0 0 0 0 0 0 0 0 0 0 0 0 0 0 0 0 0 0 0 0 174032812 0 0 0
ctxt 371953741
btime 1669654930
processes 522704
procs_running 1
procs_blocked 0
softirq 818440913 572905340 29319207 730124 58482361 399839 0 98656562 37545776 557 20401147

cpu  809824 35469 1360610 502540613 107990 0 2448483 0 0 0
cpu0 109466 9541 189494 125894159 29413 0 574609 0 0 0
cpu1 446066 10657 756126 124755361 22118 0 707392 0 0 0
cpu2 129960 2862 217819 125949834 29143 0 597726 0 0 0
cpu3 124331 12408 197170 125941258 27314 0 568754 0 0 0
intr 11503364367 0 0 2548408 81 0 690897 31210890 0 0 0 8964056 0 0 0 0 0 0 0 0 0 0 0 0 0 0 0 0 0 0 0 0 0 0 0 0 0 0 0 0 0 0 0 0 0 0 0 0 0 0 0 0 2024204061 0 0 0 0 0 0 0 0 721194 0 399907 0 0 0 0 0 0 0 0 0 0 0 653831877 1 0 0 0 0 0 0 0 0 0 0 0 0 0 0 0 0 0 0 0 0 0 0 392142 4219 0 0 0 0 16429196 0 0 0 0 0 0 0 0 0 0 0 0 0 0 0 0 0 0 0 0 0 0 0 0 0 0 0 0 0 0 0 0 0 0 0 0 0 0 0 0 0 0 0 0 0 0 0 0 0 0 0 0 0 0 0 0 0 0 0 0 0 0 0 0 0 0 0 0 0 0 0 0 0 0 0 174032847 0 0 0
ctxt 371953824
btime 1669654930
processes 522704
procs_running 1
procs_blocked 0
softirq 818440967 572905340 29319220 730124 58482362 399839 0 98656575 37545791 557 20401159

cpu  809825 35469 1360610 502540811 107990 0 2448483 0 0 0
cpu0 109466 9541 189494 125894209 29413 0 574609 0 0 0
cpu1 446066 10657 756126 124755410 22118 0 707392 0 0 0
cpu2 129961 2862 217819 125949883 29143 0 597726 0 0 0
cpu3 124331 12408 197170 125941307 27314 0 568754 0 0 0
intr 11503368564 0 0 2548408 81 0 690897 31210909 0 0 0 8964059 0 0 0 0 0 0 0 0 0 0 0 0 0 0 0 0 0 0 0 0 0 0 0 0 0 0 0 0 0 0 0 0 0 0 0 0 0 0 0 0 2024208065 0 0 0 0 0 0 0 0 721195 0 399907 0 0 0 0 0 0 0 0 0 0 0 653832005 1 0 0 0 0 0 0 0 0 0 0 0 0 0 0 0 0 0 0 0 0 0 0 392142 4219 0 0 0 0 16429211 0 0 0 0 0 0 0 0 0 0 0 0 0 0 0 0 0 0 0 0 0 0 0 0 0 0 0 0 0 0 0 0 0 0 0 0 0 0 0 0 0 0 0 0 0 0 0 0 0 0 0 0 0 0 0 0 0 0 0 0 0 0 0 0 0 0 0 0 0 0 0 0 0 0 0 174032874 0 0 0
ctxt 371953901
btime 1669654930
processes 522704
procs_running 1
procs_blocked 0
softirq 818441020 572905340 29319232 730124 58482363 399839 0 98656588 37545806 557 20401171

cpu  809825 35469 1360610 502541008 107990 0 2448483 0 0 0
cpu0 109466 9541 189494 125894258 29413 0 574609 0 0 0
cpu1 446066 10657 756126 124755460 22118 0 707392 0 0 0
cpu2 129961 2862 217819 125949932 29143 0 597726 0 0 0
cpu3 124331 12408 197170 125941356 27314 0 568754 0 0 0
intr 11503372813 0 0 2548409 81 0 690897 31210936 0 0 0 8964062 0 0 0 0 0 0 0 0 0 0 0 0 0 0 0 0 0 0 0 0 0 0 0 0 0 0 0 0 0 0 0 0 0 0 0 0 0 0 0 0 2024212085 0 0 0 0 0 0 0 0 721196 0 399907 0 0 0 0 0 0 0 0 0 0 0 653832159 1 0 0 0 0 0 0 0 0 0 0 0 0 0 0 0 0 0 0 0 0 0 0 392142 4219 0 0 0 0 16429226 0 0 0 0 0 0 0 0 0 0 0 0 0 0 0 0 0 0 0 0 0 0 0 0 0 0 0 0 0 0 0 0 0 0 0 0 0 0 0 0 0 0 0 0 0 0 0 0 0 0 0 0 0 0 0 0 0 0 0 0 0 0 0 0 0 0 0 0 0 0 0 0 0 0 0 174032901 0 0 0
ctxt 371953995
btime 1669654930
processes 522704
procs_running 1
procs_blocked 0
softirq 818441084 572905348 29319246 730124 58482364 399839 0 98656602 37545821 557 20401183

cpu  809826 35469 1360610 502541205 107990 0 2448483 0 0 0
cpu0 109466 9541 189494 125894307 29413 0 574610 0 0 0
cpu1 446066 10657 756126 124755509 22118 0 707392 0 0 0
cpu2 129962 2862 217819 125949981 29143 0 597726 0 0 0
cpu3 124331 12408 197170 125941406 27314 0 568754 0 0 0
intr 11503377004 0 0 2548409 81 0 690897 31210956 0 0 0 8964065 0 0 0 0 0 0 0 0 0 0 0 0 0 0 0 0 0 0 0 0 0 0 0 0 0 0 0 0 0 0 0 0 0 0 0 0 0 0 0 0 2024216081 0 0 0 0 0 0 0 0 721197 0 399907 0 0 0 0 0 0 0 0 0 0 0 653832287 1 0 0 0 0 0 0 0 0 0 0 0 0 0 0 0 0 0 0 0 0 0 0 392142 4219 0 0 0 0 16429241 0 0 0 0 0 0 0 0 0 0 0 0 0 0 0 0 0 0 0 0 0 0 0 0 0 0 0 0 0 0 0 0 0 0 0 0 0 0 0 0 0 0 0 0 0 0 0 0 0 0 0 0 0 0 0 0 0 0 0 0 0 0 0 0 0 0 0 0 0 0 0 0 0 0 0 174032929 0 0 0
ctxt 371954071
btime 1669654930
processes 522704
procs_running 1
procs_blocked 0
softirq 818441139 572905348 29319259 730124 58482365 399839 0 98656615 37545837 557 20401195

cpu  809826 35469 1360610 502541401 107990 0 2448484 0 0 0
cpu0 109466 9541 189494 125894356 29413 0 574610 0 0 0
cpu1 446066 10657 756126 124755559 22118 0 707392 0 0 0
cpu2 129962 2862 217820 125950030 29143 0 597726 0 0 0
cpu3 124331 12408 197170 125941455 27314 0 568754 0 0 0
intr 11503381300 0 0 2548409 81 0 690897 31210996 0 0 0 8964069 0 0 0 0 0 0 0 0 0 0 0 0 0 0 0 0 0 0 0 0 0 0 0 0 0 0 0 0 0 0 0 0 0 0 0 0 0 0 0 0 2024220109 0 0 0 0 0 0 0 0 721198 0 399907 0 0 0 0 0 0 0 0 0 0 0 653832441 1 0 0 0 0 0 0 0 0 0 0 0 0 0 0 0 0 0 0 0 0 0 0 392142 4219 0 0 0 0 16429271 0 0 0 0 0 0 0 0 0 0 0 0 0 0 0 0 0 0 0 0 0 0 0 0 0 0 0 0 0 0 0 0 0 0 0 0 0 0 0 0 0 0 0 0 0 0 0 0 0 0 0 0 0 0 0 0 0 0 0 0 0 0 0 0 0 0 0 0 0 0 0 0 0 0 0 174032969 0 0 0
ctxt 371954211
btime 1669654930
processes 522704
procs_running 1
procs_blocked 0
softirq 818441230 572905356 29319276 730124 58482367 399839 0 98656641 37545858 557 20401212

cpu  809826 35469 1360610 502541598 107990 0 2448484 0 0 0
cpu0 109466 9541 189494 125894405 29413 0 574610 0 0 0
cpu1 446066 10657 756126 124755608 22118 0 707392 0 0 0
cpu2 129962 2862 217820 125950079 29143 0 597726 0 0 0
cpu3 124331 12408 197170 125941505 27314 0 568754 0 0 0
intr 11503385489 0 0 2548409 81 0 690897 31211017 0 0 0 8964072 0 0 0 0 0 0 0 0 0 0 0 0 0 0 0 0 0 0 0 0 0 0 0 0 0 0 0 0 0 0 0 0 0 0 0 0 0 0 0 0 2024224105 0 0 0 0 0 0 0 0 721199 0 399907 0 0 0 0 0 0 0 0 0 0 0 653832569 1 0 0 0 0 0 0 0 0 0 0 0 0 0 0 0 0 0 0 0 0 0 0 392142 4219 0 0 0 0 16429286 0 0 0 0 0 0 0 0 0 0 0 0 0 0 0 0 0 0 0 0 0 0 0 0 0 0 0 0 0 0 0 0 0 0 0 0 0 0 0 0 0 0 0 0 0 0 0 0 0 0 0 0 0 0 0 0 0 0 0 0 0 0 0 0 0 0 0 0 0 0 0 0 0 0 0 174032994 0 0 0
ctxt 371954285
btime 1669654930
processes 522704
procs_running 1
procs_blocked 0
softirq 818441284 572905356 29319289 730124 58482368 399839 0 98656654 37545873 557 20401224

cpu  809826 35469 1360611 502541795 107990 0 2448484 0 0 0
cpu0 109466 9541 189494 125894454 29413 0 574610 0 0 0
cpu1 446066 10657 756126 124755658 22118 0 707392 0 0 0
cpu2 129962 2862 217820 125950128 29143 0 597726 0 0 0
cpu3 124331 12408 197170 125941554 27314 0 568754 0 0 0
intr 11503389753 0 0 2548410 81 0 690897 31211044 0 0 0 8964076 0 0 0 0 0 0 0 0 0 0 0 0 0 0 0 0 0 0 0 0 0 0 0 0 0 0 0 0 0 0 0 0 0 0 0 0 0 0 0 0 2024228134 0 0 0 0 0 0 0 0 721200 0 399907 0 0 0 0 0 0 0 0 0 0 0 653832723 1 0 0 0 0 0 0 0 0 0 0 0 0 0 0 0 0 0 0 0 0 0 0 392142 4219 0 0 0 0 16429301 0 0 0 0 0 0 0 0 0 0 0 0 0 0 0 0 0 0 0 0 0 0 0 0 0 0 0 0 0 0 0 0 0 0 0 0 0 0 0 0 0 0 0 0 0 0 0 0 0 0 0 0 0 0 0 0 0 0 0 0 0 0 0 0 0 0 0 0 0 0 0 0 0 0 0 174033027 0 0 0
ctxt 371954392
btime 1669654930
processes 522704
procs_running 1
procs_blocked 0
softirq 818441351 572905364 29319302 730124 58482369 399839 0 98656671 37545889 557 20401236

cpu  809826 35469 1360611 502541992 107990 0 2448484 0 0 0
cpu0 109466 9541 189494 125894503 29413 0 574610 0 0 0
cpu1 446066 10657 756126 124755707 22118 0 707392 0 0 0
cpu2 129962 2862 217820 125950177 29143 0 597726 0 0 0
cpu3 124331 12408 197170 125941604 27314 0 568754 0 0 0
intr 11503393944 0 0 2548410 81 0 690897 31211063 0 0 0 8964080 0 0 0 0 0 0 0 0 0 0 0 0 0 0 0 0 0 0 0 0 0 0 0 0 0 0 0 0 0 0 0 0 0 0 0 0 0 0 0 0 2024232130 0 0 0 0 0 0 0 0 721201 0 399907 0 0 0 0 0 0 0 0 0 0 0 653832851 1 0 0 0 0 0 0 0 0 0 0 0 0 0 0 0 0 0 0 0 0 0 0 392142 4219 0 0 0 0 16429316 0 0 0 0 0 0 0 0 0 0 0 0 0 0 0 0 0 0 0 0 0 0 0 0 0 0 0 0 0 0 0 0 0 0 0 0 0 0 0 0 0 0 0 0 0 0 0 0 0 0 0 0 0 0 0 0 0 0 0 0 0 0 0 0 0 0 0 0 0 0 0 0 0 0 0 174033055 0 0 0
ctxt 371954474
btime 1669654930
processes 522704
procs_running 1
procs_blocked 0
softirq 818441409 572905364 29319316 730125 58482370 399839 0 98656684 37545906 557 20401248

cpu  809826 35469 1360612 502542189 107990 0 2448484 0 0 0
cpu0 109466 9541 189494 125894552 29413 0 574610 0 0 0
cpu1 446066 10657 756126 124755756 22118 0 707392 0 0 0
cpu2 129962 2862 217820 125950226 29143 0 597726 0 0 0
cpu3 124331 12408 197170 125941653 27314 0 568754 0 0 0
intr 11503398210 0 0 2548410 81 0 690897 31211092 0 0 0 8964084 0 0 0 0 0 0 0 0 0 0 0 0 0 0 0 0 0 0 0 0 0 0 0 0 0 0 0 0 0 0 0 0 0 0 0 0 0 0 0 0 2024236159 0 0 0 0 0 0 0 0 721202 0 399907 0 0 0 0 0 0 0 0 0 0 0 653833005 1 0 0 0 0 0 0 0 0 0 0 0 0 0 0 0 0 0 0 0 0 0 0 392142 4219 0 0 0 0 16429331 0 0 0 0 0 0 0 0 0 0 0 0 0 0 0 0 0 0 0 0 0 0 0 0 0 0 0 0 0 0 0 0 0 0 0 0 0 0 0 0 0 0 0 0 0 0 0 0 0 0 0 0 0 0 0 0 0 0 0 0 0 0 0 0 0 0 0 0 0 0 0 0 0 0 0 174033089 0 0 0
ctxt 371954590
btime 1669654930
processes 522704
procs_running 1
procs_blocked 0
softirq 818441475 572905372 29319330 730125 58482371 399839 0 98656699 37545922 557 20401260

cpu  809827 35469 1360612 502542386 107990 0 2448484 0 0 0
cpu0 109466 9541 189494 125894602 29413 0 574610 0 0 0
cpu1 446066 10657 756126 124755806 22118 0 707392 0 0 0
cpu2 129963 2862 217820 125950275 29143 0 597726 0 0 0
cpu3 124331 12408 197170 125941703 27314 0 568754 0 0 0
intr 11503402402 0 0 2548410 81 0 690897 31211111 0 0 0 8964088 0 0 0 0 0 0 0 0 0 0 0 0 0 0 0 0 0 0 0 0 0 0 0 0 0 0 0 0 0 0 0 0 0 0 0 0 0 0 0 0 2024240155 0 0 0 0 0 0 0 0 721203 0 399907 0 0 0 0 0 0 0 0 0 0 0 653833133 1 0 0 0 0 0 0 0 0 0 0 0 0 0 0 0 0 0 0 0 0 0 0 392142 4219 0 0 0 0 16429346 0 0 0 0 0 0 0 0 0 0 0 0 0 0 0 0 0 0 0 0 0 0 0 0 0 0 0 0 0 0 0 0 0 0 0 0 0 0 0 0 0 0 0 0 0 0 0 0 0 0 0 0 0 0 0 0 0 0 0 0 0 0 0 0 0 0 0 0 0 0 0 0 0 0 0 174033118 0 0 0
ctxt 371954671
btime 1669654930
processes 522704
procs_running 1
procs_blocked 0
softirq 818441531 572905372 29319343 730125 58482372 399839 0 98656712 37545939 557 20401272

cpu  809827 35469 1360613 502542583 107990 0 2448484 0 0 0
cpu0 109466 9541 189494 125894651 29413 0 574610 0 0 0
cpu1 446066 10657 756126 124755855 22118 0 707392 0 0 0
cpu2 129963 2862 217821 125950324 29143 0 597726 0 0 0
cpu3 124331 12408 197170 125941752 27314 0 568754 0 0 0
intr 11503406663 0 0 2548410 81 0 690897 31211138 0 0 0 8964092 0 0 0 0 0 0 0 0 0 0 0 0 0 0 0 0 0 0 0 0 0 0 0 0 0 0 0 0 0 0 0 0 0 0 0 0 0 0 0 0 2024244183 0 0 0 0 0 0 0 0 721204 0 399907 0 0 0 0 0 0 0 0 0 0 0 653833287 1 0 0 0 0 0 0 0 0 0 0 0 0 0 0 0 0 0 0 0 0 0 0 392142 4219 0 0 0 0 16429361 0 0 0 0 0 0 0 0 0 0 0 0 0 0 0 0 0 0 0 0 0 0 0 0 0 0 0 0 0 0 0 0 0 0 0 0 0 0 0 0 0 0 0 0 0 0 0 0 0 0 0 0 0 0 0 0 0 0 0 0 0 0 0 0 0 0 0 0 0 0 0 0 0 0 0 174033150 0 0 0
ctxt 371954772
btime 1669654930
processes 522704
procs_running 1
procs_blocked 0
softirq 818441595 572905380 29319355 730125 58482373 399839 0 98656727 37545955 557 20401284

cpu  809827 35469 1360613 502542780 107990 0 2448484 0 0 0
cpu0 109466 9541 189494 125894700 29413 0 574610 0 0 0
cpu1 446066 10657 756126 124755904 22118 0 707392 0 0 0
cpu2 129963 2862 217821 125950373 29143 0 597726 0 0 0
cpu3 124331 12408 197170 125941801 27314 0 568754 0 0 0
intr 11503410866 0 0 2548415 81 0 690897 31211160 0 0 0 8964096 0 0 0 0 0 0 0 0 0 0 0 0 0 0 0 0 0 0 0 0 0 0 0 0 0 0 0 0 0 0 0 0 0 0 0 0 0 0 0 0 2024248179 0 0 0 0 0 0 0 0 721205 0 399907 0 0 0 0 0 0 0 0 0 0 0 653833415 1 0 0 0 0 0 0 0 0 0 0 0 0 0 0 0 0 0 0 0 0 0 0 392142 4219 0 0 0 0 16429376 0 0 0 0 0 0 0 0 0 0 0 0 0 0 0 0 0 0 0 0 0 0 0 0 0 0 0 0 0 0 0 0 0 0 0 0 0 0 0 0 0 0 0 0 0 0 0 0 0 0 0 0 0 0 0 0 0 0 0 0 0 0 0 0 0 0 0 0 0 0 0 0 0 0 0 174033182 0 0 0
ctxt 371954855
btime 1669654930
processes 522704
procs_running 1
procs_blocked 0
softirq 818441654 572905380 29319370 730125 58482374 399839 0 98656740 37545973 557 20401296

cpu  809827 35469 1360614 502542977 107990 0 2448484 0 0 0
cpu0 109466 9541 189495 125894749 29413 0 574610 0 0 0
cpu1 446066 10657 756126 124755954 22118 0 707392 0 0 0
cpu2 129963 2862 217822 125950422 29143 0 597726 0 0 0
cpu3 124331 12408 197170 125941851 27314 0 568754 0 0 0
intr 11503415128 0 0 2548415 81 0 690897 31211188 0 0 0 8964100 0 0 0 0 0 0 0 0 0 0 0 0 0 0 0 0 0 0 0 0 0 0 0 0 0 0 0 0 0 0 0 0 0 0 0 0 0 0 0 0 2024252206 0 0 0 0 0 0 0 0 721206 0 399907 0 0 0 0 0 0 0 0 0 0 0 653833569 1 0 0 0 0 0 0 0 0 0 0 0 0 0 0 0 0 0 0 0 0 0 0 392142 4219 0 0 0 0 16429391 0 0 0 0 0 0 0 0 0 0 0 0 0 0 0 0 0 0 0 0 0 0 0 0 0 0 0 0 0 0 0 0 0 0 0 0 0 0 0 0 0 0 0 0 0 0 0 0 0 0 0 0 0 0 0 0 0 0 0 0 0 0 0 0 0 0 0 0 0 0 0 0 0 0 0 174033215 0 0 0
ctxt 371954960
btime 1669654930
processes 522704
procs_running 1
procs_blocked 0
softirq 818441717 572905388 29319383 730125 58482375 399839 0 98656754 37545988 557 20401308

cpu  809830 35469 1360618 502543167 107990 0 2448484 0 0 0
cpu0 109466 9541 189496 125894796 29413 0 574610 0 0 0
cpu1 446066 10657 756127 124756003 22118 0 707392 0 0 0
cpu2 129964 2862 217824 125950469 29143 0 597726 0 0 0
cpu3 124332 12408 197170 125941898 27314 0 568754 0 0 0
intr 11503419485 0 0 2548419 81 0 690910 31211255 0 0 0 8964104 0 0 0 0 0 0 0 0 0 0 0 0 0 0 0 0 0 0 0 0 0 0 0 0 0 0 0 0 0 0 0 0 0 0 0 0 0 0 0 0 2024256203 0 0 0 0 0 0 0 0 721207 0 399907 0 0 0 0 0 0 0 0 0 0 0 653833697 1 0 0 0 0 0 0 0 0 0 0 0 0 0 0 0 0 0 0 0 0 0 0 392142 4219 0 0 0 0 16429423 0 0 0 0 0 0 0 0 0 0 0 0 0 0 0 0 0 0 0 0 0 0 0 0 0 0 0 0 0 0 0 0 0 0 0 0 0 0 0 0 0 0 0 0 0 0 0 0 0 0 0 0 0 0 0 0 0 0 0 0 0 0 0 0 0 0 0 0 0 0 0 0 0 0 0 174033326 0 0 0
ctxt 371955190
btime 1669654930
processes 522715
procs_running 1
procs_blocked 0
softirq 818441900 572905388 29319412 730125 58482378 399839 0 98656780 37546047 557 20401374

cpu  809830 35469 1360618 502543364 107990 0 2448484 0 0 0
cpu0 109466 9541 189496 125894845 29413 0 574610 0 0 0
cpu1 446066 10657 756127 124756052 22118 0 707392 0 0 0
cpu2 129964 2862 217824 125950518 29143 0 597726 0 0 0
cpu3 124332 12408 197170 125941948 27314 0 568754 0 0 0
intr 11503423764 0 0 2548419 81 0 690910 31211288 0 0 0 8964108 0 0 0 0 0 0 0 0 0 0 0 0 0 0 0 0 0 0 0 0 0 0 0 0 0 0 0 0 0 0 0 0 0 0 0 0 0 0 0 0 2024260229 0 0 0 0 0 0 0 0 721208 0 399907 0 0 0 0 0 0 0 0 0 0 0 653833851 1 0 0 0 0 0 0 0 0 0 0 0 0 0 0 0 0 0 0 0 0 0 0 392142 4219 0 0 0 0 16429445 0 0 0 0 0 0 0 0 0 0 0 0 0 0 0 0 0 0 0 0 0 0 0 0 0 0 0 0 0 0 0 0 0 0 0 0 0 0 0 0 0 0 0 0 0 0 0 0 0 0 0 0 0 0 0 0 0 0 0 0 0 0 0 0 0 0 0 0 0 0 0 0 0 0 0 174033364 0 0 0
ctxt 371955311
btime 1669654930
processes 522715
procs_running 1
procs_blocked 0
softirq 818441981 572905396 29319429 730125 58482379 399839 0 98656800 37546068 557 20401388
