cpu  812499 36845 1362076 502857644 108279 0 2450448 0 0 0
cpu0 109960 9541 189817 125973981 29444 0 575087 0 0 0
cpu1 446200 10657 756396 124835582 22184 0 707900 0 0 0
cpu2 130388 2862 218153 126029666 29277 0 598208 0 0 0
cpu3 125949 13783 197709 126018413 27373 0 569253 0 0 0
intr 11510670141 0 0 2549395 81 0 692334 31260857 0 0 0 8969822 0 0 0 0 0 0 0 0 0 0 0 0 0 0 0 0 0 0 0 0 0 0 0 0 0 0 0 0 0 0 0 0 0 0 0 0 0 0 0 0 2030934980 0 0 0 0 0 0 0 0 723341 0 400912 0 0 0 0 0 0 0 0 0 0 0 654195404 1 0 0 0 0 0 0 0 0 0 0 0 0 0 0 0 0 0 0 0 0 0 0 393147 4219 0 0 0 0 16463848 0 0 0 0 0 0 0 0 0 0 0 0 0 0 0 0 0 0 0 0 0 0 0 0 0 0 0 0 0 0 0 0 0 0 0 0 0 0 0 0 0 0 0 0 0 0 0 0 0 0 0 0 0 0 0 0 0 0 0 0 0 0 0 0 0 0 0 0 0 0 0 0 0 0 0 174147209 0 0 0
ctxt 372175768
btime 1669654930
processes 523819
procs_running 1
procs_blocked 0
softirq 819021698 573185583 29351375 730278 58523560 400844 0 98765241 37603974 588 20460255

cpu  812499 36845 1362076 502857841 108279 0 2450449 0 0 0
cpu0 109960 9541 189817 125974030 29444 0 575087 0 0 0
cpu1 446200 10657 756396 124835631 22184 0 707900 0 0 0
cpu2 130389 2862 218153 126029716 29277 0 598208 0 0 0
cpu3 125949 13783 197709 126018462 27373 0 569253 0 0 0
intr 11510674441 0 0 2549395 81 0 692334 31260894 0 0 0 8969827 0 0 0 0 0 0 0 0 0 0 0 0 0 0 0 0 0 0 0 0 0 0 0 0 0 0 0 0 0 0 0 0 0 0 0 0 0 0 0 0 2030939015 0 0 0 0 0 0 0 0 723342 0 400912 0 0 0 0 0 0 0 0 0 0 0 654195558 1 0 0 0 0 0 0 0 0 0 0 0 0 0 0 0 0 0 0 0 0 0 0 393147 4219 0 0 0 0 16463877 0 0 0 0 0 0 0 0 0 0 0 0 0 0 0 0 0 0 0 0 0 0 0 0 0 0 0 0 0 0 0 0 0 0 0 0 0 0 0 0 0 0 0 0 0 0 0 0 0 0 0 0 0 0 0 0 0 0 0 0 0 0 0 0 0 0 0 0 0 0 0 0 0 0 0 174147248 0 0 0
ctxt 372175893
btime 1669654930
processes 523819
procs_running 1
procs_blocked 0
softirq 819021788 573185591 29351392 730278 58523562 400844 0 98765266 37603999 588 20460268

cpu  812499 36845 1362078 502858038 108279 0 2450449 0 0 0
cpu0 109960 9541 189817 125974080 29444 0 575087 0 0 0
cpu1 446200 10657 756396 124835680 22184 0 707900 0 0 0
cpu2 130389 2862 218154 126029765 29277 0 598208 0 0 0
cpu3 125949 13783 197709 126018512 27373 0 569253 0 0 0
intr 11510678644 0 0 2549395 81 0 692334 31260915 0 0 0 8969831 0 0 0 0 0 0 0 0 0 0 0 0 0 0 0 0 0 0 0 0 0 0 0 0 0 0 0 0 0 0 0 0 0 0 0 0 0 0 0 0 2030943013 0 0 0 0 0 0 0 0 723343 0 400912 0 0 0 0 0 0 0 0 0 0 0 654195686 1 0 0 0 0 0 0 0 0 0 0 0 0 0 0 0 0 0 0 0 0 0 0 393147 4219 0 0 0 0 16463892 0 0 0 0 0 0 0 0 0 0 0 0 0 0 0 0 0 0 0 0 0 0 0 0 0 0 0 0 0 0 0 0 0 0 0 0 0 0 0 0 0 0 0 0 0 0 0 0 0 0 0 0 0 0 0 0 0 0 0 0 0 0 0 0 0 0 0 0 0 0 0 0 0 0 0 174147285 0 0 0
ctxt 372175975
btime 1669654930
processes 523819
procs_running 1
procs_blocked 0
softirq 819021856 573185591 29351410 730279 58523563 400844 0 98765280 37604022 588 20460279

cpu  812500 36845 1362078 502858234 108279 0 2450449 0 0 0
cpu0 109960 9541 189817 125974129 29444 0 575087 0 0 0
cpu1 446200 10657 756397 124835729 22184 0 707900 0 0 0
cpu2 130389 2862 218154 126029814 29277 0 598208 0 0 0
cpu3 125949 13783 197709 126018561 27373 0 569253 0 0 0
intr 11510682935 0 0 2549399 81 0 692334 31260954 0 0 0 8969835 0 0 0 0 0 0 0 0 0 0 0 0 0 0 0 0 0 0 0 0 0 0 0 0 0 0 0 0 0 0 0 0 0 0 0 0 0 0 0 0 2030947033 0 0 0 0 0 0 0 0 723344 0 400912 0 0 0 0 0 0 0 0 0 0 0 654195838 1 0 0 0 0 0 0 0 0 0 0 0 0 0 0 0 0 0 0 0 0 0 0 393147 4219 0 0 0 0 16463921 0 0 0 0 0 0 0 0 0 0 0 0 0 0 0 0 0 0 0 0 0 0 0 0 0 0 0 0 0 0 0 0 0 0 0 0 0 0 0 0 0 0 0 0 0 0 0 0 0 0 0 0 0 0 0 0 0 0 0 0 0 0 0 0 0 0 0 0 0 0 0 0 0 0 0 174147325 0 0 0
ctxt 372176099
btime 1669654930
processes 523819
procs_running 1
procs_blocked 0
softirq 819021944 573185599 29351428 730279 58523565 400844 0 98765304 37604045 588 20460292

cpu  812500 36845 1362078 502858432 108279 0 2450449 0 0 0
cpu0 109960 9541 189817 125974178 29444 0 575087 0 0 0
cpu1 446200 10657 756397 124835779 22184 0 707900 0 0 0
cpu2 130390 2862 218154 126029863 29277 0 598208 0 0 0
cpu3 125949 13783 197709 126018610 27373 0 569253 0 0 0
intr 11510687145 0 0 2549400 81 0 692334 31260976 0 0 0 8969839 0 0 0 0 0 0 0 0 0 0 0 0 0 0 0 0 0 0 0 0 0 0 0 0 0 0 0 0 0 0 0 0 0 0 0 0 0 0 0 0 2030951037 0 0 0 0 0 0 0 0 723345 0 400912 0 0 0 0 0 0 0 0 0 0 0 654195968 1 0 0 0 0 0 0 0 0 0 0 0 0 0 0 0 0 0 0 0 0 0 0 393147 4219 0 0 0 0 16463936 0 0 0 0 0 0 0 0 0 0 0 0 0 0 0 0 0 0 0 0 0 0 0 0 0 0 0 0 0 0 0 0 0 0 0 0 0 0 0 0 0 0 0 0 0 0 0 0 0 0 0 0 0 0 0 0 0 0 0 0 0 0 0 0 0 0 0 0 0 0 0 0 0 0 0 174147358 0 0 0
ctxt 372176188
btime 1669654930
processes 523819
procs_running 1
procs_blocked 0
softirq 819022003 573185599 29351445 730279 58523566 400844 0 98765318 37604064 588 20460300

cpu  812500 36845 1362078 502858628 108279 0 2450449 0 0 0
cpu0 109960 9541 189817 125974228 29444 0 575087 0 0 0
cpu1 446200 10657 756397 124835828 22184 0 707900 0 0 0
cpu2 130390 2862 218154 126029912 29277 0 598208 0 0 0
cpu3 125949 13783 197709 126018659 27373 0 569253 0 0 0
intr 11510691389 0 0 2549400 81 0 692334 31261000 0 0 0 8969843 0 0 0 0 0 0 0 0 0 0 0 0 0 0 0 0 0 0 0 0 0 0 0 0 0 0 0 0 0 0 0 0 0 0 0 0 0 0 0 0 2030955053 0 0 0 0 0 0 0 0 723346 0 400912 0 0 0 0 0 0 0 0 0 0 0 654196120 1 0 0 0 0 0 0 0 0 0 0 0 0 0 0 0 0 0 0 0 0 0 0 393147 4219 0 0 0 0 16463951 0 0 0 0 0 0 0 0 0 0 0 0 0 0 0 0 0 0 0 0 0 0 0 0 0 0 0 0 0 0 0 0 0 0 0 0 0 0 0 0 0 0 0 0 0 0 0 0 0 0 0 0 0 0 0 0 0 0 0 0 0 0 0 0 0 0 0 0 0 0 0 0 0 0 0 174147390 0 0 0
ctxt 372176285
btime 1669654930
processes 523819
procs_running 1
procs_blocked 0
softirq 819022073 573185607 29351461 730279 58523567 400844 0 98765331 37604084 588 20460312

cpu  812501 36845 1362078 502858826 108279 0 2450449 0 0 0
cpu0 109960 9541 189817 125974277 29444 0 575087 0 0 0
cpu1 446200 10657 756397 124835877 22184 0 707900 0 0 0
cpu2 130390 2862 218154 126029961 29277 0 598208 0 0 0
cpu3 125949 13783 197709 126018709 27373 0 569253 0 0 0
intr 11510695597 0 0 2549400 81 0 692334 31261020 0 0 0 8969847 0 0 0 0 0 0 0 0 0 0 0 0 0 0 0 0 0 0 0 0 0 0 0 0 0 0 0 0 0 0 0 0 0 0 0 0 0 0 0 0 2030959057 0 0 0 0 0 0 0 0 723347 0 400912 0 0 0 0 0 0 0 0 0 0 0 654196250 1 0 0 0 0 0 0 0 0 0 0 0 0 0 0 0 0 0 0 0 0 0 0 393147 4219 0 0 0 0 16463966 0 0 0 0 0 0 0 0 0 0 0 0 0 0 0 0 0 0 0 0 0 0 0 0 0 0 0 0 0 0 0 0 0 0 0 0 0 0 0 0 0 0 0 0 0 0 0 0 0 0 0 0 0 0 0 0 0 0 0 0 0 0 0 0 0 0 0 0 0 0 0 0 0 0 0 174147424 0 0 0
ctxt 372176367
btime 1669654930
processes 523819
procs_running 1
procs_blocked 0
softirq 819022136 573185607 29351477 730279 58523568 400844 0 98765345 37604105 588 20460323

cpu  812502 36845 1362078 502859023 108279 0 2450449 0 0 0
cpu0 109960 9541 189817 125974326 29444 0 575087 0 0 0
cpu1 446200 10657 756397 124835926 22184 0 707900 0 0 0
cpu2 130391 2862 218154 126030010 29277 0 598208 0 0 0
cpu3 125950 13783 197709 126018758 27373 0 569253 0 0 0
intr 11510699849 0 0 2549400 81 0 692334 31261047 0 0 0 8969851 0 0 0 0 0 0 0 0 0 0 0 0 0 0 0 0 0 0 0 0 0 0 0 0 0 0 0 0 0 0 0 0 0 0 0 0 0 0 0 0 2030963076 0 0 0 0 0 0 0 0 723348 0 400912 0 0 0 0 0 0 0 0 0 0 0 654196402 1 0 0 0 0 0 0 0 0 0 0 0 0 0 0 0 0 0 0 0 0 0 0 393147 4219 0 0 0 0 16463981 0 0 0 0 0 0 0 0 0 0 0 0 0 0 0 0 0 0 0 0 0 0 0 0 0 0 0 0 0 0 0 0 0 0 0 0 0 0 0 0 0 0 0 0 0 0 0 0 0 0 0 0 0 0 0 0 0 0 0 0 0 0 0 0 0 0 0 0 0 0 0 0 0 0 0 174147458 0 0 0
ctxt 372176462
btime 1669654930
processes 523819
procs_running 1
procs_blocked 0
softirq 819022209 573185615 29351493 730279 58523569 400844 0 98765358 37604128 588 20460335

cpu  812502 36845 1362079 502859220 108279 0 2450449 0 0 0
cpu0 109960 9541 189817 125974376 29444 0 575087 0 0 0
cpu1 446200 10657 756398 124835976 22184 0 707900 0 0 0
cpu2 130391 2862 218154 126030060 29277 0 598208 0 0 0
cpu3 125950 13783 197709 126018807 27373 0 569253 0 0 0
intr 11510704059 0 0 2549401 81 0 692334 31261067 0 0 0 8969854 0 0 0 0 0 0 0 0 0 0 0 0 0 0 0 0 0 0 0 0 0 0 0 0 0 0 0 0 0 0 0 0 0 0 0 0 0 0 0 0 2030967080 0 0 0 0 0 0 0 0 723349 0 400912 0 0 0 0 0 0 0 0 0 0 0 654196532 1 0 0 0 0 0 0 0 0 0 0 0 0 0 0 0 0 0 0 0 0 0 0 393147 4219 0 0 0 0 16463996 0 0 0 0 0 0 0 0 0 0 0 0 0 0 0 0 0 0 0 0 0 0 0 0 0 0 0 0 0 0 0 0 0 0 0 0 0 0 0 0 0 0 0 0 0 0 0 0 0 0 0 0 0 0 0 0 0 0 0 0 0 0 0 0 0 0 0 0 0 0 0 0 0 0 0 174147494 0 0 0
ctxt 372176541
btime 1669654930
processes 523819
procs_running 1
procs_blocked 0
softirq 819022275 573185615 29351510 730279 58523570 400844 0 98765372 37604150 588 20460347

cpu  812502 36845 1362079 502859417 108279 0 2450449 0 0 0
cpu0 109960 9541 189817 125974425 29444 0 575087 0 0 0
cpu1 446200 10657 756398 124836025 22184 0 707900 0 0 0
cpu2 130391 2862 218154 126030109 29277 0 598208 0 0 0
cpu3 125950 13783 197710 126018856 27373 0 569253 0 0 0
intr 11510708309 0 0 2549401 81 0 692334 31261098 0 0 0 8969858 0 0 0 0 0 0 0 0 0 0 0 0 0 0 0 0 0 0 0 0 0 0 0 0 0 0 0 0 0 0 0 0 0 0 0 0 0 0 0 0 2030971102 0 0 0 0 0 0 0 0 723350 0 400912 0 0 0 0 0 0 0 0 0 0 0 654196684 1 0 0 0 0 0 0 0 0 0 0 0 0 0 0 0 0 0 0 0 0 0 0 393147 4219 0 0 0 0 16464011 0 0 0 0 0 0 0 0 0 0 0 0 0 0 0 0 0 0 0 0 0 0 0 0 0 0 0 0 0 0 0 0 0 0 0 0 0 0 0 0 0 0 0 0 0 0 0 0 0 0 0 0 0 0 0 0 0 0 0 0 0 0 0 0 0 0 0 0 0 0 0 0 0 0 0 174147520 0 0 0
ctxt 372176637
btime 1669654930
processes 523819
procs_running 1
procs_blocked 0
softirq 819022339 573185623 29351524 730279 58523571 400844 0 98765385 37604169 588 20460356

cpu  812503 36845 1362079 502859614 108279 0 2450450 0 0 0
cpu0 109960 9541 189817 125974475 29444 0 575087 0 0 0
cpu1 446200 10657 756398 124836074 22184 0 707901 0 0 0
cpu2 130392 2862 218154 126030158 29277 0 598208 0 0 0
cpu3 125950 13783 197710 126018906 27373 0 569253 0 0 0
intr 11510712502 0 0 2549401 81 0 692334 31261118 0 0 0 8969861 0 0 0 0 0 0 0 0 0 0 0 0 0 0 0 0 0 0 0 0 0 0 0 0 0 0 0 0 0 0 0 0 0 0 0 0 0 0 0 0 2030975099 0 0 0 0 0 0 0 0 723351 0 400912 0 0 0 0 0 0 0 0 0 0 0 654196812 1 0 0 0 0 0 0 0 0 0 0 0 0 0 0 0 0 0 0 0 0 0 0 393147 4219 0 0 0 0 16464026 0 0 0 0 0 0 0 0 0 0 0 0 0 0 0 0 0 0 0 0 0 0 0 0 0 0 0 0 0 0 0 0 0 0 0 0 0 0 0 0 0 0 0 0 0 0 0 0 0 0 0 0 0 0 0 0 0 0 0 0 0 0 0 0 0 0 0 0 0 0 0 0 0 0 0 174147549 0 0 0
ctxt 372176712
btime 1669654930
processes 523819
procs_running 1
procs_blocked 0
softirq 819022396 573185623 29351538 730279 58523572 400844 0 98765398 37604187 588 20460367

cpu  812503 36845 1362079 502859811 108279 0 2450450 0 0 0
cpu0 109960 9541 189817 125974524 29444 0 575087 0 0 0
cpu1 446200 10657 756398 124836124 22184 0 707901 0 0 0
cpu2 130392 2862 218154 126030207 29277 0 598208 0 0 0
cpu3 125950 13783 197710 126018955 27373 0 569253 0 0 0
intr 11510716760 0 0 2549401 81 0 692334 31261146 0 0 0 8969864 0 0 0 0 0 0 0 0 0 0 0 0 0 0 0 0 0 0 0 0 0 0 0 0 0 0 0 0 0 0 0 0 0 0 0 0 0 0 0 0 2030979126 0 0 0 0 0 0 0 0 723352 0 400912 0 0 0 0 0 0 0 0 0 0 0 654196966 1 0 0 0 0 0 0 0 0 0 0 0 0 0 0 0 0 0 0 0 0 0 0 393147 4219 0 0 0 0 16464041 0 0 0 0 0 0 0 0 0 0 0 0 0 0 0 0 0 0 0 0 0 0 0 0 0 0 0 0 0 0 0 0 0 0 0 0 0 0 0 0 0 0 0 0 0 0 0 0 0 0 0 0 0 0 0 0 0 0 0 0 0 0 0 0 0 0 0 0 0 0 0 0 0 0 0 174147579 0 0 0
ctxt 372176809
btime 1669654930
processes 523819
procs_running 1
procs_blocked 0
softirq 819022463 573185631 29351553 730279 58523573 400844 0 98765412 37604205 588 20460378

cpu  812504 36845 1362079 502860008 108279 0 2450450 0 0 0
cpu0 109960 9541 189817 125974573 29444 0 575087 0 0 0
cpu1 446200 10657 756398 124836173 22184 0 707901 0 0 0
cpu2 130392 2862 218154 126030256 29277 0 598208 0 0 0
cpu3 125950 13783 197710 126019004 27373 0 569253 0 0 0
intr 11510720954 0 0 2549402 81 0 692334 31261166 0 0 0 8969867 0 0 0 0 0 0 0 0 0 0 0 0 0 0 0 0 0 0 0 0 0 0 0 0 0 0 0 0 0 0 0 0 0 0 0 0 0 0 0 0 2030983122 0 0 0 0 0 0 0 0 723353 0 400912 0 0 0 0 0 0 0 0 0 0 0 654197094 1 0 0 0 0 0 0 0 0 0 0 0 0 0 0 0 0 0 0 0 0 0 0 393147 4219 0 0 0 0 16464056 0 0 0 0 0 0 0 0 0 0 0 0 0 0 0 0 0 0 0 0 0 0 0 0 0 0 0 0 0 0 0 0 0 0 0 0 0 0 0 0 0 0 0 0 0 0 0 0 0 0 0 0 0 0 0 0 0 0 0 0 0 0 0 0 0 0 0 0 0 0 0 0 0 0 0 174147609 0 0 0
ctxt 372176884
btime 1669654930
processes 523819
procs_running 1
procs_blocked 0
softirq 819022522 573185631 29351568 730280 58523574 400844 0 98765425 37604223 588 20460389

cpu  812504 36845 1362080 502860205 108279 0 2450450 0 0 0
cpu0 109960 9541 189817 125974623 29444 0 575087 0 0 0
cpu1 446200 10657 756398 124836222 22184 0 707901 0 0 0
cpu2 130393 2862 218154 126030305 29277 0 598208 0 0 0
cpu3 125950 13783 197710 126019054 27373 0 569253 0 0 0
intr 11510725208 0 0 2549402 81 0 692334 31261192 0 0 0 8969870 0 0 0 0 0 0 0 0 0 0 0 0 0 0 0 0 0 0 0 0 0 0 0 0 0 0 0 0 0 0 0 0 0 0 0 0 0 0 0 0 2030987147 0 0 0 0 0 0 0 0 723354 0 400912 0 0 0 0 0 0 0 0 0 0 0 654197248 1 0 0 0 0 0 0 0 0 0 0 0 0 0 0 0 0 0 0 0 0 0 0 393147 4219 0 0 0 0 16464071 0 0 0 0 0 0 0 0 0 0 0 0 0 0 0 0 0 0 0 0 0 0 0 0 0 0 0 0 0 0 0 0 0 0 0 0 0 0 0 0 0 0 0 0 0 0 0 0 0 0 0 0 0 0 0 0 0 0 0 0 0 0 0 0 0 0 0 0 0 0 0 0 0 0 0 174147639 0 0 0
ctxt 372176980
btime 1669654930
processes 523819
procs_running 1
procs_blocked 0
softirq 819022589 573185639 29351581 730280 58523575 400844 0 98765439 37604241 588 20460402

cpu  812504 36845 1362081 502860402 108279 0 2450450 0 0 0
cpu0 109960 9541 189817 125974672 29444 0 575087 0 0 0
cpu1 446200 10657 756398 124836272 22184 0 707901 0 0 0
cpu2 130393 2862 218154 126030354 29277 0 598208 0 0 0
cpu3 125950 13783 197710 126019103 27373 0 569253 0 0 0
intr 11510729430 0 0 2549402 81 0 692334 31261222 0 0 0 8969873 0 0 0 0 0 0 0 0 0 0 0 0 0 0 0 0 0 0 0 0 0 0 0 0 0 0 0 0 0 0 0 0 0 0 0 0 0 0 0 0 2030991145 0 0 0 0 0 0 0 0 723355 0 400912 0 0 0 0 0 0 0 0 0 0 0 654197378 1 0 0 0 0 0 0 0 0 0 0 0 0 0 0 0 0 0 0 0 0 0 0 393147 4219 0 0 0 0 16464098 0 0 0 0 0 0 0 0 0 0 0 0 0 0 0 0 0 0 0 0 0 0 0 0 0 0 0 0 0 0 0 0 0 0 0 0 0 0 0 0 0 0 0 0 0 0 0 0 0 0 0 0 0 0 0 0 0 0 0 0 0 0 0 0 0 0 0 0 0 0 0 0 0 0 0 174147673 0 0 0
ctxt 372177082
btime 1669654930
processes 523819
procs_running 1
procs_blocked 0
softirq 819022660 573185639 29351596 730280 58523577 400844 0 98765460 37604262 588 20460414

cpu  812504 36845 1362081 502860598 108279 0 2450450 0 0 0
cpu0 109960 9541 189817 125974721 29444 0 575087 0 0 0
cpu1 446200 10657 756398 124836321 22184 0 707901 0 0 0
cpu2 130393 2862 218154 126030403 29277 0 598208 0 0 0
cpu3 125950 13783 197710 126019152 27373 0 569253 0 0 0
intr 11510733696 0 0 2549402 81 0 692334 31261253 0 0 0 8969877 0 0 0 0 0 0 0 0 0 0 0 0 0 0 0 0 0 0 0 0 0 0 0 0 0 0 0 0 0 0 0 0 0 0 0 0 0 0 0 0 2030995165 0 0 0 0 0 0 0 0 723356 0 400912 0 0 0 0 0 0 0 0 0 0 0 654197530 1 0 0 0 0 0 0 0 0 0 0 0 0 0 0 0 0 0 0 0 0 0 0 393147 4219 0 0 0 0 16464123 0 0 0 0 0 0 0 0 0 0 0 0 0 0 0 0 0 0 0 0 0 0 0 0 0 0 0 0 0 0 0 0 0 0 0 0 0 0 0 0 0 0 0 0 0 0 0 0 0 0 0 0 0 0 0 0 0 0 0 0 0 0 0 0 0 0 0 0 0 0 0 0 0 0 0 174147705 0 0 0
ctxt 372177197
btime 1669654930
processes 523819
procs_running 1
procs_blocked 0
softirq 819022742 573185647 29351613 730280 58523579 400844 0 98765481 37604282 588 20460428

cpu  812505 36845 1362081 502860796 108279 0 2450450 0 0 0
cpu0 109960 9541 189817 125974771 29444 0 575087 0 0 0
cpu1 446200 10657 756398 124836370 22184 0 707901 0 0 0
cpu2 130394 2862 218154 126030452 29277 0 598208 0 0 0
cpu3 125950 13783 197710 126019202 27373 0 569253 0 0 0
intr 11510737901 0 0 2549403 81 0 692334 31261274 0 0 0 8969880 0 0 0 0 0 0 0 0 0 0 0 0 0 0 0 0 0 0 0 0 0 0 0 0 0 0 0 0 0 0 0 0 0 0 0 0 0 0 0 0 2030999169 0 0 0 0 0 0 0 0 723357 0 400912 0 0 0 0 0 0 0 0 0 0 0 654197660 1 0 0 0 0 0 0 0 0 0 0 0 0 0 0 0 0 0 0 0 0 0 0 393147 4219 0 0 0 0 16464138 0 0 0 0 0 0 0 0 0 0 0 0 0 0 0 0 0 0 0 0 0 0 0 0 0 0 0 0 0 0 0 0 0 0 0 0 0 0 0 0 0 0 0 0 0 0 0 0 0 0 0 0 0 0 0 0 0 0 0 0 0 0 0 0 0 0 0 0 0 0 0 0 0 0 0 174147734 0 0 0
ctxt 372177279
btime 1669654930
processes 523819
procs_running 1
procs_blocked 0
softirq 819022798 573185647 29351626 730280 58523580 400844 0 98765494 37604299 588 20460440

cpu  812505 36845 1362081 502860992 108279 0 2450450 0 0 0
cpu0 109960 9541 189817 125974820 29444 0 575087 0 0 0
cpu1 446200 10657 756399 124836419 22184 0 707901 0 0 0
cpu2 130394 2862 218154 126030501 29277 0 598208 0 0 0
cpu3 125950 13783 197710 126019251 27373 0 569253 0 0 0
intr 11510742175 0 0 2549403 81 0 692334 31261310 0 0 0 8969884 0 0 0 0 0 0 0 0 0 0 0 0 0 0 0 0 0 0 0 0 0 0 0 0 0 0 0 0 0 0 0 0 0 0 0 0 0 0 0 0 2031003188 0 0 0 0 0 0 0 0 723358 0 400912 0 0 0 0 0 0 0 0 0 0 0 654197812 1 0 0 0 0 0 0 0 0 0 0 0 0 0 0 0 0 0 0 0 0 0 0 393147 4219 0 0 0 0 16464163 0 0 0 0 0 0 0 0 0 0 0 0 0 0 0 0 0 0 0 0 0 0 0 0 0 0 0 0 0 0 0 0 0 0 0 0 0 0 0 0 0 0 0 0 0 0 0 0 0 0 0 0 0 0 0 0 0 0 0 0 0 0 0 0 0 0 0 0 0 0 0 0 0 0 0 174147771 0 0 0
ctxt 372177410
btime 1669654930
processes 523819
procs_running 1
procs_blocked 0
softirq 819022882 573185655 29351641 730280 58523582 400844 0 98765515 37604322 588 20460455

cpu  812506 36845 1362081 502861189 108279 0 2450450 0 0 0
cpu0 109960 9541 189817 125974869 29444 0 575087 0 0 0
cpu1 446200 10657 756399 124836468 22184 0 707901 0 0 0
cpu2 130394 2862 218154 126030550 29277 0 598208 0 0 0
cpu3 125950 13783 197710 126019300 27373 0 569253 0 0 0
intr 11510746402 0 0 2549403 81 0 692334 31261340 0 0 0 8969888 0 0 0 0 0 0 0 0 0 0 0 0 0 0 0 0 0 0 0 0 0 0 0 0 0 0 0 0 0 0 0 0 0 0 0 0 0 0 0 0 2031007193 0 0 0 0 0 0 0 0 723359 0 400912 0 0 0 0 0 0 0 0 0 0 0 654197942 1 0 0 0 0 0 0 0 0 0 0 0 0 0 0 0 0 0 0 0 0 0 0 393147 4219 0 0 0 0 16464190 0 0 0 0 0 0 0 0 0 0 0 0 0 0 0 0 0 0 0 0 0 0 0 0 0 0 0 0 0 0 0 0 0 0 0 0 0 0 0 0 0 0 0 0 0 0 0 0 0 0 0 0 0 0 0 0 0 0 0 0 0 0 0 0 0 0 0 0 0 0 0 0 0 0 0 174147802 0 0 0
ctxt 372177508
btime 1669654930
processes 523819
procs_running 1
procs_blocked 0
softirq 819022951 573185655 29351656 730280 58523584 400844 0 98765536 37604341 588 20460467

cpu  812506 36845 1362081 502861386 108279 0 2450450 0 0 0
cpu0 109960 9541 189817 125974918 29444 0 575087 0 0 0
cpu1 446200 10657 756399 124836518 22184 0 707901 0 0 0
cpu2 130395 2862 218154 126030599 29277 0 598208 0 0 0
cpu3 125950 13783 197710 126019350 27373 0 569253 0 0 0
intr 11510750651 0 0 2549403 81 0 692334 31261365 0 0 0 8969891 0 0 0 0 0 0 0 0 0 0 0 0 0 0 0 0 0 0 0 0 0 0 0 0 0 0 0 0 0 0 0 0 0 0 0 0 0 0 0 0 2031011213 0 0 0 0 0 0 0 0 723360 0 400912 0 0 0 0 0 0 0 0 0 0 0 654198094 1 0 0 0 0 0 0 0 0 0 0 0 0 0 0 0 0 0 0 0 0 0 0 393147 4219 0 0 0 0 16464205 0 0 0 0 0 0 0 0 0 0 0 0 0 0 0 0 0 0 0 0 0 0 0 0 0 0 0 0 0 0 0 0 0 0 0 0 0 0 0 0 0 0 0 0 0 0 0 0 0 0 0 0 0 0 0 0 0 0 0 0 0 0 0 0 0 0 0 0 0 0 0 0 0 0 0 174147834 0 0 0
ctxt 372177596
btime 1669654930
processes 523819
procs_running 1
procs_blocked 0
softirq 819023025 573185663 29351672 730280 58523585 400844 0 98765551 37604362 588 20460480

cpu  812506 36845 1362081 502861584 108279 0 2450450 0 0 0
cpu0 109960 9541 189817 125974968 29444 0 575087 0 0 0
cpu1 446200 10657 756399 124836567 22184 0 707901 0 0 0
cpu2 130395 2862 218154 126030648 29277 0 598208 0 0 0
cpu3 125950 13783 197710 126019399 27373 0 569253 0 0 0
intr 11510754858 0 0 2549404 81 0 692334 31261388 0 0 0 8969894 0 0 0 0 0 0 0 0 0 0 0 0 0 0 0 0 0 0 0 0 0 0 0 0 0 0 0 0 0 0 0 0 0 0 0 0 0 0 0 0 2031015218 0 0 0 0 0 0 0 0 723361 0 400912 0 0 0 0 0 0 0 0 0 0 0 654198224 1 0 0 0 0 0 0 0 0 0 0 0 0 0 0 0 0 0 0 0 0 0 0 393147 4219 0 0 0 0 16464220 0 0 0 0 0 0 0 0 0 0 0 0 0 0 0 0 0 0 0 0 0 0 0 0 0 0 0 0 0 0 0 0 0 0 0 0 0 0 0 0 0 0 0 0 0 0 0 0 0 0 0 0 0 0 0 0 0 0 0 0 0 0 0 0 0 0 0 0 0 0 0 0 0 0 0 174147864 0 0 0
ctxt 372177678
btime 1669654930
processes 523819
procs_running 1
procs_blocked 0
softirq 819023081 573185663 29351685 730280 58523586 400844 0 98765564 37604379 588 20460492

cpu  812507 36845 1362082 502861780 108279 0 2450450 0 0 0
cpu0 109960 9541 189817 125975017 29444 0 575087 0 0 0
cpu1 446200 10657 756399 124836616 22184 0 707901 0 0 0
cpu2 130396 2862 218155 126030697 29277 0 598208 0 0 0
cpu3 125950 13783 197710 126019448 27373 0 569253 0 0 0
intr 11510759112 0 0 2549404 81 0 692334 31261416 0 0 0 8969898 0 0 0 0 0 0 0 0 0 0 0 0 0 0 0 0 0 0 0 0 0 0 0 0 0 0 0 0 0 0 0 0 0 0 0 0 0 0 0 0 2031019235 0 0 0 0 0 0 0 0 723362 0 400912 0 0 0 0 0 0 0 0 0 0 0 654198376 1 0 0 0 0 0 0 0 0 0 0 0 0 0 0 0 0 0 0 0 0 0 0 393147 4219 0 0 0 0 16464235 0 0 0 0 0 0 0 0 0 0 0 0 0 0 0 0 0 0 0 0 0 0 0 0 0 0 0 0 0 0 0 0 0 0 0 0 0 0 0 0 0 0 0 0 0 0 0 0 0 0 0 0 0 0 0 0 0 0 0 0 0 0 0 0 0 0 0 0 0 0 0 0 0 0 0 174147901 0 0 0
ctxt 372177784
btime 1669654930
processes 523819
procs_running 1
procs_blocked 0
softirq 819023159 573185671 29351701 730280 58523587 400844 0 98765578 37604402 588 20460508

cpu  812507 36845 1362082 502861978 108279 0 2450450 0 0 0
cpu0 109960 9541 189817 125975066 29444 0 575087 0 0 0
cpu1 446200 10657 756399 124836666 22184 0 707901 0 0 0
cpu2 130396 2862 218155 126030747 29277 0 598208 0 0 0
cpu3 125950 13783 197710 126019498 27373 0 569253 0 0 0
intr 11510763315 0 0 2549404 81 0 692334 31261436 0 0 0 8969902 0 0 0 0 0 0 0 0 0 0 0 0 0 0 0 0 0 0 0 0 0 0 0 0 0 0 0 0 0 0 0 0 0 0 0 0 0 0 0 0 2031023239 0 0 0 0 0 0 0 0 723363 0 400912 0 0 0 0 0 0 0 0 0 0 0 654198506 1 0 0 0 0 0 0 0 0 0 0 0 0 0 0 0 0 0 0 0 0 0 0 393147 4219 0 0 0 0 16464250 0 0 0 0 0 0 0 0 0 0 0 0 0 0 0 0 0 0 0 0 0 0 0 0 0 0 0 0 0 0 0 0 0 0 0 0 0 0 0 0 0 0 0 0 0 0 0 0 0 0 0 0 0 0 0 0 0 0 0 0 0 0 0 0 0 0 0 0 0 0 0 0 0 0 0 174147929 0 0 0
ctxt 372177860
btime 1669654930
processes 523819
procs_running 1
procs_blocked 0
softirq 819023213 573185671 29351714 730280 58523588 400844 0 98765591 37604417 588 20460520

cpu  812508 36845 1362082 502862174 108279 0 2450450 0 0 0
cpu0 109960 9541 189817 125975115 29444 0 575087 0 0 0
cpu1 446200 10657 756399 124836715 22184 0 707901 0 0 0
cpu2 130396 2862 218155 126030795 29277 0 598208 0 0 0
cpu3 125950 13783 197710 126019547 27373 0 569253 0 0 0
intr 11510767573 0 0 2549408 81 0 692334 31261466 0 0 0 8969906 0 0 0 0 0 0 0 0 0 0 0 0 0 0 0 0 0 0 0 0 0 0 0 0 0 0 0 0 0 0 0 0 0 0 0 0 0 0 0 0 2031027257 0 0 0 0 0 0 0 0 723364 0 400912 0 0 0 0 0 0 0 0 0 0 0 654198656 1 0 0 0 0 0 0 0 0 0 0 0 0 0 0 0 0 0 0 0 0 0 0 393147 4219 0 0 0 0 16464265 0 0 0 0 0 0 0 0 0 0 0 0 0 0 0 0 0 0 0 0 0 0 0 0 0 0 0 0 0 0 0 0 0 0 0 0 0 0 0 0 0 0 0 0 0 0 0 0 0 0 0 0 0 0 0 0 0 0 0 0 0 0 0 0 0 0 0 0 0 0 0 0 0 0 0 174147966 0 0 0
ctxt 372177959
btime 1669654930
processes 523819
procs_running 1
procs_blocked 0
softirq 819023287 573185679 29351731 730280 58523589 400844 0 98765605 37604438 588 20460533

cpu  812508 36845 1362082 502862362 108279 0 2450458 0 0 0
cpu0 109960 9541 189817 125975163 29444 0 575088 0 0 0
cpu1 446200 10657 756399 124836760 22184 0 707904 0 0 0
cpu2 130397 2862 218155 126030843 29277 0 598211 0 0 0
cpu3 125950 13783 197710 126019595 27373 0 569254 0 0 0
intr 11510773119 0 0 2549413 81 0 692334 31261489 0 0 0 8969910 0 0 0 0 0 0 0 0 0 0 0 0 0 0 0 0 0 0 0 0 0 0 0 0 0 0 0 0 0 0 0 0 0 0 0 0 0 0 0 0 2031031826 0 0 0 0 0 0 0 0 723365 0 400912 0 0 0 0 0 0 0 0 0 0 0 654199403 1 0 0 0 0 0 0 0 0 0 0 0 0 0 0 0 0 0 0 0 0 0 0 393147 4219 0 0 0 0 16464280 0 0 0 0 0 0 0 0 0 0 0 0 0 0 0 0 0 0 0 0 0 0 0 0 0 0 0 0 0 0 0 0 0 0 0 0 0 0 0 0 0 0 0 0 0 0 0 0 0 0 0 0 0 0 0 0 0 0 0 0 0 0 0 0 0 0 0 0 0 0 0 0 0 0 0 174148147 0 0 0
ctxt 372178159
btime 1669654930
processes 523819
procs_running 1
procs_blocked 0
softirq 819025351 573187144 29351767 730281 58523719 400844 0 98765797 37604531 588 20460680

cpu  812508 36845 1362082 502862540 108279 0 2450474 0 0 0
cpu0 109960 9541 189817 125975207 29444 0 575094 0 0 0
cpu1 446200 10657 756399 124836805 22184 0 707906 0 0 0
cpu2 130397 2862 218155 126030887 29277 0 598216 0 0 0
cpu3 125950 13783 197710 126019639 27373 0 569258 0 0 0
intr 11510779841 0 0 2549413 81 0 692334 31261522 0 0 0 8969914 0 0 0 0 0 0 0 0 0 0 0 0 0 0 0 0 0 0 0 0 0 0 0 0 0 0 0 0 0 0 0 0 0 0 0 0 0 0 0 0 2031036840 0 0 0 0 0 0 0 0 723366 0 400912 0 0 0 0 0 0 0 0 0 0 0 654200621 1 0 0 0 0 0 0 0 0 0 0 0 0 0 0 0 0 0 0 0 0 0 0 393147 4219 0 0 0 0 16464295 0 0 0 0 0 0 0 0 0 0 0 0 0 0 0 0 0 0 0 0 0 0 0 0 0 0 0 0 0 0 0 0 0 0 0 0 0 0 0 0 0 0 0 0 0 0 0 0 0 0 0 0 0 0 0 0 0 0 0 0 0 0 0 0 0 0 0 0 0 0 0 0 0 0 0 174148585 0 0 0
ctxt 372178652
btime 1669654930
processes 523819
procs_running 1
procs_blocked 0
softirq 819029057 573189655 29351846 730281 58523932 400844 0 98766159 37604755 588 20460997

cpu  812508 36845 1362084 502862717 108279 0 2450488 0 0 0
cpu0 109960 9541 189817 125975252 29444 0 575097 0 0 0
cpu1 446200 10657 756400 124836849 22184 0 707910 0 0 0
cpu2 130397 2862 218156 126030931 29277 0 598219 0 0 0
cpu3 125950 13783 197710 126019683 27373 0 569261 0 0 0
intr 11510786489 0 0 2549413 81 0 692334 31261547 0 0 0 8969919 0 0 0 0 0 0 0 0 0 0 0 0 0 0 0 0 0 0 0 0 0 0 0 0 0 0 0 0 0 0 0 0 0 0 0 0 0 0 0 0 2031041815 0 0 0 0 0 0 0 0 723367 0 400912 0 0 0 0 0 0 0 0 0 0 0 654201801 1 0 0 0 0 0 0 0 0 0 0 0 0 0 0 0 0 0 0 0 0 0 0 393147 4219 0 0 0 0 16464310 0 0 0 0 0 0 0 0 0 0 0 0 0 0 0 0 0 0 0 0 0 0 0 0 0 0 0 0 0 0 0 0 0 0 0 0 0 0 0 0 0 0 0 0 0 0 0 0 0 0 0 0 0 0 0 0 0 0 0 0 0 0 0 0 0 0 0 0 0 0 0 0 0 0 0 174149033 0 0 0
ctxt 372179112
btime 1669654930
processes 523819
procs_running 1
procs_blocked 0
softirq 819032670 573192190 29351924 730281 58524118 400844 0 98766468 37604984 588 20461273

cpu  812508 36845 1362084 502862895 108279 0 2450501 0 0 0
cpu0 109960 9541 189817 125975297 29444 0 575099 0 0 0
cpu1 446200 10657 756400 124836894 22184 0 707914 0 0 0
cpu2 130397 2862 218156 126030976 29277 0 598221 0 0 0
cpu3 125950 13783 197710 126019727 27373 0 569265 0 0 0
intr 11510793150 0 0 2549413 81 0 692334 31261572 0 0 0 8969924 0 0 0 0 0 0 0 0 0 0 0 0 0 0 0 0 0 0 0 0 0 0 0 0 0 0 0 0 0 0 0 0 0 0 0 0 0 0 0 0 2031046790 0 0 0 0 0 0 0 0 723368 0 400912 0 0 0 0 0 0 0 0 0 0 0 654202980 1 0 0 0 0 0 0 0 0 0 0 0 0 0 0 0 0 0 0 0 0 0 0 393147 4219 0 0 0 0 16464325 0 0 0 0 0 0 0 0 0 0 0 0 0 0 0 0 0 0 0 0 0 0 0 0 0 0 0 0 0 0 0 0 0 0 0 0 0 0 0 0 0 0 0 0 0 0 0 0 0 0 0 0 0 0 0 0 0 0 0 0 0 0 0 0 0 0 0 0 0 0 0 0 0 0 0 174149493 0 0 0
ctxt 372179566
btime 1669654930
processes 523819
procs_running 1
procs_blocked 0
softirq 819036319 573194694 29352000 730281 58524303 400844 0 98766798 37605219 588 20461592

cpu  812509 36845 1362085 502863072 108279 0 2450515 0 0 0
cpu0 109960 9541 189817 125975342 29444 0 575101 0 0 0
cpu1 446200 10657 756400 124836937 22184 0 707918 0 0 0
cpu2 130398 2862 218156 126031020 29277 0 598226 0 0 0
cpu3 125950 13783 197710 126019771 27373 0 569268 0 0 0
intr 11510799841 0 0 2549413 81 0 692334 31261607 0 0 0 8969929 0 0 0 0 0 0 0 0 0 0 0 0 0 0 0 0 0 0 0 0 0 0 0 0 0 0 0 0 0 0 0 0 0 0 0 0 0 0 0 0 2031051796 0 0 0 0 0 0 0 0 723369 0 400912 0 0 0 0 0 0 0 0 0 0 0 654204180 1 0 0 0 0 0 0 0 0 0 0 0 0 0 0 0 0 0 0 0 0 0 0 393147 4219 0 0 0 0 16464340 0 0 0 0 0 0 0 0 0 0 0 0 0 0 0 0 0 0 0 0 0 0 0 0 0 0 0 0 0 0 0 0 0 0 0 0 0 0 0 0 0 0 0 0 0 0 0 0 0 0 0 0 0 0 0 0 0 0 0 0 0 0 0 0 0 0 0 0 0 0 0 0 0 0 0 174149927 0 0 0
ctxt 372180059
btime 1669654930
processes 523819
procs_running 2
procs_blocked 0
softirq 819040141 573197401 29352075 730281 58524494 400844 0 98767107 37605441 588 20461910

cpu  812509 36845 1362086 502863244 108283 0 2450531 0 0 0
cpu0 109960 9541 189818 125975384 29446 0 575105 0 0 0
cpu1 446200 10657 756400 124836981 22184 0 707923 0 0 0
cpu2 130398 2862 218157 126031064 29277 0 598229 0 0 0
cpu3 125950 13783 197710 126019814 27374 0 569273 0 0 0
intr 11510806610 0 0 2549414 81 0 692335 31261660 0 0 0 8969934 0 0 0 0 0 0 0 0 0 0 0 0 0 0 0 0 0 0 0 0 0 0 0 0 0 0 0 0 0 0 0 0 0 0 0 0 0 0 0 0 2031056796 0 0 0 0 0 0 0 0 723370 0 400934 0 0 0 0 0 0 0 0 0 0 0 654205372 1 0 0 0 0 0 0 0 0 0 0 0 0 0 0 0 0 0 0 0 0 0 0 393169 4219 0 0 0 0 16464355 0 0 0 0 0 0 0 0 0 0 0 0 0 0 0 0 0 0 0 0 0 0 0 0 0 0 0 0 0 0 0 0 0 0 0 0 0 0 0 0 0 0 0 0 0 0 0 0 0 0 0 0 0 0 0 0 0 0 0 0 0 0 0 0 0 0 0 0 0 0 0 0 0 0 0 174150379 0 0 0
ctxt 372180800
btime 1669654930
processes 523820
procs_running 1
procs_blocked 0
softirq 819044081 573200131 29352152 730281 58524683 400866 0 98767527 37605623 588 20462230

cpu  812509 36845 1362088 502863421 108283 0 2450546 0 0 0
cpu0 109960 9541 189818 125975428 29446 0 575108 0 0 0
cpu1 446200 10657 756401 124837026 22184 0 707927 0 0 0
cpu2 130398 2862 218157 126031108 29277 0 598234 0 0 0
cpu3 125950 13783 197711 126019857 27374 0 569276 0 0 0
intr 11510813298 0 0 2549414 81 0 692335 31261694 0 0 0 8969939 0 0 0 0 0 0 0 0 0 0 0 0 0 0 0 0 0 0 0 0 0 0 0 0 0 0 0 0 0 0 0 0 0 0 0 0 0 0 0 0 2031061787 0 0 0 0 0 0 0 0 723371 0 400934 0 0 0 0 0 0 0 0 0 0 0 654206575 1 0 0 0 0 0 0 0 0 0 0 0 0 0 0 0 0 0 0 0 0 0 0 393169 4219 0 0 0 0 16464370 0 0 0 0 0 0 0 0 0 0 0 0 0 0 0 0 0 0 0 0 0 0 0 0 0 0 0 0 0 0 0 0 0 0 0 0 0 0 0 0 0 0 0 0 0 0 0 0 0 0 0 0 0 0 0 0 0 0 0 0 0 0 0 0 0 0 0 0 0 0 0 0 0 0 0 174150818 0 0 0
ctxt 372181283
btime 1669654930
processes 523820
procs_running 1
procs_blocked 0
softirq 819047920 573202837 29352225 730281 58524863 400866 0 98767841 37605851 588 20462568

cpu  812509 36845 1362089 502863599 108283 0 2450562 0 0 0
cpu0 109960 9541 189818 125975473 29446 0 575112 0 0 0
cpu1 446200 10657 756402 124837070 22184 0 707932 0 0 0
cpu2 130398 2862 218157 126031153 29277 0 598237 0 0 0
cpu3 125950 13783 197711 126019901 27374 0 569279 0 0 0
intr 11510819938 0 0 2549414 81 0 692335 31261722 0 0 0 8969944 0 0 0 0 0 0 0 0 0 0 0 0 0 0 0 0 0 0 0 0 0 0 0 0 0 0 0 0 0 0 0 0 0 0 0 0 0 0 0 0 2031066755 0 0 0 0 0 0 0 0 723372 0 400934 0 0 0 0 0 0 0 0 0 0 0 654207754 1 0 0 0 0 0 0 0 0 0 0 0 0 0 0 0 0 0 0 0 0 0 0 393169 4219 0 0 0 0 16464385 0 0 0 0 0 0 0 0 0 0 0 0 0 0 0 0 0 0 0 0 0 0 0 0 0 0 0 0 0 0 0 0 0 0 0 0 0 0 0 0 0 0 0 0 0 0 0 0 0 0 0 0 0 0 0 0 0 0 0 0 0 0 0 0 0 0 0 0 0 0 0 0 0 0 0 174151262 0 0 0
ctxt 372181749
btime 1669654930
processes 523820
procs_running 1
procs_blocked 0
softirq 819051783 573205519 29352303 730281 58525061 400866 0 98768186 37606084 588 20462895

cpu  812510 36845 1362089 502863777 108283 0 2450578 0 0 0
cpu0 109960 9541 189818 125975519 29446 0 575116 0 0 0
cpu1 446200 10657 756402 124837115 22184 0 707936 0 0 0
cpu2 130398 2862 218157 126031197 29277 0 598241 0 0 0
cpu3 125950 13783 197711 126019945 27374 0 569284 0 0 0
intr 11510826662 0 0 2549414 81 0 692335 31261748 0 0 0 8969949 0 0 0 0 0 0 0 0 0 0 0 0 0 0 0 0 0 0 0 0 0 0 0 0 0 0 0 0 0 0 0 0 0 0 0 0 0 0 0 0 2031071778 0 0 0 0 0 0 0 0 723373 0 400934 0 0 0 0 0 0 0 0 0 0 0 654208974 1 0 0 0 0 0 0 0 0 0 0 0 0 0 0 0 0 0 0 0 0 0 0 393169 4219 0 0 0 0 16464400 0 0 0 0 0 0 0 0 0 0 0 0 0 0 0 0 0 0 0 0 0 0 0 0 0 0 0 0 0 0 0 0 0 0 0 0 0 0 0 0 0 0 0 0 0 0 0 0 0 0 0 0 0 0 0 0 0 0 0 0 0 0 0 0 0 0 0 0 0 0 0 0 0 0 0 174151697 0 0 0
ctxt 372182219
btime 1669654930
processes 523820
procs_running 4
procs_blocked 0
softirq 819055480 573208148 29352379 730281 58525249 400866 0 98768471 37606306 588 20463192

cpu  812510 36845 1362089 502863955 108283 0 2450594 0 0 0
cpu0 109960 9541 189818 125975563 29446 0 575121 0 0 0
cpu1 446200 10657 756402 124837160 22184 0 707940 0 0 0
cpu2 130398 2862 218157 126031242 29277 0 598245 0 0 0
cpu3 125950 13783 197711 126019989 27374 0 569288 0 0 0
intr 11510833315 0 0 2549415 81 0 692335 31261776 0 0 0 8969954 0 0 0 0 0 0 0 0 0 0 0 0 0 0 0 0 0 0 0 0 0 0 0 0 0 0 0 0 0 0 0 0 0 0 0 0 0 0 0 0 2031076755 0 0 0 0 0 0 0 0 723374 0 400934 0 0 0 0 0 0 0 0 0 0 0 654210151 1 0 0 0 0 0 0 0 0 0 0 0 0 0 0 0 0 0 0 0 0 0 0 393169 4219 0 0 0 0 16464415 0 0 0 0 0 0 0 0 0 0 0 0 0 0 0 0 0 0 0 0 0 0 0 0 0 0 0 0 0 0 0 0 0 0 0 0 0 0 0 0 0 0 0 0 0 0 0 0 0 0 0 0 0 0 0 0 0 0 0 0 0 0 0 0 0 0 0 0 0 0 0 0 0 0 0 174152145 0 0 0
ctxt 372182718
btime 1669654930
processes 523820
procs_running 1
procs_blocked 0
softirq 819059193 573210766 29352455 730282 58525431 400866 0 98768779 37606539 588 20463487

cpu  812510 36845 1362090 502864133 108283 0 2450609 0 0 0
cpu0 109960 9541 189818 125975608 29446 0 575124 0 0 0
cpu1 446200 10657 756402 124837204 22184 0 707944 0 0 0
cpu2 130398 2862 218158 126031286 29277 0 598248 0 0 0
cpu3 125950 13783 197711 126020033 27374 0 569292 0 0 0
intr 11510840001 0 0 2549415 81 0 692335 31261801 0 0 0 8969959 0 0 0 0 0 0 0 0 0 0 0 0 0 0 0 0 0 0 0 0 0 0 0 0 0 0 0 0 0 0 0 0 0 0 0 0 0 0 0 0 2031081743 0 0 0 0 0 0 0 0 723375 0 400934 0 0 0 0 0 0 0 0 0 0 0 654211354 1 0 0 0 0 0 0 0 0 0 0 0 0 0 0 0 0 0 0 0 0 0 0 393169 4219 0 0 0 0 16464430 0 0 0 0 0 0 0 0 0 0 0 0 0 0 0 0 0 0 0 0 0 0 0 0 0 0 0 0 0 0 0 0 0 0 0 0 0 0 0 0 0 0 0 0 0 0 0 0 0 0 0 0 0 0 0 0 0 0 0 0 0 0 0 0 0 0 0 0 0 0 0 0 0 0 0 174152595 0 0 0
ctxt 372183205
btime 1669654930
processes 523820
procs_running 1
procs_blocked 0
softirq 819062977 573213415 29352533 730282 58525611 400866 0 98769129 37606767 588 20463786

cpu  812510 36845 1362091 502864310 108283 0 2450621 0 0 0
cpu0 109960 9541 189818 125975653 29446 0 575128 0 0 0
cpu1 446200 10657 756403 124837248 22184 0 707946 0 0 0
cpu2 130399 2862 218158 126031330 29277 0 598251 0 0 0
cpu3 125950 13783 197711 126020078 27374 0 569295 0 0 0
intr 11510846624 0 0 2549415 81 0 692335 31261826 0 0 0 8969964 0 0 0 0 0 0 0 0 0 0 0 0 0 0 0 0 0 0 0 0 0 0 0 0 0 0 0 0 0 0 0 0 0 0 0 0 0 0 0 0 2031086728 0 0 0 0 0 0 0 0 723376 0 400934 0 0 0 0 0 0 0 0 0 0 0 654212533 1 0 0 0 0 0 0 0 0 0 0 0 0 0 0 0 0 0 0 0 0 0 0 393169 4219 0 0 0 0 16464445 0 0 0 0 0 0 0 0 0 0 0 0 0 0 0 0 0 0 0 0 0 0 0 0 0 0 0 0 0 0 0 0 0 0 0 0 0 0 0 0 0 0 0 0 0 0 0 0 0 0 0 0 0 0 0 0 0 0 0 0 0 0 0 0 0 0 0 0 0 0 0 0 0 0 0 174153007 0 0 0
ctxt 372183675
btime 1669654930
processes 523820
procs_running 1
procs_blocked 0
softirq 819066598 573215956 29352616 730282 58525792 400866 0 98769422 37606980 588 20464096

cpu  812510 36845 1362092 502864488 108283 0 2450638 0 0 0
cpu0 109960 9541 189818 125975698 29446 0 575132 0 0 0
cpu1 446200 10657 756403 124837292 22184 0 707950 0 0 0
cpu2 130399 2862 218158 126031374 29277 0 598256 0 0 0
cpu3 125950 13783 197712 126020123 27374 0 569299 0 0 0
intr 11510853350 0 0 2549415 81 0 692335 31261857 0 0 0 8969969 0 0 0 0 0 0 0 0 0 0 0 0 0 0 0 0 0 0 0 0 0 0 0 0 0 0 0 0 0 0 0 0 0 0 0 0 0 0 0 0 2031091745 0 0 0 0 0 0 0 0 723377 0 400934 0 0 0 0 0 0 0 0 0 0 0 654213750 1 0 0 0 0 0 0 0 0 0 0 0 0 0 0 0 0 0 0 0 0 0 0 393169 4219 0 0 0 0 16464460 0 0 0 0 0 0 0 0 0 0 0 0 0 0 0 0 0 0 0 0 0 0 0 0 0 0 0 0 0 0 0 0 0 0 0 0 0 0 0 0 0 0 0 0 0 0 0 0 0 0 0 0 0 0 0 0 0 0 0 0 0 0 0 0 0 0 0 0 0 0 0 0 0 0 0 174153447 0 0 0
ctxt 372184162
btime 1669654930
processes 523820
procs_running 1
procs_blocked 0
softirq 819070275 573218522 29352695 730282 58525985 400866 0 98769722 37607206 588 20464409

cpu  812510 36845 1362092 502864666 108283 0 2450652 0 0 0
cpu0 109960 9541 189818 125975743 29446 0 575135 0 0 0
cpu1 446200 10657 756403 124837335 22184 0 707955 0 0 0
cpu2 130399 2862 218158 126031419 29277 0 598259 0 0 0
cpu3 125950 13783 197712 126020167 27374 0 569302 0 0 0
intr 11510860017 0 0 2549416 81 0 692335 31261890 0 0 0 8969974 0 0 0 0 0 0 0 0 0 0 0 0 0 0 0 0 0 0 0 0 0 0 0 0 0 0 0 0 0 0 0 0 0 0 0 0 0 0 0 0 2031096717 0 0 0 0 0 0 0 0 723378 0 400934 0 0 0 0 0 0 0 0 0 0 0 654214928 1 0 0 0 0 0 0 0 0 0 0 0 0 0 0 0 0 0 0 0 0 0 0 393169 4219 0 0 0 0 16464479 0 0 0 0 0 0 0 0 0 0 0 0 0 0 0 0 0 0 0 0 0 0 0 0 0 0 0 0 0 0 0 0 0 0 0 0 0 0 0 0 0 0 0 0 0 0 0 0 0 0 0 0 0 0 0 0 0 0 0 0 0 0 0 0 0 0 0 0 0 0 0 0 0 0 0 174153904 0 0 0
ctxt 372184632
btime 1669654930
processes 523820
procs_running 1
procs_blocked 0
softirq 819073872 573221085 29352774 730282 58526169 400866 0 98769971 37607439 588 20464698

cpu  812511 36845 1362093 502864845 108283 0 2450666 0 0 0
cpu0 109960 9541 189818 125975788 29446 0 575138 0 0 0
cpu1 446200 10657 756403 124837380 22184 0 707959 0 0 0
cpu2 130400 2862 218159 126031463 29277 0 598263 0 0 0
cpu3 125950 13783 197712 126020212 27374 0 569304 0 0 0
intr 11510866723 0 0 2549416 81 0 692335 31261923 0 0 0 8969979 0 0 0 0 0 0 0 0 0 0 0 0 0 0 0 0 0 0 0 0 0 0 0 0 0 0 0 0 0 0 0 0 0 0 0 0 0 0 0 0 2031101709 0 0 0 0 0 0 0 0 723379 0 400934 0 0 0 0 0 0 0 0 0 0 0 654216132 1 0 0 0 0 0 0 0 0 0 0 0 0 0 0 0 0 0 0 0 0 0 0 393169 4219 0 0 0 0 16464494 0 0 0 0 0 0 0 0 0 0 0 0 0 0 0 0 0 0 0 0 0 0 0 0 0 0 0 0 0 0 0 0 0 0 0 0 0 0 0 0 0 0 0 0 0 0 0 0 0 0 0 0 0 0 0 0 0 0 0 0 0 0 0 0 0 0 0 0 0 0 0 0 0 0 0 174154361 0 0 0
ctxt 372185079
btime 1669654930
processes 523820
procs_running 1
procs_blocked 0
softirq 819077420 573223487 29352849 730282 58526396 400866 0 98770277 37607673 588 20465002

cpu  812511 36845 1362094 502865025 108283 0 2450680 0 0 0
cpu0 109960 9541 189818 125975833 29446 0 575141 0 0 0
cpu1 446200 10657 756404 124837425 22184 0 707964 0 0 0
cpu2 130400 2862 218159 126031508 29277 0 598266 0 0 0
cpu3 125950 13783 197712 126020257 27374 0 569308 0 0 0
intr 11510873400 0 0 2549416 81 0 692335 31261946 0 0 0 8969984 0 0 0 0 0 0 0 0 0 0 0 0 0 0 0 0 0 0 0 0 0 0 0 0 0 0 0 0 0 0 0 0 0 0 0 0 0 0 0 0 2031106665 0 0 0 0 0 0 0 0 723380 0 400934 0 0 0 0 0 0 0 0 0 0 0 654217322 1 0 0 0 0 0 0 0 0 0 0 0 0 0 0 0 0 0 0 0 0 0 0 393169 4219 0 0 0 0 16464509 0 0 0 0 0 0 0 0 0 0 0 0 0 0 0 0 0 0 0 0 0 0 0 0 0 0 0 0 0 0 0 0 0 0 0 0 0 0 0 0 0 0 0 0 0 0 0 0 0 0 0 0 0 0 0 0 0 0 0 0 0 0 0 0 0 0 0 0 0 0 0 0 0 0 0 174154850 0 0 0
ctxt 372185449
btime 1669654930
processes 523820
procs_running 1
procs_blocked 0
softirq 819080702 573225418 29352920 730282 58526701 400866 0 98770748 37607906 588 20465273

cpu  812512 36845 1362095 502865203 108283 0 2450695 0 0 0
cpu0 109960 9541 189818 125975878 29446 0 575144 0 0 0
cpu1 446200 10657 756404 124837469 22184 0 707968 0 0 0
cpu2 130400 2862 218160 126031553 29277 0 598271 0 0 0
cpu3 125950 13783 197712 126020302 27374 0 569311 0 0 0
intr 11510880111 0 0 2549416 81 0 692335 31261976 0 0 0 8969989 0 0 0 0 0 0 0 0 0 0 0 0 0 0 0 0 0 0 0 0 0 0 0 0 0 0 0 0 0 0 0 0 0 0 0 0 0 0 0 0 2031111670 0 0 0 0 0 0 0 0 723381 0 400934 0 0 0 0 0 0 0 0 0 0 0 654218526 1 0 0 0 0 0 0 0 0 0 0 0 0 0 0 0 0 0 0 0 0 0 0 393169 4219 0 0 0 0 16464524 0 0 0 0 0 0 0 0 0 0 0 0 0 0 0 0 0 0 0 0 0 0 0 0 0 0 0 0 0 0 0 0 0 0 0 0 0 0 0 0 0 0 0 0 0 0 0 0 0 0 0 0 0 0 0 0 0 0 0 0 0 0 0 0 0 0 0 0 0 0 0 0 0 0 0 174155299 0 0 0
ctxt 372185921
btime 1669654930
processes 523820
procs_running 1
procs_blocked 0
softirq 819084607 573228165 29352992 730282 58526905 400866 0 98771102 37608125 588 20465582

cpu  812512 36845 1362095 502865381 108283 0 2450711 0 0 0
cpu0 109960 9541 189818 125975922 29446 0 575149 0 0 0
cpu1 446200 10657 756404 124837514 22184 0 707972 0 0 0
cpu2 130401 2862 218160 126031597 29277 0 598274 0 0 0
cpu3 125950 13783 197712 126020346 27375 0 569314 0 0 0
intr 11510886784 0 0 2549417 81 0 692335 31262003 0 0 0 8969994 0 0 0 0 0 0 0 0 0 0 0 0 0 0 0 0 0 0 0 0 0 0 0 0 0 0 0 0 0 0 0 0 0 0 0 0 0 0 0 0 2031116658 0 0 0 0 0 0 0 0 723382 0 400936 0 0 0 0 0 0 0 0 0 0 0 654219705 1 0 0 0 0 0 0 0 0 0 0 0 0 0 0 0 0 0 0 0 0 0 0 393171 4219 0 0 0 0 16464539 0 0 0 0 0 0 0 0 0 0 0 0 0 0 0 0 0 0 0 0 0 0 0 0 0 0 0 0 0 0 0 0 0 0 0 0 0 0 0 0 0 0 0 0 0 0 0 0 0 0 0 0 0 0 0 0 0 0 0 0 0 0 0 0 0 0 0 0 0 0 0 0 0 0 0 174155752 0 0 0
ctxt 372186428
btime 1669654930
processes 523820
procs_running 1
procs_blocked 0
softirq 819088372 573230767 29353070 730282 58527100 400868 0 98771453 37608356 588 20465888

cpu  812514 36845 1362101 502865550 108283 0 2450725 0 0 0
cpu0 109961 9541 189820 125975964 29446 0 575152 0 0 0
cpu1 446200 10657 756406 124837556 22184 0 707976 0 0 0
cpu2 130401 2862 218160 126031640 29277 0 598277 0 0 0
cpu3 125951 13783 197713 126020388 27375 0 569319 0 0 0
intr 11510893576 0 0 2549419 81 0 692348 31262076 0 0 0 8969998 0 0 0 0 0 0 0 0 0 0 0 0 0 0 0 0 0 0 0 0 0 0 0 0 0 0 0 0 0 0 0 0 0 0 0 0 0 0 0 0 2031121655 0 0 0 0 0 0 0 0 723383 0 400936 0 0 0 0 0 0 0 0 0 0 0 654220900 1 0 0 0 0 0 0 0 0 0 0 0 0 0 0 0 0 0 0 0 0 0 0 393171 4219 0 0 0 0 16464571 0 0 0 0 0 0 0 0 0 0 0 0 0 0 0 0 0 0 0 0 0 0 0 0 0 0 0 0 0 0 0 0 0 0 0 0 0 0 0 0 0 0 0 0 0 0 0 0 0 0 0 0 0 0 0 0 0 0 0 0 0 0 0 0 0 0 0 0 0 0 0 0 0 0 0 174156227 0 0 0
ctxt 372187019
btime 1669654930
processes 523831
procs_running 1
procs_blocked 0
softirq 819092158 573233347 29353157 730282 58527275 400868 0 98771769 37608606 588 20466266

cpu  812515 36845 1362102 502865727 108283 0 2450740 0 0 0
cpu0 109961 9541 189820 125976009 29446 0 575156 0 0 0
cpu1 446200 10657 756406 124837601 22184 0 707978 0 0 0
cpu2 130401 2862 218160 126031684 29277 0 598281 0 0 0
cpu3 125951 13783 197713 126020432 27375 0 569323 0 0 0
intr 11510900318 0 0 2549421 81 0 692348 31262123 0 0 0 8970003 0 0 0 0 0 0 0 0 0 0 0 0 0 0 0 0 0 0 0 0 0 0 0 0 0 0 0 0 0 0 0 0 0 0 0 0 0 0 0 0 2031126656 0 0 0 0 0 0 0 0 723384 0 400936 0 0 0 0 0 0 0 0 0 0 0 654222096 1 0 0 0 0 0 0 0 0 0 0 0 0 0 0 0 0 0 0 0 0 0 0 393171 4219 0 0 0 0 16464603 0 0 0 0 0 0 0 0 0 0 0 0 0 0 0 0 0 0 0 0 0 0 0 0 0 0 0 0 0 0 0 0 0 0 0 0 0 0 0 0 0 0 0 0 0 0 0 0 0 0 0 0 0 0 0 0 0 0 0 0 0 0 0 0 0 0 0 0 0 0 0 0 0 0 0 174156684 0 0 0
ctxt 372187544
btime 1669654930
processes 523831
procs_running 1
procs_blocked 0
softirq 819096121 573236161 29353240 730282 58527477 400868 0 98772094 37608834 588 20466577

cpu  812515 36845 1362103 502865904 108283 0 2450754 0 0 0
cpu0 109961 9541 189820 125976054 29446 0 575160 0 0 0
cpu1 446200 10657 756407 124837644 22184 0 707982 0 0 0
cpu2 130401 2862 218161 126031728 29277 0 598285 0 0 0
cpu3 125951 13783 197714 126020476 27375 0 569326 0 0 0
intr 11510907049 0 0 2549425 81 0 692348 31262159 0 0 0 8970008 0 0 0 0 0 0 0 0 0 0 0 0 0 0 0 0 0 0 0 0 0 0 0 0 0 0 0 0 0 0 0 0 0 0 0 0 0 0 0 0 2031131655 0 0 0 0 0 0 0 0 723385 0 400936 0 0 0 0 0 0 0 0 0 0 0 654223296 1 0 0 0 0 0 0 0 0 0 0 0 0 0 0 0 0 0 0 0 0 0 0 393171 4219 0 0 0 0 16464625 0 0 0 0 0 0 0 0 0 0 0 0 0 0 0 0 0 0 0 0 0 0 0 0 0 0 0 0 0 0 0 0 0 0 0 0 0 0 0 0 0 0 0 0 0 0 0 0 0 0 0 0 0 0 0 0 0 0 0 0 0 0 0 0 0 0 0 0 0 0 0 0 0 0 0 174157150 0 0 0
ctxt 372188053
btime 1669654930
processes 523831
procs_running 1
procs_blocked 0
softirq 819099939 573238857 29353323 730283 58527671 400868 0 98772398 37609069 588 20466882

cpu  812515 36845 1362103 502866082 108283 0 2450771 0 0 0
cpu0 109961 9541 189820 125976098 29446 0 575165 0 0 0
cpu1 446200 10657 756407 124837689 22184 0 707988 0 0 0
cpu2 130402 2862 218161 126031772 29277 0 598288 0 0 0
cpu3 125951 13783 197714 126020521 27375 0 569329 0 0 0
intr 11510913713 0 0 2549426 81 0 692348 31262187 0 0 0 8970013 0 0 0 0 0 0 0 0 0 0 0 0 0 0 0 0 0 0 0 0 0 0 0 0 0 0 0 0 0 0 0 0 0 0 0 0 0 0 0 0 2031136628 0 0 0 0 0 0 0 0 723386 0 400936 0 0 0 0 0 0 0 0 0 0 0 654224473 1 0 0 0 0 0 0 0 0 0 0 0 0 0 0 0 0 0 0 0 0 0 0 393171 4219 0 0 0 0 16464640 0 0 0 0 0 0 0 0 0 0 0 0 0 0 0 0 0 0 0 0 0 0 0 0 0 0 0 0 0 0 0 0 0 0 0 0 0 0 0 0 0 0 0 0 0 0 0 0 0 0 0 0 0 0 0 0 0 0 0 0 0 0 0 0 0 0 0 0 0 0 0 0 0 0 0 174157613 0 0 0
ctxt 372188534
btime 1669654930
processes 523831
procs_running 1
procs_blocked 0
softirq 819103676 573241472 29353403 730283 58527870 400868 0 98772703 37609302 588 20467187

cpu  812516 36845 1362103 502866271 108283 0 2450776 0 0 0
cpu0 109961 9541 189820 125976146 29446 0 575165 0 0 0
cpu1 446200 10657 756407 124837736 22184 0 707989 0 0 0
cpu2 130402 2862 218161 126031820 29277 0 598290 0 0 0
cpu3 125952 13783 197714 126020568 27375 0 569331 0 0 0
intr 11510918884 0 0 2549428 81 0 692348 31262221 0 0 0 8970018 0 0 0 0 0 0 0 0 0 0 0 0 0 0 0 0 0 0 0 0 0 0 0 0 0 0 0 0 0 0 0 0 0 0 0 0 0 0 0 0 2031141007 0 0 0 0 0 0 0 0 723387 0 400936 0 0 0 0 0 0 0 0 0 0 0 654225009 1 0 0 0 0 0 0 0 0 0 0 0 0 0 0 0 0 0 0 0 0 0 0 393171 4219 0 0 0 0 16464662 0 0 0 0 0 0 0 0 0 0 0 0 0 0 0 0 0 0 0 0 0 0 0 0 0 0 0 0 0 0 0 0 0 0 0 0 0 0 0 0 0 0 0 0 0 0 0 0 0 0 0 0 0 0 0 0 0 0 0 0 0 0 0 0 0 0 0 0 0 0 0 0 0 0 0 174157804 0 0 0
ctxt 372188816
btime 1669654930
processes 523831
procs_running 1
procs_blocked 0
softirq 819105182 573242525 29353442 730283 58527940 400868 0 98772802 37609398 588 20467336

cpu  812516 36845 1362104 502866468 108283 0 2450776 0 0 0
cpu0 109961 9541 189820 125976195 29446 0 575165 0 0 0
cpu1 446200 10657 756407 124837785 22184 0 707989 0 0 0
cpu2 130402 2862 218162 126031869 29277 0 598290 0 0 0
cpu3 125952 13783 197714 126020618 27375 0 569331 0 0 0
intr 11510923080 0 0 2549428 81 0 692348 31262242 0 0 0 8970022 0 0 0 0 0 0 0 0 0 0 0 0 0 0 0 0 0 0 0 0 0 0 0 0 0 0 0 0 0 0 0 0 0 0 0 0 0 0 0 0 2031145003 0 0 0 0 0 0 0 0 723388 0 400936 0 0 0 0 0 0 0 0 0 0 0 654225137 1 0 0 0 0 0 0 0 0 0 0 0 0 0 0 0 0 0 0 0 0 0 0 393171 4219 0 0 0 0 16464677 0 0 0 0 0 0 0 0 0 0 0 0 0 0 0 0 0 0 0 0 0 0 0 0 0 0 0 0 0 0 0 0 0 0 0 0 0 0 0 0 0 0 0 0 0 0 0 0 0 0 0 0 0 0 0 0 0 0 0 0 0 0 0 0 0 0 0 0 0 0 0 0 0 0 0 174157835 0 0 0
ctxt 372188909
btime 1669654930
processes 523831
procs_running 1
procs_blocked 0
softirq 819105239 573242525 29353455 730283 58527941 400868 0 98772816 37609415 588 20467348

cpu  812516 36845 1362104 502866665 108283 0 2450776 0 0 0
cpu0 109961 9541 189820 125976244 29446 0 575165 0 0 0
cpu1 446200 10657 756407 124837835 22184 0 707989 0 0 0
cpu2 130402 2862 218162 126031918 29277 0 598290 0 0 0
cpu3 125952 13783 197714 126020667 27375 0 569331 0 0 0
intr 11510927336 0 0 2549428 81 0 692348 31262269 0 0 0 8970026 0 0 0 0 0 0 0 0 0 0 0 0 0 0 0 0 0 0 0 0 0 0 0 0 0 0 0 0 0 0 0 0 0 0 0 0 0 0 0 0 2031149032 0 0 0 0 0 0 0 0 723389 0 400936 0 0 0 0 0 0 0 0 0 0 0 654225291 1 0 0 0 0 0 0 0 0 0 0 0 0 0 0 0 0 0 0 0 0 0 0 393171 4219 0 0 0 0 16464692 0 0 0 0 0 0 0 0 0 0 0 0 0 0 0 0 0 0 0 0 0 0 0 0 0 0 0 0 0 0 0 0 0 0 0 0 0 0 0 0 0 0 0 0 0 0 0 0 0 0 0 0 0 0 0 0 0 0 0 0 0 0 0 0 0 0 0 0 0 0 0 0 0 0 0 174157862 0 0 0
ctxt 372189003
btime 1669654930
processes 523831
procs_running 1
procs_blocked 0
softirq 819105304 573242533 29353468 730283 58527942 400868 0 98772831 37609432 588 20467359

cpu  812516 36845 1362104 502866862 108283 0 2450776 0 0 0
cpu0 109961 9541 189820 125976294 29446 0 575165 0 0 0
cpu1 446200 10657 756407 124837884 22184 0 707989 0 0 0
cpu2 130402 2862 218162 126031967 29277 0 598290 0 0 0
cpu3 125952 13783 197714 126020716 27375 0 569331 0 0 0
intr 11510931534 0 0 2549429 81 0 692348 31262287 0 0 0 8970030 0 0 0 0 0 0 0 0 0 0 0 0 0 0 0 0 0 0 0 0 0 0 0 0 0 0 0 0 0 0 0 0 0 0 0 0 0 0 0 0 2031153028 0 0 0 0 0 0 0 0 723390 0 400936 0 0 0 0 0 0 0 0 0 0 0 654225419 1 0 0 0 0 0 0 0 0 0 0 0 0 0 0 0 0 0 0 0 0 0 0 393171 4219 0 0 0 0 16464707 0 0 0 0 0 0 0 0 0 0 0 0 0 0 0 0 0 0 0 0 0 0 0 0 0 0 0 0 0 0 0 0 0 0 0 0 0 0 0 0 0 0 0 0 0 0 0 0 0 0 0 0 0 0 0 0 0 0 0 0 0 0 0 0 0 0 0 0 0 0 0 0 0 0 0 174157897 0 0 0
ctxt 372189088
btime 1669654930
processes 523831
procs_running 1
procs_blocked 0
softirq 819105369 573242533 29353484 730283 58527943 400868 0 98772845 37609454 588 20467371

cpu  812517 36845 1362104 502867059 108283 0 2450776 0 0 0
cpu0 109961 9541 189820 125976343 29446 0 575165 0 0 0
cpu1 446200 10657 756407 124837933 22184 0 707989 0 0 0
cpu2 130403 2862 218162 126032016 29277 0 598290 0 0 0
cpu3 125952 13783 197714 126020765 27375 0 569331 0 0 0
intr 11510935785 0 0 2549429 81 0 692348 31262309 0 0 0 8970034 0 0 0 0 0 0 0 0 0 0 0 0 0 0 0 0 0 0 0 0 0 0 0 0 0 0 0 0 0 0 0 0 0 0 0 0 0 0 0 0 2031157056 0 0 0 0 0 0 0 0 723391 0 400936 0 0 0 0 0 0 0 0 0 0 0 654225573 1 0 0 0 0 0 0 0 0 0 0 0 0 0 0 0 0 0 0 0 0 0 0 393171 4219 0 0 0 0 16464722 0 0 0 0 0 0 0 0 0 0 0 0 0 0 0 0 0 0 0 0 0 0 0 0 0 0 0 0 0 0 0 0 0 0 0 0 0 0 0 0 0 0 0 0 0 0 0 0 0 0 0 0 0 0 0 0 0 0 0 0 0 0 0 0 0 0 0 0 0 0 0 0 0 0 0 174157924 0 0 0
ctxt 372189184
btime 1669654930
processes 523831
procs_running 1
procs_blocked 0
softirq 819105433 573242541 29353497 730283 58527944 400868 0 98772861 37609470 588 20467381

cpu  812517 36845 1362104 502867256 108283 0 2450776 0 0 0
cpu0 109961 9541 189820 125976392 29446 0 575165 0 0 0
cpu1 446200 10657 756407 124837983 22184 0 707989 0 0 0
cpu2 130403 2862 218162 126032065 29277 0 598290 0 0 0
cpu3 125952 13783 197714 126020815 27375 0 569331 0 0 0
intr 11510939972 0 0 2549429 81 0 692348 31262327 0 0 0 8970037 0 0 0 0 0 0 0 0 0 0 0 0 0 0 0 0 0 0 0 0 0 0 0 0 0 0 0 0 0 0 0 0 0 0 0 0 0 0 0 0 2031161051 0 0 0 0 0 0 0 0 723392 0 400936 0 0 0 0 0 0 0 0 0 0 0 654225701 1 0 0 0 0 0 0 0 0 0 0 0 0 0 0 0 0 0 0 0 0 0 0 393171 4219 0 0 0 0 16464737 0 0 0 0 0 0 0 0 0 0 0 0 0 0 0 0 0 0 0 0 0 0 0 0 0 0 0 0 0 0 0 0 0 0 0 0 0 0 0 0 0 0 0 0 0 0 0 0 0 0 0 0 0 0 0 0 0 0 0 0 0 0 0 0 0 0 0 0 0 0 0 0 0 0 0 174157951 0 0 0
ctxt 372189259
btime 1669654930
processes 523831
procs_running 1
procs_blocked 0
softirq 819105483 573242541 29353509 730283 58527945 400868 0 98772874 37609485 588 20467390

cpu  812518 36845 1362104 502867454 108283 0 2450776 0 0 0
cpu0 109961 9541 189820 125976441 29446 0 575165 0 0 0
cpu1 446200 10657 756407 124838032 22184 0 707989 0 0 0
cpu2 130404 2862 218162 126032114 29277 0 598290 0 0 0
cpu3 125952 13783 197714 126020864 27375 0 569331 0 0 0
intr 11510944229 0 0 2549429 81 0 692348 31262351 0 0 0 8970041 0 0 0 0 0 0 0 0 0 0 0 0 0 0 0 0 0 0 0 0 0 0 0 0 0 0 0 0 0 0 0 0 0 0 0 0 0 0 0 0 2031165080 0 0 0 0 0 0 0 0 723393 0 400936 0 0 0 0 0 0 0 0 0 0 0 654225855 1 0 0 0 0 0 0 0 0 0 0 0 0 0 0 0 0 0 0 0 0 0 0 393171 4219 0 0 0 0 16464752 0 0 0 0 0 0 0 0 0 0 0 0 0 0 0 0 0 0 0 0 0 0 0 0 0 0 0 0 0 0 0 0 0 0 0 0 0 0 0 0 0 0 0 0 0 0 0 0 0 0 0 0 0 0 0 0 0 0 0 0 0 0 0 0 0 0 0 0 0 0 0 0 0 0 0 174157980 0 0 0
ctxt 372189363
btime 1669654930
processes 523831
procs_running 1
procs_blocked 0
softirq 819105553 573242549 29353523 730283 58527946 400868 0 98772892 37609503 588 20467401

cpu  812518 36845 1362105 502867650 108283 0 2450776 0 0 0
cpu0 109961 9541 189821 125976491 29446 0 575165 0 0 0
cpu1 446200 10657 756407 124838081 22184 0 707989 0 0 0
cpu2 130404 2862 218162 126032164 29277 0 598290 0 0 0
cpu3 125952 13783 197714 126020912 27375 0 569331 0 0 0
intr 11510948459 0 0 2549430 81 0 692348 31262374 0 0 0 8970045 0 0 0 0 0 0 0 0 0 0 0 0 0 0 0 0 0 0 0 0 0 0 0 0 0 0 0 0 0 0 0 0 0 0 0 0 0 0 0 0 2031169084 0 0 0 0 0 0 0 0 723394 0 400939 0 0 0 0 0 0 0 0 0 0 0 654225983 1 0 0 0 0 0 0 0 0 0 0 0 0 0 0 0 0 0 0 0 0 0 0 393174 4219 0 0 0 0 16464767 0 0 0 0 0 0 0 0 0 0 0 0 0 0 0 0 0 0 0 0 0 0 0 0 0 0 0 0 0 0 0 0 0 0 0 0 0 0 0 0 0 0 0 0 0 0 0 0 0 0 0 0 0 0 0 0 0 0 0 0 0 0 0 0 0 0 0 0 0 0 0 0 0 0 0 174158029 0 0 0
ctxt 372189490
btime 1669654930
processes 523831
procs_running 1
procs_blocked 0
softirq 819105636 573242549 29353540 730283 58527947 400871 0 98772914 37609524 588 20467420

cpu  812518 36845 1362106 502867846 108283 0 2450776 0 0 0
cpu0 109961 9541 189821 125976540 29446 0 575165 0 0 0
cpu1 446200 10657 756407 124838131 22184 0 707989 0 0 0
cpu2 130404 2862 218162 126032213 29277 0 598290 0 0 0
cpu3 125952 13783 197714 126020962 27375 0 569331 0 0 0
intr 11510952712 0 0 2549430 81 0 692348 31262399 0 0 0 8970049 0 0 0 0 0 0 0 0 0 0 0 0 0 0 0 0 0 0 0 0 0 0 0 0 0 0 0 0 0 0 0 0 0 0 0 0 0 0 0 0 2031173103 0 0 0 0 0 0 0 0 723395 0 400939 0 0 0 0 0 0 0 0 0 0 0 654226137 1 0 0 0 0 0 0 0 0 0 0 0 0 0 0 0 0 0 0 0 0 0 0 393174 4219 0 0 0 0 16464782 0 0 0 0 0 0 0 0 0 0 0 0 0 0 0 0 0 0 0 0 0 0 0 0 0 0 0 0 0 0 0 0 0 0 0 0 0 0 0 0 0 0 0 0 0 0 0 0 0 0 0 0 0 0 0 0 0 0 0 0 0 0 0 0 0 0 0 0 0 0 0 0 0 0 0 174158064 0 0 0
ctxt 372189601
btime 1669654930
processes 523831
procs_running 1
procs_blocked 0
softirq 819105710 573242557 29353556 730284 58527948 400871 0 98772928 37609547 588 20467431

cpu  812518 36845 1362106 502868043 108283 0 2450777 0 0 0
cpu0 109961 9541 189821 125976589 29446 0 575166 0 0 0
cpu1 446200 10657 756407 124838180 22184 0 707989 0 0 0
cpu2 130404 2862 218162 126032262 29277 0 598290 0 0 0
cpu3 125952 13783 197714 126021011 27375 0 569331 0 0 0
intr 11510956901 0 0 2549430 81 0 692348 31262417 0 0 0 8970053 0 0 0 0 0 0 0 0 0 0 0 0 0 0 0 0 0 0 0 0 0 0 0 0 0 0 0 0 0 0 0 0 0 0 0 0 0 0 0 0 2031177099 0 0 0 0 0 0 0 0 723396 0 400939 0 0 0 0 0 0 0 0 0 0 0 654226265 1 0 0 0 0 0 0 0 0 0 0 0 0 0 0 0 0 0 0 0 0 0 0 393174 4219 0 0 0 0 16464797 0 0 0 0 0 0 0 0 0 0 0 0 0 0 0 0 0 0 0 0 0 0 0 0 0 0 0 0 0 0 0 0 0 0 0 0 0 0 0 0 0 0 0 0 0 0 0 0 0 0 0 0 0 0 0 0 0 0 0 0 0 0 0 0 0 0 0 0 0 0 0 0 0 0 0 174158091 0 0 0
ctxt 372189673
btime 1669654930
processes 523831
procs_running 1
procs_blocked 0
softirq 819105762 573242557 29353568 730284 58527949 400871 0 98772941 37609562 588 20467442

cpu  812519 36845 1362106 502868240 108283 0 2450777 0 0 0
cpu0 109961 9541 189821 125976638 29446 0 575166 0 0 0
cpu1 446200 10657 756407 124838230 22184 0 707989 0 0 0
cpu2 130405 2862 218162 126032310 29277 0 598290 0 0 0
cpu3 125952 13783 197714 126021060 27375 0 569331 0 0 0
intr 11510961166 0 0 2549430 81 0 692348 31262440 0 0 0 8970057 0 0 0 0 0 0 0 0 0 0 0 0 0 0 0 0 0 0 0 0 0 0 0 0 0 0 0 0 0 0 0 0 0 0 0 0 0 0 0 0 2031181129 0 0 0 0 0 0 0 0 723397 0 400939 0 0 0 0 0 0 0 0 0 0 0 654226419 1 0 0 0 0 0 0 0 0 0 0 0 0 0 0 0 0 0 0 0 0 0 0 393174 4219 0 0 0 0 16464812 0 0 0 0 0 0 0 0 0 0 0 0 0 0 0 0 0 0 0 0 0 0 0 0 0 0 0 0 0 0 0 0 0 0 0 0 0 0 0 0 0 0 0 0 0 0 0 0 0 0 0 0 0 0 0 0 0 0 0 0 0 0 0 0 0 0 0 0 0 0 0 0 0 0 0 174158129 0 0 0
ctxt 372189785
btime 1669654930
processes 523831
procs_running 1
procs_blocked 0
softirq 819105837 573242565 29353586 730284 58527950 400871 0 98772957 37609583 588 20467453

cpu  812520 36845 1362106 502868437 108283 0 2450777 0 0 0
cpu0 109961 9541 189821 125976687 29446 0 575166 0 0 0
cpu1 446200 10657 756407 124838279 22184 0 707989 0 0 0
cpu2 130406 2862 218162 126032359 29277 0 598290 0 0 0
cpu3 125952 13783 197714 126021110 27375 0 569331 0 0 0
intr 11510965377 0 0 2549431 81 0 692348 31262464 0 0 0 8970060 0 0 0 0 0 0 0 0 0 0 0 0 0 0 0 0 0 0 0 0 0 0 0 0 0 0 0 0 0 0 0 0 0 0 0 0 0 0 0 0 2031185124 0 0 0 0 0 0 0 0 723398 0 400939 0 0 0 0 0 0 0 0 0 0 0 654226547 1 0 0 0 0 0 0 0 0 0 0 0 0 0 0 0 0 0 0 0 0 0 0 393174 4219 0 0 0 0 16464837 0 0 0 0 0 0 0 0 0 0 0 0 0 0 0 0 0 0 0 0 0 0 0 0 0 0 0 0 0 0 0 0 0 0 0 0 0 0 0 0 0 0 0 0 0 0 0 0 0 0 0 0 0 0 0 0 0 0 0 0 0 0 0 0 0 0 0 0 0 0 0 0 0 0 0 174158162 0 0 0
ctxt 372189875
btime 1669654930
processes 523831
procs_running 1
procs_blocked 0
softirq 819105905 573242565 29353601 730284 58527952 400871 0 98772977 37609603 588 20467464

cpu  812520 36845 1362106 502868634 108283 0 2450777 0 0 0
cpu0 109961 9541 189821 125976736 29446 0 575166 0 0 0
cpu1 446200 10657 756407 124838329 22184 0 707989 0 0 0
cpu2 130406 2862 218162 126032409 29277 0 598290 0 0 0
cpu3 125952 13783 197714 126021159 27375 0 569331 0 0 0
intr 11510969629 0 0 2549431 81 0 692348 31262487 0 0 0 8970065 0 0 0 0 0 0 0 0 0 0 0 0 0 0 0 0 0 0 0 0 0 0 0 0 0 0 0 0 0 0 0 0 0 0 0 0 0 0 0 0 2031189148 0 0 0 0 0 0 0 0 723399 0 400939 0 0 0 0 0 0 0 0 0 0 0 654226701 1 0 0 0 0 0 0 0 0 0 0 0 0 0 0 0 0 0 0 0 0 0 0 393174 4219 0 0 0 0 16464852 0 0 0 0 0 0 0 0 0 0 0 0 0 0 0 0 0 0 0 0 0 0 0 0 0 0 0 0 0 0 0 0 0 0 0 0 0 0 0 0 0 0 0 0 0 0 0 0 0 0 0 0 0 0 0 0 0 0 0 0 0 0 0 0 0 0 0 0 0 0 0 0 0 0 0 174158194 0 0 0
ctxt 372189971
btime 1669654930
processes 523831
procs_running 1
procs_blocked 0
softirq 819105974 573242573 29353617 730284 58527953 400871 0 98772991 37609623 588 20467474

cpu  812520 36845 1362106 502868831 108283 0 2450777 0 0 0
cpu0 109961 9541 189821 125976785 29446 0 575166 0 0 0
cpu1 446200 10657 756407 124838378 22184 0 707989 0 0 0
cpu2 130406 2862 218162 126032458 29277 0 598290 0 0 0
cpu3 125952 13783 197714 126021209 27375 0 569331 0 0 0
intr 11510973837 0 0 2549431 81 0 692348 31262507 0 0 0 8970069 0 0 0 0 0 0 0 0 0 0 0 0 0 0 0 0 0 0 0 0 0 0 0 0 0 0 0 0 0 0 0 0 0 0 0 0 0 0 0 0 2031193152 0 0 0 0 0 0 0 0 723400 0 400939 0 0 0 0 0 0 0 0 0 0 0 654226829 1 0 0 0 0 0 0 0 0 0 0 0 0 0 0 0 0 0 0 0 0 0 0 393174 4219 0 0 0 0 16464867 0 0 0 0 0 0 0 0 0 0 0 0 0 0 0 0 0 0 0 0 0 0 0 0 0 0 0 0 0 0 0 0 0 0 0 0 0 0 0 0 0 0 0 0 0 0 0 0 0 0 0 0 0 0 0 0 0 0 0 0 0 0 0 0 0 0 0 0 0 0 0 0 0 0 0 174158229 0 0 0
ctxt 372190055
btime 1669654930
processes 523831
procs_running 1
procs_blocked 0
softirq 819106036 573242573 29353633 730284 58527954 400871 0 98773004 37609644 588 20467485

cpu  812521 36845 1362106 502869028 108283 0 2450777 0 0 0
cpu0 109961 9541 189821 125976834 29446 0 575166 0 0 0
cpu1 446201 10657 756407 124838427 22184 0 707989 0 0 0
cpu2 130406 2862 218162 126032507 29277 0 598290 0 0 0
cpu3 125952 13783 197715 126021258 27375 0 569331 0 0 0
intr 11510978090 0 0 2549431 81 0 692348 31262531 0 0 0 8970073 0 0 0 0 0 0 0 0 0 0 0 0 0 0 0 0 0 0 0 0 0 0 0 0 0 0 0 0 0 0 0 0 0 0 0 0 0 0 0 0 2031197171 0 0 0 0 0 0 0 0 723401 0 400939 0 0 0 0 0 0 0 0 0 0 0 654226983 1 0 0 0 0 0 0 0 0 0 0 0 0 0 0 0 0 0 0 0 0 0 0 393174 4219 0 0 0 0 16464882 0 0 0 0 0 0 0 0 0 0 0 0 0 0 0 0 0 0 0 0 0 0 0 0 0 0 0 0 0 0 0 0 0 0 0 0 0 0 0 0 0 0 0 0 0 0 0 0 0 0 0 0 0 0 0 0 0 0 0 0 0 0 0 0 0 0 0 0 0 0 0 0 0 0 0 174158264 0 0 0
ctxt 372190159
btime 1669654930
processes 523831
procs_running 1
procs_blocked 0
softirq 819106113 573242581 29353650 730284 58527955 400871 0 98773019 37609668 588 20467497

cpu  812521 36845 1362107 502869225 108283 0 2450777 0 0 0
cpu0 109961 9541 189821 125976884 29446 0 575166 0 0 0
cpu1 446201 10657 756407 124838477 22184 0 707989 0 0 0
cpu2 130407 2862 218162 126032556 29277 0 598290 0 0 0
cpu3 125952 13783 197715 126021307 27375 0 569331 0 0 0
intr 11510982284 0 0 2549432 81 0 692348 31262549 0 0 0 8970076 0 0 0 0 0 0 0 0 0 0 0 0 0 0 0 0 0 0 0 0 0 0 0 0 0 0 0 0 0 0 0 0 0 0 0 0 0 0 0 0 2031201167 0 0 0 0 0 0 0 0 723402 0 400939 0 0 0 0 0 0 0 0 0 0 0 654227111 1 0 0 0 0 0 0 0 0 0 0 0 0 0 0 0 0 0 0 0 0 0 0 393174 4219 0 0 0 0 16464897 0 0 0 0 0 0 0 0 0 0 0 0 0 0 0 0 0 0 0 0 0 0 0 0 0 0 0 0 0 0 0 0 0 0 0 0 0 0 0 0 0 0 0 0 0 0 0 0 0 0 0 0 0 0 0 0 0 0 0 0 0 0 0 0 0 0 0 0 0 0 0 0 0 0 0 174158296 0 0 0
ctxt 372190236
btime 1669654930
processes 523831
procs_running 1
procs_blocked 0
softirq 819106170 573242581 29353665 730284 58527956 400871 0 98773032 37609685 588 20467508

cpu  812522 36845 1362107 502869422 108283 0 2450777 0 0 0
cpu0 109961 9541 189821 125976933 29446 0 575166 0 0 0
cpu1 446201 10657 756407 124838526 22184 0 707989 0 0 0
cpu2 130407 2862 218162 126032605 29277 0 598290 0 0 0
cpu3 125952 13783 197715 126021357 27375 0 569331 0 0 0
intr 11510986542 0 0 2549432 81 0 692348 31262573 0 0 0 8970080 0 0 0 0 0 0 0 0 0 0 0 0 0 0 0 0 0 0 0 0 0 0 0 0 0 0 0 0 0 0 0 0 0 0 0 0 0 0 0 0 2031205197 0 0 0 0 0 0 0 0 723403 0 400939 0 0 0 0 0 0 0 0 0 0 0 654227265 1 0 0 0 0 0 0 0 0 0 0 0 0 0 0 0 0 0 0 0 0 0 0 393174 4219 0 0 0 0 16464912 0 0 0 0 0 0 0 0 0 0 0 0 0 0 0 0 0 0 0 0 0 0 0 0 0 0 0 0 0 0 0 0 0 0 0 0 0 0 0 0 0 0 0 0 0 0 0 0 0 0 0 0 0 0 0 0 0 0 0 0 0 0 0 0 0 0 0 0 0 0 0 0 0 0 0 174158327 0 0 0
ctxt 372190342
btime 1669654930
processes 523831
procs_running 1
procs_blocked 0
softirq 819106237 573242589 29353679 730284 58527957 400871 0 98773050 37609701 588 20467518

cpu  812522 36845 1362107 502869619 108284 0 2450777 0 0 0
cpu0 109961 9541 189821 125976982 29446 0 575166 0 0 0
cpu1 446201 10657 756407 124838576 22184 0 707989 0 0 0
cpu2 130408 2862 218162 126032654 29277 0 598290 0 0 0
cpu3 125952 13783 197715 126021405 27375 0 569331 0 0 0
intr 11510990740 0 0 2549432 81 0 692348 31262594 0 0 0 8970084 0 0 0 0 0 0 0 0 0 0 0 0 0 0 0 0 0 0 0 0 0 0 0 0 0 0 0 0 0 0 0 0 0 0 0 0 0 0 0 0 2031209193 0 0 0 0 0 0 0 0 723404 0 400941 0 0 0 0 0 0 0 0 0 0 0 654227393 1 0 0 0 0 0 0 0 0 0 0 0 0 0 0 0 0 0 0 0 0 0 0 393176 4219 0 0 0 0 16464927 0 0 0 0 0 0 0 0 0 0 0 0 0 0 0 0 0 0 0 0 0 0 0 0 0 0 0 0 0 0 0 0 0 0 0 0 0 0 0 0 0 0 0 0 0 0 0 0 0 0 0 0 0 0 0 0 0 0 0 0 0 0 0 0 0 0 0 0 0 0 0 0 0 0 0 174158356 0 0 0
ctxt 372190446
btime 1669654930
processes 523831
procs_running 1
procs_blocked 0
softirq 819106300 573242589 29353693 730284 58527958 400873 0 98773069 37609718 588 20467528

cpu  812522 36845 1362107 502869816 108284 0 2450777 0 0 0
cpu0 109961 9541 189821 125977031 29446 0 575166 0 0 0
cpu1 446201 10657 756407 124838625 22184 0 707989 0 0 0
cpu2 130408 2862 218162 126032703 29277 0 598290 0 0 0
cpu3 125952 13783 197715 126021455 27375 0 569331 0 0 0
intr 11510995006 0 0 2549436 81 0 692348 31262620 0 0 0 8970088 0 0 0 0 0 0 0 0 0 0 0 0 0 0 0 0 0 0 0 0 0 0 0 0 0 0 0 0 0 0 0 0 0 0 0 0 0 0 0 0 2031213219 0 0 0 0 0 0 0 0 723405 0 400941 0 0 0 0 0 0 0 0 0 0 0 654227547 1 0 0 0 0 0 0 0 0 0 0 0 0 0 0 0 0 0 0 0 0 0 0 393176 4219 0 0 0 0 16464942 0 0 0 0 0 0 0 0 0 0 0 0 0 0 0 0 0 0 0 0 0 0 0 0 0 0 0 0 0 0 0 0 0 0 0 0 0 0 0 0 0 0 0 0 0 0 0 0 0 0 0 0 0 0 0 0 0 0 0 0 0 0 0 0 0 0 0 0 0 0 0 0 0 0 0 174158391 0 0 0
ctxt 372190556
btime 1669654930
processes 523831
procs_running 1
procs_blocked 0
softirq 819106367 573242597 29353710 730284 58527959 400873 0 98773083 37609735 588 20467538

cpu  812523 36845 1362107 502870013 108284 0 2450777 0 0 0
cpu0 109961 9541 189821 125977080 29446 0 575166 0 0 0
cpu1 446201 10657 756407 124838675 22184 0 707989 0 0 0
cpu2 130408 2862 218162 126032752 29277 0 598290 0 0 0
cpu3 125952 13783 197715 126021504 27375 0 569331 0 0 0
intr 11510999205 0 0 2549437 81 0 692348 31262638 0 0 0 8970091 0 0 0 0 0 0 0 0 0 0 0 0 0 0 0 0 0 0 0 0 0 0 0 0 0 0 0 0 0 0 0 0 0 0 0 0 0 0 0 0 2031217223 0 0 0 0 0 0 0 0 723406 0 400941 0 0 0 0 0 0 0 0 0 0 0 654227675 1 0 0 0 0 0 0 0 0 0 0 0 0 0 0 0 0 0 0 0 0 0 0 393176 4219 0 0 0 0 16464957 0 0 0 0 0 0 0 0 0 0 0 0 0 0 0 0 0 0 0 0 0 0 0 0 0 0 0 0 0 0 0 0 0 0 0 0 0 0 0 0 0 0 0 0 0 0 0 0 0 0 0 0 0 0 0 0 0 0 0 0 0 0 0 0 0 0 0 0 0 0 0 0 0 0 0 174158421 0 0 0
ctxt 372190636
btime 1669654930
processes 523831
procs_running 1
procs_blocked 0
softirq 819106419 573242597 29353724 730284 58527960 400873 0 98773096 37609749 588 20467548

cpu  812523 36845 1362108 502870210 108284 0 2450777 0 0 0
cpu0 109961 9541 189822 125977129 29446 0 575166 0 0 0
cpu1 446201 10657 756408 124838724 22184 0 707989 0 0 0
cpu2 130408 2862 218162 126032801 29277 0 598290 0 0 0
cpu3 125952 13783 197715 126021553 27375 0 569331 0 0 0
intr 11511003455 0 0 2549437 81 0 692348 31262663 0 0 0 8970094 0 0 0 0 0 0 0 0 0 0 0 0 0 0 0 0 0 0 0 0 0 0 0 0 0 0 0 0 0 0 0 0 0 0 0 0 0 0 0 0 2031221243 0 0 0 0 0 0 0 0 723407 0 400941 0 0 0 0 0 0 0 0 0 0 0 654227827 1 0 0 0 0 0 0 0 0 0 0 0 0 0 0 0 0 0 0 0 0 0 0 393176 4219 0 0 0 0 16464972 0 0 0 0 0 0 0 0 0 0 0 0 0 0 0 0 0 0 0 0 0 0 0 0 0 0 0 0 0 0 0 0 0 0 0 0 0 0 0 0 0 0 0 0 0 0 0 0 0 0 0 0 0 0 0 0 0 0 0 0 0 0 0 0 0 0 0 0 0 0 0 0 0 0 0 174158455 0 0 0
ctxt 372190744
btime 1669654930
processes 523831
procs_running 1
procs_blocked 0
softirq 819106496 573242605 29353742 730285 58527961 400873 0 98773110 37609772 588 20467560

cpu  812523 36845 1362108 502870407 108284 0 2450777 0 0 0
cpu0 109961 9541 189822 125977179 29446 0 575166 0 0 0
cpu1 446201 10657 756408 124838773 22184 0 707989 0 0 0
cpu2 130409 2862 218162 126032850 29277 0 598290 0 0 0
cpu3 125952 13783 197715 126021603 27375 0 569331 0 0 0
intr 11511007644 0 0 2549437 81 0 692348 31262679 0 0 0 8970097 0 0 0 0 0 0 0 0 0 0 0 0 0 0 0 0 0 0 0 0 0 0 0 0 0 0 0 0 0 0 0 0 0 0 0 0 0 0 0 0 2031225238 0 0 0 0 0 0 0 0 723408 0 400941 0 0 0 0 0 0 0 0 0 0 0 654227955 1 0 0 0 0 0 0 0 0 0 0 0 0 0 0 0 0 0 0 0 0 0 0 393176 4219 0 0 0 0 16464987 0 0 0 0 0 0 0 0 0 0 0 0 0 0 0 0 0 0 0 0 0 0 0 0 0 0 0 0 0 0 0 0 0 0 0 0 0 0 0 0 0 0 0 0 0 0 0 0 0 0 0 0 0 0 0 0 0 0 0 0 0 0 0 0 0 0 0 0 0 0 0 0 0 0 0 174158485 0 0 0
ctxt 372190817
btime 1669654930
processes 523831
procs_running 1
procs_blocked 0
softirq 819106553 573242605 29353756 730285 58527962 400873 0 98773123 37609789 588 20467572

cpu  812524 36845 1362108 502870604 108284 0 2450777 0 0 0
cpu0 109961 9541 189822 125977228 29446 0 575166 0 0 0
cpu1 446201 10657 756408 124838823 22184 0 707989 0 0 0
cpu2 130409 2862 218162 126032900 29277 0 598290 0 0 0
cpu3 125952 13783 197715 126021652 27375 0 569331 0 0 0
intr 11511011893 0 0 2549437 81 0 692348 31262702 0 0 0 8970100 0 0 0 0 0 0 0 0 0 0 0 0 0 0 0 0 0 0 0 0 0 0 0 0 0 0 0 0 0 0 0 0 0 0 0 0 0 0 0 0 2031229263 0 0 0 0 0 0 0 0 723409 0 400941 0 0 0 0 0 0 0 0 0 0 0 654228109 1 0 0 0 0 0 0 0 0 0 0 0 0 0 0 0 0 0 0 0 0 0 0 393176 4219 0 0 0 0 16465002 0 0 0 0 0 0 0 0 0 0 0 0 0 0 0 0 0 0 0 0 0 0 0 0 0 0 0 0 0 0 0 0 0 0 0 0 0 0 0 0 0 0 0 0 0 0 0 0 0 0 0 0 0 0 0 0 0 0 0 0 0 0 0 0 0 0 0 0 0 0 0 0 0 0 0 174158515 0 0 0
ctxt 372190918
btime 1669654930
processes 523831
procs_running 1
procs_blocked 0
softirq 819106621 573242613 29353772 730285 58527963 400873 0 98773137 37609807 588 20467583

cpu  812524 36845 1362108 502870801 108284 0 2450777 0 0 0
cpu0 109961 9541 189822 125977277 29446 0 575166 0 0 0
cpu1 446201 10657 756408 124838872 22184 0 707989 0 0 0
cpu2 130410 2862 218162 126032949 29277 0 598290 0 0 0
cpu3 125952 13783 197715 126021702 27375 0 569331 0 0 0
intr 11511016096 0 0 2549438 81 0 692348 31262723 0 0 0 8970104 0 0 0 0 0 0 0 0 0 0 0 0 0 0 0 0 0 0 0 0 0 0 0 0 0 0 0 0 0 0 0 0 0 0 0 0 0 0 0 0 2031233266 0 0 0 0 0 0 0 0 723410 0 400941 0 0 0 0 0 0 0 0 0 0 0 654228237 1 0 0 0 0 0 0 0 0 0 0 0 0 0 0 0 0 0 0 0 0 0 0 393176 4219 0 0 0 0 16465017 0 0 0 0 0 0 0 0 0 0 0 0 0 0 0 0 0 0 0 0 0 0 0 0 0 0 0 0 0 0 0 0 0 0 0 0 0 0 0 0 0 0 0 0 0 0 0 0 0 0 0 0 0 0 0 0 0 0 0 0 0 0 0 0 0 0 0 0 0 0 0 0 0 0 0 174158544 0 0 0
ctxt 372191001
btime 1669654930
processes 523831
procs_running 1
procs_blocked 0
softirq 819106673 573242613 29353784 730285 58527964 400873 0 98773150 37609822 588 20467594

cpu  812524 36845 1362109 502870998 108284 0 2450777 0 0 0
cpu0 109961 9541 189822 125977326 29446 0 575166 0 0 0
cpu1 446201 10657 756408 124838921 22184 0 707989 0 0 0
cpu2 130410 2862 218163 126032998 29277 0 598290 0 0 0
cpu3 125952 13783 197716 126021751 27375 0 569331 0 0 0
intr 11511020286 0 0 2549438 81 0 692348 31262739 0 0 0 8970108 0 0 0 0 0 0 0 0 0 0 0 0 0 0 0 0 0 0 0 0 0 0 0 0 0 0 0 0 0 0 0 0 0 0 0 0 0 0 0 0 2031237262 0 0 0 0 0 0 0 0 723411 0 400941 0 0 0 0 0 0 0 0 0 0 0 654228366 1 0 0 0 0 0 0 0 0 0 0 0 0 0 0 0 0 0 0 0 0 0 0 393176 4219 0 0 0 0 16465032 0 0 0 0 0 0 0 0 0 0 0 0 0 0 0 0 0 0 0 0 0 0 0 0 0 0 0 0 0 0 0 0 0 0 0 0 0 0 0 0 0 0 0 0 0 0 0 0 0 0 0 0 0 0 0 0 0 0 0 0 0 0 0 0 0 0 0 0 0 0 0 0 0 0 0 174158574 0 0 0
ctxt 372191075
btime 1669654930
processes 523831
procs_running 1
procs_blocked 0
softirq 819106734 573242613 29353798 730285 58527965 400873 0 98773164 37609841 588 20467607

cpu  812524 36845 1362109 502871195 108284 0 2450778 0 0 0
cpu0 109961 9541 189822 125977376 29446 0 575166 0 0 0
cpu1 446201 10657 756408 124838971 22184 0 707989 0 0 0
cpu2 130410 2862 218163 126033047 29277 0 598290 0 0 0
cpu3 125952 13783 197716 126021800 27375 0 569331 0 0 0
intr 11511024546 0 0 2549438 81 0 692348 31262763 0 0 0 8970112 0 0 0 0 0 0 0 0 0 0 0 0 0 0 0 0 0 0 0 0 0 0 0 0 0 0 0 0 0 0 0 0 0 0 0 0 0 0 0 0 2031241292 0 0 0 0 0 0 0 0 723412 0 400941 0 0 0 0 0 0 0 0 0 0 0 654228519 1 0 0 0 0 0 0 0 0 0 0 0 0 0 0 0 0 0 0 0 0 0 0 393176 4219 0 0 0 0 16465047 0 0 0 0 0 0 0 0 0 0 0 0 0 0 0 0 0 0 0 0 0 0 0 0 0 0 0 0 0 0 0 0 0 0 0 0 0 0 0 0 0 0 0 0 0 0 0 0 0 0 0 0 0 0 0 0 0 0 0 0 0 0 0 0 0 0 0 0 0 0 0 0 0 0 0 174158606 0 0 0
ctxt 372191169
btime 1669654930
processes 523831
procs_running 1
procs_blocked 0
softirq 819106801 573242621 29353812 730285 58527966 400873 0 98773178 37609859 588 20467619

cpu  812525 36845 1362110 502871392 108284 0 2450778 0 0 0
cpu0 109961 9541 189822 125977425 29446 0 575166 0 0 0
cpu1 446201 10657 756408 124839020 22184 0 707989 0 0 0
cpu2 130410 2862 218164 126033096 29277 0 598290 0 0 0
cpu3 125952 13783 197716 126021849 27375 0 569331 0 0 0
intr 11511028775 0 0 2549438 81 0 692348 31262793 0 0 0 8970116 0 0 0 0 0 0 0 0 0 0 0 0 0 0 0 0 0 0 0 0 0 0 0 0 0 0 0 0 0 0 0 0 0 0 0 0 0 0 0 0 2031245288 0 0 0 0 0 0 0 0 723413 0 400941 0 0 0 0 0 0 0 0 0 0 0 654228649 1 0 0 0 0 0 0 0 0 0 0 0 0 0 0 0 0 0 0 0 0 0 0 393176 4219 0 0 0 0 16465077 0 0 0 0 0 0 0 0 0 0 0 0 0 0 0 0 0 0 0 0 0 0 0 0 0 0 0 0 0 0 0 0 0 0 0 0 0 0 0 0 0 0 0 0 0 0 0 0 0 0 0 0 0 0 0 0 0 0 0 0 0 0 0 0 0 0 0 0 0 0 0 0 0 0 0 174158643 0 0 0
ctxt 372191287
btime 1669654930
processes 523831
procs_running 1
procs_blocked 0
softirq 819106885 573242621 29353829 730285 58527968 400873 0 98773204 37609882 588 20467635

cpu  812525 36845 1362110 502871589 108284 0 2450778 0 0 0
cpu0 109961 9541 189822 125977474 29446 0 575166 0 0 0
cpu1 446201 10657 756408 124839069 22184 0 707989 0 0 0
cpu2 130410 2862 218164 126033145 29277 0 598290 0 0 0
cpu3 125952 13783 197716 126021899 27375 0 569331 0 0 0
intr 11511033023 0 0 2549439 81 0 692348 31262818 0 0 0 8970120 0 0 0 0 0 0 0 0 0 0 0 0 0 0 0 0 0 0 0 0 0 0 0 0 0 0 0 0 0 0 0 0 0 0 0 0 0 0 0 0 2031249308 0 0 0 0 0 0 0 0 723414 0 400941 0 0 0 0 0 0 0 0 0 0 0 654228801 1 0 0 0 0 0 0 0 0 0 0 0 0 0 0 0 0 0 0 0 0 0 0 393176 4219 0 0 0 0 16465092 0 0 0 0 0 0 0 0 0 0 0 0 0 0 0 0 0 0 0 0 0 0 0 0 0 0 0 0 0 0 0 0 0 0 0 0 0 0 0 0 0 0 0 0 0 0 0 0 0 0 0 0 0 0 0 0 0 0 0 0 0 0 0 0 0 0 0 0 0 0 0 0 0 0 0 174158673 0 0 0
ctxt 372191386
btime 1669654930
processes 523831
procs_running 1
procs_blocked 0
softirq 819106951 573242629 29353844 730285 58527969 400873 0 98773217 37609899 588 20467647

cpu  812526 36845 1362110 502871786 108284 0 2450778 0 0 0
cpu0 109961 9541 189822 125977523 29446 0 575166 0 0 0
cpu1 446201 10657 756408 124839119 22184 0 707989 0 0 0
cpu2 130411 2862 218164 126033194 29277 0 598290 0 0 0
cpu3 125952 13783 197716 126021948 27375 0 569331 0 0 0
intr 11511037224 0 0 2549439 81 0 692348 31262836 0 0 0 8970124 0 0 0 0 0 0 0 0 0 0 0 0 0 0 0 0 0 0 0 0 0 0 0 0 0 0 0 0 0 0 0 0 0 0 0 0 0 0 0 0 2031253313 0 0 0 0 0 0 0 0 723415 0 400941 0 0 0 0 0 0 0 0 0 0 0 654228931 1 0 0 0 0 0 0 0 0 0 0 0 0 0 0 0 0 0 0 0 0 0 0 393176 4219 0 0 0 0 16465107 0 0 0 0 0 0 0 0 0 0 0 0 0 0 0 0 0 0 0 0 0 0 0 0 0 0 0 0 0 0 0 0 0 0 0 0 0 0 0 0 0 0 0 0 0 0 0 0 0 0 0 0 0 0 0 0 0 0 0 0 0 0 0 0 0 0 0 0 0 0 0 0 0 0 0 174158702 0 0 0
ctxt 372191464
btime 1669654930
processes 523831
procs_running 1
procs_blocked 0
softirq 819107008 573242629 29353858 730285 58527970 400873 0 98773231 37609915 588 20467659
