cpu  846178 38662 1417744 526638295 113513 0 3098054 0 0 0
cpu0 117780 9541 202680 131915926 30627 0 738547 0 0 0
cpu1 454777 11232 771117 130785994 23450 0 865058 0 0 0
cpu2 139454 4072 233093 131974477 30861 0 759892 0 0 0
cpu3 134166 13816 210853 131961896 28574 0 734556 0 0 0
intr 12181405820 0 0 2638272 81 0 747990 34810682 0 0 0 9416502 0 0 0 0 0 0 0 0 0 0 0 0 0 0 0 0 0 0 0 0 0 0 0 0 0 0 0 0 0 0 0 0 0 0 0 0 0 0 0 0 2598400797 0 0 0 0 0 0 0 0 856250 0 444226 0 0 0 0 0 0 0 0 0 0 0 740524534 1 0 0 0 0 0 0 0 0 0 0 0 0 0 0 0 0 0 0 0 0 0 0 436461 4219 0 0 0 0 18899586 0 0 0 0 0 0 0 0 0 0 0 0 0 0 0 0 0 0 0 0 0 0 0 0 0 0 0 0 0 0 0 0 0 0 0 0 0 0 0 0 0 0 0 0 0 0 0 0 0 0 0 0 0 0 0 0 0 0 0 0 0 0 0 0 0 0 0 0 0 0 0 0 0 0 0 184291627 0 0 0
ctxt 390816720
btime 1669654930
processes 561553
procs_running 1
procs_blocked 0
softirq 1021512366 711444629 32207511 741978 81471258 444154 0 126182455 42604086 588 26415707

cpu  846178 38662 1417744 526638492 113513 0 3098054 0 0 0
cpu0 117780 9541 202681 131915976 30627 0 738547 0 0 0
cpu1 454777 11232 771117 130786044 23450 0 865058 0 0 0
cpu2 139454 4072 233093 131974526 30861 0 759892 0 0 0
cpu3 134166 13816 210853 131961945 28574 0 734556 0 0 0
intr 12181410104 0 0 2638273 81 0 747990 34810715 0 0 0 9416506 0 0 0 0 0 0 0 0 0 0 0 0 0 0 0 0 0 0 0 0 0 0 0 0 0 0 0 0 0 0 0 0 0 0 0 0 0 0 0 0 2598404835 0 0 0 0 0 0 0 0 856251 0 444229 0 0 0 0 0 0 0 0 0 0 0 740524686 1 0 0 0 0 0 0 0 0 0 0 0 0 0 0 0 0 0 0 0 0 0 0 436464 4219 0 0 0 0 18899601 0 0 0 0 0 0 0 0 0 0 0 0 0 0 0 0 0 0 0 0 0 0 0 0 0 0 0 0 0 0 0 0 0 0 0 0 0 0 0 0 0 0 0 0 0 0 0 0 0 0 0 0 0 0 0 0 0 0 0 0 0 0 0 0 0 0 0 0 0 0 0 0 0 0 0 184291662 0 0 0
ctxt 390816853
btime 1669654930
processes 561553
procs_running 1
procs_blocked 0
softirq 1021512454 711444637 32207528 741978 81471259 444157 0 126182478 42604107 588 26415722

cpu  846179 38662 1417744 526638689 113513 0 3098054 0 0 0
cpu0 117780 9541 202681 131916025 30627 0 738547 0 0 0
cpu1 454778 11232 771117 130786093 23450 0 865058 0 0 0
cpu2 139454 4072 233093 131974576 30861 0 759892 0 0 0
cpu3 134166 13816 210853 131961994 28574 0 734556 0 0 0
intr 12181414297 0 0 2638273 81 0 747990 34810736 0 0 0 9416510 0 0 0 0 0 0 0 0 0 0 0 0 0 0 0 0 0 0 0 0 0 0 0 0 0 0 0 0 0 0 0 0 0 0 0 0 0 0 0 0 2598408831 0 0 0 0 0 0 0 0 856252 0 444229 0 0 0 0 0 0 0 0 0 0 0 740524816 1 0 0 0 0 0 0 0 0 0 0 0 0 0 0 0 0 0 0 0 0 0 0 436464 4219 0 0 0 0 18899616 0 0 0 0 0 0 0 0 0 0 0 0 0 0 0 0 0 0 0 0 0 0 0 0 0 0 0 0 0 0 0 0 0 0 0 0 0 0 0 0 0 0 0 0 0 0 0 0 0 0 0 0 0 0 0 0 0 0 0 0 0 0 0 0 0 0 0 0 0 0 0 0 0 0 0 184291688 0 0 0
ctxt 390816931
btime 1669654930
processes 561553
procs_running 1
procs_blocked 0
softirq 1021512506 711444637 32207541 741978 81471260 444157 0 126182492 42604122 588 26415731

cpu  846179 38662 1417744 526638886 113513 0 3098054 0 0 0
cpu0 117780 9541 202681 131916074 30627 0 738547 0 0 0
cpu1 454778 11232 771117 130786142 23450 0 865058 0 0 0
cpu2 139454 4072 233093 131974625 30861 0 759892 0 0 0
cpu3 134166 13816 210853 131962043 28574 0 734556 0 0 0
intr 12181418616 0 0 2638277 81 0 747990 34810785 0 0 0 9416515 0 0 0 0 0 0 0 0 0 0 0 0 0 0 0 0 0 0 0 0 0 0 0 0 0 0 0 0 0 0 0 0 0 0 0 0 0 0 0 0 2598412859 0 0 0 0 0 0 0 0 856253 0 444229 0 0 0 0 0 0 0 0 0 0 0 740524968 1 0 0 0 0 0 0 0 0 0 0 0 0 0 0 0 0 0 0 0 0 0 0 436464 4219 0 0 0 0 18899653 0 0 0 0 0 0 0 0 0 0 0 0 0 0 0 0 0 0 0 0 0 0 0 0 0 0 0 0 0 0 0 0 0 0 0 0 0 0 0 0 0 0 0 0 0 0 0 0 0 0 0 0 0 0 0 0 0 0 0 0 0 0 0 0 0 0 0 0 0 0 0 0 0 0 0 184291730 0 0 0
ctxt 390817088
btime 1669654930
processes 561553
procs_running 1
procs_blocked 0
softirq 1021512599 711444645 32207560 741978 81471262 444157 0 126182523 42604145 588 26415741

cpu  846179 38662 1417744 526639082 113513 0 3098054 0 0 0
cpu0 117780 9541 202681 131916124 30627 0 738547 0 0 0
cpu1 454778 11232 771117 130786191 23450 0 865058 0 0 0
cpu2 139454 4072 233093 131974674 30861 0 759892 0 0 0
cpu3 134167 13816 210853 131962092 28574 0 734556 0 0 0
intr 12181422867 0 0 2638277 81 0 747990 34810829 0 0 0 9416519 0 0 0 0 0 0 0 0 0 0 0 0 0 0 0 0 0 0 0 0 0 0 0 0 0 0 0 0 0 0 0 0 0 0 0 0 0 0 0 0 2598416856 0 0 0 0 0 0 0 0 856255 0 444229 0 0 0 0 0 0 0 0 0 0 0 740525098 1 0 0 0 0 0 0 0 0 0 0 0 0 0 0 0 0 0 0 0 0 0 0 436464 4219 0 0 0 0 18899690 0 0 0 0 0 0 0 0 0 0 0 0 0 0 0 0 0 0 0 0 0 0 0 0 0 0 0 0 0 0 0 0 0 0 0 0 0 0 0 0 0 0 0 0 0 0 0 0 0 0 0 0 0 0 0 0 0 0 0 0 0 0 0 0 0 0 0 0 0 0 0 0 0 0 0 184291768 0 0 0
ctxt 390817215
btime 1669654930
processes 561553
procs_running 1
procs_blocked 0
softirq 1021512687 711444645 32207579 741978 81471264 444157 0 126182556 42604170 588 26415750

cpu  846179 38662 1417744 526639279 113513 0 3098054 0 0 0
cpu0 117780 9541 202681 131916173 30627 0 738547 0 0 0
cpu1 454778 11232 771117 130786240 23450 0 865058 0 0 0
cpu2 139454 4072 233093 131974723 30861 0 759892 0 0 0
cpu3 134167 13816 210853 131962142 28574 0 734556 0 0 0
intr 12181427190 0 0 2638278 81 0 747990 34810883 0 0 0 9416523 0 0 0 0 0 0 0 0 0 0 0 0 0 0 0 0 0 0 0 0 0 0 0 0 0 0 0 0 0 0 0 0 0 0 0 0 0 0 0 0 2598420886 0 0 0 0 0 0 0 0 856257 0 444229 0 0 0 0 0 0 0 0 0 0 0 740525250 1 0 0 0 0 0 0 0 0 0 0 0 0 0 0 0 0 0 0 0 0 0 0 436464 4219 0 0 0 0 18899733 0 0 0 0 0 0 0 0 0 0 0 0 0 0 0 0 0 0 0 0 0 0 0 0 0 0 0 0 0 0 0 0 0 0 0 0 0 0 0 0 0 0 0 0 0 0 0 0 0 0 0 0 0 0 0 0 0 0 0 0 0 0 0 0 0 0 0 0 0 0 0 0 0 0 0 184291805 0 0 0
ctxt 390817384
btime 1669654930
processes 561553
procs_running 1
procs_blocked 0
softirq 1021512787 711444653 32207598 741978 81471267 444157 0 126182594 42604194 588 26415758

cpu  846179 38662 1417745 526639476 113513 0 3098054 0 0 0
cpu0 117780 9541 202681 131916222 30627 0 738547 0 0 0
cpu1 454778 11232 771117 130786289 23450 0 865058 0 0 0
cpu2 139454 4072 233093 131974772 30861 0 759892 0 0 0
cpu3 134167 13816 210853 131962191 28574 0 734556 0 0 0
intr 12181431401 0 0 2638278 81 0 747990 34810911 0 0 0 9416527 0 0 0 0 0 0 0 0 0 0 0 0 0 0 0 0 0 0 0 0 0 0 0 0 0 0 0 0 0 0 0 0 0 0 0 0 0 0 0 0 2598424882 0 0 0 0 0 0 0 0 856258 0 444229 0 0 0 0 0 0 0 0 0 0 0 740525380 1 0 0 0 0 0 0 0 0 0 0 0 0 0 0 0 0 0 0 0 0 0 0 436464 4219 0 0 0 0 18899753 0 0 0 0 0 0 0 0 0 0 0 0 0 0 0 0 0 0 0 0 0 0 0 0 0 0 0 0 0 0 0 0 0 0 0 0 0 0 0 0 0 0 0 0 0 0 0 0 0 0 0 0 0 0 0 0 0 0 0 0 0 0 0 0 0 0 0 0 0 0 0 0 0 0 0 184291837 0 0 0
ctxt 390817476
btime 1669654930
processes 561553
procs_running 1
procs_blocked 0
softirq 1021512851 711444653 32207613 741978 81471268 444157 0 126182613 42604215 588 26415766

cpu  846180 38662 1417746 526639672 113513 0 3098054 0 0 0
cpu0 117780 9541 202681 131916272 30627 0 738547 0 0 0
cpu1 454778 11232 771117 130786338 23450 0 865058 0 0 0
cpu2 139454 4072 233093 131974821 30861 0 759892 0 0 0
cpu3 134167 13816 210854 131962240 28574 0 734556 0 0 0
intr 12181435709 0 0 2638278 81 0 747990 34810951 0 0 0 9416531 0 0 0 0 0 0 0 0 0 0 0 0 0 0 0 0 0 0 0 0 0 0 0 0 0 0 0 0 0 0 0 0 0 0 0 0 0 0 0 0 2598428910 0 0 0 0 0 0 0 0 856259 0 444229 0 0 0 0 0 0 0 0 0 0 0 740525532 1 0 0 0 0 0 0 0 0 0 0 0 0 0 0 0 0 0 0 0 0 0 0 436464 4219 0 0 0 0 18899785 0 0 0 0 0 0 0 0 0 0 0 0 0 0 0 0 0 0 0 0 0 0 0 0 0 0 0 0 0 0 0 0 0 0 0 0 0 0 0 0 0 0 0 0 0 0 0 0 0 0 0 0 0 0 0 0 0 0 0 0 0 0 0 0 0 0 0 0 0 0 0 0 0 0 0 184291888 0 0 0
ctxt 390817631
btime 1669654930
processes 561553
procs_running 1
procs_blocked 0
softirq 1021512951 711444661 32207632 741978 81471270 444157 0 126182640 42604243 588 26415782

cpu  846180 38662 1417747 526639869 113513 0 3098054 0 0 0
cpu0 117780 9541 202681 131916321 30627 0 738547 0 0 0
cpu1 454778 11232 771117 130786387 23450 0 865058 0 0 0
cpu2 139454 4072 233093 131974871 30861 0 759892 0 0 0
cpu3 134167 13816 210854 131962289 28574 0 734556 0 0 0
intr 12181439915 0 0 2638278 81 0 747990 34810976 0 0 0 9416535 0 0 0 0 0 0 0 0 0 0 0 0 0 0 0 0 0 0 0 0 0 0 0 0 0 0 0 0 0 0 0 0 0 0 0 0 0 0 0 0 2598432906 0 0 0 0 0 0 0 0 856260 0 444229 0 0 0 0 0 0 0 0 0 0 0 740525662 1 0 0 0 0 0 0 0 0 0 0 0 0 0 0 0 0 0 0 0 0 0 0 436464 4219 0 0 0 0 18899808 0 0 0 0 0 0 0 0 0 0 0 0 0 0 0 0 0 0 0 0 0 0 0 0 0 0 0 0 0 0 0 0 0 0 0 0 0 0 0 0 0 0 0 0 0 0 0 0 0 0 0 0 0 0 0 0 0 0 0 0 0 0 0 0 0 0 0 0 0 0 0 0 0 0 0 184291915 0 0 0
ctxt 390817714
btime 1669654930
processes 561553
procs_running 1
procs_blocked 0
softirq 1021513014 711444661 32207647 741978 81471272 444157 0 126182659 42604262 588 26415790

cpu  846180 38662 1417748 526640066 113513 0 3098054 0 0 0
cpu0 117780 9541 202681 131916370 30627 0 738547 0 0 0
cpu1 454778 11232 771118 130786436 23450 0 865058 0 0 0
cpu2 139454 4072 233093 131974920 30861 0 759892 0 0 0
cpu3 134167 13816 210855 131962338 28574 0 734556 0 0 0
intr 12181444178 0 0 2638279 81 0 747991 34811005 0 0 0 9416538 0 0 0 0 0 0 0 0 0 0 0 0 0 0 0 0 0 0 0 0 0 0 0 0 0 0 0 0 0 0 0 0 0 0 0 0 0 0 0 0 2598436935 0 0 0 0 0 0 0 0 856261 0 444229 0 0 0 0 0 0 0 0 0 0 0 740525814 1 0 0 0 0 0 0 0 0 0 0 0 0 0 0 0 0 0 0 0 0 0 0 436464 4219 0 0 0 0 18899823 0 0 0 0 0 0 0 0 0 0 0 0 0 0 0 0 0 0 0 0 0 0 0 0 0 0 0 0 0 0 0 0 0 0 0 0 0 0 0 0 0 0 0 0 0 0 0 0 0 0 0 0 0 0 0 0 0 0 0 0 0 0 0 0 0 0 0 0 0 0 0 0 0 0 0 184291947 0 0 0
ctxt 390817813
btime 1669654930
processes 561553
procs_running 1
procs_blocked 0
softirq 1021513083 711444669 32207662 741978 81471273 444157 0 126182673 42604284 588 26415799

cpu  846180 38662 1417748 526640263 113513 0 3098054 0 0 0
cpu0 117780 9541 202681 131916420 30627 0 738547 0 0 0
cpu1 454778 11232 771118 130786486 23450 0 865058 0 0 0
cpu2 139454 4072 233093 131974969 30861 0 759892 0 0 0
cpu3 134167 13816 210855 131962387 28574 0 734556 0 0 0
intr 12181448381 0 0 2638279 81 0 747991 34811027 0 0 0 9416543 0 0 0 0 0 0 0 0 0 0 0 0 0 0 0 0 0 0 0 0 0 0 0 0 0 0 0 0 0 0 0 0 0 0 0 0 0 0 0 0 2598440931 0 0 0 0 0 0 0 0 856262 0 444229 0 0 0 0 0 0 0 0 0 0 0 740525944 1 0 0 0 0 0 0 0 0 0 0 0 0 0 0 0 0 0 0 0 0 0 0 436464 4219 0 0 0 0 18899838 0 0 0 0 0 0 0 0 0 0 0 0 0 0 0 0 0 0 0 0 0 0 0 0 0 0 0 0 0 0 0 0 0 0 0 0 0 0 0 0 0 0 0 0 0 0 0 0 0 0 0 0 0 0 0 0 0 0 0 0 0 0 0 0 0 0 0 0 0 0 0 0 0 0 0 184291980 0 0 0
ctxt 390817900
btime 1669654930
processes 561553
procs_running 1
procs_blocked 0
softirq 1021513137 711444669 32207674 741978 81471274 444157 0 126182687 42604302 588 26415808

cpu  846180 38662 1417749 526640460 113513 0 3098054 0 0 0
cpu0 117780 9541 202681 131916469 30627 0 738547 0 0 0
cpu1 454778 11232 771118 130786535 23450 0 865058 0 0 0
cpu2 139454 4072 233093 131975018 30861 0 759892 0 0 0
cpu3 134167 13816 210855 131962437 28574 0 734556 0 0 0
intr 12181452628 0 0 2638279 81 0 747991 34811055 0 0 0 9416547 0 0 0 0 0 0 0 0 0 0 0 0 0 0 0 0 0 0 0 0 0 0 0 0 0 0 0 0 0 0 0 0 0 0 0 0 0 0 0 0 2598444949 0 0 0 0 0 0 0 0 856263 0 444229 0 0 0 0 0 0 0 0 0 0 0 740526096 1 0 0 0 0 0 0 0 0 0 0 0 0 0 0 0 0 0 0 0 0 0 0 436464 4219 0 0 0 0 18899853 0 0 0 0 0 0 0 0 0 0 0 0 0 0 0 0 0 0 0 0 0 0 0 0 0 0 0 0 0 0 0 0 0 0 0 0 0 0 0 0 0 0 0 0 0 0 0 0 0 0 0 0 0 0 0 0 0 0 0 0 0 0 0 0 0 0 0 0 0 0 0 0 0 0 0 184292010 0 0 0
ctxt 390817995
btime 1669654930
processes 561553
procs_running 1
procs_blocked 0
softirq 1021513206 711444677 32207690 741979 81471275 444157 0 126182700 42604322 588 26415818

cpu  846180 38662 1417749 526640657 113513 0 3098054 0 0 0
cpu0 117780 9541 202681 131916518 30627 0 738547 0 0 0
cpu1 454778 11232 771118 130786584 23450 0 865058 0 0 0
cpu2 139454 4072 233093 131975067 30861 0 759892 0 0 0
cpu3 134167 13816 210855 131962486 28574 0 734556 0 0 0
intr 12181456833 0 0 2638279 81 0 747991 34811079 0 0 0 9416550 0 0 0 0 0 0 0 0 0 0 0 0 0 0 0 0 0 0 0 0 0 0 0 0 0 0 0 0 0 0 0 0 0 0 0 0 0 0 0 0 2598448953 0 0 0 0 0 0 0 0 856264 0 444229 0 0 0 0 0 0 0 0 0 0 0 740526226 1 0 0 0 0 0 0 0 0 0 0 0 0 0 0 0 0 0 0 0 0 0 0 436464 4219 0 0 0 0 18899868 0 0 0 0 0 0 0 0 0 0 0 0 0 0 0 0 0 0 0 0 0 0 0 0 0 0 0 0 0 0 0 0 0 0 0 0 0 0 0 0 0 0 0 0 0 0 0 0 0 0 0 0 0 0 0 0 0 0 0 0 0 0 0 0 0 0 0 0 0 0 0 0 0 0 0 184292038 0 0 0
ctxt 390818074
btime 1669654930
processes 561553
procs_running 1
procs_blocked 0
softirq 1021513264 711444677 32207704 741979 81471276 444157 0 126182714 42604340 588 26415829

cpu  846180 38662 1417749 526640854 113514 0 3098054 0 0 0
cpu0 117780 9541 202681 131916568 30627 0 738547 0 0 0
cpu1 454778 11232 771118 130786634 23450 0 865058 0 0 0
cpu2 139454 4072 233093 131975116 30861 0 759892 0 0 0
cpu3 134167 13816 210855 131962535 28574 0 734556 0 0 0
intr 12181461089 0 0 2638280 81 0 747991 34811109 0 0 0 9416554 0 0 0 0 0 0 0 0 0 0 0 0 0 0 0 0 0 0 0 0 0 0 0 0 0 0 0 0 0 0 0 0 0 0 0 0 0 0 0 0 2598452974 0 0 0 0 0 0 0 0 856265 0 444231 0 0 0 0 0 0 0 0 0 0 0 740526378 1 0 0 0 0 0 0 0 0 0 0 0 0 0 0 0 0 0 0 0 0 0 0 436466 4219 0 0 0 0 18899883 0 0 0 0 0 0 0 0 0 0 0 0 0 0 0 0 0 0 0 0 0 0 0 0 0 0 0 0 0 0 0 0 0 0 0 0 0 0 0 0 0 0 0 0 0 0 0 0 0 0 0 0 0 0 0 0 0 0 0 0 0 0 0 0 0 0 0 0 0 0 0 0 0 0 0 184292066 0 0 0
ctxt 390818190
btime 1669654930
processes 561553
procs_running 1
procs_blocked 0
softirq 1021513337 711444685 32207719 741979 81471277 444159 0 126182734 42604358 588 26415838

cpu  846181 38662 1417749 526641051 113514 0 3098054 0 0 0
cpu0 117780 9541 202681 131916617 30627 0 738547 0 0 0
cpu1 454778 11232 771118 130786683 23450 0 865058 0 0 0
cpu2 139454 4072 233093 131975165 30861 0 759892 0 0 0
cpu3 134167 13816 210855 131962585 28574 0 734556 0 0 0
intr 12181465292 0 0 2638280 81 0 747991 34811132 0 0 0 9416558 0 0 0 0 0 0 0 0 0 0 0 0 0 0 0 0 0 0 0 0 0 0 0 0 0 0 0 0 0 0 0 0 0 0 0 0 0 0 0 0 2598456978 0 0 0 0 0 0 0 0 856266 0 444231 0 0 0 0 0 0 0 0 0 0 0 740526506 1 0 0 0 0 0 0 0 0 0 0 0 0 0 0 0 0 0 0 0 0 0 0 436466 4219 0 0 0 0 18899898 0 0 0 0 0 0 0 0 0 0 0 0 0 0 0 0 0 0 0 0 0 0 0 0 0 0 0 0 0 0 0 0 0 0 0 0 0 0 0 0 0 0 0 0 0 0 0 0 0 0 0 0 0 0 0 0 0 0 0 0 0 0 0 0 0 0 0 0 0 0 0 0 0 0 0 184292094 0 0 0
ctxt 390818264
btime 1669654930
processes 561553
procs_running 1
procs_blocked 0
softirq 1021513401 711444685 32207736 741979 81471278 444159 0 126182748 42604379 588 26415849

cpu  846181 38662 1417750 526641248 113514 0 3098054 0 0 0
cpu0 117780 9541 202681 131916666 30627 0 738547 0 0 0
cpu1 454778 11232 771119 130786732 23450 0 865058 0 0 0
cpu2 139455 4072 233093 131975214 30861 0 759892 0 0 0
cpu3 134167 13816 210856 131962634 28574 0 734556 0 0 0
intr 12181469575 0 0 2638280 81 0 747991 34811176 0 0 0 9416562 0 0 0 0 0 0 0 0 0 0 0 0 0 0 0 0 0 0 0 0 0 0 0 0 0 0 0 0 0 0 0 0 0 0 0 0 0 0 0 0 2598460997 0 0 0 0 0 0 0 0 856267 0 444231 0 0 0 0 0 0 0 0 0 0 0 740526658 1 0 0 0 0 0 0 0 0 0 0 0 0 0 0 0 0 0 0 0 0 0 0 436466 4219 0 0 0 0 18899930 0 0 0 0 0 0 0 0 0 0 0 0 0 0 0 0 0 0 0 0 0 0 0 0 0 0 0 0 0 0 0 0 0 0 0 0 0 0 0 0 0 0 0 0 0 0 0 0 0 0 0 0 0 0 0 0 0 0 0 0 0 0 0 0 0 0 0 0 0 0 0 0 0 0 0 184292125 0 0 0
ctxt 390818383
btime 1669654930
processes 561553
procs_running 1
procs_blocked 0
softirq 1021513489 711444693 32207753 741979 81471280 444159 0 126182774 42604401 588 26415862

cpu  846181 38662 1417750 526641445 113514 0 3098054 0 0 0
cpu0 117780 9541 202681 131916716 30627 0 738547 0 0 0
cpu1 454778 11232 771119 130786782 23450 0 865058 0 0 0
cpu2 139455 4072 233093 131975263 30861 0 759892 0 0 0
cpu3 134167 13816 210856 131962683 28574 0 734556 0 0 0
intr 12181473780 0 0 2638280 81 0 747991 34811200 0 0 0 9416566 0 0 0 0 0 0 0 0 0 0 0 0 0 0 0 0 0 0 0 0 0 0 0 0 0 0 0 0 0 0 0 0 0 0 0 0 0 0 0 0 2598465002 0 0 0 0 0 0 0 0 856268 0 444231 0 0 0 0 0 0 0 0 0 0 0 740526788 1 0 0 0 0 0 0 0 0 0 0 0 0 0 0 0 0 0 0 0 0 0 0 436466 4219 0 0 0 0 18899945 0 0 0 0 0 0 0 0 0 0 0 0 0 0 0 0 0 0 0 0 0 0 0 0 0 0 0 0 0 0 0 0 0 0 0 0 0 0 0 0 0 0 0 0 0 0 0 0 0 0 0 0 0 0 0 0 0 0 0 0 0 0 0 0 0 0 0 0 0 0 0 0 0 0 0 184292151 0 0 0
ctxt 390818464
btime 1669654930
processes 561553
procs_running 1
procs_blocked 0
softirq 1021513545 711444693 32207767 741979 81471281 444159 0 126182788 42604419 588 26415871

cpu  846181 38662 1417751 526641642 113514 0 3098054 0 0 0
cpu0 117780 9541 202681 131916765 30627 0 738547 0 0 0
cpu1 454778 11232 771119 130786831 23450 0 865058 0 0 0
cpu2 139455 4072 233094 131975312 30861 0 759892 0 0 0
cpu3 134167 13816 210856 131962732 28574 0 734556 0 0 0
intr 12181478033 0 0 2638281 81 0 747991 34811231 0 0 0 9416570 0 0 0 0 0 0 0 0 0 0 0 0 0 0 0 0 0 0 0 0 0 0 0 0 0 0 0 0 0 0 0 0 0 0 0 0 0 0 0 0 2598469022 0 0 0 0 0 0 0 0 856269 0 444231 0 0 0 0 0 0 0 0 0 0 0 740526940 1 0 0 0 0 0 0 0 0 0 0 0 0 0 0 0 0 0 0 0 0 0 0 436466 4219 0 0 0 0 18899960 0 0 0 0 0 0 0 0 0 0 0 0 0 0 0 0 0 0 0 0 0 0 0 0 0 0 0 0 0 0 0 0 0 0 0 0 0 0 0 0 0 0 0 0 0 0 0 0 0 0 0 0 0 0 0 0 0 0 0 0 0 0 0 0 0 0 0 0 0 0 0 0 0 0 0 184292179 0 0 0
ctxt 390818560
btime 1669654930
processes 561553
procs_running 1
procs_blocked 0
softirq 1021513614 711444701 32207783 741979 81471282 444159 0 126182801 42604439 588 26415882

cpu  846181 38662 1417751 526641838 113514 0 3098054 0 0 0
cpu0 117780 9541 202681 131916814 30627 0 738547 0 0 0
cpu1 454778 11232 771119 130786881 23450 0 865058 0 0 0
cpu2 139455 4072 233094 131975361 30861 0 759892 0 0 0
cpu3 134167 13816 210856 131962782 28574 0 734556 0 0 0
intr 12181482292 0 0 2638281 81 0 747991 34811282 0 0 0 9416574 0 0 0 0 0 0 0 0 0 0 0 0 0 0 0 0 0 0 0 0 0 0 0 0 0 0 0 0 0 0 0 0 0 0 0 0 0 0 0 0 2598473019 0 0 0 0 0 0 0 0 856270 0 444231 0 0 0 0 0 0 0 0 0 0 0 740527070 1 0 0 0 0 0 0 0 0 0 0 0 0 0 0 0 0 0 0 0 0 0 0 436466 4219 0 0 0 0 18900002 0 0 0 0 0 0 0 0 0 0 0 0 0 0 0 0 0 0 0 0 0 0 0 0 0 0 0 0 0 0 0 0 0 0 0 0 0 0 0 0 0 0 0 0 0 0 0 0 0 0 0 0 0 0 0 0 0 0 0 0 0 0 0 0 0 0 0 0 0 0 0 0 0 0 0 184292214 0 0 0
ctxt 390818703
btime 1669654930
processes 561553
procs_running 1
procs_blocked 0
softirq 1021513705 711444701 32207802 741979 81471284 444159 0 126182838 42604461 588 26415893

cpu  846181 38662 1417751 526642036 113514 0 3098054 0 0 0
cpu0 117780 9541 202681 131916864 30627 0 738547 0 0 0
cpu1 454778 11232 771119 130786930 23450 0 865058 0 0 0
cpu2 139455 4072 233094 131975410 30861 0 759892 0 0 0
cpu3 134167 13816 210856 131962831 28574 0 734556 0 0 0
intr 12181486549 0 0 2638281 81 0 747991 34811311 0 0 0 9416578 0 0 0 0 0 0 0 0 0 0 0 0 0 0 0 0 0 0 0 0 0 0 0 0 0 0 0 0 0 0 0 0 0 0 0 0 0 0 0 0 2598477047 0 0 0 0 0 0 0 0 856271 0 444231 0 0 0 0 0 0 0 0 0 0 0 740527222 1 0 0 0 0 0 0 0 0 0 0 0 0 0 0 0 0 0 0 0 0 0 0 436466 4219 0 0 0 0 18900017 0 0 0 0 0 0 0 0 0 0 0 0 0 0 0 0 0 0 0 0 0 0 0 0 0 0 0 0 0 0 0 0 0 0 0 0 0 0 0 0 0 0 0 0 0 0 0 0 0 0 0 0 0 0 0 0 0 0 0 0 0 0 0 0 0 0 0 0 0 0 0 0 0 0 0 184292242 0 0 0
ctxt 390818797
btime 1669654930
processes 561553
procs_running 1
procs_blocked 0
softirq 1021513768 711444709 32207815 741979 81471285 444159 0 126182851 42604477 588 26415905

cpu  846181 38662 1417752 526642233 113514 0 3098054 0 0 0
cpu0 117780 9541 202681 131916913 30627 0 738547 0 0 0
cpu1 454778 11232 771120 130786979 23450 0 865058 0 0 0
cpu2 139455 4072 233094 131975459 30861 0 759892 0 0 0
cpu3 134167 13816 210856 131962880 28574 0 734556 0 0 0
intr 12181490756 0 0 2638281 81 0 747991 34811335 0 0 0 9416582 0 0 0 0 0 0 0 0 0 0 0 0 0 0 0 0 0 0 0 0 0 0 0 0 0 0 0 0 0 0 0 0 0 0 0 0 0 0 0 0 2598481044 0 0 0 0 0 0 0 0 856272 0 444231 0 0 0 0 0 0 0 0 0 0 0 740527352 1 0 0 0 0 0 0 0 0 0 0 0 0 0 0 0 0 0 0 0 0 0 0 436466 4219 0 0 0 0 18900032 0 0 0 0 0 0 0 0 0 0 0 0 0 0 0 0 0 0 0 0 0 0 0 0 0 0 0 0 0 0 0 0 0 0 0 0 0 0 0 0 0 0 0 0 0 0 0 0 0 0 0 0 0 0 0 0 0 0 0 0 0 0 0 0 0 0 0 0 0 0 0 0 0 0 0 184292277 0 0 0
ctxt 390818893
btime 1669654930
processes 561553
procs_running 1
procs_blocked 0
softirq 1021513832 711444709 32207831 741979 81471286 444159 0 126182865 42604498 588 26415917

cpu  846181 38662 1417753 526642430 113514 0 3098054 0 0 0
cpu0 117780 9541 202681 131916963 30627 0 738547 0 0 0
cpu1 454778 11232 771120 130787029 23450 0 865058 0 0 0
cpu2 139455 4072 233094 131975508 30861 0 759892 0 0 0
cpu3 134167 13816 210856 131962929 28574 0 734556 0 0 0
intr 12181495016 0 0 2638282 81 0 747991 34811365 0 0 0 9416586 0 0 0 0 0 0 0 0 0 0 0 0 0 0 0 0 0 0 0 0 0 0 0 0 0 0 0 0 0 0 0 0 0 0 0 0 0 0 0 0 2598485071 0 0 0 0 0 0 0 0 856273 0 444231 0 0 0 0 0 0 0 0 0 0 0 740527504 1 0 0 0 0 0 0 0 0 0 0 0 0 0 0 0 0 0 0 0 0 0 0 436466 4219 0 0 0 0 18900047 0 0 0 0 0 0 0 0 0 0 0 0 0 0 0 0 0 0 0 0 0 0 0 0 0 0 0 0 0 0 0 0 0 0 0 0 0 0 0 0 0 0 0 0 0 0 0 0 0 0 0 0 0 0 0 0 0 0 0 0 0 0 0 0 0 0 0 0 0 0 0 0 0 0 0 184292307 0 0 0
ctxt 390818991
btime 1669654930
processes 561553
procs_running 1
procs_blocked 0
softirq 1021513901 711444717 32207846 741980 81471287 444159 0 126182878 42604517 588 26415929

cpu  846182 38662 1417753 526642626 113514 0 3098054 0 0 0
cpu0 117780 9541 202681 131917012 30627 0 738547 0 0 0
cpu1 454778 11232 771120 130787078 23450 0 865058 0 0 0
cpu2 139455 4072 233094 131975557 30861 0 759892 0 0 0
cpu3 134167 13816 210857 131962979 28574 0 734556 0 0 0
intr 12181499232 0 0 2638282 81 0 747991 34811394 0 0 0 9416590 0 0 0 0 0 0 0 0 0 0 0 0 0 0 0 0 0 0 0 0 0 0 0 0 0 0 0 0 0 0 0 0 0 0 0 0 0 0 0 0 2598489068 0 0 0 0 0 0 0 0 856274 0 444231 0 0 0 0 0 0 0 0 0 0 0 740527634 1 0 0 0 0 0 0 0 0 0 0 0 0 0 0 0 0 0 0 0 0 0 0 436466 4219 0 0 0 0 18900067 0 0 0 0 0 0 0 0 0 0 0 0 0 0 0 0 0 0 0 0 0 0 0 0 0 0 0 0 0 0 0 0 0 0 0 0 0 0 0 0 0 0 0 0 0 0 0 0 0 0 0 0 0 0 0 0 0 0 0 0 0 0 0 0 0 0 0 0 0 0 0 0 0 0 0 184292343 0 0 0
ctxt 390819096
btime 1669654930
processes 561553
procs_running 1
procs_blocked 0
softirq 1021513969 711444717 32207862 741980 81471288 444159 0 126182897 42604537 588 26415941

cpu  846182 38662 1417754 526642824 113514 0 3098054 0 0 0
cpu0 117780 9541 202681 131917061 30627 0 738547 0 0 0
cpu1 454778 11232 771120 130787127 23450 0 865058 0 0 0
cpu2 139455 4072 233094 131975606 30861 0 759892 0 0 0
cpu3 134167 13816 210857 131963028 28574 0 734556 0 0 0
intr 12181503487 0 0 2638282 81 0 747991 34811423 0 0 0 9416594 0 0 0 0 0 0 0 0 0 0 0 0 0 0 0 0 0 0 0 0 0 0 0 0 0 0 0 0 0 0 0 0 0 0 0 0 0 0 0 0 2598493092 0 0 0 0 0 0 0 0 856275 0 444231 0 0 0 0 0 0 0 0 0 0 0 740527786 1 0 0 0 0 0 0 0 0 0 0 0 0 0 0 0 0 0 0 0 0 0 0 436466 4219 0 0 0 0 18900082 0 0 0 0 0 0 0 0 0 0 0 0 0 0 0 0 0 0 0 0 0 0 0 0 0 0 0 0 0 0 0 0 0 0 0 0 0 0 0 0 0 0 0 0 0 0 0 0 0 0 0 0 0 0 0 0 0 0 0 0 0 0 0 0 0 0 0 0 0 0 0 0 0 0 0 184292372 0 0 0
ctxt 390819192
btime 1669654930
processes 561553
procs_running 1
procs_blocked 0
softirq 1021514034 711444725 32207875 741980 81471289 444159 0 126182910 42604555 588 26415953

cpu  846182 38662 1417754 526643020 113514 0 3098054 0 0 0
cpu0 117780 9541 202681 131917111 30627 0 738547 0 0 0
cpu1 454778 11232 771121 130787176 23450 0 865058 0 0 0
cpu2 139455 4072 233094 131975654 30861 0 759892 0 0 0
cpu3 134167 13816 210857 131963077 28574 0 734556 0 0 0
intr 12181507817 0 0 2638286 81 0 747991 34811450 0 0 0 9416598 0 0 0 0 0 0 0 0 0 0 0 0 0 0 0 0 0 0 0 0 0 0 0 0 0 0 0 0 0 0 0 0 0 0 0 0 0 0 0 0 2598497135 0 0 0 0 0 0 0 0 856276 0 444231 0 0 0 0 0 0 0 0 0 0 0 740527964 1 0 0 0 0 0 0 0 0 0 0 0 0 0 0 0 0 0 0 0 0 0 0 436466 4219 0 0 0 0 18900097 0 0 0 0 0 0 0 0 0 0 0 0 0 0 0 0 0 0 0 0 0 0 0 0 0 0 0 0 0 0 0 0 0 0 0 0 0 0 0 0 0 0 0 0 0 0 0 0 0 0 0 0 0 0 0 0 0 0 0 0 0 0 0 0 0 0 0 0 0 0 0 0 0 0 0 184292431 0 0 0
ctxt 390819308
btime 1669654930
processes 561553
procs_running 1
procs_blocked 0
softirq 1021514283 711444862 32207897 741980 81471297 444159 0 126182930 42604587 588 26415983

cpu  846182 38662 1417755 526643215 113514 0 3098054 0 0 0
cpu0 117780 9541 202681 131917160 30627 0 738547 0 0 0
cpu1 454778 11232 771121 130787226 23450 0 865058 0 0 0
cpu2 139455 4072 233094 131975703 30861 0 759892 0 0 0
cpu3 134167 13816 210857 131963126 28574 0 734556 0 0 0
intr 12181512181 0 0 2638287 81 0 747991 34811481 0 0 0 9416602 0 0 0 0 0 0 0 0 0 0 0 0 0 0 0 0 0 0 0 0 0 0 0 0 0 0 0 0 0 0 0 0 0 0 0 0 0 0 0 0 2598501199 0 0 0 0 0 0 0 0 856277 0 444231 0 0 0 0 0 0 0 0 0 0 0 740528164 1 0 0 0 0 0 0 0 0 0 0 0 0 0 0 0 0 0 0 0 0 0 0 436466 4219 0 0 0 0 18900112 0 0 0 0 0 0 0 0 0 0 0 0 0 0 0 0 0 0 0 0 0 0 0 0 0 0 0 0 0 0 0 0 0 0 0 0 0 0 0 0 0 0 0 0 0 0 0 0 0 0 0 0 0 0 0 0 0 0 0 0 0 0 0 0 0 0 0 0 0 0 0 0 0 0 0 184292479 0 0 0
ctxt 390819428
btime 1669654930
processes 561553
procs_running 1
procs_blocked 0
softirq 1021514486 711444965 32207916 741980 81471305 444159 0 126182951 42604615 588 26416007

cpu  846182 38662 1417755 526643412 113514 0 3098054 0 0 0
cpu0 117780 9541 202681 131917209 30627 0 738547 0 0 0
cpu1 454778 11232 771121 130787275 23450 0 865058 0 0 0
cpu2 139455 4072 233094 131975752 30861 0 759892 0 0 0
cpu3 134167 13816 210857 131963174 28574 0 734556 0 0 0
intr 12181516508 0 0 2638287 81 0 747991 34811510 0 0 0 9416606 0 0 0 0 0 0 0 0 0 0 0 0 0 0 0 0 0 0 0 0 0 0 0 0 0 0 0 0 0 0 0 0 0 0 0 0 0 0 0 0 2598505249 0 0 0 0 0 0 0 0 856278 0 444231 0 0 0 0 0 0 0 0 0 0 0 740528342 1 0 0 0 0 0 0 0 0 0 0 0 0 0 0 0 0 0 0 0 0 0 0 436466 4219 0 0 0 0 18900132 0 0 0 0 0 0 0 0 0 0 0 0 0 0 0 0 0 0 0 0 0 0 0 0 0 0 0 0 0 0 0 0 0 0 0 0 0 0 0 0 0 0 0 0 0 0 0 0 0 0 0 0 0 0 0 0 0 0 0 0 0 0 0 0 0 0 0 0 0 0 0 0 0 0 0 184292524 0 0 0
ctxt 390819544
btime 1669654930
processes 561553
procs_running 1
procs_blocked 0
softirq 1021514751 711445136 32207934 741980 81471312 444159 0 126182974 42604639 588 26416029

cpu  846182 38662 1417755 526643607 113514 0 3098054 0 0 0
cpu0 117780 9541 202681 131917258 30627 0 738547 0 0 0
cpu1 454778 11232 771121 130787324 23450 0 865058 0 0 0
cpu2 139455 4072 233094 131975800 30861 0 759892 0 0 0
cpu3 134167 13816 210857 131963223 28574 0 734556 0 0 0
intr 12181520849 0 0 2638287 81 0 747991 34811535 0 0 0 9416610 0 0 0 0 0 0 0 0 0 0 0 0 0 0 0 0 0 0 0 0 0 0 0 0 0 0 0 0 0 0 0 0 0 0 0 0 0 0 0 0 2598509304 0 0 0 0 0 0 0 0 856279 0 444231 0 0 0 0 0 0 0 0 0 0 0 740528533 1 0 0 0 0 0 0 0 0 0 0 0 0 0 0 0 0 0 0 0 0 0 0 436466 4219 0 0 0 0 18900147 0 0 0 0 0 0 0 0 0 0 0 0 0 0 0 0 0 0 0 0 0 0 0 0 0 0 0 0 0 0 0 0 0 0 0 0 0 0 0 0 0 0 0 0 0 0 0 0 0 0 0 0 0 0 0 0 0 0 0 0 0 0 0 0 0 0 0 0 0 0 0 0 0 0 0 184292573 0 0 0
ctxt 390819653
btime 1669654930
processes 561553
procs_running 1
procs_blocked 0
softirq 1021515015 711445280 32207949 741980 81471323 444159 0 126183011 42604667 588 26416058

cpu  846182 38662 1417755 526643803 113514 0 3098054 0 0 0
cpu0 117780 9541 202681 131917307 30627 0 738547 0 0 0
cpu1 454778 11232 771121 130787373 23450 0 865058 0 0 0
cpu2 139455 4072 233094 131975849 30861 0 759892 0 0 0
cpu3 134167 13816 210857 131963272 28574 0 734556 0 0 0
intr 12181525277 0 0 2638287 81 0 747991 34811588 0 0 0 9416614 0 0 0 0 0 0 0 0 0 0 0 0 0 0 0 0 0 0 0 0 0 0 0 0 0 0 0 0 0 0 0 0 0 0 0 0 0 0 0 0 2598513382 0 0 0 0 0 0 0 0 856280 0 444231 0 0 0 0 0 0 0 0 0 0 0 740528735 1 0 0 0 0 0 0 0 0 0 0 0 0 0 0 0 0 0 0 0 0 0 0 436466 4219 0 0 0 0 18900186 0 0 0 0 0 0 0 0 0 0 0 0 0 0 0 0 0 0 0 0 0 0 0 0 0 0 0 0 0 0 0 0 0 0 0 0 0 0 0 0 0 0 0 0 0 0 0 0 0 0 0 0 0 0 0 0 0 0 0 0 0 0 0 0 0 0 0 0 0 0 0 0 0 0 0 184292624 0 0 0
ctxt 390819821
btime 1669654930
processes 561553
procs_running 1
procs_blocked 0
softirq 1021515246 711445383 32207969 741980 81471333 444159 0 126183055 42604696 588 26416083

cpu  846182 38662 1417756 526643999 113514 0 3098054 0 0 0
cpu0 117780 9541 202681 131917357 30627 0 738547 0 0 0
cpu1 454778 11232 771121 130787422 23450 0 865058 0 0 0
cpu2 139455 4072 233094 131975898 30861 0 759892 0 0 0
cpu3 134167 13816 210858 131963321 28574 0 734556 0 0 0
intr 12181529585 0 0 2638287 81 0 747991 34811613 0 0 0 9416618 0 0 0 0 0 0 0 0 0 0 0 0 0 0 0 0 0 0 0 0 0 0 0 0 0 0 0 0 0 0 0 0 0 0 0 0 0 0 0 0 2598517422 0 0 0 0 0 0 0 0 856281 0 444231 0 0 0 0 0 0 0 0 0 0 0 740528911 1 0 0 0 0 0 0 0 0 0 0 0 0 0 0 0 0 0 0 0 0 0 0 436466 4219 0 0 0 0 18900201 0 0 0 0 0 0 0 0 0 0 0 0 0 0 0 0 0 0 0 0 0 0 0 0 0 0 0 0 0 0 0 0 0 0 0 0 0 0 0 0 0 0 0 0 0 0 0 0 0 0 0 0 0 0 0 0 0 0 0 0 0 0 0 0 0 0 0 0 0 0 0 0 0 0 0 184292672 0 0 0
ctxt 390819929
btime 1669654930
processes 561553
procs_running 1
procs_blocked 0
softirq 1021515525 711445556 32207987 741980 81471341 444159 0 126183075 42604724 588 26416115

cpu  846182 38662 1417757 526644195 113514 0 3098054 0 0 0
cpu0 117780 9541 202681 131917406 30627 0 738547 0 0 0
cpu1 454778 11232 771122 130787471 23450 0 865058 0 0 0
cpu2 139455 4072 233095 131975947 30861 0 759892 0 0 0
cpu3 134167 13816 210858 131963370 28574 0 734556 0 0 0
intr 12181534017 0 0 2638288 81 0 747991 34811643 0 0 0 9416622 0 0 0 0 0 0 0 0 0 0 0 0 0 0 0 0 0 0 0 0 0 0 0 0 0 0 0 0 0 0 0 0 0 0 0 0 0 0 0 0 2598521504 0 0 0 0 0 0 0 0 856282 0 444231 0 0 0 0 0 0 0 0 0 0 0 740529129 1 0 0 0 0 0 0 0 0 0 0 0 0 0 0 0 0 0 0 0 0 0 0 436466 4219 0 0 0 0 18900216 0 0 0 0 0 0 0 0 0 0 0 0 0 0 0 0 0 0 0 0 0 0 0 0 0 0 0 0 0 0 0 0 0 0 0 0 0 0 0 0 0 0 0 0 0 0 0 0 0 0 0 0 0 0 0 0 0 0 0 0 0 0 0 0 0 0 0 0 0 0 0 0 0 0 0 184292753 0 0 0
ctxt 390820063
btime 1669654930
processes 561553
procs_running 1
procs_blocked 0
softirq 1021515828 711445702 32208007 741980 81471354 444159 0 126183107 42604770 588 26416161

cpu  846182 38662 1417757 526644391 113514 0 3098054 0 0 0
cpu0 117780 9541 202681 131917455 30627 0 738547 0 0 0
cpu1 454778 11232 771122 130787521 23450 0 865058 0 0 0
cpu2 139455 4072 233095 131975995 30861 0 759892 0 0 0
cpu3 134167 13816 210858 131963419 28574 0 734556 0 0 0
intr 12181538366 0 0 2638288 81 0 747991 34811683 0 0 0 9416626 0 0 0 0 0 0 0 0 0 0 0 0 0 0 0 0 0 0 0 0 0 0 0 0 0 0 0 0 0 0 0 0 0 0 0 0 0 0 0 0 2598525551 0 0 0 0 0 0 0 0 856283 0 444231 0 0 0 0 0 0 0 0 0 0 0 740529305 1 0 0 0 0 0 0 0 0 0 0 0 0 0 0 0 0 0 0 0 0 0 0 436466 4219 0 0 0 0 18900245 0 0 0 0 0 0 0 0 0 0 0 0 0 0 0 0 0 0 0 0 0 0 0 0 0 0 0 0 0 0 0 0 0 0 0 0 0 0 0 0 0 0 0 0 0 0 0 0 0 0 0 0 0 0 0 0 0 0 0 0 0 0 0 0 0 0 0 0 0 0 0 0 0 0 0 184292805 0 0 0
ctxt 390820199
btime 1669654930
processes 561553
procs_running 1
procs_blocked 0
softirq 1021516083 711445849 32208024 741980 81471362 444159 0 126183137 42604799 588 26416185

cpu  846182 38662 1417757 526644587 113514 0 3098054 0 0 0
cpu0 117780 9541 202681 131917504 30627 0 738547 0 0 0
cpu1 454779 11232 771122 130787570 23450 0 865058 0 0 0
cpu2 139455 4072 233095 131976044 30861 0 759892 0 0 0
cpu3 134167 13816 210858 131963468 28574 0 734556 0 0 0
intr 12181542731 0 0 2638288 81 0 747991 34811715 0 0 0 9416629 0 0 0 0 0 0 0 0 0 0 0 0 0 0 0 0 0 0 0 0 0 0 0 0 0 0 0 0 0 0 0 0 0 0 0 0 0 0 0 0 2598529614 0 0 0 0 0 0 0 0 856284 0 444231 0 0 0 0 0 0 0 0 0 0 0 740529506 1 0 0 0 0 0 0 0 0 0 0 0 0 0 0 0 0 0 0 0 0 0 0 436466 4219 0 0 0 0 18900260 0 0 0 0 0 0 0 0 0 0 0 0 0 0 0 0 0 0 0 0 0 0 0 0 0 0 0 0 0 0 0 0 0 0 0 0 0 0 0 0 0 0 0 0 0 0 0 0 0 0 0 0 0 0 0 0 0 0 0 0 0 0 0 0 0 0 0 0 0 0 0 0 0 0 0 184292855 0 0 0
ctxt 390820329
btime 1669654930
processes 561553
procs_running 1
procs_blocked 0
softirq 1021516293 711445940 32208041 741980 81471370 444159 0 126183177 42604826 588 26416212

cpu  846182 38662 1417758 526644783 113514 0 3098055 0 0 0
cpu0 117780 9541 202681 131917554 30627 0 738547 0 0 0
cpu1 454779 11232 771122 130787619 23450 0 865058 0 0 0
cpu2 139455 4072 233095 131976093 30861 0 759892 0 0 0
cpu3 134167 13816 210858 131963516 28574 0 734556 0 0 0
intr 12181547121 0 0 2638288 81 0 747991 34811752 0 0 0 9416634 0 0 0 0 0 0 0 0 0 0 0 0 0 0 0 0 0 0 0 0 0 0 0 0 0 0 0 0 0 0 0 0 0 0 0 0 0 0 0 0 2598533677 0 0 0 0 0 0 0 0 856285 0 444231 0 0 0 0 0 0 0 0 0 0 0 740529697 1 0 0 0 0 0 0 0 0 0 0 0 0 0 0 0 0 0 0 0 0 0 0 436466 4219 0 0 0 0 18900286 0 0 0 0 0 0 0 0 0 0 0 0 0 0 0 0 0 0 0 0 0 0 0 0 0 0 0 0 0 0 0 0 0 0 0 0 0 0 0 0 0 0 0 0 0 0 0 0 0 0 0 0 0 0 0 0 0 0 0 0 0 0 0 0 0 0 0 0 0 0 0 0 0 0 0 184292922 0 0 0
ctxt 390820468
btime 1669654930
processes 561553
procs_running 1
procs_blocked 0
softirq 1021516660 711446157 32208065 741981 81471382 444159 0 126183211 42604867 588 26416250

cpu  846182 38662 1417758 526644979 113514 0 3098055 0 0 0
cpu0 117780 9541 202681 131917603 30627 0 738547 0 0 0
cpu1 454779 11232 771122 130787668 23450 0 865058 0 0 0
cpu2 139455 4072 233095 131976141 30861 0 759892 0 0 0
cpu3 134167 13816 210859 131963565 28574 0 734556 0 0 0
intr 12181551508 0 0 2638289 81 0 747991 34811783 0 0 0 9416637 0 0 0 0 0 0 0 0 0 0 0 0 0 0 0 0 0 0 0 0 0 0 0 0 0 0 0 0 0 0 0 0 0 0 0 0 0 0 0 0 2598537745 0 0 0 0 0 0 0 0 856286 0 444231 0 0 0 0 0 0 0 0 0 0 0 740529899 1 0 0 0 0 0 0 0 0 0 0 0 0 0 0 0 0 0 0 0 0 0 0 436466 4219 0 0 0 0 18900301 0 0 0 0 0 0 0 0 0 0 0 0 0 0 0 0 0 0 0 0 0 0 0 0 0 0 0 0 0 0 0 0 0 0 0 0 0 0 0 0 0 0 0 0 0 0 0 0 0 0 0 0 0 0 0 0 0 0 0 0 0 0 0 0 0 0 0 0 0 0 0 0 0 0 0 184292988 0 0 0
ctxt 390820587
btime 1669654930
processes 561553
procs_running 1
procs_blocked 0
softirq 1021516908 711446270 32208083 741981 81471393 444159 0 126183238 42604904 588 26416292

cpu  846182 38662 1417759 526645175 113514 0 3098055 0 0 0
cpu0 117780 9541 202681 131917652 30627 0 738547 0 0 0
cpu1 454779 11232 771122 130787717 23450 0 865058 0 0 0
cpu2 139455 4072 233095 131976190 30861 0 759892 0 0 0
cpu3 134167 13816 210859 131963614 28574 0 734556 0 0 0
intr 12181555826 0 0 2638289 81 0 747991 34811810 0 0 0 9416641 0 0 0 0 0 0 0 0 0 0 0 0 0 0 0 0 0 0 0 0 0 0 0 0 0 0 0 0 0 0 0 0 0 0 0 0 0 0 0 0 2598541786 0 0 0 0 0 0 0 0 856287 0 444231 0 0 0 0 0 0 0 0 0 0 0 740530073 1 0 0 0 0 0 0 0 0 0 0 0 0 0 0 0 0 0 0 0 0 0 0 436466 4219 0 0 0 0 18900316 0 0 0 0 0 0 0 0 0 0 0 0 0 0 0 0 0 0 0 0 0 0 0 0 0 0 0 0 0 0 0 0 0 0 0 0 0 0 0 0 0 0 0 0 0 0 0 0 0 0 0 0 0 0 0 0 0 0 0 0 0 0 0 0 0 0 0 0 0 0 0 0 0 0 0 184293044 0 0 0
ctxt 390820699
btime 1669654930
processes 561553
procs_running 1
procs_blocked 0
softirq 1021517145 711446389 32208100 741981 81471401 444159 0 126183267 42604938 588 26416322

cpu  846182 38662 1417759 526645371 113514 0 3098056 0 0 0
cpu0 117780 9541 202681 131917701 30627 0 738547 0 0 0
cpu1 454779 11232 771122 130787766 23450 0 865058 0 0 0
cpu2 139455 4072 233095 131976239 30861 0 759893 0 0 0
cpu3 134167 13816 210859 131963663 28574 0 734556 0 0 0
intr 12181560227 0 0 2638289 81 0 747991 34811841 0 0 0 9416645 0 0 0 0 0 0 0 0 0 0 0 0 0 0 0 0 0 0 0 0 0 0 0 0 0 0 0 0 0 0 0 0 0 0 0 0 0 0 0 0 2598545869 0 0 0 0 0 0 0 0 856288 0 444231 0 0 0 0 0 0 0 0 0 0 0 740530289 1 0 0 0 0 0 0 0 0 0 0 0 0 0 0 0 0 0 0 0 0 0 0 436466 4219 0 0 0 0 18900331 0 0 0 0 0 0 0 0 0 0 0 0 0 0 0 0 0 0 0 0 0 0 0 0 0 0 0 0 0 0 0 0 0 0 0 0 0 0 0 0 0 0 0 0 0 0 0 0 0 0 0 0 0 0 0 0 0 0 0 0 0 0 0 0 0 0 0 0 0 0 0 0 0 0 0 184293095 0 0 0
ctxt 390820833
btime 1669654930
processes 561553
procs_running 1
procs_blocked 0
softirq 1021517488 711446597 32208119 741981 81471410 444159 0 126183315 42604968 588 26416351

cpu  846183 38662 1417759 526645567 113514 0 3098057 0 0 0
cpu0 117780 9541 202681 131917750 30627 0 738547 0 0 0
cpu1 454779 11232 771122 130787815 23450 0 865058 0 0 0
cpu2 139455 4072 233095 131976288 30861 0 759893 0 0 0
cpu3 134167 13816 210859 131963712 28574 0 734557 0 0 0
intr 12181564565 0 0 2638289 81 0 747991 34811872 0 0 0 9416649 0 0 0 0 0 0 0 0 0 0 0 0 0 0 0 0 0 0 0 0 0 0 0 0 0 0 0 0 0 0 0 0 0 0 0 0 0 0 0 0 2598549919 0 0 0 0 0 0 0 0 856289 0 444231 0 0 0 0 0 0 0 0 0 0 0 740530465 1 0 0 0 0 0 0 0 0 0 0 0 0 0 0 0 0 0 0 0 0 0 0 436466 4219 0 0 0 0 18900351 0 0 0 0 0 0 0 0 0 0 0 0 0 0 0 0 0 0 0 0 0 0 0 0 0 0 0 0 0 0 0 0 0 0 0 0 0 0 0 0 0 0 0 0 0 0 0 0 0 0 0 0 0 0 0 0 0 0 0 0 0 0 0 0 0 0 0 0 0 0 0 0 0 0 0 184293151 0 0 0
ctxt 390820962
btime 1669654930
processes 561553
procs_running 1
procs_blocked 0
softirq 1021517735 711446732 32208139 741981 81471417 444159 0 126183340 42605001 588 26416378

cpu  846183 38662 1417759 526645762 113514 0 3098057 0 0 0
cpu0 117780 9541 202681 131917799 30627 0 738547 0 0 0
cpu1 454779 11232 771122 130787864 23450 0 865058 0 0 0
cpu2 139456 4072 233095 131976336 30861 0 759893 0 0 0
cpu3 134167 13816 210859 131963761 28574 0 734557 0 0 0
intr 12181568940 0 0 2638290 81 0 747991 34811903 0 0 0 9416654 0 0 0 0 0 0 0 0 0 0 0 0 0 0 0 0 0 0 0 0 0 0 0 0 0 0 0 0 0 0 0 0 0 0 0 0 0 0 0 0 2598553981 0 0 0 0 0 0 0 0 856290 0 444231 0 0 0 0 0 0 0 0 0 0 0 740530667 1 0 0 0 0 0 0 0 0 0 0 0 0 0 0 0 0 0 0 0 0 0 0 436466 4219 0 0 0 0 18900366 0 0 0 0 0 0 0 0 0 0 0 0 0 0 0 0 0 0 0 0 0 0 0 0 0 0 0 0 0 0 0 0 0 0 0 0 0 0 0 0 0 0 0 0 0 0 0 0 0 0 0 0 0 0 0 0 0 0 0 0 0 0 0 0 0 0 0 0 0 0 0 0 0 0 0 184293209 0 0 0
ctxt 390821088
btime 1669654930
processes 561553
procs_running 1
procs_blocked 0
softirq 1021517952 711446831 32208157 741981 81471427 444159 0 126183363 42605035 588 26416411

cpu  846184 38662 1417759 526645958 113514 0 3098058 0 0 0
cpu0 117780 9541 202681 131917848 30627 0 738547 0 0 0
cpu1 454780 11232 771122 130787914 23450 0 865058 0 0 0
cpu2 139456 4072 233096 131976385 30861 0 759894 0 0 0
cpu3 134167 13816 210859 131963810 28574 0 734558 0 0 0
intr 12181573298 0 0 2638290 81 0 747991 34811928 0 0 0 9416658 0 0 0 0 0 0 0 0 0 0 0 0 0 0 0 0 0 0 0 0 0 0 0 0 0 0 0 0 0 0 0 0 0 0 0 0 0 0 0 0 2598558040 0 0 0 0 0 0 0 0 856291 0 444231 0 0 0 0 0 0 0 0 0 0 0 740530858 1 0 0 0 0 0 0 0 0 0 0 0 0 0 0 0 0 0 0 0 0 0 0 436466 4219 0 0 0 0 18900381 0 0 0 0 0 0 0 0 0 0 0 0 0 0 0 0 0 0 0 0 0 0 0 0 0 0 0 0 0 0 0 0 0 0 0 0 0 0 0 0 0 0 0 0 0 0 0 0 0 0 0 0 0 0 0 0 0 0 0 0 0 0 0 0 0 0 0 0 0 0 0 0 0 0 0 184293272 0 0 0
ctxt 390821203
btime 1669654930
processes 561553
procs_running 1
procs_blocked 0
softirq 1021518229 711446950 32208173 741981 81471439 444159 0 126183419 42605069 588 26416451

cpu  846184 38662 1417760 526646154 113514 0 3098058 0 0 0
cpu0 117780 9541 202681 131917897 30627 0 738547 0 0 0
cpu1 454780 11232 771123 130787963 23450 0 865058 0 0 0
cpu2 139456 4072 233096 131976434 30861 0 759894 0 0 0
cpu3 134167 13816 210859 131963859 28574 0 734558 0 0 0
intr 12181577668 0 0 2638290 81 0 747991 34811957 0 0 0 9416662 0 0 0 0 0 0 0 0 0 0 0 0 0 0 0 0 0 0 0 0 0 0 0 0 0 0 0 0 0 0 0 0 0 0 0 0 0 0 0 0 2598562107 0 0 0 0 0 0 0 0 856292 0 444231 0 0 0 0 0 0 0 0 0 0 0 740531060 1 0 0 0 0 0 0 0 0 0 0 0 0 0 0 0 0 0 0 0 0 0 0 436466 4219 0 0 0 0 18900396 0 0 0 0 0 0 0 0 0 0 0 0 0 0 0 0 0 0 0 0 0 0 0 0 0 0 0 0 0 0 0 0 0 0 0 0 0 0 0 0 0 0 0 0 0 0 0 0 0 0 0 0 0 0 0 0 0 0 0 0 0 0 0 0 0 0 0 0 0 0 0 0 0 0 0 184293323 0 0 0
ctxt 390821324
btime 1669654930
processes 561553
procs_running 1
procs_blocked 0
softirq 1021518480 711447093 32208193 741981 81471446 444159 0 126183437 42605101 588 26416482

cpu  846184 38662 1417761 526646350 113514 0 3098058 0 0 0
cpu0 117780 9541 202681 131917946 30627 0 738547 0 0 0
cpu1 454780 11232 771123 130788012 23450 0 865058 0 0 0
cpu2 139456 4072 233096 131976482 30861 0 759894 0 0 0
cpu3 134167 13816 210859 131963908 28574 0 734558 0 0 0
intr 12181581978 0 0 2638290 81 0 747991 34811983 0 0 0 9416666 0 0 0 0 0 0 0 0 0 0 0 0 0 0 0 0 0 0 0 0 0 0 0 0 0 0 0 0 0 0 0 0 0 0 0 0 0 0 0 0 2598566146 0 0 0 0 0 0 0 0 856293 0 444231 0 0 0 0 0 0 0 0 0 0 0 740531236 1 0 0 0 0 0 0 0 0 0 0 0 0 0 0 0 0 0 0 0 0 0 0 436466 4219 0 0 0 0 18900411 0 0 0 0 0 0 0 0 0 0 0 0 0 0 0 0 0 0 0 0 0 0 0 0 0 0 0 0 0 0 0 0 0 0 0 0 0 0 0 0 0 0 0 0 0 0 0 0 0 0 0 0 0 0 0 0 0 0 0 0 0 0 0 0 0 0 0 0 0 0 0 0 0 0 0 184293372 0 0 0
ctxt 390821434
btime 1669654930
processes 561553
procs_running 1
procs_blocked 0
softirq 1021518681 711447190 32208213 741981 81471453 444159 0 126183458 42605129 588 26416510

cpu  846184 38662 1417761 526646546 113514 0 3098058 0 0 0
cpu0 117780 9541 202681 131917995 30627 0 738547 0 0 0
cpu1 454780 11232 771123 130788062 23450 0 865059 0 0 0
cpu2 139456 4072 233096 131976531 30861 0 759894 0 0 0
cpu3 134167 13816 210859 131963957 28574 0 734558 0 0 0
intr 12181586366 0 0 2638291 81 0 747991 34812010 0 0 0 9416670 0 0 0 0 0 0 0 0 0 0 0 0 0 0 0 0 0 0 0 0 0 0 0 0 0 0 0 0 0 0 0 0 0 0 0 0 0 0 0 0 2598570214 0 0 0 0 0 0 0 0 856294 0 444231 0 0 0 0 0 0 0 0 0 0 0 740531437 1 0 0 0 0 0 0 0 0 0 0 0 0 0 0 0 0 0 0 0 0 0 0 436466 4219 0 0 0 0 18900426 0 0 0 0 0 0 0 0 0 0 0 0 0 0 0 0 0 0 0 0 0 0 0 0 0 0 0 0 0 0 0 0 0 0 0 0 0 0 0 0 0 0 0 0 0 0 0 0 0 0 0 0 0 0 0 0 0 0 0 0 0 0 0 0 0 0 0 0 0 0 0 0 0 0 0 184293444 0 0 0
ctxt 390821568
btime 1669654930
processes 561553
procs_running 1
procs_blocked 0
softirq 1021518931 711447303 32208236 741981 81471462 444159 0 126183484 42605173 588 26416545

cpu  846184 38662 1417761 526646742 113514 0 3098058 0 0 0
cpu0 117780 9541 202681 131918044 30627 0 738547 0 0 0
cpu1 454780 11232 771123 130788111 23450 0 865059 0 0 0
cpu2 139456 4072 233096 131976580 30861 0 759894 0 0 0
cpu3 134167 13816 210859 131964006 28574 0 734558 0 0 0
intr 12181590729 0 0 2638291 81 0 747991 34812034 0 0 0 9416674 0 0 0 0 0 0 0 0 0 0 0 0 0 0 0 0 0 0 0 0 0 0 0 0 0 0 0 0 0 0 0 0 0 0 0 0 0 0 0 0 2598574277 0 0 0 0 0 0 0 0 856295 0 444231 0 0 0 0 0 0 0 0 0 0 0 740531629 1 0 0 0 0 0 0 0 0 0 0 0 0 0 0 0 0 0 0 0 0 0 0 436466 4219 0 0 0 0 18900441 0 0 0 0 0 0 0 0 0 0 0 0 0 0 0 0 0 0 0 0 0 0 0 0 0 0 0 0 0 0 0 0 0 0 0 0 0 0 0 0 0 0 0 0 0 0 0 0 0 0 0 0 0 0 0 0 0 0 0 0 0 0 0 0 0 0 0 0 0 0 0 0 0 0 0 184293508 0 0 0
ctxt 390821682
btime 1669654930
processes 561553
procs_running 1
procs_blocked 0
softirq 1021519265 711447504 32208257 741982 81471472 444159 0 126183510 42605213 588 26416580

cpu  846184 38662 1417762 526646937 113514 0 3098058 0 0 0
cpu0 117780 9541 202681 131918093 30627 0 738547 0 0 0
cpu1 454780 11232 771124 130788160 23450 0 865059 0 0 0
cpu2 139456 4072 233096 131976628 30861 0 759894 0 0 0
cpu3 134167 13816 210859 131964055 28574 0 734558 0 0 0
intr 12181595173 0 0 2638295 81 0 747991 34812091 0 0 0 9416678 0 0 0 0 0 0 0 0 0 0 0 0 0 0 0 0 0 0 0 0 0 0 0 0 0 0 0 0 0 0 0 0 0 0 0 0 0 0 0 0 2598578341 0 0 0 0 0 0 0 0 856297 0 444231 0 0 0 0 0 0 0 0 0 0 0 740531830 1 0 0 0 0 0 0 0 0 0 0 0 0 0 0 0 0 0 0 0 0 0 0 436466 4219 0 0 0 0 18900484 0 0 0 0 0 0 0 0 0 0 0 0 0 0 0 0 0 0 0 0 0 0 0 0 0 0 0 0 0 0 0 0 0 0 0 0 0 0 0 0 0 0 0 0 0 0 0 0 0 0 0 0 0 0 0 0 0 0 0 0 0 0 0 0 0 0 0 0 0 0 0 0 0 0 0 184293577 0 0 0
ctxt 390821872
btime 1669654930
processes 561553
procs_running 1
procs_blocked 0
softirq 1021519557 711447644 32208282 741982 81471481 444159 0 126183557 42605251 588 26416613

cpu  846184 38662 1417762 526647134 113514 0 3098058 0 0 0
cpu0 117780 9541 202681 131918142 30627 0 738547 0 0 0
cpu1 454780 11232 771124 130788209 23450 0 865059 0 0 0
cpu2 139456 4072 233097 131976677 30861 0 759894 0 0 0
cpu3 134167 13816 210859 131964104 28574 0 734558 0 0 0
intr 12181599483 0 0 2638295 81 0 747991 34812115 0 0 0 9416682 0 0 0 0 0 0 0 0 0 0 0 0 0 0 0 0 0 0 0 0 0 0 0 0 0 0 0 0 0 0 0 0 0 0 0 0 0 0 0 0 2598582389 0 0 0 0 0 0 0 0 856298 0 444231 0 0 0 0 0 0 0 0 0 0 0 740532006 1 0 0 0 0 0 0 0 0 0 0 0 0 0 0 0 0 0 0 0 0 0 0 436466 4219 0 0 0 0 18900499 0 0 0 0 0 0 0 0 0 0 0 0 0 0 0 0 0 0 0 0 0 0 0 0 0 0 0 0 0 0 0 0 0 0 0 0 0 0 0 0 0 0 0 0 0 0 0 0 0 0 0 0 0 0 0 0 0 0 0 0 0 0 0 0 0 0 0 0 0 0 0 0 0 0 0 184293618 0 0 0
ctxt 390821979
btime 1669654930
processes 561553
procs_running 1
procs_blocked 0
softirq 1021519804 711447795 32208298 741982 81471488 444159 0 126183579 42605277 588 26416638

cpu  846184 38662 1417763 526647330 113514 0 3098058 0 0 0
cpu0 117780 9541 202681 131918191 30627 0 738547 0 0 0
cpu1 454780 11232 771124 130788258 23450 0 865059 0 0 0
cpu2 139456 4072 233097 131976726 30861 0 759894 0 0 0
cpu3 134167 13816 210860 131964154 28574 0 734558 0 0 0
intr 12181603772 0 0 2638296 81 0 747991 34812143 0 0 0 9416686 0 0 0 0 0 0 0 0 0 0 0 0 0 0 0 0 0 0 0 0 0 0 0 0 0 0 0 0 0 0 0 0 0 0 0 0 0 0 0 0 2598586423 0 0 0 0 0 0 0 0 856299 0 444231 0 0 0 0 0 0 0 0 0 0 0 740532176 1 0 0 0 0 0 0 0 0 0 0 0 0 0 0 0 0 0 0 0 0 0 0 436466 4219 0 0 0 0 18900514 0 0 0 0 0 0 0 0 0 0 0 0 0 0 0 0 0 0 0 0 0 0 0 0 0 0 0 0 0 0 0 0 0 0 0 0 0 0 0 0 0 0 0 0 0 0 0 0 0 0 0 0 0 0 0 0 0 0 0 0 0 0 0 0 0 0 0 0 0 0 0 0 0 0 0 184293654 0 0 0
ctxt 390822091
btime 1669654930
processes 561553
procs_running 1
procs_blocked 0
softirq 1021519952 711447871 32208314 741982 81471491 444159 0 126183593 42605298 588 26416656

cpu  846184 38662 1417764 526647527 113514 0 3098058 0 0 0
cpu0 117780 9541 202681 131918240 30627 0 738547 0 0 0
cpu1 454780 11232 771124 130788308 23450 0 865059 0 0 0
cpu2 139456 4072 233097 131976775 30861 0 759894 0 0 0
cpu3 134167 13816 210860 131964203 28574 0 734558 0 0 0
intr 12181607964 0 0 2638296 81 0 747991 34812163 0 0 0 9416689 0 0 0 0 0 0 0 0 0 0 0 0 0 0 0 0 0 0 0 0 0 0 0 0 0 0 0 0 0 0 0 0 0 0 0 0 0 0 0 0 2598590419 0 0 0 0 0 0 0 0 856300 0 444231 0 0 0 0 0 0 0 0 0 0 0 740532304 1 0 0 0 0 0 0 0 0 0 0 0 0 0 0 0 0 0 0 0 0 0 0 436466 4219 0 0 0 0 18900529 0 0 0 0 0 0 0 0 0 0 0 0 0 0 0 0 0 0 0 0 0 0 0 0 0 0 0 0 0 0 0 0 0 0 0 0 0 0 0 0 0 0 0 0 0 0 0 0 0 0 0 0 0 0 0 0 0 0 0 0 0 0 0 0 0 0 0 0 0 0 0 0 0 0 0 184293683 0 0 0
ctxt 390822168
btime 1669654930
processes 561553
procs_running 1
procs_blocked 0
softirq 1021520010 711447871 32208327 741982 81471492 444159 0 126183607 42605316 588 26416668

cpu  846184 38662 1417764 526647724 113514 0 3098058 0 0 0
cpu0 117780 9541 202681 131918290 30627 0 738547 0 0 0
cpu1 454780 11232 771124 130788357 23450 0 865059 0 0 0
cpu2 139456 4072 233097 131976824 30861 0 759894 0 0 0
cpu3 134167 13816 210860 131964252 28574 0 734558 0 0 0
intr 12181612262 0 0 2638296 81 0 747991 34812206 0 0 0 9416693 0 0 0 0 0 0 0 0 0 0 0 0 0 0 0 0 0 0 0 0 0 0 0 0 0 0 0 0 0 0 0 0 0 0 0 0 0 0 0 0 2598594447 0 0 0 0 0 0 0 0 856301 0 444231 0 0 0 0 0 0 0 0 0 0 0 740532458 1 0 0 0 0 0 0 0 0 0 0 0 0 0 0 0 0 0 0 0 0 0 0 436466 4219 0 0 0 0 18900565 0 0 0 0 0 0 0 0 0 0 0 0 0 0 0 0 0 0 0 0 0 0 0 0 0 0 0 0 0 0 0 0 0 0 0 0 0 0 0 0 0 0 0 0 0 0 0 0 0 0 0 0 0 0 0 0 0 0 0 0 0 0 0 0 0 0 0 0 0 0 0 0 0 0 0 184293716 0 0 0
ctxt 390822319
btime 1669654930
processes 561553
procs_running 1
procs_blocked 0
softirq 1021520102 711447879 32208345 741982 81471495 444159 0 126183636 42605338 588 26416680

cpu  846184 38662 1417764 526647921 113514 0 3098058 0 0 0
cpu0 117780 9541 202681 131918339 30627 0 738547 0 0 0
cpu1 454780 11232 771124 130788406 23450 0 865059 0 0 0
cpu2 139456 4072 233097 131976873 30861 0 759894 0 0 0
cpu3 134167 13816 210860 131964301 28574 0 734558 0 0 0
intr 12181616457 0 0 2638296 81 0 747991 34812225 0 0 0 9416697 0 0 0 0 0 0 0 0 0 0 0 0 0 0 0 0 0 0 0 0 0 0 0 0 0 0 0 0 0 0 0 0 0 0 0 0 0 0 0 0 2598598443 0 0 0 0 0 0 0 0 856302 0 444231 0 0 0 0 0 0 0 0 0 0 0 740532586 1 0 0 0 0 0 0 0 0 0 0 0 0 0 0 0 0 0 0 0 0 0 0 436466 4219 0 0 0 0 18900580 0 0 0 0 0 0 0 0 0 0 0 0 0 0 0 0 0 0 0 0 0 0 0 0 0 0 0 0 0 0 0 0 0 0 0 0 0 0 0 0 0 0 0 0 0 0 0 0 0 0 0 0 0 0 0 0 0 0 0 0 0 0 0 0 0 0 0 0 0 0 0 0 0 0 0 184293747 0 0 0
ctxt 390822400
btime 1669654930
processes 561553
procs_running 1
procs_blocked 0
softirq 1021520162 711447879 32208359 741982 81471496 444159 0 126183650 42605357 588 26416692

cpu  846184 38662 1417765 526648117 113514 0 3098058 0 0 0
cpu0 117780 9541 202681 131918388 30627 0 738547 0 0 0
cpu1 454780 11232 771124 130788456 23450 0 865059 0 0 0
cpu2 139456 4072 233097 131976922 30861 0 759894 0 0 0
cpu3 134167 13816 210861 131964349 28574 0 734558 0 0 0
intr 12181620814 0 0 2638297 81 0 747991 34812282 0 0 0 9416700 0 0 0 0 0 0 0 0 0 0 0 0 0 0 0 0 0 0 0 0 0 0 0 0 0 0 0 0 0 0 0 0 0 0 0 0 0 0 0 0 2598602470 0 0 0 0 0 0 0 0 856303 0 444258 0 0 0 0 0 0 0 0 0 0 0 740532740 1 0 0 0 0 0 0 0 0 0 0 0 0 0 0 0 0 0 0 0 0 0 0 436493 4219 0 0 0 0 18900600 0 0 0 0 0 0 0 0 0 0 0 0 0 0 0 0 0 0 0 0 0 0 0 0 0 0 0 0 0 0 0 0 0 0 0 0 0 0 0 0 0 0 0 0 0 0 0 0 0 0 0 0 0 0 0 0 0 0 0 0 0 0 0 0 0 0 0 0 0 0 0 0 0 0 0 184293787 0 0 0
ctxt 390822741
btime 1669654930
processes 561553
procs_running 1
procs_blocked 0
softirq 1021520356 711447887 32208378 741982 81471497 444186 0 126183749 42605384 588 26416705

cpu  846184 38662 1417766 526648314 113514 0 3098058 0 0 0
cpu0 117780 9541 202681 131918437 30627 0 738547 0 0 0
cpu1 454780 11232 771125 130788505 23450 0 865059 0 0 0
cpu2 139456 4072 233098 131976971 30861 0 759894 0 0 0
cpu3 134167 13816 210861 131964398 28574 0 734558 0 0 0
intr 12181625021 0 0 2638301 81 0 747991 34812304 0 0 0 9416704 0 0 0 0 0 0 0 0 0 0 0 0 0 0 0 0 0 0 0 0 0 0 0 0 0 0 0 0 0 0 0 0 0 0 0 0 0 0 0 0 2598606466 0 0 0 0 0 0 0 0 856304 0 444258 0 0 0 0 0 0 0 0 0 0 0 740532868 1 0 0 0 0 0 0 0 0 0 0 0 0 0 0 0 0 0 0 0 0 0 0 436493 4219 0 0 0 0 18900615 0 0 0 0 0 0 0 0 0 0 0 0 0 0 0 0 0 0 0 0 0 0 0 0 0 0 0 0 0 0 0 0 0 0 0 0 0 0 0 0 0 0 0 0 0 0 0 0 0 0 0 0 0 0 0 0 0 0 0 0 0 0 0 0 0 0 0 0 0 0 0 0 0 0 0 184293824 0 0 0
ctxt 390822832
btime 1669654930
processes 561553
procs_running 1
procs_blocked 0
softirq 1021520419 711447887 32208392 741982 81471498 444186 0 126183763 42605406 588 26416717

cpu  846184 38662 1417766 526648510 113514 0 3098059 0 0 0
cpu0 117780 9541 202681 131918487 30627 0 738547 0 0 0
cpu1 454780 11232 771125 130788554 23450 0 865059 0 0 0
cpu2 139456 4072 233098 131977020 30861 0 759894 0 0 0
cpu3 134167 13816 210861 131964448 28574 0 734558 0 0 0
intr 12181629275 0 0 2638301 81 0 747991 34812332 0 0 0 9416708 0 0 0 0 0 0 0 0 0 0 0 0 0 0 0 0 0 0 0 0 0 0 0 0 0 0 0 0 0 0 0 0 0 0 0 0 0 0 0 0 2598610488 0 0 0 0 0 0 0 0 856305 0 444258 0 0 0 0 0 0 0 0 0 0 0 740533022 1 0 0 0 0 0 0 0 0 0 0 0 0 0 0 0 0 0 0 0 0 0 0 436493 4219 0 0 0 0 18900630 0 0 0 0 0 0 0 0 0 0 0 0 0 0 0 0 0 0 0 0 0 0 0 0 0 0 0 0 0 0 0 0 0 0 0 0 0 0 0 0 0 0 0 0 0 0 0 0 0 0 0 0 0 0 0 0 0 0 0 0 0 0 0 0 0 0 0 0 0 0 0 0 0 0 0 184293855 0 0 0
ctxt 390822934
btime 1669654930
processes 561553
procs_running 1
procs_blocked 0
softirq 1021520490 711447895 32208406 741982 81471499 444186 0 126183778 42605426 588 26416730

cpu  846184 38662 1417766 526648708 113514 0 3098059 0 0 0
cpu0 117780 9541 202681 131918536 30627 0 738547 0 0 0
cpu1 454780 11232 771125 130788604 23450 0 865059 0 0 0
cpu2 139456 4072 233098 131977069 30861 0 759894 0 0 0
cpu3 134167 13816 210861 131964497 28574 0 734558 0 0 0
intr 12181633482 0 0 2638301 81 0 747991 34812353 0 0 0 9416712 0 0 0 0 0 0 0 0 0 0 0 0 0 0 0 0 0 0 0 0 0 0 0 0 0 0 0 0 0 0 0 0 0 0 0 0 0 0 0 0 2598614499 0 0 0 0 0 0 0 0 856306 0 444258 0 0 0 0 0 0 0 0 0 0 0 740533150 1 0 0 0 0 0 0 0 0 0 0 0 0 0 0 0 0 0 0 0 0 0 0 436493 4219 0 0 0 0 18900645 0 0 0 0 0 0 0 0 0 0 0 0 0 0 0 0 0 0 0 0 0 0 0 0 0 0 0 0 0 0 0 0 0 0 0 0 0 0 0 0 0 0 0 0 0 0 0 0 0 0 0 0 0 0 0 0 0 0 0 0 0 0 0 0 0 0 0 0 0 0 0 0 0 0 0 184293882 0 0 0
ctxt 390823016
btime 1669654930
processes 561553
procs_running 1
procs_blocked 0
softirq 1021520545 711447895 32208418 741983 81471500 444186 0 126183792 42605441 588 26416742

cpu  846184 38662 1417766 526648905 113514 0 3098059 0 0 0
cpu0 117780 9541 202681 131918585 30627 0 738547 0 0 0
cpu1 454780 11232 771125 130788653 23450 0 865059 0 0 0
cpu2 139456 4072 233098 131977118 30861 0 759894 0 0 0
cpu3 134167 13816 210861 131964546 28574 0 734558 0 0 0
intr 12181637740 0 0 2638302 81 0 747991 34812381 0 0 0 9416716 0 0 0 0 0 0 0 0 0 0 0 0 0 0 0 0 0 0 0 0 0 0 0 0 0 0 0 0 0 0 0 0 0 0 0 0 0 0 0 0 2598618519 0 0 0 0 0 0 0 0 856307 0 444258 0 0 0 0 0 0 0 0 0 0 0 740533304 1 0 0 0 0 0 0 0 0 0 0 0 0 0 0 0 0 0 0 0 0 0 0 436493 4219 0 0 0 0 18900660 0 0 0 0 0 0 0 0 0 0 0 0 0 0 0 0 0 0 0 0 0 0 0 0 0 0 0 0 0 0 0 0 0 0 0 0 0 0 0 0 0 0 0 0 0 0 0 0 0 0 0 0 0 0 0 0 0 0 0 0 0 0 0 0 0 0 0 0 0 0 0 0 0 0 0 184293917 0 0 0
ctxt 390823117
btime 1669654930
processes 561553
procs_running 1
procs_blocked 0
softirq 1021520619 711447903 32208435 741983 81471501 444186 0 126183805 42605462 588 26416756

cpu  846185 38662 1417767 526649102 113514 0 3098059 0 0 0
cpu0 117780 9541 202681 131918635 30627 0 738547 0 0 0
cpu1 454780 11232 771125 130788703 23450 0 865059 0 0 0
cpu2 139456 4072 233098 131977167 30861 0 759894 0 0 0
cpu3 134167 13816 210862 131964596 28574 0 734558 0 0 0
intr 12181641937 0 0 2638302 81 0 747991 34812402 0 0 0 9416720 0 0 0 0 0 0 0 0 0 0 0 0 0 0 0 0 0 0 0 0 0 0 0 0 0 0 0 0 0 0 0 0 0 0 0 0 0 0 0 0 2598622514 0 0 0 0 0 0 0 0 856308 0 444258 0 0 0 0 0 0 0 0 0 0 0 740533432 1 0 0 0 0 0 0 0 0 0 0 0 0 0 0 0 0 0 0 0 0 0 0 436493 4219 0 0 0 0 18900675 0 0 0 0 0 0 0 0 0 0 0 0 0 0 0 0 0 0 0 0 0 0 0 0 0 0 0 0 0 0 0 0 0 0 0 0 0 0 0 0 0 0 0 0 0 0 0 0 0 0 0 0 0 0 0 0 0 0 0 0 0 0 0 0 0 0 0 0 0 0 0 0 0 0 0 184293949 0 0 0
ctxt 390823202
btime 1669654930
processes 561553
procs_running 1
procs_blocked 0
softirq 1021520677 711447903 32208448 741983 81471502 444186 0 126183819 42605479 588 26416769

cpu  846185 38662 1417767 526649298 113514 0 3098059 0 0 0
cpu0 117780 9541 202681 131918684 30627 0 738547 0 0 0
cpu1 454780 11232 771125 130788752 23450 0 865059 0 0 0
cpu2 139456 4072 233098 131977216 30861 0 759894 0 0 0
cpu3 134167 13816 210862 131964645 28574 0 734558 0 0 0
intr 12181646188 0 0 2638302 81 0 747991 34812429 0 0 0 9416724 0 0 0 0 0 0 0 0 0 0 0 0 0 0 0 0 0 0 0 0 0 0 0 0 0 0 0 0 0 0 0 0 0 0 0 0 0 0 0 0 2598626535 0 0 0 0 0 0 0 0 856309 0 444258 0 0 0 0 0 0 0 0 0 0 0 740533586 1 0 0 0 0 0 0 0 0 0 0 0 0 0 0 0 0 0 0 0 0 0 0 436493 4219 0 0 0 0 18900690 0 0 0 0 0 0 0 0 0 0 0 0 0 0 0 0 0 0 0 0 0 0 0 0 0 0 0 0 0 0 0 0 0 0 0 0 0 0 0 0 0 0 0 0 0 0 0 0 0 0 0 0 0 0 0 0 0 0 0 0 0 0 0 0 0 0 0 0 0 0 0 0 0 0 0 184293979 0 0 0
ctxt 390823300
btime 1669654930
processes 561553
procs_running 1
procs_blocked 0
softirq 1021520744 711447911 32208461 741983 81471503 444186 0 126183833 42605498 588 26416781

cpu  846185 38662 1417767 526649496 113514 0 3098059 0 0 0
cpu0 117780 9541 202681 131918733 30627 0 738547 0 0 0
cpu1 454780 11232 771125 130788802 23450 0 865059 0 0 0
cpu2 139456 4072 233098 131977265 30861 0 759894 0 0 0
cpu3 134167 13816 210862 131964694 28574 0 734558 0 0 0
intr 12181650389 0 0 2638302 81 0 747991 34812449 0 0 0 9416728 0 0 0 0 0 0 0 0 0 0 0 0 0 0 0 0 0 0 0 0 0 0 0 0 0 0 0 0 0 0 0 0 0 0 0 0 0 0 0 0 2598630539 0 0 0 0 0 0 0 0 856310 0 444258 0 0 0 0 0 0 0 0 0 0 0 740533712 1 0 0 0 0 0 0 0 0 0 0 0 0 0 0 0 0 0 0 0 0 0 0 436493 4219 0 0 0 0 18900705 0 0 0 0 0 0 0 0 0 0 0 0 0 0 0 0 0 0 0 0 0 0 0 0 0 0 0 0 0 0 0 0 0 0 0 0 0 0 0 0 0 0 0 0 0 0 0 0 0 0 0 0 0 0 0 0 0 0 0 0 0 0 0 0 0 0 0 0 0 0 0 0 0 0 0 184294009 0 0 0
ctxt 390823380
btime 1669654930
processes 561553
procs_running 1
procs_blocked 0
softirq 1021520801 711447911 32208475 741983 81471504 444186 0 126183847 42605514 588 26416793

cpu  846185 38662 1417768 526649693 113514 0 3098059 0 0 0
cpu0 117780 9541 202682 131918782 30627 0 738547 0 0 0
cpu1 454780 11232 771126 130788851 23450 0 865059 0 0 0
cpu2 139456 4072 233098 131977314 30861 0 759894 0 0 0
cpu3 134167 13816 210862 131964744 28574 0 734558 0 0 0
intr 12181654652 0 0 2638303 81 0 747991 34812479 0 0 0 9416732 0 0 0 0 0 0 0 0 0 0 0 0 0 0 0 0 0 0 0 0 0 0 0 0 0 0 0 0 0 0 0 0 0 0 0 0 0 0 0 0 2598634560 0 0 0 0 0 0 0 0 856311 0 444258 0 0 0 0 0 0 0 0 0 0 0 740533866 1 0 0 0 0 0 0 0 0 0 0 0 0 0 0 0 0 0 0 0 0 0 0 436493 4219 0 0 0 0 18900720 0 0 0 0 0 0 0 0 0 0 0 0 0 0 0 0 0 0 0 0 0 0 0 0 0 0 0 0 0 0 0 0 0 0 0 0 0 0 0 0 0 0 0 0 0 0 0 0 0 0 0 0 0 0 0 0 0 0 0 0 0 0 0 0 0 0 0 0 0 0 0 0 0 0 0 184294046 0 0 0
ctxt 390823483
btime 1669654930
processes 561553
procs_running 1
procs_blocked 0
softirq 1021520874 711447919 32208490 741983 81471505 444186 0 126183860 42605537 588 26416806

cpu  846185 38662 1417769 526649890 113514 0 3098059 0 0 0
cpu0 117780 9541 202682 131918832 30627 0 738547 0 0 0
cpu1 454780 11232 771126 130788901 23450 0 865059 0 0 0
cpu2 139456 4072 233098 131977363 30861 0 759894 0 0 0
cpu3 134167 13816 210862 131964793 28574 0 734558 0 0 0
intr 12181658858 0 0 2638303 81 0 747991 34812502 0 0 0 9416736 0 0 0 0 0 0 0 0 0 0 0 0 0 0 0 0 0 0 0 0 0 0 0 0 0 0 0 0 0 0 0 0 0 0 0 0 0 0 0 0 2598638564 0 0 0 0 0 0 0 0 856312 0 444258 0 0 0 0 0 0 0 0 0 0 0 740533994 1 0 0 0 0 0 0 0 0 0 0 0 0 0 0 0 0 0 0 0 0 0 0 436493 4219 0 0 0 0 18900735 0 0 0 0 0 0 0 0 0 0 0 0 0 0 0 0 0 0 0 0 0 0 0 0 0 0 0 0 0 0 0 0 0 0 0 0 0 0 0 0 0 0 0 0 0 0 0 0 0 0 0 0 0 0 0 0 0 0 0 0 0 0 0 0 0 0 0 0 0 0 0 0 0 0 0 184294077 0 0 0
ctxt 390823563
btime 1669654930
processes 561553
procs_running 1
procs_blocked 0
softirq 1021520937 711447919 32208504 741983 81471506 444186 0 126183874 42605557 588 26416820

cpu  846185 38662 1417769 526650087 113514 0 3098059 0 0 0
cpu0 117780 9541 202682 131918881 30627 0 738547 0 0 0
cpu1 454780 11232 771126 130788950 23450 0 865059 0 0 0
cpu2 139456 4072 233098 131977412 30861 0 759894 0 0 0
cpu3 134167 13816 210862 131964842 28574 0 734558 0 0 0
intr 12181663111 0 0 2638303 81 0 747991 34812531 0 0 0 9416739 0 0 0 0 0 0 0 0 0 0 0 0 0 0 0 0 0 0 0 0 0 0 0 0 0 0 0 0 0 0 0 0 0 0 0 0 0 0 0 0 2598642586 0 0 0 0 0 0 0 0 856313 0 444258 0 0 0 0 0 0 0 0 0 0 0 740534148 1 0 0 0 0 0 0 0 0 0 0 0 0 0 0 0 0 0 0 0 0 0 0 436493 4219 0 0 0 0 18900750 0 0 0 0 0 0 0 0 0 0 0 0 0 0 0 0 0 0 0 0 0 0 0 0 0 0 0 0 0 0 0 0 0 0 0 0 0 0 0 0 0 0 0 0 0 0 0 0 0 0 0 0 0 0 0 0 0 0 0 0 0 0 0 0 0 0 0 0 0 0 0 0 0 0 0 184294107 0 0 0
ctxt 390823661
btime 1669654930
processes 561553
procs_running 1
procs_blocked 0
softirq 1021521004 711447927 32208517 741983 81471507 444186 0 126183889 42605575 588 26416832

cpu  846185 38662 1417769 526650284 113514 0 3098059 0 0 0
cpu0 117780 9541 202682 131918930 30627 0 738547 0 0 0
cpu1 454780 11232 771126 130789000 23450 0 865059 0 0 0
cpu2 139456 4072 233098 131977461 30861 0 759894 0 0 0
cpu3 134167 13816 210862 131964892 28574 0 734558 0 0 0
intr 12181667320 0 0 2638303 81 0 747991 34812554 0 0 0 9416743 0 0 0 0 0 0 0 0 0 0 0 0 0 0 0 0 0 0 0 0 0 0 0 0 0 0 0 0 0 0 0 0 0 0 0 0 0 0 0 0 2598646591 0 0 0 0 0 0 0 0 856314 0 444259 0 0 0 0 0 0 0 0 0 0 0 740534276 1 0 0 0 0 0 0 0 0 0 0 0 0 0 0 0 0 0 0 0 0 0 0 436494 4219 0 0 0 0 18900765 0 0 0 0 0 0 0 0 0 0 0 0 0 0 0 0 0 0 0 0 0 0 0 0 0 0 0 0 0 0 0 0 0 0 0 0 0 0 0 0 0 0 0 0 0 0 0 0 0 0 0 0 0 0 0 0 0 0 0 0 0 0 0 0 0 0 0 0 0 0 0 0 0 0 0 184294138 0 0 0
ctxt 390823750
btime 1669654930
processes 561553
procs_running 1
procs_blocked 0
softirq 1021521070 711447927 32208533 741983 81471508 444187 0 126183906 42605594 588 26416844

cpu  846185 38662 1417769 526650481 113514 0 3098059 0 0 0
cpu0 117780 9541 202682 131918980 30627 0 738547 0 0 0
cpu1 454780 11232 771126 130789049 23450 0 865059 0 0 0
cpu2 139456 4072 233098 131977510 30861 0 759894 0 0 0
cpu3 134167 13816 210862 131964941 28574 0 734558 0 0 0
intr 12181671575 0 0 2638304 81 0 747991 34812578 0 0 0 9416747 0 0 0 0 0 0 0 0 0 0 0 0 0 0 0 0 0 0 0 0 0 0 0 0 0 0 0 0 0 0 0 0 0 0 0 0 0 0 0 0 2598650610 0 0 0 0 0 0 0 0 856315 0 444259 0 0 0 0 0 0 0 0 0 0 0 740534430 1 0 0 0 0 0 0 0 0 0 0 0 0 0 0 0 0 0 0 0 0 0 0 436494 4219 0 0 0 0 18900780 0 0 0 0 0 0 0 0 0 0 0 0 0 0 0 0 0 0 0 0 0 0 0 0 0 0 0 0 0 0 0 0 0 0 0 0 0 0 0 0 0 0 0 0 0 0 0 0 0 0 0 0 0 0 0 0 0 0 0 0 0 0 0 0 0 0 0 0 0 0 0 0 0 0 0 184294175 0 0 0
ctxt 390823857
btime 1669654930
processes 561553
procs_running 1
procs_blocked 0
softirq 1021521142 711447935 32208549 741983 81471509 444187 0 126183919 42605616 588 26416856

cpu  846185 38662 1417770 526650678 113514 0 3098059 0 0 0
cpu0 117780 9541 202682 131919029 30627 0 738547 0 0 0
cpu1 454780 11232 771126 130789098 23450 0 865059 0 0 0
cpu2 139456 4072 233098 131977559 30861 0 759894 0 0 0
cpu3 134167 13816 210862 131964990 28574 0 734558 0 0 0
intr 12181675778 0 0 2638304 81 0 747991 34812595 0 0 0 9416751 0 0 0 0 0 0 0 0 0 0 0 0 0 0 0 0 0 0 0 0 0 0 0 0 0 0 0 0 0 0 0 0 0 0 0 0 0 0 0 0 2598654614 0 0 0 0 0 0 0 0 856316 0 444259 0 0 0 0 0 0 0 0 0 0 0 740534558 1 0 0 0 0 0 0 0 0 0 0 0 0 0 0 0 0 0 0 0 0 0 0 436494 4219 0 0 0 0 18900795 0 0 0 0 0 0 0 0 0 0 0 0 0 0 0 0 0 0 0 0 0 0 0 0 0 0 0 0 0 0 0 0 0 0 0 0 0 0 0 0 0 0 0 0 0 0 0 0 0 0 0 0 0 0 0 0 0 0 0 0 0 0 0 0 0 0 0 0 0 0 0 0 0 0 0 184294209 0 0 0
ctxt 390823939
btime 1669654930
processes 561553
procs_running 1
procs_blocked 0
softirq 1021521209 711447935 32208565 741984 81471510 444187 0 126183933 42605638 588 26416869

cpu  846185 38662 1417770 526650875 113514 0 3098059 0 0 0
cpu0 117780 9541 202682 131919078 30627 0 738547 0 0 0
cpu1 454780 11232 771126 130789148 23450 0 865059 0 0 0
cpu2 139456 4072 233099 131977608 30861 0 759894 0 0 0
cpu3 134167 13816 210862 131965039 28574 0 734558 0 0 0
intr 12181680031 0 0 2638304 81 0 747991 34812623 0 0 0 9416755 0 0 0 0 0 0 0 0 0 0 0 0 0 0 0 0 0 0 0 0 0 0 0 0 0 0 0 0 0 0 0 0 0 0 0 0 0 0 0 0 2598658633 0 0 0 0 0 0 0 0 856317 0 444259 0 0 0 0 0 0 0 0 0 0 0 740534712 1 0 0 0 0 0 0 0 0 0 0 0 0 0 0 0 0 0 0 0 0 0 0 436494 4219 0 0 0 0 18900810 0 0 0 0 0 0 0 0 0 0 0 0 0 0 0 0 0 0 0 0 0 0 0 0 0 0 0 0 0 0 0 0 0 0 0 0 0 0 0 0 0 0 0 0 0 0 0 0 0 0 0 0 0 0 0 0 0 0 0 0 0 0 0 0 0 0 0 0 0 0 0 0 0 0 0 184294240 0 0 0
ctxt 390824039
btime 1669654930
processes 561553
procs_running 1
procs_blocked 0
softirq 1021521275 711447943 32208578 741984 81471511 444187 0 126183946 42605657 588 26416881

cpu  846185 38662 1417771 526651072 113514 0 3098059 0 0 0
cpu0 117780 9541 202682 131919128 30627 0 738547 0 0 0
cpu1 454780 11232 771127 130789197 23450 0 865059 0 0 0
cpu2 139456 4072 233099 131977657 30861 0 759894 0 0 0
cpu3 134167 13816 210862 131965089 28574 0 734558 0 0 0
intr 12181684246 0 0 2638308 81 0 747991 34812648 0 0 0 9416759 0 0 0 0 0 0 0 0 0 0 0 0 0 0 0 0 0 0 0 0 0 0 0 0 0 0 0 0 0 0 0 0 0 0 0 0 0 0 0 0 2598662637 0 0 0 0 0 0 0 0 856318 0 444259 0 0 0 0 0 0 0 0 0 0 0 740534840 1 0 0 0 0 0 0 0 0 0 0 0 0 0 0 0 0 0 0 0 0 0 0 436494 4219 0 0 0 0 18900825 0 0 0 0 0 0 0 0 0 0 0 0 0 0 0 0 0 0 0 0 0 0 0 0 0 0 0 0 0 0 0 0 0 0 0 0 0 0 0 0 0 0 0 0 0 0 0 0 0 0 0 0 0 0 0 0 0 0 0 0 0 0 0 0 0 0 0 0 0 0 0 0 0 0 0 184294275 0 0 0
ctxt 390824128
btime 1669654930
processes 561553
procs_running 1
procs_blocked 0
softirq 1021521338 711447943 32208593 741984 81471512 444187 0 126183960 42605678 588 26416893

cpu  846185 38662 1417771 526651269 113514 0 3098059 0 0 0
cpu0 117780 9541 202682 131919177 30627 0 738547 0 0 0
cpu1 454780 11232 771127 130789247 23450 0 865059 0 0 0
cpu2 139456 4072 233099 131977706 30861 0 759894 0 0 0
cpu3 134167 13816 210862 131965138 28574 0 734558 0 0 0
intr 12181688500 0 0 2638309 81 0 747991 34812676 0 0 0 9416763 0 0 0 0 0 0 0 0 0 0 0 0 0 0 0 0 0 0 0 0 0 0 0 0 0 0 0 0 0 0 0 0 0 0 0 0 0 0 0 0 2598666657 0 0 0 0 0 0 0 0 856319 0 444259 0 0 0 0 0 0 0 0 0 0 0 740534994 1 0 0 0 0 0 0 0 0 0 0 0 0 0 0 0 0 0 0 0 0 0 0 436494 4219 0 0 0 0 18900840 0 0 0 0 0 0 0 0 0 0 0 0 0 0 0 0 0 0 0 0 0 0 0 0 0 0 0 0 0 0 0 0 0 0 0 0 0 0 0 0 0 0 0 0 0 0 0 0 0 0 0 0 0 0 0 0 0 0 0 0 0 0 0 0 0 0 0 0 0 0 0 0 0 0 0 184294306 0 0 0
ctxt 390824227
btime 1669654930
processes 561553
procs_running 1
procs_blocked 0
softirq 1021521402 711447951 32208606 741984 81471513 444187 0 126183973 42605695 588 26416905

cpu  846185 38662 1417772 526651466 113514 0 3098059 0 0 0
cpu0 117780 9541 202682 131919226 30627 0 738547 0 0 0
cpu1 454780 11232 771128 130789296 23450 0 865059 0 0 0
cpu2 139456 4072 233099 131977755 30861 0 759894 0 0 0
cpu3 134167 13816 210863 131965187 28574 0 734558 0 0 0
intr 12181692708 0 0 2638309 81 0 747991 34812698 0 0 0 9416767 0 0 0 0 0 0 0 0 0 0 0 0 0 0 0 0 0 0 0 0 0 0 0 0 0 0 0 0 0 0 0 0 0 0 0 0 0 0 0 0 2598670661 0 0 0 0 0 0 0 0 856320 0 444259 0 0 0 0 0 0 0 0 0 0 0 740535122 1 0 0 0 0 0 0 0 0 0 0 0 0 0 0 0 0 0 0 0 0 0 0 436494 4219 0 0 0 0 18900855 0 0 0 0 0 0 0 0 0 0 0 0 0 0 0 0 0 0 0 0 0 0 0 0 0 0 0 0 0 0 0 0 0 0 0 0 0 0 0 0 0 0 0 0 0 0 0 0 0 0 0 0 0 0 0 0 0 0 0 0 0 0 0 0 0 0 0 0 0 0 0 0 0 0 0 184294340 0 0 0
ctxt 390824308
btime 1669654930
processes 561553
procs_running 1
procs_blocked 0
softirq 1021521467 711447951 32208620 741984 81471514 444187 0 126183987 42605718 588 26416918

cpu  846185 38662 1417774 526651662 113514 0 3098059 0 0 0
cpu0 117780 9541 202682 131919276 30627 0 738547 0 0 0
cpu1 454780 11232 771128 130789345 23450 0 865059 0 0 0
cpu2 139456 4072 233100 131977804 30861 0 759894 0 0 0
cpu3 134167 13816 210863 131965236 28574 0 734558 0 0 0
intr 12181696958 0 0 2638309 81 0 747991 34812730 0 0 0 9416772 0 0 0 0 0 0 0 0 0 0 0 0 0 0 0 0 0 0 0 0 0 0 0 0 0 0 0 0 0 0 0 0 0 0 0 0 0 0 0 0 2598674674 0 0 0 0 0 0 0 0 856321 0 444259 0 0 0 0 0 0 0 0 0 0 0 740535269 1 0 0 0 0 0 0 0 0 0 0 0 0 0 0 0 0 0 0 0 0 0 0 436494 4219 0 0 0 0 18900879 0 0 0 0 0 0 0 0 0 0 0 0 0 0 0 0 0 0 0 0 0 0 0 0 0 0 0 0 0 0 0 0 0 0 0 0 0 0 0 0 0 0 0 0 0 0 0 0 0 0 0 0 0 0 0 0 0 0 0 0 0 0 0 0 0 0 0 0 0 0 0 0 0 0 0 184294370 0 0 0
ctxt 390824418
btime 1669654930
processes 561553
procs_running 3
procs_blocked 0
softirq 1021521542 711447956 32208634 741984 81471516 444187 0 126184007 42605738 588 26416932

cpu  846186 38662 1417774 526651860 113514 0 3098059 0 0 0
cpu0 117780 9541 202682 131919325 30627 0 738547 0 0 0
cpu1 454780 11232 771128 130789395 23450 0 865059 0 0 0
cpu2 139456 4072 233100 131977853 30861 0 759894 0 0 0
cpu3 134168 13816 210863 131965285 28574 0 734558 0 0 0
intr 12181701181 0 0 2638309 81 0 747991 34812749 0 0 0 9416776 0 0 0 0 0 0 0 0 0 0 0 0 0 0 0 0 0 0 0 0 0 0 0 0 0 0 0 0 0 0 0 0 0 0 0 0 0 0 0 0 2598678686 0 0 0 0 0 0 0 0 856322 0 444259 0 0 0 0 0 0 0 0 0 0 0 740535404 1 0 0 0 0 0 0 0 0 0 0 0 0 0 0 0 0 0 0 0 0 0 0 436494 4219 0 0 0 0 18900894 0 0 0 0 0 0 0 0 0 0 0 0 0 0 0 0 0 0 0 0 0 0 0 0 0 0 0 0 0 0 0 0 0 0 0 0 0 0 0 0 0 0 0 0 0 0 0 0 0 0 0 0 0 0 0 0 0 0 0 0 0 0 0 0 0 0 0 0 0 0 0 0 0 0 0 184294404 0 0 0
ctxt 390824501
btime 1669654930
processes 561553
procs_running 1
procs_blocked 0
softirq 1021521606 711447959 32208648 741984 81471517 444187 0 126184020 42605758 588 26416945

cpu  846186 38662 1417775 526652056 113514 0 3098059 0 0 0
cpu0 117780 9541 202682 131919374 30627 0 738547 0 0 0
cpu1 454780 11232 771128 130789444 23450 0 865059 0 0 0
cpu2 139456 4072 233100 131977902 30861 0 759894 0 0 0
cpu3 134168 13816 210864 131965334 28574 0 734558 0 0 0
intr 12181705381 0 0 2638310 81 0 747991 34812767 0 0 0 9416780 0 0 0 0 0 0 0 0 0 0 0 0 0 0 0 0 0 0 0 0 0 0 0 0 0 0 0 0 0 0 0 0 0 0 0 0 0 0 0 0 2598682683 0 0 0 0 0 0 0 0 856323 0 444259 0 0 0 0 0 0 0 0 0 0 0 740535534 1 0 0 0 0 0 0 0 0 0 0 0 0 0 0 0 0 0 0 0 0 0 0 436494 4219 0 0 0 0 18900909 0 0 0 0 0 0 0 0 0 0 0 0 0 0 0 0 0 0 0 0 0 0 0 0 0 0 0 0 0 0 0 0 0 0 0 0 0 0 0 0 0 0 0 0 0 0 0 0 0 0 0 0 0 0 0 0 0 0 0 0 0 0 0 0 0 0 0 0 0 0 0 0 0 0 0 184294439 0 0 0
ctxt 390824600
btime 1669654930
processes 561553
procs_running 1
procs_blocked 0
softirq 1021521663 711447959 32208661 741984 81471518 444187 0 126184034 42605774 588 26416958

cpu  846186 38662 1417775 526652253 113514 0 3098059 0 0 0
cpu0 117780 9541 202682 131919424 30627 0 738547 0 0 0
cpu1 454780 11232 771128 130789494 23450 0 865059 0 0 0
cpu2 139456 4072 233100 131977951 30861 0 759894 0 0 0
cpu3 134168 13816 210864 131965384 28574 0 734558 0 0 0
intr 12181709644 0 0 2638310 81 0 747991 34812796 0 0 0 9416784 0 0 0 0 0 0 0 0 0 0 0 0 0 0 0 0 0 0 0 0 0 0 0 0 0 0 0 0 0 0 0 0 0 0 0 0 0 0 0 0 2598686705 0 0 0 0 0 0 0 0 856324 0 444260 0 0 0 0 0 0 0 0 0 0 0 740535686 1 0 0 0 0 0 0 0 0 0 0 0 0 0 0 0 0 0 0 0 0 0 0 436495 4219 0 0 0 0 18900924 0 0 0 0 0 0 0 0 0 0 0 0 0 0 0 0 0 0 0 0 0 0 0 0 0 0 0 0 0 0 0 0 0 0 0 0 0 0 0 0 0 0 0 0 0 0 0 0 0 0 0 0 0 0 0 0 0 0 0 0 0 0 0 0 0 0 0 0 0 0 0 0 0 0 0 184294477 0 0 0
ctxt 390824720
btime 1669654930
processes 561553
procs_running 1
procs_blocked 0
softirq 1021521742 711447967 32208678 741984 81471519 444188 0 126184051 42605795 588 26416972

cpu  846186 38662 1417775 526652450 113514 0 3098059 0 0 0
cpu0 117780 9541 202682 131919473 30627 0 738547 0 0 0
cpu1 454780 11232 771128 130789543 23450 0 865059 0 0 0
cpu2 139456 4072 233100 131978000 30861 0 759894 0 0 0
cpu3 134168 13816 210864 131965433 28574 0 734558 0 0 0
intr 12181713881 0 0 2638310 81 0 747991 34812826 0 0 0 9416788 0 0 0 0 0 0 0 0 0 0 0 0 0 0 0 0 0 0 0 0 0 0 0 0 0 0 0 0 0 0 0 0 0 0 0 0 0 0 0 0 2598690710 0 0 0 0 0 0 0 0 856325 0 444260 0 0 0 0 0 0 0 0 0 0 0 740535816 1 0 0 0 0 0 0 0 0 0 0 0 0 0 0 0 0 0 0 0 0 0 0 436495 4219 0 0 0 0 18900956 0 0 0 0 0 0 0 0 0 0 0 0 0 0 0 0 0 0 0 0 0 0 0 0 0 0 0 0 0 0 0 0 0 0 0 0 0 0 0 0 0 0 0 0 0 0 0 0 0 0 0 0 0 0 0 0 0 0 0 0 0 0 0 0 0 0 0 0 0 0 0 0 0 0 0 184294512 0 0 0
ctxt 390824832
btime 1669654930
processes 561553
procs_running 1
procs_blocked 0
softirq 1021521821 711447967 32208695 741984 81471521 444188 0 126184077 42605817 588 26416984

cpu  846187 38662 1417776 526652646 113514 0 3098059 0 0 0
cpu0 117780 9541 202682 131919522 30627 0 738547 0 0 0
cpu1 454780 11232 771128 130789592 23450 0 865059 0 0 0
cpu2 139456 4072 233100 131978049 30861 0 759894 0 0 0
cpu3 134169 13816 210864 131965481 28574 0 734558 0 0 0
intr 12181718252 0 0 2638310 81 0 747993 34812894 0 0 0 9416792 0 0 0 0 0 0 0 0 0 0 0 0 0 0 0 0 0 0 0 0 0 0 0 0 0 0 0 0 0 0 0 0 0 0 0 0 0 0 0 0 2598694730 0 0 0 0 0 0 0 0 856326 0 444260 0 0 0 0 0 0 0 0 0 0 0 740535968 1 0 0 0 0 0 0 0 0 0 0 0 0 0 0 0 0 0 0 0 0 0 0 436495 4219 0 0 0 0 18901033 0 0 0 0 0 0 0 0 0 0 0 0 0 0 0 0 0 0 0 0 0 0 0 0 0 0 0 0 0 0 0 0 0 0 0 0 0 0 0 0 0 0 0 0 0 0 0 0 0 0 0 0 0 0 0 0 0 0 0 0 0 0 0 0 0 0 0 0 0 0 0 0 0 0 0 184294559 0 0 0
ctxt 390825054
btime 1669654930
processes 561554
procs_running 1
procs_blocked 0
softirq 1021521957 711447975 32208714 741984 81471528 444188 0 126184137 42605846 588 26416997

cpu  846188 38662 1417776 526652841 113514 0 3098059 0 0 0
cpu0 117780 9541 202682 131919572 30627 0 738547 0 0 0
cpu1 454780 11232 771128 130789641 23450 0 865059 0 0 0
cpu2 139457 4072 233101 131978097 30861 0 759894 0 0 0
cpu3 134169 13816 210864 131965530 28574 0 734558 0 0 0
intr 12181722586 0 0 2638311 81 0 747993 34812969 0 0 0 9416796 0 0 0 0 0 0 0 0 0 0 0 0 0 0 0 0 0 0 0 0 0 0 0 0 0 0 0 0 0 0 0 0 0 0 0 0 0 0 0 0 2598698727 0 0 0 0 0 0 0 0 856327 0 444260 0 0 0 0 0 0 0 0 0 0 0 740536098 1 0 0 0 0 0 0 0 0 0 0 0 0 0 0 0 0 0 0 0 0 0 0 436495 4219 0 0 0 0 18901111 0 0 0 0 0 0 0 0 0 0 0 0 0 0 0 0 0 0 0 0 0 0 0 0 0 0 0 0 0 0 0 0 0 0 0 0 0 0 0 0 0 0 0 0 0 0 0 0 0 0 0 0 0 0 0 0 0 0 0 0 0 0 0 0 0 0 0 0 0 0 0 0 0 0 0 184294607 0 0 0
ctxt 390825288
btime 1669654930
processes 561554
procs_running 1
procs_blocked 0
softirq 1021522089 711447975 32208736 741984 81471535 444188 0 126184202 42605873 588 26417008
