cpu  777190 33748 1306794 478618011 102742 0 1818521 0 0 0
cpu0 102299 9522 177117 119914483 28085 0 416723 0 0 0
cpu1 437378 10210 741801 118773079 20827 0 550537 0 0 0
cpu2 121762 2833 204054 119969990 27699 0 437435 0 0 0
cpu3 115750 11183 183821 119960458 26129 0 413825 0 0 0
intr 10834464467 0 0 2460346 81 0 633978 27816870 0 0 0 8517242 0 0 0 0 0 0 0 0 0 0 0 0 0 0 0 0 0 0 0 0 0 0 0 0 0 0 0 0 0 0 0 0 0 0 0 0 0 0 0 0 1456229882 0 0 0 0 0 0 0 0 593334 0 359560 0 0 0 0 0 0 0 0 0 0 0 569294693 1 0 0 0 0 0 0 0 0 0 0 0 0 0 0 0 0 0 0 0 0 0 0 351795 4219 0 0 0 0 14163716 0 0 0 0 0 0 0 0 0 0 0 0 0 0 0 0 0 0 0 0 0 0 0 0 0 0 0 0 0 0 0 0 0 0 0 0 0 0 0 0 0 0 0 0 0 0 0 0 0 0 0 0 0 0 0 0 0 0 0 0 0 0 0 0 0 0 0 0 0 0 0 0 0 0 0 164104158 0 0 0
ctxt 353977101
btime 1669654930
processes 484516
procs_running 1
procs_blocked 0
softirq 621321376 438605027 26509732 718370 35983649 359498 0 71862233 32658741 557 14623569

cpu  777190 33748 1306795 478618209 102742 0 1818521 0 0 0
cpu0 102299 9522 177117 119914532 28085 0 416723 0 0 0
cpu1 437378 10210 741802 118773128 20827 0 550537 0 0 0
cpu2 121762 2833 204054 119970040 27699 0 437435 0 0 0
cpu3 115750 11183 183822 119960507 26129 0 413825 0 0 0
intr 10834468674 0 0 2460346 81 0 633978 27816889 0 0 0 8517245 0 0 0 0 0 0 0 0 0 0 0 0 0 0 0 0 0 0 0 0 0 0 0 0 0 0 0 0 0 0 0 0 0 0 0 0 0 0 0 0 1456233887 0 0 0 0 0 0 0 0 593335 0 359560 0 0 0 0 0 0 0 0 0 0 0 569294821 1 0 0 0 0 0 0 0 0 0 0 0 0 0 0 0 0 0 0 0 0 0 0 351795 4219 0 0 0 0 14163731 0 0 0 0 0 0 0 0 0 0 0 0 0 0 0 0 0 0 0 0 0 0 0 0 0 0 0 0 0 0 0 0 0 0 0 0 0 0 0 0 0 0 0 0 0 0 0 0 0 0 0 0 0 0 0 0 0 0 0 0 0 0 0 0 0 0 0 0 0 0 0 0 0 0 0 164104196 0 0 0
ctxt 353977174
btime 1669654930
processes 484516
procs_running 1
procs_blocked 0
softirq 621321443 438605027 26509748 718370 35983650 359498 0 71862246 32658765 557 14623582

cpu  777190 33748 1306795 478618406 102742 0 1818521 0 0 0
cpu0 102299 9522 177117 119914581 28085 0 416723 0 0 0
cpu1 437378 10210 741802 118773178 20827 0 550537 0 0 0
cpu2 121762 2833 204054 119970089 27699 0 437435 0 0 0
cpu3 115750 11183 183822 119960556 26129 0 413825 0 0 0
intr 10834472951 0 0 2460346 81 0 633978 27816924 0 0 0 8517249 0 0 0 0 0 0 0 0 0 0 0 0 0 0 0 0 0 0 0 0 0 0 0 0 0 0 0 0 0 0 0 0 0 0 0 0 0 0 0 0 1456237915 0 0 0 0 0 0 0 0 593336 0 359560 0 0 0 0 0 0 0 0 0 0 0 569294975 1 0 0 0 0 0 0 0 0 0 0 0 0 0 0 0 0 0 0 0 0 0 0 351795 4219 0 0 0 0 14163758 0 0 0 0 0 0 0 0 0 0 0 0 0 0 0 0 0 0 0 0 0 0 0 0 0 0 0 0 0 0 0 0 0 0 0 0 0 0 0 0 0 0 0 0 0 0 0 0 0 0 0 0 0 0 0 0 0 0 0 0 0 0 0 0 0 0 0 0 0 0 0 0 0 0 0 164104223 0 0 0
ctxt 353977290
btime 1669654930
processes 484516
procs_running 1
procs_blocked 0
softirq 621321521 438605035 26509764 718370 35983652 359498 0 71862269 32658785 557 14623591

cpu  777190 33748 1306796 478618603 102742 0 1818521 0 0 0
cpu0 102299 9522 177117 119914631 28085 0 416723 0 0 0
cpu1 437378 10210 741802 118773227 20827 0 550537 0 0 0
cpu2 121762 2833 204054 119970139 27699 0 437435 0 0 0
cpu3 115750 11183 183822 119960605 26129 0 413825 0 0 0
intr 10834477137 0 0 2460346 81 0 633978 27816942 0 0 0 8517253 0 0 0 0 0 0 0 0 0 0 0 0 0 0 0 0 0 0 0 0 0 0 0 0 0 0 0 0 0 0 0 0 0 0 0 0 0 0 0 0 1456241911 0 0 0 0 0 0 0 0 593337 0 359560 0 0 0 0 0 0 0 0 0 0 0 569295103 1 0 0 0 0 0 0 0 0 0 0 0 0 0 0 0 0 0 0 0 0 0 0 351795 4219 0 0 0 0 14163773 0 0 0 0 0 0 0 0 0 0 0 0 0 0 0 0 0 0 0 0 0 0 0 0 0 0 0 0 0 0 0 0 0 0 0 0 0 0 0 0 0 0 0 0 0 0 0 0 0 0 0 0 0 0 0 0 0 0 0 0 0 0 0 0 0 0 0 0 0 0 0 0 0 0 0 164104248 0 0 0
ctxt 353977359
btime 1669654930
processes 484516
procs_running 1
procs_blocked 0
softirq 621321574 438605035 26509776 718371 35983653 359498 0 71862282 32658802 557 14623600

cpu  777190 33748 1306796 478618800 102742 0 1818521 0 0 0
cpu0 102299 9522 177117 119914680 28085 0 416723 0 0 0
cpu1 437378 10210 741802 118773276 20827 0 550537 0 0 0
cpu2 121762 2833 204054 119970188 27699 0 437435 0 0 0
cpu3 115750 11183 183822 119960654 26129 0 413825 0 0 0
intr 10834481403 0 0 2460347 81 0 633978 27816968 0 0 0 8517257 0 0 0 0 0 0 0 0 0 0 0 0 0 0 0 0 0 0 0 0 0 0 0 0 0 0 0 0 0 0 0 0 0 0 0 0 0 0 0 0 1456245937 0 0 0 0 0 0 0 0 593338 0 359560 0 0 0 0 0 0 0 0 0 0 0 569295257 1 0 0 0 0 0 0 0 0 0 0 0 0 0 0 0 0 0 0 0 0 0 0 351795 4219 0 0 0 0 14163792 0 0 0 0 0 0 0 0 0 0 0 0 0 0 0 0 0 0 0 0 0 0 0 0 0 0 0 0 0 0 0 0 0 0 0 0 0 0 0 0 0 0 0 0 0 0 0 0 0 0 0 0 0 0 0 0 0 0 0 0 0 0 0 0 0 0 0 0 0 0 0 0 0 0 0 164104282 0 0 0
ctxt 353977467
btime 1669654930
processes 484516
procs_running 1
procs_blocked 0
softirq 621321650 438605043 26509793 718371 35983654 359498 0 71862298 32658825 557 14623611

cpu  777190 33748 1306796 478618997 102742 0 1818521 0 0 0
cpu0 102299 9522 177117 119914729 28085 0 416723 0 0 0
cpu1 437378 10210 741803 118773325 20827 0 550537 0 0 0
cpu2 121762 2833 204054 119970237 27699 0 437435 0 0 0
cpu3 115750 11183 183822 119960703 26129 0 413825 0 0 0
intr 10834485594 0 0 2460347 81 0 633978 27816989 0 0 0 8517261 0 0 0 0 0 0 0 0 0 0 0 0 0 0 0 0 0 0 0 0 0 0 0 0 0 0 0 0 0 0 0 0 0 0 0 0 0 0 0 0 1456249933 0 0 0 0 0 0 0 0 593339 0 359560 0 0 0 0 0 0 0 0 0 0 0 569295385 1 0 0 0 0 0 0 0 0 0 0 0 0 0 0 0 0 0 0 0 0 0 0 351795 4219 0 0 0 0 14163807 0 0 0 0 0 0 0 0 0 0 0 0 0 0 0 0 0 0 0 0 0 0 0 0 0 0 0 0 0 0 0 0 0 0 0 0 0 0 0 0 0 0 0 0 0 0 0 0 0 0 0 0 0 0 0 0 0 0 0 0 0 0 0 0 0 0 0 0 0 0 0 0 0 0 0 164104309 0 0 0
ctxt 353977544
btime 1669654930
processes 484516
procs_running 1
procs_blocked 0
softirq 621321703 438605043 26509805 718371 35983655 359498 0 71862311 32658841 557 14623622

cpu  777190 33748 1306796 478619194 102742 0 1818521 0 0 0
cpu0 102299 9522 177117 119914779 28085 0 416723 0 0 0
cpu1 437378 10210 741803 118773375 20827 0 550537 0 0 0
cpu2 121762 2833 204054 119970287 27699 0 437435 0 0 0
cpu3 115750 11183 183822 119960752 26129 0 413825 0 0 0
intr 10834489854 0 0 2460347 81 0 633978 27817016 0 0 0 8517265 0 0 0 0 0 0 0 0 0 0 0 0 0 0 0 0 0 0 0 0 0 0 0 0 0 0 0 0 0 0 0 0 0 0 0 0 0 0 0 0 1456253961 0 0 0 0 0 0 0 0 593340 0 359560 0 0 0 0 0 0 0 0 0 0 0 569295539 1 0 0 0 0 0 0 0 0 0 0 0 0 0 0 0 0 0 0 0 0 0 0 351795 4219 0 0 0 0 14163822 0 0 0 0 0 0 0 0 0 0 0 0 0 0 0 0 0 0 0 0 0 0 0 0 0 0 0 0 0 0 0 0 0 0 0 0 0 0 0 0 0 0 0 0 0 0 0 0 0 0 0 0 0 0 0 0 0 0 0 0 0 0 0 0 0 0 0 0 0 0 0 0 0 0 0 164104338 0 0 0
ctxt 353977643
btime 1669654930
processes 484516
procs_running 1
procs_blocked 0
softirq 621321771 438605051 26509820 718371 35983656 359498 0 71862326 32658859 557 14623633

cpu  777190 33748 1306796 478619391 102742 0 1818521 0 0 0
cpu0 102299 9522 177117 119914828 28085 0 416723 0 0 0
cpu1 437378 10210 741803 118773424 20827 0 550537 0 0 0
cpu2 121762 2833 204054 119970336 27699 0 437435 0 0 0
cpu3 115750 11183 183822 119960801 26129 0 413825 0 0 0
intr 10834494042 0 0 2460347 81 0 633978 27817037 0 0 0 8517268 0 0 0 0 0 0 0 0 0 0 0 0 0 0 0 0 0 0 0 0 0 0 0 0 0 0 0 0 0 0 0 0 0 0 0 0 0 0 0 0 1456257957 0 0 0 0 0 0 0 0 593341 0 359560 0 0 0 0 0 0 0 0 0 0 0 569295667 1 0 0 0 0 0 0 0 0 0 0 0 0 0 0 0 0 0 0 0 0 0 0 351795 4219 0 0 0 0 14163837 0 0 0 0 0 0 0 0 0 0 0 0 0 0 0 0 0 0 0 0 0 0 0 0 0 0 0 0 0 0 0 0 0 0 0 0 0 0 0 0 0 0 0 0 0 0 0 0 0 0 0 0 0 0 0 0 0 0 0 0 0 0 0 0 0 0 0 0 0 0 0 0 0 0 0 164104364 0 0 0
ctxt 353977715
btime 1669654930
processes 484516
procs_running 1
procs_blocked 0
softirq 621321824 438605051 26509833 718371 35983657 359498 0 71862339 32658874 557 14623644

cpu  777190 33748 1306797 478619588 102742 0 1818521 0 0 0
cpu0 102299 9522 177118 119914877 28085 0 416723 0 0 0
cpu1 437378 10210 741803 118773473 20827 0 550537 0 0 0
cpu2 121762 2833 204054 119970386 27699 0 437435 0 0 0
cpu3 115750 11183 183822 119960850 26129 0 413825 0 0 0
intr 10834498307 0 0 2460348 81 0 633978 27817062 0 0 0 8517273 0 0 0 0 0 0 0 0 0 0 0 0 0 0 0 0 0 0 0 0 0 0 0 0 0 0 0 0 0 0 0 0 0 0 0 0 0 0 0 0 1456261985 0 0 0 0 0 0 0 0 593342 0 359560 0 0 0 0 0 0 0 0 0 0 0 569295821 1 0 0 0 0 0 0 0 0 0 0 0 0 0 0 0 0 0 0 0 0 0 0 351795 4219 0 0 0 0 14163852 0 0 0 0 0 0 0 0 0 0 0 0 0 0 0 0 0 0 0 0 0 0 0 0 0 0 0 0 0 0 0 0 0 0 0 0 0 0 0 0 0 0 0 0 0 0 0 0 0 0 0 0 0 0 0 0 0 0 0 0 0 0 0 0 0 0 0 0 0 0 0 0 0 0 0 164104398 0 0 0
ctxt 353977819
btime 1669654930
processes 484516
procs_running 1
procs_blocked 0
softirq 621321899 438605059 26509850 718371 35983658 359498 0 71862353 32658896 557 14623657

cpu  777191 33748 1306797 478619785 102742 0 1818521 0 0 0
cpu0 102299 9522 177118 119914927 28085 0 416723 0 0 0
cpu1 437379 10210 741803 118773522 20827 0 550537 0 0 0
cpu2 121762 2833 204054 119970435 27699 0 437435 0 0 0
cpu3 115750 11183 183822 119960899 26129 0 413825 0 0 0
intr 10834502523 0 0 2460348 81 0 633978 27817091 0 0 0 8517276 0 0 0 0 0 0 0 0 0 0 0 0 0 0 0 0 0 0 0 0 0 0 0 0 0 0 0 0 0 0 0 0 0 0 0 0 0 0 0 0 1456265981 0 0 0 0 0 0 0 0 593343 0 359560 0 0 0 0 0 0 0 0 0 0 0 569295949 1 0 0 0 0 0 0 0 0 0 0 0 0 0 0 0 0 0 0 0 0 0 0 351795 4219 0 0 0 0 14163880 0 0 0 0 0 0 0 0 0 0 0 0 0 0 0 0 0 0 0 0 0 0 0 0 0 0 0 0 0 0 0 0 0 0 0 0 0 0 0 0 0 0 0 0 0 0 0 0 0 0 0 0 0 0 0 0 0 0 0 0 0 0 0 0 0 0 0 0 0 0 0 0 0 0 0 164104429 0 0 0
ctxt 353977914
btime 1669654930
processes 484516
procs_running 1
procs_blocked 0
softirq 621321972 438605059 26509865 718371 35983660 359498 0 71862377 32658916 557 14623669

cpu  777191 33748 1306798 478619981 102742 0 1818522 0 0 0
cpu0 102299 9522 177118 119914976 28085 0 416723 0 0 0
cpu1 437379 10210 741804 118773571 20827 0 550537 0 0 0
cpu2 121762 2833 204054 119970484 27699 0 437435 0 0 0
cpu3 115750 11183 183822 119960948 26129 0 413826 0 0 0
intr 10834506857 0 0 2460348 81 0 633978 27817140 0 0 0 8517279 0 0 0 0 0 0 0 0 0 0 0 0 0 0 0 0 0 0 0 0 0 0 0 0 0 0 0 0 0 0 0 0 0 0 0 0 0 0 0 0 1456270010 0 0 0 0 0 0 0 0 593344 0 359585 0 0 0 0 0 0 0 0 0 0 0 569296101 1 0 0 0 0 0 0 0 0 0 0 0 0 0 0 0 0 0 0 0 0 0 0 351820 4219 0 0 0 0 14163895 0 0 0 0 0 0 0 0 0 0 0 0 0 0 0 0 0 0 0 0 0 0 0 0 0 0 0 0 0 0 0 0 0 0 0 0 0 0 0 0 0 0 0 0 0 0 0 0 0 0 0 0 0 0 0 0 0 0 0 0 0 0 0 0 0 0 0 0 0 0 0 0 0 0 0 164104464 0 0 0
ctxt 353978231
btime 1669654930
processes 484516
procs_running 1
procs_blocked 0
softirq 621322150 438605067 26509882 718371 35983661 359523 0 71862468 32658939 557 14623682

cpu  777191 33748 1306799 478620178 102742 0 1818522 0 0 0
cpu0 102299 9522 177118 119915025 28085 0 416723 0 0 0
cpu1 437379 10210 741804 118773620 20827 0 550537 0 0 0
cpu2 121762 2833 204054 119970534 27699 0 437435 0 0 0
cpu3 115750 11183 183822 119960996 26129 0 413826 0 0 0
intr 10834511071 0 0 2460348 81 0 633978 27817170 0 0 0 8517283 0 0 0 0 0 0 0 0 0 0 0 0 0 0 0 0 0 0 0 0 0 0 0 0 0 0 0 0 0 0 0 0 0 0 0 0 0 0 0 0 1456274007 0 0 0 0 0 0 0 0 593345 0 359585 0 0 0 0 0 0 0 0 0 0 0 569296229 1 0 0 0 0 0 0 0 0 0 0 0 0 0 0 0 0 0 0 0 0 0 0 351820 4219 0 0 0 0 14163920 0 0 0 0 0 0 0 0 0 0 0 0 0 0 0 0 0 0 0 0 0 0 0 0 0 0 0 0 0 0 0 0 0 0 0 0 0 0 0 0 0 0 0 0 0 0 0 0 0 0 0 0 0 0 0 0 0 0 0 0 0 0 0 0 0 0 0 0 0 0 0 0 0 0 0 164104494 0 0 0
ctxt 353978335
btime 1669654930
processes 484516
procs_running 1
procs_blocked 0
softirq 621322211 438605067 26509894 718371 35983663 359523 0 71862488 32658954 557 14623694

cpu  777191 33748 1306799 478620374 102742 0 1818522 0 0 0
cpu0 102299 9522 177118 119915075 28085 0 416723 0 0 0
cpu1 437379 10210 741805 118773670 20827 0 550537 0 0 0
cpu2 121762 2833 204054 119970583 27699 0 437435 0 0 0
cpu3 115750 11183 183822 119961045 26129 0 413826 0 0 0
intr 10834515323 0 0 2460349 81 0 633978 27817197 0 0 0 8517287 0 0 0 0 0 0 0 0 0 0 0 0 0 0 0 0 0 0 0 0 0 0 0 0 0 0 0 0 0 0 0 0 0 0 0 0 0 0 0 0 1456278027 0 0 0 0 0 0 0 0 593346 0 359585 0 0 0 0 0 0 0 0 0 0 0 569296383 1 0 0 0 0 0 0 0 0 0 0 0 0 0 0 0 0 0 0 0 0 0 0 351820 4219 0 0 0 0 14163935 0 0 0 0 0 0 0 0 0 0 0 0 0 0 0 0 0 0 0 0 0 0 0 0 0 0 0 0 0 0 0 0 0 0 0 0 0 0 0 0 0 0 0 0 0 0 0 0 0 0 0 0 0 0 0 0 0 0 0 0 0 0 0 0 0 0 0 0 0 0 0 0 0 0 0 164104524 0 0 0
ctxt 353978437
btime 1669654930
processes 484516
procs_running 1
procs_blocked 0
softirq 621322281 438605075 26509909 718371 35983664 359523 0 71862503 32658973 557 14623706

cpu  777191 33748 1306800 478620572 102742 0 1818522 0 0 0
cpu0 102299 9522 177118 119915124 28085 0 416723 0 0 0
cpu1 437379 10210 741806 118773719 20827 0 550537 0 0 0
cpu2 121762 2833 204054 119970633 27699 0 437435 0 0 0
cpu3 115750 11183 183822 119961095 26129 0 413826 0 0 0
intr 10834519528 0 0 2460349 81 0 633979 27817212 0 0 0 8517290 0 0 0 0 0 0 0 0 0 0 0 0 0 0 0 0 0 0 0 0 0 0 0 0 0 0 0 0 0 0 0 0 0 0 0 0 0 0 0 0 1456282031 0 0 0 0 0 0 0 0 593347 0 359585 0 0 0 0 0 0 0 0 0 0 0 569296511 1 0 0 0 0 0 0 0 0 0 0 0 0 0 0 0 0 0 0 0 0 0 0 351820 4219 0 0 0 0 14163950 0 0 0 0 0 0 0 0 0 0 0 0 0 0 0 0 0 0 0 0 0 0 0 0 0 0 0 0 0 0 0 0 0 0 0 0 0 0 0 0 0 0 0 0 0 0 0 0 0 0 0 0 0 0 0 0 0 0 0 0 0 0 0 0 0 0 0 0 0 0 0 0 0 0 0 164104562 0 0 0
ctxt 353978523
btime 1669654930
processes 484516
procs_running 1
procs_blocked 0
softirq 621322348 438605075 26509925 718372 35983665 359523 0 71862516 32658997 557 14623718

cpu  777191 33748 1306800 478620768 102742 0 1818522 0 0 0
cpu0 102299 9522 177118 119915173 28085 0 416723 0 0 0
cpu1 437379 10210 741806 118773768 20827 0 550537 0 0 0
cpu2 121762 2833 204054 119970682 27699 0 437435 0 0 0
cpu3 115750 11183 183822 119961144 26129 0 413826 0 0 0
intr 10834523777 0 0 2460349 81 0 633979 27817239 0 0 0 8517294 0 0 0 0 0 0 0 0 0 0 0 0 0 0 0 0 0 0 0 0 0 0 0 0 0 0 0 0 0 0 0 0 0 0 0 0 0 0 0 0 1456286051 0 0 0 0 0 0 0 0 593348 0 359585 0 0 0 0 0 0 0 0 0 0 0 569296665 1 0 0 0 0 0 0 0 0 0 0 0 0 0 0 0 0 0 0 0 0 0 0 351820 4219 0 0 0 0 14163965 0 0 0 0 0 0 0 0 0 0 0 0 0 0 0 0 0 0 0 0 0 0 0 0 0 0 0 0 0 0 0 0 0 0 0 0 0 0 0 0 0 0 0 0 0 0 0 0 0 0 0 0 0 0 0 0 0 0 0 0 0 0 0 0 0 0 0 0 0 0 0 0 0 0 0 164104590 0 0 0
ctxt 353978618
btime 1669654930
processes 484516
procs_running 1
procs_blocked 0
softirq 621322414 438605083 26509939 718372 35983666 359523 0 71862531 32659014 557 14623729

cpu  777191 33748 1306801 478620966 102742 0 1818522 0 0 0
cpu0 102299 9522 177118 119915222 28085 0 416723 0 0 0
cpu1 437379 10210 741806 118773817 20827 0 550537 0 0 0
cpu2 121762 2833 204054 119970731 27699 0 437435 0 0 0
cpu3 115750 11183 183822 119961193 26129 0 413826 0 0 0
intr 10834527979 0 0 2460349 81 0 633979 27817258 0 0 0 8517298 0 0 0 0 0 0 0 0 0 0 0 0 0 0 0 0 0 0 0 0 0 0 0 0 0 0 0 0 0 0 0 0 0 0 0 0 0 0 0 0 1456290055 0 0 0 0 0 0 0 0 593349 0 359585 0 0 0 0 0 0 0 0 0 0 0 569296793 1 0 0 0 0 0 0 0 0 0 0 0 0 0 0 0 0 0 0 0 0 0 0 351820 4219 0 0 0 0 14163980 0 0 0 0 0 0 0 0 0 0 0 0 0 0 0 0 0 0 0 0 0 0 0 0 0 0 0 0 0 0 0 0 0 0 0 0 0 0 0 0 0 0 0 0 0 0 0 0 0 0 0 0 0 0 0 0 0 0 0 0 0 0 0 0 0 0 0 0 0 0 0 0 0 0 0 164104620 0 0 0
ctxt 353978697
btime 1669654930
processes 484516
procs_running 1
procs_blocked 0
softirq 621322468 438605083 26509952 718372 35983667 359523 0 71862544 32659031 557 14623739

cpu  777191 33748 1306802 478621162 102742 0 1818522 0 0 0
cpu0 102299 9522 177118 119915272 28085 0 416723 0 0 0
cpu1 437379 10210 741806 118773866 20827 0 550537 0 0 0
cpu2 121762 2833 204054 119970781 27699 0 437435 0 0 0
cpu3 115750 11183 183822 119961242 26129 0 413826 0 0 0
intr 10834532229 0 0 2460350 81 0 633979 27817281 0 0 0 8517302 0 0 0 0 0 0 0 0 0 0 0 0 0 0 0 0 0 0 0 0 0 0 0 0 0 0 0 0 0 0 0 0 0 0 0 0 0 0 0 0 1456294076 0 0 0 0 0 0 0 0 593350 0 359585 0 0 0 0 0 0 0 0 0 0 0 569296947 1 0 0 0 0 0 0 0 0 0 0 0 0 0 0 0 0 0 0 0 0 0 0 351820 4219 0 0 0 0 14163995 0 0 0 0 0 0 0 0 0 0 0 0 0 0 0 0 0 0 0 0 0 0 0 0 0 0 0 0 0 0 0 0 0 0 0 0 0 0 0 0 0 0 0 0 0 0 0 0 0 0 0 0 0 0 0 0 0 0 0 0 0 0 0 0 0 0 0 0 0 0 0 0 0 0 0 164104652 0 0 0
ctxt 353978805
btime 1669654930
processes 484516
procs_running 1
procs_blocked 0
softirq 621322536 438605091 26509968 718372 35983668 359523 0 71862559 32659050 557 14623748

cpu  777192 33748 1306802 478621360 102742 0 1818522 0 0 0
cpu0 102300 9522 177118 119915321 28085 0 416723 0 0 0
cpu1 437379 10210 741807 118773916 20827 0 550537 0 0 0
cpu2 121762 2833 204054 119970830 27699 0 437435 0 0 0
cpu3 115750 11183 183822 119961291 26129 0 413826 0 0 0
intr 10834536432 0 0 2460350 81 0 633979 27817300 0 0 0 8517306 0 0 0 0 0 0 0 0 0 0 0 0 0 0 0 0 0 0 0 0 0 0 0 0 0 0 0 0 0 0 0 0 0 0 0 0 0 0 0 0 1456298080 0 0 0 0 0 0 0 0 593351 0 359585 0 0 0 0 0 0 0 0 0 0 0 569297075 1 0 0 0 0 0 0 0 0 0 0 0 0 0 0 0 0 0 0 0 0 0 0 351820 4219 0 0 0 0 14164010 0 0 0 0 0 0 0 0 0 0 0 0 0 0 0 0 0 0 0 0 0 0 0 0 0 0 0 0 0 0 0 0 0 0 0 0 0 0 0 0 0 0 0 0 0 0 0 0 0 0 0 0 0 0 0 0 0 0 0 0 0 0 0 0 0 0 0 0 0 0 0 0 0 0 0 164104684 0 0 0
ctxt 353978886
btime 1669654930
processes 484516
procs_running 1
procs_blocked 0
softirq 621322589 438605091 26509981 718372 35983669 359523 0 71862572 32659067 557 14623757

cpu  777192 33748 1306802 478621556 102742 0 1818522 0 0 0
cpu0 102300 9522 177118 119915370 28085 0 416723 0 0 0
cpu1 437379 10210 741807 118773965 20827 0 550537 0 0 0
cpu2 121762 2833 204054 119970880 27699 0 437435 0 0 0
cpu3 115750 11183 183822 119961340 26129 0 413826 0 0 0
intr 10834540687 0 0 2460350 81 0 633979 27817330 0 0 0 8517311 0 0 0 0 0 0 0 0 0 0 0 0 0 0 0 0 0 0 0 0 0 0 0 0 0 0 0 0 0 0 0 0 0 0 0 0 0 0 0 0 1456302100 0 0 0 0 0 0 0 0 593352 0 359585 0 0 0 0 0 0 0 0 0 0 0 569297229 1 0 0 0 0 0 0 0 0 0 0 0 0 0 0 0 0 0 0 0 0 0 0 351820 4219 0 0 0 0 14164025 0 0 0 0 0 0 0 0 0 0 0 0 0 0 0 0 0 0 0 0 0 0 0 0 0 0 0 0 0 0 0 0 0 0 0 0 0 0 0 0 0 0 0 0 0 0 0 0 0 0 0 0 0 0 0 0 0 0 0 0 0 0 0 0 0 0 0 0 0 0 0 0 0 0 0 164104714 0 0 0
ctxt 353978989
btime 1669654930
processes 484516
procs_running 1
procs_blocked 0
softirq 621322653 438605099 26509996 718372 35983670 359523 0 71862586 32659084 557 14623766

cpu  777192 33748 1306802 478621754 102742 0 1818522 0 0 0
cpu0 102300 9522 177118 119915420 28085 0 416723 0 0 0
cpu1 437379 10210 741807 118774014 20827 0 550537 0 0 0
cpu2 121762 2833 204054 119970929 27699 0 437435 0 0 0
cpu3 115750 11183 183822 119961389 26129 0 413826 0 0 0
intr 10834544885 0 0 2460350 81 0 633979 27817349 0 0 0 8517314 0 0 0 0 0 0 0 0 0 0 0 0 0 0 0 0 0 0 0 0 0 0 0 0 0 0 0 0 0 0 0 0 0 0 0 0 0 0 0 0 1456306104 0 0 0 0 0 0 0 0 593353 0 359585 0 0 0 0 0 0 0 0 0 0 0 569297357 1 0 0 0 0 0 0 0 0 0 0 0 0 0 0 0 0 0 0 0 0 0 0 351820 4219 0 0 0 0 14164040 0 0 0 0 0 0 0 0 0 0 0 0 0 0 0 0 0 0 0 0 0 0 0 0 0 0 0 0 0 0 0 0 0 0 0 0 0 0 0 0 0 0 0 0 0 0 0 0 0 0 0 0 0 0 0 0 0 0 0 0 0 0 0 0 0 0 0 0 0 0 0 0 0 0 0 164104742 0 0 0
ctxt 353979064
btime 1669654930
processes 484516
procs_running 1
procs_blocked 0
softirq 621322704 438605099 26510009 718372 35983671 359523 0 71862599 32659099 557 14623775

cpu  777192 33748 1306802 478621950 102742 0 1818522 0 0 0
cpu0 102300 9522 177118 119915469 28085 0 416723 0 0 0
cpu1 437379 10210 741807 118774063 20827 0 550537 0 0 0
cpu2 121762 2833 204054 119970979 27699 0 437435 0 0 0
cpu3 115750 11183 183822 119961438 26129 0 413826 0 0 0
intr 10834549153 0 0 2460355 81 0 633980 27817383 0 0 0 8517318 0 0 0 0 0 0 0 0 0 0 0 0 0 0 0 0 0 0 0 0 0 0 0 0 0 0 0 0 0 0 0 0 0 0 0 0 0 0 0 0 1456310122 0 0 0 0 0 0 0 0 593354 0 359585 0 0 0 0 0 0 0 0 0 0 0 569297511 1 0 0 0 0 0 0 0 0 0 0 0 0 0 0 0 0 0 0 0 0 0 0 351820 4219 0 0 0 0 14164055 0 0 0 0 0 0 0 0 0 0 0 0 0 0 0 0 0 0 0 0 0 0 0 0 0 0 0 0 0 0 0 0 0 0 0 0 0 0 0 0 0 0 0 0 0 0 0 0 0 0 0 0 0 0 0 0 0 0 0 0 0 0 0 0 0 0 0 0 0 0 0 0 0 0 0 164104777 0 0 0
ctxt 353979189
btime 1669654930
processes 484517
procs_running 1
procs_blocked 0
softirq 621322773 438605107 26510026 718372 35983672 359523 0 71862615 32659117 557 14623784

cpu  777192 33748 1306802 478622148 102742 0 1818522 0 0 0
cpu0 102300 9522 177118 119915518 28085 0 416723 0 0 0
cpu1 437380 10210 741807 118774112 20827 0 550537 0 0 0
cpu2 121762 2833 204054 119971028 27699 0 437435 0 0 0
cpu3 115750 11183 183822 119961488 26129 0 413826 0 0 0
intr 10834553349 0 0 2460355 81 0 633980 27817400 0 0 0 8517322 0 0 0 0 0 0 0 0 0 0 0 0 0 0 0 0 0 0 0 0 0 0 0 0 0 0 0 0 0 0 0 0 0 0 0 0 0 0 0 0 1456314127 0 0 0 0 0 0 0 0 593355 0 359585 0 0 0 0 0 0 0 0 0 0 0 569297639 1 0 0 0 0 0 0 0 0 0 0 0 0 0 0 0 0 0 0 0 0 0 0 351820 4219 0 0 0 0 14164070 0 0 0 0 0 0 0 0 0 0 0 0 0 0 0 0 0 0 0 0 0 0 0 0 0 0 0 0 0 0 0 0 0 0 0 0 0 0 0 0 0 0 0 0 0 0 0 0 0 0 0 0 0 0 0 0 0 0 0 0 0 0 0 0 0 0 0 0 0 0 0 0 0 0 0 164104804 0 0 0
ctxt 353979264
btime 1669654930
processes 484517
procs_running 1
procs_blocked 0
softirq 621322823 438605107 26510037 718372 35983673 359523 0 71862628 32659132 557 14623794

cpu  777192 33748 1306802 478622345 102742 0 1818522 0 0 0
cpu0 102300 9522 177118 119915567 28085 0 416723 0 0 0
cpu1 437380 10210 741807 118774161 20827 0 550537 0 0 0
cpu2 121762 2833 204054 119971078 27699 0 437435 0 0 0
cpu3 115750 11183 183822 119961537 26129 0 413826 0 0 0
intr 10834557538 0 0 2460355 81 0 633980 27817416 0 0 0 8517325 0 0 0 0 0 0 0 0 0 0 0 0 0 0 0 0 0 0 0 0 0 0 0 0 0 0 0 0 0 0 0 0 0 0 0 0 0 0 0 0 1456318123 0 0 0 0 0 0 0 0 593356 0 359585 0 0 0 0 0 0 0 0 0 0 0 569297769 1 0 0 0 0 0 0 0 0 0 0 0 0 0 0 0 0 0 0 0 0 0 0 351820 4219 0 0 0 0 14164085 0 0 0 0 0 0 0 0 0 0 0 0 0 0 0 0 0 0 0 0 0 0 0 0 0 0 0 0 0 0 0 0 0 0 0 0 0 0 0 0 0 0 0 0 0 0 0 0 0 0 0 0 0 0 0 0 0 0 0 0 0 0 0 0 0 0 0 0 0 0 0 0 0 0 0 164104833 0 0 0
ctxt 353979345
btime 1669654930
processes 484517
procs_running 1
procs_blocked 0
softirq 621322878 438605107 26510051 718372 35983674 359523 0 71862642 32659147 557 14623805

cpu  777192 33748 1306802 478622542 102742 0 1818522 0 0 0
cpu0 102300 9522 177118 119915616 28085 0 416723 0 0 0
cpu1 437380 10210 741807 118774210 20827 0 550537 0 0 0
cpu2 121762 2833 204054 119971127 27699 0 437435 0 0 0
cpu3 115750 11183 183822 119961587 26129 0 413826 0 0 0
intr 10834561792 0 0 2460355 81 0 633980 27817438 0 0 0 8517330 0 0 0 0 0 0 0 0 0 0 0 0 0 0 0 0 0 0 0 0 0 0 0 0 0 0 0 0 0 0 0 0 0 0 0 0 0 0 0 0 1456322150 0 0 0 0 0 0 0 0 593357 0 359585 0 0 0 0 0 0 0 0 0 0 0 569297921 1 0 0 0 0 0 0 0 0 0 0 0 0 0 0 0 0 0 0 0 0 0 0 351820 4219 0 0 0 0 14164100 0 0 0 0 0 0 0 0 0 0 0 0 0 0 0 0 0 0 0 0 0 0 0 0 0 0 0 0 0 0 0 0 0 0 0 0 0 0 0 0 0 0 0 0 0 0 0 0 0 0 0 0 0 0 0 0 0 0 0 0 0 0 0 0 0 0 0 0 0 0 0 0 0 0 0 164104864 0 0 0
ctxt 353979439
btime 1669654930
processes 484517
procs_running 1
procs_blocked 0
softirq 621322946 438605115 26510065 718373 35983675 359523 0 71862656 32659166 557 14623816

cpu  777192 33748 1306803 478622702 102742 0 1818554 0 0 0
cpu0 102300 9522 177118 119915658 28085 0 416731 0 0 0
cpu1 437380 10210 741808 118774250 20827 0 550544 0 0 0
cpu2 121762 2833 204054 119971168 27699 0 437444 0 0 0
cpu3 115750 11183 183822 119961625 26129 0 413834 0 0 0
intr 10834573973 0 0 2460358 81 0 633980 27817474 0 0 0 8517334 0 0 0 0 0 0 0 0 0 0 0 0 0 0 0 0 0 0 0 0 0 0 0 0 0 0 0 0 0 0 0 0 0 0 0 0 0 0 0 0 1456329817 0 0 0 0 0 0 0 0 593358 0 359585 0 0 0 0 0 0 0 0 0 0 0 569302047 1 0 0 0 0 0 0 0 0 0 0 0 0 0 0 0 0 0 0 0 0 0 0 351820 4219 0 0 0 0 14164115 0 0 0 0 0 0 0 0 0 0 0 0 0 0 0 0 0 0 0 0 0 0 0 0 0 0 0 0 0 0 0 0 0 0 0 0 0 0 0 0 0 0 0 0 0 0 0 0 0 0 0 0 0 0 0 0 0 0 0 0 0 0 0 0 0 0 0 0 0 0 0 0 0 0 0 164105193 0 0 0
ctxt 353980210
btime 1669654930
processes 484517
procs_running 2
procs_blocked 0
softirq 621335154 438613913 26510125 718373 35985063 359523 0 71864192 32659337 557 14624071

cpu  777192 33748 1306804 478622847 102742 0 1818599 0 0 0
cpu0 102300 9522 177118 119915694 28085 0 416744 0 0 0
cpu1 437380 10210 741808 118774286 20827 0 550554 0 0 0
cpu2 121762 2833 204054 119971204 27699 0 437456 0 0 0
cpu3 115750 11183 183823 119961662 26129 0 413844 0 0 0
intr 10834589857 0 0 2460358 81 0 633980 27817520 0 0 0 8517339 0 0 0 0 0 0 0 0 0 0 0 0 0 0 0 0 0 0 0 0 0 0 0 0 0 0 0 0 0 0 0 0 0 0 0 0 0 0 0 0 1456339128 0 0 0 0 0 0 0 0 593359 0 359585 0 0 0 0 0 0 0 0 0 0 0 569308045 1 0 0 0 0 0 0 0 0 0 0 0 0 0 0 0 0 0 0 0 0 0 0 351820 4219 0 0 0 0 14164130 0 0 0 0 0 0 0 0 0 0 0 0 0 0 0 0 0 0 0 0 0 0 0 0 0 0 0 0 0 0 0 0 0 0 0 0 0 0 0 0 0 0 0 0 0 0 0 0 0 0 0 0 0 0 0 0 0 0 0 0 0 0 0 0 0 0 0 0 0 0 0 0 0 0 0 164105701 0 0 0
ctxt 353981420
btime 1669654930
processes 484517
procs_running 1
procs_blocked 0
softirq 621352619 438625456 26510216 718373 35987528 359523 0 71866907 32659598 557 14624461

cpu  777193 33748 1306805 478622992 102742 0 1818648 0 0 0
cpu0 102300 9522 177118 119915731 28085 0 416756 0 0 0
cpu1 437380 10210 741808 118774321 20827 0 550565 0 0 0
cpu2 121762 2833 204054 119971240 27699 0 437470 0 0 0
cpu3 115750 11183 183823 119961698 26129 0 413855 0 0 0
intr 10834605703 0 0 2460358 81 0 633980 27817557 0 0 0 8517344 0 0 0 0 0 0 0 0 0 0 0 0 0 0 0 0 0 0 0 0 0 0 0 0 0 0 0 0 0 0 0 0 0 0 0 0 0 0 0 0 1456348422 0 0 0 0 0 0 0 0 593360 0 359585 0 0 0 0 0 0 0 0 0 0 0 569314037 1 0 0 0 0 0 0 0 0 0 0 0 0 0 0 0 0 0 0 0 0 0 0 351820 4219 0 0 0 0 14164145 0 0 0 0 0 0 0 0 0 0 0 0 0 0 0 0 0 0 0 0 0 0 0 0 0 0 0 0 0 0 0 0 0 0 0 0 0 0 0 0 0 0 0 0 0 0 0 0 0 0 0 0 0 0 0 0 0 0 0 0 0 0 0 0 0 0 0 0 0 0 0 0 0 0 0 164106207 0 0 0
ctxt 353982616
btime 1669654930
processes 484517
procs_running 1
procs_blocked 0
softirq 621370687 438637404 26510302 718373 35990089 359523 0 71869702 32659856 557 14624881

cpu  777193 33748 1306805 478623137 102742 0 1818695 0 0 0
cpu0 102300 9522 177118 119915767 28085 0 416769 0 0 0
cpu1 437380 10210 741808 118774357 20827 0 550576 0 0 0
cpu2 121762 2833 204054 119971277 27699 0 437483 0 0 0
cpu3 115750 11183 183823 119961735 26129 0 413866 0 0 0
intr 10834621669 0 0 2460358 81 0 633980 27817605 0 0 0 8517349 0 0 0 0 0 0 0 0 0 0 0 0 0 0 0 0 0 0 0 0 0 0 0 0 0 0 0 0 0 0 0 0 0 0 0 0 0 0 0 0 1456357772 0 0 0 0 0 0 0 0 593361 0 359585 0 0 0 0 0 0 0 0 0 0 0 569320077 1 0 0 0 0 0 0 0 0 0 0 0 0 0 0 0 0 0 0 0 0 0 0 351820 4219 0 0 0 0 14164160 0 0 0 0 0 0 0 0 0 0 0 0 0 0 0 0 0 0 0 0 0 0 0 0 0 0 0 0 0 0 0 0 0 0 0 0 0 0 0 0 0 0 0 0 0 0 0 0 0 0 0 0 0 0 0 0 0 0 0 0 0 0 0 0 0 0 0 0 0 0 0 0 0 0 0 164106714 0 0 0
ctxt 353983811
btime 1669654930
processes 484517
procs_running 2
procs_blocked 0
softirq 621388483 438649017 26510392 718373 35992671 359523 0 71872543 32660117 557 14625290

cpu  777193 33748 1306808 478623282 102742 0 1818740 0 0 0
cpu0 102300 9522 177119 119915802 28085 0 416782 0 0 0
cpu1 437380 10210 741809 118774394 20827 0 550586 0 0 0
cpu2 121762 2833 204056 119971313 27699 0 437494 0 0 0
cpu3 115750 11183 183823 119961771 26129 0 413876 0 0 0
intr 10834637630 0 0 2460359 81 0 633980 27817642 0 0 0 8517354 0 0 0 0 0 0 0 0 0 0 0 0 0 0 0 0 0 0 0 0 0 0 0 0 0 0 0 0 0 0 0 0 0 0 0 0 0 0 0 0 1456367134 0 0 0 0 0 0 0 0 593362 0 359585 0 0 0 0 0 0 0 0 0 0 0 569326106 1 0 0 0 0 0 0 0 0 0 0 0 0 0 0 0 0 0 0 0 0 0 0 351820 4219 0 0 0 0 14164175 0 0 0 0 0 0 0 0 0 0 0 0 0 0 0 0 0 0 0 0 0 0 0 0 0 0 0 0 0 0 0 0 0 0 0 0 0 0 0 0 0 0 0 0 0 0 0 0 0 0 0 0 0 0 0 0 0 0 0 0 0 0 0 0 0 0 0 0 0 0 0 0 0 0 0 164107221 0 0 0
ctxt 353985022
btime 1669654930
processes 484517
procs_running 1
procs_blocked 0
softirq 621406263 438660642 26510480 718373 35995259 359523 0 71875387 32660364 557 14625678

cpu  777193 33748 1306809 478623413 102742 0 1818800 0 0 0
cpu0 102300 9522 177119 119915835 28085 0 416798 0 0 0
cpu1 437380 10210 741810 118774426 20827 0 550603 0 0 0
cpu2 121762 2833 204056 119971346 27699 0 437508 0 0 0
cpu3 115750 11183 183824 119961804 26129 0 413890 0 0 0
intr 10834653884 0 0 2460359 81 0 633980 27817687 0 0 0 8517359 0 0 0 0 0 0 0 0 0 0 0 0 0 0 0 0 0 0 0 0 0 0 0 0 0 0 0 0 0 0 0 0 0 0 0 0 0 0 0 0 1456376808 0 0 0 0 0 0 0 0 593363 0 359585 0 0 0 0 0 0 0 0 0 0 0 569332114 1 0 0 0 0 0 0 0 0 0 0 0 0 0 0 0 0 0 0 0 0 0 0 351820 4219 0 0 0 0 14164190 0 0 0 0 0 0 0 0 0 0 0 0 0 0 0 0 0 0 0 0 0 0 0 0 0 0 0 0 0 0 0 0 0 0 0 0 0 0 0 0 0 0 0 0 0 0 0 0 0 0 0 0 0 0 0 0 0 0 0 0 0 0 0 0 0 0 0 0 0 0 0 0 0 0 0 164107727 0 0 0
ctxt 353986177
btime 1669654930
processes 484517
procs_running 1
procs_blocked 0
softirq 621425265 438676615 26510562 718373 35996257 359523 0 71876648 32660618 557 14626112

cpu  777194 33748 1306810 478623542 102742 0 1818860 0 0 0
cpu0 102300 9522 177119 119915868 28085 0 416814 0 0 0
cpu1 437381 10210 741810 118774459 20827 0 550616 0 0 0
cpu2 121762 2833 204056 119971378 27699 0 437525 0 0 0
cpu3 115750 11183 183824 119961836 26129 0 413903 0 0 0
intr 10834670185 0 0 2460367 81 0 633980 27817730 0 0 0 8517364 0 0 0 0 0 0 0 0 0 0 0 0 0 0 0 0 0 0 0 0 0 0 0 0 0 0 0 0 0 0 0 0 0 0 0 0 0 0 0 0 1456386537 0 0 0 0 0 0 0 0 593364 0 359585 0 0 0 0 0 0 0 0 0 0 0 569338104 1 0 0 0 0 0 0 0 0 0 0 0 0 0 0 0 0 0 0 0 0 0 0 351820 4219 0 0 0 0 14164205 0 0 0 0 0 0 0 0 0 0 0 0 0 0 0 0 0 0 0 0 0 0 0 0 0 0 0 0 0 0 0 0 0 0 0 0 0 0 0 0 0 0 0 0 0 0 0 0 0 0 0 0 0 0 0 0 0 0 0 0 0 0 0 0 0 0 0 0 0 0 0 0 0 0 0 164108237 0 0 0
ctxt 353987165
btime 1669654930
processes 484517
procs_running 1
procs_blocked 0
softirq 621444641 438693877 26510646 718373 35996794 359523 0 71877425 32660863 557 14626583

cpu  777194 33748 1306812 478623669 102742 0 1818922 0 0 0
cpu0 102300 9522 177119 119915898 28085 0 416830 0 0 0
cpu1 437381 10210 741811 118774491 20827 0 550630 0 0 0
cpu2 121762 2833 204056 119971410 27699 0 437543 0 0 0
cpu3 115750 11183 183824 119961868 26129 0 413918 0 0 0
intr 10834686544 0 0 2460373 81 0 633980 27817795 0 0 0 8517369 0 0 0 0 0 0 0 0 0 0 0 0 0 0 0 0 0 0 0 0 0 0 0 0 0 0 0 0 0 0 0 0 0 0 0 0 0 0 0 0 1456396275 0 0 0 0 0 0 0 0 593365 0 359585 0 0 0 0 0 0 0 0 0 0 0 569344111 1 0 0 0 0 0 0 0 0 0 0 0 0 0 0 0 0 0 0 0 0 0 0 351820 4219 0 0 0 0 14164234 0 0 0 0 0 0 0 0 0 0 0 0 0 0 0 0 0 0 0 0 0 0 0 0 0 0 0 0 0 0 0 0 0 0 0 0 0 0 0 0 0 0 0 0 0 0 0 0 0 0 0 0 0 0 0 0 0 0 0 0 0 0 0 0 0 0 0 0 0 0 0 0 0 0 0 164108744 0 0 0
ctxt 353988333
btime 1669654930
processes 484517
procs_running 1
procs_blocked 0
softirq 621465464 438712333 26510732 718373 35997408 359523 0 71878339 32661128 557 14627071

cpu  777195 33748 1306814 478623794 102744 0 1818981 0 0 0
cpu0 102300 9522 177120 119915929 28087 0 416845 0 0 0
cpu1 437381 10210 741812 118774522 20827 0 550646 0 0 0
cpu2 121762 2833 204056 119971443 27699 0 437556 0 0 0
cpu3 115751 11183 183825 119961899 26129 0 413933 0 0 0
intr 10834702889 0 0 2460380 81 0 633981 27817862 0 0 0 8517374 0 0 0 0 0 0 0 0 0 0 0 0 0 0 0 0 0 0 0 0 0 0 0 0 0 0 0 0 0 0 0 0 0 0 0 0 0 0 0 0 1456405986 0 0 0 0 0 0 0 0 593366 0 359607 0 0 0 0 0 0 0 0 0 0 0 569350114 1 0 0 0 0 0 0 0 0 0 0 0 0 0 0 0 0 0 0 0 0 0 0 351842 4219 0 0 0 0 14164249 0 0 0 0 0 0 0 0 0 0 0 0 0 0 0 0 0 0 0 0 0 0 0 0 0 0 0 0 0 0 0 0 0 0 0 0 0 0 0 0 0 0 0 0 0 0 0 0 0 0 0 0 0 0 0 0 0 0 0 0 0 0 0 0 0 0 0 0 0 0 0 0 0 0 0 164109255 0 0 0
ctxt 353989609
btime 1669654930
processes 484518
procs_running 3
procs_blocked 0
softirq 621484085 438728635 26510813 718373 35997990 359545 0 71879206 32661390 557 14627576

cpu  777195 33748 1306816 478623932 102744 0 1819034 0 0 0
cpu0 102300 9522 177120 119915964 28087 0 416857 0 0 0
cpu1 437381 10210 741813 118774556 20827 0 550658 0 0 0
cpu2 121762 2833 204056 119971477 27699 0 437570 0 0 0
cpu3 115751 11183 183825 119961934 26129 0 413948 0 0 0
intr 10834719069 0 0 2460384 81 0 633981 27817916 0 0 0 8517379 0 0 0 0 0 0 0 0 0 0 0 0 0 0 0 0 0 0 0 0 0 0 0 0 0 0 0 0 0 0 0 0 0 0 0 0 0 0 0 0 1456415525 0 0 0 0 0 0 0 0 593367 0 359607 0 0 0 0 0 0 0 0 0 0 0 569356149 1 0 0 0 0 0 0 0 0 0 0 0 0 0 0 0 0 0 0 0 0 0 0 351842 4219 0 0 0 0 14164264 0 0 0 0 0 0 0 0 0 0 0 0 0 0 0 0 0 0 0 0 0 0 0 0 0 0 0 0 0 0 0 0 0 0 0 0 0 0 0 0 0 0 0 0 0 0 0 0 0 0 0 0 0 0 0 0 0 0 0 0 0 0 0 0 0 0 0 0 0 0 0 0 0 0 0 164109766 0 0 0
ctxt 353990769
btime 1669654930
processes 484518
procs_running 2
procs_blocked 0
softirq 621501974 438741956 26510908 718373 35999733 359545 0 71881203 32661660 557 14628039

cpu  777195 33748 1306817 478624076 102744 0 1819081 0 0 0
cpu0 102300 9522 177120 119916000 28087 0 416868 0 0 0
cpu1 437381 10210 741814 118774592 20827 0 550669 0 0 0
cpu2 121762 2833 204057 119971514 27699 0 437581 0 0 0
cpu3 115751 11183 183825 119961970 26129 0 413962 0 0 0
intr 10834734955 0 0 2460384 81 0 633981 27817961 0 0 0 8517384 0 0 0 0 0 0 0 0 0 0 0 0 0 0 0 0 0 0 0 0 0 0 0 0 0 0 0 0 0 0 0 0 0 0 0 0 0 0 0 0 1456424833 0 0 0 0 0 0 0 0 593368 0 359607 0 0 0 0 0 0 0 0 0 0 0 569362154 1 0 0 0 0 0 0 0 0 0 0 0 0 0 0 0 0 0 0 0 0 0 0 351842 4219 0 0 0 0 14164279 0 0 0 0 0 0 0 0 0 0 0 0 0 0 0 0 0 0 0 0 0 0 0 0 0 0 0 0 0 0 0 0 0 0 0 0 0 0 0 0 0 0 0 0 0 0 0 0 0 0 0 0 0 0 0 0 0 0 0 0 0 0 0 0 0 0 0 0 0 0 0 0 0 0 0 164110274 0 0 0
ctxt 353991961
btime 1669654930
processes 484518
procs_running 2
procs_blocked 0
softirq 621519723 438753621 26510998 718374 36002260 359545 0 71883968 32661911 557 14628489

cpu  777195 33748 1306818 478624221 102744 0 1819127 0 0 0
cpu0 102300 9522 177120 119916035 28087 0 416878 0 0 0
cpu1 437381 10210 741815 118774628 20827 0 550682 0 0 0
cpu2 121762 2833 204057 119971550 27699 0 437593 0 0 0
cpu3 115751 11183 183825 119962006 26129 0 413973 0 0 0
intr 10834750841 0 0 2460384 81 0 633981 27818024 0 0 0 8517389 0 0 0 0 0 0 0 0 0 0 0 0 0 0 0 0 0 0 0 0 0 0 0 0 0 0 0 0 0 0 0 0 0 0 0 0 0 0 0 0 1456434110 0 0 0 0 0 0 0 0 593369 0 359607 0 0 0 0 0 0 0 0 0 0 0 569368151 1 0 0 0 0 0 0 0 0 0 0 0 0 0 0 0 0 0 0 0 0 0 0 351842 4219 0 0 0 0 14164315 0 0 0 0 0 0 0 0 0 0 0 0 0 0 0 0 0 0 0 0 0 0 0 0 0 0 0 0 0 0 0 0 0 0 0 0 0 0 0 0 0 0 0 0 0 0 0 0 0 0 0 0 0 0 0 0 0 0 0 0 0 0 0 0 0 0 0 0 0 0 0 0 0 0 0 164110776 0 0 0
ctxt 353993215
btime 1669654930
processes 484518
procs_running 1
procs_blocked 0
softirq 621537171 438765157 26511093 718374 36004711 359545 0 71886677 32662160 557 14628897

cpu  777196 33748 1306818 478624366 102744 0 1819176 0 0 0
cpu0 102300 9522 177120 119916072 28087 0 416892 0 0 0
cpu1 437382 10210 741815 118774664 20827 0 550694 0 0 0
cpu2 121762 2833 204057 119971586 27699 0 437602 0 0 0
cpu3 115751 11183 183825 119962043 26129 0 413986 0 0 0
intr 10834766747 0 0 2460385 81 0 633981 27818074 0 0 0 8517394 0 0 0 0 0 0 0 0 0 0 0 0 0 0 0 0 0 0 0 0 0 0 0 0 0 0 0 0 0 0 0 0 0 0 0 0 0 0 0 0 1456443429 0 0 0 0 0 0 0 0 593370 0 359607 0 0 0 0 0 0 0 0 0 0 0 569374145 1 0 0 0 0 0 0 0 0 0 0 0 0 0 0 0 0 0 0 0 0 0 0 351842 4219 0 0 0 0 14164339 0 0 0 0 0 0 0 0 0 0 0 0 0 0 0 0 0 0 0 0 0 0 0 0 0 0 0 0 0 0 0 0 0 0 0 0 0 0 0 0 0 0 0 0 0 0 0 0 0 0 0 0 0 0 0 0 0 0 0 0 0 0 0 0 0 0 0 0 0 0 0 0 0 0 0 164111288 0 0 0
ctxt 353994413
btime 1669654930
processes 484518
procs_running 1
procs_blocked 0
softirq 621554764 438776518 26511187 718374 36007292 359545 0 71889524 32662419 557 14629348

cpu  777196 33748 1306819 478624511 102744 0 1819224 0 0 0
cpu0 102300 9522 177120 119916109 28087 0 416904 0 0 0
cpu1 437382 10210 741816 118774699 20827 0 550707 0 0 0
cpu2 121762 2833 204057 119971623 27699 0 437613 0 0 0
cpu3 115751 11183 183825 119962079 26129 0 414000 0 0 0
intr 10834782656 0 0 2460385 81 0 633981 27818121 0 0 0 8517399 0 0 0 0 0 0 0 0 0 0 0 0 0 0 0 0 0 0 0 0 0 0 0 0 0 0 0 0 0 0 0 0 0 0 0 0 0 0 0 0 1456452757 0 0 0 0 0 0 0 0 593371 0 359607 0 0 0 0 0 0 0 0 0 0 0 569380155 1 0 0 0 0 0 0 0 0 0 0 0 0 0 0 0 0 0 0 0 0 0 0 351842 4219 0 0 0 0 14164354 0 0 0 0 0 0 0 0 0 0 0 0 0 0 0 0 0 0 0 0 0 0 0 0 0 0 0 0 0 0 0 0 0 0 0 0 0 0 0 0 0 0 0 0 0 0 0 0 0 0 0 0 0 0 0 0 0 0 0 0 0 0 0 0 0 0 0 0 0 0 0 0 0 0 0 164111791 0 0 0
ctxt 353995684
btime 1669654930
processes 484518
procs_running 1
procs_blocked 0
softirq 621572566 438788298 26511279 718374 36009767 359545 0 71892254 32662669 557 14629823

cpu  777196 33748 1306820 478624656 102744 0 1819272 0 0 0
cpu0 102300 9522 177120 119916145 28087 0 416914 0 0 0
cpu1 437382 10210 741816 118774735 20827 0 550720 0 0 0
cpu2 121762 2833 204057 119971659 27699 0 437625 0 0 0
cpu3 115751 11183 183825 119962116 26129 0 414012 0 0 0
intr 10834798612 0 0 2460385 81 0 633981 27818153 0 0 0 8517404 0 0 0 0 0 0 0 0 0 0 0 0 0 0 0 0 0 0 0 0 0 0 0 0 0 0 0 0 0 0 0 0 0 0 0 0 0 0 0 0 1456462117 0 0 0 0 0 0 0 0 593372 0 359607 0 0 0 0 0 0 0 0 0 0 0 569386192 1 0 0 0 0 0 0 0 0 0 0 0 0 0 0 0 0 0 0 0 0 0 0 351842 4219 0 0 0 0 14164369 0 0 0 0 0 0 0 0 0 0 0 0 0 0 0 0 0 0 0 0 0 0 0 0 0 0 0 0 0 0 0 0 0 0 0 0 0 0 0 0 0 0 0 0 0 0 0 0 0 0 0 0 0 0 0 0 0 0 0 0 0 0 0 0 0 0 0 0 0 0 0 0 0 0 0 164112301 0 0 0
ctxt 353996882
btime 1669654930
processes 484518
procs_running 2
procs_blocked 0
softirq 621590597 438800126 26511363 718374 36012362 359545 0 71895129 32662925 557 14630216

cpu  777197 33748 1306821 478624800 102744 0 1819316 0 0 0
cpu0 102300 9522 177121 119916181 28087 0 416925 0 0 0
cpu1 437382 10210 741816 118774770 20827 0 550732 0 0 0
cpu2 121762 2833 204057 119971695 27699 0 437638 0 0 0
cpu3 115752 11183 183825 119962153 26129 0 414020 0 0 0
intr 10834814584 0 0 2460385 81 0 633981 27818210 0 0 0 8517409 0 0 0 0 0 0 0 0 0 0 0 0 0 0 0 0 0 0 0 0 0 0 0 0 0 0 0 0 0 0 0 0 0 0 0 0 0 0 0 0 1456471478 0 0 0 0 0 0 0 0 593373 0 359607 0 0 0 0 0 0 0 0 0 0 0 569392218 1 0 0 0 0 0 0 0 0 0 0 0 0 0 0 0 0 0 0 0 0 0 0 351842 4219 0 0 0 0 14164384 0 0 0 0 0 0 0 0 0 0 0 0 0 0 0 0 0 0 0 0 0 0 0 0 0 0 0 0 0 0 0 0 0 0 0 0 0 0 0 0 0 0 0 0 0 0 0 0 0 0 0 0 0 0 0 0 0 0 0 0 0 0 0 0 0 0 0 0 0 0 0 0 0 0 0 164112808 0 0 0
ctxt 353998108
btime 1669654930
processes 484518
procs_running 2
procs_blocked 0
softirq 621608814 438811957 26511456 718374 36015041 359545 0 71898083 32663183 557 14630618

cpu  777197 33748 1306823 478624943 102744 0 1819368 0 0 0
cpu0 102300 9522 177122 119916217 28087 0 416938 0 0 0
cpu1 437382 10210 741818 118774805 20827 0 550745 0 0 0
cpu2 121762 2833 204058 119971730 27699 0 437651 0 0 0
cpu3 115752 11183 183825 119962190 26129 0 414032 0 0 0
intr 10834830572 0 0 2460390 81 0 633981 27818278 0 0 0 8517414 0 0 0 0 0 0 0 0 0 0 0 0 0 0 0 0 0 0 0 0 0 0 0 0 0 0 0 0 0 0 0 0 0 0 0 0 0 0 0 0 1456480798 0 0 0 0 0 0 0 0 593374 0 359635 0 0 0 0 0 0 0 0 0 0 0 569398220 1 0 0 0 0 0 0 0 0 0 0 0 0 0 0 0 0 0 0 0 0 0 0 351870 4219 0 0 0 0 14164399 0 0 0 0 0 0 0 0 0 0 0 0 0 0 0 0 0 0 0 0 0 0 0 0 0 0 0 0 0 0 0 0 0 0 0 0 0 0 0 0 0 0 0 0 0 0 0 0 0 0 0 0 0 0 0 0 0 0 0 0 0 0 0 0 0 0 0 0 0 0 0 0 0 0 0 164113320 0 0 0
ctxt 353999613
btime 1669654930
processes 484518
procs_running 1
procs_blocked 0
softirq 621626586 438823651 26511541 718374 36017517 359573 0 71900873 32663443 557 14631057

cpu  777197 33748 1306824 478625088 102744 0 1819417 0 0 0
cpu0 102300 9522 177122 119916254 28087 0 416950 0 0 0
cpu1 437382 10210 741818 118774840 20827 0 550756 0 0 0
cpu2 121762 2833 204058 119971766 27699 0 437665 0 0 0
cpu3 115752 11183 183825 119962226 26129 0 414044 0 0 0
intr 10834846488 0 0 2460390 81 0 633981 27818327 0 0 0 8517419 0 0 0 0 0 0 0 0 0 0 0 0 0 0 0 0 0 0 0 0 0 0 0 0 0 0 0 0 0 0 0 0 0 0 0 0 0 0 0 0 1456490132 0 0 0 0 0 0 0 0 593375 0 359635 0 0 0 0 0 0 0 0 0 0 0 569404223 1 0 0 0 0 0 0 0 0 0 0 0 0 0 0 0 0 0 0 0 0 0 0 351870 4219 0 0 0 0 14164414 0 0 0 0 0 0 0 0 0 0 0 0 0 0 0 0 0 0 0 0 0 0 0 0 0 0 0 0 0 0 0 0 0 0 0 0 0 0 0 0 0 0 0 0 0 0 0 0 0 0 0 0 0 0 0 0 0 0 0 0 0 0 0 0 0 0 0 0 0 0 0 0 0 0 0 164113830 0 0 0
ctxt 354000854
btime 1669654930
processes 484518
procs_running 1
procs_blocked 0
softirq 621644489 438835297 26511632 718374 36020134 359573 0 71903727 32663697 557 14631498

cpu  777197 33748 1306825 478625223 102744 0 1819472 0 0 0
cpu0 102300 9522 177122 119916287 28087 0 416964 0 0 0
cpu1 437382 10210 741818 118774875 20827 0 550768 0 0 0
cpu2 121762 2833 204058 119971800 27699 0 437681 0 0 0
cpu3 115752 11183 183826 119962259 26129 0 414058 0 0 0
intr 10834862621 0 0 2460390 81 0 633981 27818372 0 0 0 8517424 0 0 0 0 0 0 0 0 0 0 0 0 0 0 0 0 0 0 0 0 0 0 0 0 0 0 0 0 0 0 0 0 0 0 0 0 0 0 0 0 1456499707 0 0 0 0 0 0 0 0 593376 0 359635 0 0 0 0 0 0 0 0 0 0 0 569410211 1 0 0 0 0 0 0 0 0 0 0 0 0 0 0 0 0 0 0 0 0 0 0 351870 4219 0 0 0 0 14164429 0 0 0 0 0 0 0 0 0 0 0 0 0 0 0 0 0 0 0 0 0 0 0 0 0 0 0 0 0 0 0 0 0 0 0 0 0 0 0 0 0 0 0 0 0 0 0 0 0 0 0 0 0 0 0 0 0 0 0 0 0 0 0 0 0 0 0 0 0 0 0 0 0 0 0 164114335 0 0 0
ctxt 354001997
btime 1669654930
processes 484518
procs_running 1
procs_blocked 0
softirq 621663101 438850210 26511713 718374 36021445 359573 0 71905295 32663961 557 14631973

cpu  777197 33748 1306828 478625351 102744 0 1819530 0 0 0
cpu0 102300 9522 177123 119916320 28087 0 416978 0 0 0
cpu1 437382 10210 741818 118774907 20827 0 550781 0 0 0
cpu2 121762 2833 204059 119971832 27699 0 437695 0 0 0
cpu3 115752 11183 183826 119962290 26129 0 414074 0 0 0
intr 10834879111 0 0 2460394 81 0 633981 27818420 0 0 0 8517429 0 0 0 0 0 0 0 0 0 0 0 0 0 0 0 0 0 0 0 0 0 0 0 0 0 0 0 0 0 0 0 0 0 0 0 0 0 0 0 0 1456509544 0 0 0 0 0 0 0 0 593377 0 359635 0 0 0 0 0 0 0 0 0 0 0 569416278 1 0 0 0 0 0 0 0 0 0 0 0 0 0 0 0 0 0 0 0 0 0 0 351870 4219 0 0 0 0 14164444 0 0 0 0 0 0 0 0 0 0 0 0 0 0 0 0 0 0 0 0 0 0 0 0 0 0 0 0 0 0 0 0 0 0 0 0 0 0 0 0 0 0 0 0 0 0 0 0 0 0 0 0 0 0 0 0 0 0 0 0 0 0 0 0 0 0 0 0 0 0 0 0 0 0 0 164114847 0 0 0
ctxt 354003085
btime 1669654930
processes 484518
procs_running 2
procs_blocked 0
softirq 621682867 438867714 26511803 718374 36022054 359573 0 71906135 32664202 557 14632455

cpu  777198 33748 1306829 478625476 102747 0 1819586 0 0 0
cpu0 102300 9522 177124 119916351 28088 0 416992 0 0 0
cpu1 437383 10210 741819 118774938 20827 0 550798 0 0 0
cpu2 121762 2833 204059 119971864 27700 0 437708 0 0 0
cpu3 115752 11183 183826 119962321 26130 0 414087 0 0 0
intr 10834895455 0 0 2460395 81 0 633982 27818498 0 0 0 8517434 0 0 0 0 0 0 0 0 0 0 0 0 0 0 0 0 0 0 0 0 0 0 0 0 0 0 0 0 0 0 0 0 0 0 0 0 0 0 0 0 1456519234 0 0 0 0 0 0 0 0 593378 0 359657 0 0 0 0 0 0 0 0 0 0 0 569422268 1 0 0 0 0 0 0 0 0 0 0 0 0 0 0 0 0 0 0 0 0 0 0 351892 4219 0 0 0 0 14164474 0 0 0 0 0 0 0 0 0 0 0 0 0 0 0 0 0 0 0 0 0 0 0 0 0 0 0 0 0 0 0 0 0 0 0 0 0 0 0 0 0 0 0 0 0 0 0 0 0 0 0 0 0 0 0 0 0 0 0 0 0 0 0 0 0 0 0 0 0 0 0 0 0 0 0 164115351 0 0 0
ctxt 354004379
btime 1669654930
processes 484519
procs_running 2
procs_blocked 0
softirq 621701850 438884362 26511896 718374 36022636 359595 0 71907002 32664465 557 14632963

cpu  777199 33748 1306829 478625602 102747 0 1819646 0 0 0
cpu0 102300 9522 177124 119916385 28088 0 417004 0 0 0
cpu1 437383 10210 741819 118774968 20827 0 550815 0 0 0
cpu2 121763 2833 204059 119971898 27700 0 437720 0 0 0
cpu3 115752 11183 183826 119962350 26130 0 414106 0 0 0
intr 10834911755 0 0 2460401 81 0 633982 27818551 0 0 0 8517439 0 0 0 0 0 0 0 0 0 0 0 0 0 0 0 0 0 0 0 0 0 0 0 0 0 0 0 0 0 0 0 0 0 0 0 0 0 0 0 0 1456528952 0 0 0 0 0 0 0 0 593379 0 359657 0 0 0 0 0 0 0 0 0 0 0 569428261 1 0 0 0 0 0 0 0 0 0 0 0 0 0 0 0 0 0 0 0 0 0 0 351892 4219 0 0 0 0 14164489 0 0 0 0 0 0 0 0 0 0 0 0 0 0 0 0 0 0 0 0 0 0 0 0 0 0 0 0 0 0 0 0 0 0 0 0 0 0 0 0 0 0 0 0 0 0 0 0 0 0 0 0 0 0 0 0 0 0 0 0 0 0 0 0 0 0 0 0 0 0 0 0 0 0 0 164115860 0 0 0
ctxt 354005448
btime 1669654930
processes 484519
procs_running 2
procs_blocked 0
softirq 621721663 438902009 26511989 718375 36023181 359595 0 71907794 32664718 557 14633445

cpu  777200 33748 1306830 478625793 102747 0 1819650 0 0 0
cpu0 102301 9522 177124 119916433 28088 0 417004 0 0 0
cpu1 437383 10210 741819 118775016 20827 0 550816 0 0 0
cpu2 121763 2833 204059 119971945 27700 0 437722 0 0 0
cpu3 115752 11183 183826 119962398 26130 0 414107 0 0 0
intr 10834917021 0 0 2460405 81 0 633982 27818578 0 0 0 8517442 0 0 0 0 0 0 0 0 0 0 0 0 0 0 0 0 0 0 0 0 0 0 0 0 0 0 0 0 0 0 0 0 0 0 0 0 0 0 0 0 1456533440 0 0 0 0 0 0 0 0 593380 0 359657 0 0 0 0 0 0 0 0 0 0 0 569428901 1 0 0 0 0 0 0 0 0 0 0 0 0 0 0 0 0 0 0 0 0 0 0 351892 4219 0 0 0 0 14164504 0 0 0 0 0 0 0 0 0 0 0 0 0 0 0 0 0 0 0 0 0 0 0 0 0 0 0 0 0 0 0 0 0 0 0 0 0 0 0 0 0 0 0 0 0 0 0 0 0 0 0 0 0 0 0 0 0 0 0 0 0 0 0 0 0 0 0 0 0 0 0 0 0 0 0 164115948 0 0 0
ctxt 354005624
btime 1669654930
processes 484519
procs_running 1
procs_blocked 0
softirq 621723428 438903503 26512009 718375 36023241 359595 0 71907884 32664762 557 14633502

cpu  777200 33748 1306830 478625990 102747 0 1819650 0 0 0
cpu0 102301 9522 177124 119916482 28088 0 417004 0 0 0
cpu1 437383 10210 741819 118775065 20827 0 550816 0 0 0
cpu2 121763 2833 204059 119971994 27700 0 437722 0 0 0
cpu3 115752 11183 183826 119962447 26130 0 414107 0 0 0
intr 10834921266 0 0 2460405 81 0 633982 27818605 0 0 0 8517445 0 0 0 0 0 0 0 0 0 0 0 0 0 0 0 0 0 0 0 0 0 0 0 0 0 0 0 0 0 0 0 0 0 0 0 0 0 0 0 0 1456537458 0 0 0 0 0 0 0 0 593381 0 359657 0 0 0 0 0 0 0 0 0 0 0 569429053 1 0 0 0 0 0 0 0 0 0 0 0 0 0 0 0 0 0 0 0 0 0 0 351892 4219 0 0 0 0 14164519 0 0 0 0 0 0 0 0 0 0 0 0 0 0 0 0 0 0 0 0 0 0 0 0 0 0 0 0 0 0 0 0 0 0 0 0 0 0 0 0 0 0 0 0 0 0 0 0 0 0 0 0 0 0 0 0 0 0 0 0 0 0 0 0 0 0 0 0 0 0 0 0 0 0 0 164115977 0 0 0
ctxt 354005725
btime 1669654930
processes 484519
procs_running 1
procs_blocked 0
softirq 621723493 438903511 26512023 718375 36023242 359595 0 71907898 32664779 557 14633513

cpu  777200 33748 1306830 478626187 102747 0 1819650 0 0 0
cpu0 102301 9522 177124 119916531 28088 0 417004 0 0 0
cpu1 437383 10210 741820 118775115 20827 0 550816 0 0 0
cpu2 121763 2833 204059 119972043 27700 0 437722 0 0 0
cpu3 115752 11183 183826 119962497 26130 0 414107 0 0 0
intr 10834925474 0 0 2460406 81 0 633982 27818626 0 0 0 8517448 0 0 0 0 0 0 0 0 0 0 0 0 0 0 0 0 0 0 0 0 0 0 0 0 0 0 0 0 0 0 0 0 0 0 0 0 0 0 0 0 1456541463 0 0 0 0 0 0 0 0 593382 0 359657 0 0 0 0 0 0 0 0 0 0 0 569429183 1 0 0 0 0 0 0 0 0 0 0 0 0 0 0 0 0 0 0 0 0 0 0 351892 4219 0 0 0 0 14164534 0 0 0 0 0 0 0 0 0 0 0 0 0 0 0 0 0 0 0 0 0 0 0 0 0 0 0 0 0 0 0 0 0 0 0 0 0 0 0 0 0 0 0 0 0 0 0 0 0 0 0 0 0 0 0 0 0 0 0 0 0 0 0 0 0 0 0 0 0 0 0 0 0 0 0 164116009 0 0 0
ctxt 354005806
btime 1669654930
processes 484519
procs_running 1
procs_blocked 0
softirq 621723549 438903511 26512036 718375 36023243 359595 0 71907911 32664796 557 14633525

cpu  777200 33748 1306830 478626384 102747 0 1819650 0 0 0
cpu0 102301 9522 177124 119916580 28088 0 417004 0 0 0
cpu1 437383 10210 741820 118775164 20827 0 550816 0 0 0
cpu2 121763 2833 204059 119972092 27700 0 437722 0 0 0
cpu3 115752 11183 183826 119962546 26130 0 414107 0 0 0
intr 10834929760 0 0 2460406 81 0 633982 27818668 0 0 0 8517452 0 0 0 0 0 0 0 0 0 0 0 0 0 0 0 0 0 0 0 0 0 0 0 0 0 0 0 0 0 0 0 0 0 0 0 0 0 0 0 0 1456545484 0 0 0 0 0 0 0 0 593383 0 359657 0 0 0 0 0 0 0 0 0 0 0 569429335 1 0 0 0 0 0 0 0 0 0 0 0 0 0 0 0 0 0 0 0 0 0 0 351892 4219 0 0 0 0 14164564 0 0 0 0 0 0 0 0 0 0 0 0 0 0 0 0 0 0 0 0 0 0 0 0 0 0 0 0 0 0 0 0 0 0 0 0 0 0 0 0 0 0 0 0 0 0 0 0 0 0 0 0 0 0 0 0 0 0 0 0 0 0 0 0 0 0 0 0 0 0 0 0 0 0 0 164116046 0 0 0
ctxt 354005950
btime 1669654930
processes 484519
procs_running 1
procs_blocked 0
softirq 621723640 438903519 26512052 718375 36023245 359595 0 71907938 32664817 557 14633542

cpu  777200 33748 1306831 478626581 102747 0 1819650 0 0 0
cpu0 102301 9522 177125 119916630 28088 0 417004 0 0 0
cpu1 437383 10210 741820 118775213 20827 0 550816 0 0 0
cpu2 121763 2833 204059 119972142 27700 0 437722 0 0 0
cpu3 115752 11183 183826 119962595 26130 0 414107 0 0 0
intr 10834933967 0 0 2460406 81 0 633982 27818690 0 0 0 8517456 0 0 0 0 0 0 0 0 0 0 0 0 0 0 0 0 0 0 0 0 0 0 0 0 0 0 0 0 0 0 0 0 0 0 0 0 0 0 0 0 1456549488 0 0 0 0 0 0 0 0 593384 0 359657 0 0 0 0 0 0 0 0 0 0 0 569429465 1 0 0 0 0 0 0 0 0 0 0 0 0 0 0 0 0 0 0 0 0 0 0 351892 4219 0 0 0 0 14164579 0 0 0 0 0 0 0 0 0 0 0 0 0 0 0 0 0 0 0 0 0 0 0 0 0 0 0 0 0 0 0 0 0 0 0 0 0 0 0 0 0 0 0 0 0 0 0 0 0 0 0 0 0 0 0 0 0 0 0 0 0 0 0 0 0 0 0 0 0 0 0 0 0 0 0 164116076 0 0 0
ctxt 354006031
btime 1669654930
processes 484519
procs_running 1
procs_blocked 0
softirq 621723697 438903519 26512064 718375 36023246 359595 0 71907951 32664835 557 14633555

cpu  777200 33748 1306832 478626777 102747 0 1819650 0 0 0
cpu0 102301 9522 177125 119916678 28088 0 417004 0 0 0
cpu1 437383 10210 741820 118775262 20827 0 550816 0 0 0
cpu2 121763 2833 204059 119972191 27700 0 437722 0 0 0
cpu3 115752 11183 183826 119962645 26130 0 414107 0 0 0
intr 10834938244 0 0 2460406 81 0 633982 27818725 0 0 0 8517459 0 0 0 0 0 0 0 0 0 0 0 0 0 0 0 0 0 0 0 0 0 0 0 0 0 0 0 0 0 0 0 0 0 0 0 0 0 0 0 0 1456553508 0 0 0 0 0 0 0 0 593385 0 359662 0 0 0 0 0 0 0 0 0 0 0 569429617 1 0 0 0 0 0 0 0 0 0 0 0 0 0 0 0 0 0 0 0 0 0 0 351897 4219 0 0 0 0 14164604 0 0 0 0 0 0 0 0 0 0 0 0 0 0 0 0 0 0 0 0 0 0 0 0 0 0 0 0 0 0 0 0 0 0 0 0 0 0 0 0 0 0 0 0 0 0 0 0 0 0 0 0 0 0 0 0 0 0 0 0 0 0 0 0 0 0 0 0 0 0 0 0 0 0 0 164116107 0 0 0
ctxt 354006198
btime 1669654930
processes 484519
procs_running 1
procs_blocked 0
softirq 621723798 438903527 26512080 718375 36023248 359600 0 71907989 32664855 557 14633567

cpu  777201 33748 1306832 478626973 102747 0 1819651 0 0 0
cpu0 102301 9522 177125 119916727 28088 0 417005 0 0 0
cpu1 437384 10210 741820 118775311 20828 0 550816 0 0 0
cpu2 121763 2833 204059 119972239 27700 0 437722 0 0 0
cpu3 115752 11183 183826 119962694 26130 0 414107 0 0 0
intr 10834942513 0 0 2460407 81 0 633982 27818772 0 0 0 8517463 0 0 0 0 0 0 0 0 0 0 0 0 0 0 0 0 0 0 0 0 0 0 0 0 0 0 0 0 0 0 0 0 0 0 0 0 0 0 0 0 1456557512 0 0 0 0 0 0 0 0 593386 0 359665 0 0 0 0 0 0 0 0 0 0 0 569429745 1 0 0 0 0 0 0 0 0 0 0 0 0 0 0 0 0 0 0 0 0 0 0 351900 4219 0 0 0 0 14164640 0 0 0 0 0 0 0 0 0 0 0 0 0 0 0 0 0 0 0 0 0 0 0 0 0 0 0 0 0 0 0 0 0 0 0 0 0 0 0 0 0 0 0 0 0 0 0 0 0 0 0 0 0 0 0 0 0 0 0 0 0 0 0 0 0 0 0 0 0 0 0 0 0 0 0 164116149 0 0 0
ctxt 354006367
btime 1669654930
processes 484519
procs_running 1
procs_blocked 0
softirq 621723902 438903527 26512097 718375 36023251 359603 0 71908028 32664878 557 14633586

cpu  777201 33748 1306832 478627169 102747 0 1819651 0 0 0
cpu0 102301 9522 177125 119916776 28088 0 417005 0 0 0
cpu1 437384 10210 741820 118775359 20828 0 550816 0 0 0
cpu2 121763 2833 204059 119972289 27700 0 437722 0 0 0
cpu3 115752 11183 183826 119962743 26130 0 414107 0 0 0
intr 10834946810 0 0 2460407 81 0 633982 27818815 0 0 0 8517468 0 0 0 0 0 0 0 0 0 0 0 0 0 0 0 0 0 0 0 0 0 0 0 0 0 0 0 0 0 0 0 0 0 0 0 0 0 0 0 0 1456561530 0 0 0 0 0 0 0 0 593387 0 359665 0 0 0 0 0 0 0 0 0 0 0 569429897 1 0 0 0 0 0 0 0 0 0 0 0 0 0 0 0 0 0 0 0 0 0 0 351900 4219 0 0 0 0 14164675 0 0 0 0 0 0 0 0 0 0 0 0 0 0 0 0 0 0 0 0 0 0 0 0 0 0 0 0 0 0 0 0 0 0 0 0 0 0 0 0 0 0 0 0 0 0 0 0 0 0 0 0 0 0 0 0 0 0 0 0 0 0 0 0 0 0 0 0 0 0 0 0 0 0 0 164116192 0 0 0
ctxt 354006541
btime 1669654930
processes 484519
procs_running 2
procs_blocked 0
softirq 621723995 438903535 26512116 718375 36023253 359603 0 71908059 32664899 557 14633598

cpu  777201 33748 1306832 478627366 102747 0 1819652 0 0 0
cpu0 102301 9522 177125 119916826 28088 0 417005 0 0 0
cpu1 437384 10210 741821 118775409 20828 0 550816 0 0 0
cpu2 121763 2833 204059 119972338 27700 0 437722 0 0 0
cpu3 115752 11183 183826 119962793 26130 0 414107 0 0 0
intr 10834951016 0 0 2460407 81 0 633983 27818834 0 0 0 8517471 0 0 0 0 0 0 0 0 0 0 0 0 0 0 0 0 0 0 0 0 0 0 0 0 0 0 0 0 0 0 0 0 0 0 0 0 0 0 0 0 1456565535 0 0 0 0 0 0 0 0 593388 0 359665 0 0 0 0 0 0 0 0 0 0 0 569430027 1 0 0 0 0 0 0 0 0 0 0 0 0 0 0 0 0 0 0 0 0 0 0 351900 4219 0 0 0 0 14164690 0 0 0 0 0 0 0 0 0 0 0 0 0 0 0 0 0 0 0 0 0 0 0 0 0 0 0 0 0 0 0 0 0 0 0 0 0 0 0 0 0 0 0 0 0 0 0 0 0 0 0 0 0 0 0 0 0 0 0 0 0 0 0 0 0 0 0 0 0 0 0 0 0 0 0 164116224 0 0 0
ctxt 354006623
btime 1669654930
processes 484519
procs_running 1
procs_blocked 0
softirq 621724053 438903535 26512129 718375 36023254 359603 0 71908072 32664917 557 14633611

cpu  777201 33748 1306832 478627563 102747 0 1819652 0 0 0
cpu0 102301 9522 177125 119916875 28088 0 417005 0 0 0
cpu1 437384 10210 741821 118775458 20828 0 550816 0 0 0
cpu2 121763 2833 204059 119972387 27700 0 437722 0 0 0
cpu3 115752 11183 183826 119962842 26130 0 414107 0 0 0
intr 10834955259 0 0 2460407 81 0 633983 27818862 0 0 0 8517475 0 0 0 0 0 0 0 0 0 0 0 0 0 0 0 0 0 0 0 0 0 0 0 0 0 0 0 0 0 0 0 0 0 0 0 0 0 0 0 0 1456569552 0 0 0 0 0 0 0 0 593389 0 359665 0 0 0 0 0 0 0 0 0 0 0 569430179 1 0 0 0 0 0 0 0 0 0 0 0 0 0 0 0 0 0 0 0 0 0 0 351900 4219 0 0 0 0 14164705 0 0 0 0 0 0 0 0 0 0 0 0 0 0 0 0 0 0 0 0 0 0 0 0 0 0 0 0 0 0 0 0 0 0 0 0 0 0 0 0 0 0 0 0 0 0 0 0 0 0 0 0 0 0 0 0 0 0 0 0 0 0 0 0 0 0 0 0 0 0 0 0 0 0 0 164116251 0 0 0
ctxt 354006718
btime 1669654930
processes 484519
procs_running 1
procs_blocked 0
softirq 621724118 438903543 26512142 718375 36023255 359603 0 71908086 32664934 557 14633623

cpu  777205 33748 1306837 478627752 102747 0 1819652 0 0 0
cpu0 102301 9522 177126 119916923 28088 0 417005 0 0 0
cpu1 437385 10210 741823 118775504 20828 0 550816 0 0 0
cpu2 121764 2833 204060 119972435 27700 0 437722 0 0 0
cpu3 115753 11183 183827 119962888 26130 0 414107 0 0 0
intr 10834959696 0 0 2460410 81 0 633996 27818941 0 0 0 8517479 0 0 0 0 0 0 0 0 0 0 0 0 0 0 0 0 0 0 0 0 0 0 0 0 0 0 0 0 0 0 0 0 0 0 0 0 0 0 0 0 1456573555 0 0 0 0 0 0 0 0 593391 0 359665 0 0 0 0 0 0 0 0 0 0 0 569430309 1 0 0 0 0 0 0 0 0 0 0 0 0 0 0 0 0 0 0 0 0 0 0 351900 4219 0 0 0 0 14164756 0 0 0 0 0 0 0 0 0 0 0 0 0 0 0 0 0 0 0 0 0 0 0 0 0 0 0 0 0 0 0 0 0 0 0 0 0 0 0 0 0 0 0 0 0 0 0 0 0 0 0 0 0 0 0 0 0 0 0 0 0 0 0 0 0 0 0 0 0 0 0 0 0 0 0 164116401 0 0 0
ctxt 354007002
btime 1669654930
processes 484530
procs_running 1
procs_blocked 0
softirq 621724354 438903543 26512179 718376 36023259 359603 0 71908127 32665015 557 14633695

cpu  777205 33748 1306837 478627949 102747 0 1819652 0 0 0
cpu0 102301 9522 177126 119916973 28088 0 417005 0 0 0
cpu1 437385 10210 741823 118775553 20828 0 550816 0 0 0
cpu2 121764 2833 204060 119972484 27700 0 437722 0 0 0
cpu3 115753 11183 183827 119962938 26130 0 414107 0 0 0
intr 10834963956 0 0 2460412 81 0 633996 27818972 0 0 0 8517483 0 0 0 0 0 0 0 0 0 0 0 0 0 0 0 0 0 0 0 0 0 0 0 0 0 0 0 0 0 0 0 0 0 0 0 0 0 0 0 0 1456577572 0 0 0 0 0 0 0 0 593392 0 359665 0 0 0 0 0 0 0 0 0 0 0 569430461 1 0 0 0 0 0 0 0 0 0 0 0 0 0 0 0 0 0 0 0 0 0 0 351900 4219 0 0 0 0 14164771 0 0 0 0 0 0 0 0 0 0 0 0 0 0 0 0 0 0 0 0 0 0 0 0 0 0 0 0 0 0 0 0 0 0 0 0 0 0 0 0 0 0 0 0 0 0 0 0 0 0 0 0 0 0 0 0 0 0 0 0 0 0 0 0 0 0 0 0 0 0 0 0 0 0 0 164116440 0 0 0
ctxt 354007113
btime 1669654930
processes 484530
procs_running 1
procs_blocked 0
softirq 621724432 438903551 26512194 718376 36023260 359603 0 71908141 32665035 557 14633715

cpu  777205 33748 1306837 478628146 102747 0 1819652 0 0 0
cpu0 102301 9522 177126 119917022 28088 0 417005 0 0 0
cpu1 437385 10210 741823 118775602 20828 0 550816 0 0 0
cpu2 121764 2833 204060 119972533 27700 0 437722 0 0 0
cpu3 115753 11183 183827 119962987 26130 0 414107 0 0 0
intr 10834968176 0 0 2460412 81 0 633996 27818997 0 0 0 8517487 0 0 0 0 0 0 0 0 0 0 0 0 0 0 0 0 0 0 0 0 0 0 0 0 0 0 0 0 0 0 0 0 0 0 0 0 0 0 0 0 1456581576 0 0 0 0 0 0 0 0 593393 0 359665 0 0 0 0 0 0 0 0 0 0 0 569430591 1 0 0 0 0 0 0 0 0 0 0 0 0 0 0 0 0 0 0 0 0 0 0 351900 4219 0 0 0 0 14164793 0 0 0 0 0 0 0 0 0 0 0 0 0 0 0 0 0 0 0 0 0 0 0 0 0 0 0 0 0 0 0 0 0 0 0 0 0 0 0 0 0 0 0 0 0 0 0 0 0 0 0 0 0 0 0 0 0 0 0 0 0 0 0 0 0 0 0 0 0 0 0 0 0 0 0 164116473 0 0 0
ctxt 354007212
btime 1669654930
processes 484530
procs_running 1
procs_blocked 0
softirq 621724498 438903551 26512210 718376 36023262 359603 0 71908160 32665054 557 14633725

cpu  777205 33748 1306837 478628343 102747 0 1819652 0 0 0
cpu0 102301 9522 177126 119917071 28088 0 417005 0 0 0
cpu1 437385 10210 741823 118775651 20828 0 550816 0 0 0
cpu2 121764 2833 204060 119972583 27700 0 437722 0 0 0
cpu3 115753 11183 183827 119963036 26130 0 414107 0 0 0
intr 10834972421 0 0 2460412 81 0 633996 27819023 0 0 0 8517491 0 0 0 0 0 0 0 0 0 0 0 0 0 0 0 0 0 0 0 0 0 0 0 0 0 0 0 0 0 0 0 0 0 0 0 0 0 0 0 0 1456585597 0 0 0 0 0 0 0 0 593394 0 359665 0 0 0 0 0 0 0 0 0 0 0 569430743 1 0 0 0 0 0 0 0 0 0 0 0 0 0 0 0 0 0 0 0 0 0 0 351900 4219 0 0 0 0 14164808 0 0 0 0 0 0 0 0 0 0 0 0 0 0 0 0 0 0 0 0 0 0 0 0 0 0 0 0 0 0 0 0 0 0 0 0 0 0 0 0 0 0 0 0 0 0 0 0 0 0 0 0 0 0 0 0 0 0 0 0 0 0 0 0 0 0 0 0 0 0 0 0 0 0 0 164116500 0 0 0
ctxt 354007314
btime 1669654930
processes 484530
procs_running 2
procs_blocked 0
softirq 621724562 438903559 26512224 718376 36023263 359603 0 71908175 32665070 557 14633735

cpu  777205 33748 1306837 478628540 102747 0 1819652 0 0 0
cpu0 102301 9522 177126 119917121 28088 0 417005 0 0 0
cpu1 437385 10210 741823 118775700 20828 0 550816 0 0 0
cpu2 121764 2833 204060 119972632 27700 0 437722 0 0 0
cpu3 115753 11183 183827 119963086 26130 0 414107 0 0 0
intr 10834976644 0 0 2460413 81 0 633996 27819049 0 0 0 8517495 0 0 0 0 0 0 0 0 0 0 0 0 0 0 0 0 0 0 0 0 0 0 0 0 0 0 0 0 0 0 0 0 0 0 0 0 0 0 0 0 1456589602 0 0 0 0 0 0 0 0 593395 0 359665 0 0 0 0 0 0 0 0 0 0 0 569430873 1 0 0 0 0 0 0 0 0 0 0 0 0 0 0 0 0 0 0 0 0 0 0 351900 4219 0 0 0 0 14164830 0 0 0 0 0 0 0 0 0 0 0 0 0 0 0 0 0 0 0 0 0 0 0 0 0 0 0 0 0 0 0 0 0 0 0 0 0 0 0 0 0 0 0 0 0 0 0 0 0 0 0 0 0 0 0 0 0 0 0 0 0 0 0 0 0 0 0 0 0 0 0 0 0 0 0 164116534 0 0 0
ctxt 354007418
btime 1669654930
processes 484530
procs_running 1
procs_blocked 0
softirq 621724627 438903559 26512240 718376 36023265 359603 0 71908194 32665088 557 14633745

cpu  777205 33748 1306837 478628736 102747 0 1819652 0 0 0
cpu0 102301 9522 177126 119917170 28088 0 417005 0 0 0
cpu1 437385 10210 741823 118775748 20828 0 550816 0 0 0
cpu2 121764 2833 204060 119972681 27700 0 437722 0 0 0
cpu3 115753 11183 183827 119963135 26130 0 414107 0 0 0
intr 10834980899 0 0 2460417 81 0 633996 27819078 0 0 0 8517499 0 0 0 0 0 0 0 0 0 0 0 0 0 0 0 0 0 0 0 0 0 0 0 0 0 0 0 0 0 0 0 0 0 0 0 0 0 0 0 0 1456593621 0 0 0 0 0 0 0 0 593396 0 359665 0 0 0 0 0 0 0 0 0 0 0 569431025 1 0 0 0 0 0 0 0 0 0 0 0 0 0 0 0 0 0 0 0 0 0 0 351900 4219 0 0 0 0 14164845 0 0 0 0 0 0 0 0 0 0 0 0 0 0 0 0 0 0 0 0 0 0 0 0 0 0 0 0 0 0 0 0 0 0 0 0 0 0 0 0 0 0 0 0 0 0 0 0 0 0 0 0 0 0 0 0 0 0 0 0 0 0 0 0 0 0 0 0 0 0 0 0 0 0 0 164116566 0 0 0
ctxt 354007526
btime 1669654930
processes 484530
procs_running 1
procs_blocked 0
softirq 621724692 438903567 26512255 718376 36023266 359603 0 71908208 32665105 557 14633755

cpu  777205 33748 1306838 478628932 102747 0 1819652 0 0 0
cpu0 102301 9522 177126 119917219 28088 0 417005 0 0 0
cpu1 437385 10210 741824 118775796 20828 0 550816 0 0 0
cpu2 121764 2833 204060 119972731 27700 0 437722 0 0 0
cpu3 115753 11183 183827 119963184 26130 0 414107 0 0 0
intr 10834985203 0 0 2460419 81 0 633996 27819129 0 0 0 8517503 0 0 0 0 0 0 0 0 0 0 0 0 0 0 0 0 0 0 0 0 0 0 0 0 0 0 0 0 0 0 0 0 0 0 0 0 0 0 0 0 1456597625 0 0 0 0 0 0 0 0 593397 0 359689 0 0 0 0 0 0 0 0 0 0 0 569431155 1 0 0 0 0 0 0 0 0 0 0 0 0 0 0 0 0 0 0 0 0 0 0 351924 4219 0 0 0 0 14164871 0 0 0 0 0 0 0 0 0 0 0 0 0 0 0 0 0 0 0 0 0 0 0 0 0 0 0 0 0 0 0 0 0 0 0 0 0 0 0 0 0 0 0 0 0 0 0 0 0 0 0 0 0 0 0 0 0 0 0 0 0 0 0 0 0 0 0 0 0 0 0 0 0 0 0 164116603 0 0 0
ctxt 354007830
btime 1669654930
processes 484530
procs_running 1
procs_blocked 0
softirq 621724863 438903567 26512273 718376 36023268 359627 0 71908302 32665128 557 14633765

cpu  777205 33748 1306838 478629129 102747 0 1819652 0 0 0
cpu0 102301 9522 177126 119917269 28088 0 417005 0 0 0
cpu1 437385 10210 741824 118775845 20828 0 550816 0 0 0
cpu2 121764 2833 204060 119972780 27700 0 437722 0 0 0
cpu3 115753 11183 183827 119963234 26130 0 414107 0 0 0
intr 10834989486 0 0 2460421 81 0 633996 27819168 0 0 0 8517507 0 0 0 0 0 0 0 0 0 0 0 0 0 0 0 0 0 0 0 0 0 0 0 0 0 0 0 0 0 0 0 0 0 0 0 0 0 0 0 0 1456601644 0 0 0 0 0 0 0 0 593399 0 359691 0 0 0 0 0 0 0 0 0 0 0 569431307 1 0 0 0 0 0 0 0 0 0 0 0 0 0 0 0 0 0 0 0 0 0 0 351926 4219 0 0 0 0 14164898 0 0 0 0 0 0 0 0 0 0 0 0 0 0 0 0 0 0 0 0 0 0 0 0 0 0 0 0 0 0 0 0 0 0 0 0 0 0 0 0 0 0 0 0 0 0 0 0 0 0 0 0 0 0 0 0 0 0 0 0 0 0 0 0 0 0 0 0 0 0 0 0 0 0 0 164116638 0 0 0
ctxt 354007986
btime 1669654930
processes 484530
procs_running 1
procs_blocked 0
softirq 621724950 438903575 26512290 718376 36023270 359629 0 71908332 32665147 557 14633774

cpu  777205 33748 1306839 478629326 102747 0 1819652 0 0 0
cpu0 102301 9522 177126 119917318 28088 0 417005 0 0 0
cpu1 437385 10210 741825 118775894 20828 0 550816 0 0 0
cpu2 121764 2833 204060 119972829 27700 0 437722 0 0 0
cpu3 115753 11183 183827 119963283 26130 0 414107 0 0 0
intr 10834993692 0 0 2460422 81 0 633996 27819189 0 0 0 8517510 0 0 0 0 0 0 0 0 0 0 0 0 0 0 0 0 0 0 0 0 0 0 0 0 0 0 0 0 0 0 0 0 0 0 0 0 0 0 0 0 1456605648 0 0 0 0 0 0 0 0 593400 0 359691 0 0 0 0 0 0 0 0 0 0 0 569431437 1 0 0 0 0 0 0 0 0 0 0 0 0 0 0 0 0 0 0 0 0 0 0 351926 4219 0 0 0 0 14164913 0 0 0 0 0 0 0 0 0 0 0 0 0 0 0 0 0 0 0 0 0 0 0 0 0 0 0 0 0 0 0 0 0 0 0 0 0 0 0 0 0 0 0 0 0 0 0 0 0 0 0 0 0 0 0 0 0 0 0 0 0 0 0 0 0 0 0 0 0 0 0 0 0 0 0 164116668 0 0 0
ctxt 354008070
btime 1669654930
processes 484530
procs_running 1
procs_blocked 0
softirq 621725005 438903575 26512303 718376 36023271 359629 0 71908345 32665165 557 14633784

cpu  777205 33748 1306840 478629523 102747 0 1819652 0 0 0
cpu0 102301 9522 177127 119917367 28088 0 417005 0 0 0
cpu1 437385 10210 741826 118775943 20828 0 550816 0 0 0
cpu2 121764 2833 204060 119972879 27700 0 437722 0 0 0
cpu3 115753 11183 183827 119963333 26130 0 414107 0 0 0
intr 10834997888 0 0 2460422 81 0 633996 27819207 0 0 0 8517515 0 0 0 0 0 0 0 0 0 0 0 0 0 0 0 0 0 0 0 0 0 0 0 0 0 0 0 0 0 0 0 0 0 0 0 0 0 0 0 0 1456609645 0 0 0 0 0 0 0 0 593401 0 359691 0 0 0 0 0 0 0 0 0 0 0 569431565 1 0 0 0 0 0 0 0 0 0 0 0 0 0 0 0 0 0 0 0 0 0 0 351926 4219 0 0 0 0 14164928 0 0 0 0 0 0 0 0 0 0 0 0 0 0 0 0 0 0 0 0 0 0 0 0 0 0 0 0 0 0 0 0 0 0 0 0 0 0 0 0 0 0 0 0 0 0 0 0 0 0 0 0 0 0 0 0 0 0 0 0 0 0 0 0 0 0 0 0 0 0 0 0 0 0 0 164116701 0 0 0
ctxt 354008167
btime 1669654930
processes 484530
procs_running 1
procs_blocked 0
softirq 621725061 438903575 26512316 718376 36023272 359629 0 71908359 32665182 557 14633795

cpu  777205 33748 1306840 478629720 102747 0 1819652 0 0 0
cpu0 102301 9522 177127 119917417 28088 0 417005 0 0 0
cpu1 437385 10210 741826 118775992 20828 0 550816 0 0 0
cpu2 121764 2833 204060 119972928 27700 0 437722 0 0 0
cpu3 115753 11183 183827 119963382 26130 0 414107 0 0 0
intr 10835002146 0 0 2460422 81 0 633997 27819233 0 0 0 8517518 0 0 0 0 0 0 0 0 0 0 0 0 0 0 0 0 0 0 0 0 0 0 0 0 0 0 0 0 0 0 0 0 0 0 0 0 0 0 0 0 1456613671 0 0 0 0 0 0 0 0 593402 0 359691 0 0 0 0 0 0 0 0 0 0 0 569431719 1 0 0 0 0 0 0 0 0 0 0 0 0 0 0 0 0 0 0 0 0 0 0 351926 4219 0 0 0 0 14164943 0 0 0 0 0 0 0 0 0 0 0 0 0 0 0 0 0 0 0 0 0 0 0 0 0 0 0 0 0 0 0 0 0 0 0 0 0 0 0 0 0 0 0 0 0 0 0 0 0 0 0 0 0 0 0 0 0 0 0 0 0 0 0 0 0 0 0 0 0 0 0 0 0 0 0 164116731 0 0 0
ctxt 354008267
btime 1669654930
processes 484530
procs_running 1
procs_blocked 0
softirq 621725125 438903583 26512329 718376 36023273 359629 0 71908372 32665201 557 14633805

cpu  777205 33748 1306840 478629917 102747 0 1819652 0 0 0
cpu0 102301 9522 177127 119917466 28088 0 417005 0 0 0
cpu1 437385 10210 741826 118776041 20828 0 550816 0 0 0
cpu2 121764 2833 204060 119972977 27700 0 437722 0 0 0
cpu3 115753 11183 183827 119963431 26130 0 414107 0 0 0
intr 10835006341 0 0 2460422 81 0 633997 27819255 0 0 0 8517521 0 0 0 0 0 0 0 0 0 0 0 0 0 0 0 0 0 0 0 0 0 0 0 0 0 0 0 0 0 0 0 0 0 0 0 0 0 0 0 0 1456617668 0 0 0 0 0 0 0 0 593403 0 359691 0 0 0 0 0 0 0 0 0 0 0 569431847 1 0 0 0 0 0 0 0 0 0 0 0 0 0 0 0 0 0 0 0 0 0 0 351926 4219 0 0 0 0 14164958 0 0 0 0 0 0 0 0 0 0 0 0 0 0 0 0 0 0 0 0 0 0 0 0 0 0 0 0 0 0 0 0 0 0 0 0 0 0 0 0 0 0 0 0 0 0 0 0 0 0 0 0 0 0 0 0 0 0 0 0 0 0 0 0 0 0 0 0 0 0 0 0 0 0 0 164116762 0 0 0
ctxt 354008356
btime 1669654930
processes 484530
procs_running 1
procs_blocked 0
softirq 621725180 438903583 26512343 718377 36023274 359629 0 71908386 32665217 557 14633814

cpu  777205 33748 1306841 478630114 102747 0 1819652 0 0 0
cpu0 102301 9522 177127 119917516 28088 0 417005 0 0 0
cpu1 437385 10210 741827 118776090 20828 0 550816 0 0 0
cpu2 121764 2833 204060 119973026 27700 0 437722 0 0 0
cpu3 115753 11183 183827 119963481 26130 0 414107 0 0 0
intr 10835010597 0 0 2460423 81 0 633997 27819282 0 0 0 8517524 0 0 0 0 0 0 0 0 0 0 0 0 0 0 0 0 0 0 0 0 0 0 0 0 0 0 0 0 0 0 0 0 0 0 0 0 0 0 0 0 1456621693 0 0 0 0 0 0 0 0 593404 0 359691 0 0 0 0 0 0 0 0 0 0 0 569432001 1 0 0 0 0 0 0 0 0 0 0 0 0 0 0 0 0 0 0 0 0 0 0 351926 4219 0 0 0 0 14164973 0 0 0 0 0 0 0 0 0 0 0 0 0 0 0 0 0 0 0 0 0 0 0 0 0 0 0 0 0 0 0 0 0 0 0 0 0 0 0 0 0 0 0 0 0 0 0 0 0 0 0 0 0 0 0 0 0 0 0 0 0 0 0 0 0 0 0 0 0 0 0 0 0 0 0 164116791 0 0 0
ctxt 354008450
btime 1669654930
processes 484530
procs_running 1
procs_blocked 0
softirq 621725245 438903591 26512357 718377 36023275 359629 0 71908399 32665235 557 14633825

cpu  777205 33748 1306842 478630311 102747 0 1819652 0 0 0
cpu0 102301 9522 177127 119917565 28088 0 417005 0 0 0
cpu1 437385 10210 741827 118776139 20828 0 550817 0 0 0
cpu2 121764 2833 204060 119973075 27700 0 437722 0 0 0
cpu3 115753 11183 183827 119963530 26130 0 414107 0 0 0
intr 10835014819 0 0 2460423 81 0 633997 27819311 0 0 0 8517529 0 0 0 0 0 0 0 0 0 0 0 0 0 0 0 0 0 0 0 0 0 0 0 0 0 0 0 0 0 0 0 0 0 0 0 0 0 0 0 0 1456625690 0 0 0 0 0 0 0 0 593405 0 359691 0 0 0 0 0 0 0 0 0 0 0 569432129 1 0 0 0 0 0 0 0 0 0 0 0 0 0 0 0 0 0 0 0 0 0 0 351926 4219 0 0 0 0 14165001 0 0 0 0 0 0 0 0 0 0 0 0 0 0 0 0 0 0 0 0 0 0 0 0 0 0 0 0 0 0 0 0 0 0 0 0 0 0 0 0 0 0 0 0 0 0 0 0 0 0 0 0 0 0 0 0 0 0 0 0 0 0 0 0 0 0 0 0 0 0 0 0 0 0 0 164116827 0 0 0
ctxt 354008567
btime 1669654930
processes 484530
procs_running 1
procs_blocked 0
softirq 621725316 438903591 26512372 718377 36023277 359629 0 71908424 32665253 557 14633836

cpu  777205 33748 1306843 478630508 102747 0 1819652 0 0 0
cpu0 102301 9522 177127 119917614 28088 0 417005 0 0 0
cpu1 437385 10210 741828 118776188 20828 0 550817 0 0 0
cpu2 121764 2833 204060 119973124 27700 0 437722 0 0 0
cpu3 115753 11183 183827 119963580 26130 0 414107 0 0 0
intr 10835019074 0 0 2460423 81 0 633997 27819336 0 0 0 8517533 0 0 0 0 0 0 0 0 0 0 0 0 0 0 0 0 0 0 0 0 0 0 0 0 0 0 0 0 0 0 0 0 0 0 0 0 0 0 0 0 1456629717 0 0 0 0 0 0 0 0 593406 0 359691 0 0 0 0 0 0 0 0 0 0 0 569432283 1 0 0 0 0 0 0 0 0 0 0 0 0 0 0 0 0 0 0 0 0 0 0 351926 4219 0 0 0 0 14165016 0 0 0 0 0 0 0 0 0 0 0 0 0 0 0 0 0 0 0 0 0 0 0 0 0 0 0 0 0 0 0 0 0 0 0 0 0 0 0 0 0 0 0 0 0 0 0 0 0 0 0 0 0 0 0 0 0 0 0 0 0 0 0 0 0 0 0 0 0 0 0 0 0 0 0 164116854 0 0 0
ctxt 354008661
btime 1669654930
processes 484530
procs_running 1
procs_blocked 0
softirq 621725379 438903599 26512385 718377 36023278 359629 0 71908438 32665270 557 14633846

cpu  777205 33748 1306843 478630705 102747 0 1819652 0 0 0
cpu0 102301 9522 177127 119917664 28088 0 417005 0 0 0
cpu1 437385 10210 741828 118776237 20828 0 550817 0 0 0
cpu2 121764 2833 204060 119973173 27700 0 437722 0 0 0
cpu3 115753 11183 183827 119963629 26130 0 414107 0 0 0
intr 10835023277 0 0 2460423 81 0 633997 27819361 0 0 0 8517536 0 0 0 0 0 0 0 0 0 0 0 0 0 0 0 0 0 0 0 0 0 0 0 0 0 0 0 0 0 0 0 0 0 0 0 0 0 0 0 0 1456633712 0 0 0 0 0 0 0 0 593407 0 359691 0 0 0 0 0 0 0 0 0 0 0 569432411 1 0 0 0 0 0 0 0 0 0 0 0 0 0 0 0 0 0 0 0 0 0 0 351926 4219 0 0 0 0 14165040 0 0 0 0 0 0 0 0 0 0 0 0 0 0 0 0 0 0 0 0 0 0 0 0 0 0 0 0 0 0 0 0 0 0 0 0 0 0 0 0 0 0 0 0 0 0 0 0 0 0 0 0 0 0 0 0 0 0 0 0 0 0 0 0 0 0 0 0 0 0 0 0 0 0 0 164116882 0 0 0
ctxt 354008755
btime 1669654930
processes 484530
procs_running 1
procs_blocked 0
softirq 621725434 438903599 26512396 718377 36023280 359629 0 71908458 32665283 557 14633855

cpu  777205 33748 1306843 478630902 102747 0 1819652 0 0 0
cpu0 102301 9522 177127 119917713 28088 0 417005 0 0 0
cpu1 437385 10210 741828 118776287 20828 0 550817 0 0 0
cpu2 121764 2833 204060 119973222 27700 0 437722 0 0 0
cpu3 115753 11183 183827 119963679 26130 0 414107 0 0 0
intr 10835027535 0 0 2460424 81 0 633997 27819387 0 0 0 8517539 0 0 0 0 0 0 0 0 0 0 0 0 0 0 0 0 0 0 0 0 0 0 0 0 0 0 0 0 0 0 0 0 0 0 0 0 0 0 0 0 1456637738 0 0 0 0 0 0 0 0 593408 0 359691 0 0 0 0 0 0 0 0 0 0 0 569432565 1 0 0 0 0 0 0 0 0 0 0 0 0 0 0 0 0 0 0 0 0 0 0 351926 4219 0 0 0 0 14165055 0 0 0 0 0 0 0 0 0 0 0 0 0 0 0 0 0 0 0 0 0 0 0 0 0 0 0 0 0 0 0 0 0 0 0 0 0 0 0 0 0 0 0 0 0 0 0 0 0 0 0 0 0 0 0 0 0 0 0 0 0 0 0 0 0 0 0 0 0 0 0 0 0 0 0 164116913 0 0 0
ctxt 354008853
btime 1669654930
processes 484530
procs_running 1
procs_blocked 0
softirq 621725505 438903607 26512412 718377 36023281 359629 0 71908472 32665303 557 14633867

cpu  777205 33748 1306843 478631099 102747 0 1819652 0 0 0
cpu0 102301 9522 177127 119917762 28088 0 417005 0 0 0
cpu1 437385 10210 741828 118776336 20828 0 550817 0 0 0
cpu2 121764 2833 204060 119973271 27700 0 437722 0 0 0
cpu3 115753 11183 183827 119963728 26130 0 414107 0 0 0
intr 10835031725 0 0 2460424 81 0 633997 27819406 0 0 0 8517543 0 0 0 0 0 0 0 0 0 0 0 0 0 0 0 0 0 0 0 0 0 0 0 0 0 0 0 0 0 0 0 0 0 0 0 0 0 0 0 0 1456641734 0 0 0 0 0 0 0 0 593409 0 359691 0 0 0 0 0 0 0 0 0 0 0 569432693 1 0 0 0 0 0 0 0 0 0 0 0 0 0 0 0 0 0 0 0 0 0 0 351926 4219 0 0 0 0 14165070 0 0 0 0 0 0 0 0 0 0 0 0 0 0 0 0 0 0 0 0 0 0 0 0 0 0 0 0 0 0 0 0 0 0 0 0 0 0 0 0 0 0 0 0 0 0 0 0 0 0 0 0 0 0 0 0 0 0 0 0 0 0 0 0 0 0 0 0 0 0 0 0 0 0 0 164116941 0 0 0
ctxt 354008932
btime 1669654930
processes 484530
procs_running 1
procs_blocked 0
softirq 621725554 438903607 26512424 718377 36023282 359629 0 71908485 32665317 557 14633876

cpu  777205 33748 1306844 478631296 102747 0 1819652 0 0 0
cpu0 102301 9522 177127 119917812 28088 0 417005 0 0 0
cpu1 437385 10210 741828 118776385 20828 0 550817 0 0 0
cpu2 121764 2833 204060 119973320 27700 0 437722 0 0 0
cpu3 115753 11183 183827 119963777 26130 0 414107 0 0 0
intr 10835035986 0 0 2460424 81 0 633997 27819434 0 0 0 8517547 0 0 0 0 0 0 0 0 0 0 0 0 0 0 0 0 0 0 0 0 0 0 0 0 0 0 0 0 0 0 0 0 0 0 0 0 0 0 0 0 1456645761 0 0 0 0 0 0 0 0 593410 0 359693 0 0 0 0 0 0 0 0 0 0 0 569432845 1 0 0 0 0 0 0 0 0 0 0 0 0 0 0 0 0 0 0 0 0 0 0 351928 4219 0 0 0 0 14165085 0 0 0 0 0 0 0 0 0 0 0 0 0 0 0 0 0 0 0 0 0 0 0 0 0 0 0 0 0 0 0 0 0 0 0 0 0 0 0 0 0 0 0 0 0 0 0 0 0 0 0 0 0 0 0 0 0 0 0 0 0 0 0 0 0 0 0 0 0 0 0 0 0 0 0 164116970 0 0 0
ctxt 354009045
btime 1669654930
processes 484530
procs_running 1
procs_blocked 0
softirq 621725629 438903615 26512440 718377 36023283 359631 0 71908505 32665335 557 14633886
