cpu  1542931 6672 2185916 103200692 34878 0 768425 0 0 0
cpu0 11901 1046 20938 26694338 11150 0 184866 0 0 0
cpu1 1502008 3224 2118612 23127568 3390 0 224075 0 0 0
cpu2 15784 2306 24472 26687568 8371 0 194233 0 0 0
cpu3 13237 94 21893 26691216 11966 0 165250 0 0 0
intr 2503424371 0 0 327579 75 0 145724 6146763 0 0 0 1634339 0 0 0 0 0 0 0 0 0 0 0 0 0 0 0 0 0 0 0 0 0 0 0 0 0 0 0 0 0 0 0 0 0 0 0 0 0 0 0 0 2284969243 0 0 0 0 0 0 0 0 48298 0 119452 0 0 0 0 0 0 0 0 0 0 0 167062586 1 0 0 0 0 0 0 0 0 0 0 0 0 0 0 0 0 0 0 0 0 0 0 113953 4213 0 0 0 0 3362062 0 0 0 0 0 0 0 0 0 0 0 0 0 0 0 0 0 0 0 0 0 0 0 0 0 0 0 0 0 0 0 0 0 0 0 0 0 0 0 0 0 0 0 0 0 0 0 0 0 0 0 0 0 0 0 0 0 0 0 0 0 0 0 0 0 0 0 0 0 0 0 0 0 0 0 39490084 0 0 0
ctxt 66825309
btime 1673080802
processes 111705
procs_running 1
procs_blocked 0
softirq 228092550 183795575 5913972 531647 9032850 119415 0 20008566 6820218 5 1870302

cpu  1542932 6672 2185917 103200886 34878 0 768425 0 0 0
cpu0 11901 1046 20938 26694388 11150 0 184866 0 0 0
cpu1 1502008 3224 2118612 23127614 3390 0 224075 0 0 0
cpu2 15784 2306 24472 26687617 8371 0 194233 0 0 0
cpu3 13237 94 21893 26691266 11966 0 165250 0 0 0
intr 2503429060 0 0 327583 75 0 145724 6146791 0 0 0 1634344 0 0 0 0 0 0 0 0 0 0 0 0 0 0 0 0 0 0 0 0 0 0 0 0 0 0 0 0 0 0 0 0 0 0 0 0 0 0 0 0 2284973255 0 0 0 0 0 0 0 0 48298 0 119452 0 0 0 0 0 0 0 0 0 0 0 167062716 1 0 0 0 0 0 0 0 0 0 0 0 0 0 0 0 0 0 0 0 0 0 0 113953 4213 0 0 0 0 3362084 0 0 0 0 0 0 0 0 0 0 0 0 0 0 0 0 0 0 0 0 0 0 0 0 0 0 0 0 0 0 0 0 0 0 0 0 0 0 0 0 0 0 0 0 0 0 0 0 0 0 0 0 0 0 0 0 0 0 0 0 0 0 0 0 0 0 0 0 0 0 0 0 0 0 0 39490572 0 0 0
ctxt 66826293
btime 1673080802
processes 111705
procs_running 1
procs_blocked 0
softirq 228092621 183795575 5913986 531647 9032851 119415 0 20008585 6820245 5 1870312

cpu  1542933 6672 2185918 103201080 34878 0 768425 0 0 0
cpu0 11901 1046 20938 26694437 11150 0 184866 0 0 0
cpu1 1502009 3224 2118614 23127660 3390 0 224075 0 0 0
cpu2 15784 2306 24472 26687666 8371 0 194233 0 0 0
cpu3 13237 94 21893 26691315 11966 0 165250 0 0 0
intr 2503433789 0 0 327587 75 0 145724 6146825 0 0 0 1634349 0 0 0 0 0 0 0 0 0 0 0 0 0 0 0 0 0 0 0 0 0 0 0 0 0 0 0 0 0 0 0 0 0 0 0 0 0 0 0 0 2284977277 0 0 0 0 0 0 0 0 48298 0 119452 0 0 0 0 0 0 0 0 0 0 0 167062868 1 0 0 0 0 0 0 0 0 0 0 0 0 0 0 0 0 0 0 0 0 0 0 113953 4213 0 0 0 0 3362106 0 0 0 0 0 0 0 0 0 0 0 0 0 0 0 0 0 0 0 0 0 0 0 0 0 0 0 0 0 0 0 0 0 0 0 0 0 0 0 0 0 0 0 0 0 0 0 0 0 0 0 0 0 0 0 0 0 0 0 0 0 0 0 0 0 0 0 0 0 0 0 0 0 0 0 39491062 0 0 0
ctxt 66827303
btime 1673080802
processes 111705
procs_running 1
procs_blocked 0
softirq 228092703 183795583 5914000 531647 9032852 119415 0 20008607 6820272 5 1870322

cpu  1542933 6672 2185920 103201273 34878 0 768425 0 0 0
cpu0 11901 1046 20938 26694486 11150 0 184866 0 0 0
cpu1 1502009 3224 2118615 23127705 3390 0 224075 0 0 0
cpu2 15784 2306 24472 26687716 8371 0 194233 0 0 0
cpu3 13237 94 21893 26691365 11966 0 165250 0 0 0
intr 2503438462 0 0 327592 75 0 145724 6146849 0 0 0 1634354 0 0 0 0 0 0 0 0 0 0 0 0 0 0 0 0 0 0 0 0 0 0 0 0 0 0 0 0 0 0 0 0 0 0 0 0 0 0 0 0 2284981273 0 0 0 0 0 0 0 0 48298 0 119452 0 0 0 0 0 0 0 0 0 0 0 167062998 1 0 0 0 0 0 0 0 0 0 0 0 0 0 0 0 0 0 0 0 0 0 0 113953 4213 0 0 0 0 3362128 0 0 0 0 0 0 0 0 0 0 0 0 0 0 0 0 0 0 0 0 0 0 0 0 0 0 0 0 0 0 0 0 0 0 0 0 0 0 0 0 0 0 0 0 0 0 0 0 0 0 0 0 0 0 0 0 0 0 0 0 0 0 0 0 0 0 0 0 0 0 0 0 0 0 0 39491553 0 0 0
ctxt 66828294
btime 1673080802
processes 111705
procs_running 1
procs_blocked 0
softirq 228092776 183795583 5914016 531647 9032853 119415 0 20008626 6820297 5 1870334

cpu  1542934 6672 2185922 103201467 34878 0 768425 0 0 0
cpu0 11901 1046 20938 26694536 11150 0 184866 0 0 0
cpu1 1502010 3224 2118617 23127751 3390 0 224075 0 0 0
cpu2 15784 2306 24472 26687765 8371 0 194233 0 0 0
cpu3 13237 94 21893 26691414 11966 0 165250 0 0 0
intr 2503443198 0 0 327596 75 0 145724 6146880 0 0 0 1634359 0 0 0 0 0 0 0 0 0 0 0 0 0 0 0 0 0 0 0 0 0 0 0 0 0 0 0 0 0 0 0 0 0 0 0 0 0 0 0 0 2284985296 0 0 0 0 0 0 0 0 48298 0 119452 0 0 0 0 0 0 0 0 0 0 0 167063150 1 0 0 0 0 0 0 0 0 0 0 0 0 0 0 0 0 0 0 0 0 0 0 113953 4213 0 0 0 0 3362150 0 0 0 0 0 0 0 0 0 0 0 0 0 0 0 0 0 0 0 0 0 0 0 0 0 0 0 0 0 0 0 0 0 0 0 0 0 0 0 0 0 0 0 0 0 0 0 0 0 0 0 0 0 0 0 0 0 0 0 0 0 0 0 0 0 0 0 0 0 0 0 0 0 0 0 39492052 0 0 0
ctxt 66829298
btime 1673080802
processes 111705
procs_running 1
procs_blocked 0
softirq 228092861 183795591 5914032 531647 9032854 119415 0 20008644 6820327 5 1870346

cpu  1542934 6672 2185923 103201660 34878 0 768425 0 0 0
cpu0 11901 1046 20939 26694585 11150 0 184866 0 0 0
cpu1 1502010 3224 2118618 23127797 3390 0 224075 0 0 0
cpu2 15784 2306 24472 26687814 8371 0 194233 0 0 0
cpu3 13237 94 21893 26691463 11966 0 165250 0 0 0
intr 2503447872 0 0 327600 75 0 145724 6146904 0 0 0 1634364 0 0 0 0 0 0 0 0 0 0 0 0 0 0 0 0 0 0 0 0 0 0 0 0 0 0 0 0 0 0 0 0 0 0 0 0 0 0 0 0 2284989292 0 0 0 0 0 0 0 0 48298 0 119452 0 0 0 0 0 0 0 0 0 0 0 167063278 1 0 0 0 0 0 0 0 0 0 0 0 0 0 0 0 0 0 0 0 0 0 0 113953 4213 0 0 0 0 3362172 0 0 0 0 0 0 0 0 0 0 0 0 0 0 0 0 0 0 0 0 0 0 0 0 0 0 0 0 0 0 0 0 0 0 0 0 0 0 0 0 0 0 0 0 0 0 0 0 0 0 0 0 0 0 0 0 0 0 0 0 0 0 0 0 0 0 0 0 0 0 0 0 0 0 0 39492546 0 0 0
ctxt 66830287
btime 1673080802
processes 111705
procs_running 1
procs_blocked 0
softirq 228092939 183795591 5914048 531647 9032855 119415 0 20008663 6820356 5 1870359

cpu  1542934 6672 2185925 103201854 34878 0 768425 0 0 0
cpu0 11901 1046 20939 26694634 11150 0 184866 0 0 0
cpu1 1502010 3224 2118620 23127843 3390 0 224075 0 0 0
cpu2 15784 2306 24472 26687863 8371 0 194233 0 0 0
cpu3 13237 94 21893 26691513 11966 0 165250 0 0 0
intr 2503452609 0 0 327604 75 0 145724 6146935 0 0 0 1634369 0 0 0 0 0 0 0 0 0 0 0 0 0 0 0 0 0 0 0 0 0 0 0 0 0 0 0 0 0 0 0 0 0 0 0 0 0 0 0 0 2284993321 0 0 0 0 0 0 0 0 48298 0 119452 0 0 0 0 0 0 0 0 0 0 0 167063430 1 0 0 0 0 0 0 0 0 0 0 0 0 0 0 0 0 0 0 0 0 0 0 113953 4213 0 0 0 0 3362194 0 0 0 0 0 0 0 0 0 0 0 0 0 0 0 0 0 0 0 0 0 0 0 0 0 0 0 0 0 0 0 0 0 0 0 0 0 0 0 0 0 0 0 0 0 0 0 0 0 0 0 0 0 0 0 0 0 0 0 0 0 0 0 0 0 0 0 0 0 0 0 0 0 0 0 39493041 0 0 0
ctxt 66831290
btime 1673080802
processes 111705
procs_running 2
procs_blocked 0
softirq 228093021 183795599 5914064 531647 9032856 119415 0 20008682 6820383 5 1870370

cpu  1542934 6672 2185926 103202048 34878 0 768425 0 0 0
cpu0 11901 1046 20939 26694683 11150 0 184866 0 0 0
cpu1 1502010 3224 2118621 23127889 3390 0 224075 0 0 0
cpu2 15784 2306 24472 26687913 8371 0 194233 0 0 0
cpu3 13237 94 21893 26691562 11966 0 165250 0 0 0
intr 2503457292 0 0 327609 75 0 145724 6146963 0 0 0 1634374 0 0 0 0 0 0 0 0 0 0 0 0 0 0 0 0 0 0 0 0 0 0 0 0 0 0 0 0 0 0 0 0 0 0 0 0 0 0 0 0 2284997317 0 0 0 0 0 0 0 0 48298 0 119452 0 0 0 0 0 0 0 0 0 0 0 167063560 1 0 0 0 0 0 0 0 0 0 0 0 0 0 0 0 0 0 0 0 0 0 0 113953 4213 0 0 0 0 3362216 0 0 0 0 0 0 0 0 0 0 0 0 0 0 0 0 0 0 0 0 0 0 0 0 0 0 0 0 0 0 0 0 0 0 0 0 0 0 0 0 0 0 0 0 0 0 0 0 0 0 0 0 0 0 0 0 0 0 0 0 0 0 0 0 0 0 0 0 0 0 0 0 0 0 0 39493537 0 0 0
ctxt 66832292
btime 1673080802
processes 111705
procs_running 1
procs_blocked 0
softirq 228093099 183795599 5914082 531647 9032857 119415 0 20008701 6820411 5 1870382

cpu  1542935 6672 2185928 103202242 34878 0 768426 0 0 0
cpu0 11901 1046 20939 26694732 11150 0 184866 0 0 0
cpu1 1502011 3224 2118622 23127934 3390 0 224075 0 0 0
cpu2 15784 2306 24472 26687962 8371 0 194233 0 0 0
cpu3 13237 94 21893 26691611 11966 0 165250 0 0 0
intr 2503462026 0 0 327613 75 0 145724 6146994 0 0 0 1634379 0 0 0 0 0 0 0 0 0 0 0 0 0 0 0 0 0 0 0 0 0 0 0 0 0 0 0 0 0 0 0 0 0 0 0 0 0 0 0 0 2285001344 0 0 0 0 0 0 0 0 48298 0 119452 0 0 0 0 0 0 0 0 0 0 0 167063712 1 0 0 0 0 0 0 0 0 0 0 0 0 0 0 0 0 0 0 0 0 0 0 113953 4213 0 0 0 0 3362238 0 0 0 0 0 0 0 0 0 0 0 0 0 0 0 0 0 0 0 0 0 0 0 0 0 0 0 0 0 0 0 0 0 0 0 0 0 0 0 0 0 0 0 0 0 0 0 0 0 0 0 0 0 0 0 0 0 0 0 0 0 0 0 0 0 0 0 0 0 0 0 0 0 0 0 39494031 0 0 0
ctxt 66833302
btime 1673080802
processes 111705
procs_running 1
procs_blocked 0
softirq 228093185 183795607 5914098 531647 9032858 119415 0 20008720 6820439 5 1870396

cpu  1542936 6672 2185929 103202435 34878 0 768426 0 0 0
cpu0 11901 1046 20939 26694781 11150 0 184866 0 0 0
cpu1 1502012 3224 2118624 23127980 3390 0 224075 0 0 0
cpu2 15784 2306 24472 26688011 8371 0 194233 0 0 0
cpu3 13237 94 21893 26691661 11966 0 165250 0 0 0
intr 2503466711 0 0 327617 75 0 145724 6147023 0 0 0 1634384 0 0 0 0 0 0 0 0 0 0 0 0 0 0 0 0 0 0 0 0 0 0 0 0 0 0 0 0 0 0 0 0 0 0 0 0 0 0 0 0 2285005340 0 0 0 0 0 0 0 0 48298 0 119452 0 0 0 0 0 0 0 0 0 0 0 167063842 1 0 0 0 0 0 0 0 0 0 0 0 0 0 0 0 0 0 0 0 0 0 0 113953 4213 0 0 0 0 3362260 0 0 0 0 0 0 0 0 0 0 0 0 0 0 0 0 0 0 0 0 0 0 0 0 0 0 0 0 0 0 0 0 0 0 0 0 0 0 0 0 0 0 0 0 0 0 0 0 0 0 0 0 0 0 0 0 0 0 0 0 0 0 0 0 0 0 0 0 0 0 0 0 0 0 0 39494531 0 0 0
ctxt 66834301
btime 1673080802
processes 111705
procs_running 2
procs_blocked 0
softirq 228093267 183795607 5914116 531648 9032859 119415 0 20008739 6820470 5 1870408

cpu  1542936 6672 2185931 103202628 34878 0 768426 0 0 0
cpu0 11901 1046 20939 26694830 11150 0 184866 0 0 0
cpu1 1502012 3224 2118625 23128026 3390 0 224075 0 0 0
cpu2 15784 2306 24472 26688060 8371 0 194233 0 0 0
cpu3 13237 94 21893 26691710 11966 0 165250 0 0 0
intr 2503471497 0 0 327623 75 0 145724 6147073 0 0 0 1634389 0 0 0 0 0 0 0 0 0 0 0 0 0 0 0 0 0 0 0 0 0 0 0 0 0 0 0 0 0 0 0 0 0 0 0 0 0 0 0 0 2285009368 0 0 0 0 0 0 0 0 48298 0 119452 0 0 0 0 0 0 0 0 0 0 0 167063994 1 0 0 0 0 0 0 0 0 0 0 0 0 0 0 0 0 0 0 0 0 0 0 113953 4213 0 0 0 0 3362302 0 0 0 0 0 0 0 0 0 0 0 0 0 0 0 0 0 0 0 0 0 0 0 0 0 0 0 0 0 0 0 0 0 0 0 0 0 0 0 0 0 0 0 0 0 0 0 0 0 0 0 0 0 0 0 0 0 0 0 0 0 0 0 0 0 0 0 0 0 0 0 0 0 0 0 39495033 0 0 0
ctxt 66835365
btime 1673080802
processes 111705
procs_running 1
procs_blocked 0
softirq 228093374 183795615 5914136 531648 9032861 119415 0 20008774 6820501 5 1870419

cpu  1542936 6672 2185933 103202822 34878 0 768426 0 0 0
cpu0 11901 1046 20939 26694879 11150 0 184866 0 0 0
cpu1 1502012 3224 2118628 23128072 3390 0 224075 0 0 0
cpu2 15784 2306 24472 26688110 8371 0 194233 0 0 0
cpu3 13237 94 21893 26691760 11966 0 165250 0 0 0
intr 2503476167 0 0 327625 75 0 145724 6147098 0 0 0 1634394 0 0 0 0 0 0 0 0 0 0 0 0 0 0 0 0 0 0 0 0 0 0 0 0 0 0 0 0 0 0 0 0 0 0 0 0 0 0 0 0 2285013364 0 0 0 0 0 0 0 0 48298 0 119452 0 0 0 0 0 0 0 0 0 0 0 167064124 1 0 0 0 0 0 0 0 0 0 0 0 0 0 0 0 0 0 0 0 0 0 0 113953 4213 0 0 0 0 3362324 0 0 0 0 0 0 0 0 0 0 0 0 0 0 0 0 0 0 0 0 0 0 0 0 0 0 0 0 0 0 0 0 0 0 0 0 0 0 0 0 0 0 0 0 0 0 0 0 0 0 0 0 0 0 0 0 0 0 0 0 0 0 0 0 0 0 0 0 0 0 0 0 0 0 0 39495523 0 0 0
ctxt 66836356
btime 1673080802
processes 111705
procs_running 1
procs_blocked 0
softirq 228093450 183795615 5914152 531648 9032862 119415 0 20008793 6820529 5 1870431

cpu  1542936 6672 2185935 103203016 34878 0 768426 0 0 0
cpu0 11901 1046 20939 26694929 11150 0 184866 0 0 0
cpu1 1502012 3224 2118630 23128117 3390 0 224075 0 0 0
cpu2 15784 2306 24472 26688159 8371 0 194233 0 0 0
cpu3 13237 94 21893 26691809 11966 0 165250 0 0 0
intr 2503480901 0 0 327630 75 0 145724 6147132 0 0 0 1634399 0 0 0 0 0 0 0 0 0 0 0 0 0 0 0 0 0 0 0 0 0 0 0 0 0 0 0 0 0 0 0 0 0 0 0 0 0 0 0 0 2285017391 0 0 0 0 0 0 0 0 48298 0 119452 0 0 0 0 0 0 0 0 0 0 0 167064276 1 0 0 0 0 0 0 0 0 0 0 0 0 0 0 0 0 0 0 0 0 0 0 113953 4213 0 0 0 0 3362346 0 0 0 0 0 0 0 0 0 0 0 0 0 0 0 0 0 0 0 0 0 0 0 0 0 0 0 0 0 0 0 0 0 0 0 0 0 0 0 0 0 0 0 0 0 0 0 0 0 0 0 0 0 0 0 0 0 0 0 0 0 0 0 0 0 0 0 0 0 0 0 0 0 0 0 39496012 0 0 0
ctxt 66837371
btime 1673080802
processes 111705
procs_running 1
procs_blocked 0
softirq 228093525 183795623 5914167 531648 9032863 119415 0 20008811 6820551 5 1870442

cpu  1542936 6672 2185938 103203209 34878 0 768426 0 0 0
cpu0 11901 1046 20939 26694978 11150 0 184866 0 0 0
cpu1 1502012 3224 2118632 23128163 3390 0 224075 0 0 0
cpu2 15784 2306 24472 26688208 8371 0 194233 0 0 0
cpu3 13237 94 21893 26691859 11966 0 165250 0 0 0
intr 2503485586 0 0 327634 75 0 145724 6147162 0 0 0 1634404 0 0 0 0 0 0 0 0 0 0 0 0 0 0 0 0 0 0 0 0 0 0 0 0 0 0 0 0 0 0 0 0 0 0 0 0 0 0 0 0 2285021394 0 0 0 0 0 0 0 0 48298 0 119452 0 0 0 0 0 0 0 0 0 0 0 167064406 1 0 0 0 0 0 0 0 0 0 0 0 0 0 0 0 0 0 0 0 0 0 0 113953 4213 0 0 0 0 3362368 0 0 0 0 0 0 0 0 0 0 0 0 0 0 0 0 0 0 0 0 0 0 0 0 0 0 0 0 0 0 0 0 0 0 0 0 0 0 0 0 0 0 0 0 0 0 0 0 0 0 0 0 0 0 0 0 0 0 0 0 0 0 0 0 0 0 0 0 0 0 0 0 0 0 0 39496502 0 0 0
ctxt 66838371
btime 1673080802
processes 111705
procs_running 1
procs_blocked 0
softirq 228093598 183795623 5914183 531648 9032864 119415 0 20008830 6820576 5 1870454

cpu  1542937 6672 2185941 103203403 34878 0 768426 0 0 0
cpu0 11901 1046 20939 26695027 11150 0 184866 0 0 0
cpu1 1502013 3224 2118636 23128209 3390 0 224075 0 0 0
cpu2 15784 2306 24472 26688257 8371 0 194233 0 0 0
cpu3 13237 94 21893 26691908 11966 0 165250 0 0 0
intr 2503490309 0 0 327638 75 0 145724 6147195 0 0 0 1634409 0 0 0 0 0 0 0 0 0 0 0 0 0 0 0 0 0 0 0 0 0 0 0 0 0 0 0 0 0 0 0 0 0 0 0 0 0 0 0 0 2285025411 0 0 0 0 0 0 0 0 48298 0 119452 0 0 0 0 0 0 0 0 0 0 0 167064558 1 0 0 0 0 0 0 0 0 0 0 0 0 0 0 0 0 0 0 0 0 0 0 113953 4213 0 0 0 0 3362390 0 0 0 0 0 0 0 0 0 0 0 0 0 0 0 0 0 0 0 0 0 0 0 0 0 0 0 0 0 0 0 0 0 0 0 0 0 0 0 0 0 0 0 0 0 0 0 0 0 0 0 0 0 0 0 0 0 0 0 0 0 0 0 0 0 0 0 0 0 0 0 0 0 0 0 39496994 0 0 0
ctxt 66839375
btime 1673080802
processes 111705
procs_running 1
procs_blocked 0
softirq 228093682 183795631 5914198 531648 9032865 119415 0 20008848 6820606 5 1870466

cpu  1542937 6672 2185944 103203597 34878 0 768426 0 0 0
cpu0 11901 1046 20939 26695076 11150 0 184866 0 0 0
cpu1 1502013 3224 2118638 23128255 3390 0 224075 0 0 0
cpu2 15784 2306 24472 26688307 8371 0 194233 0 0 0
cpu3 13237 94 21893 26691957 11966 0 165250 0 0 0
intr 2503495006 0 0 327646 75 0 145724 6147223 0 0 0 1634414 0 0 0 0 0 0 0 0 0 0 0 0 0 0 0 0 0 0 0 0 0 0 0 0 0 0 0 0 0 0 0 0 0 0 0 0 0 0 0 0 2285029415 0 0 0 0 0 0 0 0 48298 0 119452 0 0 0 0 0 0 0 0 0 0 0 167064688 1 0 0 0 0 0 0 0 0 0 0 0 0 0 0 0 0 0 0 0 0 0 0 113953 4213 0 0 0 0 3362412 0 0 0 0 0 0 0 0 0 0 0 0 0 0 0 0 0 0 0 0 0 0 0 0 0 0 0 0 0 0 0 0 0 0 0 0 0 0 0 0 0 0 0 0 0 0 0 0 0 0 0 0 0 0 0 0 0 0 0 0 0 0 0 0 0 0 0 0 0 0 0 0 0 0 0 39497493 0 0 0
ctxt 66840379
btime 1673080802
processes 111705
procs_running 2
procs_blocked 0
softirq 228093756 183795631 5914215 531648 9032866 119415 0 20008867 6820632 5 1870477

cpu  1542937 6672 2185946 103203790 34878 0 768426 0 0 0
cpu0 11901 1046 20939 26695126 11150 0 184866 0 0 0
cpu1 1502013 3224 2118640 23128300 3390 0 224075 0 0 0
cpu2 15784 2306 24472 26688356 8371 0 194233 0 0 0
cpu3 13237 94 21893 26692007 11966 0 165250 0 0 0
intr 2503499737 0 0 327651 75 0 145724 6147260 0 0 0 1634419 0 0 0 0 0 0 0 0 0 0 0 0 0 0 0 0 0 0 0 0 0 0 0 0 0 0 0 0 0 0 0 0 0 0 0 0 0 0 0 0 2285033432 0 0 0 0 0 0 0 0 48298 0 119452 0 0 0 0 0 0 0 0 0 0 0 167064840 1 0 0 0 0 0 0 0 0 0 0 0 0 0 0 0 0 0 0 0 0 0 0 113953 4213 0 0 0 0 3362434 0 0 0 0 0 0 0 0 0 0 0 0 0 0 0 0 0 0 0 0 0 0 0 0 0 0 0 0 0 0 0 0 0 0 0 0 0 0 0 0 0 0 0 0 0 0 0 0 0 0 0 0 0 0 0 0 0 0 0 0 0 0 0 0 0 0 0 0 0 0 0 0 0 0 0 39497985 0 0 0
ctxt 66841391
btime 1673080802
processes 111705
procs_running 1
procs_blocked 0
softirq 228093838 183795639 5914231 531648 9032867 119415 0 20008885 6820660 5 1870488

cpu  1542937 6672 2185948 103203984 34878 0 768426 0 0 0
cpu0 11901 1046 20939 26695175 11150 0 184866 0 0 0
cpu1 1502013 3224 2118643 23128346 3390 0 224075 0 0 0
cpu2 15784 2306 24472 26688405 8371 0 194233 0 0 0
cpu3 13237 94 21893 26692056 11966 0 165250 0 0 0
intr 2503504421 0 0 327655 75 0 145724 6147289 0 0 0 1634424 0 0 0 0 0 0 0 0 0 0 0 0 0 0 0 0 0 0 0 0 0 0 0 0 0 0 0 0 0 0 0 0 0 0 0 0 0 0 0 0 2285037436 0 0 0 0 0 0 0 0 48298 0 119452 0 0 0 0 0 0 0 0 0 0 0 167064970 1 0 0 0 0 0 0 0 0 0 0 0 0 0 0 0 0 0 0 0 0 0 0 113953 4213 0 0 0 0 3362456 0 0 0 0 0 0 0 0 0 0 0 0 0 0 0 0 0 0 0 0 0 0 0 0 0 0 0 0 0 0 0 0 0 0 0 0 0 0 0 0 0 0 0 0 0 0 0 0 0 0 0 0 0 0 0 0 0 0 0 0 0 0 0 0 0 0 0 0 0 0 0 0 0 0 0 39498476 0 0 0
ctxt 66842391
btime 1673080802
processes 111705
procs_running 1
procs_blocked 0
softirq 228093902 183795639 5914245 531648 9032868 119415 0 20008903 6820680 5 1870499

cpu  1542938 6672 2185950 103204177 34878 0 768426 0 0 0
cpu0 11901 1046 20939 26695224 11150 0 184866 0 0 0
cpu1 1502014 3224 2118644 23128392 3390 0 224075 0 0 0
cpu2 15784 2306 24472 26688454 8371 0 194233 0 0 0
cpu3 13237 94 21893 26692105 11966 0 165250 0 0 0
intr 2503509147 0 0 327659 75 0 145724 6147320 0 0 0 1634429 0 0 0 0 0 0 0 0 0 0 0 0 0 0 0 0 0 0 0 0 0 0 0 0 0 0 0 0 0 0 0 0 0 0 0 0 0 0 0 0 2285041456 0 0 0 0 0 0 0 0 48298 0 119452 0 0 0 0 0 0 0 0 0 0 0 167065122 1 0 0 0 0 0 0 0 0 0 0 0 0 0 0 0 0 0 0 0 0 0 0 113953 4213 0 0 0 0 3362478 0 0 0 0 0 0 0 0 0 0 0 0 0 0 0 0 0 0 0 0 0 0 0 0 0 0 0 0 0 0 0 0 0 0 0 0 0 0 0 0 0 0 0 0 0 0 0 0 0 0 0 0 0 0 0 0 0 0 0 0 0 0 0 0 0 0 0 0 0 0 0 0 0 0 0 39498967 0 0 0
ctxt 66843407
btime 1673080802
processes 111705
procs_running 1
procs_blocked 0
softirq 228093980 183795647 5914261 531649 9032869 119415 0 20008923 6820700 5 1870511

cpu  1542939 6672 2185952 103204371 34878 0 768426 0 0 0
cpu0 11901 1046 20939 26695273 11150 0 184866 0 0 0
cpu1 1502015 3224 2118646 23128438 3390 0 224075 0 0 0
cpu2 15784 2306 24472 26688504 8371 0 194233 0 0 0
cpu3 13237 94 21893 26692155 11966 0 165250 0 0 0
intr 2503513840 0 0 327663 75 0 145724 6147348 0 0 0 1634434 0 0 0 0 0 0 0 0 0 0 0 0 0 0 0 0 0 0 0 0 0 0 0 0 0 0 0 0 0 0 0 0 0 0 0 0 0 0 0 0 2285045461 0 0 0 0 0 0 0 0 48298 0 119452 0 0 0 0 0 0 0 0 0 0 0 167065252 1 0 0 0 0 0 0 0 0 0 0 0 0 0 0 0 0 0 0 0 0 0 0 113953 4213 0 0 0 0 3362500 0 0 0 0 0 0 0 0 0 0 0 0 0 0 0 0 0 0 0 0 0 0 0 0 0 0 0 0 0 0 0 0 0 0 0 0 0 0 0 0 0 0 0 0 0 0 0 0 0 0 0 0 0 0 0 0 0 0 0 0 0 0 0 0 0 0 0 0 0 0 0 0 0 0 0 39499467 0 0 0
ctxt 66844411
btime 1673080802
processes 111705
procs_running 1
procs_blocked 0
softirq 228094053 183795647 5914278 531649 9032870 119415 0 20008941 6820725 5 1870523

cpu  1542939 6672 2185954 103204564 34878 0 768426 0 0 0
cpu0 11901 1046 20939 26695322 11150 0 184866 0 0 0
cpu1 1502015 3224 2118649 23128483 3390 0 224075 0 0 0
cpu2 15784 2306 24472 26688553 8371 0 194233 0 0 0
cpu3 13237 94 21893 26692204 11966 0 165250 0 0 0
intr 2503518580 0 0 327668 75 0 145724 6147383 0 0 0 1634439 0 0 0 0 0 0 0 0 0 0 0 0 0 0 0 0 0 0 0 0 0 0 0 0 0 0 0 0 0 0 0 0 0 0 0 0 0 0 0 0 2285049480 0 0 0 0 0 0 0 0 48298 0 119452 0 0 0 0 0 0 0 0 0 0 0 167065404 1 0 0 0 0 0 0 0 0 0 0 0 0 0 0 0 0 0 0 0 0 0 0 113953 4213 0 0 0 0 3362522 0 0 0 0 0 0 0 0 0 0 0 0 0 0 0 0 0 0 0 0 0 0 0 0 0 0 0 0 0 0 0 0 0 0 0 0 0 0 0 0 0 0 0 0 0 0 0 0 0 0 0 0 0 0 0 0 0 0 0 0 0 0 0 0 0 0 0 0 0 0 0 0 0 0 0 39499969 0 0 0
ctxt 66845424
btime 1673080802
processes 111705
procs_running 1
procs_blocked 0
softirq 228094148 183795655 5914298 531649 9032871 119415 0 20008961 6820757 5 1870537

cpu  1542940 6672 2185956 103204758 34878 0 768426 0 0 0
cpu0 11901 1046 20939 26695372 11150 0 184866 0 0 0
cpu1 1502016 3224 2118650 23128529 3390 0 224075 0 0 0
cpu2 15784 2306 24472 26688602 8371 0 194233 0 0 0
cpu3 13237 94 21893 26692254 11966 0 165250 0 0 0
intr 2503523266 0 0 327672 75 0 145724 6147410 0 0 0 1634444 0 0 0 0 0 0 0 0 0 0 0 0 0 0 0 0 0 0 0 0 0 0 0 0 0 0 0 0 0 0 0 0 0 0 0 0 0 0 0 0 2285053484 0 0 0 0 0 0 0 0 48298 0 119452 0 0 0 0 0 0 0 0 0 0 0 167065534 1 0 0 0 0 0 0 0 0 0 0 0 0 0 0 0 0 0 0 0 0 0 0 113953 4213 0 0 0 0 3362544 0 0 0 0 0 0 0 0 0 0 0 0 0 0 0 0 0 0 0 0 0 0 0 0 0 0 0 0 0 0 0 0 0 0 0 0 0 0 0 0 0 0 0 0 0 0 0 0 0 0 0 0 0 0 0 0 0 0 0 0 0 0 0 0 0 0 0 0 0 0 0 0 0 0 0 39500462 0 0 0
ctxt 66846420
btime 1673080802
processes 111705
procs_running 1
procs_blocked 0
softirq 228094218 183795655 5914312 531649 9032872 119415 0 20008979 6820781 5 1870550

cpu  1542941 6672 2185957 103204952 34878 0 768426 0 0 0
cpu0 11901 1046 20939 26695421 11150 0 184866 0 0 0
cpu1 1502017 3224 2118651 23128575 3390 0 224075 0 0 0
cpu2 15784 2306 24472 26688651 8371 0 194233 0 0 0
cpu3 13237 94 21893 26692303 11966 0 165250 0 0 0
intr 2503528008 0 0 327676 75 0 145724 6147448 0 0 0 1634449 0 0 0 0 0 0 0 0 0 0 0 0 0 0 0 0 0 0 0 0 0 0 0 0 0 0 0 0 0 0 0 0 0 0 0 0 0 0 0 0 2285057510 0 0 0 0 0 0 0 0 48298 0 119452 0 0 0 0 0 0 0 0 0 0 0 167065686 1 0 0 0 0 0 0 0 0 0 0 0 0 0 0 0 0 0 0 0 0 0 0 113953 4213 0 0 0 0 3362566 0 0 0 0 0 0 0 0 0 0 0 0 0 0 0 0 0 0 0 0 0 0 0 0 0 0 0 0 0 0 0 0 0 0 0 0 0 0 0 0 0 0 0 0 0 0 0 0 0 0 0 0 0 0 0 0 0 0 0 0 0 0 0 0 0 0 0 0 0 0 0 0 0 0 0 39500959 0 0 0
ctxt 66847446
btime 1673080802
processes 111705
procs_running 1
procs_blocked 0
softirq 228094303 183795663 5914329 531649 9032873 119415 0 20008999 6820808 5 1870562

cpu  1542942 6672 2185960 103205145 34878 0 768426 0 0 0
cpu0 11901 1046 20939 26695470 11150 0 184866 0 0 0
cpu1 1502018 3224 2118654 23128621 3390 0 224075 0 0 0
cpu2 15784 2306 24472 26688701 8371 0 194233 0 0 0
cpu3 13237 94 21893 26692352 11966 0 165250 0 0 0
intr 2503532725 0 0 327680 75 0 145724 6147490 0 0 0 1634454 0 0 0 0 0 0 0 0 0 0 0 0 0 0 0 0 0 0 0 0 0 0 0 0 0 0 0 0 0 0 0 0 0 0 0 0 0 0 0 0 2285061507 0 0 0 0 0 0 0 0 48298 0 119452 0 0 0 0 0 0 0 0 0 0 0 167065816 1 0 0 0 0 0 0 0 0 0 0 0 0 0 0 0 0 0 0 0 0 0 0 113953 4213 0 0 0 0 3362603 0 0 0 0 0 0 0 0 0 0 0 0 0 0 0 0 0 0 0 0 0 0 0 0 0 0 0 0 0 0 0 0 0 0 0 0 0 0 0 0 0 0 0 0 0 0 0 0 0 0 0 0 0 0 0 0 0 0 0 0 0 0 0 0 0 0 0 0 0 0 0 0 0 0 0 39501460 0 0 0
ctxt 66848473
btime 1673080802
processes 111705
procs_running 1
procs_blocked 0
softirq 228094402 183795663 5914348 531649 9032875 119415 0 20009029 6820838 5 1870580

cpu  1542942 6672 2185962 103205338 34878 0 768426 0 0 0
cpu0 11901 1046 20939 26695519 11150 0 184866 0 0 0
cpu1 1502018 3224 2118656 23128666 3390 0 224075 0 0 0
cpu2 15784 2306 24472 26688750 8371 0 194233 0 0 0
cpu3 13237 94 21893 26692402 11966 0 165250 0 0 0
intr 2503537489 0 0 327685 75 0 145724 6147534 0 0 0 1634459 0 0 0 0 0 0 0 0 0 0 0 0 0 0 0 0 0 0 0 0 0 0 0 0 0 0 0 0 0 0 0 0 0 0 0 0 0 0 0 0 2285065526 0 0 0 0 0 0 0 0 48298 0 119452 0 0 0 0 0 0 0 0 0 0 0 167065968 1 0 0 0 0 0 0 0 0 0 0 0 0 0 0 0 0 0 0 0 0 0 0 113953 4213 0 0 0 0 3362640 0 0 0 0 0 0 0 0 0 0 0 0 0 0 0 0 0 0 0 0 0 0 0 0 0 0 0 0 0 0 0 0 0 0 0 0 0 0 0 0 0 0 0 0 0 0 0 0 0 0 0 0 0 0 0 0 0 0 0 0 0 0 0 0 0 0 0 0 0 0 0 0 0 0 0 39501962 0 0 0
ctxt 66849528
btime 1673080802
processes 111705
procs_running 1
procs_blocked 0
softirq 228094511 183795671 5914368 531649 9032877 119415 0 20009060 6820869 5 1870597

cpu  1542944 6672 2185963 103205530 34878 0 768426 0 0 0
cpu0 11901 1046 20939 26695568 11150 0 184866 0 0 0
cpu1 1502020 3224 2118658 23128710 3390 0 224076 0 0 0
cpu2 15784 2306 24472 26688799 8371 0 194233 0 0 0
cpu3 13237 94 21893 26692451 11966 0 165250 0 0 0
intr 2503542457 0 0 327689 75 0 145724 6147563 0 0 0 1634463 0 0 0 0 0 0 0 0 0 0 0 0 0 0 0 0 0 0 0 0 0 0 0 0 0 0 0 0 0 0 0 0 0 0 0 0 0 0 0 0 2285069682 0 0 0 0 0 0 0 0 48298 0 119452 0 0 0 0 0 0 0 0 0 0 0 167066246 1 0 0 0 0 0 0 0 0 0 0 0 0 0 0 0 0 0 0 0 0 0 0 113953 4213 0 0 0 0 3362662 0 0 0 0 0 0 0 0 0 0 0 0 0 0 0 0 0 0 0 0 0 0 0 0 0 0 0 0 0 0 0 0 0 0 0 0 0 0 0 0 0 0 0 0 0 0 0 0 0 0 0 0 0 0 0 0 0 0 0 0 0 0 0 0 0 0 0 0 0 0 0 0 0 0 0 39502437 0 0 0
ctxt 66850501
btime 1673080802
processes 111705
procs_running 1
procs_blocked 0
softirq 228094837 183795892 5914383 531649 9032882 119415 0 20009111 6820892 5 1870608

cpu  1542946 6672 2185965 103205722 34878 0 768426 0 0 0
cpu0 11901 1046 20939 26695617 11150 0 184866 0 0 0
cpu1 1502022 3224 2118659 23128755 3390 0 224076 0 0 0
cpu2 15784 2306 24472 26688848 8371 0 194233 0 0 0
cpu3 13237 94 21893 26692500 11966 0 165250 0 0 0
intr 2503547331 0 0 327695 75 0 145724 6147596 0 0 0 1634468 0 0 0 0 0 0 0 0 0 0 0 0 0 0 0 0 0 0 0 0 0 0 0 0 0 0 0 0 0 0 0 0 0 0 0 0 0 0 0 0 2285073779 0 0 0 0 0 0 0 0 48298 0 119452 0 0 0 0 0 0 0 0 0 0 0 167066472 1 0 0 0 0 0 0 0 0 0 0 0 0 0 0 0 0 0 0 0 0 0 0 113953 4213 0 0 0 0 3362684 0 0 0 0 0 0 0 0 0 0 0 0 0 0 0 0 0 0 0 0 0 0 0 0 0 0 0 0 0 0 0 0 0 0 0 0 0 0 0 0 0 0 0 0 0 0 0 0 0 0 0 0 0 0 0 0 0 0 0 0 0 0 0 0 0 0 0 0 0 0 0 0 0 0 0 39502923 0 0 0
ctxt 66851502
btime 1673080802
processes 111705
procs_running 1
procs_blocked 0
softirq 228094961 183795923 5914399 531649 9032885 119415 0 20009153 6820913 5 1870619

cpu  1542947 6672 2185966 103205915 34878 0 768426 0 0 0
cpu0 11901 1046 20939 26695666 11150 0 184866 0 0 0
cpu1 1502023 3224 2118661 23128800 3390 0 224076 0 0 0
cpu2 15784 2306 24472 26688898 8371 0 194233 0 0 0
cpu3 13237 94 21893 26692550 11966 0 165250 0 0 0
intr 2503552180 0 0 327705 75 0 145724 6147626 0 0 0 1634473 0 0 0 0 0 0 0 0 0 0 0 0 0 0 0 0 0 0 0 0 0 0 0 0 0 0 0 0 0 0 0 0 0 0 0 0 0 0 0 0 2285077863 0 0 0 0 0 0 0 0 48298 0 119452 0 0 0 0 0 0 0 0 0 0 0 167066675 1 0 0 0 0 0 0 0 0 0 0 0 0 0 0 0 0 0 0 0 0 0 0 113953 4213 0 0 0 0 3362706 0 0 0 0 0 0 0 0 0 0 0 0 0 0 0 0 0 0 0 0 0 0 0 0 0 0 0 0 0 0 0 0 0 0 0 0 0 0 0 0 0 0 0 0 0 0 0 0 0 0 0 0 0 0 0 0 0 0 0 0 0 0 0 0 0 0 0 0 0 0 0 0 0 0 0 39503417 0 0 0
ctxt 66852501
btime 1673080802
processes 111705
procs_running 1
procs_blocked 0
softirq 228095105 183795976 5914414 531649 9032888 119415 0 20009190 6820937 5 1870631

cpu  1542948 6672 2185967 103206107 34878 0 768426 0 0 0
cpu0 11901 1046 20939 26695715 11150 0 184866 0 0 0
cpu1 1502024 3224 2118661 23128845 3390 0 224076 0 0 0
cpu2 15784 2306 24472 26688947 8371 0 194233 0 0 0
cpu3 13237 94 21893 26692599 11966 0 165250 0 0 0
intr 2503557059 0 0 327710 75 0 145724 6147660 0 0 0 1634478 0 0 0 0 0 0 0 0 0 0 0 0 0 0 0 0 0 0 0 0 0 0 0 0 0 0 0 0 0 0 0 0 0 0 0 0 0 0 0 0 2285081957 0 0 0 0 0 0 0 0 48298 0 119452 0 0 0 0 0 0 0 0 0 0 0 167066902 1 0 0 0 0 0 0 0 0 0 0 0 0 0 0 0 0 0 0 0 0 0 0 113953 4213 0 0 0 0 3362728 0 0 0 0 0 0 0 0 0 0 0 0 0 0 0 0 0 0 0 0 0 0 0 0 0 0 0 0 0 0 0 0 0 0 0 0 0 0 0 0 0 0 0 0 0 0 0 0 0 0 0 0 0 0 0 0 0 0 0 0 0 0 0 0 0 0 0 0 0 0 0 0 0 0 0 39503909 0 0 0
ctxt 66853522
btime 1673080802
processes 111705
procs_running 1
procs_blocked 0
softirq 228095316 183796086 5914432 531649 9032891 119415 0 20009236 6820959 5 1870643

cpu  1542949 6672 2185968 103206300 34878 0 768426 0 0 0
cpu0 11901 1046 20939 26695764 11150 0 184866 0 0 0
cpu1 1502025 3224 2118662 23128890 3390 0 224076 0 0 0
cpu2 15784 2306 24472 26688996 8371 0 194233 0 0 0
cpu3 13237 94 21893 26692648 11966 0 165250 0 0 0
intr 2503561892 0 0 327718 75 0 145724 6147687 0 0 0 1634483 0 0 0 0 0 0 0 0 0 0 0 0 0 0 0 0 0 0 0 0 0 0 0 0 0 0 0 0 0 0 0 0 0 0 0 0 0 0 0 0 2285086036 0 0 0 0 0 0 0 0 48298 0 119452 0 0 0 0 0 0 0 0 0 0 0 167067107 1 0 0 0 0 0 0 0 0 0 0 0 0 0 0 0 0 0 0 0 0 0 0 113953 4213 0 0 0 0 3362750 0 0 0 0 0 0 0 0 0 0 0 0 0 0 0 0 0 0 0 0 0 0 0 0 0 0 0 0 0 0 0 0 0 0 0 0 0 0 0 0 0 0 0 0 0 0 0 0 0 0 0 0 0 0 0 0 0 0 0 0 0 0 0 0 0 0 0 0 0 0 0 0 0 0 0 39504396 0 0 0
ctxt 66854519
btime 1673080802
processes 111705
procs_running 1
procs_blocked 0
softirq 228095521 183796209 5914448 531650 9032894 119415 0 20009268 6820978 5 1870654

cpu  1542951 6672 2185969 103206490 34878 0 768427 0 0 0
cpu0 11901 1046 20939 26695813 11150 0 184866 0 0 0
cpu1 1502027 3224 2118664 23128934 3390 0 224076 0 0 0
cpu2 15784 2306 24472 26689045 8371 0 194233 0 0 0
cpu3 13237 94 21893 26692697 11966 0 165250 0 0 0
intr 2503566903 0 0 327722 75 0 145724 6147720 0 0 0 1634488 0 0 0 0 0 0 0 0 0 0 0 0 0 0 0 0 0 0 0 0 0 0 0 0 0 0 0 0 0 0 0 0 0 0 0 0 0 0 0 0 2285090205 0 0 0 0 0 0 0 0 48298 0 119452 0 0 0 0 0 0 0 0 0 0 0 167067408 1 0 0 0 0 0 0 0 0 0 0 0 0 0 0 0 0 0 0 0 0 0 0 113953 4213 0 0 0 0 3362772 0 0 0 0 0 0 0 0 0 0 0 0 0 0 0 0 0 0 0 0 0 0 0 0 0 0 0 0 0 0 0 0 0 0 0 0 0 0 0 0 0 0 0 0 0 0 0 0 0 0 0 0 0 0 0 0 0 0 0 0 0 0 0 0 0 0 0 0 0 0 0 0 0 0 0 39504873 0 0 0
ctxt 66855509
btime 1673080802
processes 111705
procs_running 1
procs_blocked 0
softirq 228095848 183796415 5914464 531650 9032899 119415 0 20009329 6821003 5 1870668

cpu  1542953 6672 2185971 103206682 34878 0 768427 0 0 0
cpu0 11901 1046 20939 26695862 11150 0 184866 0 0 0
cpu1 1502029 3224 2118666 23128979 3390 0 224076 0 0 0
cpu2 15784 2306 24472 26689094 8371 0 194233 0 0 0
cpu3 13237 94 21893 26692746 11966 0 165250 0 0 0
intr 2503571731 0 0 327728 75 0 145724 6147744 0 0 0 1634493 0 0 0 0 0 0 0 0 0 0 0 0 0 0 0 0 0 0 0 0 0 0 0 0 0 0 0 0 0 0 0 0 0 0 0 0 0 0 0 0 2285094285 0 0 0 0 0 0 0 0 48298 0 119452 0 0 0 0 0 0 0 0 0 0 0 167067613 1 0 0 0 0 0 0 0 0 0 0 0 0 0 0 0 0 0 0 0 0 0 0 113953 4213 0 0 0 0 3362794 0 0 0 0 0 0 0 0 0 0 0 0 0 0 0 0 0 0 0 0 0 0 0 0 0 0 0 0 0 0 0 0 0 0 0 0 0 0 0 0 0 0 0 0 0 0 0 0 0 0 0 0 0 0 0 0 0 0 0 0 0 0 0 0 0 0 0 0 0 0 0 0 0 0 0 39505359 0 0 0
ctxt 66856495
btime 1673080802
processes 111705
procs_running 1
procs_blocked 0
softirq 228095979 183796461 5914478 531650 9032902 119415 0 20009365 6821024 5 1870679

cpu  1542954 6672 2185974 103206874 34878 0 768427 0 0 0
cpu0 11901 1046 20939 26695911 11150 0 184866 0 0 0
cpu1 1502030 3224 2118668 23129023 3390 0 224076 0 0 0
cpu2 15784 2306 24472 26689143 8371 0 194233 0 0 0
cpu3 13237 94 21893 26692795 11966 0 165250 0 0 0
intr 2503576614 0 0 327737 75 0 145724 6147777 0 0 0 1634498 0 0 0 0 0 0 0 0 0 0 0 0 0 0 0 0 0 0 0 0 0 0 0 0 0 0 0 0 0 0 0 0 0 0 0 0 0 0 0 0 2285098378 0 0 0 0 0 0 0 0 48298 0 119452 0 0 0 0 0 0 0 0 0 0 0 167067840 1 0 0 0 0 0 0 0 0 0 0 0 0 0 0 0 0 0 0 0 0 0 0 113953 4213 0 0 0 0 3362816 0 0 0 0 0 0 0 0 0 0 0 0 0 0 0 0 0 0 0 0 0 0 0 0 0 0 0 0 0 0 0 0 0 0 0 0 0 0 0 0 0 0 0 0 0 0 0 0 0 0 0 0 0 0 0 0 0 0 0 0 0 0 0 0 0 0 0 0 0 0 0 0 0 0 0 39505853 0 0 0
ctxt 66857501
btime 1673080802
processes 111705
procs_running 1
procs_blocked 0
softirq 228096215 183796583 5914498 531650 9032905 119415 0 20009411 6821055 5 1870693

cpu  1542955 6672 2185975 103207067 34878 0 768427 0 0 0
cpu0 11901 1046 20939 26695960 11150 0 184866 0 0 0
cpu1 1502031 3224 2118670 23129068 3390 0 224076 0 0 0
cpu2 15784 2306 24472 26689192 8371 0 194233 0 0 0
cpu3 13237 94 21893 26692845 11966 0 165250 0 0 0
intr 2503581444 0 0 327747 75 0 145724 6147801 0 0 0 1634503 0 0 0 0 0 0 0 0 0 0 0 0 0 0 0 0 0 0 0 0 0 0 0 0 0 0 0 0 0 0 0 0 0 0 0 0 0 0 0 0 2285102451 0 0 0 0 0 0 0 0 48298 0 119452 0 0 0 0 0 0 0 0 0 0 0 167068041 1 0 0 0 0 0 0 0 0 0 0 0 0 0 0 0 0 0 0 0 0 0 0 113953 4213 0 0 0 0 3362838 0 0 0 0 0 0 0 0 0 0 0 0 0 0 0 0 0 0 0 0 0 0 0 0 0 0 0 0 0 0 0 0 0 0 0 0 0 0 0 0 0 0 0 0 0 0 0 0 0 0 0 0 0 0 0 0 0 0 0 0 0 0 0 0 0 0 0 0 0 0 0 0 0 0 0 39506348 0 0 0
ctxt 66858491
btime 1673080802
processes 111705
procs_running 1
procs_blocked 0
softirq 228096430 183796701 5914513 531650 9032908 119415 0 20009450 6821082 5 1870706

cpu  1542956 6672 2185977 103207259 34878 0 768427 0 0 0
cpu0 11901 1046 20939 26696009 11150 0 184866 0 0 0
cpu1 1502032 3224 2118671 23129113 3390 0 224076 0 0 0
cpu2 15784 2306 24472 26689241 8371 0 194233 0 0 0
cpu3 13237 94 21893 26692894 11966 0 165250 0 0 0
intr 2503586273 0 0 327755 75 0 145724 6147830 0 0 0 1634508 0 0 0 0 0 0 0 0 0 0 0 0 0 0 0 0 0 0 0 0 0 0 0 0 0 0 0 0 0 0 0 0 0 0 0 0 0 0 0 0 2285106521 0 0 0 0 0 0 0 0 48298 0 119452 0 0 0 0 0 0 0 0 0 0 0 167068244 1 0 0 0 0 0 0 0 0 0 0 0 0 0 0 0 0 0 0 0 0 0 0 113953 4213 0 0 0 0 3362860 0 0 0 0 0 0 0 0 0 0 0 0 0 0 0 0 0 0 0 0 0 0 0 0 0 0 0 0 0 0 0 0 0 0 0 0 0 0 0 0 0 0 0 0 0 0 0 0 0 0 0 0 0 0 0 0 0 0 0 0 0 0 0 0 0 0 0 0 0 0 0 0 0 0 0 39506840 0 0 0
ctxt 66859490
btime 1673080802
processes 111705
procs_running 1
procs_blocked 0
softirq 228096626 183796803 5914529 531650 9032911 119415 0 20009484 6821110 5 1870719

cpu  1542957 6672 2185979 103207452 34878 0 768428 0 0 0
cpu0 11901 1046 20939 26696058 11150 0 184866 0 0 0
cpu1 1502033 3224 2118674 23129158 3390 0 224077 0 0 0
cpu2 15784 2306 24472 26689290 8371 0 194233 0 0 0
cpu3 13237 94 21893 26692943 11966 0 165250 0 0 0
intr 2503591159 0 0 327763 75 0 145724 6147863 0 0 0 1634513 0 0 0 0 0 0 0 0 0 0 0 0 0 0 0 0 0 0 0 0 0 0 0 0 0 0 0 0 0 0 0 0 0 0 0 0 0 0 0 0 2285110621 0 0 0 0 0 0 0 0 48298 0 119452 0 0 0 0 0 0 0 0 0 0 0 167068473 1 0 0 0 0 0 0 0 0 0 0 0 0 0 0 0 0 0 0 0 0 0 0 113953 4213 0 0 0 0 3362882 0 0 0 0 0 0 0 0 0 0 0 0 0 0 0 0 0 0 0 0 0 0 0 0 0 0 0 0 0 0 0 0 0 0 0 0 0 0 0 0 0 0 0 0 0 0 0 0 0 0 0 0 0 0 0 0 0 0 0 0 0 0 0 0 0 0 0 0 0 0 0 0 0 0 0 39507329 0 0 0
ctxt 66860497
btime 1673080802
processes 111705
procs_running 1
procs_blocked 0
softirq 228096781 183796863 5914544 531650 9032914 119415 0 20009523 6821136 5 1870731

cpu  1542959 6672 2185980 103207642 34878 0 768428 0 0 0
cpu0 11901 1046 20939 26696107 11150 0 184866 0 0 0
cpu1 1502035 3224 2118675 23129202 3390 0 224078 0 0 0
cpu2 15784 2306 24472 26689339 8371 0 194233 0 0 0
cpu3 13237 94 21893 26692992 11966 0 165250 0 0 0
intr 2503596119 0 0 327768 75 0 145724 6147892 0 0 0 1634518 0 0 0 0 0 0 0 0 0 0 0 0 0 0 0 0 0 0 0 0 0 0 0 0 0 0 0 0 0 0 0 0 0 0 0 0 0 0 0 0 2285114766 0 0 0 0 0 0 0 0 48298 0 119452 0 0 0 0 0 0 0 0 0 0 0 167068747 1 0 0 0 0 0 0 0 0 0 0 0 0 0 0 0 0 0 0 0 0 0 0 113953 4213 0 0 0 0 3362904 0 0 0 0 0 0 0 0 0 0 0 0 0 0 0 0 0 0 0 0 0 0 0 0 0 0 0 0 0 0 0 0 0 0 0 0 0 0 0 0 0 0 0 0 0 0 0 0 0 0 0 0 0 0 0 0 0 0 0 0 0 0 0 0 0 0 0 0 0 0 0 0 0 0 0 39507809 0 0 0
ctxt 66861489
btime 1673080802
processes 111705
procs_running 1
procs_blocked 0
softirq 228097102 183797043 5914563 531650 9032919 119415 0 20009597 6821166 5 1870744

cpu  1542960 6672 2185982 103207834 34878 0 768428 0 0 0
cpu0 11901 1046 20939 26696156 11150 0 184866 0 0 0
cpu1 1502036 3224 2118676 23129247 3390 0 224078 0 0 0
cpu2 15784 2306 24472 26689388 8371 0 194233 0 0 0
cpu3 13237 94 21893 26693042 11966 0 165250 0 0 0
intr 2503601000 0 0 327774 75 0 145724 6147924 0 0 0 1634523 0 0 0 0 0 0 0 0 0 0 0 0 0 0 0 0 0 0 0 0 0 0 0 0 0 0 0 0 0 0 0 0 0 0 0 0 0 0 0 0 2285118871 0 0 0 0 0 0 0 0 48298 0 119452 0 0 0 0 0 0 0 0 0 0 0 167068975 1 0 0 0 0 0 0 0 0 0 0 0 0 0 0 0 0 0 0 0 0 0 0 113953 4213 0 0 0 0 3362926 0 0 0 0 0 0 0 0 0 0 0 0 0 0 0 0 0 0 0 0 0 0 0 0 0 0 0 0 0 0 0 0 0 0 0 0 0 0 0 0 0 0 0 0 0 0 0 0 0 0 0 0 0 0 0 0 0 0 0 0 0 0 0 0 0 0 0 0 0 0 0 0 0 0 0 39508292 0 0 0
ctxt 66862487
btime 1673080802
processes 111705
procs_running 1
procs_blocked 0
softirq 228097292 183797145 5914578 531650 9032922 119415 0 20009633 6821189 5 1870755

cpu  1542962 6672 2185983 103208027 34878 0 768428 0 0 0
cpu0 11901 1046 20939 26696205 11150 0 184866 0 0 0
cpu1 1502038 3224 2118677 23129292 3390 0 224078 0 0 0
cpu2 15784 2306 24472 26689437 8371 0 194233 0 0 0
cpu3 13237 94 21893 26693091 11966 0 165250 0 0 0
intr 2503605831 0 0 327784 75 0 145724 6147952 0 0 0 1634528 0 0 0 0 0 0 0 0 0 0 0 0 0 0 0 0 0 0 0 0 0 0 0 0 0 0 0 0 0 0 0 0 0 0 0 0 0 0 0 0 2285122946 0 0 0 0 0 0 0 0 48298 0 119452 0 0 0 0 0 0 0 0 0 0 0 167069178 1 0 0 0 0 0 0 0 0 0 0 0 0 0 0 0 0 0 0 0 0 0 0 113953 4213 0 0 0 0 3362948 0 0 0 0 0 0 0 0 0 0 0 0 0 0 0 0 0 0 0 0 0 0 0 0 0 0 0 0 0 0 0 0 0 0 0 0 0 0 0 0 0 0 0 0 0 0 0 0 0 0 0 0 0 0 0 0 0 0 0 0 0 0 0 0 0 0 0 0 0 0 0 0 0 0 0 39508781 0 0 0
ctxt 66863489
btime 1673080802
processes 111705
procs_running 1
procs_blocked 0
softirq 228097505 183797266 5914594 531651 9032925 119415 0 20009670 6821213 5 1870766

cpu  1542964 6672 2185986 103208219 34878 0 768428 0 0 0
cpu0 11901 1046 20939 26696254 11150 0 184866 0 0 0
cpu1 1502040 3224 2118680 23129337 3390 0 224078 0 0 0
cpu2 15784 2306 24472 26689487 8371 0 194233 0 0 0
cpu3 13237 94 21893 26693140 11966 0 165250 0 0 0
intr 2503610713 0 0 327792 75 0 145724 6147986 0 0 0 1634533 0 0 0 0 0 0 0 0 0 0 0 0 0 0 0 0 0 0 0 0 0 0 0 0 0 0 0 0 0 0 0 0 0 0 0 0 0 0 0 0 2285127042 0 0 0 0 0 0 0 0 48298 0 119452 0 0 0 0 0 0 0 0 0 0 0 167069406 1 0 0 0 0 0 0 0 0 0 0 0 0 0 0 0 0 0 0 0 0 0 0 113953 4213 0 0 0 0 3362967 0 0 0 0 0 0 0 0 0 0 0 0 0 0 0 0 0 0 0 0 0 0 0 0 0 0 0 0 0 0 0 0 0 0 0 0 0 0 0 0 0 0 0 0 0 0 0 0 0 0 0 0 0 0 0 0 0 0 0 0 0 0 0 0 0 0 0 0 0 0 0 0 0 0 0 39509271 0 0 0
ctxt 66864490
btime 1673080802
processes 111705
procs_running 1
procs_blocked 0
softirq 228097704 183797368 5914609 531651 9032928 119415 0 20009710 6821241 5 1870777

cpu  1542965 6672 2185987 103208411 34878 0 768428 0 0 0
cpu0 11901 1046 20939 26696303 11150 0 184866 0 0 0
cpu1 1502041 3224 2118682 23129382 3390 0 224078 0 0 0
cpu2 15784 2306 24472 26689536 8371 0 194233 0 0 0
cpu3 13237 94 21893 26693189 11966 0 165250 0 0 0
intr 2503615559 0 0 327801 75 0 145724 6148017 0 0 0 1634538 0 0 0 0 0 0 0 0 0 0 0 0 0 0 0 0 0 0 0 0 0 0 0 0 0 0 0 0 0 0 0 0 0 0 0 0 0 0 0 0 2285131122 0 0 0 0 0 0 0 0 48298 0 119452 0 0 0 0 0 0 0 0 0 0 0 167069609 1 0 0 0 0 0 0 0 0 0 0 0 0 0 0 0 0 0 0 0 0 0 0 113953 4213 0 0 0 0 3362989 0 0 0 0 0 0 0 0 0 0 0 0 0 0 0 0 0 0 0 0 0 0 0 0 0 0 0 0 0 0 0 0 0 0 0 0 0 0 0 0 0 0 0 0 0 0 0 0 0 0 0 0 0 0 0 0 0 0 0 0 0 0 0 0 0 0 0 0 0 0 0 0 0 0 0 39509768 0 0 0
ctxt 66865493
btime 1673080802
processes 111705
procs_running 1
procs_blocked 0
softirq 228097899 183797469 5914624 531651 9032931 119415 0 20009746 6821269 5 1870789

cpu  1542966 6672 2185989 103208604 34878 0 768428 0 0 0
cpu0 11901 1046 20939 26696352 11150 0 184866 0 0 0
cpu1 1502042 3224 2118683 23129427 3390 0 224078 0 0 0
cpu2 15784 2306 24472 26689585 8371 0 194233 0 0 0
cpu3 13237 94 21893 26693239 11966 0 165250 0 0 0
intr 2503620440 0 0 327805 75 0 145724 6148053 0 0 0 1634543 0 0 0 0 0 0 0 0 0 0 0 0 0 0 0 0 0 0 0 0 0 0 0 0 0 0 0 0 0 0 0 0 0 0 0 0 0 0 0 0 2285135218 0 0 0 0 0 0 0 0 48298 0 119452 0 0 0 0 0 0 0 0 0 0 0 167069837 1 0 0 0 0 0 0 0 0 0 0 0 0 0 0 0 0 0 0 0 0 0 0 113953 4213 0 0 0 0 3363011 0 0 0 0 0 0 0 0 0 0 0 0 0 0 0 0 0 0 0 0 0 0 0 0 0 0 0 0 0 0 0 0 0 0 0 0 0 0 0 0 0 0 0 0 0 0 0 0 0 0 0 0 0 0 0 0 0 0 0 0 0 0 0 0 0 0 0 0 0 0 0 0 0 0 0 39510258 0 0 0
ctxt 66866512
btime 1673080802
processes 111705
procs_running 1
procs_blocked 0
softirq 228098076 183797552 5914642 531651 9032934 119415 0 20009779 6821294 5 1870804

cpu  1542968 6672 2185990 103208794 34878 0 768428 0 0 0
cpu0 11901 1046 20939 26696400 11150 0 184866 0 0 0
cpu1 1502044 3224 2118684 23129471 3390 0 224078 0 0 0
cpu2 15784 2306 24472 26689634 8371 0 194233 0 0 0
cpu3 13237 94 21893 26693288 11966 0 165250 0 0 0
intr 2503625417 0 0 327809 75 0 145725 6148084 0 0 0 1634548 0 0 0 0 0 0 0 0 0 0 0 0 0 0 0 0 0 0 0 0 0 0 0 0 0 0 0 0 0 0 0 0 0 0 0 0 0 0 0 0 2285139379 0 0 0 0 0 0 0 0 48298 0 119452 0 0 0 0 0 0 0 0 0 0 0 167070115 1 0 0 0 0 0 0 0 0 0 0 0 0 0 0 0 0 0 0 0 0 0 0 113953 4213 0 0 0 0 3363033 0 0 0 0 0 0 0 0 0 0 0 0 0 0 0 0 0 0 0 0 0 0 0 0 0 0 0 0 0 0 0 0 0 0 0 0 0 0 0 0 0 0 0 0 0 0 0 0 0 0 0 0 0 0 0 0 0 0 0 0 0 0 0 0 0 0 0 0 0 0 0 0 0 0 0 39510734 0 0 0
ctxt 66867495
btime 1673080802
processes 111706
procs_running 1
procs_blocked 0
softirq 228098427 183797781 5914658 531651 9032939 119415 0 20009846 6821317 5 1870815

cpu  1542970 6672 2185992 103208986 34878 0 768429 0 0 0
cpu0 11901 1046 20939 26696450 11150 0 184866 0 0 0
cpu1 1502046 3224 2118686 23129516 3390 0 224078 0 0 0
cpu2 15784 2306 24472 26689683 8371 0 194233 0 0 0
cpu3 13237 94 21893 26693337 11966 0 165250 0 0 0
intr 2503630306 0 0 327815 75 0 145725 6148124 0 0 0 1634553 0 0 0 0 0 0 0 0 0 0 0 0 0 0 0 0 0 0 0 0 0 0 0 0 0 0 0 0 0 0 0 0 0 0 0 0 0 0 0 0 2285143476 0 0 0 0 0 0 0 0 48298 0 119452 0 0 0 0 0 0 0 0 0 0 0 167070344 1 0 0 0 0 0 0 0 0 0 0 0 0 0 0 0 0 0 0 0 0 0 0 113953 4213 0 0 0 0 3363055 0 0 0 0 0 0 0 0 0 0 0 0 0 0 0 0 0 0 0 0 0 0 0 0 0 0 0 0 0 0 0 0 0 0 0 0 0 0 0 0 0 0 0 0 0 0 0 0 0 0 0 0 0 0 0 0 0 0 0 0 0 0 0 0 0 0 0 0 0 0 0 0 0 0 0 39511223 0 0 0
ctxt 66868514
btime 1673080802
processes 111706
procs_running 1
procs_blocked 0
softirq 228098642 183797893 5914676 531651 9032942 119415 0 20009889 6821345 5 1870826

cpu  1542970 6672 2185992 103209179 34878 0 768429 0 0 0
cpu0 11901 1046 20939 26696499 11150 0 184866 0 0 0
cpu1 1502046 3224 2118686 23129561 3390 0 224078 0 0 0
cpu2 15784 2306 24472 26689732 8371 0 194233 0 0 0
cpu3 13237 94 21893 26693386 11966 0 165250 0 0 0
intr 2503635146 0 0 327822 75 0 145725 6148155 0 0 0 1634558 0 0 0 0 0 0 0 0 0 0 0 0 0 0 0 0 0 0 0 0 0 0 0 0 0 0 0 0 0 0 0 0 0 0 0 0 0 0 0 0 2285147554 0 0 0 0 0 0 0 0 48298 0 119452 0 0 0 0 0 0 0 0 0 0 0 167070547 1 0 0 0 0 0 0 0 0 0 0 0 0 0 0 0 0 0 0 0 0 0 0 113953 4213 0 0 0 0 3363077 0 0 0 0 0 0 0 0 0 0 0 0 0 0 0 0 0 0 0 0 0 0 0 0 0 0 0 0 0 0 0 0 0 0 0 0 0 0 0 0 0 0 0 0 0 0 0 0 0 0 0 0 0 0 0 0 0 0 0 0 0 0 0 0 0 0 0 0 0 0 0 0 0 0 0 39511716 0 0 0
ctxt 66869517
btime 1673080802
processes 111706
procs_running 1
procs_blocked 0
softirq 228098838 183797990 5914694 531651 9032945 119415 0 20009928 6821373 5 1870837

cpu  1542971 6672 2185993 103209371 34878 0 768429 0 0 0
cpu0 11901 1046 20939 26696547 11150 0 184866 0 0 0
cpu1 1502047 3224 2118688 23129606 3390 0 224078 0 0 0
cpu2 15784 2306 24472 26689781 8371 0 194233 0 0 0
cpu3 13237 94 21893 26693435 11966 0 165250 0 0 0
intr 2503640023 0 0 327830 75 0 145725 6148186 0 0 0 1634563 0 0 0 0 0 0 0 0 0 0 0 0 0 0 0 0 0 0 0 0 0 0 0 0 0 0 0 0 0 0 0 0 0 0 0 0 0 0 0 0 2285151652 0 0 0 0 0 0 0 0 48298 0 119452 0 0 0 0 0 0 0 0 0 0 0 167070775 1 0 0 0 0 0 0 0 0 0 0 0 0 0 0 0 0 0 0 0 0 0 0 113953 4213 0 0 0 0 3363099 0 0 0 0 0 0 0 0 0 0 0 0 0 0 0 0 0 0 0 0 0 0 0 0 0 0 0 0 0 0 0 0 0 0 0 0 0 0 0 0 0 0 0 0 0 0 0 0 0 0 0 0 0 0 0 0 0 0 0 0 0 0 0 0 0 0 0 0 0 0 0 0 0 0 0 39512202 0 0 0
ctxt 66870523
btime 1673080802
processes 111706
procs_running 1
procs_blocked 0
softirq 228099043 183798106 5914710 531651 9032948 119415 0 20009963 6821397 5 1870848

cpu  1542971 6672 2185996 103209565 34878 0 768429 0 0 0
cpu0 11901 1046 20939 26696597 11150 0 184866 0 0 0
cpu1 1502047 3224 2118690 23129652 3390 0 224078 0 0 0
cpu2 15784 2306 24472 26689831 8371 0 194233 0 0 0
cpu3 13237 94 21893 26693484 11966 0 165250 0 0 0
intr 2503644708 0 0 327834 75 0 145725 6148212 0 0 0 1634568 0 0 0 0 0 0 0 0 0 0 0 0 0 0 0 0 0 0 0 0 0 0 0 0 0 0 0 0 0 0 0 0 0 0 0 0 0 0 0 0 2285155656 0 0 0 0 0 0 0 0 48298 0 119452 0 0 0 0 0 0 0 0 0 0 0 167070903 1 0 0 0 0 0 0 0 0 0 0 0 0 0 0 0 0 0 0 0 0 0 0 113953 4213 0 0 0 0 3363121 0 0 0 0 0 0 0 0 0 0 0 0 0 0 0 0 0 0 0 0 0 0 0 0 0 0 0 0 0 0 0 0 0 0 0 0 0 0 0 0 0 0 0 0 0 0 0 0 0 0 0 0 0 0 0 0 0 0 0 0 0 0 0 0 0 0 0 0 0 0 0 0 0 0 0 39512698 0 0 0
ctxt 66871531
btime 1673080802
processes 111706
procs_running 1
procs_blocked 0
softirq 228099117 183798106 5914725 531651 9032949 119415 0 20009982 6821424 5 1870860

cpu  1542971 6672 2185997 103209758 34878 0 768429 0 0 0
cpu0 11901 1046 20939 26696646 11150 0 184866 0 0 0
cpu1 1502047 3224 2118692 23129697 3390 0 224078 0 0 0
cpu2 15784 2306 24472 26689880 8371 0 194233 0 0 0
cpu3 13237 94 21893 26693534 11966 0 165250 0 0 0
intr 2503649434 0 0 327838 75 0 145725 6148243 0 0 0 1634573 0 0 0 0 0 0 0 0 0 0 0 0 0 0 0 0 0 0 0 0 0 0 0 0 0 0 0 0 0 0 0 0 0 0 0 0 0 0 0 0 2285159674 0 0 0 0 0 0 0 0 48298 0 119452 0 0 0 0 0 0 0 0 0 0 0 167071057 1 0 0 0 0 0 0 0 0 0 0 0 0 0 0 0 0 0 0 0 0 0 0 113953 4213 0 0 0 0 3363143 0 0 0 0 0 0 0 0 0 0 0 0 0 0 0 0 0 0 0 0 0 0 0 0 0 0 0 0 0 0 0 0 0 0 0 0 0 0 0 0 0 0 0 0 0 0 0 0 0 0 0 0 0 0 0 0 0 0 0 0 0 0 0 0 0 0 0 0 0 0 0 0 0 0 0 39513190 0 0 0
ctxt 66872553
btime 1673080802
processes 111706
procs_running 1
procs_blocked 0
softirq 228099195 183798114 5914741 531651 9032950 119415 0 20010000 6821448 5 1870871

cpu  1542971 6672 2185999 103209952 34878 0 768429 0 0 0
cpu0 11901 1046 20939 26696695 11150 0 184866 0 0 0
cpu1 1502047 3224 2118694 23129743 3390 0 224078 0 0 0
cpu2 15784 2306 24472 26689929 8371 0 194233 0 0 0
cpu3 13237 94 21893 26693583 11966 0 165250 0 0 0
intr 2503654112 0 0 327839 75 0 145725 6148265 0 0 0 1634578 0 0 0 0 0 0 0 0 0 0 0 0 0 0 0 0 0 0 0 0 0 0 0 0 0 0 0 0 0 0 0 0 0 0 0 0 0 0 0 0 2285163678 0 0 0 0 0 0 0 0 48298 0 119452 0 0 0 0 0 0 0 0 0 0 0 167071183 1 0 0 0 0 0 0 0 0 0 0 0 0 0 0 0 0 0 0 0 0 0 0 113953 4213 0 0 0 0 3363165 0 0 0 0 0 0 0 0 0 0 0 0 0 0 0 0 0 0 0 0 0 0 0 0 0 0 0 0 0 0 0 0 0 0 0 0 0 0 0 0 0 0 0 0 0 0 0 0 0 0 0 0 0 0 0 0 0 0 0 0 0 0 0 0 0 0 0 0 0 0 0 0 0 0 0 39513688 0 0 0
ctxt 66873561
btime 1673080802
processes 111706
procs_running 1
procs_blocked 0
softirq 228099276 183798114 5914759 531651 9032951 119415 0 20010019 6821479 5 1870883

cpu  1542972 6672 2186001 103210145 34878 0 768429 0 0 0
cpu0 11901 1046 20939 26696744 11150 0 184866 0 0 0
cpu1 1502048 3224 2118695 23129789 3390 0 224078 0 0 0
cpu2 15784 2306 24472 26689978 8371 0 194233 0 0 0
cpu3 13237 94 21893 26693632 11966 0 165250 0 0 0
intr 2503658834 0 0 327839 75 0 145725 6148290 0 0 0 1634583 0 0 0 0 0 0 0 0 0 0 0 0 0 0 0 0 0 0 0 0 0 0 0 0 0 0 0 0 0 0 0 0 0 0 0 0 0 0 0 0 2285167705 0 0 0 0 0 0 0 0 48298 0 119452 0 0 0 0 0 0 0 0 0 0 0 167071337 1 0 0 0 0 0 0 0 0 0 0 0 0 0 0 0 0 0 0 0 0 0 0 113953 4213 0 0 0 0 3363187 0 0 0 0 0 0 0 0 0 0 0 0 0 0 0 0 0 0 0 0 0 0 0 0 0 0 0 0 0 0 0 0 0 0 0 0 0 0 0 0 0 0 0 0 0 0 0 0 0 0 0 0 0 0 0 0 0 0 0 0 0 0 0 0 0 0 0 0 0 0 0 0 0 0 0 39514178 0 0 0
ctxt 66874566
btime 1673080802
processes 111706
procs_running 1
procs_blocked 0
softirq 228099359 183798122 5914776 531652 9032952 119415 0 20010038 6821504 5 1870895
