cpu  1542625 6672 2185102 103118240 34878 0 768394 0 0 0
cpu0 11892 1046 20912 26673313 11150 0 184862 0 0 0
cpu1 1501736 3224 2117887 23108143 3390 0 224061 0 0 0
cpu2 15772 2306 24444 26666557 8371 0 194227 0 0 0
cpu3 13224 94 21858 26670225 11966 0 165242 0 0 0
intr 2501407478 0 0 326299 75 0 145488 6136612 0 0 0 1632269 0 0 0 0 0 0 0 0 0 0 0 0 0 0 0 0 0 0 0 0 0 0 0 0 0 0 0 0 0 0 0 0 0 0 0 0 0 0 0 0 2283249099 0 0 0 0 0 0 0 0 48226 0 119412 0 0 0 0 0 0 0 0 0 0 0 166993400 1 0 0 0 0 0 0 0 0 0 0 0 0 0 0 0 0 0 0 0 0 0 0 113913 4213 0 0 0 0 3355113 0 0 0 0 0 0 0 0 0 0 0 0 0 0 0 0 0 0 0 0 0 0 0 0 0 0 0 0 0 0 0 0 0 0 0 0 0 0 0 0 0 0 0 0 0 0 0 0 0 0 0 0 0 0 0 0 0 0 0 0 0 0 0 0 0 0 0 0 0 0 0 0 0 0 0 39283359 0 0 0
ctxt 66406203
btime 1673080802
processes 111551
procs_running 1
procs_blocked 0
softirq 228049604 183781699 5908119 531604 9032208 119375 0 19999704 6810174 5 1866716

cpu  1542626 6672 2185104 103118434 34878 0 768394 0 0 0
cpu0 11892 1046 20912 26673362 11150 0 184862 0 0 0
cpu1 1501737 3224 2117888 23108189 3390 0 224061 0 0 0
cpu2 15772 2306 24444 26666606 8371 0 194227 0 0 0
cpu3 13224 94 21859 26670274 11966 0 165242 0 0 0
intr 2501412161 0 0 326301 75 0 145488 6136639 0 0 0 1632273 0 0 0 0 0 0 0 0 0 0 0 0 0 0 0 0 0 0 0 0 0 0 0 0 0 0 0 0 0 0 0 0 0 0 0 0 0 0 0 0 2283253110 0 0 0 0 0 0 0 0 48226 0 119412 0 0 0 0 0 0 0 0 0 0 0 166993530 1 0 0 0 0 0 0 0 0 0 0 0 0 0 0 0 0 0 0 0 0 0 0 113913 4213 0 0 0 0 3355131 0 0 0 0 0 0 0 0 0 0 0 0 0 0 0 0 0 0 0 0 0 0 0 0 0 0 0 0 0 0 0 0 0 0 0 0 0 0 0 0 0 0 0 0 0 0 0 0 0 0 0 0 0 0 0 0 0 0 0 0 0 0 0 0 0 0 0 0 0 0 0 0 0 0 0 39283850 0 0 0
ctxt 66407189
btime 1673080802
processes 111551
procs_running 1
procs_blocked 0
softirq 228049669 183781699 5908132 531605 9032208 119375 0 19999718 6810202 5 1866725

cpu  1542628 6672 2185104 103118627 34878 0 768394 0 0 0
cpu0 11893 1046 20912 26673412 11150 0 184862 0 0 0
cpu1 1501738 3224 2117888 23108235 3390 0 224061 0 0 0
cpu2 15772 2306 24444 26666656 8371 0 194227 0 0 0
cpu3 13224 94 21859 26670323 11966 0 165242 0 0 0
intr 2501416931 0 0 326301 75 0 145488 6136688 0 0 0 1632278 0 0 0 0 0 0 0 0 0 0 0 0 0 0 0 0 0 0 0 0 0 0 0 0 0 0 0 0 0 0 0 0 0 0 0 0 0 0 0 0 2283257129 0 0 0 0 0 0 0 0 48226 0 119412 0 0 0 0 0 0 0 0 0 0 0 166993682 1 0 0 0 0 0 0 0 0 0 0 0 0 0 0 0 0 0 0 0 0 0 0 113913 4213 0 0 0 0 3355174 0 0 0 0 0 0 0 0 0 0 0 0 0 0 0 0 0 0 0 0 0 0 0 0 0 0 0 0 0 0 0 0 0 0 0 0 0 0 0 0 0 0 0 0 0 0 0 0 0 0 0 0 0 0 0 0 0 0 0 0 0 0 0 0 0 0 0 0 0 0 0 0 0 0 0 39284351 0 0 0
ctxt 66408245
btime 1673080802
processes 111551
procs_running 1
procs_blocked 0
softirq 228049777 183781707 5908153 531605 9032210 119375 0 19999753 6810232 5 1866737

cpu  1542628 6672 2185106 103118820 34878 0 768394 0 0 0
cpu0 11893 1046 20912 26673461 11150 0 184862 0 0 0
cpu1 1501738 3224 2117890 23108281 3390 0 224061 0 0 0
cpu2 15772 2306 24444 26666705 8371 0 194227 0 0 0
cpu3 13224 94 21859 26670373 11966 0 165242 0 0 0
intr 2501421600 0 0 326302 75 0 145488 6136714 0 0 0 1632283 0 0 0 0 0 0 0 0 0 0 0 0 0 0 0 0 0 0 0 0 0 0 0 0 0 0 0 0 0 0 0 0 0 0 0 0 0 0 0 0 2283261126 0 0 0 0 0 0 0 0 48226 0 119412 0 0 0 0 0 0 0 0 0 0 0 166993812 1 0 0 0 0 0 0 0 0 0 0 0 0 0 0 0 0 0 0 0 0 0 0 113913 4213 0 0 0 0 3355196 0 0 0 0 0 0 0 0 0 0 0 0 0 0 0 0 0 0 0 0 0 0 0 0 0 0 0 0 0 0 0 0 0 0 0 0 0 0 0 0 0 0 0 0 0 0 0 0 0 0 0 0 0 0 0 0 0 0 0 0 0 0 0 0 0 0 0 0 0 0 0 0 0 0 0 39284840 0 0 0
ctxt 66409240
btime 1673080802
processes 111551
procs_running 1
procs_blocked 0
softirq 228049847 183781707 5908168 531605 9032211 119375 0 19999771 6810257 5 1866748

cpu  1542629 6672 2185107 103119014 34878 0 768394 0 0 0
cpu0 11893 1046 20912 26673510 11150 0 184862 0 0 0
cpu1 1501740 3224 2117892 23108327 3390 0 224061 0 0 0
cpu2 15772 2306 24444 26666754 8371 0 194227 0 0 0
cpu3 13224 94 21859 26670422 11966 0 165242 0 0 0
intr 2501426329 0 0 326302 75 0 145488 6136747 0 0 0 1632288 0 0 0 0 0 0 0 0 0 0 0 0 0 0 0 0 0 0 0 0 0 0 0 0 0 0 0 0 0 0 0 0 0 0 0 0 0 0 0 0 2283265152 0 0 0 0 0 0 0 0 48226 0 119412 0 0 0 0 0 0 0 0 0 0 0 166993964 1 0 0 0 0 0 0 0 0 0 0 0 0 0 0 0 0 0 0 0 0 0 0 113913 4213 0 0 0 0 3355218 0 0 0 0 0 0 0 0 0 0 0 0 0 0 0 0 0 0 0 0 0 0 0 0 0 0 0 0 0 0 0 0 0 0 0 0 0 0 0 0 0 0 0 0 0 0 0 0 0 0 0 0 0 0 0 0 0 0 0 0 0 0 0 0 0 0 0 0 0 0 0 0 0 0 0 39285331 0 0 0
ctxt 66410254
btime 1673080802
processes 111551
procs_running 1
procs_blocked 0
softirq 228049931 183781715 5908183 531605 9032212 119375 0 19999790 6810287 5 1866759

cpu  1542630 6672 2185109 103119208 34878 0 768394 0 0 0
cpu0 11893 1046 20912 26673559 11150 0 184862 0 0 0
cpu1 1501740 3224 2117893 23108373 3390 0 224061 0 0 0
cpu2 15772 2306 24444 26666803 8371 0 194227 0 0 0
cpu3 13224 94 21859 26670471 11966 0 165242 0 0 0
intr 2501430994 0 0 326302 75 0 145488 6136774 0 0 0 1632293 0 0 0 0 0 0 0 0 0 0 0 0 0 0 0 0 0 0 0 0 0 0 0 0 0 0 0 0 0 0 0 0 0 0 0 0 0 0 0 0 2283269148 0 0 0 0 0 0 0 0 48226 0 119412 0 0 0 0 0 0 0 0 0 0 0 166994094 1 0 0 0 0 0 0 0 0 0 0 0 0 0 0 0 0 0 0 0 0 0 0 113913 4213 0 0 0 0 3355240 0 0 0 0 0 0 0 0 0 0 0 0 0 0 0 0 0 0 0 0 0 0 0 0 0 0 0 0 0 0 0 0 0 0 0 0 0 0 0 0 0 0 0 0 0 0 0 0 0 0 0 0 0 0 0 0 0 0 0 0 0 0 0 0 0 0 0 0 0 0 0 0 0 0 0 39285816 0 0 0
ctxt 66411241
btime 1673080802
processes 111551
procs_running 1
procs_blocked 0
softirq 228049996 183781715 5908194 531605 9032213 119375 0 19999808 6810310 5 1866771

cpu  1542630 6672 2185112 103119401 34878 0 768394 0 0 0
cpu0 11893 1046 20912 26673608 11150 0 184862 0 0 0
cpu1 1501740 3224 2117895 23108419 3390 0 224061 0 0 0
cpu2 15772 2306 24444 26666853 8371 0 194227 0 0 0
cpu3 13224 94 21859 26670521 11966 0 165243 0 0 0
intr 2501435718 0 0 326302 75 0 145488 6136803 0 0 0 1632298 0 0 0 0 0 0 0 0 0 0 0 0 0 0 0 0 0 0 0 0 0 0 0 0 0 0 0 0 0 0 0 0 0 0 0 0 0 0 0 0 2283273174 0 0 0 0 0 0 0 0 48226 0 119412 0 0 0 0 0 0 0 0 0 0 0 166994246 1 0 0 0 0 0 0 0 0 0 0 0 0 0 0 0 0 0 0 0 0 0 0 113913 4213 0 0 0 0 3355262 0 0 0 0 0 0 0 0 0 0 0 0 0 0 0 0 0 0 0 0 0 0 0 0 0 0 0 0 0 0 0 0 0 0 0 0 0 0 0 0 0 0 0 0 0 0 0 0 0 0 0 0 0 0 0 0 0 0 0 0 0 0 0 0 0 0 0 0 0 0 0 0 0 0 0 39286307 0 0 0
ctxt 66412254
btime 1673080802
processes 111551
procs_running 1
procs_blocked 0
softirq 228050079 183781723 5908210 531605 9032214 119375 0 19999827 6810337 5 1866783

cpu  1542630 6672 2185112 103119595 34878 0 768394 0 0 0
cpu0 11893 1046 20912 26673657 11150 0 184862 0 0 0
cpu1 1501740 3224 2117896 23108464 3390 0 224061 0 0 0
cpu2 15772 2306 24444 26666902 8371 0 194227 0 0 0
cpu3 13224 94 21860 26670570 11966 0 165243 0 0 0
intr 2501440387 0 0 326303 75 0 145488 6136826 0 0 0 1632303 0 0 0 0 0 0 0 0 0 0 0 0 0 0 0 0 0 0 0 0 0 0 0 0 0 0 0 0 0 0 0 0 0 0 0 0 0 0 0 0 2283277170 0 0 0 0 0 0 0 0 48226 0 119412 0 0 0 0 0 0 0 0 0 0 0 166994374 1 0 0 0 0 0 0 0 0 0 0 0 0 0 0 0 0 0 0 0 0 0 0 113913 4213 0 0 0 0 3355284 0 0 0 0 0 0 0 0 0 0 0 0 0 0 0 0 0 0 0 0 0 0 0 0 0 0 0 0 0 0 0 0 0 0 0 0 0 0 0 0 0 0 0 0 0 0 0 0 0 0 0 0 0 0 0 0 0 0 0 0 0 0 0 0 0 0 0 0 0 0 0 0 0 0 0 39286799 0 0 0
ctxt 66413239
btime 1673080802
processes 111551
procs_running 1
procs_blocked 0
softirq 228050153 183781723 5908225 531605 9032215 119375 0 19999845 6810365 5 1866795

cpu  1542630 6672 2185115 103119788 34878 0 768394 0 0 0
cpu0 11893 1046 20912 26673706 11150 0 184862 0 0 0
cpu1 1501740 3224 2117898 23108510 3390 0 224061 0 0 0
cpu2 15772 2306 24444 26666951 8371 0 194227 0 0 0
cpu3 13224 94 21860 26670619 11966 0 165243 0 0 0
intr 2501445111 0 0 326303 75 0 145488 6136856 0 0 0 1632308 0 0 0 0 0 0 0 0 0 0 0 0 0 0 0 0 0 0 0 0 0 0 0 0 0 0 0 0 0 0 0 0 0 0 0 0 0 0 0 0 2283281195 0 0 0 0 0 0 0 0 48226 0 119412 0 0 0 0 0 0 0 0 0 0 0 166994526 1 0 0 0 0 0 0 0 0 0 0 0 0 0 0 0 0 0 0 0 0 0 0 113913 4213 0 0 0 0 3355306 0 0 0 0 0 0 0 0 0 0 0 0 0 0 0 0 0 0 0 0 0 0 0 0 0 0 0 0 0 0 0 0 0 0 0 0 0 0 0 0 0 0 0 0 0 0 0 0 0 0 0 0 0 0 0 0 0 0 0 0 0 0 0 0 0 0 0 0 0 0 0 0 0 0 0 39287289 0 0 0
ctxt 66414249
btime 1673080802
processes 111551
procs_running 1
procs_blocked 0
softirq 228050234 183781731 5908241 531605 9032216 119375 0 19999864 6810391 5 1866806

cpu  1542631 6672 2185116 103119982 34878 0 768394 0 0 0
cpu0 11894 1046 20912 26673755 11150 0 184862 0 0 0
cpu1 1501740 3224 2117898 23108556 3390 0 224061 0 0 0
cpu2 15772 2306 24445 26667000 8371 0 194227 0 0 0
cpu3 13224 94 21860 26670669 11966 0 165243 0 0 0
intr 2501449778 0 0 326303 75 0 145488 6136885 0 0 0 1632313 0 0 0 0 0 0 0 0 0 0 0 0 0 0 0 0 0 0 0 0 0 0 0 0 0 0 0 0 0 0 0 0 0 0 0 0 0 0 0 0 2283285192 0 0 0 0 0 0 0 0 48226 0 119412 0 0 0 0 0 0 0 0 0 0 0 166994656 1 0 0 0 0 0 0 0 0 0 0 0 0 0 0 0 0 0 0 0 0 0 0 113913 4213 0 0 0 0 3355328 0 0 0 0 0 0 0 0 0 0 0 0 0 0 0 0 0 0 0 0 0 0 0 0 0 0 0 0 0 0 0 0 0 0 0 0 0 0 0 0 0 0 0 0 0 0 0 0 0 0 0 0 0 0 0 0 0 0 0 0 0 0 0 0 0 0 0 0 0 0 0 0 0 0 0 39287774 0 0 0
ctxt 66415242
btime 1673080802
processes 111551
procs_running 1
procs_blocked 0
softirq 228050298 183781731 5908254 531605 9032217 119375 0 19999882 6810412 5 1866817

cpu  1542631 6672 2185118 103120176 34878 0 768394 0 0 0
cpu0 11894 1046 20912 26673805 11150 0 184862 0 0 0
cpu1 1501740 3224 2117900 23108602 3390 0 224061 0 0 0
cpu2 15772 2306 24445 26667050 8371 0 194227 0 0 0
cpu3 13224 94 21860 26670718 11966 0 165243 0 0 0
intr 2501454514 0 0 326307 75 0 145488 6136916 0 0 0 1632318 0 0 0 0 0 0 0 0 0 0 0 0 0 0 0 0 0 0 0 0 0 0 0 0 0 0 0 0 0 0 0 0 0 0 0 0 0 0 0 0 2283289219 0 0 0 0 0 0 0 0 48226 0 119412 0 0 0 0 0 0 0 0 0 0 0 166994809 1 0 0 0 0 0 0 0 0 0 0 0 0 0 0 0 0 0 0 0 0 0 0 113913 4213 0 0 0 0 3355350 0 0 0 0 0 0 0 0 0 0 0 0 0 0 0 0 0 0 0 0 0 0 0 0 0 0 0 0 0 0 0 0 0 0 0 0 0 0 0 0 0 0 0 0 0 0 0 0 0 0 0 0 0 0 0 0 0 0 0 0 0 0 0 0 0 0 0 0 0 0 0 0 0 0 0 39288268 0 0 0
ctxt 66416262
btime 1673080802
processes 111551
procs_running 1
procs_blocked 0
softirq 228050379 183781740 5908269 531605 9032218 119375 0 19999902 6810437 5 1866828

cpu  1542632 6672 2185118 103120369 34878 0 768394 0 0 0
cpu0 11894 1046 20912 26673854 11150 0 184862 0 0 0
cpu1 1501740 3224 2117901 23108648 3390 0 224061 0 0 0
cpu2 15773 2306 24445 26667099 8371 0 194227 0 0 0
cpu3 13224 94 21860 26670767 11966 0 165243 0 0 0
intr 2501459193 0 0 326312 75 0 145488 6136945 0 0 0 1632323 0 0 0 0 0 0 0 0 0 0 0 0 0 0 0 0 0 0 0 0 0 0 0 0 0 0 0 0 0 0 0 0 0 0 0 0 0 0 0 0 2283293215 0 0 0 0 0 0 0 0 48226 0 119412 0 0 0 0 0 0 0 0 0 0 0 166994939 1 0 0 0 0 0 0 0 0 0 0 0 0 0 0 0 0 0 0 0 0 0 0 113913 4213 0 0 0 0 3355372 0 0 0 0 0 0 0 0 0 0 0 0 0 0 0 0 0 0 0 0 0 0 0 0 0 0 0 0 0 0 0 0 0 0 0 0 0 0 0 0 0 0 0 0 0 0 0 0 0 0 0 0 0 0 0 0 0 0 0 0 0 0 0 0 0 0 0 0 0 0 0 0 0 0 0 39288760 0 0 0
ctxt 66417255
btime 1673080802
processes 111551
procs_running 1
procs_blocked 0
softirq 228050450 183781740 5908285 531606 9032219 119375 0 19999920 6810462 5 1866838

cpu  1542632 6672 2185120 103120563 34878 0 768394 0 0 0
cpu0 11894 1046 20912 26673903 11150 0 184862 0 0 0
cpu1 1501740 3224 2117903 23108694 3390 0 224061 0 0 0
cpu2 15773 2306 24445 26667148 8371 0 194227 0 0 0
cpu3 13224 94 21860 26670816 11966 0 165243 0 0 0
intr 2501463919 0 0 326312 75 0 145488 6136975 0 0 0 1632328 0 0 0 0 0 0 0 0 0 0 0 0 0 0 0 0 0 0 0 0 0 0 0 0 0 0 0 0 0 0 0 0 0 0 0 0 0 0 0 0 2283297244 0 0 0 0 0 0 0 0 48226 0 119412 0 0 0 0 0 0 0 0 0 0 0 166995092 1 0 0 0 0 0 0 0 0 0 0 0 0 0 0 0 0 0 0 0 0 0 0 113913 4213 0 0 0 0 3355394 0 0 0 0 0 0 0 0 0 0 0 0 0 0 0 0 0 0 0 0 0 0 0 0 0 0 0 0 0 0 0 0 0 0 0 0 0 0 0 0 0 0 0 0 0 0 0 0 0 0 0 0 0 0 0 0 0 0 0 0 0 0 0 0 0 0 0 0 0 0 0 0 0 0 0 39289248 0 0 0
ctxt 66418271
btime 1673080802
processes 111551
procs_running 1
procs_blocked 0
softirq 228050528 183781748 5908299 531606 9032220 119375 0 19999940 6810486 5 1866849

cpu  1542633 6672 2185122 103120756 34878 0 768394 0 0 0
cpu0 11894 1046 20912 26673952 11150 0 184862 0 0 0
cpu1 1501741 3224 2117904 23108740 3390 0 224061 0 0 0
cpu2 15773 2306 24445 26667197 8371 0 194227 0 0 0
cpu3 13224 94 21860 26670866 11966 0 165243 0 0 0
intr 2501468587 0 0 326312 75 0 145488 6137005 0 0 0 1632333 0 0 0 0 0 0 0 0 0 0 0 0 0 0 0 0 0 0 0 0 0 0 0 0 0 0 0 0 0 0 0 0 0 0 0 0 0 0 0 0 2283301240 0 0 0 0 0 0 0 0 48226 0 119412 0 0 0 0 0 0 0 0 0 0 0 166995221 1 0 0 0 0 0 0 0 0 0 0 0 0 0 0 0 0 0 0 0 0 0 0 113913 4213 0 0 0 0 3355416 0 0 0 0 0 0 0 0 0 0 0 0 0 0 0 0 0 0 0 0 0 0 0 0 0 0 0 0 0 0 0 0 0 0 0 0 0 0 0 0 0 0 0 0 0 0 0 0 0 0 0 0 0 0 0 0 0 0 0 0 0 0 0 0 0 0 0 0 0 0 0 0 0 0 0 39289733 0 0 0
ctxt 66419265
btime 1673080802
processes 111551
procs_running 1
procs_blocked 0
softirq 228050593 183781748 5908312 531606 9032221 119375 0 19999958 6810508 5 1866860

cpu  1542634 6672 2185124 103120950 34878 0 768394 0 0 0
cpu0 11894 1046 20912 26674001 11150 0 184862 0 0 0
cpu1 1501742 3224 2117907 23108786 3390 0 224061 0 0 0
cpu2 15773 2306 24445 26667247 8371 0 194227 0 0 0
cpu3 13224 94 21860 26670915 11966 0 165243 0 0 0
intr 2501473328 0 0 326312 75 0 145488 6137039 0 0 0 1632338 0 0 0 0 0 0 0 0 0 0 0 0 0 0 0 0 0 0 0 0 0 0 0 0 0 0 0 0 0 0 0 0 0 0 0 0 0 0 0 0 2283305270 0 0 0 0 0 0 0 0 48226 0 119412 0 0 0 0 0 0 0 0 0 0 0 166995375 1 0 0 0 0 0 0 0 0 0 0 0 0 0 0 0 0 0 0 0 0 0 0 113913 4213 0 0 0 0 3355438 0 0 0 0 0 0 0 0 0 0 0 0 0 0 0 0 0 0 0 0 0 0 0 0 0 0 0 0 0 0 0 0 0 0 0 0 0 0 0 0 0 0 0 0 0 0 0 0 0 0 0 0 0 0 0 0 0 0 0 0 0 0 0 0 0 0 0 0 0 0 0 0 0 0 0 39290231 0 0 0
ctxt 66420285
btime 1673080802
processes 111551
procs_running 2
procs_blocked 0
softirq 228050682 183781756 5908329 531606 9032222 119375 0 19999979 6810539 5 1866871

cpu  1542635 6672 2185127 103121143 34878 0 768394 0 0 0
cpu0 11894 1046 20912 26674050 11150 0 184862 0 0 0
cpu1 1501743 3224 2117909 23108831 3390 0 224061 0 0 0
cpu2 15773 2306 24445 26667296 8371 0 194227 0 0 0
cpu3 13224 94 21860 26670964 11966 0 165243 0 0 0
intr 2501478005 0 0 326313 75 0 145488 6137070 0 0 0 1632343 0 0 0 0 0 0 0 0 0 0 0 0 0 0 0 0 0 0 0 0 0 0 0 0 0 0 0 0 0 0 0 0 0 0 0 0 0 0 0 0 2283309266 0 0 0 0 0 0 0 0 48226 0 119412 0 0 0 0 0 0 0 0 0 0 0 166995503 1 0 0 0 0 0 0 0 0 0 0 0 0 0 0 0 0 0 0 0 0 0 0 113913 4213 0 0 0 0 3355460 0 0 0 0 0 0 0 0 0 0 0 0 0 0 0 0 0 0 0 0 0 0 0 0 0 0 0 0 0 0 0 0 0 0 0 0 0 0 0 0 0 0 0 0 0 0 0 0 0 0 0 0 0 0 0 0 0 0 0 0 0 0 0 0 0 0 0 0 0 0 0 0 0 0 0 39290723 0 0 0
ctxt 66421284
btime 1673080802
processes 111551
procs_running 1
procs_blocked 0
softirq 228050750 183781756 5908343 531606 9032223 119375 0 19999997 6810563 5 1866882

cpu  1542636 6672 2185130 103121337 34878 0 768394 0 0 0
cpu0 11894 1046 20912 26674099 11150 0 184862 0 0 0
cpu1 1501743 3224 2117911 23108877 3390 0 224061 0 0 0
cpu2 15774 2306 24445 26667345 8371 0 194227 0 0 0
cpu3 13224 94 21860 26671014 11966 0 165243 0 0 0
intr 2501482683 0 0 326313 75 0 145488 6137101 0 0 0 1632348 0 0 0 0 0 0 0 0 0 0 0 0 0 0 0 0 0 0 0 0 0 0 0 0 0 0 0 0 0 0 0 0 0 0 0 0 0 0 0 0 2283313267 0 0 0 0 0 0 0 0 48226 0 119412 0 0 0 0 0 0 0 0 0 0 0 166995631 1 0 0 0 0 0 0 0 0 0 0 0 0 0 0 0 0 0 0 0 0 0 0 113913 4213 0 0 0 0 3355482 0 0 0 0 0 0 0 0 0 0 0 0 0 0 0 0 0 0 0 0 0 0 0 0 0 0 0 0 0 0 0 0 0 0 0 0 0 0 0 0 0 0 0 0 0 0 0 0 0 0 0 0 0 0 0 0 0 0 0 0 0 0 0 0 0 0 0 0 0 0 0 0 0 0 0 39291213 0 0 0
ctxt 66422281
btime 1673080802
processes 111551
procs_running 1
procs_blocked 0
softirq 228050823 183781756 5908360 531606 9032224 119375 0 20000016 6810589 5 1866892

cpu  1542636 6672 2185132 103121530 34878 0 768394 0 0 0
cpu0 11894 1046 20912 26674148 11150 0 184862 0 0 0
cpu1 1501743 3224 2117913 23108923 3390 0 224061 0 0 0
cpu2 15774 2306 24446 26667394 8371 0 194227 0 0 0
cpu3 13224 94 21861 26671063 11966 0 165243 0 0 0
intr 2501487475 0 0 326317 75 0 145488 6137158 0 0 0 1632353 0 0 0 0 0 0 0 0 0 0 0 0 0 0 0 0 0 0 0 0 0 0 0 0 0 0 0 0 0 0 0 0 0 0 0 0 0 0 0 0 2283317288 0 0 0 0 0 0 0 0 48226 0 119412 0 0 0 0 0 0 0 0 0 0 0 166995785 1 0 0 0 0 0 0 0 0 0 0 0 0 0 0 0 0 0 0 0 0 0 0 113913 4213 0 0 0 0 3355528 0 0 0 0 0 0 0 0 0 0 0 0 0 0 0 0 0 0 0 0 0 0 0 0 0 0 0 0 0 0 0 0 0 0 0 0 0 0 0 0 0 0 0 0 0 0 0 0 0 0 0 0 0 0 0 0 0 0 0 0 0 0 0 0 0 0 0 0 0 0 0 0 0 0 0 39291719 0 0 0
ctxt 66423355
btime 1673080802
processes 111551
procs_running 1
procs_blocked 0
softirq 228050941 183781764 5908382 531606 9032226 119375 0 20000053 6810621 5 1866909

cpu  1542636 6672 2185134 103121724 34878 0 768395 0 0 0
cpu0 11894 1046 20912 26674197 11150 0 184862 0 0 0
cpu1 1501743 3224 2117915 23108969 3390 0 224061 0 0 0
cpu2 15774 2306 24446 26667444 8371 0 194227 0 0 0
cpu3 13224 94 21861 26671112 11966 0 165243 0 0 0
intr 2501492163 0 0 326317 75 0 145488 6137187 0 0 0 1632358 0 0 0 0 0 0 0 0 0 0 0 0 0 0 0 0 0 0 0 0 0 0 0 0 0 0 0 0 0 0 0 0 0 0 0 0 0 0 0 0 2283321293 0 0 0 0 0 0 0 0 48226 0 119412 0 0 0 0 0 0 0 0 0 0 0 166995914 1 0 0 0 0 0 0 0 0 0 0 0 0 0 0 0 0 0 0 0 0 0 0 113913 4213 0 0 0 0 3355554 0 0 0 0 0 0 0 0 0 0 0 0 0 0 0 0 0 0 0 0 0 0 0 0 0 0 0 0 0 0 0 0 0 0 0 0 0 0 0 0 0 0 0 0 0 0 0 0 0 0 0 0 0 0 0 0 0 0 0 0 0 0 0 0 0 0 0 0 0 0 0 0 0 0 0 39292214 0 0 0
ctxt 66424357
btime 1673080802
processes 111551
procs_running 1
procs_blocked 0
softirq 228051022 183781764 5908398 531606 9032227 119375 0 20000074 6810652 5 1866921

cpu  1542636 6672 2185137 103121917 34878 0 768395 0 0 0
cpu0 11894 1046 20912 26674247 11150 0 184862 0 0 0
cpu1 1501743 3224 2117917 23109015 3390 0 224061 0 0 0
cpu2 15774 2306 24446 26667493 8371 0 194227 0 0 0
cpu3 13224 94 21861 26671161 11966 0 165243 0 0 0
intr 2501496909 0 0 326322 75 0 145488 6137222 0 0 0 1632363 0 0 0 0 0 0 0 0 0 0 0 0 0 0 0 0 0 0 0 0 0 0 0 0 0 0 0 0 0 0 0 0 0 0 0 0 0 0 0 0 2283325313 0 0 0 0 0 0 0 0 48226 0 119412 0 0 0 0 0 0 0 0 0 0 0 166996067 1 0 0 0 0 0 0 0 0 0 0 0 0 0 0 0 0 0 0 0 0 0 0 113913 4213 0 0 0 0 3355576 0 0 0 0 0 0 0 0 0 0 0 0 0 0 0 0 0 0 0 0 0 0 0 0 0 0 0 0 0 0 0 0 0 0 0 0 0 0 0 0 0 0 0 0 0 0 0 0 0 0 0 0 0 0 0 0 0 0 0 0 0 0 0 0 0 0 0 0 0 0 0 0 0 0 0 39292719 0 0 0
ctxt 66425389
btime 1673080802
processes 111551
procs_running 1
procs_blocked 0
softirq 228051109 183781772 5908416 531606 9032228 119375 0 20000092 6810682 5 1866933

cpu  1542636 6672 2185139 103122111 34878 0 768395 0 0 0
cpu0 11894 1046 20912 26674296 11150 0 184862 0 0 0
cpu1 1501743 3224 2117918 23109061 3390 0 224061 0 0 0
cpu2 15774 2306 24447 26667542 8371 0 194227 0 0 0
cpu3 13224 94 21861 26671211 11966 0 165243 0 0 0
intr 2501501584 0 0 326322 75 0 145488 6137248 0 0 0 1632368 0 0 0 0 0 0 0 0 0 0 0 0 0 0 0 0 0 0 0 0 0 0 0 0 0 0 0 0 0 0 0 0 0 0 0 0 0 0 0 0 2283329317 0 0 0 0 0 0 0 0 48226 0 119412 0 0 0 0 0 0 0 0 0 0 0 166996197 1 0 0 0 0 0 0 0 0 0 0 0 0 0 0 0 0 0 0 0 0 0 0 113913 4213 0 0 0 0 3355598 0 0 0 0 0 0 0 0 0 0 0 0 0 0 0 0 0 0 0 0 0 0 0 0 0 0 0 0 0 0 0 0 0 0 0 0 0 0 0 0 0 0 0 0 0 0 0 0 0 0 0 0 0 0 0 0 0 0 0 0 0 0 0 0 0 0 0 0 0 0 0 0 0 0 0 39293208 0 0 0
ctxt 66426389
btime 1673080802
processes 111551
procs_running 1
procs_blocked 0
softirq 228051182 183781772 5908433 531606 9032229 119375 0 20000111 6810706 5 1866945

cpu  1542636 6672 2185140 103122304 34878 0 768395 0 0 0
cpu0 11894 1046 20912 26674345 11150 0 184862 0 0 0
cpu1 1501743 3224 2117920 23109106 3390 0 224061 0 0 0
cpu2 15774 2306 24447 26667591 8371 0 194227 0 0 0
cpu3 13224 94 21861 26671260 11966 0 165244 0 0 0
intr 2501506345 0 0 326322 75 0 145488 6137293 0 0 0 1632373 0 0 0 0 0 0 0 0 0 0 0 0 0 0 0 0 0 0 0 0 0 0 0 0 0 0 0 0 0 0 0 0 0 0 0 0 0 0 0 0 2283333337 0 0 0 0 0 0 0 0 48226 0 119412 0 0 0 0 0 0 0 0 0 0 0 166996349 1 0 0 0 0 0 0 0 0 0 0 0 0 0 0 0 0 0 0 0 0 0 0 113913 4213 0 0 0 0 3355635 0 0 0 0 0 0 0 0 0 0 0 0 0 0 0 0 0 0 0 0 0 0 0 0 0 0 0 0 0 0 0 0 0 0 0 0 0 0 0 0 0 0 0 0 0 0 0 0 0 0 0 0 0 0 0 0 0 0 0 0 0 0 0 0 0 0 0 0 0 0 0 0 0 0 0 39293709 0 0 0
ctxt 66427442
btime 1673080802
processes 111551
procs_running 1
procs_blocked 0
softirq 228051293 183781780 5908453 531607 9032231 119375 0 20000141 6810738 5 1866963

cpu  1542639 6672 2185147 103122490 34878 0 768395 0 0 0
cpu0 11895 1046 20913 26674392 11150 0 184862 0 0 0
cpu1 1501743 3224 2117922 23109152 3390 0 224061 0 0 0
cpu2 15774 2306 24448 26667639 8371 0 194227 0 0 0
cpu3 13225 94 21863 26671306 11966 0 165244 0 0 0
intr 2501511187 0 0 326328 75 0 145501 6137362 0 0 0 1632378 0 0 0 0 0 0 0 0 0 0 0 0 0 0 0 0 0 0 0 0 0 0 0 0 0 0 0 0 0 0 0 0 0 0 0 0 0 0 0 0 2283337341 0 0 0 0 0 0 0 0 48226 0 119412 0 0 0 0 0 0 0 0 0 0 0 166996479 1 0 0 0 0 0 0 0 0 0 0 0 0 0 0 0 0 0 0 0 0 0 0 113913 4213 0 0 0 0 3355669 0 0 0 0 0 0 0 0 0 0 0 0 0 0 0 0 0 0 0 0 0 0 0 0 0 0 0 0 0 0 0 0 0 0 0 0 0 0 0 0 0 0 0 0 0 0 0 0 0 0 0 0 0 0 0 0 0 0 0 0 0 0 0 0 0 0 0 0 0 0 0 0 0 0 0 39294290 0 0 0
ctxt 66428578
btime 1673080802
processes 111562
procs_running 1
procs_blocked 0
softirq 228051499 183781780 5908486 531607 9032234 119375 0 20000168 6810812 5 1867032

cpu  1542639 6672 2185150 103122683 34878 0 768395 0 0 0
cpu0 11895 1046 20913 26674441 11150 0 184862 0 0 0
cpu1 1501744 3224 2117924 23109197 3390 0 224061 0 0 0
cpu2 15774 2306 24449 26667688 8371 0 194227 0 0 0
cpu3 13225 94 21863 26671355 11966 0 165244 0 0 0
intr 2501515950 0 0 326333 75 0 145501 6137404 0 0 0 1632383 0 0 0 0 0 0 0 0 0 0 0 0 0 0 0 0 0 0 0 0 0 0 0 0 0 0 0 0 0 0 0 0 0 0 0 0 0 0 0 0 2283341366 0 0 0 0 0 0 0 0 48226 0 119412 0 0 0 0 0 0 0 0 0 0 0 166996631 1 0 0 0 0 0 0 0 0 0 0 0 0 0 0 0 0 0 0 0 0 0 0 113913 4213 0 0 0 0 3355698 0 0 0 0 0 0 0 0 0 0 0 0 0 0 0 0 0 0 0 0 0 0 0 0 0 0 0 0 0 0 0 0 0 0 0 0 0 0 0 0 0 0 0 0 0 0 0 0 0 0 0 0 0 0 0 0 0 0 0 0 0 0 0 0 0 0 0 0 0 0 0 0 0 0 0 39294795 0 0 0
ctxt 66429631
btime 1673080802
processes 111562
procs_running 1
procs_blocked 0
softirq 228051604 183781788 5908507 531607 9032235 119375 0 20000194 6810844 5 1867049

cpu  1542640 6672 2185153 103122877 34878 0 768395 0 0 0
cpu0 11895 1046 20913 26674491 11150 0 184862 0 0 0
cpu1 1501744 3224 2117926 23109243 3390 0 224061 0 0 0
cpu2 15775 2306 24449 26667736 8371 0 194227 0 0 0
cpu3 13225 94 21864 26671405 11966 0 165244 0 0 0
intr 2501520627 0 0 326333 75 0 145501 6137428 0 0 0 1632388 0 0 0 0 0 0 0 0 0 0 0 0 0 0 0 0 0 0 0 0 0 0 0 0 0 0 0 0 0 0 0 0 0 0 0 0 0 0 0 0 2283345361 0 0 0 0 0 0 0 0 48226 0 119412 0 0 0 0 0 0 0 0 0 0 0 166996759 1 0 0 0 0 0 0 0 0 0 0 0 0 0 0 0 0 0 0 0 0 0 0 113913 4213 0 0 0 0 3355726 0 0 0 0 0 0 0 0 0 0 0 0 0 0 0 0 0 0 0 0 0 0 0 0 0 0 0 0 0 0 0 0 0 0 0 0 0 0 0 0 0 0 0 0 0 0 0 0 0 0 0 0 0 0 0 0 0 0 0 0 0 0 0 0 0 0 0 0 0 0 0 0 0 0 0 39295291 0 0 0
ctxt 66430633
btime 1673080802
processes 111562
procs_running 1
procs_blocked 0
softirq 228051689 183781788 5908525 531607 9032237 119375 0 20000216 6810875 5 1867061

cpu  1542641 6672 2185156 103123067 34878 0 768395 0 0 0
cpu0 11895 1046 20913 26674539 11150 0 184862 0 0 0
cpu1 1501745 3224 2117928 23109287 3390 0 224061 0 0 0
cpu2 15775 2306 24450 26667786 8371 0 194227 0 0 0
cpu3 13225 94 21864 26671454 11966 0 165244 0 0 0
intr 2501525650 0 0 326341 75 0 145501 6137458 0 0 0 1632393 0 0 0 0 0 0 0 0 0 0 0 0 0 0 0 0 0 0 0 0 0 0 0 0 0 0 0 0 0 0 0 0 0 0 0 0 0 0 0 0 2283349540 0 0 0 0 0 0 0 0 48226 0 119412 0 0 0 0 0 0 0 0 0 0 0 166997062 1 0 0 0 0 0 0 0 0 0 0 0 0 0 0 0 0 0 0 0 0 0 0 113913 4213 0 0 0 0 3355745 0 0 0 0 0 0 0 0 0 0 0 0 0 0 0 0 0 0 0 0 0 0 0 0 0 0 0 0 0 0 0 0 0 0 0 0 0 0 0 0 0 0 0 0 0 0 0 0 0 0 0 0 0 0 0 0 0 0 0 0 0 0 0 0 0 0 0 0 0 0 0 0 0 0 0 39295770 0 0 0
ctxt 66431616
btime 1673080802
processes 111562
procs_running 1
procs_blocked 0
softirq 228052005 183781991 5908542 531607 9032242 119375 0 20000269 6810902 5 1867072

cpu  1542642 6672 2185158 103123259 34878 0 768396 0 0 0
cpu0 11895 1046 20913 26674589 11150 0 184862 0 0 0
cpu1 1501746 3224 2117931 23109331 3390 0 224062 0 0 0
cpu2 15775 2306 24450 26667835 8371 0 194227 0 0 0
cpu3 13225 94 21864 26671503 11966 0 165244 0 0 0
intr 2501530482 0 0 326347 75 0 145501 6137487 0 0 0 1632398 0 0 0 0 0 0 0 0 0 0 0 0 0 0 0 0 0 0 0 0 0 0 0 0 0 0 0 0 0 0 0 0 0 0 0 0 0 0 0 0 2283353614 0 0 0 0 0 0 0 0 48226 0 119412 0 0 0 0 0 0 0 0 0 0 0 166997265 1 0 0 0 0 0 0 0 0 0 0 0 0 0 0 0 0 0 0 0 0 0 0 113913 4213 0 0 0 0 3355769 0 0 0 0 0 0 0 0 0 0 0 0 0 0 0 0 0 0 0 0 0 0 0 0 0 0 0 0 0 0 0 0 0 0 0 0 0 0 0 0 0 0 0 0 0 0 0 0 0 0 0 0 0 0 0 0 0 0 0 0 0 0 0 0 0 0 0 0 0 0 0 0 0 0 0 39296262 0 0 0
ctxt 66432604
btime 1673080802
processes 111562
procs_running 1
procs_blocked 0
softirq 228052217 183782095 5908558 531607 9032246 119375 0 20000310 6810936 5 1867085

cpu  1542644 6672 2185159 103123451 34878 0 768397 0 0 0
cpu0 11895 1046 20913 26674638 11150 0 184862 0 0 0
cpu1 1501748 3224 2117932 23109376 3390 0 224062 0 0 0
cpu2 15775 2306 24450 26667884 8371 0 194227 0 0 0
cpu3 13225 94 21864 26671552 11966 0 165244 0 0 0
intr 2501535368 0 0 326354 75 0 145501 6137523 0 0 0 1632403 0 0 0 0 0 0 0 0 0 0 0 0 0 0 0 0 0 0 0 0 0 0 0 0 0 0 0 0 0 0 0 0 0 0 0 0 0 0 0 0 2283357712 0 0 0 0 0 0 0 0 48226 0 119412 0 0 0 0 0 0 0 0 0 0 0 166997493 1 0 0 0 0 0 0 0 0 0 0 0 0 0 0 0 0 0 0 0 0 0 0 113913 4213 0 0 0 0 3355791 0 0 0 0 0 0 0 0 0 0 0 0 0 0 0 0 0 0 0 0 0 0 0 0 0 0 0 0 0 0 0 0 0 0 0 0 0 0 0 0 0 0 0 0 0 0 0 0 0 0 0 0 0 0 0 0 0 0 0 0 0 0 0 0 0 0 0 0 0 0 0 0 0 0 0 39296752 0 0 0
ctxt 66433609
btime 1673080802
processes 111562
procs_running 1
procs_blocked 0
softirq 228052397 183782175 5908575 531607 9032249 119375 0 20000351 6810963 5 1867097

cpu  1542646 6672 2185160 103123643 34878 0 768397 0 0 0
cpu0 11895 1046 20913 26674687 11150 0 184862 0 0 0
cpu1 1501750 3224 2117933 23109420 3390 0 224062 0 0 0
cpu2 15775 2306 24450 26667933 8371 0 194227 0 0 0
cpu3 13225 94 21864 26671601 11966 0 165244 0 0 0
intr 2501540224 0 0 326362 75 0 145501 6137565 0 0 0 1632408 0 0 0 0 0 0 0 0 0 0 0 0 0 0 0 0 0 0 0 0 0 0 0 0 0 0 0 0 0 0 0 0 0 0 0 0 0 0 0 0 2283361790 0 0 0 0 0 0 0 0 48226 0 119412 0 0 0 0 0 0 0 0 0 0 0 166997694 1 0 0 0 0 0 0 0 0 0 0 0 0 0 0 0 0 0 0 0 0 0 0 113913 4213 0 0 0 0 3355822 0 0 0 0 0 0 0 0 0 0 0 0 0 0 0 0 0 0 0 0 0 0 0 0 0 0 0 0 0 0 0 0 0 0 0 0 0 0 0 0 0 0 0 0 0 0 0 0 0 0 0 0 0 0 0 0 0 0 0 0 0 0 0 0 0 0 0 0 0 0 0 0 0 0 0 39297243 0 0 0
ctxt 66434608
btime 1673080802
processes 111562
procs_running 1
procs_blocked 0
softirq 228052594 183782252 5908593 531607 9032252 119375 0 20000409 6810993 5 1867108

cpu  1542648 6672 2185162 103123836 34878 0 768398 0 0 0
cpu0 11895 1046 20913 26674737 11150 0 184862 0 0 0
cpu1 1501752 3224 2117934 23109465 3390 0 224062 0 0 0
cpu2 15775 2306 24450 26667982 8371 0 194227 0 0 0
cpu3 13225 94 21864 26671650 11966 0 165244 0 0 0
intr 2501545117 0 0 326370 75 0 145501 6137604 0 0 0 1632413 0 0 0 0 0 0 0 0 0 0 0 0 0 0 0 0 0 0 0 0 0 0 0 0 0 0 0 0 0 0 0 0 0 0 0 0 0 0 0 0 2283365892 0 0 0 0 0 0 0 0 48226 0 119412 0 0 0 0 0 0 0 0 0 0 0 166997923 1 0 0 0 0 0 0 0 0 0 0 0 0 0 0 0 0 0 0 0 0 0 0 113913 4213 0 0 0 0 3355844 0 0 0 0 0 0 0 0 0 0 0 0 0 0 0 0 0 0 0 0 0 0 0 0 0 0 0 0 0 0 0 0 0 0 0 0 0 0 0 0 0 0 0 0 0 0 0 0 0 0 0 0 0 0 0 0 0 0 0 0 0 0 0 0 0 0 0 0 0 0 0 0 0 0 0 39297731 0 0 0
ctxt 66435609
btime 1673080802
processes 111562
procs_running 1
procs_blocked 0
softirq 228052777 183782337 5908610 531607 9032255 119375 0 20000447 6811021 5 1867120

cpu  1542650 6672 2185164 103124028 34878 0 768398 0 0 0
cpu0 11895 1046 20913 26674786 11150 0 184862 0 0 0
cpu1 1501754 3224 2117936 23109510 3390 0 224062 0 0 0
cpu2 15775 2306 24450 26668031 8371 0 194228 0 0 0
cpu3 13225 94 21864 26671699 11966 0 165244 0 0 0
intr 2501549933 0 0 326374 75 0 145501 6137630 0 0 0 1632418 0 0 0 0 0 0 0 0 0 0 0 0 0 0 0 0 0 0 0 0 0 0 0 0 0 0 0 0 0 0 0 0 0 0 0 0 0 0 0 0 2283369962 0 0 0 0 0 0 0 0 48226 0 119412 0 0 0 0 0 0 0 0 0 0 0 166998125 1 0 0 0 0 0 0 0 0 0 0 0 0 0 0 0 0 0 0 0 0 0 0 113913 4213 0 0 0 0 3355866 0 0 0 0 0 0 0 0 0 0 0 0 0 0 0 0 0 0 0 0 0 0 0 0 0 0 0 0 0 0 0 0 0 0 0 0 0 0 0 0 0 0 0 0 0 0 0 0 0 0 0 0 0 0 0 0 0 0 0 0 0 0 0 0 0 0 0 0 0 0 0 0 0 0 0 39298219 0 0 0
ctxt 66436591
btime 1673080802
processes 111562
procs_running 1
procs_blocked 0
softirq 228052939 183782392 5908625 531607 9032258 119375 0 20000493 6811052 5 1867132

cpu  1542652 6672 2185166 103124218 34878 0 768399 0 0 0
cpu0 11895 1046 20913 26674835 11150 0 184862 0 0 0
cpu1 1501756 3224 2117937 23109553 3390 0 224063 0 0 0
cpu2 15775 2306 24451 26668080 8371 0 194228 0 0 0
cpu3 13225 94 21864 26671748 11966 0 165244 0 0 0
intr 2501554987 0 0 326381 75 0 145503 6137670 0 0 0 1632423 0 0 0 0 0 0 0 0 0 0 0 0 0 0 0 0 0 0 0 0 0 0 0 0 0 0 0 0 0 0 0 0 0 0 0 0 0 0 0 0 2283374136 0 0 0 0 0 0 0 0 48226 0 119412 0 0 0 0 0 0 0 0 0 0 0 166998427 1 0 0 0 0 0 0 0 0 0 0 0 0 0 0 0 0 0 0 0 0 0 0 113913 4213 0 0 0 0 3355892 0 0 0 0 0 0 0 0 0 0 0 0 0 0 0 0 0 0 0 0 0 0 0 0 0 0 0 0 0 0 0 0 0 0 0 0 0 0 0 0 0 0 0 0 0 0 0 0 0 0 0 0 0 0 0 0 0 0 0 0 0 0 0 0 0 0 0 0 0 0 0 0 0 0 0 39298715 0 0 0
ctxt 66437602
btime 1673080802
processes 111562
procs_running 2
procs_blocked 0
softirq 228053296 183782606 5908647 531608 9032263 119375 0 20000554 6811090 5 1867148

cpu  1542654 6672 2185168 103124411 34878 0 768400 0 0 0
cpu0 11895 1046 20913 26674884 11150 0 184862 0 0 0
cpu1 1501758 3224 2117939 23109599 3390 0 224063 0 0 0
cpu2 15775 2306 24451 26668129 8371 0 194228 0 0 0
cpu3 13225 94 21864 26671797 11966 0 165245 0 0 0
intr 2501559825 0 0 326389 75 0 145503 6137703 0 0 0 1632428 0 0 0 0 0 0 0 0 0 0 0 0 0 0 0 0 0 0 0 0 0 0 0 0 0 0 0 0 0 0 0 0 0 0 0 0 0 0 0 0 2283378212 0 0 0 0 0 0 0 0 48226 0 119412 0 0 0 0 0 0 0 0 0 0 0 166998630 1 0 0 0 0 0 0 0 0 0 0 0 0 0 0 0 0 0 0 0 0 0 0 113913 4213 0 0 0 0 3355914 0 0 0 0 0 0 0 0 0 0 0 0 0 0 0 0 0 0 0 0 0 0 0 0 0 0 0 0 0 0 0 0 0 0 0 0 0 0 0 0 0 0 0 0 0 0 0 0 0 0 0 0 0 0 0 0 0 0 0 0 0 0 0 0 0 0 0 0 0 0 0 0 0 0 0 39299207 0 0 0
ctxt 66438603
btime 1673080802
processes 111562
procs_running 2
procs_blocked 0
softirq 228053507 183782721 5908665 531608 9032266 119375 0 20000590 6811118 5 1867159

cpu  1542655 6672 2185170 103124603 34878 0 768400 0 0 0
cpu0 11895 1046 20913 26674933 11150 0 184862 0 0 0
cpu1 1501759 3224 2117941 23109643 3390 0 224063 0 0 0
cpu2 15775 2306 24451 26668179 8371 0 194228 0 0 0
cpu3 13225 94 21864 26671846 11966 0 165245 0 0 0
intr 2501564710 0 0 326395 75 0 145503 6137734 0 0 0 1632433 0 0 0 0 0 0 0 0 0 0 0 0 0 0 0 0 0 0 0 0 0 0 0 0 0 0 0 0 0 0 0 0 0 0 0 0 0 0 0 0 2283382313 0 0 0 0 0 0 0 0 48226 0 119412 0 0 0 0 0 0 0 0 0 0 0 166998858 1 0 0 0 0 0 0 0 0 0 0 0 0 0 0 0 0 0 0 0 0 0 0 113913 4213 0 0 0 0 3355936 0 0 0 0 0 0 0 0 0 0 0 0 0 0 0 0 0 0 0 0 0 0 0 0 0 0 0 0 0 0 0 0 0 0 0 0 0 0 0 0 0 0 0 0 0 0 0 0 0 0 0 0 0 0 0 0 0 0 0 0 0 0 0 0 0 0 0 0 0 0 0 0 0 0 0 39299699 0 0 0
ctxt 66439611
btime 1673080802
processes 111562
procs_running 1
procs_blocked 0
softirq 228053715 183782829 5908682 531608 9032269 119375 0 20000625 6811150 5 1867172

cpu  1542658 6672 2185172 103124795 34878 0 768400 0 0 0
cpu0 11895 1046 20913 26674982 11150 0 184862 0 0 0
cpu1 1501761 3224 2117942 23109688 3390 0 224063 0 0 0
cpu2 15775 2306 24451 26668228 8371 0 194228 0 0 0
cpu3 13225 94 21865 26671895 11966 0 165245 0 0 0
intr 2501569547 0 0 326403 75 0 145503 6137770 0 0 0 1632438 0 0 0 0 0 0 0 0 0 0 0 0 0 0 0 0 0 0 0 0 0 0 0 0 0 0 0 0 0 0 0 0 0 0 0 0 0 0 0 0 2283386383 0 0 0 0 0 0 0 0 48226 0 119412 0 0 0 0 0 0 0 0 0 0 0 166999061 1 0 0 0 0 0 0 0 0 0 0 0 0 0 0 0 0 0 0 0 0 0 0 113913 4213 0 0 0 0 3355958 0 0 0 0 0 0 0 0 0 0 0 0 0 0 0 0 0 0 0 0 0 0 0 0 0 0 0 0 0 0 0 0 0 0 0 0 0 0 0 0 0 0 0 0 0 0 0 0 0 0 0 0 0 0 0 0 0 0 0 0 0 0 0 0 0 0 0 0 0 0 0 0 0 0 0 39300192 0 0 0
ctxt 66440605
btime 1673080802
processes 111562
procs_running 1
procs_blocked 0
softirq 228053923 183782926 5908699 531608 9032272 119375 0 20000670 6811183 5 1867185

cpu  1542659 6672 2185174 103124987 34878 0 768400 0 0 0
cpu0 11895 1046 20913 26675032 11150 0 184862 0 0 0
cpu1 1501762 3224 2117943 23109733 3390 0 224063 0 0 0
cpu2 15775 2306 24451 26668277 8371 0 194228 0 0 0
cpu3 13225 94 21865 26671944 11966 0 165245 0 0 0
intr 2501574441 0 0 326408 75 0 145503 6137808 0 0 0 1632443 0 0 0 0 0 0 0 0 0 0 0 0 0 0 0 0 0 0 0 0 0 0 0 0 0 0 0 0 0 0 0 0 0 0 0 0 0 0 0 0 2283390488 0 0 0 0 0 0 0 0 48226 0 119412 0 0 0 0 0 0 0 0 0 0 0 166999289 1 0 0 0 0 0 0 0 0 0 0 0 0 0 0 0 0 0 0 0 0 0 0 113913 4213 0 0 0 0 3355980 0 0 0 0 0 0 0 0 0 0 0 0 0 0 0 0 0 0 0 0 0 0 0 0 0 0 0 0 0 0 0 0 0 0 0 0 0 0 0 0 0 0 0 0 0 0 0 0 0 0 0 0 0 0 0 0 0 0 0 0 0 0 0 0 0 0 0 0 0 0 0 0 0 0 0 39300683 0 0 0
ctxt 66441618
btime 1673080802
processes 111562
procs_running 1
procs_blocked 0
softirq 228054139 183783041 5908715 531608 9032275 119375 0 20000712 6811211 5 1867197

cpu  1542660 6672 2185176 103125179 34878 0 768400 0 0 0
cpu0 11895 1046 20913 26675081 11150 0 184862 0 0 0
cpu1 1501764 3224 2117945 23109778 3390 0 224063 0 0 0
cpu2 15775 2306 24451 26668326 8371 0 194228 0 0 0
cpu3 13225 94 21866 26671993 11966 0 165245 0 0 0
intr 2501579257 0 0 326412 75 0 145503 6137838 0 0 0 1632447 0 0 0 0 0 0 0 0 0 0 0 0 0 0 0 0 0 0 0 0 0 0 0 0 0 0 0 0 0 0 0 0 0 0 0 0 0 0 0 0 2283394556 0 0 0 0 0 0 0 0 48226 0 119412 0 0 0 0 0 0 0 0 0 0 0 166999491 1 0 0 0 0 0 0 0 0 0 0 0 0 0 0 0 0 0 0 0 0 0 0 113913 4213 0 0 0 0 3356002 0 0 0 0 0 0 0 0 0 0 0 0 0 0 0 0 0 0 0 0 0 0 0 0 0 0 0 0 0 0 0 0 0 0 0 0 0 0 0 0 0 0 0 0 0 0 0 0 0 0 0 0 0 0 0 0 0 0 0 0 0 0 0 0 0 0 0 0 0 0 0 0 0 0 0 39301169 0 0 0
ctxt 66442605
btime 1673080802
processes 111562
procs_running 1
procs_blocked 0
softirq 228054320 183783125 5908730 531608 9032278 119375 0 20000752 6811238 5 1867209

cpu  1542662 6672 2185177 103125370 34878 0 768402 0 0 0
cpu0 11895 1046 20913 26675130 11150 0 184862 0 0 0
cpu1 1501766 3224 2117946 23109822 3390 0 224064 0 0 0
cpu2 15775 2306 24451 26668376 8371 0 194228 0 0 0
cpu3 13225 94 21866 26672042 11966 0 165246 0 0 0
intr 2501584285 0 0 326416 75 0 145503 6137877 0 0 0 1632452 0 0 0 0 0 0 0 0 0 0 0 0 0 0 0 0 0 0 0 0 0 0 0 0 0 0 0 0 0 0 0 0 0 0 0 0 0 0 0 0 2283398732 0 0 0 0 0 0 0 0 48226 0 119412 0 0 0 0 0 0 0 0 0 0 0 166999793 1 0 0 0 0 0 0 0 0 0 0 0 0 0 0 0 0 0 0 0 0 0 0 113913 4213 0 0 0 0 3356024 0 0 0 0 0 0 0 0 0 0 0 0 0 0 0 0 0 0 0 0 0 0 0 0 0 0 0 0 0 0 0 0 0 0 0 0 0 0 0 0 0 0 0 0 0 0 0 0 0 0 0 0 0 0 0 0 0 0 0 0 0 0 0 0 0 0 0 0 0 0 0 0 0 0 0 39301649 0 0 0
ctxt 66443592
btime 1673080802
processes 111562
procs_running 2
procs_blocked 0
softirq 228054658 183783330 5908746 531608 9032283 119375 0 20000821 6811267 5 1867223

cpu  1542664 6672 2185179 103125562 34878 0 768402 0 0 0
cpu0 11895 1046 20913 26675179 11150 0 184862 0 0 0
cpu1 1501768 3224 2117948 23109866 3390 0 224064 0 0 0
cpu2 15775 2306 24451 26668425 8371 0 194228 0 0 0
cpu3 13225 94 21866 26672091 11966 0 165246 0 0 0
intr 2501589105 0 0 326422 75 0 145503 6137905 0 0 0 1632457 0 0 0 0 0 0 0 0 0 0 0 0 0 0 0 0 0 0 0 0 0 0 0 0 0 0 0 0 0 0 0 0 0 0 0 0 0 0 0 0 2283402804 0 0 0 0 0 0 0 0 48226 0 119412 0 0 0 0 0 0 0 0 0 0 0 166999995 1 0 0 0 0 0 0 0 0 0 0 0 0 0 0 0 0 0 0 0 0 0 0 113913 4213 0 0 0 0 3356046 0 0 0 0 0 0 0 0 0 0 0 0 0 0 0 0 0 0 0 0 0 0 0 0 0 0 0 0 0 0 0 0 0 0 0 0 0 0 0 0 0 0 0 0 0 0 0 0 0 0 0 0 0 0 0 0 0 0 0 0 0 0 0 0 0 0 0 0 0 0 0 0 0 0 0 39302133 0 0 0
ctxt 66444579
btime 1673080802
processes 111562
procs_running 2
procs_blocked 0
softirq 228054865 183783445 5908761 531608 9032286 119375 0 20000860 6811291 5 1867234

cpu  1542666 6672 2185180 103125754 34878 0 768402 0 0 0
cpu0 11895 1046 20913 26675228 11150 0 184862 0 0 0
cpu1 1501769 3224 2117950 23109911 3390 0 224064 0 0 0
cpu2 15775 2306 24451 26668474 8371 0 194228 0 0 0
cpu3 13225 94 21866 26672139 11966 0 165246 0 0 0
intr 2501593985 0 0 326427 75 0 145503 6137938 0 0 0 1632462 0 0 0 0 0 0 0 0 0 0 0 0 0 0 0 0 0 0 0 0 0 0 0 0 0 0 0 0 0 0 0 0 0 0 0 0 0 0 0 0 2283406905 0 0 0 0 0 0 0 0 48226 0 119412 0 0 0 0 0 0 0 0 0 0 0 167000224 1 0 0 0 0 0 0 0 0 0 0 0 0 0 0 0 0 0 0 0 0 0 0 113913 4213 0 0 0 0 3356068 0 0 0 0 0 0 0 0 0 0 0 0 0 0 0 0 0 0 0 0 0 0 0 0 0 0 0 0 0 0 0 0 0 0 0 0 0 0 0 0 0 0 0 0 0 0 0 0 0 0 0 0 0 0 0 0 0 0 0 0 0 0 0 0 0 0 0 0 0 0 0 0 0 0 0 39302618 0 0 0
ctxt 66445582
btime 1673080802
processes 111562
procs_running 2
procs_blocked 0
softirq 228055027 183783508 5908779 531608 9032289 119375 0 20000899 6811318 5 1867246

cpu  1542667 6672 2185182 103125947 34878 0 768402 0 0 0
cpu0 11895 1046 20913 26675278 11150 0 184862 0 0 0
cpu1 1501770 3224 2117952 23109956 3390 0 224064 0 0 0
cpu2 15775 2306 24451 26668523 8371 0 194228 0 0 0
cpu3 13225 94 21866 26672188 11966 0 165246 0 0 0
intr 2501598817 0 0 326433 75 0 145503 6137968 0 0 0 1632467 0 0 0 0 0 0 0 0 0 0 0 0 0 0 0 0 0 0 0 0 0 0 0 0 0 0 0 0 0 0 0 0 0 0 0 0 0 0 0 0 2283410981 0 0 0 0 0 0 0 0 48226 0 119412 0 0 0 0 0 0 0 0 0 0 0 167000429 1 0 0 0 0 0 0 0 0 0 0 0 0 0 0 0 0 0 0 0 0 0 0 113913 4213 0 0 0 0 3356090 0 0 0 0 0 0 0 0 0 0 0 0 0 0 0 0 0 0 0 0 0 0 0 0 0 0 0 0 0 0 0 0 0 0 0 0 0 0 0 0 0 0 0 0 0 0 0 0 0 0 0 0 0 0 0 0 0 0 0 0 0 0 0 0 0 0 0 0 0 0 0 0 0 0 0 39303106 0 0 0
ctxt 66446570
btime 1673080802
processes 111562
procs_running 2
procs_blocked 0
softirq 228055206 183783601 5908794 531608 9032292 119375 0 20000930 6811344 5 1867257

cpu  1542668 6672 2185185 103126139 34878 0 768402 0 0 0
cpu0 11895 1046 20913 26675326 11150 0 184862 0 0 0
cpu1 1501771 3224 2117954 23110001 3390 0 224064 0 0 0
cpu2 15775 2306 24451 26668573 8371 0 194228 0 0 0
cpu3 13225 94 21866 26672237 11966 0 165246 0 0 0
intr 2501603701 0 0 326441 75 0 145503 6138005 0 0 0 1632472 0 0 0 0 0 0 0 0 0 0 0 0 0 0 0 0 0 0 0 0 0 0 0 0 0 0 0 0 0 0 0 0 0 0 0 0 0 0 0 0 2283415074 0 0 0 0 0 0 0 0 48226 0 119412 0 0 0 0 0 0 0 0 0 0 0 167000656 1 0 0 0 0 0 0 0 0 0 0 0 0 0 0 0 0 0 0 0 0 0 0 113913 4213 0 0 0 0 3356112 0 0 0 0 0 0 0 0 0 0 0 0 0 0 0 0 0 0 0 0 0 0 0 0 0 0 0 0 0 0 0 0 0 0 0 0 0 0 0 0 0 0 0 0 0 0 0 0 0 0 0 0 0 0 0 0 0 0 0 0 0 0 0 0 0 0 0 0 0 0 0 0 0 0 0 39303599 0 0 0
ctxt 66447592
btime 1673080802
processes 111562
procs_running 1
procs_blocked 0
softirq 228055441 183783737 5908812 531609 9032295 119375 0 20000967 6811372 5 1867269

cpu  1542668 6672 2185187 103126332 34878 0 768402 0 0 0
cpu0 11895 1046 20913 26675376 11150 0 184862 0 0 0
cpu1 1501772 3224 2117956 23110046 3390 0 224064 0 0 0
cpu2 15775 2306 24451 26668622 8371 0 194228 0 0 0
cpu3 13225 94 21866 26672286 11966 0 165246 0 0 0
intr 2501608526 0 0 326445 75 0 145503 6138036 0 0 0 1632477 0 0 0 0 0 0 0 0 0 0 0 0 0 0 0 0 0 0 0 0 0 0 0 0 0 0 0 0 0 0 0 0 0 0 0 0 0 0 0 0 2283419152 0 0 0 0 0 0 0 0 48226 0 119412 0 0 0 0 0 0 0 0 0 0 0 167000859 1 0 0 0 0 0 0 0 0 0 0 0 0 0 0 0 0 0 0 0 0 0 0 113913 4213 0 0 0 0 3356134 0 0 0 0 0 0 0 0 0 0 0 0 0 0 0 0 0 0 0 0 0 0 0 0 0 0 0 0 0 0 0 0 0 0 0 0 0 0 0 0 0 0 0 0 0 0 0 0 0 0 0 0 0 0 0 0 0 0 0 0 0 0 0 0 0 0 0 0 0 0 0 0 0 0 0 39304082 0 0 0
ctxt 66448583
btime 1673080802
processes 111562
procs_running 1
procs_blocked 0
softirq 228055635 183783833 5908826 531609 9032298 119375 0 20001015 6811394 5 1867280

cpu  1542671 6672 2185189 103126522 34878 0 768402 0 0 0
cpu0 11895 1046 20913 26675425 11150 0 184862 0 0 0
cpu1 1501775 3224 2117957 23110090 3390 0 224064 0 0 0
cpu2 15775 2306 24451 26668671 8371 0 194228 0 0 0
cpu3 13225 94 21866 26672335 11966 0 165246 0 0 0
intr 2501613554 0 0 326450 75 0 145503 6138074 0 0 0 1632482 0 0 0 0 0 0 0 0 0 0 0 0 0 0 0 0 0 0 0 0 0 0 0 0 0 0 0 0 0 0 0 0 0 0 0 0 0 0 0 0 2283423328 0 0 0 0 0 0 0 0 48226 0 119412 0 0 0 0 0 0 0 0 0 0 0 167001158 1 0 0 0 0 0 0 0 0 0 0 0 0 0 0 0 0 0 0 0 0 0 0 113913 4213 0 0 0 0 3356156 0 0 0 0 0 0 0 0 0 0 0 0 0 0 0 0 0 0 0 0 0 0 0 0 0 0 0 0 0 0 0 0 0 0 0 0 0 0 0 0 0 0 0 0 0 0 0 0 0 0 0 0 0 0 0 0 0 0 0 0 0 0 0 0 0 0 0 0 0 0 0 0 0 0 0 39304564 0 0 0
ctxt 66449578
btime 1673080802
processes 111562
procs_running 2
procs_blocked 0
softirq 228055973 183784021 5908843 531609 9032303 119375 0 20001100 6811425 5 1867292

cpu  1542672 6672 2185191 103126714 34878 0 768402 0 0 0
cpu0 11895 1046 20913 26675474 11150 0 184862 0 0 0
cpu1 1501776 3224 2117959 23110135 3390 0 224064 0 0 0
cpu2 15775 2306 24451 26668721 8371 0 194228 0 0 0
cpu3 13226 94 21867 26672383 11966 0 165246 0 0 0
intr 2501618391 0 0 326456 75 0 145504 6138106 0 0 0 1632487 0 0 0 0 0 0 0 0 0 0 0 0 0 0 0 0 0 0 0 0 0 0 0 0 0 0 0 0 0 0 0 0 0 0 0 0 0 0 0 0 2283427399 0 0 0 0 0 0 0 0 48226 0 119415 0 0 0 0 0 0 0 0 0 0 0 167001360 1 0 0 0 0 0 0 0 0 0 0 0 0 0 0 0 0 0 0 0 0 0 0 113916 4213 0 0 0 0 3356178 0 0 0 0 0 0 0 0 0 0 0 0 0 0 0 0 0 0 0 0 0 0 0 0 0 0 0 0 0 0 0 0 0 0 0 0 0 0 0 0 0 0 0 0 0 0 0 0 0 0 0 0 0 0 0 0 0 0 0 0 0 0 0 0 0 0 0 0 0 0 0 0 0 0 0 39305055 0 0 0
ctxt 66450595
btime 1673080802
processes 111562
procs_running 2
procs_blocked 0
softirq 228056200 183784141 5908858 531609 9032306 119378 0 20001149 6811451 5 1867303

cpu  1542674 6672 2185194 103126906 34878 0 768402 0 0 0
cpu0 11895 1046 20913 26675523 11150 0 184863 0 0 0
cpu1 1501777 3224 2117962 23110179 3390 0 224064 0 0 0
cpu2 15775 2306 24451 26668770 8371 0 194228 0 0 0
cpu3 13226 94 21867 26672432 11966 0 165246 0 0 0
intr 2501623298 0 0 326462 75 0 145504 6138149 0 0 0 1632492 0 0 0 0 0 0 0 0 0 0 0 0 0 0 0 0 0 0 0 0 0 0 0 0 0 0 0 0 0 0 0 0 0 0 0 0 0 0 0 0 2283431508 0 0 0 0 0 0 0 0 48226 0 119415 0 0 0 0 0 0 0 0 0 0 0 167001589 1 0 0 0 0 0 0 0 0 0 0 0 0 0 0 0 0 0 0 0 0 0 0 113916 4213 0 0 0 0 3356200 0 0 0 0 0 0 0 0 0 0 0 0 0 0 0 0 0 0 0 0 0 0 0 0 0 0 0 0 0 0 0 0 0 0 0 0 0 0 0 0 0 0 0 0 0 0 0 0 0 0 0 0 0 0 0 0 0 0 0 0 0 0 0 0 0 0 0 0 0 0 0 0 0 0 0 39305549 0 0 0
ctxt 66451622
btime 1673080802
processes 111562
procs_running 1
procs_blocked 0
softirq 228056385 183784213 5908876 531609 9032309 119378 0 20001197 6811483 5 1867315

cpu  1542674 6672 2185194 103127099 34878 0 768402 0 0 0
cpu0 11895 1046 20913 26675573 11150 0 184863 0 0 0
cpu1 1501777 3224 2117962 23110225 3390 0 224064 0 0 0
cpu2 15775 2306 24451 26668819 8371 0 194228 0 0 0
cpu3 13226 94 21867 26672481 11966 0 165246 0 0 0
intr 2501627975 0 0 326466 75 0 145504 6138177 0 0 0 1632497 0 0 0 0 0 0 0 0 0 0 0 0 0 0 0 0 0 0 0 0 0 0 0 0 0 0 0 0 0 0 0 0 0 0 0 0 0 0 0 0 2283435504 0 0 0 0 0 0 0 0 48226 0 119415 0 0 0 0 0 0 0 0 0 0 0 167001717 1 0 0 0 0 0 0 0 0 0 0 0 0 0 0 0 0 0 0 0 0 0 0 113916 4213 0 0 0 0 3356222 0 0 0 0 0 0 0 0 0 0 0 0 0 0 0 0 0 0 0 0 0 0 0 0 0 0 0 0 0 0 0 0 0 0 0 0 0 0 0 0 0 0 0 0 0 0 0 0 0 0 0 0 0 0 0 0 0 0 0 0 0 0 0 0 0 0 0 0 0 0 0 0 0 0 0 39306043 0 0 0
ctxt 66452620
btime 1673080802
processes 111562
procs_running 1
procs_blocked 0
softirq 228056452 183784213 5908890 531609 9032310 119378 0 20001215 6811506 5 1867326

cpu  1542676 6672 2185195 103127293 34878 0 768402 0 0 0
cpu0 11895 1046 20913 26675622 11150 0 184863 0 0 0
cpu1 1501778 3224 2117962 23110271 3390 0 224064 0 0 0
cpu2 15775 2306 24451 26668869 8371 0 194228 0 0 0
cpu3 13226 94 21868 26672530 11966 0 165246 0 0 0
intr 2501632721 0 0 326471 75 0 145504 6138212 0 0 0 1632502 0 0 0 0 0 0 0 0 0 0 0 0 0 0 0 0 0 0 0 0 0 0 0 0 0 0 0 0 0 0 0 0 0 0 0 0 0 0 0 0 2283439531 0 0 0 0 0 0 0 0 48226 0 119415 0 0 0 0 0 0 0 0 0 0 0 167001871 1 0 0 0 0 0 0 0 0 0 0 0 0 0 0 0 0 0 0 0 0 0 0 113916 4213 0 0 0 0 3356244 0 0 0 0 0 0 0 0 0 0 0 0 0 0 0 0 0 0 0 0 0 0 0 0 0 0 0 0 0 0 0 0 0 0 0 0 0 0 0 0 0 0 0 0 0 0 0 0 0 0 0 0 0 0 0 0 0 0 0 0 0 0 0 0 0 0 0 0 0 0 0 0 0 0 0 39306542 0 0 0
ctxt 66453644
btime 1673080802
processes 111562
procs_running 2
procs_blocked 0
softirq 228056539 183784221 5908907 531609 9032311 119378 0 20001234 6811536 5 1867338

cpu  1542676 6672 2185197 103127486 34878 0 768402 0 0 0
cpu0 11895 1046 20913 26675672 11150 0 184863 0 0 0
cpu1 1501779 3224 2117964 23110317 3390 0 224064 0 0 0
cpu2 15775 2306 24451 26668918 8371 0 194228 0 0 0
cpu3 13226 94 21868 26672579 11966 0 165246 0 0 0
intr 2501637397 0 0 326475 75 0 145504 6138239 0 0 0 1632507 0 0 0 0 0 0 0 0 0 0 0 0 0 0 0 0 0 0 0 0 0 0 0 0 0 0 0 0 0 0 0 0 0 0 0 0 0 0 0 0 2283443527 0 0 0 0 0 0 0 0 48226 0 119415 0 0 0 0 0 0 0 0 0 0 0 167001999 1 0 0 0 0 0 0 0 0 0 0 0 0 0 0 0 0 0 0 0 0 0 0 113916 4213 0 0 0 0 3356266 0 0 0 0 0 0 0 0 0 0 0 0 0 0 0 0 0 0 0 0 0 0 0 0 0 0 0 0 0 0 0 0 0 0 0 0 0 0 0 0 0 0 0 0 0 0 0 0 0 0 0 0 0 0 0 0 0 0 0 0 0 0 0 0 0 0 0 0 0 0 0 0 0 0 0 39307035 0 0 0
ctxt 66454640
btime 1673080802
processes 111562
procs_running 1
procs_blocked 0
softirq 228056609 183784221 5908922 531609 9032312 119378 0 20001252 6811561 5 1867349

cpu  1542677 6672 2185199 103127680 34878 0 768402 0 0 0
cpu0 11895 1046 20913 26675721 11150 0 184863 0 0 0
cpu1 1501779 3224 2117966 23110363 3390 0 224064 0 0 0
cpu2 15775 2306 24451 26668967 8371 0 194228 0 0 0
cpu3 13226 94 21868 26672628 11966 0 165246 0 0 0
intr 2501642144 0 0 326479 75 0 145504 6138277 0 0 0 1632512 0 0 0 0 0 0 0 0 0 0 0 0 0 0 0 0 0 0 0 0 0 0 0 0 0 0 0 0 0 0 0 0 0 0 0 0 0 0 0 0 2283447555 0 0 0 0 0 0 0 0 48226 0 119415 0 0 0 0 0 0 0 0 0 0 0 167002153 1 0 0 0 0 0 0 0 0 0 0 0 0 0 0 0 0 0 0 0 0 0 0 113916 4213 0 0 0 0 3356288 0 0 0 0 0 0 0 0 0 0 0 0 0 0 0 0 0 0 0 0 0 0 0 0 0 0 0 0 0 0 0 0 0 0 0 0 0 0 0 0 0 0 0 0 0 0 0 0 0 0 0 0 0 0 0 0 0 0 0 0 0 0 0 0 0 0 0 0 0 0 0 0 0 0 0 39307530 0 0 0
ctxt 66455659
btime 1673080802
processes 111562
procs_running 2
procs_blocked 0
softirq 228056692 183784229 5908938 531609 9032313 119378 0 20001271 6811588 5 1867361
