Latency
140964
425480
689558
984711
1318254
2742357
3358424
4409252
357762
612540
921346
1242692
1750329
2067090
2447629
237133
502881
778081
1099507
1708703
2024582
132488
419487
863315
1498468
2080851
331231
594053
852272
1203014
1717690
2127575
167246
426201
1098274
1353038
1642609
2350007
238670
491960
1003361
1501096
1827097
2418228
146686
400514
738203
1782865
204502
456356
1456014
2135718
347874
600018
858879
1297736
1627265
2078455
356449
640990
1006581
1644450
2018724
204047
486677
778801
1222454
1562510
1857025
2177989
175144
443286
700928
960551
1386229
1758928
268944
556708
815380
1388432
1710874
2032750
155677
444300
1001324
1392387
2106172
265814
512628
940905
1246838
1583064
2443577
210921
500155
865825
1561790
1833928
106148
353598
813930
1147277
1412781
2537945
341080
591354
934765
1391110
1706882
1964784
196322
449922
729369
1102030
1519429
2018627
140033
397812
971906
1666004
351468
603072
973738
1505340
1791104
2072462
196528
473025
789067
1161972
1750046
2260651
161161
419221
721234
1178012
1566200
1946722
353124
626709
1026055
1697461
2510863
103567
386592
696712
1269395
1756675
2040672
164267
422393
703649
1040219
1483760
365601
614092
904035
1410953
1744162
152029
401950
695089
1043050
1389430
2121822
356763
629214
920268
1211469
1666008
1988911
178133
438143
725678
1066316
1497371
1843816
234131
496920
871390
1461973
2175874
216454
466573
1239080
1740915
190925
437873
1149585
1443205
1754697
2274174
222654
494818
782757
1103795
1654947
348774
615010
1008210
1801844
2054390
200134
451289
859830
1203365
1466054
1934342
171331
430017
742798
1160616
1668858
172422
430417
763142
1017909
1513308
364890
658061
981198
1396561
1705238
373612
651867
993016
1520888
1881708
308832
553884
809971
1738527
242220
503826
866305
1115336
1507992
397686
677211
936482
1212911
1991320
2272933
317368
576133
1059910
1516979
1806671
237081
500702
768205
1076147
1397411
1704265
1998985
226292
534028
965705
1535340
1930995
2531801
232886
482456
897090
1378511
1691416
238501
487041
752445
1378031
1681927
2187302
353660
627812
946509
1291175
1574268
1889803
223532
505353
764078
1383221
1753008
2020452
372285
708782
1302674
1628084
1944976
2276130
366651
624483
1392411
1750590
2428184
150391
435921
723436
1014016
1536656
1806304
357994
650935
1194839
1501413
2273467
355068
618246
930375
1275031
2097015
173301
419918
746711
1000733
1771859
378357
650063
935848
1536427
1897475
227121
504139
850374
1130867
1599761
1930974
229883
504936
1213021
1779567
2066437
373618
657735
1066111
1396894
1854544
2166550
191718
448305
730349
1203122
1528123
1810024
305500
583355
884822
1218452
1745149
2728302
211124
462029
795721
1107332
2117750
213459
495862
956257
1320794
1592609
2482261
407548
667494
972251
1573857
2252184
2609584
377551
648985
921685
1393471
1675519
2041641
164998
424756
713894
1204183
1522324
2207654
366962
631365
1034402
1357186
1797661
2392865
2727963
213207
480688
738136
1041335
1361281
1690704
2332850
179444
432168
691989
1494008
1794338
364494
621545
896697
1706848
281689
543387
877055
1469197
1942702
179144
442553
710010
1466512
1899423
216462
467154
873437
1189587
1537740
1830348
2443866
187076
442279
890760
1161371
1523654
1817715
133647
403028
747204
1028688
1390077
1754314
373695
630171
948100
1250554
1546292
1995318
2383161
206005
600805
1047461
1653991
2289371
178445
439304
708014
1373546
1831745
358266
666021
946818
1465308
2056833
209030
463380
742383
1199555
1528942
376170
644561
921504
1233089
1552008
350622
631526
958920
1244866
1718554
2234063
150531
415811
745134
1476098
2086325
323017
597218
912090
1281999
1771222
114469
374853
689080
1016295
1409790
1950756
214419
463882
835945
1261346
1644329
2272363
147701
410201
805916
1255520
1644055
1969031
221576
468189
763611
1378178
1656452
2185005
288313
574182
1266963
1543476
2045066
328541
601734
919620
1410181
1910620
2244259
146146
417726
834491
1567310
1897315
358086
624245
953289
1487174
2006357
355739
624948
1077146
1328262
1910075
143364
402408
845345
1200417
1894698
326721
612244
1016831
1801734
2070204
188283
455986
958198
1245121
1650698
2142707
153442
440147
730859
1148084
1458401
337090
582322
939823
1624978
2092277
209325
482494
1086095
1424233
1678137
230868
506665
775898
1354146
2017455
224977
497579
1064264
1426289
1680608
2251402
187401
465237
716836
1471427
2158652
280751
540964
830986
1175700
1479579
1930232
2178390
288320
536877
828762
1394795
2641143
226467
501474
786732
1566088
2116722
2369168
300966
568875
878962
1293470
1927632
220740
492930
947097
1481551
1749409
168402
442067
805098
1139926
1560755
368949
637689
985295
1546664
358031
607633
863859
1346084
1679015
2123460
2694829
215565
493672
1085341
1545553
1873150
133967
417867
713902
1213736
1469607
196415
496860
915854
1374214
1640572
2415574
186099
466386
784081
1446792
1779928
2085321
347275
597316
927246
1242819
1695644
1960308
2250945
161284
407284
685911
1435151
1814717
264291
511692
927429
1296246
1605959
2301674
306502
565351
1034837
1353455
1905632
289015
581886
858298
1196100
1520864
358942
617262
891357
1647072
185395
455958
930814
1536816
2030891
149945
427358
855049
1247422
1559687
182152
466979
779943
1239251
2122547
2438777
188995
482737
957156
1346470
164191
437722
704087
1151920
1435238
2231610
