cpu  10820 0 33581 3103289 1990 0 116516 0 0 0
cpu0 1358 0 1997 793637 507 0 23628 0 0 0
cpu1 6737 0 27390 732406 365 0 34964 0 0 0
cpu2 1339 0 2081 786006 509 0 31972 0 0 0
cpu3 1384 0 2112 791238 608 0 25950 0 0 0
intr 100873464 0 0 31757 75 0 8595 461741 0 0 0 65396 0 0 0 0 0 0 0 0 0 0 0 0 0 0 0 0 0 0 0 0 0 0 0 0 0 0 0 0 0 0 0 0 0 0 0 0 0 0 0 0 78559013 0 0 0 0 0 0 0 0 16013 0 8257 0 0 0 0 0 0 0 0 0 0 0 13388760 1 0 0 0 0 0 0 0 0 0 0 0 0 0 0 0 0 0 0 0 0 0 0 4742 4213 0 0 0 0 340991 0 0 0 0 0 0 0 0 0 0 0 0 0 0 0 0 0 0 0 0 0 0 0 0 0 0 0 0 0 0 0 0 0 0 0 0 0 0 0 0 0 0 0 0 0 0 0 0 0 0 0 0 0 0 0 0 0 0 0 0 0 0 0 0 0 0 0 0 0 0 0 0 0 0 0 7983911 0 0 0
ctxt 16060084
btime 1673080802
processes 5984
procs_running 1
procs_blocked 0
softirq 22017574 20047980 270144 49672 235357 8268 0 860189 378480 0 167484

cpu  10820 0 33584 3103483 1990 0 116516 0 0 0
cpu0 1358 0 1997 793687 507 0 23628 0 0 0
cpu1 6738 0 27393 732452 365 0 34964 0 0 0
cpu2 1339 0 2081 786055 509 0 31972 0 0 0
cpu3 1385 0 2112 791287 608 0 25950 0 0 0
intr 100878189 0 0 31763 75 0 8595 461780 0 0 0 65400 0 0 0 0 0 0 0 0 0 0 0 0 0 0 0 0 0 0 0 0 0 0 0 0 0 0 0 0 0 0 0 0 0 0 0 0 0 0 0 0 78563025 0 0 0 0 0 0 0 0 16013 0 8257 0 0 0 0 0 0 0 0 0 0 0 13388890 1 0 0 0 0 0 0 0 0 0 0 0 0 0 0 0 0 0 0 0 0 0 0 4742 4213 0 0 0 0 341026 0 0 0 0 0 0 0 0 0 0 0 0 0 0 0 0 0 0 0 0 0 0 0 0 0 0 0 0 0 0 0 0 0 0 0 0 0 0 0 0 0 0 0 0 0 0 0 0 0 0 0 0 0 0 0 0 0 0 0 0 0 0 0 0 0 0 0 0 0 0 0 0 0 0 0 7984410 0 0 0
ctxt 16061105
btime 1673080802
processes 5984
procs_running 1
procs_blocked 0
softirq 22017658 20047980 270162 49672 235359 8268 0 860218 378500 0 167499

cpu  10820 0 33586 3103677 1990 0 116516 0 0 0
cpu0 1358 0 1997 793736 507 0 23628 0 0 0
cpu1 6738 0 27394 732498 365 0 34964 0 0 0
cpu2 1339 0 2082 786104 509 0 31972 0 0 0
cpu3 1385 0 2113 791336 608 0 25950 0 0 0
intr 100882914 0 0 31764 75 0 8595 461815 0 0 0 65405 0 0 0 0 0 0 0 0 0 0 0 0 0 0 0 0 0 0 0 0 0 0 0 0 0 0 0 0 0 0 0 0 0 0 0 0 0 0 0 0 78567045 0 0 0 0 0 0 0 0 16013 0 8257 0 0 0 0 0 0 0 0 0 0 0 13389042 1 0 0 0 0 0 0 0 0 0 0 0 0 0 0 0 0 0 0 0 0 0 0 4742 4213 0 0 0 0 341048 0 0 0 0 0 0 0 0 0 0 0 0 0 0 0 0 0 0 0 0 0 0 0 0 0 0 0 0 0 0 0 0 0 0 0 0 0 0 0 0 0 0 0 0 0 0 0 0 0 0 0 0 0 0 0 0 0 0 0 0 0 0 0 0 0 0 0 0 0 0 0 0 0 0 0 7984899 0 0 0
ctxt 16062124
btime 1673080802
processes 5984
procs_running 1
procs_blocked 0
softirq 22017736 20047988 270180 49672 235360 8268 0 860237 378522 0 167509

cpu  10821 0 33588 3103870 1990 0 116516 0 0 0
cpu0 1358 0 1997 793786 507 0 23628 0 0 0
cpu1 6738 0 27395 732544 365 0 34964 0 0 0
cpu2 1339 0 2082 786154 509 0 31972 0 0 0
cpu3 1385 0 2113 791385 608 0 25950 0 0 0
intr 100887574 0 0 31764 75 0 8595 461836 0 0 0 65410 0 0 0 0 0 0 0 0 0 0 0 0 0 0 0 0 0 0 0 0 0 0 0 0 0 0 0 0 0 0 0 0 0 0 0 0 0 0 0 0 78571042 0 0 0 0 0 0 0 0 16013 0 8257 0 0 0 0 0 0 0 0 0 0 0 13389172 1 0 0 0 0 0 0 0 0 0 0 0 0 0 0 0 0 0 0 0 0 0 0 4742 4213 0 0 0 0 341070 0 0 0 0 0 0 0 0 0 0 0 0 0 0 0 0 0 0 0 0 0 0 0 0 0 0 0 0 0 0 0 0 0 0 0 0 0 0 0 0 0 0 0 0 0 0 0 0 0 0 0 0 0 0 0 0 0 0 0 0 0 0 0 0 0 0 0 0 0 0 0 0 0 0 0 7985385 0 0 0
ctxt 16063110
btime 1673080802
processes 5984
procs_running 1
procs_blocked 0
softirq 22017794 20047988 270194 49672 235361 8268 0 860255 378539 0 167517

cpu  10821 0 33588 3104064 1990 0 116516 0 0 0
cpu0 1358 0 1997 793835 507 0 23628 0 0 0
cpu1 6738 0 27396 732590 365 0 34964 0 0 0
cpu2 1339 0 2082 786203 509 0 31972 0 0 0
cpu3 1386 0 2113 791434 608 0 25950 0 0 0
intr 100892301 0 0 31764 75 0 8595 461871 0 0 0 65415 0 0 0 0 0 0 0 0 0 0 0 0 0 0 0 0 0 0 0 0 0 0 0 0 0 0 0 0 0 0 0 0 0 0 0 0 0 0 0 0 78575066 0 0 0 0 0 0 0 0 16013 0 8257 0 0 0 0 0 0 0 0 0 0 0 13389324 1 0 0 0 0 0 0 0 0 0 0 0 0 0 0 0 0 0 0 0 0 0 0 4742 4213 0 0 0 0 341092 0 0 0 0 0 0 0 0 0 0 0 0 0 0 0 0 0 0 0 0 0 0 0 0 0 0 0 0 0 0 0 0 0 0 0 0 0 0 0 0 0 0 0 0 0 0 0 0 0 0 0 0 0 0 0 0 0 0 0 0 0 0 0 0 0 0 0 0 0 0 0 0 0 0 0 7985874 0 0 0
ctxt 16064135
btime 1673080802
processes 5984
procs_running 1
procs_blocked 0
softirq 22017867 20047996 270210 49672 235362 8268 0 860276 378556 0 167527

cpu  10822 0 33589 3104257 1990 0 116516 0 0 0
cpu0 1358 0 1997 793885 507 0 23628 0 0 0
cpu1 6738 0 27396 732636 365 0 34964 0 0 0
cpu2 1339 0 2082 786252 509 0 31972 0 0 0
cpu3 1386 0 2113 791483 608 0 25950 0 0 0
intr 100896983 0 0 31764 75 0 8595 461897 0 0 0 65420 0 0 0 0 0 0 0 0 0 0 0 0 0 0 0 0 0 0 0 0 0 0 0 0 0 0 0 0 0 0 0 0 0 0 0 0 0 0 0 0 78579070 0 0 0 0 0 0 0 0 16013 0 8257 0 0 0 0 0 0 0 0 0 0 0 13389454 1 0 0 0 0 0 0 0 0 0 0 0 0 0 0 0 0 0 0 0 0 0 0 4742 4213 0 0 0 0 341114 0 0 0 0 0 0 0 0 0 0 0 0 0 0 0 0 0 0 0 0 0 0 0 0 0 0 0 0 0 0 0 0 0 0 0 0 0 0 0 0 0 0 0 0 0 0 0 0 0 0 0 0 0 0 0 0 0 0 0 0 0 0 0 0 0 0 0 0 0 0 0 0 0 0 0 7986369 0 0 0
ctxt 16065133
btime 1673080802
processes 5984
procs_running 1
procs_blocked 0
softirq 22017928 20047996 270225 49672 235363 8268 0 860294 378575 0 167535

cpu  10823 0 33591 3104450 1990 0 116516 0 0 0
cpu0 1358 0 1997 793934 507 0 23628 0 0 0
cpu1 6738 0 27398 732681 365 0 34964 0 0 0
cpu2 1339 0 2082 786302 509 0 31972 0 0 0
cpu3 1386 0 2113 791532 608 0 25950 0 0 0
intr 100901716 0 0 31765 75 0 8595 461929 0 0 0 65425 0 0 0 0 0 0 0 0 0 0 0 0 0 0 0 0 0 0 0 0 0 0 0 0 0 0 0 0 0 0 0 0 0 0 0 0 0 0 0 0 78583092 0 0 0 0 0 0 0 0 16013 0 8257 0 0 0 0 0 0 0 0 0 0 0 13389606 1 0 0 0 0 0 0 0 0 0 0 0 0 0 0 0 0 0 0 0 0 0 0 4742 4213 0 0 0 0 341142 0 0 0 0 0 0 0 0 0 0 0 0 0 0 0 0 0 0 0 0 0 0 0 0 0 0 0 0 0 0 0 0 0 0 0 0 0 0 0 0 0 0 0 0 0 0 0 0 0 0 0 0 0 0 0 0 0 0 0 0 0 0 0 0 0 0 0 0 0 0 0 0 0 0 0 7986862 0 0 0
ctxt 16066169
btime 1673080802
processes 5984
procs_running 1
procs_blocked 0
softirq 22018012 20048004 270245 49673 235364 8268 0 860317 378598 0 167543

cpu  10823 0 33593 3104644 1990 0 116516 0 0 0
cpu0 1358 0 1997 793983 507 0 23628 0 0 0
cpu1 6738 0 27400 732727 365 0 34964 0 0 0
cpu2 1339 0 2082 786351 509 0 31972 0 0 0
cpu3 1387 0 2113 791581 608 0 25950 0 0 0
intr 100906416 0 0 31765 75 0 8595 461958 0 0 0 65430 0 0 0 0 0 0 0 0 0 0 0 0 0 0 0 0 0 0 0 0 0 0 0 0 0 0 0 0 0 0 0 0 0 0 0 0 0 0 0 0 78587096 0 0 0 0 0 0 0 0 16013 0 8257 0 0 0 0 0 0 0 0 0 0 0 13389736 1 0 0 0 0 0 0 0 0 0 0 0 0 0 0 0 0 0 0 0 0 0 0 4742 4213 0 0 0 0 341171 0 0 0 0 0 0 0 0 0 0 0 0 0 0 0 0 0 0 0 0 0 0 0 0 0 0 0 0 0 0 0 0 0 0 0 0 0 0 0 0 0 0 0 0 0 0 0 0 0 0 0 0 0 0 0 0 0 0 0 0 0 0 0 0 0 0 0 0 0 0 0 0 0 0 0 7987365 0 0 0
ctxt 16067188
btime 1673080802
processes 5984
procs_running 1
procs_blocked 0
softirq 22018101 20048004 270265 49673 235365 8268 0 860341 378624 0 167561

cpu  10824 0 33595 3104837 1990 0 116516 0 0 0
cpu0 1358 0 1997 794032 507 0 23628 0 0 0
cpu1 6738 0 27402 732773 365 0 34964 0 0 0
cpu2 1339 0 2082 786400 509 0 31972 0 0 0
cpu3 1387 0 2113 791630 608 0 25950 0 0 0
intr 100911139 0 0 31765 75 0 8595 461986 0 0 0 65435 0 0 0 0 0 0 0 0 0 0 0 0 0 0 0 0 0 0 0 0 0 0 0 0 0 0 0 0 0 0 0 0 0 0 0 0 0 0 0 0 78591118 0 0 0 0 0 0 0 0 16013 0 8257 0 0 0 0 0 0 0 0 0 0 0 13389888 1 0 0 0 0 0 0 0 0 0 0 0 0 0 0 0 0 0 0 0 0 0 0 4742 4213 0 0 0 0 341193 0 0 0 0 0 0 0 0 0 0 0 0 0 0 0 0 0 0 0 0 0 0 0 0 0 0 0 0 0 0 0 0 0 0 0 0 0 0 0 0 0 0 0 0 0 0 0 0 0 0 0 0 0 0 0 0 0 0 0 0 0 0 0 0 0 0 0 0 0 0 0 0 0 0 0 7987859 0 0 0
ctxt 16068209
btime 1673080802
processes 5984
procs_running 1
procs_blocked 0
softirq 22018184 20048012 270282 49673 235366 8268 0 860362 378648 0 167573

cpu  10824 0 33597 3105031 1990 0 116516 0 0 0
cpu0 1358 0 1997 794082 507 0 23628 0 0 0
cpu1 6739 0 27404 732819 365 0 34964 0 0 0
cpu2 1339 0 2082 786449 509 0 31972 0 0 0
cpu3 1388 0 2113 791679 608 0 25950 0 0 0
intr 100915807 0 0 31765 75 0 8595 462008 0 0 0 65440 0 0 0 0 0 0 0 0 0 0 0 0 0 0 0 0 0 0 0 0 0 0 0 0 0 0 0 0 0 0 0 0 0 0 0 0 0 0 0 0 78595114 0 0 0 0 0 0 0 0 16013 0 8257 0 0 0 0 0 0 0 0 0 0 0 13390018 1 0 0 0 0 0 0 0 0 0 0 0 0 0 0 0 0 0 0 0 0 0 0 4742 4213 0 0 0 0 341215 0 0 0 0 0 0 0 0 0 0 0 0 0 0 0 0 0 0 0 0 0 0 0 0 0 0 0 0 0 0 0 0 0 0 0 0 0 0 0 0 0 0 0 0 0 0 0 0 0 0 0 0 0 0 0 0 0 0 0 0 0 0 0 0 0 0 0 0 0 0 0 0 0 0 0 7988353 0 0 0
ctxt 16069204
btime 1673080802
processes 5984
procs_running 1
procs_blocked 0
softirq 22018257 20048012 270299 49673 235367 8268 0 860380 378672 0 167586

cpu  10825 0 33598 3105224 1990 0 116516 0 0 0
cpu0 1358 0 1997 794131 507 0 23628 0 0 0
cpu1 6739 0 27404 732865 365 0 34964 0 0 0
cpu2 1339 0 2082 786499 509 0 31972 0 0 0
cpu3 1388 0 2114 791728 608 0 25950 0 0 0
intr 100920533 0 0 31766 75 0 8595 462037 0 0 0 65445 0 0 0 0 0 0 0 0 0 0 0 0 0 0 0 0 0 0 0 0 0 0 0 0 0 0 0 0 0 0 0 0 0 0 0 0 0 0 0 0 78599140 0 0 0 0 0 0 0 0 16013 0 8257 0 0 0 0 0 0 0 0 0 0 0 13390170 1 0 0 0 0 0 0 0 0 0 0 0 0 0 0 0 0 0 0 0 0 0 0 4742 4213 0 0 0 0 341237 0 0 0 0 0 0 0 0 0 0 0 0 0 0 0 0 0 0 0 0 0 0 0 0 0 0 0 0 0 0 0 0 0 0 0 0 0 0 0 0 0 0 0 0 0 0 0 0 0 0 0 0 0 0 0 0 0 0 0 0 0 0 0 0 0 0 0 0 0 0 0 0 0 0 0 7988842 0 0 0
ctxt 16070230
btime 1673080802
processes 5984
procs_running 1
procs_blocked 0
softirq 22018333 20048020 270316 49673 235368 8268 0 860399 378692 0 167597

cpu  10825 0 33600 3105418 1990 0 116516 0 0 0
cpu0 1358 0 1997 794180 507 0 23628 0 0 0
cpu1 6739 0 27406 732911 365 0 34964 0 0 0
cpu2 1339 0 2082 786548 509 0 31972 0 0 0
cpu3 1388 0 2114 791777 608 0 25950 0 0 0
intr 100925204 0 0 31766 75 0 8595 462062 0 0 0 65450 0 0 0 0 0 0 0 0 0 0 0 0 0 0 0 0 0 0 0 0 0 0 0 0 0 0 0 0 0 0 0 0 0 0 0 0 0 0 0 0 78603138 0 0 0 0 0 0 0 0 16013 0 8257 0 0 0 0 0 0 0 0 0 0 0 13390300 1 0 0 0 0 0 0 0 0 0 0 0 0 0 0 0 0 0 0 0 0 0 0 4742 4213 0 0 0 0 341259 0 0 0 0 0 0 0 0 0 0 0 0 0 0 0 0 0 0 0 0 0 0 0 0 0 0 0 0 0 0 0 0 0 0 0 0 0 0 0 0 0 0 0 0 0 0 0 0 0 0 0 0 0 0 0 0 0 0 0 0 0 0 0 0 0 0 0 0 0 0 0 0 0 0 0 7989334 0 0 0
ctxt 16071228
btime 1673080802
processes 5984
procs_running 1
procs_blocked 0
softirq 22018404 20048020 270332 49673 235369 8268 0 860417 378716 0 167609

cpu  10826 0 33602 3105611 1990 0 116516 0 0 0
cpu0 1358 0 1997 794229 507 0 23628 0 0 0
cpu1 6739 0 27408 732956 365 0 34964 0 0 0
cpu2 1339 0 2082 786598 509 0 31972 0 0 0
cpu3 1389 0 2114 791827 608 0 25950 0 0 0
intr 100929928 0 0 31766 75 0 8595 462088 0 0 0 65455 0 0 0 0 0 0 0 0 0 0 0 0 0 0 0 0 0 0 0 0 0 0 0 0 0 0 0 0 0 0 0 0 0 0 0 0 0 0 0 0 78607165 0 0 0 0 0 0 0 0 16013 0 8257 0 0 0 0 0 0 0 0 0 0 0 13390452 1 0 0 0 0 0 0 0 0 0 0 0 0 0 0 0 0 0 0 0 0 0 0 4742 4213 0 0 0 0 341281 0 0 0 0 0 0 0 0 0 0 0 0 0 0 0 0 0 0 0 0 0 0 0 0 0 0 0 0 0 0 0 0 0 0 0 0 0 0 0 0 0 0 0 0 0 0 0 0 0 0 0 0 0 0 0 0 0 0 0 0 0 0 0 0 0 0 0 0 0 0 0 0 0 0 0 7989826 0 0 0
ctxt 16072242
btime 1673080802
processes 5984
procs_running 1
procs_blocked 0
softirq 22018484 20048028 270348 49673 235370 8268 0 860435 378742 0 167620

cpu  10826 0 33604 3105805 1990 0 116516 0 0 0
cpu0 1358 0 1997 794278 507 0 23628 0 0 0
cpu1 6739 0 27410 733002 365 0 34964 0 0 0
cpu2 1339 0 2082 786647 509 0 31972 0 0 0
cpu3 1389 0 2114 791876 608 0 25950 0 0 0
intr 100934597 0 0 31766 75 0 8595 462110 0 0 0 65460 0 0 0 0 0 0 0 0 0 0 0 0 0 0 0 0 0 0 0 0 0 0 0 0 0 0 0 0 0 0 0 0 0 0 0 0 0 0 0 0 78611161 0 0 0 0 0 0 0 0 16013 0 8257 0 0 0 0 0 0 0 0 0 0 0 13390582 1 0 0 0 0 0 0 0 0 0 0 0 0 0 0 0 0 0 0 0 0 0 0 4742 4213 0 0 0 0 341303 0 0 0 0 0 0 0 0 0 0 0 0 0 0 0 0 0 0 0 0 0 0 0 0 0 0 0 0 0 0 0 0 0 0 0 0 0 0 0 0 0 0 0 0 0 0 0 0 0 0 0 0 0 0 0 0 0 0 0 0 0 0 0 0 0 0 0 0 0 0 0 0 0 0 0 7990320 0 0 0
ctxt 16073233
btime 1673080802
processes 5984
procs_running 1
procs_blocked 0
softirq 22018560 20048028 270364 49673 235371 8268 0 860454 378771 0 167631

cpu  10828 0 33606 3105998 1990 0 116516 0 0 0
cpu0 1358 0 1997 794328 507 0 23628 0 0 0
cpu1 6740 0 27411 733048 365 0 34964 0 0 0
cpu2 1339 0 2082 786696 509 0 31972 0 0 0
cpu3 1389 0 2114 791925 608 0 25950 0 0 0
intr 100939328 0 0 31767 75 0 8595 462146 0 0 0 65465 0 0 0 0 0 0 0 0 0 0 0 0 0 0 0 0 0 0 0 0 0 0 0 0 0 0 0 0 0 0 0 0 0 0 0 0 0 0 0 0 78615187 0 0 0 0 0 0 0 0 16013 0 8257 0 0 0 0 0 0 0 0 0 0 0 13390732 1 0 0 0 0 0 0 0 0 0 0 0 0 0 0 0 0 0 0 0 0 0 0 4742 4213 0 0 0 0 341325 0 0 0 0 0 0 0 0 0 0 0 0 0 0 0 0 0 0 0 0 0 0 0 0 0 0 0 0 0 0 0 0 0 0 0 0 0 0 0 0 0 0 0 0 0 0 0 0 0 0 0 0 0 0 0 0 0 0 0 0 0 0 0 0 0 0 0 0 0 0 0 0 0 0 0 7990812 0 0 0
ctxt 16074257
btime 1673080802
processes 5984
procs_running 1
procs_blocked 0
softirq 22018640 20048036 270380 49673 235372 8268 0 860473 378795 0 167643

cpu  10828 0 33607 3106192 1990 0 116516 0 0 0
cpu0 1358 0 1997 794377 507 0 23628 0 0 0
cpu1 6741 0 27412 733094 365 0 34964 0 0 0
cpu2 1339 0 2082 786745 509 0 31972 0 0 0
cpu3 1390 0 2114 791974 608 0 25950 0 0 0
intr 100943996 0 0 31767 75 0 8595 462173 0 0 0 65470 0 0 0 0 0 0 0 0 0 0 0 0 0 0 0 0 0 0 0 0 0 0 0 0 0 0 0 0 0 0 0 0 0 0 0 0 0 0 0 0 78619183 0 0 0 0 0 0 0 0 16013 0 8257 0 0 0 0 0 0 0 0 0 0 0 13390862 1 0 0 0 0 0 0 0 0 0 0 0 0 0 0 0 0 0 0 0 0 0 0 4742 4213 0 0 0 0 341347 0 0 0 0 0 0 0 0 0 0 0 0 0 0 0 0 0 0 0 0 0 0 0 0 0 0 0 0 0 0 0 0 0 0 0 0 0 0 0 0 0 0 0 0 0 0 0 0 0 0 0 0 0 0 0 0 0 0 0 0 0 0 0 0 0 0 0 0 0 0 0 0 0 0 0 7991299 0 0 0
ctxt 16075258
btime 1673080802
processes 5984
procs_running 1
procs_blocked 0
softirq 22018706 20048036 270395 49673 235373 8268 0 860492 378816 0 167653

cpu  10830 0 33608 3106385 1990 0 116516 0 0 0
cpu0 1358 0 1997 794426 507 0 23628 0 0 0
cpu1 6742 0 27414 733140 365 0 34964 0 0 0
cpu2 1339 0 2082 786795 509 0 31972 0 0 0
cpu3 1390 0 2114 792023 608 0 25950 0 0 0
intr 100948722 0 0 31767 75 0 8595 462204 0 0 0 65475 0 0 0 0 0 0 0 0 0 0 0 0 0 0 0 0 0 0 0 0 0 0 0 0 0 0 0 0 0 0 0 0 0 0 0 0 0 0 0 0 78623207 0 0 0 0 0 0 0 0 16013 0 8257 0 0 0 0 0 0 0 0 0 0 0 13391014 1 0 0 0 0 0 0 0 0 0 0 0 0 0 0 0 0 0 0 0 0 0 0 4742 4213 0 0 0 0 341369 0 0 0 0 0 0 0 0 0 0 0 0 0 0 0 0 0 0 0 0 0 0 0 0 0 0 0 0 0 0 0 0 0 0 0 0 0 0 0 0 0 0 0 0 0 0 0 0 0 0 0 0 0 0 0 0 0 0 0 0 0 0 0 0 0 0 0 0 0 0 0 0 0 0 0 7991791 0 0 0
ctxt 16076274
btime 1673080802
processes 5984
procs_running 1
procs_blocked 0
softirq 22018786 20048044 270412 49674 235374 8268 0 860510 378841 0 167663

cpu  10830 0 33611 3106579 1990 0 116516 0 0 0
cpu0 1358 0 1997 794476 507 0 23628 0 0 0
cpu1 6742 0 27416 733186 365 0 34964 0 0 0
cpu2 1339 0 2082 786844 509 0 31972 0 0 0
cpu3 1390 0 2114 792072 608 0 25950 0 0 0
intr 100953424 0 0 31767 75 0 8595 462240 0 0 0 65480 0 0 0 0 0 0 0 0 0 0 0 0 0 0 0 0 0 0 0 0 0 0 0 0 0 0 0 0 0 0 0 0 0 0 0 0 0 0 0 0 78627212 0 0 0 0 0 0 0 0 16013 0 8257 0 0 0 0 0 0 0 0 0 0 0 13391144 1 0 0 0 0 0 0 0 0 0 0 0 0 0 0 0 0 0 0 0 0 0 0 4742 4213 0 0 0 0 341400 0 0 0 0 0 0 0 0 0 0 0 0 0 0 0 0 0 0 0 0 0 0 0 0 0 0 0 0 0 0 0 0 0 0 0 0 0 0 0 0 0 0 0 0 0 0 0 0 0 0 0 0 0 0 0 0 0 0 0 0 0 0 0 0 0 0 0 0 0 0 0 0 0 0 0 7992287 0 0 0
ctxt 16077292
btime 1673080802
processes 5984
procs_running 1
procs_blocked 0
softirq 22018871 20048044 270429 49674 235375 8268 0 860536 378871 0 167674

cpu  10832 0 33612 3106772 1990 0 116516 0 0 0
cpu0 1358 0 1997 794525 507 0 23628 0 0 0
cpu1 6743 0 27418 733232 365 0 34964 0 0 0
cpu2 1339 0 2082 786893 509 0 31972 0 0 0
cpu3 1391 0 2114 792121 608 0 25950 0 0 0
intr 100958147 0 0 31768 75 0 8595 462271 0 0 0 65485 0 0 0 0 0 0 0 0 0 0 0 0 0 0 0 0 0 0 0 0 0 0 0 0 0 0 0 0 0 0 0 0 0 0 0 0 0 0 0 0 78631230 0 0 0 0 0 0 0 0 16013 0 8257 0 0 0 0 0 0 0 0 0 0 0 13391296 1 0 0 0 0 0 0 0 0 0 0 0 0 0 0 0 0 0 0 0 0 0 0 4742 4213 0 0 0 0 341422 0 0 0 0 0 0 0 0 0 0 0 0 0 0 0 0 0 0 0 0 0 0 0 0 0 0 0 0 0 0 0 0 0 0 0 0 0 0 0 0 0 0 0 0 0 0 0 0 0 0 0 0 0 0 0 0 0 0 0 0 0 0 0 0 0 0 0 0 0 0 0 0 0 0 0 7992779 0 0 0
ctxt 16078314
btime 1673080802
processes 5984
procs_running 1
procs_blocked 0
softirq 22018954 20048052 270446 49674 235376 8268 0 860554 378898 0 167686

cpu  10834 0 33613 3106966 1990 0 116516 0 0 0
cpu0 1358 0 1997 794574 507 0 23628 0 0 0
cpu1 6744 0 27419 733277 365 0 34964 0 0 0
cpu2 1339 0 2082 786942 509 0 31972 0 0 0
cpu3 1391 0 2114 792170 608 0 25950 0 0 0
intr 100962823 0 0 31768 75 0 8595 462298 0 0 0 65490 0 0 0 0 0 0 0 0 0 0 0 0 0 0 0 0 0 0 0 0 0 0 0 0 0 0 0 0 0 0 0 0 0 0 0 0 0 0 0 0 78635227 0 0 0 0 0 0 0 0 16013 0 8257 0 0 0 0 0 0 0 0 0 0 0 13391426 1 0 0 0 0 0 0 0 0 0 0 0 0 0 0 0 0 0 0 0 0 0 0 4742 4213 0 0 0 0 341444 0 0 0 0 0 0 0 0 0 0 0 0 0 0 0 0 0 0 0 0 0 0 0 0 0 0 0 0 0 0 0 0 0 0 0 0 0 0 0 0 0 0 0 0 0 0 0 0 0 0 0 0 0 0 0 0 0 0 0 0 0 0 0 0 0 0 0 0 0 0 0 0 0 0 0 7993275 0 0 0
ctxt 16079315
btime 1673080802
processes 5984
procs_running 1
procs_blocked 0
softirq 22019028 20048052 270462 49674 235377 8268 0 860573 378925 0 167697

cpu  10834 0 33615 3107159 1990 0 116516 0 0 0
cpu0 1358 0 1997 794623 507 0 23628 0 0 0
cpu1 6744 0 27420 733323 365 0 34964 0 0 0
cpu2 1339 0 2082 786992 509 0 31972 0 0 0
cpu3 1392 0 2114 792219 608 0 25950 0 0 0
intr 100967582 0 0 31774 75 0 8596 462334 0 0 0 65495 0 0 0 0 0 0 0 0 0 0 0 0 0 0 0 0 0 0 0 0 0 0 0 0 0 0 0 0 0 0 0 0 0 0 0 0 0 0 0 0 78639255 0 0 0 0 0 0 0 0 16013 0 8257 0 0 0 0 0 0 0 0 0 0 0 13391578 1 0 0 0 0 0 0 0 0 0 0 0 0 0 0 0 0 0 0 0 0 0 0 4742 4213 0 0 0 0 341466 0 0 0 0 0 0 0 0 0 0 0 0 0 0 0 0 0 0 0 0 0 0 0 0 0 0 0 0 0 0 0 0 0 0 0 0 0 0 0 0 0 0 0 0 0 0 0 0 0 0 0 0 0 0 0 0 0 0 0 0 0 0 0 0 0 0 0 0 0 0 0 0 0 0 0 7993784 0 0 0
ctxt 16080351
btime 1673080802
processes 5985
procs_running 1
procs_blocked 0
softirq 22019125 20048060 270480 49674 235378 8268 0 860591 378954 0 167720

cpu  10835 0 33616 3107352 1990 0 116516 0 0 0
cpu0 1358 0 1997 794673 507 0 23628 0 0 0
cpu1 6745 0 27422 733369 365 0 34964 0 0 0
cpu2 1339 0 2082 787041 509 0 31972 0 0 0
cpu3 1392 0 2114 792268 608 0 25950 0 0 0
intr 100972258 0 0 31776 75 0 8596 462364 0 0 0 65500 0 0 0 0 0 0 0 0 0 0 0 0 0 0 0 0 0 0 0 0 0 0 0 0 0 0 0 0 0 0 0 0 0 0 0 0 0 0 0 0 78643250 0 0 0 0 0 0 0 0 16013 0 8257 0 0 0 0 0 0 0 0 0 0 0 13391708 1 0 0 0 0 0 0 0 0 0 0 0 0 0 0 0 0 0 0 0 0 0 0 4742 4213 0 0 0 0 341488 0 0 0 0 0 0 0 0 0 0 0 0 0 0 0 0 0 0 0 0 0 0 0 0 0 0 0 0 0 0 0 0 0 0 0 0 0 0 0 0 0 0 0 0 0 0 0 0 0 0 0 0 0 0 0 0 0 0 0 0 0 0 0 0 0 0 0 0 0 0 0 0 0 0 0 7994276 0 0 0
ctxt 16081356
btime 1673080802
processes 5985
procs_running 1
procs_blocked 0
softirq 22019196 20048060 270497 49674 235379 8268 0 860610 378977 0 167731

cpu  10836 0 33618 3107546 1990 0 116516 0 0 0
cpu0 1358 0 1998 794722 507 0 23628 0 0 0
cpu1 6745 0 27423 733415 365 0 34964 0 0 0
cpu2 1339 0 2082 787090 509 0 31972 0 0 0
cpu3 1392 0 2114 792318 608 0 25950 0 0 0
intr 100976992 0 0 31777 75 0 8596 462400 0 0 0 65505 0 0 0 0 0 0 0 0 0 0 0 0 0 0 0 0 0 0 0 0 0 0 0 0 0 0 0 0 0 0 0 0 0 0 0 0 0 0 0 0 78647278 0 0 0 0 0 0 0 0 16013 0 8257 0 0 0 0 0 0 0 0 0 0 0 13391860 1 0 0 0 0 0 0 0 0 0 0 0 0 0 0 0 0 0 0 0 0 0 0 4742 4213 0 0 0 0 341510 0 0 0 0 0 0 0 0 0 0 0 0 0 0 0 0 0 0 0 0 0 0 0 0 0 0 0 0 0 0 0 0 0 0 0 0 0 0 0 0 0 0 0 0 0 0 0 0 0 0 0 0 0 0 0 0 0 0 0 0 0 0 0 0 0 0 0 0 0 0 0 0 0 0 0 7994766 0 0 0
ctxt 16082375
btime 1673080802
processes 5985
procs_running 1
procs_blocked 0
softirq 22019273 20048068 270513 49674 235380 8268 0 860628 378999 0 167743

cpu  10836 0 33621 3107739 1990 0 116516 0 0 0
cpu0 1358 0 1998 794771 507 0 23628 0 0 0
cpu1 6745 0 27426 733460 365 0 34964 0 0 0
cpu2 1339 0 2082 787140 509 0 31972 0 0 0
cpu3 1393 0 2114 792367 608 0 25950 0 0 0
intr 100981690 0 0 31781 75 0 8596 462434 0 0 0 65510 0 0 0 0 0 0 0 0 0 0 0 0 0 0 0 0 0 0 0 0 0 0 0 0 0 0 0 0 0 0 0 0 0 0 0 0 0 0 0 0 78651275 0 0 0 0 0 0 0 0 16013 0 8257 0 0 0 0 0 0 0 0 0 0 0 13391990 1 0 0 0 0 0 0 0 0 0 0 0 0 0 0 0 0 0 0 0 0 0 0 4742 4213 0 0 0 0 341541 0 0 0 0 0 0 0 0 0 0 0 0 0 0 0 0 0 0 0 0 0 0 0 0 0 0 0 0 0 0 0 0 0 0 0 0 0 0 0 0 0 0 0 0 0 0 0 0 0 0 0 0 0 0 0 0 0 0 0 0 0 0 0 0 0 0 0 0 0 0 0 0 0 0 0 7995263 0 0 0
ctxt 16083403
btime 1673080802
processes 5985
procs_running 1
procs_blocked 0
softirq 22019352 20048068 270530 49674 235381 8268 0 860654 379022 0 167755

cpu  10837 0 33623 3107908 1990 0 116542 0 0 0
cpu0 1358 0 1998 794820 507 0 23628 0 0 0
cpu1 6745 0 27427 733482 365 0 34989 0 0 0
cpu2 1339 0 2082 787188 509 0 31972 0 0 0
cpu3 1393 0 2114 792415 608 0 25951 0 0 0
intr 100986751 0 0 31783 75 0 8597 462468 0 0 0 65513 0 0 0 0 0 0 0 0 0 0 0 0 0 0 0 0 0 0 0 0 0 0 0 0 0 0 0 0 0 0 0 0 0 0 0 0 0 0 0 0 78655548 0 0 0 0 0 0 0 0 16013 0 8257 0 0 0 0 0 0 0 0 0 0 0 13392391 1 0 0 0 0 0 0 0 0 0 0 0 0 0 0 0 0 0 0 0 0 0 0 4742 4213 0 0 0 0 341563 0 0 0 0 0 0 0 0 0 0 0 0 0 0 0 0 0 0 0 0 0 0 0 0 0 0 0 0 0 0 0 0 0 0 0 0 0 0 0 0 0 0 0 0 0 0 0 0 0 0 0 0 0 0 0 0 0 0 0 0 0 0 0 0 0 0 0 0 0 0 0 0 0 0 0 7995588 0 0 0
ctxt 16083938
btime 1673080802
processes 5985
procs_running 4
procs_blocked 0
softirq 22019668 20048280 270550 49676 235390 8268 0 860682 379053 0 167769

cpu  10838 0 33624 3108084 1990 0 116554 0 0 0
cpu0 1358 0 1998 794869 507 0 23628 0 0 0
cpu1 6746 0 27428 733525 365 0 34993 0 0 0
cpu2 1339 0 2082 787233 509 0 31975 0 0 0
cpu3 1393 0 2114 792456 608 0 25956 0 0 0
intr 100992375 0 0 31783 75 0 8597 462503 0 0 0 65513 0 0 0 0 0 0 0 0 0 0 0 0 0 0 0 0 0 0 0 0 0 0 0 0 0 0 0 0 0 0 0 0 0 0 0 0 0 0 0 0 78660036 0 0 0 0 0 0 0 0 16013 0 8257 0 0 0 0 0 0 0 0 0 0 0 13392974 1 0 0 0 0 0 0 0 0 0 0 0 0 0 0 0 0 0 0 0 0 0 0 4742 4213 0 0 0 0 341585 0 0 0 0 0 0 0 0 0 0 0 0 0 0 0 0 0 0 0 0 0 0 0 0 0 0 0 0 0 0 0 0 0 0 0 0 0 0 0 0 0 0 0 0 0 0 0 0 0 0 0 0 0 0 0 0 0 0 0 0 0 0 0 0 0 0 0 0 0 0 0 0 0 0 0 7996083 0 0 0
ctxt 16084907
btime 1673080802
processes 5985
procs_running 2
procs_blocked 0
softirq 22020133 20048574 270573 49678 235415 8268 0 860770 379072 0 167783

cpu  10838 0 33626 3108262 1990 0 116567 0 0 0
cpu0 1358 0 1998 794917 507 0 23628 0 0 0
cpu1 6746 0 27430 733567 365 0 34998 0 0 0
cpu2 1339 0 2082 787278 509 0 31978 0 0 0
cpu3 1393 0 2114 792498 608 0 25960 0 0 0
intr 100997778 0 0 31784 75 0 8597 462534 0 0 0 65513 0 0 0 0 0 0 0 0 0 0 0 0 0 0 0 0 0 0 0 0 0 0 0 0 0 0 0 0 0 0 0 0 0 0 0 0 0 0 0 0 78664413 0 0 0 0 0 0 0 0 16013 0 8257 0 0 0 0 0 0 0 0 0 0 0 13393491 1 0 0 0 0 0 0 0 0 0 0 0 0 0 0 0 0 0 0 0 0 0 0 4742 4213 0 0 0 0 341607 0 0 0 0 0 0 0 0 0 0 0 0 0 0 0 0 0 0 0 0 0 0 0 0 0 0 0 0 0 0 0 0 0 0 0 0 0 0 0 0 0 0 0 0 0 0 0 0 0 0 0 0 0 0 0 0 0 0 0 0 0 0 0 0 0 0 0 0 0 0 0 0 0 0 0 7996538 0 0 0
ctxt 16085796
btime 1673080802
processes 5985
procs_running 1
procs_blocked 0
softirq 22020416 20048702 270588 49678 235434 8268 0 860854 379097 0 167795

cpu  10839 0 33627 3108444 1990 0 116577 0 0 0
cpu0 1358 0 1998 794963 507 0 23630 0 0 0
cpu1 6746 0 27431 733608 365 0 35006 0 0 0
cpu2 1340 0 2082 787326 509 0 31979 0 0 0
cpu3 1393 0 2114 792545 608 0 25960 0 0 0
intr 101003322 0 0 31784 75 0 8597 462566 0 0 0 65513 0 0 0 0 0 0 0 0 0 0 0 0 0 0 0 0 0 0 0 0 0 0 0 0 0 0 0 0 0 0 0 0 0 0 0 0 0 0 0 0 78668889 0 0 0 0 0 0 0 0 16013 0 8257 0 0 0 0 0 0 0 0 0 0 0 13394071 1 0 0 0 0 0 0 0 0 0 0 0 0 0 0 0 0 0 0 0 0 0 0 4742 4213 0 0 0 0 341629 0 0 0 0 0 0 0 0 0 0 0 0 0 0 0 0 0 0 0 0 0 0 0 0 0 0 0 0 0 0 0 0 0 0 0 0 0 0 0 0 0 0 0 0 0 0 0 0 0 0 0 0 0 0 0 0 0 0 0 0 0 0 0 0 0 0 0 0 0 0 0 0 0 0 0 7996973 0 0 0
ctxt 16086678
btime 1673080802
processes 5985
procs_running 2
procs_blocked 0
softirq 22020828 20048947 270607 49678 235458 8268 0 860944 379119 0 167807

cpu  10840 0 33627 3108617 1990 0 116594 0 0 0
cpu0 1358 0 1998 795007 507 0 23634 0 0 0
cpu1 6747 0 27432 733654 365 0 35006 0 0 0
cpu2 1340 0 2082 787375 509 0 31979 0 0 0
cpu3 1393 0 2114 792579 608 0 25973 0 0 0
intr 101008914 0 0 31784 75 0 8597 462601 0 0 0 65513 0 0 0 0 0 0 0 0 0 0 0 0 0 0 0 0 0 0 0 0 0 0 0 0 0 0 0 0 0 0 0 0 0 0 0 0 0 0 0 0 78673321 0 0 0 0 0 0 0 0 16013 0 8257 0 0 0 0 0 0 0 0 0 0 0 13394628 1 0 0 0 0 0 0 0 0 0 0 0 0 0 0 0 0 0 0 0 0 0 0 4742 4213 0 0 0 0 341666 0 0 0 0 0 0 0 0 0 0 0 0 0 0 0 0 0 0 0 0 0 0 0 0 0 0 0 0 0 0 0 0 0 0 0 0 0 0 0 0 0 0 0 0 0 0 0 0 0 0 0 0 0 0 0 0 0 0 0 0 0 0 0 0 0 0 0 0 0 0 0 0 0 0 0 7997503 0 0 0
ctxt 16087731
btime 1673080802
processes 5985
procs_running 1
procs_blocked 0
softirq 22021287 20049248 270629 49678 235480 8268 0 861027 379133 0 167824

cpu  10840 0 33627 3108795 1990 0 116604 0 0 0
cpu0 1358 0 1998 795051 507 0 23636 0 0 0
cpu1 6747 0 27432 733697 365 0 35010 0 0 0
cpu2 1340 0 2082 787419 509 0 31983 0 0 0
cpu3 1393 0 2114 792626 608 0 25973 0 0 0
intr 101014450 0 0 31784 75 0 8597 462631 0 0 0 65513 0 0 0 0 0 0 0 0 0 0 0 0 0 0 0 0 0 0 0 0 0 0 0 0 0 0 0 0 0 0 0 0 0 0 0 0 0 0 0 0 78677784 0 0 0 0 0 0 0 0 16013 0 8257 0 0 0 0 0 0 0 0 0 0 0 13395210 1 0 0 0 0 0 0 0 0 0 0 0 0 0 0 0 0 0 0 0 0 0 0 4742 4213 0 0 0 0 341688 0 0 0 0 0 0 0 0 0 0 0 0 0 0 0 0 0 0 0 0 0 0 0 0 0 0 0 0 0 0 0 0 0 0 0 0 0 0 0 0 0 0 0 0 0 0 0 0 0 0 0 0 0 0 0 0 0 0 0 0 0 0 0 0 0 0 0 0 0 0 0 0 0 0 0 7997942 0 0 0
ctxt 16088624
btime 1673080802
processes 5985
procs_running 1
procs_blocked 0
softirq 22021644 20049458 270646 49678 235505 8268 0 861106 379146 0 167837

cpu  10842 0 33630 3108967 1990 0 116618 0 0 0
cpu0 1358 0 1998 795093 507 0 23642 0 0 0
cpu1 6748 0 27432 733738 365 0 35017 0 0 0
cpu2 1341 0 2082 787464 509 0 31984 0 0 0
cpu3 1394 0 2115 792671 608 0 25974 0 0 0
intr 101020066 0 0 31784 75 0 8610 462694 0 0 0 65513 0 0 0 0 0 0 0 0 0 0 0 0 0 0 0 0 0 0 0 0 0 0 0 0 0 0 0 0 0 0 0 0 0 0 0 0 0 0 0 0 78682211 0 0 0 0 0 0 0 0 16013 0 8257 0 0 0 0 0 0 0 0 0 0 0 13395748 1 0 0 0 0 0 0 0 0 0 0 0 0 0 0 0 0 0 0 0 0 0 0 4742 4213 0 0 0 0 341727 0 0 0 0 0 0 0 0 0 0 0 0 0 0 0 0 0 0 0 0 0 0 0 0 0 0 0 0 0 0 0 0 0 0 0 0 0 0 0 0 0 0 0 0 0 0 0 0 0 0 0 0 0 0 0 0 0 0 0 0 0 0 0 0 0 0 0 0 0 0 0 0 0 0 0 7998479 0 0 0
ctxt 16089650
btime 1673080802
processes 5996
procs_running 2
procs_blocked 0
softirq 22022117 20049676 270679 49678 235530 8268 0 861194 379194 0 167898

cpu  10843 0 33632 3109145 1990 0 116633 0 0 0
cpu0 1358 0 1999 795136 507 0 23646 0 0 0
cpu1 6748 0 27434 733775 365 0 35027 0 0 0
cpu2 1341 0 2082 787512 509 0 31986 0 0 0
cpu3 1394 0 2115 792720 608 0 25974 0 0 0
intr 101025713 0 0 31785 75 0 8610 462742 0 0 0 65513 0 0 0 0 0 0 0 0 0 0 0 0 0 0 0 0 0 0 0 0 0 0 0 0 0 0 0 0 0 0 0 0 0 0 0 0 0 0 0 0 78686741 0 0 0 0 0 0 0 0 16013 0 8257 0 0 0 0 0 0 0 0 0 0 0 13396349 1 0 0 0 0 0 0 0 0 0 0 0 0 0 0 0 0 0 0 0 0 0 0 4742 4213 0 0 0 0 341756 0 0 0 0 0 0 0 0 0 0 0 0 0 0 0 0 0 0 0 0 0 0 0 0 0 0 0 0 0 0 0 0 0 0 0 0 0 0 0 0 0 0 0 0 0 0 0 0 0 0 0 0 0 0 0 0 0 0 0 0 0 0 0 0 0 0 0 0 0 0 0 0 0 0 0 7998916 0 0 0
ctxt 16090518
btime 1673080802
processes 5996
procs_running 2
procs_blocked 0
softirq 22022679 20050062 270700 49678 235549 8268 0 861270 379232 0 167920

cpu  10843 0 33633 3109320 1990 0 116646 0 0 0
cpu0 1358 0 1999 795179 507 0 23651 0 0 0
cpu1 6748 0 27436 733818 365 0 35030 0 0 0
cpu2 1341 0 2082 787554 509 0 31990 0 0 0
cpu3 1394 0 2115 792768 608 0 25974 0 0 0
intr 101031054 0 0 31785 75 0 8610 462771 0 0 0 65513 0 0 0 0 0 0 0 0 0 0 0 0 0 0 0 0 0 0 0 0 0 0 0 0 0 0 0 0 0 0 0 0 0 0 0 0 0 0 0 0 78691056 0 0 0 0 0 0 0 0 16013 0 8257 0 0 0 0 0 0 0 0 0 0 0 13396837 1 0 0 0 0 0 0 0 0 0 0 0 0 0 0 0 0 0 0 0 0 0 0 4742 4213 0 0 0 0 341785 0 0 0 0 0 0 0 0 0 0 0 0 0 0 0 0 0 0 0 0 0 0 0 0 0 0 0 0 0 0 0 0 0 0 0 0 0 0 0 0 0 0 0 0 0 0 0 0 0 0 0 0 0 0 0 0 0 0 0 0 0 0 0 0 0 0 0 0 0 0 0 0 0 0 0 7999397 0 0 0
ctxt 16091467
btime 1673080802
processes 5996
procs_running 2
procs_blocked 0
softirq 22023138 20050355 270722 49678 235570 8268 0 861352 379258 0 167935

cpu  10844 0 33636 3109496 1990 0 116657 0 0 0
cpu0 1358 0 1999 795224 507 0 23654 0 0 0
cpu1 6749 0 27438 733863 365 0 35031 0 0 0
cpu2 1341 0 2082 787597 509 0 31995 0 0 0
cpu3 1394 0 2115 792810 608 0 25976 0 0 0
intr 101036656 0 0 31785 75 0 8610 462799 0 0 0 65513 0 0 0 0 0 0 0 0 0 0 0 0 0 0 0 0 0 0 0 0 0 0 0 0 0 0 0 0 0 0 0 0 0 0 0 0 0 0 0 0 78695528 0 0 0 0 0 0 0 0 16013 0 8257 0 0 0 0 0 0 0 0 0 0 0 13397427 1 0 0 0 0 0 0 0 0 0 0 0 0 0 0 0 0 0 0 0 0 0 0 4742 4213 0 0 0 0 341807 0 0 0 0 0 0 0 0 0 0 0 0 0 0 0 0 0 0 0 0 0 0 0 0 0 0 0 0 0 0 0 0 0 0 0 0 0 0 0 0 0 0 0 0 0 0 0 0 0 0 0 0 0 0 0 0 0 0 0 0 0 0 0 0 0 0 0 0 0 0 0 0 0 0 0 7999886 0 0 0
ctxt 16092470
btime 1673080802
processes 5996
procs_running 1
procs_blocked 0
softirq 22023651 20050699 270742 49678 235593 8268 0 861430 379291 0 167950

cpu  10844 0 33638 3109666 1990 0 116674 0 0 0
cpu0 1358 0 1999 795262 507 0 23662 0 0 0
cpu1 6749 0 27440 733906 365 0 35034 0 0 0
cpu2 1341 0 2082 787643 509 0 31998 0 0 0
cpu3 1394 0 2115 792854 608 0 25979 0 0 0
intr 101042246 0 0 31789 75 0 8612 462833 0 0 0 65516 0 0 0 0 0 0 0 0 0 0 0 0 0 0 0 0 0 0 0 0 0 0 0 0 0 0 0 0 0 0 0 0 0 0 0 0 0 0 0 0 78699974 0 0 0 0 0 0 0 0 16013 0 8257 0 0 0 0 0 0 0 0 0 0 0 13397995 1 0 0 0 0 0 0 0 0 0 0 0 0 0 0 0 0 0 0 0 0 0 0 4742 4213 0 0 0 0 341836 0 0 0 0 0 0 0 0 0 0 0 0 0 0 0 0 0 0 0 0 0 0 0 0 0 0 0 0 0 0 0 0 0 0 0 0 0 0 0 0 0 0 0 0 0 0 0 0 0 0 0 0 0 0 0 0 0 0 0 0 0 0 0 0 0 0 0 0 0 0 0 0 0 0 0 8000392 0 0 0
ctxt 16093459
btime 1673080802
processes 5996
procs_running 2
procs_blocked 0
softirq 22024321 20051170 270765 49678 235609 8268 0 861535 379332 0 167964

cpu  10844 0 33641 3109831 1990 0 116691 0 0 0
cpu0 1358 0 1999 795303 507 0 23666 0 0 0
cpu1 6750 0 27443 733948 365 0 35036 0 0 0
cpu2 1341 0 2083 787686 509 0 32002 0 0 0
cpu3 1394 0 2115 792893 608 0 25986 0 0 0
intr 101047886 0 0 31798 75 0 8612 462896 0 0 0 65521 0 0 0 0 0 0 0 0 0 0 0 0 0 0 0 0 0 0 0 0 0 0 0 0 0 0 0 0 0 0 0 0 0 0 0 0 0 0 0 0 78704414 0 0 0 0 0 0 0 0 16013 0 8257 0 0 0 0 0 0 0 0 0 0 0 13398561 1 0 0 0 0 0 0 0 0 0 0 0 0 0 0 0 0 0 0 0 0 0 0 4742 4213 0 0 0 0 341878 0 0 0 0 0 0 0 0 0 0 0 0 0 0 0 0 0 0 0 0 0 0 0 0 0 0 0 0 0 0 0 0 0 0 0 0 0 0 0 0 0 0 0 0 0 0 0 0 0 0 0 0 0 0 0 0 0 0 0 0 0 0 0 0 0 0 0 0 0 0 0 0 0 0 0 8000906 0 0 0
ctxt 16094496
btime 1673080802
processes 5996
procs_running 3
procs_blocked 0
softirq 22024782 20051446 270790 49678 235628 8268 0 861622 379371 0 167979

cpu  10844 0 33643 3110000 1990 0 116710 0 0 0
cpu0 1358 0 1999 795350 507 0 23667 0 0 0
cpu1 6750 0 27445 733991 365 0 35040 0 0 0
cpu2 1341 0 2083 787724 509 0 32009 0 0 0
cpu3 1394 0 2115 792934 608 0 25993 0 0 0
intr 101053431 0 0 31806 75 0 8612 462923 0 0 0 65526 0 0 0 0 0 0 0 0 0 0 0 0 0 0 0 0 0 0 0 0 0 0 0 0 0 0 0 0 0 0 0 0 0 0 0 0 0 0 0 0 78708860 0 0 0 0 0 0 0 0 16013 0 8257 0 0 0 0 0 0 0 0 0 0 0 13399127 1 0 0 0 0 0 0 0 0 0 0 0 0 0 0 0 0 0 0 0 0 0 0 4742 4213 0 0 0 0 341895 0 0 0 0 0 0 0 0 0 0 0 0 0 0 0 0 0 0 0 0 0 0 0 0 0 0 0 0 0 0 0 0 0 0 0 0 0 0 0 0 0 0 0 0 0 0 0 0 0 0 0 0 0 0 0 0 0 0 0 0 0 0 0 0 0 0 0 0 0 0 0 0 0 0 0 8001382 0 0 0
ctxt 16095386
btime 1673080802
processes 5996
procs_running 3
procs_blocked 0
softirq 22025215 20051700 270811 49679 235649 8268 0 861711 379404 0 167993

cpu  10845 0 33644 3110166 1990 0 116727 0 0 0
cpu0 1358 0 1999 795390 507 0 23671 0 0 0
cpu1 6751 0 27446 734033 365 0 35042 0 0 0
cpu2 1341 0 2083 787772 509 0 32009 0 0 0
cpu3 1394 0 2115 792970 608 0 26004 0 0 0
intr 101059028 0 0 31810 75 0 8613 462958 0 0 0 65530 0 0 0 0 0 0 0 0 0 0 0 0 0 0 0 0 0 0 0 0 0 0 0 0 0 0 0 0 0 0 0 0 0 0 0 0 0 0 0 0 78713307 0 0 0 0 0 0 0 0 16013 0 8257 0 0 0 0 0 0 0 0 0 0 0 13399707 1 0 0 0 0 0 0 0 0 0 0 0 0 0 0 0 0 0 0 0 0 0 0 4742 4213 0 0 0 0 341917 0 0 0 0 0 0 0 0 0 0 0 0 0 0 0 0 0 0 0 0 0 0 0 0 0 0 0 0 0 0 0 0 0 0 0 0 0 0 0 0 0 0 0 0 0 0 0 0 0 0 0 0 0 0 0 0 0 0 0 0 0 0 0 0 0 0 0 0 0 0 0 0 0 0 0 8001888 0 0 0
ctxt 16096372
btime 1673080802
processes 5996
procs_running 3
procs_blocked 0
softirq 22025767 20052055 270835 49679 235668 8268 0 861816 379437 0 168009

cpu  10846 0 33646 3110347 1990 0 116736 0 0 0
cpu0 1358 0 1999 795432 507 0 23675 0 0 0
cpu1 6752 0 27448 734077 365 0 35046 0 0 0
cpu2 1341 0 2083 787819 509 0 32009 0 0 0
cpu3 1394 0 2115 793018 608 0 26004 0 0 0
intr 101064472 0 0 31810 75 0 8613 462982 0 0 0 65530 0 0 0 0 0 0 0 0 0 0 0 0 0 0 0 0 0 0 0 0 0 0 0 0 0 0 0 0 0 0 0 0 0 0 0 0 0 0 0 0 78717713 0 0 0 0 0 0 0 0 16013 0 8257 0 0 0 0 0 0 0 0 0 0 0 13400223 1 0 0 0 0 0 0 0 0 0 0 0 0 0 0 0 0 0 0 0 0 0 0 4742 4213 0 0 0 0 341939 0 0 0 0 0 0 0 0 0 0 0 0 0 0 0 0 0 0 0 0 0 0 0 0 0 0 0 0 0 0 0 0 0 0 0 0 0 0 0 0 0 0 0 0 0 0 0 0 0 0 0 0 0 0 0 0 0 0 0 0 0 0 0 0 0 0 0 0 0 0 0 0 0 0 0 8002361 0 0 0
ctxt 16097322
btime 1673080802
processes 5996
procs_running 1
procs_blocked 0
softirq 22026213 20052354 270854 49679 235688 8268 0 861881 379464 0 168025

cpu  10848 0 33647 3110524 1990 0 116745 0 0 0
cpu0 1358 0 1999 795479 507 0 23675 0 0 0
cpu1 6753 0 27448 734120 365 0 35050 0 0 0
cpu2 1341 0 2083 787862 509 0 32011 0 0 0
cpu3 1394 0 2116 793062 608 0 26007 0 0 0
intr 101069993 0 0 31811 75 0 8613 463017 0 0 0 65530 0 0 0 0 0 0 0 0 0 0 0 0 0 0 0 0 0 0 0 0 0 0 0 0 0 0 0 0 0 0 0 0 0 0 0 0 0 0 0 0 78722154 0 0 0 0 0 0 0 0 16013 0 8257 0 0 0 0 0 0 0 0 0 0 0 13400794 1 0 0 0 0 0 0 0 0 0 0 0 0 0 0 0 0 0 0 0 0 0 0 4742 4213 0 0 0 0 341961 0 0 0 0 0 0 0 0 0 0 0 0 0 0 0 0 0 0 0 0 0 0 0 0 0 0 0 0 0 0 0 0 0 0 0 0 0 0 0 0 0 0 0 0 0 0 0 0 0 0 0 0 0 0 0 0 0 0 0 0 0 0 0 0 0 0 0 0 0 0 0 0 0 0 0 8002813 0 0 0
ctxt 16098229
btime 1673080802
processes 5996
procs_running 2
procs_blocked 0
softirq 22026708 20052673 270874 49679 235713 8268 0 861963 379499 0 168039

cpu  10848 0 33648 3110699 1990 0 116761 0 0 0
cpu0 1358 0 1999 795520 507 0 23682 0 0 0
cpu1 6753 0 27450 734162 365 0 35056 0 0 0
cpu2 1341 0 2083 787910 509 0 32012 0 0 0
cpu3 1394 0 2116 793106 608 0 26010 0 0 0
intr 101075520 0 0 31815 75 0 8613 463048 0 0 0 65530 0 0 0 0 0 0 0 0 0 0 0 0 0 0 0 0 0 0 0 0 0 0 0 0 0 0 0 0 0 0 0 0 0 0 0 0 0 0 0 0 78726595 0 0 0 0 0 0 0 0 16013 0 8257 0 0 0 0 0 0 0 0 0 0 0 13401349 1 0 0 0 0 0 0 0 0 0 0 0 0 0 0 0 0 0 0 0 0 0 0 4742 4213 0 0 0 0 341983 0 0 0 0 0 0 0 0 0 0 0 0 0 0 0 0 0 0 0 0 0 0 0 0 0 0 0 0 0 0 0 0 0 0 0 0 0 0 0 0 0 0 0 0 0 0 0 0 0 0 0 0 0 0 0 0 0 0 0 0 0 0 0 0 0 0 0 0 0 0 0 0 0 0 0 8003286 0 0 0
ctxt 16099144
btime 1673080802
processes 5996
procs_running 1
procs_blocked 0
softirq 22027117 20052926 270891 49679 235736 8268 0 862039 379525 0 168053

cpu  10848 0 33650 3110876 1990 0 116774 0 0 0
cpu0 1358 0 1999 795566 507 0 23682 0 0 0
cpu1 6754 0 27451 734205 365 0 35060 0 0 0
cpu2 1341 0 2083 787952 509 0 32018 0 0 0
cpu3 1394 0 2116 793151 608 0 26014 0 0 0
intr 101081082 0 0 31815 75 0 8614 463078 0 0 0 65530 0 0 0 0 0 0 0 0 0 0 0 0 0 0 0 0 0 0 0 0 0 0 0 0 0 0 0 0 0 0 0 0 0 0 0 0 0 0 0 0 78731062 0 0 0 0 0 0 0 0 16013 0 8257 0 0 0 0 0 0 0 0 0 0 0 13401920 1 0 0 0 0 0 0 0 0 0 0 0 0 0 0 0 0 0 0 0 0 0 0 4742 4213 0 0 0 0 342005 0 0 0 0 0 0 0 0 0 0 0 0 0 0 0 0 0 0 0 0 0 0 0 0 0 0 0 0 0 0 0 0 0 0 0 0 0 0 0 0 0 0 0 0 0 0 0 0 0 0 0 0 0 0 0 0 0 0 0 0 0 0 0 0 0 0 0 0 0 0 0 0 0 0 0 8003757 0 0 0
ctxt 16100076
btime 1673080802
processes 5996
procs_running 3
procs_blocked 0
softirq 22027518 20053168 270912 49679 235760 8268 0 862112 379549 0 168070

cpu  10848 0 33651 3111048 1990 0 116790 0 0 0
cpu0 1358 0 1999 795609 507 0 23685 0 0 0
cpu1 6754 0 27452 734250 365 0 35061 0 0 0
cpu2 1341 0 2083 787990 509 0 32027 0 0 0
cpu3 1394 0 2116 793197 608 0 26017 0 0 0
intr 101086655 0 0 31815 75 0 8614 463110 0 0 0 65530 0 0 0 0 0 0 0 0 0 0 0 0 0 0 0 0 0 0 0 0 0 0 0 0 0 0 0 0 0 0 0 0 0 0 0 0 0 0 0 0 78735499 0 0 0 0 0 0 0 0 16013 0 8257 0 0 0 0 0 0 0 0 0 0 0 13402483 1 0 0 0 0 0 0 0 0 0 0 0 0 0 0 0 0 0 0 0 0 0 0 4742 4213 0 0 0 0 342036 0 0 0 0 0 0 0 0 0 0 0 0 0 0 0 0 0 0 0 0 0 0 0 0 0 0 0 0 0 0 0 0 0 0 0 0 0 0 0 0 0 0 0 0 0 0 0 0 0 0 0 0 0 0 0 0 0 0 0 0 0 0 0 0 0 0 0 0 0 0 0 0 0 0 0 8004267 0 0 0
ctxt 16101088
btime 1673080802
processes 5996
procs_running 1
procs_blocked 0
softirq 22027940 20053427 270935 49679 235780 8268 0 862187 379580 0 168084

cpu  10849 0 33653 3111227 1990 0 116804 0 0 0
cpu0 1358 0 1999 795653 507 0 23689 0 0 0
cpu1 6755 0 27454 734293 365 0 35065 0 0 0
cpu2 1341 0 2083 788038 509 0 32027 0 0 0
cpu3 1394 0 2116 793241 608 0 26021 0 0 0
intr 101092160 0 0 31816 75 0 8615 463136 0 0 0 65530 0 0 0 0 0 0 0 0 0 0 0 0 0 0 0 0 0 0 0 0 0 0 0 0 0 0 0 0 0 0 0 0 0 0 0 0 0 0 0 0 78739936 0 0 0 0 0 0 0 0 16014 0 8257 0 0 0 0 0 0 0 0 0 0 0 13403035 1 0 0 0 0 0 0 0 0 0 0 0 0 0 0 0 0 0 0 0 0 0 0 4742 4213 0 0 0 0 342051 0 0 0 0 0 0 0 0 0 0 0 0 0 0 0 0 0 0 0 0 0 0 0 0 0 0 0 0 0 0 0 0 0 0 0 0 0 0 0 0 0 0 0 0 0 0 0 0 0 0 0 0 0 0 0 0 0 0 0 0 0 0 0 0 0 0 0 0 0 0 0 0 0 0 0 8004740 0 0 0
ctxt 16102020
btime 1673080802
processes 5996
procs_running 2
procs_blocked 0
softirq 22028339 20053677 270952 49679 235801 8268 0 862258 379606 0 168098

cpu  10850 0 33654 3111404 1990 0 116816 0 0 0
cpu0 1359 0 1999 795699 507 0 23692 0 0 0
cpu1 6755 0 27456 734333 365 0 35072 0 0 0
cpu2 1341 0 2083 788087 509 0 32027 0 0 0
cpu3 1394 0 2116 793285 608 0 26023 0 0 0
intr 101097572 0 0 31816 75 0 8615 463164 0 0 0 65530 0 0 0 0 0 0 0 0 0 0 0 0 0 0 0 0 0 0 0 0 0 0 0 0 0 0 0 0 0 0 0 0 0 0 0 0 0 0 0 0 78744335 0 0 0 0 0 0 0 0 16014 0 8257 0 0 0 0 0 0 0 0 0 0 0 13403551 1 0 0 0 0 0 0 0 0 0 0 0 0 0 0 0 0 0 0 0 0 0 0 4742 4213 0 0 0 0 342073 0 0 0 0 0 0 0 0 0 0 0 0 0 0 0 0 0 0 0 0 0 0 0 0 0 0 0 0 0 0 0 0 0 0 0 0 0 0 0 0 0 0 0 0 0 0 0 0 0 0 0 0 0 0 0 0 0 0 0 0 0 0 0 0 0 0 0 0 0 0 0 0 0 0 0 8005187 0 0 0
ctxt 16102895
btime 1673080802
processes 5996
procs_running 1
procs_blocked 0
softirq 22028844 20054028 270967 49679 235821 8268 0 862337 379633 0 168111

cpu  10850 0 33654 3111582 1990 0 116828 0 0 0
cpu0 1359 0 1999 795745 507 0 23695 0 0 0
cpu1 6756 0 27456 734372 365 0 35079 0 0 0
cpu2 1341 0 2083 788131 509 0 32030 0 0 0
cpu3 1394 0 2116 793332 608 0 26023 0 0 0
intr 101103111 0 0 31816 75 0 8615 463199 0 0 0 65530 0 0 0 0 0 0 0 0 0 0 0 0 0 0 0 0 0 0 0 0 0 0 0 0 0 0 0 0 0 0 0 0 0 0 0 0 0 0 0 0 78748794 0 0 0 0 0 0 0 0 16014 0 8257 0 0 0 0 0 0 0 0 0 0 0 13404133 1 0 0 0 0 0 0 0 0 0 0 0 0 0 0 0 0 0 0 0 0 0 0 4742 4213 0 0 0 0 342095 0 0 0 0 0 0 0 0 0 0 0 0 0 0 0 0 0 0 0 0 0 0 0 0 0 0 0 0 0 0 0 0 0 0 0 0 0 0 0 0 0 0 0 0 0 0 0 0 0 0 0 0 0 0 0 0 0 0 0 0 0 0 0 0 0 0 0 0 0 0 0 0 0 0 0 8005627 0 0 0
ctxt 16103784
btime 1673080802
processes 5996
procs_running 1
procs_blocked 0
softirq 22029210 20054218 270982 49679 235844 8268 0 862438 379657 0 168124

cpu  10851 0 33655 3111775 1990 0 116828 0 0 0
cpu0 1359 0 1999 795793 507 0 23695 0 0 0
cpu1 6756 0 27456 734420 365 0 35079 0 0 0
cpu2 1341 0 2083 788179 509 0 32030 0 0 0
cpu3 1394 0 2116 793381 608 0 26023 0 0 0
intr 101107936 0 0 31816 75 0 8615 463227 0 0 0 65530 0 0 0 0 0 0 0 0 0 0 0 0 0 0 0 0 0 0 0 0 0 0 0 0 0 0 0 0 0 0 0 0 0 0 0 0 0 0 0 0 78752870 0 0 0 0 0 0 0 0 16014 0 8257 0 0 0 0 0 0 0 0 0 0 0 13404334 1 0 0 0 0 0 0 0 0 0 0 0 0 0 0 0 0 0 0 0 0 0 0 4742 4213 0 0 0 0 342117 0 0 0 0 0 0 0 0 0 0 0 0 0 0 0 0 0 0 0 0 0 0 0 0 0 0 0 0 0 0 0 0 0 0 0 0 0 0 0 0 0 0 0 0 0 0 0 0 0 0 0 0 0 0 0 0 0 0 0 0 0 0 0 0 0 0 0 0 0 0 0 0 0 0 0 8006126 0 0 0
ctxt 16104812
btime 1673080802
processes 5996
procs_running 1
procs_blocked 0
softirq 22029299 20054230 270996 49680 235849 8268 0 862469 379672 0 168135

cpu  10852 0 33655 3111971 1990 0 116828 0 0 0
cpu0 1360 0 1999 795842 507 0 23695 0 0 0
cpu1 6756 0 27456 734468 365 0 35079 0 0 0
cpu2 1341 0 2083 788229 509 0 32030 0 0 0
cpu3 1394 0 2116 793431 608 0 26023 0 0 0
intr 101112695 0 0 31821 75 0 8615 463269 0 0 0 65532 0 0 0 0 0 0 0 0 0 0 0 0 0 0 0 0 0 0 0 0 0 0 0 0 0 0 0 0 0 0 0 0 0 0 0 0 0 0 0 0 78756889 0 0 0 0 0 0 0 0 16014 0 8257 0 0 0 0 0 0 0 0 0 0 0 13404489 1 0 0 0 0 0 0 0 0 0 0 0 0 0 0 0 0 0 0 0 0 0 0 4742 4213 0 0 0 0 342148 0 0 0 0 0 0 0 0 0 0 0 0 0 0 0 0 0 0 0 0 0 0 0 0 0 0 0 0 0 0 0 0 0 0 0 0 0 0 0 0 0 0 0 0 0 0 0 0 0 0 0 0 0 0 0 0 0 0 0 0 0 0 0 0 0 0 0 0 0 0 0 0 0 0 0 8006631 0 0 0
ctxt 16105876
btime 1673080802
processes 5996
procs_running 1
procs_blocked 0
softirq 22029388 20054239 271016 49680 235850 8268 0 862496 379692 0 168147

cpu  10853 0 33658 3112165 1990 0 116828 0 0 0
cpu0 1360 0 1999 795891 507 0 23695 0 0 0
cpu1 6757 0 27458 734514 365 0 35079 0 0 0
cpu2 1341 0 2083 788278 509 0 32030 0 0 0
cpu3 1394 0 2116 793480 608 0 26023 0 0 0
intr 101117381 0 0 31825 75 0 8615 463293 0 0 0 65537 0 0 0 0 0 0 0 0 0 0 0 0 0 0 0 0 0 0 0 0 0 0 0 0 0 0 0 0 0 0 0 0 0 0 0 0 0 0 0 0 78760893 0 0 0 0 0 0 0 0 16014 0 8257 0 0 0 0 0 0 0 0 0 0 0 13404617 1 0 0 0 0 0 0 0 0 0 0 0 0 0 0 0 0 0 0 0 0 0 0 4742 4213 0 0 0 0 342170 0 0 0 0 0 0 0 0 0 0 0 0 0 0 0 0 0 0 0 0 0 0 0 0 0 0 0 0 0 0 0 0 0 0 0 0 0 0 0 0 0 0 0 0 0 0 0 0 0 0 0 0 0 0 0 0 0 0 0 0 0 0 0 0 0 0 0 0 0 0 0 0 0 0 0 8007130 0 0 0
ctxt 16106877
btime 1673080802
processes 5996
procs_running 1
procs_blocked 0
softirq 22029462 20054239 271031 49680 235851 8268 0 862514 379718 0 168161

cpu  10854 0 33660 3112358 1990 0 116828 0 0 0
cpu0 1360 0 1999 795940 507 0 23695 0 0 0
cpu1 6758 0 27460 734559 365 0 35079 0 0 0
cpu2 1341 0 2083 788327 509 0 32030 0 0 0
cpu3 1394 0 2116 793529 608 0 26023 0 0 0
intr 101122102 0 0 31825 75 0 8615 463321 0 0 0 65542 0 0 0 0 0 0 0 0 0 0 0 0 0 0 0 0 0 0 0 0 0 0 0 0 0 0 0 0 0 0 0 0 0 0 0 0 0 0 0 0 78764913 0 0 0 0 0 0 0 0 16014 0 8257 0 0 0 0 0 0 0 0 0 0 0 13404771 1 0 0 0 0 0 0 0 0 0 0 0 0 0 0 0 0 0 0 0 0 0 0 4742 4213 0 0 0 0 342192 0 0 0 0 0 0 0 0 0 0 0 0 0 0 0 0 0 0 0 0 0 0 0 0 0 0 0 0 0 0 0 0 0 0 0 0 0 0 0 0 0 0 0 0 0 0 0 0 0 0 0 0 0 0 0 0 0 0 0 0 0 0 0 0 0 0 0 0 0 0 0 0 0 0 0 8007622 0 0 0
ctxt 16107890
btime 1673080802
processes 5996
procs_running 1
procs_blocked 0
softirq 22029543 20054247 271047 49680 235852 8268 0 862534 379742 0 168173
