Latency
334160
591570
832629
1087174
1334485
1609024
1927339
2202576
2473329
2793468
2984008
3258242
3503361
3747575
3991195
353576
9649729
12118937
15334579
17669388
255838
21206528
3791980
24609565
9587946
103498
350380
1427569
2560193
91544
357890
1450730
2630395
161873
408626
1352879
113855
373630
109219
387155
1531889
2745482
3944516
171509
417718
2789014
232138
147620
394256
1406909
1673870
2622268
99542
345102
1506485
2719324
133490
399365
1735732
174608
422427
1532060
2678780
362566
609198
1654688
3926016
360185
607247
1747116
2724078
6294478
318670
565221
1507762
3783905
230936
476612
1435449
3850622
113954
375242
1452914
3790807
6135989
176949
424314
1396662
1741458
2587936
161088
417916
1352220
3743460
116181
361456
1276380
164283
411285
1489436
5111462
122766
409363
1370288
4968598
115603
361169
1414659
173642
441547
1551327
2857407
174622
420285
1634308
2823272
367648
615965
1629057
204680
477058
1422663
2576167
161284
428245
1467391
3685965
147184
401360
1513500
167079
410520
1472365
2600481
271232
515993
1409117
108451
355325
1394271
2584271
109591
382808
1398735
2615605
108571
373618
1369215
2766125
161239
406535
1462556
2685736
3950772
100636
367682
1378785
2693749
100323
351849
1414884
2639064
3863089
113436
390495
1496852
2712492
203224
458987
1618806
293737
539482
208964
477883
1474390
154217
414804
1540231
125920
400178
1385708
2550768
175968
422236
1520184
235226
490132
1559576
2761207
397687
663440
1633663
2846562
4122556
264077
515806
1436990
1684198
261800
524192
1496722
101489
346100
1411612
2629711
149905
396324
1645220
2852643
356988
622642
1623472
2834788
4080730
367729
611626
1614971
2913680
3966926
178804
444321
2665244
161670
409233
1494690
3821535
144939
390877
1405244
3755647
101206
362765
1513944
209922
473048
1649012
2780842
136342
394583
1412955
3642327
167302
432184
2715851
101492
349045
1637227
2836668
93569
346315
1389954
3612757
115331
396695
1348775
1663094
139611
405520
1450868
2673058
93522
353836
1423657
2640871
134923
382995
1461944
229823
507381
1545652
342384
590132
1567287
2756293
252844
498013
1508099
3855076
115634
373851
1382783
2597738
3805248
104698
373775
1398803
167025
431169
1553047
2707875
125771
389284
1481455
177769
454619
1468822
177151
441000
1435497
2566401
172027
446505
1443567
2625668
266068
529741
1680874
2905215
124693
384522
1703968
175047
438307
1436652
2765367
3844131
94925
354123
1574577
101675
357697
1397191
1646307
160815
435378
1571413
3922522
115928
382345
1444138
349134
601657
1781749
2827951
3950192
367639
613383
1617100
3894459
194145
456964
1640282
94491
352286
1493942
2609270
3750561
141170
409429
1427680
117997
365668
1415268
2550961
177626
424142
2808207
289441
535648
1471145
2664001
202934
447550
1585830
2789058
239580
485574
1807052
2546155
100992
348726
1277079
2713947
162700
424981
2712210
3944595
163832
409981
1558839
2789318
334010
579694
1722907
178134
444782
2794654
134942
395911
1354785
1609636
3733390
196249
453135
1596210
146127
402315
1428075
2622848
200490
446094
1549231
3811890
239038
485708
1598511
2788598
3984341
361099
640120
1689629
2907102
397745
672210
1741370
2993527
252362
515477
166873
439215
1419656
2571789
136673
385295
1486975
145443
392038
1548895
2766861
268133
538344
1579403
2785161
278185
547668
1786984
197418
461295
1637206
348202
593668
263352
514504
1714836
161377
407712
1442706
3790044
4932703
161085
407371
3704548
6025451
135154
381531
1436479
2629401
312124
538305
1829188
164838
420923
1420106
3706969
241178
520868
1527333
2785262
3970485
202063
460877
1662440
208677
462248
1590977
94665
341467
1406142
2644526
3812220
121778
383457
1482001
2688424
152379
408575
1436572
3867522
122012
394806
1557093
2812395
265727
513304
1498148
2757064
3865395
122226
374389
1464922
113329
400519
1480214
2694883
3834117
133931
379464
1607794
194281
457603
1618245
176438
422091
1610459
176658
454974
1501025
284868
537099
1753668
2851563
4058793
171469
436742
1372183
1691324
2566530
146534
414484
1327388
2482521
135403
394209
1509431
107986
353301
1375374
100526
364558
2583094
158563
427814
2731554
3960748
205515
481128
1657889
228880
473904
2785658
150885
424847
1491690
2690137
95472
359755
1661625
174724
448002
1612458
346383
590074
1546051
1904815
3825560
265759
491745
1477109
2606951
168801
442569
1572228
290708
547534
1436760
2783162
6215122
205651
451065
1411937
2561388
208696
471787
1660942
134946
417848
1329825
120428
386183
1557549
2766385
137090
395546
1361643
1622886
3756253
115486
361449
1540588
2620268
6028009
148408
398834
1528128
304549
555731
1552397
2787378
210071
462857
1467939
3812647
145069
391043
1449335
209990
482930
1472011
2577149
111080
366273
374025
621995
1643780
332847
577654
1803959
3016556
256482
521048
1739731
2903163
155508
413951
1416076
2842802
3823581
122837
406461
1482178
139147
385301
1450048
5076736
168527
415560
1458378
2770575
308342
572874
1721551
2948905
107365
377529
1445886
176301
422387
1492951
101819
348145
171260
458282
1652678
2791134
339627
584448
1786345
340564
586314
1554385
3961691
175598
436126
1448694
2733008
3677480
115726
361442
1368656
2489611
110955
357935
1403625
1768351
101069
366297
1662833
103337
348096
1363434
135794
381598
2690391
3910374
176892
446549
1527727
2719269
318133
583464
1563278
1873536
2876001
3987946
267251
512603
1622088
2817910
169604
415710
1410700
2733108
3816371
112864
386654
1568981
2761855
147582
393020
1518432
253265
498041
1567977
100834
352038
1340320
3672405
165388
450885
1597457
2684397
361448
625905
1583614
5056061
321854
589171
1512682
2668554
3948203
328239
605434
1543100
2722314
4013295
258187
516082
1694776
2910309
99325
357737
1539731
99543
350142
1463611
2679635
259835
505867
1578384
1828373
4021576
283718
545642
1515351
196592
484265
1560309
97402
363600
1436109
176195
422984
1638535
299693
544426
1594493
2681228
208961
471853
1613678
3798901
194382
466707
1465269
6115957
158827
442053
1729664
151622
413763
1521670
289340
534763
1518857
2771738
3836327
162814
420661
1336043
2774492
3730860
129844
380816
1591787
110663
392595
1416076
96797
374357
1505587
114232
393992
1491850
2702600
97920
343929
1511295
2705182
3850576
99645
359216
1412262
2645777
173437
420067
1533507
113011
381245
1378247
2604470
113918
359484
1451134
2740545
298758
553827
1536911
4948607
208049
454108
1506379
1845213
2647407
247494
512997
1674877
2916485
399208
673813
1829290
4179221
6447054
330636
575628
197156
485421
1371540
171650
419592
1539417
2734483
119362
401630
1342928
3702852
115977
371481
1606230
2803383
164367
410078
1429234
3802471
99880
352512
1605387
125107
381147
1373367
2770072
206074
470553
1512107
207470
452994
1505045
3740789
4882207
351346
608855
1660519
2783068
367736
638764
1647675
1948893
286687
512444
1593322
2757960
154448
431321
1498239
2845803
291333
537823
1462071
2619998
295915
551437
1672505
208166
478954
1718260
114892
361537
2597144
97455
364341
1410740
109823
356084
1548137
2680429
101110
356908
1591955
176011
454468
1598560
162645
422993
1480079
2707378
96540
343036
1432941
2666773
4826675
144885
389507
5063102
336366
1583664
2711896
305168
241447
1442600
2587220
147968
391960
1477868
2665679
145577
389234
1403808
2588775
162414
407318
1342792
2515678
3719930
100769
345568
1517619
144369
389922
1595202
248931
1497645
2695486
113474
358674
1483187
134725
403906
1407671
2757598
3830371
4963009
105051
363358
1451388
2640892
146266
392537
1504484
174480
427690
1549135
2690204
203845
451230
1544987
2622693
4894292
148071
401600
1472397
2593855
117412
354178
1546513
365058
610673
1513608
1868839
291953
544405
1775327
204507
452387
1628511
2839010
128042
377716
1310108
2492813
146565
391976
1542478
103145
348007
1676473
147547
412809
1460962
2694623
121795
377712
1417362
99781
345226
2778475
156922
401820
116811
391125
1542092
2727881
173122
430251
1652957
2742320
374991
649850
1582172
2707921
108076
358830
1492870
2638588
133162
421499
1408982
2534335
124018
371158
1485691
2623429
3817552
98404
345926
1299931
99100
343901
1598530
2566445
3792092
100644
367400
1431687
3845683
93392
348826
1390529
105565
391621
1420031
2626161
116275
397555
1391029
2702661
116263
398061
1397304
1658617
2579763
144109
408388
1575592
115582
361602
1450941
163605
448814
1500401
2654781
3782612
210280
463164
1574302
2683178
3845498
337408
582364
1548367
297162
523525
1547989
2656338
2944874
227665
476570
1395705
2593060
3673760
99434
345691
1319420
2459965
111173
394931
1326108
2651571
137787
382926
1531436
2752606
93490
350969
1330577
2590660
119754
390225
1340985
2630131
3688438
129255
397444
1446684
2657773
121852
379158
1381681
2576746
112753
358817
1498814
148405
396244
1577465
2752007
196949
443107
1550092
100588
363481
1430312
197798
453245
1502653
148403
398051
1473860
174245
419851
1447100
2755025
101270
376227
1465077
2641246
260822
532323
1416633
2574924
129504
376646
1576293
2558432
137241
389374
1481933
2721135
94715
353680
1643815
110838
375408
1466583
2695369
3900249
283703
529140
1522539
1826928
2741956
131873
392695
1401762
2760992
164107
433571
1601362
2818971
350185
621144
1691740
2876566
352717
598117
1706784
2962167
368750
613676
1622147
2712689
3886628
345170
604802
1558160
290003
515665
1481862
1824124
196198
440868
1721368
2593977
111422
367074
1351617
3713543
99714
347456
1365649
2794816
3685705
150647
398069
1433368
3759552
99629
354546
1482072
2645298
105742
383369
169978
435008
1544553
2856234
120039
397690
1474579
1720880
102853
349157
2646751
147463
408114
1573527
115586
360498
3710625
175718
431160
1549087
2648287
179090
424138
1446304
2590673
162604
420277
1510814
2638590
243498
1435798
1721709
155459
402906
96375
340404
1302226
2422275
3688168
4874068
100543
367888
1506535
106060
365694
1317813
118772
381610
1741484
144915
388790
173625
434981
2774542
173580
455090
1524688
2846252
150193
417828
1455983
2723689
155152
447134
1643756
306732
553686
1609965
2777294
169605
426708
1426383
2634888
136349
382339
1383721
2556947
3654952
128132
361144
1395239
92875
337535
1344407
3990251
5923234
92082
348096
1387981
202984
457976
1586493
137682
383129
1350126
2637187
136004
405319
1658105
93726
350209
1377524
2572853
115361
361123
1542989
258918
521071
1559182
256061
521348
1660402
2857911
363984
609177
1604584
3891830
329309
581339
1732188
305300
550385
1534004
288771
555592
1529746
2650605
138680
415394
1415187
3740921
206856
471163
1509138
3874825
323695
1732199
261432
507100
1470870
3864397
157217
419662
1474664
2832031
172076
417505
1458042
2661798
94825
341750
1573645
2763938
104189
352994
1445941
157857
403675
1538160
3965268
256448
523743
1493940
2705289
3908631
210776
457166
1480730
1767943
3839610
145537
401529
1431150
111007
378609
1343509
3694650
5974585
161301
425320
1580577
2586534
3715371
144405
397762
1450872
3635223
166260
406574
1474129
2595257
160979
406316
1412909
3678713
144906
406214
1475308
205977
452033
1591253
2807031
145118
425209
1351121
2624792
108594
353754
1452401
128878
404354
1611206
99056
358186
1668197
3960772
135505
381808
1400721
203788
476920
1522468
2807409
3866573
114362
360621
2703268
3763064
5988306
194312
445347
1717107
2813001
324616
578414
1607306
2739607
367009
656986
1675281
2861834
358695
606407
1510402
1807727
3786301
238607
488124
1446086
2571534
152427
433366
1373976
2630086
117249
380317
1647801
2870424
4063068
170698
416137
1403015
2751728
99344
358958
1478790
112778
358735
1280045
2466276
118389
397348
1488234
121310
409832
1607396
307823
554296
1551430
5002090
240076
485597
1741898
2820410
351106
618246
1722319
3950792
101435
354487
1367333
3693854
107844
359995
1419780
2626679
3761587
139642
404349
1426375
2669799
163824
391540
2693434
360617
1548241
2711179
292191
538474
1444828
1742474
2635662
205828
450673
1383309
2873708
135919
383208
2682811
100702
346725
1371668
3735333
174187
432572
1524369
157071
418207
1547559
2726464
160098
441423
1436914
2626822
153508
399325
1527546
148577
411133
1428254
2616813
3805972
207362
482525
1477924
1744770
2749617
3787434
264879
523020
1561214
2657334
97837
343816
1337151
2575677
100442
376919
1454901
149753
395527
1453411
2943842
3744869
156006
411468
1763636
99158
376707
1359010
4914266
99280
344463
1349888
149452
416159
1525588
2696967
3913297
132263
378527
1467277
2628360
105702
352637
1607356
2633344
112665
391974
1400920
102092
370393
1501277
2561491
4910831
99297
372186
1640231
150739
396451
204000
449175
1462794
2689874
4951861
329854
587003
1629096
345660
591099
1801007
129804
362959
1436317
2574540
4878597
114837
360750
1416481
1664980
2541314
241471
493250
2930730
97649
361691
1341012
2475320
103584
367010
1339879
2652432
3659472
145791
397601
2752521
3966118
177934
431178
1478504
122869
370046
1396028
112550
394624
1442905
2660351
153740
400664
1460336
2640897
113437
389044
1465511
161011
406561
1546952
2692168
145074
390079
1658133
354120
600120
1672964
6345878
369379
631641
1593488
2758217
348023
603652
1733184
4124337
151883
432381
1467496
342268
600267
1564032
2877834
3956973
161031
411636
1336450
2495687
176103
457804
1415394
1772879
3781621
101215
369018
1479636
2695504
198070
470944
1528150
5041252
157869
412969
1416969
2690019
253842
507215
1533655
2722728
97740
344013
1472339
2644866
197316
443764
197497
469642
1484692
2689198
126235
383539
1571498
112333
402052
1511284
2566622
174823
431228
1449334
3672392
125010
412458
1497664
2580666
3856252
239893
489902
1471906
2685819
299867
563162
1763971
228151
500486
1384141
2556376
101547
354033
1457157
118917
363290
1318678
1673452
150402
396061
1505526
2713945
153847
400110
1541277
112228
398788
1364443
3870042
144672
389956
2782525
202951
447862
1509335
269577
535508
1606313
97425
344023
1394436
2579031
232788
479201
146952
426447
1404678
2532357
117240
376456
1658246
104244
373438
1363390
2490602
161027
406164
2681174
3898919
100983
346174
1360224
2673833
119719
382585
1376799
1626804
2588949
118677
374051
172278
440407
2772994
5047556
173001
432295
1513265
230085
475407
1496419
2713730
209191
464702
1580958
171252
426884
1444344
114799
389295
1381371
2568356
173752
419650
382657
624449
1754665
351726
596734
1539864
2732484
371461
622947
1578330
2764378
3945161
300710
545799
1885334
133765
396663
1539727
115790
363937
1416301
2630533
96897
356864
1613345
96365
341569
1571241
205652
467939
1521211
3910403
7317551
156388
427971
1424966
1729793
137771
383289
2538962
118624
365411
1379705
2588186
169586
440890
1591001
172534
463490
1476694
2595375
103505
379285
1501637
3784022
238733
483808
1453022
1779333
2579010
151698
413067
2530702
3683534
100135
366896
1430284
2615302
159845
407093
1657080
2848727
5342722
114112
397602
1492398
121916
387472
1371367
2792998
3788528
5000113
117044
386970
1481843
2685330
137385
382647
1384982
1658428
2605573
107822
387789
1460522
198975
461683
3926529
175853
436063
1479830
2721504
166723
435248
1653192
108457
367345
1444021
3724703
101257
371251
1488387
2638844
168405
437772
1618045
2547170
3699278
203192
468027
1417200
103550
381365
1304121
1585005
2432708
209768
455757
1614237
3764798
154618
400367
1587608
99970
354269
1299114
1638697
2493761
3871503
101136
346319
1424624
5029812
105322
351621
1633668
144805
389320
1484027
98441
353091
1413492
113422
406116
1470595
2676619
172401
442622
1652532
2719990
173654
418675
2618331
6065958
206668
453198
1581875
3873970
326474
584460
1516089
2637278
248754
493618
1451699
3718713
157075
413817
1376508
2501299
99325
370890
1412436
162803
410002
1668170
176134
457700
1483944
2782148
94817
360365
1371821
2583172
117037
380265
1497562
152082
398087
1594091
176953
434757
1492634
2710232
238693
493561
1485305
2720090
3840745
100885
346098
1466310
3738202
154238
405866
2783837
351096
602204
1620900
1912284
2749070
5123575
364806
610156
1543615
2678662
298819
524246
1825126
175786
436135
1415743
2535541
122017
368761
98901
357995
1270613
2523936
3560445
105775
350427
1463561
2509522
3730967
102763
347471
1431080
106400
358585
1483338
2737332
155980
427414
1515420
127565
373177
2614111
248135
493516
1566597
2794675
169758
414757
1622206
114172
358870
1576831
149355
395430
1534772
2621916
301528
563408
2849741
106021
377881
1481492
3709219
98270
360933
1372968
2506265
95012
341218
1335376
2467856
208566
459004
1778019
124504
391575
1396428
101225
355320
1488674
99188
352904
1389365
1646598
105861
379019
1736818
146471
409710
1441567
2719727
250346
520770
1629257
128725
389914
1715112
162485
430861
1504159
2708233
3848333
369619
641403
1660828
2789703
207031
469746
1557273
2688141
99066
343738
1442131
390458
635163
1542125
2879415
5205874
358782
2608531
3797919
266221
511719
1428610
1724391
145422
390002
1689649
99959
360801
1461361
2690479
94894
343794
1405508
1698585
97548
363873
1432537
2613640
97807
347783
1505254
2692261
371679
637918
1729742
2943575
4070199
371090
618571
1884257
2933034
100571
375121
1530362
106742
366158
1385715
1639213
2692236
161230
430633
1714085
151081
395457
1480615
2598398
146926
393082
1505375
2632800
3788956
105817
352007
1445394
2574594
94925
340075
1335452
2455724
258821
525040
1520268
2739912
161075
406080
1592605
115072
360097
1423388
2750228
122433
422178
1601827
2813975
96766
362381
1428087
114081
362654
1648645
106441
352221
1323262
1599775
2538671
99218
363388
1372350
3726866
144811
389803
1486565
2697725
175895
422321
1469709
2784432
341951
588699
1907617
147889
427520
1459979
2607045
4746854
173261
422811
1483270
2576791
3750745
114591
389327
1407486
2527874
112918
359423
1315616
5913710
128743
391989
1290051
1537803
2419111
3907056
152582
400847
1492936
2680341
5106912
94355
346144
1627660
97828
366124
1491751
2680018
106523
352035
1388334
2605413
100321
348372
1499839
2719022
175247
420643
1519021
2767520
164949
410093
1434330
2660871
175431
419464
1527301
107895
354332
1351483
2593352
198158
473768
1582468
2716822
325559
570231
1603527
2800987
364625
627017
1843538
160955
417184
1448839
3767390
94408
339742
1556579
172070
464441
1371790
1663345
3756253
101162
352886
1361034
2610802
4929114
119867
365556
1603299
116167
376908
1545132
194387
446854
1667592
2894048
152993
400570
1625964
2792454
148062
418364
1457496
1719968
2699262
101895
346894
1442368
2659558
176393
421573
1669938
2766260
177732
422341
1570570
2679900
142012
398242
1540617
2630064
3799235
129160
375897
1379205
3576751
139999
404750
1418641
3707187
160649
440003
1360568
2651660
3632347
101021
365088
1277728
2411813
2788159
147647
407834
1363772
2560301
4975628
146756
431707
1412200
1771154
2624377
101012
362857
1362464
2568401
111485
357544
1543425
2746920
253498
513395
1500647
3887609
157042
402798
1495998
2811153
3874433
129594
375423
1413115
1734826
2603326
145984
403254
1444851
2673996
3815691
367037
647968
1635533
2758560
3927820
368418
637950
1588873
2876779
324025
571856
1524499
162245
410387
1413219
2527519
158198
434067
195284
449880
149298
451187
1346548
2749060
3654370
101705
346145
1673647
2597708
153054
431340
1427707
100212
361317
1481646
2708512
150403
414322
1482394
3896220
103826
372614
1538798
122102
369095
1493995
2697403
173787
420299
1539259
2747237
136311
397502
1474214
205358
454148
1473891
3803904
158577
434705
1494911
135387
380444
1408159
99118
356657
1461795
2591424
104937
363632
1337407
2470121
4825007
116354
400292
1397822
1735787
2562456
97782
341975
1613266
156693
402620
1472970
2693764
135697
396002
1474590
102808
350516
1423291
2632708
121793
374240
1548139
100672
362383
1371071
2663248
156127
412230
1458581
3823216
194748
440221
1635097
2726071
3856417
261068
516667
1529972
2643001
157313
409762
1484301
2583485
104529
351645
1398129
3706985
130770
378339
1442600
2570553
3737788
282558
527781
1465392
195107
464183
1369077
2820286
124980
383355
1435578
139315
406737
1653800
2721586
93784
339225
1501172
3909324
170654
418198
1554910
2779894
197500
474695
1554289
2735302
366157
625991
1617460
2943283
4069568
230641
474813
1469401
2661145
3875694
157821
418688
1614003
100357
351195
1603670
3761127
99657
353275
1454238
2623929
3768920
109230
367153
1544327
2673328
322391
571995
1654612
171670
446714
1411393
2811138
115436
388378
1354415
2702167
3612400
100838
378440
1681381
2619182
3805568
136193
392115
1362736
2560967
100310
345347
1631400
2693946
5065898
138298
405112
1384845
2801438
4995168
106077
379038
114658
385757
1554642
271487
523308
1561811
2776598
229587
481215
1700465
228709
502936
1657017
2799685
250592
531300
1593212
2746426
310073
585087
1554681
229117
494772
1645735
98607
363032
1412595
2542868
3708997
303034
552433
1741148
275267
524840
1686771
2931475
199577
458158
1384716
1657018
2581543
194267
466610
1412591
1756912
3770794
98762
344373
1546617
2727104
3931149
145031
394571
1502576
2682026
3878572
110516
395784
1509661
2728150
228168
478090
1610288
2804569
131487
431028
1568221
2773342
147537
413701
1712080
3879594
201031
472870
1429287
2657735
3801941
122672
368122
1515621
2640005
156413
420775
1644510
379841
607397
1573512
3913744
364201
610423
1658816
2845361
299738
543705
1448403
2600679
168561
414307
1414464
1667176
2572610
96833
341442
1478052
99270
365717
1302342
1658357
2489008
194242
440625
1515390
2736870
249318
492741
1678946
114694
393151
1476925
2668287
160325
409155
1509956
308409
557887
1815780
2807810
208822
453867
1530940
2816057
155949
403479
1552557
2657483
304028
552536
1546268
3791216
363495
610100
2000766
2851714
157884
433408
1434843
2688802
3689543
113535
399099
1353488
1638739
94595
341898
1373640
3740378
126664
391863
1384914
2506916
4927118
193881
462175
1519298
99090
360603
1463217
2685098
168022
449811
2910277
167897
444131
2653779
3862383
106648
372530
1531433
172490
418281
1603444
2831958
348602
593896
1625224
2764633
293871
539311
1554109
2759606
205164
452050
1476807
2620885
252134
533672
1667698
2622895
3799721
168849
405845
1475105
1706110
4925460
442771
688655
3055774
255271
523770
1460288
2645697
207706
464535
1593012
101247
347978
1495765
2776664
99882
368468
1474043
97362
367949
1388325
144770
417937
1565637
202987
471763
1556744
163332
422213
1679062
352818
1723441
361607
610247
1720696
367555
643547
1655295
2781882
359483
605062
1667945
369357
634065
1586307
1868919
2846082
168751
413961
1459998
1730594
2584523
151956
406117
1350077
2479816
