Latency
244961
495277
744228
397954
647694
929579
341490
600102
873984
267583
529520
841811
410463
659228
378773
671502
168405
418148
672636
206051
454954
721612
414248
662165
191452
440765
714431
404518
658687
935858
492342
745080
1022620
265559
515904
766542
168134
439631
724807
189178
436753
730783
413111
669814
938265
383592
658035
288498
536659
862062
202565
452362
755620
417252
663444
931965
145364
413752
427875
691015
406424
678757
447800
696395
960668
431539
680253
980422
400249
650678
898012
333310
585428
228864
478738
745828
299260
562853
424420
681100
959328
434378
681646
245245
510558
803580
421719
698582
315499
578667
826882
206658
474759
286197
532855
152329
437888
380415
627458
407928
654629
390237
669280
