cpu  5724 44 9380 762555 1055 0 5992 0 0 0
cpu0 772 34 960 192991 386 0 1776 0 0 0
cpu1 3206 0 6635 181283 236 0 2499 0 0 0
cpu2 996 9 950 193979 211 0 867 0 0 0
cpu3 748 0 834 194300 221 0 849 0 0 0
intr 23547307 0 0 8840 75 0 3145 146811 0 0 0 17476 0 0 0 0 0 0 0 0 0 0 0 0 0 0 0 0 0 0 0 0 0 0 0 0 0 0 0 0 0 0 0 0 0 0 0 0 0 0 0 0 18638211 0 0 0 0 0 0 0 0 6305 0 5768 0 0 0 0 0 0 0 0 0 0 0 2894080 1 0 0 0 0 0 0 0 0 0 0 0 0 0 0 0 0 0 0 0 0 0 0 1810 4215 0 0 0 0 102161 0 0 0 0 0 0 0 0 0 0 0 0 0 0 0 0 0 0 0 0 0 0 0 0 0 0 0 0 0 0 0 0 0 0 0 0 0 0 0 0 0 0 0 0 0 0 0 0 0 0 0 0 0 0 0 0 0 0 0 0 0 0 0 0 0 0 0 0 0 0 0 0 0 0 0 1718410 0 0 0
ctxt 3763885
btime 1673393901
processes 2342
procs_running 1
procs_blocked 0
softirq 4174933 3245692 62047 5404 114558 5778 0 589460 105659 0 46335

cpu  5724 44 9381 762749 1055 0 5992 0 0 0
cpu0 772 34 960 193040 386 0 1776 0 0 0
cpu1 3207 0 6636 181329 236 0 2499 0 0 0
cpu2 996 9 950 194028 211 0 867 0 0 0
cpu3 748 0 834 194350 221 0 849 0 0 0
intr 23551981 0 0 8845 75 0 3145 146836 0 0 0 17481 0 0 0 0 0 0 0 0 0 0 0 0 0 0 0 0 0 0 0 0 0 0 0 0 0 0 0 0 0 0 0 0 0 0 0 0 0 0 0 0 18642215 0 0 0 0 0 0 0 0 6305 0 5768 0 0 0 0 0 0 0 0 0 0 0 2894208 1 0 0 0 0 0 0 0 0 0 0 0 0 0 0 0 0 0 0 0 0 0 0 1810 4215 0 0 0 0 102183 0 0 0 0 0 0 0 0 0 0 0 0 0 0 0 0 0 0 0 0 0 0 0 0 0 0 0 0 0 0 0 0 0 0 0 0 0 0 0 0 0 0 0 0 0 0 0 0 0 0 0 0 0 0 0 0 0 0 0 0 0 0 0 0 0 0 0 0 0 0 0 0 0 0 0 1718894 0 0 0
ctxt 3764867
btime 1673393901
processes 2342
procs_running 1
procs_blocked 0
softirq 4174998 3245692 62063 5404 114559 5778 0 589479 105679 0 46344

cpu  5726 44 9384 762942 1055 0 5992 0 0 0
cpu0 772 34 960 193089 386 0 1776 0 0 0
cpu1 3208 0 6638 181374 236 0 2499 0 0 0
cpu2 996 9 950 194078 211 0 867 0 0 0
cpu3 748 0 835 194399 221 0 849 0 0 0
intr 23556739 0 0 8849 75 0 3146 146873 0 0 0 17486 0 0 0 0 0 0 0 0 0 0 0 0 0 0 0 0 0 0 0 0 0 0 0 0 0 0 0 0 0 0 0 0 0 0 0 0 0 0 0 0 18646244 0 0 0 0 0 0 0 0 6305 0 5768 0 0 0 0 0 0 0 0 0 0 0 2894362 1 0 0 0 0 0 0 0 0 0 0 0 0 0 0 0 0 0 0 0 0 0 0 1810 4215 0 0 0 0 102205 0 0 0 0 0 0 0 0 0 0 0 0 0 0 0 0 0 0 0 0 0 0 0 0 0 0 0 0 0 0 0 0 0 0 0 0 0 0 0 0 0 0 0 0 0 0 0 0 0 0 0 0 0 0 0 0 0 0 0 0 0 0 0 0 0 0 0 0 0 0 0 0 0 0 0 1719401 0 0 0
ctxt 3765881
btime 1673393901
processes 2342
procs_running 1
procs_blocked 0
softirq 4175096 3245700 62079 5404 114560 5778 0 589497 105717 0 46361

cpu  5726 44 9384 763136 1055 0 5992 0 0 0
cpu0 772 34 960 193139 386 0 1776 0 0 0
cpu1 3208 0 6638 181420 236 0 2499 0 0 0
cpu2 996 9 950 194127 211 0 867 0 0 0
cpu3 748 0 835 194449 221 0 849 0 0 0
intr 23561411 0 0 8853 75 0 3146 146901 0 0 0 17491 0 0 0 0 0 0 0 0 0 0 0 0 0 0 0 0 0 0 0 0 0 0 0 0 0 0 0 0 0 0 0 0 0 0 0 0 0 0 0 0 18650240 0 0 0 0 0 0 0 0 6305 0 5768 0 0 0 0 0 0 0 0 0 0 0 2894490 1 0 0 0 0 0 0 0 0 0 0 0 0 0 0 0 0 0 0 0 0 0 0 1810 4215 0 0 0 0 102227 0 0 0 0 0 0 0 0 0 0 0 0 0 0 0 0 0 0 0 0 0 0 0 0 0 0 0 0 0 0 0 0 0 0 0 0 0 0 0 0 0 0 0 0 0 0 0 0 0 0 0 0 0 0 0 0 0 0 0 0 0 0 0 0 0 0 0 0 0 0 0 0 0 0 0 1719891 0 0 0
ctxt 3766865
btime 1673393901
processes 2342
procs_running 1
procs_blocked 0
softirq 4175171 3245700 62095 5404 114561 5778 0 589516 105742 0 46375

cpu  5726 44 9387 763329 1055 0 5992 0 0 0
cpu0 772 34 960 193188 386 0 1776 0 0 0
cpu1 3208 0 6641 181465 236 0 2499 0 0 0
cpu2 996 9 950 194176 211 0 867 0 0 0
cpu3 748 0 835 194498 221 0 849 0 0 0
intr 23566192 0 0 8857 75 0 3146 146953 0 0 0 17496 0 0 0 0 0 0 0 0 0 0 0 0 0 0 0 0 0 0 0 0 0 0 0 0 0 0 0 0 0 0 0 0 0 0 0 0 0 0 0 0 18654268 0 0 0 0 0 0 0 0 6305 0 5768 0 0 0 0 0 0 0 0 0 0 0 2894643 1 0 0 0 0 0 0 0 0 0 0 0 0 0 0 0 0 0 0 0 0 0 0 1810 4215 0 0 0 0 102264 0 0 0 0 0 0 0 0 0 0 0 0 0 0 0 0 0 0 0 0 0 0 0 0 0 0 0 0 0 0 0 0 0 0 0 0 0 0 0 0 0 0 0 0 0 0 0 0 0 0 0 0 0 0 0 0 0 0 0 0 0 0 0 0 0 0 0 0 0 0 0 0 0 0 0 1720393 0 0 0
ctxt 3767915
btime 1673393901
processes 2342
procs_running 2
procs_blocked 0
softirq 4175284 3245708 62115 5404 114563 5778 0 589548 105775 0 46393

cpu  5727 44 9388 763523 1055 0 5992 0 0 0
cpu0 772 34 960 193237 386 0 1776 0 0 0
cpu1 3209 0 6642 181511 236 0 2499 0 0 0
cpu2 996 9 950 194226 211 0 867 0 0 0
cpu3 748 0 835 194547 221 0 849 0 0 0
intr 23570873 0 0 8862 75 0 3146 146986 0 0 0 17501 0 0 0 0 0 0 0 0 0 0 0 0 0 0 0 0 0 0 0 0 0 0 0 0 0 0 0 0 0 0 0 0 0 0 0 0 0 0 0 0 18658264 0 0 0 0 0 0 0 0 6305 0 5768 0 0 0 0 0 0 0 0 0 0 0 2894771 1 0 0 0 0 0 0 0 0 0 0 0 0 0 0 0 0 0 0 0 0 0 0 1810 4215 0 0 0 0 102286 0 0 0 0 0 0 0 0 0 0 0 0 0 0 0 0 0 0 0 0 0 0 0 0 0 0 0 0 0 0 0 0 0 0 0 0 0 0 0 0 0 0 0 0 0 0 0 0 0 0 0 0 0 0 0 0 0 0 0 0 0 0 0 0 0 0 0 0 0 0 0 0 0 0 0 1720885 0 0 0
ctxt 3768910
btime 1673393901
processes 2342
procs_running 1
procs_blocked 0
softirq 4175362 3245708 62132 5404 114564 5778 0 589567 105802 0 46407

cpu  5728 44 9391 763716 1055 0 5992 0 0 0
cpu0 772 34 961 193287 386 0 1776 0 0 0
cpu1 3210 0 6644 181557 236 0 2499 0 0 0
cpu2 996 9 950 194275 211 0 867 0 0 0
cpu3 748 0 835 194597 221 0 849 0 0 0
intr 23575629 0 0 8870 75 0 3146 147025 0 0 0 17506 0 0 0 0 0 0 0 0 0 0 0 0 0 0 0 0 0 0 0 0 0 0 0 0 0 0 0 0 0 0 0 0 0 0 0 0 0 0 0 0 18662283 0 0 0 0 0 0 0 0 6305 0 5768 0 0 0 0 0 0 0 0 0 0 0 2894924 1 0 0 0 0 0 0 0 0 0 0 0 0 0 0 0 0 0 0 0 0 0 0 1810 4215 0 0 0 0 102317 0 0 0 0 0 0 0 0 0 0 0 0 0 0 0 0 0 0 0 0 0 0 0 0 0 0 0 0 0 0 0 0 0 0 0 0 0 0 0 0 0 0 0 0 0 0 0 0 0 0 0 0 0 0 0 0 0 0 0 0 0 0 0 0 0 0 0 0 0 0 0 0 0 0 0 1721384 0 0 0
ctxt 3769945
btime 1673393901
processes 2342
procs_running 1
procs_blocked 0
softirq 4175450 3245716 62149 5404 114565 5778 0 589592 105829 0 46417

cpu  5728 44 9394 763910 1055 0 5992 0 0 0
cpu0 772 34 961 193336 386 0 1776 0 0 0
cpu1 3210 0 6647 181602 236 0 2499 0 0 0
cpu2 996 9 950 194324 211 0 867 0 0 0
cpu3 749 0 835 194646 221 0 849 0 0 0
intr 23580320 0 0 8874 75 0 3146 147055 0 0 0 17511 0 0 0 0 0 0 0 0 0 0 0 0 0 0 0 0 0 0 0 0 0 0 0 0 0 0 0 0 0 0 0 0 0 0 0 0 0 0 0 0 18666288 0 0 0 0 0 0 0 0 6305 0 5768 0 0 0 0 0 0 0 0 0 0 0 2895053 1 0 0 0 0 0 0 0 0 0 0 0 0 0 0 0 0 0 0 0 0 0 0 1810 4215 0 0 0 0 102339 0 0 0 0 0 0 0 0 0 0 0 0 0 0 0 0 0 0 0 0 0 0 0 0 0 0 0 0 0 0 0 0 0 0 0 0 0 0 0 0 0 0 0 0 0 0 0 0 0 0 0 0 0 0 0 0 0 0 0 0 0 0 0 0 0 0 0 0 0 0 0 0 0 0 0 1721885 0 0 0
ctxt 3770946
btime 1673393901
processes 2342
procs_running 1
procs_blocked 0
softirq 4175525 3245716 62164 5404 114566 5778 0 589611 105858 0 46428

cpu  5729 44 9395 764103 1055 0 5992 0 0 0
cpu0 772 34 961 193385 386 0 1776 0 0 0
cpu1 3211 0 6648 181647 236 0 2499 0 0 0
cpu2 996 9 950 194373 211 0 867 0 0 0
cpu3 749 0 835 194695 221 0 849 0 0 0
intr 23585103 0 0 8882 75 0 3146 147113 0 0 0 17516 0 0 0 0 0 0 0 0 0 0 0 0 0 0 0 0 0 0 0 0 0 0 0 0 0 0 0 0 0 0 0 0 0 0 0 0 0 0 0 0 18670310 0 0 0 0 0 0 0 0 6305 0 5768 0 0 0 0 0 0 0 0 0 0 0 2895206 1 0 0 0 0 0 0 0 0 0 0 0 0 0 0 0 0 0 0 0 0 0 0 1810 4215 0 0 0 0 102381 0 0 0 0 0 0 0 0 0 0 0 0 0 0 0 0 0 0 0 0 0 0 0 0 0 0 0 0 0 0 0 0 0 0 0 0 0 0 0 0 0 0 0 0 0 0 0 0 0 0 0 0 0 0 0 0 0 0 0 0 0 0 0 0 0 0 0 0 0 0 0 0 0 0 0 1722377 0 0 0
ctxt 3771995
btime 1673393901
processes 2342
procs_running 2
procs_blocked 0
softirq 4175634 3245724 62185 5405 114568 5778 0 589648 105887 0 46439

cpu  5734 44 9412 764276 1055 0 5992 0 0 0
cpu0 774 34 962 193432 386 0 1776 0 0 0
cpu1 3212 0 6652 181689 236 0 2499 0 0 0
cpu2 997 9 958 194414 211 0 867 0 0 0
cpu3 750 0 839 194740 221 0 849 0 0 0
intr 23590218 0 0 8889 75 0 3232 147276 0 0 0 17519 0 0 0 0 0 0 0 0 0 0 0 0 0 0 0 0 0 0 0 0 0 0 0 0 0 0 0 0 0 0 0 0 0 0 0 0 0 0 0 0 18674314 0 0 0 0 0 0 0 0 6305 0 5768 0 0 0 0 0 0 0 0 0 0 0 2895335 1 0 0 0 0 0 0 0 0 0 0 0 0 0 0 0 0 0 0 0 0 0 0 1810 4215 0 0 0 0 102403 0 0 0 0 0 0 0 0 0 0 0 0 0 0 0 0 0 0 0 0 0 0 0 0 0 0 0 0 0 0 0 0 0 0 0 0 0 0 0 0 0 0 0 0 0 0 0 0 0 0 0 0 0 0 0 0 0 0 0 0 0 0 0 0 0 0 0 0 0 0 0 0 0 0 0 1723076 0 0 0
ctxt 3773495
btime 1673393901
processes 2396
procs_running 1
procs_blocked 0
softirq 4176004 3245724 62229 5405 114569 5778 0 589667 106027 0 46605

cpu  5735 44 9414 764473 1055 0 5992 0 0 0
cpu0 774 34 962 193481 386 0 1776 0 0 0
cpu1 3212 0 6654 181737 236 0 2499 0 0 0
cpu2 998 9 958 194464 211 0 867 0 0 0
cpu3 750 0 839 194789 221 0 849 0 0 0
intr 23594951 0 0 8889 75 0 3232 147313 0 0 0 17519 0 0 0 0 0 0 0 0 0 0 0 0 0 0 0 0 0 0 0 0 0 0 0 0 0 0 0 0 0 0 0 0 0 0 0 0 0 0 0 0 18678339 0 0 0 0 0 0 0 0 6305 0 5768 0 0 0 0 0 0 0 0 0 0 0 2895488 1 0 0 0 0 0 0 0 0 0 0 0 0 0 0 0 0 0 0 0 0 0 0 1810 4215 0 0 0 0 102425 0 0 0 0 0 0 0 0 0 0 0 0 0 0 0 0 0 0 0 0 0 0 0 0 0 0 0 0 0 0 0 0 0 0 0 0 0 0 0 0 0 0 0 0 0 0 0 0 0 0 0 0 0 0 0 0 0 0 0 0 0 0 0 0 0 0 0 0 0 0 0 0 0 0 0 1723572 0 0 0
ctxt 3774533
btime 1673393901
processes 2396
procs_running 1
procs_blocked 0
softirq 4176079 3245732 62245 5405 114570 5778 0 589685 106048 0 46616

cpu  5735 44 9415 764670 1055 0 5992 0 0 0
cpu0 774 34 962 193531 386 0 1776 0 0 0
cpu1 3212 0 6655 181784 236 0 2499 0 0 0
cpu2 998 9 958 194514 211 0 867 0 0 0
cpu3 750 0 839 194839 221 0 849 0 0 0
intr 23599621 0 0 8889 75 0 3232 147341 0 0 0 17519 0 0 0 0 0 0 0 0 0 0 0 0 0 0 0 0 0 0 0 0 0 0 0 0 0 0 0 0 0 0 0 0 0 0 0 0 0 0 0 0 18682340 0 0 0 0 0 0 0 0 6305 0 5768 0 0 0 0 0 0 0 0 0 0 0 2895618 1 0 0 0 0 0 0 0 0 0 0 0 0 0 0 0 0 0 0 0 0 0 0 1810 4215 0 0 0 0 102447 0 0 0 0 0 0 0 0 0 0 0 0 0 0 0 0 0 0 0 0 0 0 0 0 0 0 0 0 0 0 0 0 0 0 0 0 0 0 0 0 0 0 0 0 0 0 0 0 0 0 0 0 0 0 0 0 0 0 0 0 0 0 0 0 0 0 0 0 0 0 0 0 0 0 0 1724062 0 0 0
ctxt 3775543
btime 1673393901
processes 2396
procs_running 1
procs_blocked 0
softirq 4176143 3245732 62259 5405 114571 5778 0 589704 106067 0 46627

cpu  5735 44 9416 764866 1055 0 5992 0 0 0
cpu0 774 34 962 193581 386 0 1776 0 0 0
cpu1 3212 0 6656 181832 236 0 2499 0 0 0
cpu2 998 9 958 194563 211 0 867 0 0 0
cpu3 750 0 839 194888 221 0 849 0 0 0
intr 23604345 0 0 8889 75 0 3232 147374 0 0 0 17519 0 0 0 0 0 0 0 0 0 0 0 0 0 0 0 0 0 0 0 0 0 0 0 0 0 0 0 0 0 0 0 0 0 0 0 0 0 0 0 0 18686364 0 0 0 0 0 0 0 0 6305 0 5768 0 0 0 0 0 0 0 0 0 0 0 2895770 1 0 0 0 0 0 0 0 0 0 0 0 0 0 0 0 0 0 0 0 0 0 0 1810 4215 0 0 0 0 102469 0 0 0 0 0 0 0 0 0 0 0 0 0 0 0 0 0 0 0 0 0 0 0 0 0 0 0 0 0 0 0 0 0 0 0 0 0 0 0 0 0 0 0 0 0 0 0 0 0 0 0 0 0 0 0 0 0 0 0 0 0 0 0 0 0 0 0 0 0 0 0 0 0 0 0 1724554 0 0 0
ctxt 3776562
btime 1673393901
processes 2396
procs_running 1
procs_blocked 0
softirq 4176220 3245740 62275 5405 114572 5778 0 589722 106089 0 46639

cpu  5735 44 9418 765063 1055 0 5992 0 0 0
cpu0 774 34 962 193630 386 0 1776 0 0 0
cpu1 3212 0 6658 181880 236 0 2499 0 0 0
cpu2 998 9 958 194613 211 0 867 0 0 0
cpu3 750 0 839 194938 221 0 849 0 0 0
intr 23609023 0 0 8894 75 0 3232 147406 0 0 0 17519 0 0 0 0 0 0 0 0 0 0 0 0 0 0 0 0 0 0 0 0 0 0 0 0 0 0 0 0 0 0 0 0 0 0 0 0 0 0 0 0 18690356 0 0 0 0 0 0 0 0 6305 0 5768 0 0 0 0 0 0 0 0 0 0 0 2895898 1 0 0 0 0 0 0 0 0 0 0 0 0 0 0 0 0 0 0 0 0 0 0 1810 4215 0 0 0 0 102491 0 0 0 0 0 0 0 0 0 0 0 0 0 0 0 0 0 0 0 0 0 0 0 0 0 0 0 0 0 0 0 0 0 0 0 0 0 0 0 0 0 0 0 0 0 0 0 0 0 0 0 0 0 0 0 0 0 0 0 0 0 0 0 0 0 0 0 0 0 0 0 0 0 0 0 1725053 0 0 0
ctxt 3777583
btime 1673393901
processes 2396
procs_running 1
procs_blocked 0
softirq 4176293 3245740 62293 5405 114573 5778 0 589741 106113 0 46650

cpu  5736 44 9418 765258 1055 0 5992 0 0 0
cpu0 774 34 962 193680 386 0 1776 0 0 0
cpu1 3213 0 6658 181927 236 0 2499 0 0 0
cpu2 998 9 958 194663 211 0 867 0 0 0
cpu3 750 0 839 194988 221 0 849 0 0 0
intr 23613837 0 0 8894 75 0 3233 147466 0 0 0 17519 0 0 0 0 0 0 0 0 0 0 0 0 0 0 0 0 0 0 0 0 0 0 0 0 0 0 0 0 0 0 0 0 0 0 0 0 0 0 0 0 18694381 0 0 0 0 0 0 0 0 6305 0 5797 0 0 0 0 0 0 0 0 0 0 0 2896052 1 0 0 0 0 0 0 0 0 0 0 0 0 0 0 0 0 0 0 0 0 0 0 1839 4215 0 0 0 0 102513 0 0 0 0 0 0 0 0 0 0 0 0 0 0 0 0 0 0 0 0 0 0 0 0 0 0 0 0 0 0 0 0 0 0 0 0 0 0 0 0 0 0 0 0 0 0 0 0 0 0 0 0 0 0 0 0 0 0 0 0 0 0 0 0 0 0 0 0 0 0 0 0 0 0 0 1725547 0 0 0
ctxt 3778871
btime 1673393901
processes 2397
procs_running 1
procs_blocked 0
softirq 4176487 3245748 62309 5405 114574 5807 0 589846 106136 0 46662

cpu  5736 44 9418 765455 1055 0 5992 0 0 0
cpu0 774 34 962 193730 386 0 1776 0 0 0
cpu1 3214 0 6658 181974 236 0 2499 0 0 0
cpu2 998 9 958 194712 211 0 867 0 0 0
cpu3 750 0 839 195037 221 0 849 0 0 0
intr 23618501 0 0 8894 75 0 3233 147491 0 0 0 17519 0 0 0 0 0 0 0 0 0 0 0 0 0 0 0 0 0 0 0 0 0 0 0 0 0 0 0 0 0 0 0 0 0 0 0 0 0 0 0 0 18698382 0 0 0 0 0 0 0 0 6305 0 5797 0 0 0 0 0 0 0 0 0 0 0 2896180 1 0 0 0 0 0 0 0 0 0 0 0 0 0 0 0 0 0 0 0 0 0 0 1839 4215 0 0 0 0 102532 0 0 0 0 0 0 0 0 0 0 0 0 0 0 0 0 0 0 0 0 0 0 0 0 0 0 0 0 0 0 0 0 0 0 0 0 0 0 0 0 0 0 0 0 0 0 0 0 0 0 0 0 0 0 0 0 0 0 0 0 0 0 0 0 0 0 0 0 0 0 0 0 0 0 0 1726039 0 0 0
ctxt 3779880
btime 1673393901
processes 2397
procs_running 1
procs_blocked 0
softirq 4176550 3245748 62323 5405 114575 5807 0 589861 106155 0 46676

cpu  5737 44 9419 765652 1055 0 5992 0 0 0
cpu0 774 34 962 193779 386 0 1776 0 0 0
cpu1 3214 0 6659 182022 236 0 2499 0 0 0
cpu2 998 9 958 194762 211 0 867 0 0 0
cpu3 750 0 839 195087 221 0 849 0 0 0
intr 23623240 0 0 8894 75 0 3234 147525 0 0 0 17519 0 0 0 0 0 0 0 0 0 0 0 0 0 0 0 0 0 0 0 0 0 0 0 0 0 0 0 0 0 0 0 0 0 0 0 0 0 0 0 0 18702414 0 0 0 0 0 0 0 0 6305 0 5797 0 0 0 0 0 0 0 0 0 0 0 2896332 1 0 0 0 0 0 0 0 0 0 0 0 0 0 0 0 0 0 0 0 0 0 0 1839 4215 0 0 0 0 102554 0 0 0 0 0 0 0 0 0 0 0 0 0 0 0 0 0 0 0 0 0 0 0 0 0 0 0 0 0 0 0 0 0 0 0 0 0 0 0 0 0 0 0 0 0 0 0 0 0 0 0 0 0 0 0 0 0 0 0 0 0 0 0 0 0 0 0 0 0 0 0 0 0 0 0 1726537 0 0 0
ctxt 3780909
btime 1673393901
processes 2397
procs_running 1
procs_blocked 0
softirq 4176638 3245756 62341 5405 114576 5807 0 589879 106183 0 46691

cpu  5738 44 9420 765849 1055 0 5992 0 0 0
cpu0 774 34 962 193829 386 0 1776 0 0 0
cpu1 3215 0 6660 182070 236 0 2499 0 0 0
cpu2 998 9 958 194811 211 0 867 0 0 0
cpu3 750 0 839 195137 221 0 849 0 0 0
intr 23627903 0 0 8894 75 0 3234 147553 0 0 0 17519 0 0 0 0 0 0 0 0 0 0 0 0 0 0 0 0 0 0 0 0 0 0 0 0 0 0 0 0 0 0 0 0 0 0 0 0 0 0 0 0 18706406 0 0 0 0 0 0 0 0 6305 0 5797 0 0 0 0 0 0 0 0 0 0 0 2896460 1 0 0 0 0 0 0 0 0 0 0 0 0 0 0 0 0 0 0 0 0 0 0 1839 4215 0 0 0 0 102576 0 0 0 0 0 0 0 0 0 0 0 0 0 0 0 0 0 0 0 0 0 0 0 0 0 0 0 0 0 0 0 0 0 0 0 0 0 0 0 0 0 0 0 0 0 0 0 0 0 0 0 0 0 0 0 0 0 0 0 0 0 0 0 0 0 0 0 0 0 0 0 0 0 0 0 1727030 0 0 0
ctxt 3781917
btime 1673393901
processes 2397
procs_running 1
procs_blocked 0
softirq 4176708 3245756 62357 5405 114577 5807 0 589898 106205 0 46703

cpu  5738 44 9421 766045 1055 0 5992 0 0 0
cpu0 774 34 962 193878 386 0 1776 0 0 0
cpu1 3215 0 6661 182118 236 0 2499 0 0 0
cpu2 998 9 958 194861 211 0 867 0 0 0
cpu3 750 0 839 195186 221 0 849 0 0 0
intr 23632644 0 0 8895 75 0 3234 147588 0 0 0 17519 0 0 0 0 0 0 0 0 0 0 0 0 0 0 0 0 0 0 0 0 0 0 0 0 0 0 0 0 0 0 0 0 0 0 0 0 0 0 0 0 18710431 0 0 0 0 0 0 0 0 6305 0 5797 0 0 0 0 0 0 0 0 0 0 0 2896614 1 0 0 0 0 0 0 0 0 0 0 0 0 0 0 0 0 0 0 0 0 0 0 1839 4215 0 0 0 0 102598 0 0 0 0 0 0 0 0 0 0 0 0 0 0 0 0 0 0 0 0 0 0 0 0 0 0 0 0 0 0 0 0 0 0 0 0 0 0 0 0 0 0 0 0 0 0 0 0 0 0 0 0 0 0 0 0 0 0 0 0 0 0 0 0 0 0 0 0 0 0 0 0 0 0 0 1727534 0 0 0
ctxt 3782954
btime 1673393901
processes 2397
procs_running 1
procs_blocked 0
softirq 4176793 3245764 62375 5405 114578 5807 0 589916 106232 0 46716

cpu  5738 44 9423 766240 1055 0 5992 0 0 0
cpu0 774 34 962 193928 386 0 1776 0 0 0
cpu1 3216 0 6663 182164 236 0 2499 0 0 0
cpu2 998 9 958 194911 211 0 867 0 0 0
cpu3 750 0 839 195236 221 0 849 0 0 0
intr 23637336 0 0 8897 75 0 3234 147619 0 0 0 17522 0 0 0 0 0 0 0 0 0 0 0 0 0 0 0 0 0 0 0 0 0 0 0 0 0 0 0 0 0 0 0 0 0 0 0 0 0 0 0 0 18714432 0 0 0 0 0 0 0 0 6305 0 5797 0 0 0 0 0 0 0 0 0 0 0 2896742 1 0 0 0 0 0 0 0 0 0 0 0 0 0 0 0 0 0 0 0 0 0 0 1839 4215 0 0 0 0 102620 0 0 0 0 0 0 0 0 0 0 0 0 0 0 0 0 0 0 0 0 0 0 0 0 0 0 0 0 0 0 0 0 0 0 0 0 0 0 0 0 0 0 0 0 0 0 0 0 0 0 0 0 0 0 0 0 0 0 0 0 0 0 0 0 0 0 0 0 0 0 0 0 0 0 0 1728039 0 0 0
ctxt 3783979
btime 1673393901
processes 2397
procs_running 1
procs_blocked 0
softirq 4176879 3245764 62393 5405 114579 5807 0 589935 106263 0 46733

cpu  5739 44 9425 766432 1057 0 5992 0 0 0
cpu0 774 34 963 193977 386 0 1776 0 0 0
cpu1 3216 0 6664 182210 236 0 2499 0 0 0
cpu2 998 9 958 194960 211 0 867 0 0 0
cpu3 750 0 839 195283 222 0 849 0 0 0
intr 23642084 0 0 8901 75 0 3234 147656 0 0 0 17527 0 0 0 0 0 0 0 0 0 0 0 0 0 0 0 0 0 0 0 0 0 0 0 0 0 0 0 0 0 0 0 0 0 0 0 0 0 0 0 0 18718460 0 0 0 0 0 0 0 0 6305 0 5799 0 0 0 0 0 0 0 0 0 0 0 2896896 1 0 0 0 0 0 0 0 0 0 0 0 0 0 0 0 0 0 0 0 0 0 0 1841 4215 0 0 0 0 102642 0 0 0 0 0 0 0 0 0 0 0 0 0 0 0 0 0 0 0 0 0 0 0 0 0 0 0 0 0 0 0 0 0 0 0 0 0 0 0 0 0 0 0 0 0 0 0 0 0 0 0 0 0 0 0 0 0 0 0 0 0 0 0 0 0 0 0 0 0 0 0 0 0 0 0 1728532 0 0 0
ctxt 3785015
btime 1673393901
processes 2397
procs_running 1
procs_blocked 0
softirq 4176979 3245772 62411 5406 114580 5809 0 589960 106294 0 46747

cpu  5739 44 9425 766626 1057 0 5992 0 0 0
cpu0 774 34 963 194027 386 0 1776 0 0 0
cpu1 3216 0 6664 182255 236 0 2499 0 0 0
cpu2 998 9 958 195009 211 0 867 0 0 0
cpu3 750 0 839 195333 222 0 849 0 0 0
intr 23646757 0 0 8905 75 0 3234 147686 0 0 0 17532 0 0 0 0 0 0 0 0 0 0 0 0 0 0 0 0 0 0 0 0 0 0 0 0 0 0 0 0 0 0 0 0 0 0 0 0 0 0 0 0 18722457 0 0 0 0 0 0 0 0 6305 0 5799 0 0 0 0 0 0 0 0 0 0 0 2897025 1 0 0 0 0 0 0 0 0 0 0 0 0 0 0 0 0 0 0 0 0 0 0 1841 4215 0 0 0 0 102664 0 0 0 0 0 0 0 0 0 0 0 0 0 0 0 0 0 0 0 0 0 0 0 0 0 0 0 0 0 0 0 0 0 0 0 0 0 0 0 0 0 0 0 0 0 0 0 0 0 0 0 0 0 0 0 0 0 0 0 0 0 0 0 0 0 0 0 0 0 0 0 0 0 0 0 1729021 0 0 0
ctxt 3786007
btime 1673393901
processes 2397
procs_running 1
procs_blocked 0
softirq 4177053 3245772 62426 5406 114581 5809 0 589979 106320 0 46760

cpu  5739 44 9427 766819 1057 0 5992 0 0 0
cpu0 774 34 963 194076 386 0 1776 0 0 0
cpu1 3216 0 6666 182301 236 0 2499 0 0 0
cpu2 998 9 958 195059 211 0 867 0 0 0
cpu3 750 0 839 195382 222 0 849 0 0 0
intr 23651514 0 0 8910 75 0 3235 147731 0 0 0 17537 0 0 0 0 0 0 0 0 0 0 0 0 0 0 0 0 0 0 0 0 0 0 0 0 0 0 0 0 0 0 0 0 0 0 0 0 0 0 0 0 18726485 0 0 0 0 0 0 0 0 6305 0 5799 0 0 0 0 0 0 0 0 0 0 0 2897178 1 0 0 0 0 0 0 0 0 0 0 0 0 0 0 0 0 0 0 0 0 0 0 1841 4215 0 0 0 0 102686 0 0 0 0 0 0 0 0 0 0 0 0 0 0 0 0 0 0 0 0 0 0 0 0 0 0 0 0 0 0 0 0 0 0 0 0 0 0 0 0 0 0 0 0 0 0 0 0 0 0 0 0 0 0 0 0 0 0 0 0 0 0 0 0 0 0 0 0 0 0 0 0 0 0 0 1729517 0 0 0
ctxt 3787035
btime 1673393901
processes 2398
procs_running 1
procs_blocked 0
softirq 4177142 3245780 62444 5406 114582 5809 0 589997 106349 0 46775

cpu  5740 44 9428 767013 1057 0 5992 0 0 0
cpu0 774 34 963 194125 386 0 1776 0 0 0
cpu1 3217 0 6667 182346 236 0 2499 0 0 0
cpu2 998 9 958 195108 211 0 867 0 0 0
cpu3 750 0 839 195431 222 0 849 0 0 0
intr 23656183 0 0 8914 75 0 3235 147759 0 0 0 17542 0 0 0 0 0 0 0 0 0 0 0 0 0 0 0 0 0 0 0 0 0 0 0 0 0 0 0 0 0 0 0 0 0 0 0 0 0 0 0 0 18730480 0 0 0 0 0 0 0 0 6305 0 5799 0 0 0 0 0 0 0 0 0 0 0 2897306 1 0 0 0 0 0 0 0 0 0 0 0 0 0 0 0 0 0 0 0 0 0 0 1841 4215 0 0 0 0 102708 0 0 0 0 0 0 0 0 0 0 0 0 0 0 0 0 0 0 0 0 0 0 0 0 0 0 0 0 0 0 0 0 0 0 0 0 0 0 0 0 0 0 0 0 0 0 0 0 0 0 0 0 0 0 0 0 0 0 0 0 0 0 0 0 0 0 0 0 0 0 0 0 0 0 0 1730007 0 0 0
ctxt 3788022
btime 1673393901
processes 2398
procs_running 1
procs_blocked 0
softirq 4177218 3245780 62460 5406 114583 5809 0 590016 106376 0 46788

cpu  5740 44 9430 767158 1057 0 6026 0 0 0
cpu0 774 34 964 194168 386 0 1778 0 0 0
cpu1 3217 0 6668 182365 236 0 2528 0 0 0
cpu2 998 9 958 195150 211 0 868 0 0 0
cpu3 750 0 839 195474 222 0 851 0 0 0
intr 23675850 0 0 8920 75 0 3235 147808 0 0 0 17545 0 0 0 0 0 0 0 0 0 0 0 0 0 0 0 0 0 0 0 0 0 0 0 0 0 0 0 0 0 0 0 0 0 0 0 0 0 0 0 0 18742437 0 0 0 0 0 0 0 0 6305 0 5799 0 0 0 0 0 0 0 0 0 0 0 2904614 1 0 0 0 0 0 0 0 0 0 0 0 0 0 0 0 0 0 0 0 0 0 0 1841 4215 0 0 0 0 102730 0 0 0 0 0 0 0 0 0 0 0 0 0 0 0 0 0 0 0 0 0 0 0 0 0 0 0 0 0 0 0 0 0 0 0 0 0 0 0 0 0 0 0 0 0 0 0 0 0 0 0 0 0 0 0 0 0 0 0 0 0 0 0 0 0 0 0 0 0 0 0 0 0 0 0 1730331 0 0 0
ctxt 3788759
btime 1673393901
processes 2398
procs_running 3
procs_blocked 0
softirq 4193460 3261433 62489 5458 114717 5809 0 590336 106416 0 46802

cpu  5740 44 9431 767275 1057 0 6086 0 0 0
cpu0 774 34 964 194206 386 0 1781 0 0 0
cpu1 3217 0 6668 182365 236 0 2578 0 0 0
cpu2 998 9 958 195189 211 0 870 0 0 0
cpu3 750 0 839 195513 222 0 856 0 0 0
intr 23709740 0 0 8920 75 0 3235 147841 0 0 0 17545 0 0 0 0 0 0 0 0 0 0 0 0 0 0 0 0 0 0 0 0 0 0 0 0 0 0 0 0 0 0 0 0 0 0 0 0 0 0 0 0 18762169 0 0 0 0 0 0 0 0 6305 0 5800 0 0 0 0 0 0 0 0 0 0 0 2918516 1 0 0 0 0 0 0 0 0 0 0 0 0 0 0 0 0 0 0 0 0 0 0 1842 4215 0 0 0 0 102752 0 0 0 0 0 0 0 0 0 0 0 0 0 0 0 0 0 0 0 0 0 0 0 0 0 0 0 0 0 0 0 0 0 0 0 0 0 0 0 0 0 0 0 0 0 0 0 0 0 0 0 0 0 0 0 0 0 0 0 0 0 0 0 0 0 0 0 0 0 0 0 0 0 0 0 1730534 0 0 0
ctxt 3789389
btime 1673393901
processes 2398
procs_running 4
procs_blocked 0
softirq 4219844 3286606 62533 5570 115005 5810 0 591070 106429 0 46821

cpu  5740 44 9432 767391 1057 0 6147 0 0 0
cpu0 774 34 965 194245 386 0 1785 0 0 0
cpu1 3217 0 6668 182365 236 0 2628 0 0 0
cpu2 998 9 958 195228 211 0 875 0 0 0
cpu3 750 0 840 195552 222 0 858 0 0 0
intr 23743446 0 0 8921 75 0 3235 147877 0 0 0 17545 0 0 0 0 0 0 0 0 0 0 0 0 0 0 0 0 0 0 0 0 0 0 0 0 0 0 0 0 0 0 0 0 0 0 0 0 0 0 0 0 18781770 0 0 0 0 0 0 0 0 6305 0 5800 0 0 0 0 0 0 0 0 0 0 0 2932346 1 0 0 0 0 0 0 0 0 0 0 0 0 0 0 0 0 0 0 0 0 0 0 1842 4215 0 0 0 0 102774 0 0 0 0 0 0 0 0 0 0 0 0 0 0 0 0 0 0 0 0 0 0 0 0 0 0 0 0 0 0 0 0 0 0 0 0 0 0 0 0 0 0 0 0 0 0 0 0 0 0 0 0 0 0 0 0 0 0 0 0 0 0 0 0 0 0 0 0 0 0 0 0 0 0 0 1730742 0 0 0
ctxt 3790041
btime 1673393901
processes 2398
procs_running 4
procs_blocked 0
softirq 4248346 3313928 62578 5686 115295 5810 0 591762 106447 0 46840

cpu  5740 44 9432 767508 1057 0 6206 0 0 0
cpu0 774 34 965 194284 386 0 1788 0 0 0
cpu1 3217 0 6668 182365 236 0 2678 0 0 0
cpu2 998 9 958 195267 211 0 878 0 0 0
cpu3 750 0 840 195591 222 0 860 0 0 0
intr 23777069 0 0 8921 75 0 3235 147923 0 0 0 17545 0 0 0 0 0 0 0 0 0 0 0 0 0 0 0 0 0 0 0 0 0 0 0 0 0 0 0 0 0 0 0 0 0 0 0 0 0 0 0 0 18801339 0 0 0 0 0 0 0 0 6305 0 5800 0 0 0 0 0 0 0 0 0 0 0 2946137 1 0 0 0 0 0 0 0 0 0 0 0 0 0 0 0 0 0 0 0 0 0 0 1842 4215 0 0 0 0 102796 0 0 0 0 0 0 0 0 0 0 0 0 0 0 0 0 0 0 0 0 0 0 0 0 0 0 0 0 0 0 0 0 0 0 0 0 0 0 0 0 0 0 0 0 0 0 0 0 0 0 0 0 0 0 0 0 0 0 0 0 0 0 0 0 0 0 0 0 0 0 0 0 0 0 0 1730939 0 0 0
ctxt 3790674
btime 1673393901
processes 2398
procs_running 3
procs_blocked 0
softirq 4274940 3339341 62620 5794 115576 5810 0 592472 106468 0 46859

cpu  5740 44 9433 767625 1057 0 6267 0 0 0
cpu0 774 34 966 194322 386 0 1792 0 0 0
cpu1 3217 0 6668 182365 236 0 2728 0 0 0
cpu2 998 9 958 195306 211 0 882 0 0 0
cpu3 750 0 840 195631 222 0 863 0 0 0
intr 23810662 0 0 8921 75 0 3235 147959 0 0 0 17545 0 0 0 0 0 0 0 0 0 0 0 0 0 0 0 0 0 0 0 0 0 0 0 0 0 0 0 0 0 0 0 0 0 0 0 0 0 0 0 0 18820894 0 0 0 0 0 0 0 0 6305 0 5800 0 0 0 0 0 0 0 0 0 0 0 2959912 1 0 0 0 0 0 0 0 0 0 0 0 0 0 0 0 0 0 0 0 0 0 0 1842 4215 0 0 0 0 102818 0 0 0 0 0 0 0 0 0 0 0 0 0 0 0 0 0 0 0 0 0 0 0 0 0 0 0 0 0 0 0 0 0 0 0 0 0 0 0 0 0 0 0 0 0 0 0 0 0 0 0 0 0 0 0 0 0 0 0 0 0 0 0 0 0 0 0 0 0 0 0 0 0 0 0 1731144 0 0 0
ctxt 3791266
btime 1673393901
processes 2398
procs_running 3
procs_blocked 0
softirq 4301270 3364470 62667 5910 115864 5810 0 593181 106491 0 46877

cpu  5740 44 9434 767741 1057 0 6328 0 0 0
cpu0 774 34 966 194361 386 0 1797 0 0 0
cpu1 3217 0 6668 182365 236 0 2778 0 0 0
cpu2 998 9 958 195344 211 0 887 0 0 0
cpu3 750 0 840 195670 222 0 866 0 0 0
intr 23844299 0 0 8921 75 0 3235 147999 0 0 0 17545 0 0 0 0 0 0 0 0 0 0 0 0 0 0 0 0 0 0 0 0 0 0 0 0 0 0 0 0 0 0 0 0 0 0 0 0 0 0 0 0 18840446 0 0 0 0 0 0 0 0 6305 0 5800 0 0 0 0 0 0 0 0 0 0 0 2973724 1 0 0 0 0 0 0 0 0 0 0 0 0 0 0 0 0 0 0 0 0 0 0 1842 4215 0 0 0 0 102840 0 0 0 0 0 0 0 0 0 0 0 0 0 0 0 0 0 0 0 0 0 0 0 0 0 0 0 0 0 0 0 0 0 0 0 0 0 0 0 0 0 0 0 0 0 0 0 0 0 0 0 0 0 0 0 0 0 0 0 0 0 0 0 0 0 0 0 0 0 0 0 0 0 0 0 1731355 0 0 0
ctxt 3791910
btime 1673393901
processes 2398
procs_running 4
procs_blocked 0
softirq 4329450 3391483 62709 6026 116154 5810 0 593862 106508 0 46898

cpu  5740 44 9436 767859 1057 0 6386 0 0 0
cpu0 774 34 967 194399 386 0 1800 0 0 0
cpu1 3217 0 6668 182365 236 0 2828 0 0 0
cpu2 998 9 959 195384 211 0 890 0 0 0
cpu3 751 0 840 195709 222 0 866 0 0 0
intr 23877491 0 0 8922 75 0 3235 148037 0 0 0 17545 0 0 0 0 0 0 0 0 0 0 0 0 0 0 0 0 0 0 0 0 0 0 0 0 0 0 0 0 0 0 0 0 0 0 0 0 0 0 0 0 18859809 0 0 0 0 0 0 0 0 6305 0 5800 0 0 0 0 0 0 0 0 0 0 0 2987287 1 0 0 0 0 0 0 0 0 0 0 0 0 0 0 0 0 0 0 0 0 0 0 1842 4215 0 0 0 0 102862 0 0 0 0 0 0 0 0 0 0 0 0 0 0 0 0 0 0 0 0 0 0 0 0 0 0 0 0 0 0 0 0 0 0 0 0 0 0 0 0 0 0 0 0 0 0 0 0 0 0 0 0 0 0 0 0 0 0 0 0 0 0 0 0 0 0 0 0 0 0 0 0 0 0 0 1731560 0 0 0
ctxt 3792502
btime 1673393901
processes 2398
procs_running 3
procs_blocked 0
softirq 4356162 3416945 62752 6161 116458 5810 0 594588 106531 0 46917

cpu  5740 44 9437 767975 1057 0 6448 0 0 0
cpu0 774 34 967 194438 386 0 1804 0 0 0
cpu1 3217 0 6668 182365 236 0 2878 0 0 0
cpu2 998 9 960 195422 211 0 895 0 0 0
cpu3 751 0 841 195748 222 0 870 0 0 0
intr 23911276 0 0 8922 75 0 3235 148088 0 0 0 17545 0 0 0 0 0 0 0 0 0 0 0 0 0 0 0 0 0 0 0 0 0 0 0 0 0 0 0 0 0 0 0 0 0 0 0 0 0 0 0 0 18879461 0 0 0 0 0 0 0 0 6305 0 5800 0 0 0 0 0 0 0 0 0 0 0 3001150 1 0 0 0 0 0 0 0 0 0 0 0 0 0 0 0 0 0 0 0 0 0 0 1842 4215 0 0 0 0 102884 0 0 0 0 0 0 0 0 0 0 0 0 0 0 0 0 0 0 0 0 0 0 0 0 0 0 0 0 0 0 0 0 0 0 0 0 0 0 0 0 0 0 0 0 0 0 0 0 0 0 0 0 0 0 0 0 0 0 0 0 0 0 0 0 0 0 0 0 0 0 0 0 0 0 0 1731769 0 0 0
ctxt 3793161
btime 1673393901
processes 2398
procs_running 4
procs_blocked 0
softirq 4383892 3443439 62796 6277 116748 5810 0 595325 106560 0 46937

cpu  5740 44 9439 768091 1057 0 6509 0 0 0
cpu0 774 34 968 194476 386 0 1807 0 0 0
cpu1 3217 0 6668 182365 236 0 2928 0 0 0
cpu2 998 9 960 195462 211 0 900 0 0 0
cpu3 751 0 842 195786 222 0 873 0 0 0
intr 23945098 0 0 8922 75 0 3235 148121 0 0 0 17545 0 0 0 0 0 0 0 0 0 0 0 0 0 0 0 0 0 0 0 0 0 0 0 0 0 0 0 0 0 0 0 0 0 0 0 0 0 0 0 0 18899139 0 0 0 0 0 0 0 0 6305 0 5800 0 0 0 0 0 0 0 0 0 0 0 3015026 1 0 0 0 0 0 0 0 0 0 0 0 0 0 0 0 0 0 0 0 0 0 0 1842 4215 0 0 0 0 102906 0 0 0 0 0 0 0 0 0 0 0 0 0 0 0 0 0 0 0 0 0 0 0 0 0 0 0 0 0 0 0 0 0 0 0 0 0 0 0 0 0 0 0 0 0 0 0 0 0 0 0 0 0 0 0 0 0 0 0 0 0 0 0 0 0 0 0 0 0 0 0 0 0 0 0 1731969 0 0 0
ctxt 3793806
btime 1673393901
processes 2398
procs_running 4
procs_blocked 0
softirq 4412654 3471001 62839 6384 117030 5810 0 596057 106577 0 46956

cpu  5740 44 9440 768207 1057 0 6569 0 0 0
cpu0 774 34 968 194515 386 0 1810 0 0 0
cpu1 3217 0 6668 182365 236 0 2978 0 0 0
cpu2 998 9 960 195501 211 0 904 0 0 0
cpu3 751 0 842 195825 222 0 876 0 0 0
intr 23978618 0 0 8922 75 0 3235 148161 0 0 0 17545 0 0 0 0 0 0 0 0 0 0 0 0 0 0 0 0 0 0 0 0 0 0 0 0 0 0 0 0 0 0 0 0 0 0 0 0 0 0 0 0 18918635 0 0 0 0 0 0 0 0 6305 0 5800 0 0 0 0 0 0 0 0 0 0 0 3028782 1 0 0 0 0 0 0 0 0 0 0 0 0 0 0 0 0 0 0 0 0 0 0 1842 4215 0 0 0 0 102928 0 0 0 0 0 0 0 0 0 0 0 0 0 0 0 0 0 0 0 0 0 0 0 0 0 0 0 0 0 0 0 0 0 0 0 0 0 0 0 0 0 0 0 0 0 0 0 0 0 0 0 0 0 0 0 0 0 0 0 0 0 0 0 0 0 0 0 0 0 0 0 0 0 0 0 1732177 0 0 0
ctxt 3794439
btime 1673393901
processes 2398
procs_running 3
procs_blocked 0
softirq 4439130 3496287 62883 6503 117323 5810 0 596763 106587 0 46974

cpu  5740 44 9440 768324 1057 0 6632 0 0 0
cpu0 774 34 968 194554 386 0 1811 0 0 0
cpu1 3217 0 6668 182365 236 0 3028 0 0 0
cpu2 998 9 960 195540 211 0 911 0 0 0
cpu3 751 0 842 195864 222 0 880 0 0 0
intr 24012145 0 0 8927 75 0 3235 148201 0 0 0 17546 0 0 0 0 0 0 0 0 0 0 0 0 0 0 0 0 0 0 0 0 0 0 0 0 0 0 0 0 0 0 0 0 0 0 0 0 0 0 0 0 18938116 0 0 0 0 0 0 0 0 6305 0 5800 0 0 0 0 0 0 0 0 0 0 0 3042552 1 0 0 0 0 0 0 0 0 0 0 0 0 0 0 0 0 0 0 0 0 0 0 1842 4215 0 0 0 0 102950 0 0 0 0 0 0 0 0 0 0 0 0 0 0 0 0 0 0 0 0 0 0 0 0 0 0 0 0 0 0 0 0 0 0 0 0 0 0 0 0 0 0 0 0 0 0 0 0 0 0 0 0 0 0 0 0 0 0 0 0 0 0 0 0 0 0 0 0 0 0 0 0 0 0 0 1732386 0 0 0
ctxt 3795070
btime 1673393901
processes 2398
procs_running 3
procs_blocked 0
softirq 4465435 3521388 62929 6620 117613 5810 0 597469 106613 0 46993

cpu  5740 44 9441 768440 1057 0 6693 0 0 0
cpu0 774 34 968 194592 386 0 1816 0 0 0
cpu1 3217 0 6668 182365 236 0 3078 0 0 0
cpu2 998 9 961 195579 211 0 915 0 0 0
cpu3 751 0 843 195903 222 0 884 0 0 0
intr 24046073 0 0 8927 75 0 3235 148249 0 0 0 17546 0 0 0 0 0 0 0 0 0 0 0 0 0 0 0 0 0 0 0 0 0 0 0 0 0 0 0 0 0 0 0 0 0 0 0 0 0 0 0 0 18957863 0 0 0 0 0 0 0 0 6305 0 5800 0 0 0 0 0 0 0 0 0 0 0 3056451 1 0 0 0 0 0 0 0 0 0 0 0 0 0 0 0 0 0 0 0 0 0 0 1842 4215 0 0 0 0 102972 0 0 0 0 0 0 0 0 0 0 0 0 0 0 0 0 0 0 0 0 0 0 0 0 0 0 0 0 0 0 0 0 0 0 0 0 0 0 0 0 0 0 0 0 0 0 0 0 0 0 0 0 0 0 0 0 0 0 0 0 0 0 0 0 0 0 0 0 0 0 0 0 0 0 0 1732592 0 0 0
ctxt 3795723
btime 1673393901
processes 2398
procs_running 3
procs_blocked 0
softirq 4492546 3547291 62976 6733 117902 5810 0 598194 106630 0 47010

cpu  5740 44 9442 768556 1057 0 6750 0 0 0
cpu0 774 34 968 194632 386 0 1817 0 0 0
cpu1 3217 0 6668 182365 236 0 3127 0 0 0
cpu2 998 9 961 195617 211 0 919 0 0 0
cpu3 751 0 844 195941 222 0 886 0 0 0
intr 24079729 0 0 8927 75 0 3235 148291 0 0 0 17546 0 0 0 0 0 0 0 0 0 0 0 0 0 0 0 0 0 0 0 0 0 0 0 0 0 0 0 0 0 0 0 0 0 0 0 0 0 0 0 0 18977411 0 0 0 0 0 0 0 0 6305 0 5800 0 0 0 0 0 0 0 0 0 0 0 3070304 1 0 0 0 0 0 0 0 0 0 0 0 0 0 0 0 0 0 0 0 0 0 0 1842 4215 0 0 0 0 102994 0 0 0 0 0 0 0 0 0 0 0 0 0 0 0 0 0 0 0 0 0 0 0 0 0 0 0 0 0 0 0 0 0 0 0 0 0 0 0 0 0 0 0 0 0 0 0 0 0 0 0 0 0 0 0 0 0 0 0 0 0 0 0 0 0 0 0 0 0 0 0 0 0 0 0 1732786 0 0 0
ctxt 3796364
btime 1673393901
processes 2398
procs_running 3
procs_blocked 0
softirq 4519633 3573261 63019 6845 118187 5810 0 598830 106652 0 47029

cpu  5740 44 9443 768673 1057 0 6814 0 0 0
cpu0 774 34 968 194670 386 0 1822 0 0 0
cpu1 3217 0 6668 182365 236 0 3178 0 0 0
cpu2 998 9 961 195656 211 0 924 0 0 0
cpu3 751 0 844 195980 222 0 890 0 0 0
intr 24113617 0 0 8927 75 0 3235 148336 0 0 0 17546 0 0 0 0 0 0 0 0 0 0 0 0 0 0 0 0 0 0 0 0 0 0 0 0 0 0 0 0 0 0 0 0 0 0 0 0 0 0 0 0 18997120 0 0 0 0 0 0 0 0 6305 0 5800 0 0 0 0 0 0 0 0 0 0 0 3084205 1 0 0 0 0 0 0 0 0 0 0 0 0 0 0 0 0 0 0 0 0 0 0 1842 4215 0 0 0 0 103016 0 0 0 0 0 0 0 0 0 0 0 0 0 0 0 0 0 0 0 0 0 0 0 0 0 0 0 0 0 0 0 0 0 0 0 0 0 0 0 0 0 0 0 0 0 0 0 0 0 0 0 0 0 0 0 0 0 0 0 0 0 0 0 0 0 0 0 0 0 0 0 0 0 0 0 1732997 0 0 0
ctxt 3797015
btime 1673393901
processes 2398
procs_running 3
procs_blocked 0
softirq 4547308 3599747 63062 6963 118480 5810 0 599528 106671 0 47047

cpu  5740 44 9443 768790 1057 0 6873 0 0 0
cpu0 774 34 968 194709 386 0 1824 0 0 0
cpu1 3217 0 6668 182365 236 0 3227 0 0 0
cpu2 998 9 962 195695 211 0 929 0 0 0
cpu3 751 0 844 196019 222 0 891 0 0 0
intr 24147045 0 0 8928 75 0 3235 148372 0 0 0 17546 0 0 0 0 0 0 0 0 0 0 0 0 0 0 0 0 0 0 0 0 0 0 0 0 0 0 0 0 0 0 0 0 0 0 0 0 0 0 0 0 19016578 0 0 0 0 0 0 0 0 6305 0 5800 0 0 0 0 0 0 0 0 0 0 0 3097910 1 0 0 0 0 0 0 0 0 0 0 0 0 0 0 0 0 0 0 0 0 0 0 1842 4215 0 0 0 0 103038 0 0 0 0 0 0 0 0 0 0 0 0 0 0 0 0 0 0 0 0 0 0 0 0 0 0 0 0 0 0 0 0 0 0 0 0 0 0 0 0 0 0 0 0 0 0 0 0 0 0 0 0 0 0 0 0 0 0 0 0 0 0 0 0 0 0 0 0 0 0 0 0 0 0 0 1733206 0 0 0
ctxt 3797639
btime 1673393901
processes 2398
procs_running 3
procs_blocked 0
softirq 4573822 3625070 63108 7081 118772 5810 0 600221 106694 0 47066

cpu  5741 44 9444 768906 1057 0 6933 0 0 0
cpu0 774 34 968 194748 386 0 1829 0 0 0
cpu1 3217 0 6668 182365 236 0 3278 0 0 0
cpu2 998 9 962 195734 211 0 932 0 0 0
cpu3 751 0 844 196058 222 0 893 0 0 0
intr 24180805 0 0 8928 75 0 3236 148411 0 0 0 17546 0 0 0 0 0 0 0 0 0 0 0 0 0 0 0 0 0 0 0 0 0 0 0 0 0 0 0 0 0 0 0 0 0 0 0 0 0 0 0 0 19036179 0 0 0 0 0 0 0 0 6305 0 5800 0 0 0 0 0 0 0 0 0 0 0 3111795 1 0 0 0 0 0 0 0 0 0 0 0 0 0 0 0 0 0 0 0 0 0 0 1842 4215 0 0 0 0 103060 0 0 0 0 0 0 0 0 0 0 0 0 0 0 0 0 0 0 0 0 0 0 0 0 0 0 0 0 0 0 0 0 0 0 0 0 0 0 0 0 0 0 0 0 0 0 0 0 0 0 0 0 0 0 0 0 0 0 0 0 0 0 0 0 0 0 0 0 0 0 0 0 0 0 0 1733416 0 0 0
ctxt 3798277
btime 1673393901
processes 2398
procs_running 3
procs_blocked 0
softirq 4600860 3650963 63152 7189 119059 5810 0 600889 106711 0 47087

cpu  5741 44 9446 769022 1057 0 6992 0 0 0
cpu0 774 34 969 194787 386 0 1830 0 0 0
cpu1 3217 0 6668 182365 236 0 3327 0 0 0
cpu2 998 9 962 195773 211 0 936 0 0 0
cpu3 751 0 845 196096 222 0 898 0 0 0
intr 24214621 0 0 8928 75 0 3236 148448 0 0 0 17546 0 0 0 0 0 0 0 0 0 0 0 0 0 0 0 0 0 0 0 0 0 0 0 0 0 0 0 0 0 0 0 0 0 0 0 0 0 0 0 0 19055838 0 0 0 0 0 0 0 0 6305 0 5800 0 0 0 0 0 0 0 0 0 0 0 3125672 1 0 0 0 0 0 0 0 0 0 0 0 0 0 0 0 0 0 0 0 0 0 0 1842 4215 0 0 0 0 103099 0 0 0 0 0 0 0 0 0 0 0 0 0 0 0 0 0 0 0 0 0 0 0 0 0 0 0 0 0 0 0 0 0 0 0 0 0 0 0 0 0 0 0 0 0 0 0 0 0 0 0 0 0 0 0 0 0 0 0 0 0 0 0 0 0 0 0 0 0 0 0 0 0 0 0 1733623 0 0 0
ctxt 3798940
btime 1673393901
processes 2398
procs_running 4
procs_blocked 0
softirq 4628059 3676994 63198 7296 119341 5810 0 601585 106721 0 47114

cpu  5741 44 9448 769139 1057 0 7055 0 0 0
cpu0 774 34 970 194826 386 0 1835 0 0 0
cpu1 3217 0 6668 182365 236 0 3378 0 0 0
cpu2 998 9 963 195811 211 0 940 0 0 0
cpu3 751 0 845 196135 222 0 901 0 0 0
intr 24248332 0 0 8928 75 0 3236 148485 0 0 0 17546 0 0 0 0 0 0 0 0 0 0 0 0 0 0 0 0 0 0 0 0 0 0 0 0 0 0 0 0 0 0 0 0 0 0 0 0 0 0 0 0 19075464 0 0 0 0 0 0 0 0 6305 0 5800 0 0 0 0 0 0 0 0 0 0 0 3139485 1 0 0 0 0 0 0 0 0 0 0 0 0 0 0 0 0 0 0 0 0 0 0 1842 4215 0 0 0 0 103121 0 0 0 0 0 0 0 0 0 0 0 0 0 0 0 0 0 0 0 0 0 0 0 0 0 0 0 0 0 0 0 0 0 0 0 0 0 0 0 0 0 0 0 0 0 0 0 0 0 0 0 0 0 0 0 0 0 0 0 0 0 0 0 0 0 0 0 0 0 0 0 0 0 0 0 1733831 0 0 0
ctxt 3799573
btime 1673393901
processes 2398
procs_running 3
procs_blocked 0
softirq 4655097 3702814 63240 7412 119635 5810 0 602311 106742 0 47133

cpu  5741 44 9448 769256 1057 0 7114 0 0 0
cpu0 774 34 970 194864 386 0 1838 0 0 0
cpu1 3217 0 6668 182365 236 0 3428 0 0 0
cpu2 998 9 963 195851 211 0 944 0 0 0
cpu3 751 0 845 196174 222 0 904 0 0 0
intr 24281851 0 0 8929 75 0 3236 148514 0 0 0 17546 0 0 0 0 0 0 0 0 0 0 0 0 0 0 0 0 0 0 0 0 0 0 0 0 0 0 0 0 0 0 0 0 0 0 0 0 0 0 0 0 19094968 0 0 0 0 0 0 0 0 6305 0 5800 0 0 0 0 0 0 0 0 0 0 0 3153249 1 0 0 0 0 0 0 0 0 0 0 0 0 0 0 0 0 0 0 0 0 0 0 1842 4215 0 0 0 0 103143 0 0 0 0 0 0 0 0 0 0 0 0 0 0 0 0 0 0 0 0 0 0 0 0 0 0 0 0 0 0 0 0 0 0 0 0 0 0 0 0 0 0 0 0 0 0 0 0 0 0 0 0 0 0 0 0 0 0 0 0 0 0 0 0 0 0 0 0 0 0 0 0 0 0 0 1734032 0 0 0
ctxt 3800196
btime 1673393901
processes 2398
procs_running 3
procs_blocked 0
softirq 4682577 3729127 63286 7530 119925 5810 0 602996 106752 0 47151

cpu  5741 44 9449 769372 1057 0 7176 0 0 0
cpu0 774 34 970 194902 386 0 1842 0 0 0
cpu1 3217 0 6668 182365 236 0 3478 0 0 0
cpu2 998 9 964 195890 211 0 948 0 0 0
cpu3 751 0 845 196213 222 0 908 0 0 0
intr 24315476 0 0 8929 75 0 3236 148558 0 0 0 17546 0 0 0 0 0 0 0 0 0 0 0 0 0 0 0 0 0 0 0 0 0 0 0 0 0 0 0 0 0 0 0 0 0 0 0 0 0 0 0 0 19114516 0 0 0 0 0 0 0 0 6305 0 5800 0 0 0 0 0 0 0 0 0 0 0 3167052 1 0 0 0 0 0 0 0 0 0 0 0 0 0 0 0 0 0 0 0 0 0 0 1842 4215 0 0 0 0 103165 0 0 0 0 0 0 0 0 0 0 0 0 0 0 0 0 0 0 0 0 0 0 0 0 0 0 0 0 0 0 0 0 0 0 0 0 0 0 0 0 0 0 0 0 0 0 0 0 0 0 0 0 0 0 0 0 0 0 0 0 0 0 0 0 0 0 0 0 0 0 0 0 0 0 0 1734238 0 0 0
ctxt 3800832
btime 1673393901
processes 2398
procs_running 4
procs_blocked 0
softirq 4709637 3755029 63331 7644 120213 5810 0 603670 106770 0 47170

cpu  5741 44 9449 769489 1057 0 7240 0 0 0
cpu0 774 34 970 194941 386 0 1848 0 0 0
cpu1 3217 0 6668 182365 236 0 3527 0 0 0
cpu2 998 9 964 195929 211 0 954 0 0 0
cpu3 751 0 845 196252 222 0 910 0 0 0
intr 24349049 0 0 8929 75 0 3236 148593 0 0 0 17547 0 0 0 0 0 0 0 0 0 0 0 0 0 0 0 0 0 0 0 0 0 0 0 0 0 0 0 0 0 0 0 0 0 0 0 0 0 0 0 0 19134072 0 0 0 0 0 0 0 0 6305 0 5800 0 0 0 0 0 0 0 0 0 0 0 3180807 1 0 0 0 0 0 0 0 0 0 0 0 0 0 0 0 0 0 0 0 0 0 0 1842 4215 0 0 0 0 103187 0 0 0 0 0 0 0 0 0 0 0 0 0 0 0 0 0 0 0 0 0 0 0 0 0 0 0 0 0 0 0 0 0 0 0 0 0 0 0 0 0 0 0 0 0 0 0 0 0 0 0 0 0 0 0 0 0 0 0 0 0 0 0 0 0 0 0 0 0 0 0 0 0 0 0 1734448 0 0 0
ctxt 3801456
btime 1673393901
processes 2398
procs_running 3
procs_blocked 0
softirq 4736655 3780854 63374 7757 120499 5810 0 604386 106786 0 47189

cpu  5741 44 9450 769606 1057 0 7298 0 0 0
cpu0 774 34 971 194980 386 0 1852 0 0 0
cpu1 3217 0 6668 182365 236 0 3578 0 0 0
cpu2 998 9 964 195968 211 0 955 0 0 0
cpu3 751 0 846 196292 222 0 912 0 0 0
intr 24382686 0 0 8929 75 0 3236 148626 0 0 0 17547 0 0 0 0 0 0 0 0 0 0 0 0 0 0 0 0 0 0 0 0 0 0 0 0 0 0 0 0 0 0 0 0 0 0 0 0 0 0 0 0 19153667 0 0 0 0 0 0 0 0 6305 0 5800 0 0 0 0 0 0 0 0 0 0 0 3194596 1 0 0 0 0 0 0 0 0 0 0 0 0 0 0 0 0 0 0 0 0 0 0 1842 4215 0 0 0 0 103209 0 0 0 0 0 0 0 0 0 0 0 0 0 0 0 0 0 0 0 0 0 0 0 0 0 0 0 0 0 0 0 0 0 0 0 0 0 0 0 0 0 0 0 0 0 0 0 0 0 0 0 0 0 0 0 0 0 0 0 0 0 0 0 0 0 0 0 0 0 0 0 0 0 0 0 1734644 0 0 0
ctxt 3802070
btime 1673393901
processes 2398
procs_running 4
procs_blocked 0
softirq 4762625 3805608 63422 7877 120792 5810 0 605110 106798 0 47208

cpu  5781 44 9450 769748 1057 0 7309 0 0 0
cpu0 774 34 971 195027 386 0 1852 0 0 0
cpu1 3257 0 6668 182365 236 0 3588 0 0 0
cpu2 998 9 964 196015 211 0 956 0 0 0
cpu3 751 0 846 196339 222 0 912 0 0 0
intr 24392885 0 0 8930 75 0 3236 148654 0 0 0 17547 0 0 0 0 0 0 0 0 0 0 0 0 0 0 0 0 0 0 0 0 0 0 0 0 0 0 0 0 0 0 0 0 0 0 0 0 0 0 0 0 19160748 0 0 0 0 0 0 0 0 6305 0 5800 0 0 0 0 0 0 0 0 0 0 0 3197493 1 0 0 0 0 0 0 0 0 0 0 0 0 0 0 0 0 0 0 0 0 0 0 1842 4215 0 0 0 0 103231 0 0 0 0 0 0 0 0 0 0 0 0 0 0 0 0 0 0 0 0 0 0 0 0 0 0 0 0 0 0 0 0 0 0 0 0 0 0 0 0 0 0 0 0 0 0 0 0 0 0 0 0 0 0 0 0 0 0 0 0 0 0 0 0 0 0 0 0 0 0 0 0 0 0 0 1734809 0 0 0
ctxt 3802270
btime 1673393901
processes 2398
procs_running 2
procs_blocked 0
softirq 4768341 3811007 63447 7906 120860 5810 0 605268 106815 0 47228

cpu  5784 44 9452 769942 1057 0 7310 0 0 0
cpu0 774 34 971 195076 386 0 1852 0 0 0
cpu1 3260 0 6670 182411 236 0 3588 0 0 0
cpu2 998 9 964 196065 211 0 956 0 0 0
cpu3 751 0 846 196388 222 0 912 0 0 0
intr 24398093 0 0 8930 75 0 3236 148694 0 0 0 17547 0 0 0 0 0 0 0 0 0 0 0 0 0 0 0 0 0 0 0 0 0 0 0 0 0 0 0 0 0 0 0 0 0 0 0 0 0 0 0 0 19165006 0 0 0 0 0 0 0 0 6305 0 5800 0 0 0 0 0 0 0 0 0 0 0 3197877 1 0 0 0 0 0 0 0 0 0 0 0 0 0 0 0 0 0 0 0 0 0 0 1842 4215 0 0 0 0 103268 0 0 0 0 0 0 0 0 0 0 0 0 0 0 0 0 0 0 0 0 0 0 0 0 0 0 0 0 0 0 0 0 0 0 0 0 0 0 0 0 0 0 0 0 0 0 0 0 0 0 0 0 0 0 0 0 0 0 0 0 0 0 0 0 0 0 0 0 0 0 0 0 0 0 0 1735298 0 0 0
ctxt 3803295
btime 1673393901
processes 2398
procs_running 1
procs_blocked 0
softirq 4768887 3811256 63463 7906 120862 5810 0 605518 106826 0 47246

cpu  5784 44 9453 770139 1057 0 7310 0 0 0
cpu0 774 34 972 195126 386 0 1852 0 0 0
cpu1 3260 0 6670 182459 236 0 3588 0 0 0
cpu2 998 9 964 196114 211 0 956 0 0 0
cpu3 751 0 846 196438 222 0 912 0 0 0
intr 24402778 0 0 8930 75 0 3236 148718 0 0 0 17547 0 0 0 0 0 0 0 0 0 0 0 0 0 0 0 0 0 0 0 0 0 0 0 0 0 0 0 0 0 0 0 0 0 0 0 0 0 0 0 0 19169014 0 0 0 0 0 0 0 0 6305 0 5800 0 0 0 0 0 0 0 0 0 0 0 3198007 1 0 0 0 0 0 0 0 0 0 0 0 0 0 0 0 0 0 0 0 0 0 0 1842 4215 0 0 0 0 103290 0 0 0 0 0 0 0 0 0 0 0 0 0 0 0 0 0 0 0 0 0 0 0 0 0 0 0 0 0 0 0 0 0 0 0 0 0 0 0 0 0 0 0 0 0 0 0 0 0 0 0 0 0 0 0 0 0 0 0 0 0 0 0 0 0 0 0 0 0 0 0 0 0 0 0 1735799 0 0 0
ctxt 3804318
btime 1673393901
processes 2398
procs_running 1
procs_blocked 0
softirq 4768952 3811256 63480 7906 120863 5810 0 605537 106843 0 47257

cpu  5784 44 9454 770335 1057 0 7310 0 0 0
cpu0 774 34 972 195175 386 0 1852 0 0 0
cpu1 3260 0 6670 182506 236 0 3588 0 0 0
cpu2 998 9 964 196164 211 0 956 0 0 0
cpu3 751 0 846 196488 222 0 912 0 0 0
intr 24407488 0 0 8930 75 0 3236 148746 0 0 0 17547 0 0 0 0 0 0 0 0 0 0 0 0 0 0 0 0 0 0 0 0 0 0 0 0 0 0 0 0 0 0 0 0 0 0 0 0 0 0 0 0 19173030 0 0 0 0 0 0 0 0 6305 0 5800 0 0 0 0 0 0 0 0 0 0 0 3198159 1 0 0 0 0 0 0 0 0 0 0 0 0 0 0 0 0 0 0 0 0 0 0 1842 4215 0 0 0 0 103312 0 0 0 0 0 0 0 0 0 0 0 0 0 0 0 0 0 0 0 0 0 0 0 0 0 0 0 0 0 0 0 0 0 0 0 0 0 0 0 0 0 0 0 0 0 0 0 0 0 0 0 0 0 0 0 0 0 0 0 0 0 0 0 0 0 0 0 0 0 0 0 0 0 0 0 1736290 0 0 0
ctxt 3805344
btime 1673393901
processes 2398
procs_running 1
procs_blocked 0
softirq 4769019 3811264 63493 7906 120864 5810 0 605555 106860 0 47267
