cpu  3054 0 2847 154627 787 0 164 0 0 0
cpu0 645 0 640 38862 280 0 30 0 0 0
cpu1 939 0 1073 37841 184 0 50 0 0 0
cpu2 836 0 578 38861 162 0 43 0 0 0
cpu3 632 0 556 39061 158 0 40 0 0 0
intr 3664347 0 0 1246 75 0 1273 53885 0 0 0 2715 0 0 0 0 0 0 0 0 0 0 0 0 0 0 0 0 0 0 0 0 0 0 0 0 0 0 0 0 0 0 0 0 0 0 0 0 0 0 0 0 3264698 0 0 0 0 0 0 0 0 5954 0 4571 0 0 0 0 0 0 0 0 0 0 0 120788 1 0 0 0 0 0 0 0 0 0 0 0 0 0 0 0 0 0 0 0 0 0 0 958 4215 0 0 0 0 44444 0 0 0 0 0 0 0 0 0 0 0 0 0 0 0 0 0 0 0 0 0 0 0 0 0 0 0 0 0 0 0 0 0 0 0 0 0 0 0 0 0 0 0 0 0 0 0 0 0 0 0 0 0 0 0 0 0 0 0 0 0 0 0 0 0 0 0 0 0 0 0 0 0 0 0 159525 0 0 0
ctxt 429341
btime 1673393901
processes 1103
procs_running 1
procs_blocked 0
softirq 133476 11411 11908 110 21192 4581 0 48792 18788 0 16694

cpu  3055 0 2850 154821 787 0 164 0 0 0
cpu0 645 0 640 38912 280 0 30 0 0 0
cpu1 940 0 1075 37887 184 0 50 0 0 0
cpu2 836 0 578 38910 162 0 43 0 0 0
cpu3 632 0 556 39111 158 0 40 0 0 0
intr 3669023 0 0 1246 75 0 1273 53912 0 0 0 2720 0 0 0 0 0 0 0 0 0 0 0 0 0 0 0 0 0 0 0 0 0 0 0 0 0 0 0 0 0 0 0 0 0 0 0 0 0 0 0 0 3268703 0 0 0 0 0 0 0 0 5954 0 4571 0 0 0 0 0 0 0 0 0 0 0 120916 1 0 0 0 0 0 0 0 0 0 0 0 0 0 0 0 0 0 0 0 0 0 0 958 4215 0 0 0 0 44466 0 0 0 0 0 0 0 0 0 0 0 0 0 0 0 0 0 0 0 0 0 0 0 0 0 0 0 0 0 0 0 0 0 0 0 0 0 0 0 0 0 0 0 0 0 0 0 0 0 0 0 0 0 0 0 0 0 0 0 0 0 0 0 0 0 0 0 0 0 0 0 0 0 0 0 160014 0 0 0
ctxt 430339
btime 1673393901
processes 1103
procs_running 1
procs_blocked 0
softirq 133540 11411 11923 111 21193 4581 0 48810 18808 0 16703

cpu  3056 0 2853 155014 787 0 164 0 0 0
cpu0 645 0 640 38961 280 0 30 0 0 0
cpu1 941 0 1078 37933 184 0 50 0 0 0
cpu2 837 0 578 38958 162 0 43 0 0 0
cpu3 632 0 556 39160 158 0 40 0 0 0
intr 3673799 0 0 1246 75 0 1273 53959 0 0 0 2725 0 0 0 0 0 0 0 0 0 0 0 0 0 0 0 0 0 0 0 0 0 0 0 0 0 0 0 0 0 0 0 0 0 0 0 0 0 0 0 0 3272730 0 0 0 0 0 0 0 0 5954 0 4571 0 0 0 0 0 0 0 0 0 0 0 121070 1 0 0 0 0 0 0 0 0 0 0 0 0 0 0 0 0 0 0 0 0 0 0 958 4215 0 0 0 0 44508 0 0 0 0 0 0 0 0 0 0 0 0 0 0 0 0 0 0 0 0 0 0 0 0 0 0 0 0 0 0 0 0 0 0 0 0 0 0 0 0 0 0 0 0 0 0 0 0 0 0 0 0 0 0 0 0 0 0 0 0 0 0 0 0 0 0 0 0 0 0 0 0 0 0 0 160514 0 0 0
ctxt 431398
btime 1673393901
processes 1103
procs_running 1
procs_blocked 0
softirq 133636 11419 11943 111 21195 4581 0 48846 18828 0 16713

cpu  3057 0 2855 155207 787 0 164 0 0 0
cpu0 645 0 640 39010 280 0 30 0 0 0
cpu1 941 0 1080 37978 184 0 50 0 0 0
cpu2 838 0 578 39007 162 0 43 0 0 0
cpu3 632 0 556 39210 158 0 40 0 0 0
intr 3678466 0 0 1247 75 0 1273 53987 0 0 0 2730 0 0 0 0 0 0 0 0 0 0 0 0 0 0 0 0 0 0 0 0 0 0 0 0 0 0 0 0 0 0 0 0 0 0 0 0 0 0 0 0 3276726 0 0 0 0 0 0 0 0 5954 0 4571 0 0 0 0 0 0 0 0 0 0 0 121198 1 0 0 0 0 0 0 0 0 0 0 0 0 0 0 0 0 0 0 0 0 0 0 958 4215 0 0 0 0 44530 0 0 0 0 0 0 0 0 0 0 0 0 0 0 0 0 0 0 0 0 0 0 0 0 0 0 0 0 0 0 0 0 0 0 0 0 0 0 0 0 0 0 0 0 0 0 0 0 0 0 0 0 0 0 0 0 0 0 0 0 0 0 0 0 0 0 0 0 0 0 0 0 0 0 0 161002 0 0 0
ctxt 432391
btime 1673393901
processes 1103
procs_running 1
procs_blocked 0
softirq 133699 11419 11958 111 21196 4581 0 48864 18848 0 16722

cpu  3057 0 2857 155401 787 0 164 0 0 0
cpu0 645 0 640 39059 280 0 30 0 0 0
cpu1 941 0 1081 38024 184 0 50 0 0 0
cpu2 838 0 579 39056 162 0 43 0 0 0
cpu3 632 0 556 39259 158 0 40 0 0 0
intr 3683195 0 0 1247 75 0 1273 54017 0 0 0 2735 0 0 0 0 0 0 0 0 0 0 0 0 0 0 0 0 0 0 0 0 0 0 0 0 0 0 0 0 0 0 0 0 0 0 0 0 0 0 0 0 3280754 0 0 0 0 0 0 0 0 5954 0 4571 0 0 0 0 0 0 0 0 0 0 0 121351 1 0 0 0 0 0 0 0 0 0 0 0 0 0 0 0 0 0 0 0 0 0 0 958 4215 0 0 0 0 44552 0 0 0 0 0 0 0 0 0 0 0 0 0 0 0 0 0 0 0 0 0 0 0 0 0 0 0 0 0 0 0 0 0 0 0 0 0 0 0 0 0 0 0 0 0 0 0 0 0 0 0 0 0 0 0 0 0 0 0 0 0 0 0 0 0 0 0 0 0 0 0 0 0 0 0 161493 0 0 0
ctxt 433418
btime 1673393901
processes 1103
procs_running 1
procs_blocked 0
softirq 133781 11427 11975 111 21197 4581 0 48885 18872 0 16733

cpu  3058 0 2858 155594 787 0 164 0 0 0
cpu0 645 0 640 39109 280 0 30 0 0 0
cpu1 941 0 1083 38070 184 0 50 0 0 0
cpu2 838 0 579 39105 162 0 43 0 0 0
cpu3 632 0 556 39308 158 0 40 0 0 0
intr 3687849 0 0 1247 75 0 1273 54039 0 0 0 2740 0 0 0 0 0 0 0 0 0 0 0 0 0 0 0 0 0 0 0 0 0 0 0 0 0 0 0 0 0 0 0 0 0 0 0 0 0 0 0 0 3284749 0 0 0 0 0 0 0 0 5954 0 4571 0 0 0 0 0 0 0 0 0 0 0 121477 1 0 0 0 0 0 0 0 0 0 0 0 0 0 0 0 0 0 0 0 0 0 0 958 4215 0 0 0 0 44574 0 0 0 0 0 0 0 0 0 0 0 0 0 0 0 0 0 0 0 0 0 0 0 0 0 0 0 0 0 0 0 0 0 0 0 0 0 0 0 0 0 0 0 0 0 0 0 0 0 0 0 0 0 0 0 0 0 0 0 0 0 0 0 0 0 0 0 0 0 0 0 0 0 0 0 161977 0 0 0
ctxt 434413
btime 1673393901
processes 1103
procs_running 1
procs_blocked 0
softirq 133846 11427 11990 111 21198 4581 0 48903 18895 0 16741

cpu  3059 0 2860 155788 787 0 164 0 0 0
cpu0 645 0 640 39158 280 0 30 0 0 0
cpu1 942 0 1084 38116 184 0 50 0 0 0
cpu2 839 0 579 39154 162 0 43 0 0 0
cpu3 632 0 556 39358 158 0 40 0 0 0
intr 3692574 0 0 1247 75 0 1273 54067 0 0 0 2745 0 0 0 0 0 0 0 0 0 0 0 0 0 0 0 0 0 0 0 0 0 0 0 0 0 0 0 0 0 0 0 0 0 0 0 0 0 0 0 0 3288779 0 0 0 0 0 0 0 0 5954 0 4571 0 0 0 0 0 0 0 0 0 0 0 121631 1 0 0 0 0 0 0 0 0 0 0 0 0 0 0 0 0 0 0 0 0 0 0 958 4215 0 0 0 0 44596 0 0 0 0 0 0 0 0 0 0 0 0 0 0 0 0 0 0 0 0 0 0 0 0 0 0 0 0 0 0 0 0 0 0 0 0 0 0 0 0 0 0 0 0 0 0 0 0 0 0 0 0 0 0 0 0 0 0 0 0 0 0 0 0 0 0 0 0 0 0 0 0 0 0 0 162463 0 0 0
ctxt 435429
btime 1673393901
processes 1103
procs_running 1
procs_blocked 0
softirq 133928 11435 12007 111 21199 4581 0 48926 18919 0 16750

cpu  3060 0 2862 155981 787 0 164 0 0 0
cpu0 645 0 640 39208 280 0 30 0 0 0
cpu1 942 0 1086 38162 184 0 50 0 0 0
cpu2 839 0 579 39203 162 0 43 0 0 0
cpu3 632 0 556 39407 158 0 40 0 0 0
intr 3697237 0 0 1248 75 0 1273 54092 0 0 0 2750 0 0 0 0 0 0 0 0 0 0 0 0 0 0 0 0 0 0 0 0 0 0 0 0 0 0 0 0 0 0 0 0 0 0 0 0 0 0 0 0 3292774 0 0 0 0 0 0 0 0 5954 0 4571 0 0 0 0 0 0 0 0 0 0 0 121759 1 0 0 0 0 0 0 0 0 0 0 0 0 0 0 0 0 0 0 0 0 0 0 958 4215 0 0 0 0 44618 0 0 0 0 0 0 0 0 0 0 0 0 0 0 0 0 0 0 0 0 0 0 0 0 0 0 0 0 0 0 0 0 0 0 0 0 0 0 0 0 0 0 0 0 0 0 0 0 0 0 0 0 0 0 0 0 0 0 0 0 0 0 0 0 0 0 0 0 0 0 0 0 0 0 0 162949 0 0 0
ctxt 436426
btime 1673393901
processes 1103
procs_running 1
procs_blocked 0
softirq 133993 11435 12021 111 21200 4581 0 48944 18941 0 16760

cpu  3060 0 2862 156174 787 0 164 0 0 0
cpu0 645 0 640 39257 280 0 30 0 0 0
cpu1 942 0 1086 38208 184 0 50 0 0 0
cpu2 840 0 579 39252 162 0 43 0 0 0
cpu3 632 0 556 39457 158 0 40 0 0 0
intr 3701959 0 0 1248 75 0 1273 54121 0 0 0 2755 0 0 0 0 0 0 0 0 0 0 0 0 0 0 0 0 0 0 0 0 0 0 0 0 0 0 0 0 0 0 0 0 0 0 0 0 0 0 0 0 3296802 0 0 0 0 0 0 0 0 5954 0 4571 0 0 0 0 0 0 0 0 0 0 0 121912 1 0 0 0 0 0 0 0 0 0 0 0 0 0 0 0 0 0 0 0 0 0 0 958 4215 0 0 0 0 44640 0 0 0 0 0 0 0 0 0 0 0 0 0 0 0 0 0 0 0 0 0 0 0 0 0 0 0 0 0 0 0 0 0 0 0 0 0 0 0 0 0 0 0 0 0 0 0 0 0 0 0 0 0 0 0 0 0 0 0 0 0 0 0 0 0 0 0 0 0 0 0 0 0 0 0 163435 0 0 0
ctxt 437442
btime 1673393901
processes 1103
procs_running 1
procs_blocked 0
softirq 134072 11443 12039 111 21201 4581 0 48965 18964 0 16768

cpu  3061 0 2864 156368 787 0 164 0 0 0
cpu0 645 0 640 39306 280 0 30 0 0 0
cpu1 943 0 1088 38253 184 0 50 0 0 0
cpu2 840 0 579 39301 162 0 43 0 0 0
cpu3 632 0 556 39506 158 0 40 0 0 0
intr 3706619 0 0 1248 75 0 1273 54142 0 0 0 2760 0 0 0 0 0 0 0 0 0 0 0 0 0 0 0 0 0 0 0 0 0 0 0 0 0 0 0 0 0 0 0 0 0 0 0 0 0 0 0 0 3300798 0 0 0 0 0 0 0 0 5954 0 4571 0 0 0 0 0 0 0 0 0 0 0 122040 1 0 0 0 0 0 0 0 0 0 0 0 0 0 0 0 0 0 0 0 0 0 0 958 4215 0 0 0 0 44662 0 0 0 0 0 0 0 0 0 0 0 0 0 0 0 0 0 0 0 0 0 0 0 0 0 0 0 0 0 0 0 0 0 0 0 0 0 0 0 0 0 0 0 0 0 0 0 0 0 0 0 0 0 0 0 0 0 0 0 0 0 0 0 0 0 0 0 0 0 0 0 0 0 0 0 163923 0 0 0
ctxt 438435
btime 1673393901
processes 1103
procs_running 1
procs_blocked 0
softirq 134140 11443 12054 111 21202 4581 0 48983 18989 0 16777

cpu  3062 0 2866 156562 787 0 164 0 0 0
cpu0 645 0 640 39356 280 0 30 0 0 0
cpu1 944 0 1090 38299 184 0 50 0 0 0
cpu2 840 0 579 39350 162 0 43 0 0 0
cpu3 632 0 556 39556 158 0 40 0 0 0
intr 3711340 0 0 1248 75 0 1273 54171 0 0 0 2765 0 0 0 0 0 0 0 0 0 0 0 0 0 0 0 0 0 0 0 0 0 0 0 0 0 0 0 0 0 0 0 0 0 0 0 0 0 0 0 0 3304824 0 0 0 0 0 0 0 0 5954 0 4571 0 0 0 0 0 0 0 0 0 0 0 122193 1 0 0 0 0 0 0 0 0 0 0 0 0 0 0 0 0 0 0 0 0 0 0 958 4215 0 0 0 0 44684 0 0 0 0 0 0 0 0 0 0 0 0 0 0 0 0 0 0 0 0 0 0 0 0 0 0 0 0 0 0 0 0 0 0 0 0 0 0 0 0 0 0 0 0 0 0 0 0 0 0 0 0 0 0 0 0 0 0 0 0 0 0 0 0 0 0 0 0 0 0 0 0 0 0 0 164409 0 0 0
ctxt 439448
btime 1673393901
processes 1103
procs_running 1
procs_blocked 0
softirq 134217 11451 12070 111 21203 4581 0 49002 19013 0 16786

cpu  3063 0 2867 156755 787 0 164 0 0 0
cpu0 645 0 640 39405 280 0 30 0 0 0
cpu1 944 0 1091 38345 184 0 50 0 0 0
cpu2 841 0 579 39399 162 0 43 0 0 0
cpu3 632 0 556 39605 158 0 40 0 0 0
intr 3716003 0 0 1249 75 0 1273 54195 0 0 0 2770 0 0 0 0 0 0 0 0 0 0 0 0 0 0 0 0 0 0 0 0 0 0 0 0 0 0 0 0 0 0 0 0 0 0 0 0 0 0 0 0 3308820 0 0 0 0 0 0 0 0 5954 0 4571 0 0 0 0 0 0 0 0 0 0 0 122321 1 0 0 0 0 0 0 0 0 0 0 0 0 0 0 0 0 0 0 0 0 0 0 958 4215 0 0 0 0 44706 0 0 0 0 0 0 0 0 0 0 0 0 0 0 0 0 0 0 0 0 0 0 0 0 0 0 0 0 0 0 0 0 0 0 0 0 0 0 0 0 0 0 0 0 0 0 0 0 0 0 0 0 0 0 0 0 0 0 0 0 0 0 0 0 0 0 0 0 0 0 0 0 0 0 0 164896 0 0 0
ctxt 440451
btime 1673393901
processes 1103
procs_running 1
procs_blocked 0
softirq 134287 11451 12086 112 21204 4581 0 49020 19037 0 16796

cpu  3063 0 2869 156948 787 0 164 0 0 0
cpu0 645 0 640 39454 280 0 30 0 0 0
cpu1 944 0 1093 38391 184 0 50 0 0 0
cpu2 841 0 579 39448 162 0 43 0 0 0
cpu3 632 0 556 39654 158 0 40 0 0 0
intr 3720741 0 0 1253 75 0 1273 54225 0 0 0 2775 0 0 0 0 0 0 0 0 0 0 0 0 0 0 0 0 0 0 0 0 0 0 0 0 0 0 0 0 0 0 0 0 0 0 0 0 0 0 0 0 3312847 0 0 0 0 0 0 0 0 5954 0 4571 0 0 0 0 0 0 0 0 0 0 0 122474 1 0 0 0 0 0 0 0 0 0 0 0 0 0 0 0 0 0 0 0 0 0 0 958 4215 0 0 0 0 44728 0 0 0 0 0 0 0 0 0 0 0 0 0 0 0 0 0 0 0 0 0 0 0 0 0 0 0 0 0 0 0 0 0 0 0 0 0 0 0 0 0 0 0 0 0 0 0 0 0 0 0 0 0 0 0 0 0 0 0 0 0 0 0 0 0 0 0 0 0 0 0 0 0 0 0 165392 0 0 0
ctxt 441478
btime 1673393901
processes 1103
procs_running 1
procs_blocked 0
softirq 134374 11459 12106 112 21205 4581 0 49040 19065 0 16806

cpu  3064 0 2870 157142 787 0 164 0 0 0
cpu0 645 0 640 39504 280 0 30 0 0 0
cpu1 944 0 1094 38437 184 0 50 0 0 0
cpu2 842 0 579 39496 162 0 43 0 0 0
cpu3 632 0 556 39704 158 0 40 0 0 0
intr 3725397 0 0 1253 75 0 1273 54246 0 0 0 2780 0 0 0 0 0 0 0 0 0 0 0 0 0 0 0 0 0 0 0 0 0 0 0 0 0 0 0 0 0 0 0 0 0 0 0 0 0 0 0 0 3316843 0 0 0 0 0 0 0 0 5954 0 4571 0 0 0 0 0 0 0 0 0 0 0 122602 1 0 0 0 0 0 0 0 0 0 0 0 0 0 0 0 0 0 0 0 0 0 0 958 4215 0 0 0 0 44750 0 0 0 0 0 0 0 0 0 0 0 0 0 0 0 0 0 0 0 0 0 0 0 0 0 0 0 0 0 0 0 0 0 0 0 0 0 0 0 0 0 0 0 0 0 0 0 0 0 0 0 0 0 0 0 0 0 0 0 0 0 0 0 0 0 0 0 0 0 0 0 0 0 0 0 165878 0 0 0
ctxt 442473
btime 1673393901
processes 1103
procs_running 1
procs_blocked 0
softirq 134438 11459 12119 112 21206 4581 0 49058 19088 0 16815

cpu  3065 0 2872 157335 787 0 164 0 0 0
cpu0 645 0 640 39553 280 0 30 0 0 0
cpu1 944 0 1096 38482 184 0 50 0 0 0
cpu2 842 0 579 39545 162 0 43 0 0 0
cpu3 632 0 556 39753 158 0 40 0 0 0
intr 3730123 0 0 1253 75 0 1273 54276 0 0 0 2785 0 0 0 0 0 0 0 0 0 0 0 0 0 0 0 0 0 0 0 0 0 0 0 0 0 0 0 0 0 0 0 0 0 0 0 0 0 0 0 0 3320870 0 0 0 0 0 0 0 0 5954 0 4571 0 0 0 0 0 0 0 0 0 0 0 122755 1 0 0 0 0 0 0 0 0 0 0 0 0 0 0 0 0 0 0 0 0 0 0 958 4215 0 0 0 0 44772 0 0 0 0 0 0 0 0 0 0 0 0 0 0 0 0 0 0 0 0 0 0 0 0 0 0 0 0 0 0 0 0 0 0 0 0 0 0 0 0 0 0 0 0 0 0 0 0 0 0 0 0 0 0 0 0 0 0 0 0 0 0 0 0 0 0 0 0 0 0 0 0 0 0 0 166366 0 0 0
ctxt 443490
btime 1673393901
processes 1103
procs_running 1
procs_blocked 0
softirq 134522 11467 12136 112 21207 4581 0 49078 19114 0 16827

cpu  3066 0 2874 157529 787 0 164 0 0 0
cpu0 645 0 640 39602 280 0 30 0 0 0
cpu1 945 0 1098 38528 184 0 50 0 0 0
cpu2 842 0 579 39594 162 0 43 0 0 0
cpu3 632 0 556 39802 158 0 40 0 0 0
intr 3734787 0 0 1254 75 0 1273 54299 0 0 0 2790 0 0 0 0 0 0 0 0 0 0 0 0 0 0 0 0 0 0 0 0 0 0 0 0 0 0 0 0 0 0 0 0 0 0 0 0 0 0 0 0 3324866 0 0 0 0 0 0 0 0 5954 0 4571 0 0 0 0 0 0 0 0 0 0 0 122883 1 0 0 0 0 0 0 0 0 0 0 0 0 0 0 0 0 0 0 0 0 0 0 958 4215 0 0 0 0 44794 0 0 0 0 0 0 0 0 0 0 0 0 0 0 0 0 0 0 0 0 0 0 0 0 0 0 0 0 0 0 0 0 0 0 0 0 0 0 0 0 0 0 0 0 0 0 0 0 0 0 0 0 0 0 0 0 0 0 0 0 0 0 0 0 0 0 0 0 0 0 0 0 0 0 0 166855 0 0 0
ctxt 444493
btime 1673393901
processes 1103
procs_running 1
procs_blocked 0
softirq 134594 11467 12153 112 21208 4581 0 49096 19139 0 16838

cpu  3066 0 2875 157722 787 0 164 0 0 0
cpu0 645 0 640 39652 280 0 30 0 0 0
cpu1 945 0 1099 38574 184 0 50 0 0 0
cpu2 843 0 579 39643 162 0 43 0 0 0
cpu3 632 0 556 39852 158 0 40 0 0 0
intr 3739511 0 0 1254 75 0 1273 54326 0 0 0 2795 0 0 0 0 0 0 0 0 0 0 0 0 0 0 0 0 0 0 0 0 0 0 0 0 0 0 0 0 0 0 0 0 0 0 0 0 0 0 0 0 3328891 0 0 0 0 0 0 0 0 5954 0 4571 0 0 0 0 0 0 0 0 0 0 0 123037 1 0 0 0 0 0 0 0 0 0 0 0 0 0 0 0 0 0 0 0 0 0 0 958 4215 0 0 0 0 44816 0 0 0 0 0 0 0 0 0 0 0 0 0 0 0 0 0 0 0 0 0 0 0 0 0 0 0 0 0 0 0 0 0 0 0 0 0 0 0 0 0 0 0 0 0 0 0 0 0 0 0 0 0 0 0 0 0 0 0 0 0 0 0 0 0 0 0 0 0 0 0 0 0 0 0 167345 0 0 0
ctxt 445513
btime 1673393901
processes 1103
procs_running 1
procs_blocked 0
softirq 134674 11475 12170 112 21209 4581 0 49116 19164 0 16847

cpu  3068 0 2877 157916 787 0 164 0 0 0
cpu0 645 0 640 39701 280 0 30 0 0 0
cpu1 946 0 1101 38620 184 0 50 0 0 0
cpu2 843 0 579 39692 162 0 43 0 0 0
cpu3 632 0 556 39901 158 0 40 0 0 0
intr 3744171 0 0 1254 75 0 1273 54350 0 0 0 2800 0 0 0 0 0 0 0 0 0 0 0 0 0 0 0 0 0 0 0 0 0 0 0 0 0 0 0 0 0 0 0 0 0 0 0 0 0 0 0 0 3332888 0 0 0 0 0 0 0 0 5954 0 4571 0 0 0 0 0 0 0 0 0 0 0 123165 1 0 0 0 0 0 0 0 0 0 0 0 0 0 0 0 0 0 0 0 0 0 0 958 4215 0 0 0 0 44838 0 0 0 0 0 0 0 0 0 0 0 0 0 0 0 0 0 0 0 0 0 0 0 0 0 0 0 0 0 0 0 0 0 0 0 0 0 0 0 0 0 0 0 0 0 0 0 0 0 0 0 0 0 0 0 0 0 0 0 0 0 0 0 0 0 0 0 0 0 0 0 0 0 0 0 167830 0 0 0
ctxt 446504
btime 1673393901
processes 1103
procs_running 1
procs_blocked 0
softirq 134742 11475 12184 112 21210 4581 0 49134 19189 0 16857

cpu  3069 0 2879 158109 787 0 164 0 0 0
cpu0 645 0 640 39750 280 0 30 0 0 0
cpu1 947 0 1103 38665 184 0 50 0 0 0
cpu2 844 0 579 39741 162 0 43 0 0 0
cpu3 632 0 556 39951 158 0 40 0 0 0
intr 3748902 0 0 1254 75 0 1273 54381 0 0 0 2805 0 0 0 0 0 0 0 0 0 0 0 0 0 0 0 0 0 0 0 0 0 0 0 0 0 0 0 0 0 0 0 0 0 0 0 0 0 0 0 0 3336913 0 0 0 0 0 0 0 0 5954 0 4571 0 0 0 0 0 0 0 0 0 0 0 123318 1 0 0 0 0 0 0 0 0 0 0 0 0 0 0 0 0 0 0 0 0 0 0 958 4215 0 0 0 0 44860 0 0 0 0 0 0 0 0 0 0 0 0 0 0 0 0 0 0 0 0 0 0 0 0 0 0 0 0 0 0 0 0 0 0 0 0 0 0 0 0 0 0 0 0 0 0 0 0 0 0 0 0 0 0 0 0 0 0 0 0 0 0 0 0 0 0 0 0 0 0 0 0 0 0 0 168324 0 0 0
ctxt 447522
btime 1673393901
processes 1103
procs_running 1
procs_blocked 0
softirq 134827 11483 12199 112 21211 4581 0 49153 19219 0 16869

cpu  3069 0 2881 158302 787 0 164 0 0 0
cpu0 645 0 640 39800 280 0 30 0 0 0
cpu1 947 0 1105 38711 184 0 50 0 0 0
cpu2 844 0 579 39790 162 0 43 0 0 0
cpu3 632 0 556 40000 158 0 40 0 0 0
intr 3753606 0 0 1255 75 0 1273 54419 0 0 0 2810 0 0 0 0 0 0 0 0 0 0 0 0 0 0 0 0 0 0 0 0 0 0 0 0 0 0 0 0 0 0 0 0 0 0 0 0 0 0 0 0 3340909 0 0 0 0 0 0 0 0 5954 0 4571 0 0 0 0 0 0 0 0 0 0 0 123446 1 0 0 0 0 0 0 0 0 0 0 0 0 0 0 0 0 0 0 0 0 0 0 958 4215 0 0 0 0 44903 0 0 0 0 0 0 0 0 0 0 0 0 0 0 0 0 0 0 0 0 0 0 0 0 0 0 0 0 0 0 0 0 0 0 0 0 0 0 0 0 0 0 0 0 0 0 0 0 0 0 0 0 0 0 0 0 0 0 0 0 0 0 0 0 0 0 0 0 0 0 0 0 0 0 0 168818 0 0 0
ctxt 448574
btime 1673393901
processes 1103
procs_running 1
procs_blocked 0
softirq 134920 11483 12217 112 21214 4581 0 49188 19245 0 16880

cpu  3070 0 2883 158495 787 0 164 0 0 0
cpu0 645 0 640 39849 280 0 30 0 0 0
cpu1 947 0 1107 38757 184 0 50 0 0 0
cpu2 844 0 579 39838 162 0 43 0 0 0
cpu3 632 0 556 40050 158 0 40 0 0 0
intr 3758336 0 0 1255 75 0 1273 54449 0 0 0 2815 0 0 0 0 0 0 0 0 0 0 0 0 0 0 0 0 0 0 0 0 0 0 0 0 0 0 0 0 0 0 0 0 0 0 0 0 0 0 0 0 3344937 0 0 0 0 0 0 0 0 5954 0 4571 0 0 0 0 0 0 0 0 0 0 0 123599 1 0 0 0 0 0 0 0 0 0 0 0 0 0 0 0 0 0 0 0 0 0 0 958 4215 0 0 0 0 44925 0 0 0 0 0 0 0 0 0 0 0 0 0 0 0 0 0 0 0 0 0 0 0 0 0 0 0 0 0 0 0 0 0 0 0 0 0 0 0 0 0 0 0 0 0 0 0 0 0 0 0 0 0 0 0 0 0 0 0 0 0 0 0 0 0 0 0 0 0 0 0 0 0 0 0 169310 0 0 0
ctxt 449602
btime 1673393901
processes 1103
procs_running 1
procs_blocked 0
softirq 135003 11491 12234 112 21215 4581 0 49208 19271 0 16891

cpu  3071 0 2885 158689 787 0 164 0 0 0
cpu0 645 0 640 39898 280 0 30 0 0 0
cpu1 948 0 1109 38803 184 0 50 0 0 0
cpu2 845 0 579 39887 162 0 43 0 0 0
cpu3 632 0 556 40099 158 0 40 0 0 0
intr 3762995 0 0 1255 75 0 1273 54471 0 0 0 2820 0 0 0 0 0 0 0 0 0 0 0 0 0 0 0 0 0 0 0 0 0 0 0 0 0 0 0 0 0 0 0 0 0 0 0 0 0 0 0 0 3348932 0 0 0 0 0 0 0 0 5954 0 4571 0 0 0 0 0 0 0 0 0 0 0 123727 1 0 0 0 0 0 0 0 0 0 0 0 0 0 0 0 0 0 0 0 0 0 0 958 4215 0 0 0 0 44947 0 0 0 0 0 0 0 0 0 0 0 0 0 0 0 0 0 0 0 0 0 0 0 0 0 0 0 0 0 0 0 0 0 0 0 0 0 0 0 0 0 0 0 0 0 0 0 0 0 0 0 0 0 0 0 0 0 0 0 0 0 0 0 0 0 0 0 0 0 0 0 0 0 0 0 169796 0 0 0
ctxt 450592
btime 1673393901
processes 1103
procs_running 1
procs_blocked 0
softirq 135075 11491 12249 113 21216 4581 0 49226 19296 0 16903

cpu  3071 0 2888 158883 787 0 164 0 0 0
cpu0 645 0 640 39948 280 0 30 0 0 0
cpu1 948 0 1112 38849 184 0 50 0 0 0
cpu2 845 0 579 39936 162 0 43 0 0 0
cpu3 632 0 556 40148 158 0 40 0 0 0
intr 3767674 0 0 1255 75 0 1273 54498 0 0 0 2825 0 0 0 0 0 0 0 0 0 0 0 0 0 0 0 0 0 0 0 0 0 0 0 0 0 0 0 0 0 0 0 0 0 0 0 0 0 0 0 0 3352936 0 0 0 0 0 0 0 0 5954 0 4571 0 0 0 0 0 0 0 0 0 0 0 123857 1 0 0 0 0 0 0 0 0 0 0 0 0 0 0 0 0 0 0 0 0 0 0 958 4215 0 0 0 0 44969 0 0 0 0 0 0 0 0 0 0 0 0 0 0 0 0 0 0 0 0 0 0 0 0 0 0 0 0 0 0 0 0 0 0 0 0 0 0 0 0 0 0 0 0 0 0 0 0 0 0 0 0 0 0 0 0 0 0 0 0 0 0 0 0 0 0 0 0 0 0 0 0 0 0 0 170288 0 0 0
ctxt 451594
btime 1673393901
processes 1103
procs_running 1
procs_blocked 0
softirq 135152 11491 12264 113 21217 4581 0 49245 19325 0 16916

cpu  3072 0 2890 159076 787 0 164 0 0 0
cpu0 645 0 640 39997 280 0 30 0 0 0
cpu1 948 0 1114 38895 184 0 50 0 0 0
cpu2 846 0 579 39985 162 0 43 0 0 0
cpu3 632 0 556 40198 158 0 40 0 0 0
intr 3772399 0 0 1256 75 0 1273 54526 0 0 0 2830 0 0 0 0 0 0 0 0 0 0 0 0 0 0 0 0 0 0 0 0 0 0 0 0 0 0 0 0 0 0 0 0 0 0 0 0 0 0 0 0 3356964 0 0 0 0 0 0 0 0 5954 0 4571 0 0 0 0 0 0 0 0 0 0 0 124008 1 0 0 0 0 0 0 0 0 0 0 0 0 0 0 0 0 0 0 0 0 0 0 958 4215 0 0 0 0 44988 0 0 0 0 0 0 0 0 0 0 0 0 0 0 0 0 0 0 0 0 0 0 0 0 0 0 0 0 0 0 0 0 0 0 0 0 0 0 0 0 0 0 0 0 0 0 0 0 0 0 0 0 0 0 0 0 0 0 0 0 0 0 0 0 0 0 0 0 0 0 0 0 0 0 0 170780 0 0 0
ctxt 452608
btime 1673393901
processes 1103
procs_running 1
procs_blocked 0
softirq 135232 11499 12279 113 21218 4581 0 49261 19352 0 16929

cpu  3072 0 2892 159269 787 0 164 0 0 0
cpu0 645 0 640 40046 280 0 30 0 0 0
cpu1 948 0 1116 38941 184 0 50 0 0 0
cpu2 846 0 579 40034 162 0 43 0 0 0
cpu3 632 0 556 40247 158 0 40 0 0 0
intr 3777070 0 0 1256 75 0 1273 54551 0 0 0 2835 0 0 0 0 0 0 0 0 0 0 0 0 0 0 0 0 0 0 0 0 0 0 0 0 0 0 0 0 0 0 0 0 0 0 0 0 0 0 0 0 3360960 0 0 0 0 0 0 0 0 5954 0 4571 0 0 0 0 0 0 0 0 0 0 0 124138 1 0 0 0 0 0 0 0 0 0 0 0 0 0 0 0 0 0 0 0 0 0 0 958 4215 0 0 0 0 45010 0 0 0 0 0 0 0 0 0 0 0 0 0 0 0 0 0 0 0 0 0 0 0 0 0 0 0 0 0 0 0 0 0 0 0 0 0 0 0 0 0 0 0 0 0 0 0 0 0 0 0 0 0 0 0 0 0 0 0 0 0 0 0 0 0 0 0 0 0 0 0 0 0 0 0 171274 0 0 0
ctxt 453612
btime 1673393901
processes 1103
procs_running 1
procs_blocked 0
softirq 135317 11499 12299 113 21219 4581 0 49280 19383 0 16943

cpu  3076 0 2893 159461 787 0 164 0 0 0
cpu0 645 0 640 40095 280 0 30 0 0 0
cpu1 950 0 1117 38986 184 0 50 0 0 0
cpu2 846 0 579 40083 162 0 43 0 0 0
cpu3 632 0 556 40296 158 0 40 0 0 0
intr 3782132 0 0 1262 75 0 1273 54596 0 0 0 2840 0 0 0 0 0 0 0 0 0 0 0 0 0 0 0 0 0 0 0 0 0 0 0 0 0 0 0 0 0 0 0 0 0 0 0 0 0 0 0 0 3365132 0 0 0 0 0 0 0 0 5954 0 4571 0 0 0 0 0 0 0 0 0 0 0 124431 1 0 0 0 0 0 0 0 0 0 0 0 0 0 0 0 0 0 0 0 0 0 0 958 4215 0 0 0 0 45045 0 0 0 0 0 0 0 0 0 0 0 0 0 0 0 0 0 0 0 0 0 0 0 0 0 0 0 0 0 0 0 0 0 0 0 0 0 0 0 0 0 0 0 0 0 0 0 0 0 0 0 0 0 0 0 0 0 0 0 0 0 0 0 0 0 0 0 0 0 0 0 0 0 0 0 171779 0 0 0
ctxt 454677
btime 1673393901
processes 1103
procs_running 1
procs_blocked 0
softirq 135680 11734 12319 115 21225 4581 0 49323 19418 0 16965

cpu  3076 0 2894 159654 787 0 164 0 0 0
cpu0 645 0 640 40144 280 0 30 0 0 0
cpu1 951 0 1118 39032 184 0 50 0 0 0
cpu2 846 0 580 40131 162 0 43 0 0 0
cpu3 632 0 556 40345 158 0 40 0 0 0
intr 3786961 0 0 1268 75 0 1273 54625 0 0 0 2845 0 0 0 0 0 0 0 0 0 0 0 0 0 0 0 0 0 0 0 0 0 0 0 0 0 0 0 0 0 0 0 0 0 0 0 0 0 0 0 0 3369201 0 0 0 0 0 0 0 0 5954 0 4571 0 0 0 0 0 0 0 0 0 0 0 124632 1 0 0 0 0 0 0 0 0 0 0 0 0 0 0 0 0 0 0 0 0 0 0 958 4215 0 0 0 0 45067 0 0 0 0 0 0 0 0 0 0 0 0 0 0 0 0 0 0 0 0 0 0 0 0 0 0 0 0 0 0 0 0 0 0 0 0 0 0 0 0 0 0 0 0 0 0 0 0 0 0 0 0 0 0 0 0 0 0 0 0 0 0 0 0 0 0 0 0 0 0 0 0 0 0 0 172276 0 0 0
ctxt 455692
btime 1673393901
processes 1103
procs_running 1
procs_blocked 0
softirq 135880 11848 12335 116 21228 4581 0 49350 19444 0 16978

cpu  3077 0 2895 159847 787 0 164 0 0 0
cpu0 645 0 640 40193 280 0 30 0 0 0
cpu1 952 0 1119 39078 184 0 50 0 0 0
cpu2 847 0 580 40180 162 0 43 0 0 0
cpu3 632 0 556 40394 158 0 40 0 0 0
intr 3791845 0 0 1277 75 0 1273 54661 0 0 0 2850 0 0 0 0 0 0 0 0 0 0 0 0 0 0 0 0 0 0 0 0 0 0 0 0 0 0 0 0 0 0 0 0 0 0 0 0 0 0 0 0 3373296 0 0 0 0 0 0 0 0 5954 0 4571 0 0 0 0 0 0 0 0 0 0 0 124852 1 0 0 0 0 0 0 0 0 0 0 0 0 0 0 0 0 0 0 0 0 0 0 958 4215 0 0 0 0 45089 0 0 0 0 0 0 0 0 0 0 0 0 0 0 0 0 0 0 0 0 0 0 0 0 0 0 0 0 0 0 0 0 0 0 0 0 0 0 0 0 0 0 0 0 0 0 0 0 0 0 0 0 0 0 0 0 0 0 0 0 0 0 0 0 0 0 0 0 0 0 0 0 0 0 0 172774 0 0 0
ctxt 456731
btime 1673393901
processes 1103
procs_running 1
procs_blocked 0
softirq 136094 11979 12351 117 21231 4581 0 49373 19470 0 16992

cpu  3078 0 2898 160040 787 0 164 0 0 0
cpu0 645 0 640 40243 280 0 30 0 0 0
cpu1 952 0 1121 39124 184 0 50 0 0 0
cpu2 847 0 580 40229 162 0 43 0 0 0
cpu3 633 0 556 40443 158 0 40 0 0 0
intr 3796673 0 0 1281 75 0 1273 54688 0 0 0 2854 0 0 0 0 0 0 0 0 0 0 0 0 0 0 0 0 0 0 0 0 0 0 0 0 0 0 0 0 0 0 0 0 0 0 0 0 0 0 0 0 3377366 0 0 0 0 0 0 0 0 5954 0 4571 0 0 0 0 0 0 0 0 0 0 0 125057 1 0 0 0 0 0 0 0 0 0 0 0 0 0 0 0 0 0 0 0 0 0 0 958 4215 0 0 0 0 45111 0 0 0 0 0 0 0 0 0 0 0 0 0 0 0 0 0 0 0 0 0 0 0 0 0 0 0 0 0 0 0 0 0 0 0 0 0 0 0 0 0 0 0 0 0 0 0 0 0 0 0 0 0 0 0 0 0 0 0 0 0 0 0 0 0 0 0 0 0 0 0 0 0 0 0 173269 0 0 0
ctxt 457737
btime 1673393901
processes 1103
procs_running 1
procs_blocked 0
softirq 136293 12089 12368 117 21234 4581 0 49396 19501 0 17007

cpu  3080 0 2899 160233 787 0 164 0 0 0
cpu0 645 0 640 40292 280 0 30 0 0 0
cpu1 953 0 1122 39169 184 0 50 0 0 0
cpu2 847 0 580 40278 162 0 43 0 0 0
cpu3 633 0 556 40493 158 0 40 0 0 0
intr 3801548 0 0 1285 75 0 1273 54718 0 0 0 2859 0 0 0 0 0 0 0 0 0 0 0 0 0 0 0 0 0 0 0 0 0 0 0 0 0 0 0 0 0 0 0 0 0 0 0 0 0 0 0 0 3381460 0 0 0 0 0 0 0 0 5954 0 4571 0 0 0 0 0 0 0 0 0 0 0 125282 1 0 0 0 0 0 0 0 0 0 0 0 0 0 0 0 0 0 0 0 0 0 0 958 4215 0 0 0 0 45133 0 0 0 0 0 0 0 0 0 0 0 0 0 0 0 0 0 0 0 0 0 0 0 0 0 0 0 0 0 0 0 0 0 0 0 0 0 0 0 0 0 0 0 0 0 0 0 0 0 0 0 0 0 0 0 0 0 0 0 0 0 0 0 0 0 0 0 0 0 0 0 0 0 0 0 173764 0 0 0
ctxt 458766
btime 1673393901
processes 1103
procs_running 1
procs_blocked 0
softirq 136502 12206 12386 117 21237 4581 0 49423 19529 0 17023

cpu  3081 0 2902 160426 787 0 164 0 0 0
cpu0 645 0 640 40341 280 0 30 0 0 0
cpu1 954 0 1125 39215 184 0 50 0 0 0
cpu2 848 0 580 40326 162 0 43 0 0 0
cpu3 633 0 556 40542 158 0 40 0 0 0
intr 3806426 0 0 1289 75 0 1274 54762 0 0 0 2864 0 0 0 0 0 0 0 0 0 0 0 0 0 0 0 0 0 0 0 0 0 0 0 0 0 0 0 0 0 0 0 0 0 0 0 0 0 0 0 0 3385534 0 0 0 0 0 0 0 0 5954 0 4571 0 0 0 0 0 0 0 0 0 0 0 125482 1 0 0 0 0 0 0 0 0 0 0 0 0 0 0 0 0 0 0 0 0 0 0 958 4215 0 0 0 0 45176 0 0 0 0 0 0 0 0 0 0 0 0 0 0 0 0 0 0 0 0 0 0 0 0 0 0 0 0 0 0 0 0 0 0 0 0 0 0 0 0 0 0 0 0 0 0 0 0 0 0 0 0 0 0 0 0 0 0 0 0 0 0 0 0 0 0 0 0 0 0 0 0 0 0 0 174272 0 0 0
ctxt 459824
btime 1673393901
processes 1104
procs_running 1
procs_blocked 0
softirq 136662 12238 12405 118 21242 4581 0 49475 19563 0 17040

cpu  3082 0 2903 160617 787 0 165 0 0 0
cpu0 645 0 640 40389 280 0 31 0 0 0
cpu1 955 0 1126 39260 184 0 50 0 0 0
cpu2 848 0 580 40375 162 0 43 0 0 0
cpu3 633 0 556 40591 158 0 40 0 0 0
intr 3811450 0 0 1294 75 0 1274 54797 0 0 0 2869 0 0 0 0 0 0 0 0 0 0 0 0 0 0 0 0 0 0 0 0 0 0 0 0 0 0 0 0 0 0 0 0 0 0 0 0 0 0 0 0 3389696 0 0 0 0 0 0 0 0 5954 0 4571 0 0 0 0 0 0 0 0 0 0 0 125781 1 0 0 0 0 0 0 0 0 0 0 0 0 0 0 0 0 0 0 0 0 0 0 958 4215 0 0 0 0 45198 0 0 0 0 0 0 0 0 0 0 0 0 0 0 0 0 0 0 0 0 0 0 0 0 0 0 0 0 0 0 0 0 0 0 0 0 0 0 0 0 0 0 0 0 0 0 0 0 0 0 0 0 0 0 0 0 0 0 0 0 0 0 0 0 0 0 0 0 0 0 0 0 0 0 0 174768 0 0 0
ctxt 460856
btime 1673393901
processes 1104
procs_running 1
procs_blocked 0
softirq 137050 12522 12421 119 21247 4581 0 49510 19595 0 17055

cpu  3083 0 2906 160810 787 0 166 0 0 0
cpu0 645 0 640 40439 280 0 31 0 0 0
cpu1 956 0 1129 39305 184 0 50 0 0 0
cpu2 848 0 580 40424 162 0 43 0 0 0
cpu3 633 0 556 40640 158 0 40 0 0 0
intr 3816290 0 0 1300 75 0 1274 54829 0 0 0 2874 0 0 0 0 0 0 0 0 0 0 0 0 0 0 0 0 0 0 0 0 0 0 0 0 0 0 0 0 0 0 0 0 0 0 0 0 0 0 0 0 3393771 0 0 0 0 0 0 0 0 5954 0 4571 0 0 0 0 0 0 0 0 0 0 0 125985 1 0 0 0 0 0 0 0 0 0 0 0 0 0 0 0 0 0 0 0 0 0 0 958 4215 0 0 0 0 45220 0 0 0 0 0 0 0 0 0 0 0 0 0 0 0 0 0 0 0 0 0 0 0 0 0 0 0 0 0 0 0 0 0 0 0 0 0 0 0 0 0 0 0 0 0 0 0 0 0 0 0 0 0 0 0 0 0 0 0 0 0 0 0 0 0 0 0 0 0 0 0 0 0 0 0 175264 0 0 0
ctxt 461867
btime 1673393901
processes 1104
procs_running 1
procs_blocked 0
softirq 137267 12650 12436 120 21250 4581 0 49534 19627 0 17069

cpu  3083 0 2907 161003 787 0 166 0 0 0
cpu0 645 0 640 40488 280 0 31 0 0 0
cpu1 956 0 1130 39351 184 0 50 0 0 0
cpu2 848 0 580 40473 162 0 43 0 0 0
cpu3 633 0 556 40689 158 0 40 0 0 0
intr 3821163 0 0 1306 75 0 1274 54864 0 0 0 2879 0 0 0 0 0 0 0 0 0 0 0 0 0 0 0 0 0 0 0 0 0 0 0 0 0 0 0 0 0 0 0 0 0 0 0 0 0 0 0 0 3397860 0 0 0 0 0 0 0 0 5954 0 4571 0 0 0 0 0 0 0 0 0 0 0 126207 1 0 0 0 0 0 0 0 0 0 0 0 0 0 0 0 0 0 0 0 0 0 0 958 4215 0 0 0 0 45242 0 0 0 0 0 0 0 0 0 0 0 0 0 0 0 0 0 0 0 0 0 0 0 0 0 0 0 0 0 0 0 0 0 0 0 0 0 0 0 0 0 0 0 0 0 0 0 0 0 0 0 0 0 0 0 0 0 0 0 0 0 0 0 0 0 0 0 0 0 0 0 0 0 0 0 175758 0 0 0
ctxt 462894
btime 1673393901
processes 1104
procs_running 1
procs_blocked 0
softirq 137482 12781 12454 122 21253 4581 0 49556 19654 0 17081

cpu  3084 0 2908 161196 787 0 166 0 0 0
cpu0 645 0 640 40537 280 0 31 0 0 0
cpu1 957 0 1131 39396 184 0 50 0 0 0
cpu2 848 0 580 40522 162 0 43 0 0 0
cpu3 633 0 556 40739 158 0 40 0 0 0
intr 3826004 0 0 1314 75 0 1274 54897 0 0 0 2884 0 0 0 0 0 0 0 0 0 0 0 0 0 0 0 0 0 0 0 0 0 0 0 0 0 0 0 0 0 0 0 0 0 0 0 0 0 0 0 0 3401934 0 0 0 0 0 0 0 0 5954 0 4571 0 0 0 0 0 0 0 0 0 0 0 126408 1 0 0 0 0 0 0 0 0 0 0 0 0 0 0 0 0 0 0 0 0 0 0 958 4215 0 0 0 0 45264 0 0 0 0 0 0 0 0 0 0 0 0 0 0 0 0 0 0 0 0 0 0 0 0 0 0 0 0 0 0 0 0 0 0 0 0 0 0 0 0 0 0 0 0 0 0 0 0 0 0 0 0 0 0 0 0 0 0 0 0 0 0 0 0 0 0 0 0 0 0 0 0 0 0 0 176257 0 0 0
ctxt 463908
btime 1673393901
processes 1104
procs_running 2
procs_blocked 0
softirq 137676 12887 12470 123 21256 4581 0 49583 19682 0 17094

cpu  3084 0 2910 161389 787 0 166 0 0 0
cpu0 645 0 640 40586 280 0 31 0 0 0
cpu1 958 0 1133 39441 184 0 50 0 0 0
cpu2 848 0 580 40571 162 0 43 0 0 0
cpu3 633 0 556 40788 158 0 40 0 0 0
intr 3830907 0 0 1323 75 0 1274 54935 0 0 0 2889 0 0 0 0 0 0 0 0 0 0 0 0 0 0 0 0 0 0 0 0 0 0 0 0 0 0 0 0 0 0 0 0 0 0 0 0 0 0 0 0 3406024 0 0 0 0 0 0 0 0 5954 0 4571 0 0 0 0 0 0 0 0 0 0 0 126632 1 0 0 0 0 0 0 0 0 0 0 0 0 0 0 0 0 0 0 0 0 0 0 958 4215 0 0 0 0 45293 0 0 0 0 0 0 0 0 0 0 0 0 0 0 0 0 0 0 0 0 0 0 0 0 0 0 0 0 0 0 0 0 0 0 0 0 0 0 0 0 0 0 0 0 0 0 0 0 0 0 0 0 0 0 0 0 0 0 0 0 0 0 0 0 0 0 0 0 0 0 0 0 0 0 0 176764 0 0 0
ctxt 464958
btime 1673393901
processes 1104
procs_running 1
procs_blocked 0
softirq 137904 13007 12491 124 21259 4581 0 49613 19717 0 17112

cpu  3085 0 2910 161581 787 0 166 0 0 0
cpu0 645 0 640 40635 280 0 31 0 0 0
cpu1 958 0 1133 39487 184 0 50 0 0 0
cpu2 848 0 580 40620 162 0 44 0 0 0
cpu3 633 0 556 40837 158 0 40 0 0 0
intr 3835889 0 0 1327 75 0 1274 54965 0 0 0 2894 0 0 0 0 0 0 0 0 0 0 0 0 0 0 0 0 0 0 0 0 0 0 0 0 0 0 0 0 0 0 0 0 0 0 0 0 0 0 0 0 3410179 0 0 0 0 0 0 0 0 5954 0 4571 0 0 0 0 0 0 0 0 0 0 0 126909 1 0 0 0 0 0 0 0 0 0 0 0 0 0 0 0 0 0 0 0 0 0 0 958 4215 0 0 0 0 45315 0 0 0 0 0 0 0 0 0 0 0 0 0 0 0 0 0 0 0 0 0 0 0 0 0 0 0 0 0 0 0 0 0 0 0 0 0 0 0 0 0 0 0 0 0 0 0 0 0 0 0 0 0 0 0 0 0 0 0 0 0 0 0 0 0 0 0 0 0 0 0 0 0 0 0 177253 0 0 0
ctxt 465974
btime 1673393901
processes 1104
procs_running 1
procs_blocked 0
softirq 138090 13105 12506 124 21264 4581 0 49642 19743 0 17125

cpu  3086 0 2913 161774 787 0 166 0 0 0
cpu0 645 0 640 40684 280 0 31 0 0 0
cpu1 959 0 1136 39532 184 0 50 0 0 0
cpu2 848 0 580 40669 162 0 44 0 0 0
cpu3 633 0 556 40886 158 0 40 0 0 0
intr 3840771 0 0 1331 75 0 1274 55005 0 0 0 2899 0 0 0 0 0 0 0 0 0 0 0 0 0 0 0 0 0 0 0 0 0 0 0 0 0 0 0 0 0 0 0 0 0 0 0 0 0 0 0 0 3414271 0 0 0 0 0 0 0 0 5954 0 4571 0 0 0 0 0 0 0 0 0 0 0 127133 1 0 0 0 0 0 0 0 0 0 0 0 0 0 0 0 0 0 0 0 0 0 0 958 4215 0 0 0 0 45337 0 0 0 0 0 0 0 0 0 0 0 0 0 0 0 0 0 0 0 0 0 0 0 0 0 0 0 0 0 0 0 0 0 0 0 0 0 0 0 0 0 0 0 0 0 0 0 0 0 0 0 0 0 0 0 0 0 0 0 0 0 0 0 0 0 0 0 0 0 0 0 0 0 0 0 177748 0 0 0
ctxt 467003
btime 1673393901
processes 1104
procs_running 1
procs_blocked 0
softirq 138304 13228 12522 125 21267 4581 0 49667 19775 0 17139

cpu  3086 0 2915 161967 787 0 166 0 0 0
cpu0 645 0 640 40734 280 0 31 0 0 0
cpu1 960 0 1138 39578 184 0 50 0 0 0
cpu2 848 0 580 40719 162 0 44 0 0 0
cpu3 633 0 556 40935 158 0 40 0 0 0
intr 3845616 0 0 1337 75 0 1275 55035 0 0 0 2904 0 0 0 0 0 0 0 0 0 0 0 0 0 0 0 0 0 0 0 0 0 0 0 0 0 0 0 0 0 0 0 0 0 0 0 0 0 0 0 0 3418352 0 0 0 0 0 0 0 0 5954 0 4571 0 0 0 0 0 0 0 0 0 0 0 127338 1 0 0 0 0 0 0 0 0 0 0 0 0 0 0 0 0 0 0 0 0 0 0 958 4215 0 0 0 0 45359 0 0 0 0 0 0 0 0 0 0 0 0 0 0 0 0 0 0 0 0 0 0 0 0 0 0 0 0 0 0 0 0 0 0 0 0 0 0 0 0 0 0 0 0 0 0 0 0 0 0 0 0 0 0 0 0 0 0 0 0 0 0 0 0 0 0 0 0 0 0 0 0 0 0 0 178242 0 0 0
ctxt 468010
btime 1673393901
processes 1104
procs_running 1
procs_blocked 0
softirq 138501 13338 12537 125 21270 4581 0 49693 19804 0 17153

cpu  3088 0 2918 162160 787 0 166 0 0 0
cpu0 645 0 640 40783 280 0 31 0 0 0
cpu1 960 0 1141 39624 184 0 50 0 0 0
cpu2 848 0 580 40768 162 0 44 0 0 0
cpu3 633 0 556 40985 158 0 40 0 0 0
intr 3850519 0 0 1348 75 0 1275 55072 0 0 0 2909 0 0 0 0 0 0 0 0 0 0 0 0 0 0 0 0 0 0 0 0 0 0 0 0 0 0 0 0 0 0 0 0 0 0 0 0 0 0 0 0 3422451 0 0 0 0 0 0 0 0 5954 0 4571 0 0 0 0 0 0 0 0 0 0 0 127560 1 0 0 0 0 0 0 0 0 0 0 0 0 0 0 0 0 0 0 0 0 0 0 958 4215 0 0 0 0 45381 0 0 0 0 0 0 0 0 0 0 0 0 0 0 0 0 0 0 0 0 0 0 0 0 0 0 0 0 0 0 0 0 0 0 0 0 0 0 0 0 0 0 0 0 0 0 0 0 0 0 0 0 0 0 0 0 0 0 0 0 0 0 0 0 0 0 0 0 0 0 0 0 0 0 0 178750 0 0 0
ctxt 469043
btime 1673393901
processes 1104
procs_running 1
procs_blocked 0
softirq 138714 13458 12555 126 21273 4581 0 49717 19836 0 17168

cpu  3088 0 2921 162353 787 0 167 0 0 0
cpu0 645 0 640 40832 280 0 31 0 0 0
cpu1 961 0 1144 39669 184 0 50 0 0 0
cpu2 848 0 580 40817 162 0 44 0 0 0
cpu3 633 0 556 41034 158 0 40 0 0 0
intr 3855351 0 0 1356 75 0 1275 55100 0 0 0 2914 0 0 0 0 0 0 0 0 0 0 0 0 0 0 0 0 0 0 0 0 0 0 0 0 0 0 0 0 0 0 0 0 0 0 0 0 0 0 0 0 3426521 0 0 0 0 0 0 0 0 5954 0 4571 0 0 0 0 0 0 0 0 0 0 0 127762 1 0 0 0 0 0 0 0 0 0 0 0 0 0 0 0 0 0 0 0 0 0 0 958 4215 0 0 0 0 45403 0 0 0 0 0 0 0 0 0 0 0 0 0 0 0 0 0 0 0 0 0 0 0 0 0 0 0 0 0 0 0 0 0 0 0 0 0 0 0 0 0 0 0 0 0 0 0 0 0 0 0 0 0 0 0 0 0 0 0 0 0 0 0 0 0 0 0 0 0 0 0 0 0 0 0 179247 0 0 0
ctxt 470035
btime 1673393901
processes 1104
procs_running 1
procs_blocked 0
softirq 138843 13501 12569 127 21276 4581 0 49742 19865 0 17182

cpu  3089 0 2922 162547 787 0 167 0 0 0
cpu0 645 0 640 40881 280 0 31 0 0 0
cpu1 962 0 1145 39715 184 0 50 0 0 0
cpu2 848 0 580 40866 162 0 44 0 0 0
cpu3 633 0 556 41083 158 0 40 0 0 0
intr 3860239 0 0 1364 75 0 1275 55135 0 0 0 2919 0 0 0 0 0 0 0 0 0 0 0 0 0 0 0 0 0 0 0 0 0 0 0 0 0 0 0 0 0 0 0 0 0 0 0 0 0 0 0 0 3430620 0 0 0 0 0 0 0 0 5954 0 4571 0 0 0 0 0 0 0 0 0 0 0 127987 1 0 0 0 0 0 0 0 0 0 0 0 0 0 0 0 0 0 0 0 0 0 0 958 4215 0 0 0 0 45425 0 0 0 0 0 0 0 0 0 0 0 0 0 0 0 0 0 0 0 0 0 0 0 0 0 0 0 0 0 0 0 0 0 0 0 0 0 0 0 0 0 0 0 0 0 0 0 0 0 0 0 0 0 0 0 0 0 0 0 0 0 0 0 0 0 0 0 0 0 0 0 0 0 0 0 179741 0 0 0
ctxt 471066
btime 1673393901
processes 1104
procs_running 1
procs_blocked 0
softirq 139028 13602 12585 127 21279 4581 0 49768 19891 0 17195

cpu  3090 0 2924 162739 787 0 168 0 0 0
cpu0 645 0 640 40930 280 0 32 0 0 0
cpu1 962 0 1146 39760 184 0 50 0 0 0
cpu2 848 0 580 40915 162 0 44 0 0 0
cpu3 634 0 556 41132 158 0 40 0 0 0
intr 3865218 0 0 1368 75 0 1275 55164 0 0 0 2924 0 0 0 0 0 0 0 0 0 0 0 0 0 0 0 0 0 0 0 0 0 0 0 0 0 0 0 0 0 0 0 0 0 0 0 0 0 0 0 0 3434764 0 0 0 0 0 0 0 0 5954 0 4571 0 0 0 0 0 0 0 0 0 0 0 128267 1 0 0 0 0 0 0 0 0 0 0 0 0 0 0 0 0 0 0 0 0 0 0 958 4215 0 0 0 0 45447 0 0 0 0 0 0 0 0 0 0 0 0 0 0 0 0 0 0 0 0 0 0 0 0 0 0 0 0 0 0 0 0 0 0 0 0 0 0 0 0 0 0 0 0 0 0 0 0 0 0 0 0 0 0 0 0 0 0 0 0 0 0 0 0 0 0 0 0 0 0 0 0 0 0 0 180236 0 0 0
ctxt 472081
btime 1673393901
processes 1104
procs_running 1
procs_blocked 0
softirq 139375 13848 12602 127 21284 4581 0 49802 19922 0 17209

cpu  3090 0 2926 162932 787 0 168 0 0 0
cpu0 645 0 640 40979 280 0 32 0 0 0
cpu1 963 0 1148 39805 184 0 51 0 0 0
cpu2 848 0 580 40964 162 0 44 0 0 0
cpu3 634 0 556 41181 158 0 40 0 0 0
intr 3870102 0 0 1375 75 0 1275 55200 0 0 0 2929 0 0 0 0 0 0 0 0 0 0 0 0 0 0 0 0 0 0 0 0 0 0 0 0 0 0 0 0 0 0 0 0 0 0 0 0 0 0 0 0 3438853 0 0 0 0 0 0 0 0 5954 0 4571 0 0 0 0 0 0 0 0 0 0 0 128489 1 0 0 0 0 0 0 0 0 0 0 0 0 0 0 0 0 0 0 0 0 0 0 958 4215 0 0 0 0 45469 0 0 0 0 0 0 0 0 0 0 0 0 0 0 0 0 0 0 0 0 0 0 0 0 0 0 0 0 0 0 0 0 0 0 0 0 0 0 0 0 0 0 0 0 0 0 0 0 0 0 0 0 0 0 0 0 0 0 0 0 0 0 0 0 0 0 0 0 0 0 0 0 0 0 0 180738 0 0 0
ctxt 473104
btime 1673393901
processes 1104
procs_running 1
procs_blocked 0
softirq 139521 13892 12622 129 21287 4581 0 49825 19961 0 17224

cpu  3091 0 2928 163125 787 0 168 0 0 0
cpu0 645 0 640 41029 280 0 32 0 0 0
cpu1 963 0 1150 39851 184 0 51 0 0 0
cpu2 848 0 580 41014 162 0 44 0 0 0
cpu3 634 0 556 41230 158 0 40 0 0 0
intr 3874936 0 0 1383 75 0 1275 55228 0 0 0 2934 0 0 0 0 0 0 0 0 0 0 0 0 0 0 0 0 0 0 0 0 0 0 0 0 0 0 0 0 0 0 0 0 0 0 0 0 0 0 0 0 3442924 0 0 0 0 0 0 0 0 5954 0 4571 0 0 0 0 0 0 0 0 0 0 0 128691 1 0 0 0 0 0 0 0 0 0 0 0 0 0 0 0 0 0 0 0 0 0 0 958 4215 0 0 0 0 45491 0 0 0 0 0 0 0 0 0 0 0 0 0 0 0 0 0 0 0 0 0 0 0 0 0 0 0 0 0 0 0 0 0 0 0 0 0 0 0 0 0 0 0 0 0 0 0 0 0 0 0 0 0 0 0 0 0 0 0 0 0 0 0 0 0 0 0 0 0 0 0 0 0 0 0 181236 0 0 0
ctxt 474108
btime 1673393901
processes 1104
procs_running 1
procs_blocked 0
softirq 139731 14020 12636 130 21290 4581 0 49848 19988 0 17238

cpu  3092 0 2930 163318 787 0 168 0 0 0
cpu0 645 0 640 41078 280 0 32 0 0 0
cpu1 964 0 1152 39896 184 0 51 0 0 0
cpu2 848 0 580 41063 162 0 44 0 0 0
cpu3 634 0 556 41279 158 0 40 0 0 0
intr 3879832 0 0 1393 75 0 1275 55268 0 0 0 2939 0 0 0 0 0 0 0 0 0 0 0 0 0 0 0 0 0 0 0 0 0 0 0 0 0 0 0 0 0 0 0 0 0 0 0 0 0 0 0 0 3447022 0 0 0 0 0 0 0 0 5954 0 4571 0 0 0 0 0 0 0 0 0 0 0 128914 1 0 0 0 0 0 0 0 0 0 0 0 0 0 0 0 0 0 0 0 0 0 0 958 4215 0 0 0 0 45513 0 0 0 0 0 0 0 0 0 0 0 0 0 0 0 0 0 0 0 0 0 0 0 0 0 0 0 0 0 0 0 0 0 0 0 0 0 0 0 0 0 0 0 0 0 0 0 0 0 0 0 0 0 0 0 0 0 0 0 0 0 0 0 0 0 0 0 0 0 0 0 0 0 0 0 181734 0 0 0
ctxt 475138
btime 1673393901
processes 1104
procs_running 1
procs_blocked 0
softirq 139951 14152 12651 131 21293 4581 0 49873 20018 0 17252

cpu  3092 0 2932 163511 787 0 169 0 0 0
cpu0 645 0 640 41127 280 0 32 0 0 0
cpu1 964 0 1154 39942 184 0 51 0 0 0
cpu2 848 0 580 41112 162 0 44 0 0 0
cpu3 634 0 556 41329 158 0 40 0 0 0
intr 3884552 0 0 1397 75 0 1275 55309 0 0 0 2944 0 0 0 0 0 0 0 0 0 0 0 0 0 0 0 0 0 0 0 0 0 0 0 0 0 0 0 0 0 0 0 0 0 0 0 0 0 0 0 0 3451018 0 0 0 0 0 0 0 0 5954 0 4571 0 0 0 0 0 0 0 0 0 0 0 129044 1 0 0 0 0 0 0 0 0 0 0 0 0 0 0 0 0 0 0 0 0 0 0 958 4215 0 0 0 0 45558 0 0 0 0 0 0 0 0 0 0 0 0 0 0 0 0 0 0 0 0 0 0 0 0 0 0 0 0 0 0 0 0 0 0 0 0 0 0 0 0 0 0 0 0 0 0 0 0 0 0 0 0 0 0 0 0 0 0 0 0 0 0 0 0 0 0 0 0 0 0 0 0 0 0 0 182233 0 0 0
ctxt 476182
btime 1673393901
processes 1104
procs_running 1
procs_blocked 0
softirq 140049 14152 12667 131 21296 4581 0 49908 20048 0 17266

cpu  3097 0 2950 163682 787 0 169 0 0 0
cpu0 646 0 646 41170 280 0 32 0 0 0
cpu1 966 0 1159 39982 184 0 51 0 0 0
cpu2 848 0 584 41157 162 0 44 0 0 0
cpu3 635 0 560 41371 158 0 40 0 0 0
intr 3889720 0 0 1406 75 0 1360 55476 0 0 0 2949 0 0 0 0 0 0 0 0 0 0 0 0 0 0 0 0 0 0 0 0 0 0 0 0 0 0 0 0 0 0 0 0 0 0 0 0 0 0 0 0 3455046 0 0 0 0 0 0 0 0 5954 0 4571 0 0 0 0 0 0 0 0 0 0 0 129193 1 0 0 0 0 0 0 0 0 0 0 0 0 0 0 0 0 0 0 0 0 0 0 958 4215 0 0 0 0 45580 0 0 0 0 0 0 0 0 0 0 0 0 0 0 0 0 0 0 0 0 0 0 0 0 0 0 0 0 0 0 0 0 0 0 0 0 0 0 0 0 0 0 0 0 0 0 0 0 0 0 0 0 0 0 0 0 0 0 0 0 0 0 0 0 0 0 0 0 0 0 0 0 0 0 0 182936 0 0 0
ctxt 477679
btime 1673393901
processes 1158
procs_running 1
procs_blocked 0
softirq 140442 14160 12713 131 21297 4581 0 49930 20202 0 17428

cpu  3099 0 2952 163876 787 0 169 0 0 0
cpu0 646 0 646 41219 280 0 32 0 0 0
cpu1 968 0 1160 40028 184 0 51 0 0 0
cpu2 848 0 584 41206 162 0 44 0 0 0
cpu3 635 0 560 41421 158 0 40 0 0 0
intr 3894404 0 0 1412 75 0 1360 55506 0 0 0 2954 0 0 0 0 0 0 0 0 0 0 0 0 0 0 0 0 0 0 0 0 0 0 0 0 0 0 0 0 0 0 0 0 0 0 0 0 0 0 0 0 3459041 0 0 0 0 0 0 0 0 5954 0 4571 0 0 0 0 0 0 0 0 0 0 0 129323 1 0 0 0 0 0 0 0 0 0 0 0 0 0 0 0 0 0 0 0 0 0 0 958 4215 0 0 0 0 45602 0 0 0 0 0 0 0 0 0 0 0 0 0 0 0 0 0 0 0 0 0 0 0 0 0 0 0 0 0 0 0 0 0 0 0 0 0 0 0 0 0 0 0 0 0 0 0 0 0 0 0 0 0 0 0 0 0 0 0 0 0 0 0 0 0 0 0 0 0 0 0 0 0 0 0 183432 0 0 0
ctxt 478681
btime 1673393901
processes 1158
procs_running 1
procs_blocked 0
softirq 140515 14160 12727 131 21298 4581 0 49948 20229 0 17441

cpu  3100 0 2955 164069 787 0 169 0 0 0
cpu0 646 0 646 41268 280 0 32 0 0 0
cpu1 969 0 1164 40074 184 0 51 0 0 0
cpu2 848 0 584 41255 162 0 44 0 0 0
cpu3 635 0 560 41470 158 0 40 0 0 0
intr 3899190 0 0 1416 75 0 1361 55559 0 0 0 2959 0 0 0 0 0 0 0 0 0 0 0 0 0 0 0 0 0 0 0 0 0 0 0 0 0 0 0 0 0 0 0 0 0 0 0 0 0 0 0 0 3463068 0 0 0 0 0 0 0 0 5954 0 4571 0 0 0 0 0 0 0 0 0 0 0 129473 1 0 0 0 0 0 0 0 0 0 0 0 0 0 0 0 0 0 0 0 0 0 0 958 4215 0 0 0 0 45647 0 0 0 0 0 0 0 0 0 0 0 0 0 0 0 0 0 0 0 0 0 0 0 0 0 0 0 0 0 0 0 0 0 0 0 0 0 0 0 0 0 0 0 0 0 0 0 0 0 0 0 0 0 0 0 0 0 0 0 0 0 0 0 0 0 0 0 0 0 0 0 0 0 0 0 183933 0 0 0
ctxt 479750
btime 1673393901
processes 1158
procs_running 1
procs_blocked 0
softirq 140631 14168 12745 131 21301 4581 0 49985 20265 0 17455
