cpu  246328 2182 186264 11490481 8229 0 404011 0 0 0
cpu0 3958 34 7654 2995953 2684 0 86940 0 0 0
cpu1 176721 0 108355 2656628 1240 0 121631 0 0 0
cpu2 60267 9 58879 2849530 2134 0 106817 0 0 0
cpu3 5382 2138 11374 2988369 2170 0 88622 0 0 0
intr 476456561 0 0 126629 75 0 35453 3832655 0 0 0 255510 0 0 0 0 0 0 0 0 0 0 0 0 0 0 0 0 0 0 0 0 0 0 0 0 0 0 0 0 0 0 0 0 0 0 0 0 0 0 0 0 340187395 0 0 0 0 0 0 0 0 27813 0 32095 0 0 0 0 0 0 0 0 0 0 0 87686689 1 0 0 0 0 0 0 0 0 0 0 0 0 0 0 0 0 0 0 0 0 0 0 26409 4215 0 0 0 0 1229054 0 0 0 0 0 0 0 0 0 0 0 0 0 0 0 0 0 0 0 0 0 0 0 0 0 0 0 0 0 0 0 0 0 0 0 0 0 0 0 0 0 0 0 0 0 0 0 0 0 0 0 0 0 0 0 0 0 0 0 0 0 0 0 0 0 0 0 0 0 0 0 0 0 0 0 43012570 0 0 0
ctxt 91461456
btime 1673393901
processes 24268
procs_running 1
procs_blocked 0
softirq 166933691 149601789 1089050 189579 3140138 32099 0 10353068 1875307 17 652644

cpu  246330 2182 186267 11490668 8229 0 404011 0 0 0
cpu0 3958 34 7654 2996002 2684 0 86940 0 0 0
cpu1 176721 0 108356 2656674 1240 0 121631 0 0 0
cpu2 60268 9 58881 2849576 2134 0 106817 0 0 0
cpu3 5382 2138 11375 2988415 2170 0 88622 0 0 0
intr 476462201 0 0 126631 75 0 35453 3832679 0 0 0 255515 0 0 0 0 0 0 0 0 0 0 0 0 0 0 0 0 0 0 0 0 0 0 0 0 0 0 0 0 0 0 0 0 0 0 0 0 0 0 0 0 340191430 0 0 0 0 0 0 0 0 27813 0 32095 0 0 0 0 0 0 0 0 0 0 0 87686843 1 0 0 0 0 0 0 0 0 0 0 0 0 0 0 0 0 0 0 0 0 0 0 26409 4215 0 0 0 0 1229073 0 0 0 0 0 0 0 0 0 0 0 0 0 0 0 0 0 0 0 0 0 0 0 0 0 0 0 0 0 0 0 0 0 0 0 0 0 0 0 0 0 0 0 0 0 0 0 0 0 0 0 0 0 0 0 0 0 0 0 0 0 0 0 0 0 0 0 0 0 0 0 0 0 0 0 43013970 0 0 0
ctxt 91464264
btime 1673393901
processes 24268
procs_running 1
procs_blocked 0
softirq 166933772 149601797 1089065 189579 3140139 32099 0 10353083 1875341 17 652652

cpu  246331 2182 186273 11490855 8229 0 404011 0 0 0
cpu0 3958 34 7654 2996051 2684 0 86940 0 0 0
cpu1 176721 0 108359 2656719 1240 0 121631 0 0 0
cpu2 60269 9 58882 2849622 2134 0 106817 0 0 0
cpu3 5382 2138 11376 2988461 2170 0 88622 0 0 0
intr 476467795 0 0 126636 75 0 35454 3832705 0 0 0 255520 0 0 0 0 0 0 0 0 0 0 0 0 0 0 0 0 0 0 0 0 0 0 0 0 0 0 0 0 0 0 0 0 0 0 0 0 0 0 0 0 340195424 0 0 0 0 0 0 0 0 27813 0 32095 0 0 0 0 0 0 0 0 0 0 0 87686971 1 0 0 0 0 0 0 0 0 0 0 0 0 0 0 0 0 0 0 0 0 0 0 26409 4215 0 0 0 0 1229095 0 0 0 0 0 0 0 0 0 0 0 0 0 0 0 0 0 0 0 0 0 0 0 0 0 0 0 0 0 0 0 0 0 0 0 0 0 0 0 0 0 0 0 0 0 0 0 0 0 0 0 0 0 0 0 0 0 0 0 0 0 0 0 0 0 0 0 0 0 0 0 0 0 0 0 43015383 0 0 0
ctxt 91467061
btime 1673393901
processes 24268
procs_running 1
procs_blocked 0
softirq 166933875 149601797 1089085 189579 3140140 32099 0 10353102 1875391 17 652665

cpu  246333 2182 186279 11491042 8229 0 404011 0 0 0
cpu0 3958 34 7654 2996101 2684 0 86940 0 0 0
cpu1 176722 0 108362 2656765 1240 0 121631 0 0 0
cpu2 60270 9 58883 2849668 2134 0 106817 0 0 0
cpu3 5382 2138 11378 2988507 2170 0 88622 0 0 0
intr 476473448 0 0 126640 75 0 35454 3832736 0 0 0 255525 0 0 0 0 0 0 0 0 0 0 0 0 0 0 0 0 0 0 0 0 0 0 0 0 0 0 0 0 0 0 0 0 0 0 0 0 0 0 0 0 340199448 0 0 0 0 0 0 0 0 27813 0 32095 0 0 0 0 0 0 0 0 0 0 0 87687125 1 0 0 0 0 0 0 0 0 0 0 0 0 0 0 0 0 0 0 0 0 0 0 26409 4215 0 0 0 0 1229117 0 0 0 0 0 0 0 0 0 0 0 0 0 0 0 0 0 0 0 0 0 0 0 0 0 0 0 0 0 0 0 0 0 0 0 0 0 0 0 0 0 0 0 0 0 0 0 0 0 0 0 0 0 0 0 0 0 0 0 0 0 0 0 0 0 0 0 0 0 0 0 0 0 0 0 43016797 0 0 0
ctxt 91469882
btime 1673393901
processes 24268
procs_running 2
procs_blocked 0
softirq 166933974 149601805 1089102 189579 3140141 32099 0 10353120 1875434 17 652677

cpu  246333 2182 186285 11491228 8229 0 404011 0 0 0
cpu0 3958 34 7654 2996150 2684 0 86940 0 0 0
cpu1 176722 0 108364 2656811 1240 0 121631 0 0 0
cpu2 60270 9 58884 2849713 2134 0 106817 0 0 0
cpu3 5383 2138 11381 2988553 2170 0 88622 0 0 0
intr 476479033 0 0 126644 75 0 35454 3832758 0 0 0 255530 0 0 0 0 0 0 0 0 0 0 0 0 0 0 0 0 0 0 0 0 0 0 0 0 0 0 0 0 0 0 0 0 0 0 0 0 0 0 0 0 340203445 0 0 0 0 0 0 0 0 27813 0 32095 0 0 0 0 0 0 0 0 0 0 0 87687253 1 0 0 0 0 0 0 0 0 0 0 0 0 0 0 0 0 0 0 0 0 0 0 26409 4215 0 0 0 0 1229139 0 0 0 0 0 0 0 0 0 0 0 0 0 0 0 0 0 0 0 0 0 0 0 0 0 0 0 0 0 0 0 0 0 0 0 0 0 0 0 0 0 0 0 0 0 0 0 0 0 0 0 0 0 0 0 0 0 0 0 0 0 0 0 0 0 0 0 0 0 0 0 0 0 0 0 43018204 0 0 0
ctxt 91472681
btime 1673393901
processes 24268
procs_running 1
procs_blocked 0
softirq 166934066 149601805 1089120 189579 3140142 32099 0 10353139 1875476 17 652689

cpu  246333 2182 186291 11491415 8229 0 404011 0 0 0
cpu0 3958 34 7654 2996199 2684 0 86940 0 0 0
cpu1 176722 0 108367 2656857 1240 0 121631 0 0 0
cpu2 60270 9 58886 2849759 2134 0 106817 0 0 0
cpu3 5383 2138 11382 2988599 2170 0 88622 0 0 0
intr 476484697 0 0 126652 75 0 35454 3832788 0 0 0 255535 0 0 0 0 0 0 0 0 0 0 0 0 0 0 0 0 0 0 0 0 0 0 0 0 0 0 0 0 0 0 0 0 0 0 0 0 0 0 0 0 340207475 0 0 0 0 0 0 0 0 27813 0 32095 0 0 0 0 0 0 0 0 0 0 0 87687407 1 0 0 0 0 0 0 0 0 0 0 0 0 0 0 0 0 0 0 0 0 0 0 26409 4215 0 0 0 0 1229161 0 0 0 0 0 0 0 0 0 0 0 0 0 0 0 0 0 0 0 0 0 0 0 0 0 0 0 0 0 0 0 0 0 0 0 0 0 0 0 0 0 0 0 0 0 0 0 0 0 0 0 0 0 0 0 0 0 0 0 0 0 0 0 0 0 0 0 0 0 0 0 0 0 0 0 43019619 0 0 0
ctxt 91475501
btime 1673393901
processes 24268
procs_running 3
procs_blocked 0
softirq 166934160 149601813 1089134 189579 3140143 32099 0 10353158 1875516 17 652701

cpu  246335 2182 186296 11491602 8229 0 404011 0 0 0
cpu0 3958 34 7654 2996249 2684 0 86940 0 0 0
cpu1 176722 0 108368 2656903 1240 0 121631 0 0 0
cpu2 60271 9 58888 2849805 2134 0 106817 0 0 0
cpu3 5383 2138 11384 2988644 2170 0 88622 0 0 0
intr 476490292 0 0 126657 75 0 35454 3832811 0 0 0 255540 0 0 0 0 0 0 0 0 0 0 0 0 0 0 0 0 0 0 0 0 0 0 0 0 0 0 0 0 0 0 0 0 0 0 0 0 0 0 0 0 340211472 0 0 0 0 0 0 0 0 27813 0 32095 0 0 0 0 0 0 0 0 0 0 0 87687535 1 0 0 0 0 0 0 0 0 0 0 0 0 0 0 0 0 0 0 0 0 0 0 26409 4215 0 0 0 0 1229183 0 0 0 0 0 0 0 0 0 0 0 0 0 0 0 0 0 0 0 0 0 0 0 0 0 0 0 0 0 0 0 0 0 0 0 0 0 0 0 0 0 0 0 0 0 0 0 0 0 0 0 0 0 0 0 0 0 0 0 0 0 0 0 0 0 0 0 0 0 0 0 0 0 0 0 43021032 0 0 0
ctxt 91478304
btime 1673393901
processes 24268
procs_running 1
procs_blocked 0
softirq 166934261 149601813 1089155 189579 3140144 32099 0 10353177 1875563 17 652714

cpu  246337 2182 186301 11491789 8229 0 404011 0 0 0
cpu0 3958 34 7654 2996298 2684 0 86940 0 0 0
cpu1 176722 0 108370 2656949 1240 0 121631 0 0 0
cpu2 60272 9 58889 2849851 2134 0 106817 0 0 0
cpu3 5384 2138 11386 2988690 2170 0 88622 0 0 0
intr 476495948 0 0 126661 75 0 35454 3832838 0 0 0 255545 0 0 0 0 0 0 0 0 0 0 0 0 0 0 0 0 0 0 0 0 0 0 0 0 0 0 0 0 0 0 0 0 0 0 0 0 0 0 0 0 340215503 0 0 0 0 0 0 0 0 27813 0 32095 0 0 0 0 0 0 0 0 0 0 0 87687689 1 0 0 0 0 0 0 0 0 0 0 0 0 0 0 0 0 0 0 0 0 0 0 26409 4215 0 0 0 0 1229205 0 0 0 0 0 0 0 0 0 0 0 0 0 0 0 0 0 0 0 0 0 0 0 0 0 0 0 0 0 0 0 0 0 0 0 0 0 0 0 0 0 0 0 0 0 0 0 0 0 0 0 0 0 0 0 0 0 0 0 0 0 0 0 0 0 0 0 0 0 0 0 0 0 0 0 43022447 0 0 0
ctxt 91481126
btime 1673393901
processes 24268
procs_running 1
procs_blocked 0
softirq 166934365 149601821 1089176 189580 3140145 32099 0 10353196 1875605 17 652726

cpu  246340 2182 186305 11491976 8229 0 404011 0 0 0
cpu0 3958 34 7654 2996347 2684 0 86940 0 0 0
cpu1 176724 0 108372 2656994 1240 0 121631 0 0 0
cpu2 60272 9 58890 2849896 2134 0 106817 0 0 0
cpu3 5385 2138 11387 2988736 2170 0 88622 0 0 0
intr 476501541 0 0 126665 75 0 35454 3832865 0 0 0 255550 0 0 0 0 0 0 0 0 0 0 0 0 0 0 0 0 0 0 0 0 0 0 0 0 0 0 0 0 0 0 0 0 0 0 0 0 0 0 0 0 340219499 0 0 0 0 0 0 0 0 27813 0 32095 0 0 0 0 0 0 0 0 0 0 0 87687817 1 0 0 0 0 0 0 0 0 0 0 0 0 0 0 0 0 0 0 0 0 0 0 26409 4215 0 0 0 0 1229227 0 0 0 0 0 0 0 0 0 0 0 0 0 0 0 0 0 0 0 0 0 0 0 0 0 0 0 0 0 0 0 0 0 0 0 0 0 0 0 0 0 0 0 0 0 0 0 0 0 0 0 0 0 0 0 0 0 0 0 0 0 0 0 0 0 0 0 0 0 0 0 0 0 0 0 43023857 0 0 0
ctxt 91483925
btime 1673393901
processes 24268
procs_running 1
procs_blocked 0
softirq 166934458 149601821 1089193 189580 3140146 32099 0 10353215 1875648 17 652739

cpu  246342 2182 186310 11492162 8229 0 404012 0 0 0
cpu0 3958 34 7654 2996396 2684 0 86940 0 0 0
cpu1 176725 0 108373 2657040 1240 0 121631 0 0 0
cpu2 60273 9 58892 2849942 2134 0 106817 0 0 0
cpu3 5385 2138 11389 2988782 2170 0 88622 0 0 0
intr 476507183 0 0 126669 75 0 35454 3832895 0 0 0 255555 0 0 0 0 0 0 0 0 0 0 0 0 0 0 0 0 0 0 0 0 0 0 0 0 0 0 0 0 0 0 0 0 0 0 0 0 0 0 0 0 340223519 0 0 0 0 0 0 0 0 27813 0 32095 0 0 0 0 0 0 0 0 0 0 0 87687971 1 0 0 0 0 0 0 0 0 0 0 0 0 0 0 0 0 0 0 0 0 0 0 26409 4215 0 0 0 0 1229249 0 0 0 0 0 0 0 0 0 0 0 0 0 0 0 0 0 0 0 0 0 0 0 0 0 0 0 0 0 0 0 0 0 0 0 0 0 0 0 0 0 0 0 0 0 0 0 0 0 0 0 0 0 0 0 0 0 0 0 0 0 0 0 0 0 0 0 0 0 0 0 0 0 0 0 43025264 0 0 0
ctxt 91486733
btime 1673393901
processes 24268
procs_running 1
procs_blocked 0
softirq 166934556 149601829 1089210 189580 3140147 32099 0 10353234 1875688 17 652752

cpu  246342 2182 186314 11492349 8229 0 404012 0 0 0
cpu0 3958 34 7654 2996446 2684 0 86940 0 0 0
cpu1 176725 0 108375 2657086 1240 0 121631 0 0 0
cpu2 60273 9 58894 2849988 2134 0 106817 0 0 0
cpu3 5385 2138 11390 2988828 2170 0 88622 0 0 0
intr 476512813 0 0 126678 75 0 35454 3832928 0 0 0 255560 0 0 0 0 0 0 0 0 0 0 0 0 0 0 0 0 0 0 0 0 0 0 0 0 0 0 0 0 0 0 0 0 0 0 0 0 0 0 0 0 340227521 0 0 0 0 0 0 0 0 27813 0 32095 0 0 0 0 0 0 0 0 0 0 0 87688099 1 0 0 0 0 0 0 0 0 0 0 0 0 0 0 0 0 0 0 0 0 0 0 26409 4215 0 0 0 0 1229280 0 0 0 0 0 0 0 0 0 0 0 0 0 0 0 0 0 0 0 0 0 0 0 0 0 0 0 0 0 0 0 0 0 0 0 0 0 0 0 0 0 0 0 0 0 0 0 0 0 0 0 0 0 0 0 0 0 0 0 0 0 0 0 0 0 0 0 0 0 0 0 0 0 0 0 43026685 0 0 0
ctxt 91489564
btime 1673393901
processes 24268
procs_running 1
procs_blocked 0
softirq 166934659 149601829 1089230 189580 3140148 32099 0 10353260 1875731 17 652765

cpu  246342 2182 186319 11492536 8229 0 404012 0 0 0
cpu0 3958 34 7654 2996495 2684 0 86940 0 0 0
cpu1 176725 0 108376 2657132 1240 0 121631 0 0 0
cpu2 60273 9 58896 2850033 2134 0 106817 0 0 0
cpu3 5386 2138 11392 2988874 2170 0 88622 0 0 0
intr 476518471 0 0 126682 75 0 35454 3832958 0 0 0 255565 0 0 0 0 0 0 0 0 0 0 0 0 0 0 0 0 0 0 0 0 0 0 0 0 0 0 0 0 0 0 0 0 0 0 0 0 0 0 0 0 340231550 0 0 0 0 0 0 0 0 27813 0 32095 0 0 0 0 0 0 0 0 0 0 0 87688253 1 0 0 0 0 0 0 0 0 0 0 0 0 0 0 0 0 0 0 0 0 0 0 26409 4215 0 0 0 0 1229302 0 0 0 0 0 0 0 0 0 0 0 0 0 0 0 0 0 0 0 0 0 0 0 0 0 0 0 0 0 0 0 0 0 0 0 0 0 0 0 0 0 0 0 0 0 0 0 0 0 0 0 0 0 0 0 0 0 0 0 0 0 0 0 0 0 0 0 0 0 0 0 0 0 0 0 43028100 0 0 0
ctxt 91492379
btime 1673393901
processes 24268
procs_running 1
procs_blocked 0
softirq 166934765 149601837 1089251 189580 3140149 32099 0 10353279 1875776 17 652777

cpu  246343 2182 186324 11492723 8229 0 404012 0 0 0
cpu0 3958 34 7654 2996545 2684 0 86940 0 0 0
cpu1 176725 0 108378 2657178 1240 0 121631 0 0 0
cpu2 60273 9 58897 2850079 2134 0 106817 0 0 0
cpu3 5386 2138 11394 2988920 2170 0 88622 0 0 0
intr 476524067 0 0 126686 75 0 35454 3832989 0 0 0 255570 0 0 0 0 0 0 0 0 0 0 0 0 0 0 0 0 0 0 0 0 0 0 0 0 0 0 0 0 0 0 0 0 0 0 0 0 0 0 0 0 340235547 0 0 0 0 0 0 0 0 27813 0 32095 0 0 0 0 0 0 0 0 0 0 0 87688379 1 0 0 0 0 0 0 0 0 0 0 0 0 0 0 0 0 0 0 0 0 0 0 26409 4215 0 0 0 0 1229324 0 0 0 0 0 0 0 0 0 0 0 0 0 0 0 0 0 0 0 0 0 0 0 0 0 0 0 0 0 0 0 0 0 0 0 0 0 0 0 0 0 0 0 0 0 0 0 0 0 0 0 0 0 0 0 0 0 0 0 0 0 0 0 0 0 0 0 0 0 0 0 0 0 0 0 43029511 0 0 0
ctxt 91495189
btime 1673393901
processes 24268
procs_running 1
procs_blocked 0
softirq 166934855 149601837 1089270 189580 3140150 32099 0 10353298 1875814 17 652790

cpu  246344 2182 186330 11492910 8229 0 404012 0 0 0
cpu0 3958 34 7654 2996594 2684 0 86940 0 0 0
cpu1 176726 0 108380 2657223 1240 0 121631 0 0 0
cpu2 60274 9 58898 2850125 2134 0 106817 0 0 0
cpu3 5386 2138 11396 2988966 2170 0 88622 0 0 0
intr 476529719 0 0 126690 75 0 35454 3833021 0 0 0 255575 0 0 0 0 0 0 0 0 0 0 0 0 0 0 0 0 0 0 0 0 0 0 0 0 0 0 0 0 0 0 0 0 0 0 0 0 0 0 0 0 340239575 0 0 0 0 0 0 0 0 27813 0 32095 0 0 0 0 0 0 0 0 0 0 0 87688533 1 0 0 0 0 0 0 0 0 0 0 0 0 0 0 0 0 0 0 0 0 0 0 26409 4215 0 0 0 0 1229346 0 0 0 0 0 0 0 0 0 0 0 0 0 0 0 0 0 0 0 0 0 0 0 0 0 0 0 0 0 0 0 0 0 0 0 0 0 0 0 0 0 0 0 0 0 0 0 0 0 0 0 0 0 0 0 0 0 0 0 0 0 0 0 0 0 0 0 0 0 0 0 0 0 0 0 43030919 0 0 0
ctxt 91498003
btime 1673393901
processes 24268
procs_running 2
procs_blocked 0
softirq 166934952 149601845 1089289 189580 3140151 32099 0 10353317 1875853 17 652801

cpu  246346 2182 186334 11493096 8229 0 404012 0 0 0
cpu0 3958 34 7654 2996643 2684 0 86940 0 0 0
cpu1 176726 0 108380 2657269 1240 0 121631 0 0 0
cpu2 60274 9 58900 2850171 2134 0 106817 0 0 0
cpu3 5387 2138 11399 2989011 2170 0 88622 0 0 0
intr 476535317 0 0 126695 75 0 35454 3833047 0 0 0 255580 0 0 0 0 0 0 0 0 0 0 0 0 0 0 0 0 0 0 0 0 0 0 0 0 0 0 0 0 0 0 0 0 0 0 0 0 0 0 0 0 340243571 0 0 0 0 0 0 0 0 27813 0 32095 0 0 0 0 0 0 0 0 0 0 0 87688661 1 0 0 0 0 0 0 0 0 0 0 0 0 0 0 0 0 0 0 0 0 0 0 26409 4215 0 0 0 0 1229368 0 0 0 0 0 0 0 0 0 0 0 0 0 0 0 0 0 0 0 0 0 0 0 0 0 0 0 0 0 0 0 0 0 0 0 0 0 0 0 0 0 0 0 0 0 0 0 0 0 0 0 0 0 0 0 0 0 0 0 0 0 0 0 0 0 0 0 0 0 0 0 0 0 0 0 43032335 0 0 0
ctxt 91500809
btime 1673393901
processes 24268
procs_running 2
procs_blocked 0
softirq 166935048 149601845 1089309 189580 3140152 32099 0 10353336 1875897 17 652813

cpu  246347 2182 186340 11493283 8229 0 404012 0 0 0
cpu0 3958 34 7654 2996693 2684 0 86940 0 0 0
cpu1 176726 0 108381 2657315 1240 0 121631 0 0 0
cpu2 60275 9 58902 2850217 2134 0 106817 0 0 0
cpu3 5387 2138 11401 2989057 2170 0 88622 0 0 0
intr 476540969 0 0 126699 75 0 35454 3833081 0 0 0 255585 0 0 0 0 0 0 0 0 0 0 0 0 0 0 0 0 0 0 0 0 0 0 0 0 0 0 0 0 0 0 0 0 0 0 0 0 0 0 0 0 340247596 0 0 0 0 0 0 0 0 27813 0 32095 0 0 0 0 0 0 0 0 0 0 0 87688815 1 0 0 0 0 0 0 0 0 0 0 0 0 0 0 0 0 0 0 0 0 0 0 26409 4215 0 0 0 0 1229390 0 0 0 0 0 0 0 0 0 0 0 0 0 0 0 0 0 0 0 0 0 0 0 0 0 0 0 0 0 0 0 0 0 0 0 0 0 0 0 0 0 0 0 0 0 0 0 0 0 0 0 0 0 0 0 0 0 0 0 0 0 0 0 0 0 0 0 0 0 0 0 0 0 0 0 43033742 0 0 0
ctxt 91503629
btime 1673393901
processes 24268
procs_running 1
procs_blocked 0
softirq 166935141 149601853 1089326 189580 3140153 32099 0 10353355 1875934 17 652824

cpu  246349 2182 186344 11493470 8229 0 404012 0 0 0
cpu0 3958 34 7654 2996742 2684 0 86940 0 0 0
cpu1 176726 0 108382 2657360 1240 0 121631 0 0 0
cpu2 60276 9 58903 2850262 2134 0 106817 0 0 0
cpu3 5388 2138 11402 2989103 2170 0 88622 0 0 0
intr 476546568 0 0 126703 75 0 35454 3833111 0 0 0 255590 0 0 0 0 0 0 0 0 0 0 0 0 0 0 0 0 0 0 0 0 0 0 0 0 0 0 0 0 0 0 0 0 0 0 0 0 0 0 0 0 340251597 0 0 0 0 0 0 0 0 27813 0 32095 0 0 0 0 0 0 0 0 0 0 0 87688943 1 0 0 0 0 0 0 0 0 0 0 0 0 0 0 0 0 0 0 0 0 0 0 26409 4215 0 0 0 0 1229412 0 0 0 0 0 0 0 0 0 0 0 0 0 0 0 0 0 0 0 0 0 0 0 0 0 0 0 0 0 0 0 0 0 0 0 0 0 0 0 0 0 0 0 0 0 0 0 0 0 0 0 0 0 0 0 0 0 0 0 0 0 0 0 0 0 0 0 0 0 0 0 0 0 0 0 43035152 0 0 0
ctxt 91506444
btime 1673393901
processes 24268
procs_running 1
procs_blocked 0
softirq 166935229 149601853 1089342 189580 3140154 32099 0 10353374 1875974 17 652836

cpu  246350 2182 186350 11493656 8229 0 404012 0 0 0
cpu0 3958 34 7654 2996791 2684 0 86940 0 0 0
cpu1 176727 0 108384 2657406 1240 0 121631 0 0 0
cpu2 60276 9 58905 2850308 2134 0 106817 0 0 0
cpu3 5388 2138 11405 2989149 2170 0 88622 0 0 0
intr 476552226 0 0 126707 75 0 35454 3833145 0 0 0 255595 0 0 0 0 0 0 0 0 0 0 0 0 0 0 0 0 0 0 0 0 0 0 0 0 0 0 0 0 0 0 0 0 0 0 0 0 0 0 0 0 340255617 0 0 0 0 0 0 0 0 27813 0 32095 0 0 0 0 0 0 0 0 0 0 0 87689097 1 0 0 0 0 0 0 0 0 0 0 0 0 0 0 0 0 0 0 0 0 0 0 26409 4215 0 0 0 0 1229434 0 0 0 0 0 0 0 0 0 0 0 0 0 0 0 0 0 0 0 0 0 0 0 0 0 0 0 0 0 0 0 0 0 0 0 0 0 0 0 0 0 0 0 0 0 0 0 0 0 0 0 0 0 0 0 0 0 0 0 0 0 0 0 0 0 0 0 0 0 0 0 0 0 0 0 43036569 0 0 0
ctxt 91509262
btime 1673393901
processes 24268
procs_running 1
procs_blocked 0
softirq 166935337 149601861 1089359 189581 3140155 32099 0 10353392 1876025 17 652848

cpu  246352 2182 186356 11493842 8229 0 404012 0 0 0
cpu0 3958 34 7656 2996841 2684 0 86940 0 0 0
cpu1 176728 0 108386 2657452 1240 0 121631 0 0 0
cpu2 60277 9 58907 2850354 2134 0 106817 0 0 0
cpu3 5388 2138 11406 2989194 2170 0 88622 0 0 0
intr 476557956 0 0 126714 75 0 35454 3833206 0 0 0 255600 0 0 0 0 0 0 0 0 0 0 0 0 0 0 0 0 0 0 0 0 0 0 0 0 0 0 0 0 0 0 0 0 0 0 0 0 0 0 0 0 340259622 0 0 0 0 0 0 0 0 27813 0 32124 0 0 0 0 0 0 0 0 0 0 0 87689225 1 0 0 0 0 0 0 0 0 0 0 0 0 0 0 0 0 0 0 0 0 0 0 26438 4215 0 0 0 0 1229471 0 0 0 0 0 0 0 0 0 0 0 0 0 0 0 0 0 0 0 0 0 0 0 0 0 0 0 0 0 0 0 0 0 0 0 0 0 0 0 0 0 0 0 0 0 0 0 0 0 0 0 0 0 0 0 0 0 0 0 0 0 0 0 0 0 0 0 0 0 0 0 0 0 0 0 43037998 0 0 0
ctxt 91512334
btime 1673393901
processes 24268
procs_running 1
procs_blocked 0
softirq 166935582 149601861 1089382 189581 3140157 32128 0 10353510 1876081 17 652865

cpu  246354 2182 186361 11494028 8229 0 404012 0 0 0
cpu0 3958 34 7656 2996890 2684 0 86940 0 0 0
cpu1 176729 0 108387 2657498 1240 0 121631 0 0 0
cpu2 60278 9 58908 2850400 2134 0 106817 0 0 0
cpu3 5388 2138 11409 2989240 2170 0 88622 0 0 0
intr 476563601 0 0 126716 75 0 35454 3833236 0 0 0 255605 0 0 0 0 0 0 0 0 0 0 0 0 0 0 0 0 0 0 0 0 0 0 0 0 0 0 0 0 0 0 0 0 0 0 0 0 0 0 0 0 340263642 0 0 0 0 0 0 0 0 27813 0 32124 0 0 0 0 0 0 0 0 0 0 0 87689379 1 0 0 0 0 0 0 0 0 0 0 0 0 0 0 0 0 0 0 0 0 0 0 26438 4215 0 0 0 0 1229493 0 0 0 0 0 0 0 0 0 0 0 0 0 0 0 0 0 0 0 0 0 0 0 0 0 0 0 0 0 0 0 0 0 0 0 0 0 0 0 0 0 0 0 0 0 0 0 0 0 0 0 0 0 0 0 0 0 0 0 0 0 0 0 0 0 0 0 0 0 0 0 0 0 0 0 43039410 0 0 0
ctxt 91515153
btime 1673393901
processes 24268
procs_running 1
procs_blocked 0
softirq 166935683 149601869 1089399 189581 3140158 32128 0 10353528 1876126 17 652877

cpu  246356 2182 186366 11494215 8229 0 404012 0 0 0
cpu0 3958 34 7656 2996939 2684 0 86940 0 0 0
cpu1 176730 0 108388 2657543 1240 0 121631 0 0 0
cpu2 60278 9 58910 2850446 2134 0 106817 0 0 0
cpu3 5390 2138 11410 2989286 2170 0 88622 0 0 0
intr 476569200 0 0 126720 75 0 35454 3833263 0 0 0 255610 0 0 0 0 0 0 0 0 0 0 0 0 0 0 0 0 0 0 0 0 0 0 0 0 0 0 0 0 0 0 0 0 0 0 0 0 0 0 0 0 340267646 0 0 0 0 0 0 0 0 27813 0 32124 0 0 0 0 0 0 0 0 0 0 0 87689507 1 0 0 0 0 0 0 0 0 0 0 0 0 0 0 0 0 0 0 0 0 0 0 26438 4215 0 0 0 0 1229515 0 0 0 0 0 0 0 0 0 0 0 0 0 0 0 0 0 0 0 0 0 0 0 0 0 0 0 0 0 0 0 0 0 0 0 0 0 0 0 0 0 0 0 0 0 0 0 0 0 0 0 0 0 0 0 0 0 0 0 0 0 0 0 0 0 0 0 0 0 0 0 0 0 0 0 43040822 0 0 0
ctxt 91517948
btime 1673393901
processes 24268
procs_running 3
procs_blocked 0
softirq 166935774 149601869 1089415 189581 3140159 32128 0 10353547 1876170 17 652888

cpu  246358 2182 186371 11494402 8229 0 404012 0 0 0
cpu0 3958 34 7656 2996988 2684 0 86940 0 0 0
cpu1 176730 0 108390 2657589 1240 0 121631 0 0 0
cpu2 60279 9 58913 2850491 2134 0 106817 0 0 0
cpu3 5390 2138 11412 2989331 2170 0 88622 0 0 0
intr 476574845 0 0 126726 75 0 35454 3833295 0 0 0 255615 0 0 0 0 0 0 0 0 0 0 0 0 0 0 0 0 0 0 0 0 0 0 0 0 0 0 0 0 0 0 0 0 0 0 0 0 0 0 0 0 340271661 0 0 0 0 0 0 0 0 27813 0 32124 0 0 0 0 0 0 0 0 0 0 0 87689661 1 0 0 0 0 0 0 0 0 0 0 0 0 0 0 0 0 0 0 0 0 0 0 26438 4215 0 0 0 0 1229537 0 0 0 0 0 0 0 0 0 0 0 0 0 0 0 0 0 0 0 0 0 0 0 0 0 0 0 0 0 0 0 0 0 0 0 0 0 0 0 0 0 0 0 0 0 0 0 0 0 0 0 0 0 0 0 0 0 0 0 0 0 0 0 0 0 0 0 0 0 0 0 0 0 0 0 43042230 0 0 0
ctxt 91520769
btime 1673393901
processes 24268
procs_running 1
procs_blocked 0
softirq 166935873 149601877 1089434 189581 3140160 32128 0 10353565 1876211 17 652900

cpu  246359 2182 186376 11494589 8229 0 404012 0 0 0
cpu0 3958 34 7656 2997038 2684 0 86940 0 0 0
cpu1 176730 0 108391 2657635 1240 0 121631 0 0 0
cpu2 60279 9 58915 2850537 2134 0 106817 0 0 0
cpu3 5392 2138 11413 2989377 2170 0 88623 0 0 0
intr 476580440 0 0 126729 75 0 35454 3833319 0 0 0 255620 0 0 0 0 0 0 0 0 0 0 0 0 0 0 0 0 0 0 0 0 0 0 0 0 0 0 0 0 0 0 0 0 0 0 0 0 0 0 0 0 340275665 0 0 0 0 0 0 0 0 27813 0 32124 0 0 0 0 0 0 0 0 0 0 0 87689789 1 0 0 0 0 0 0 0 0 0 0 0 0 0 0 0 0 0 0 0 0 0 0 26438 4215 0 0 0 0 1229559 0 0 0 0 0 0 0 0 0 0 0 0 0 0 0 0 0 0 0 0 0 0 0 0 0 0 0 0 0 0 0 0 0 0 0 0 0 0 0 0 0 0 0 0 0 0 0 0 0 0 0 0 0 0 0 0 0 0 0 0 0 0 0 0 0 0 0 0 0 0 0 0 0 0 0 43043640 0 0 0
ctxt 91523577
btime 1673393901
processes 24268
procs_running 1
procs_blocked 0
softirq 166935959 149601877 1089451 189581 3140161 32128 0 10353584 1876249 17 652911

cpu  246360 2182 186381 11494775 8229 0 404012 0 0 0
cpu0 3958 34 7656 2997087 2684 0 86940 0 0 0
cpu1 176730 0 108393 2657681 1240 0 121631 0 0 0
cpu2 60279 9 58917 2850582 2134 0 106817 0 0 0
cpu3 5392 2138 11414 2989423 2170 0 88623 0 0 0
intr 476586093 0 0 126733 75 0 35454 3833352 0 0 0 255625 0 0 0 0 0 0 0 0 0 0 0 0 0 0 0 0 0 0 0 0 0 0 0 0 0 0 0 0 0 0 0 0 0 0 0 0 0 0 0 0 340279684 0 0 0 0 0 0 0 0 27813 0 32124 0 0 0 0 0 0 0 0 0 0 0 87689943 1 0 0 0 0 0 0 0 0 0 0 0 0 0 0 0 0 0 0 0 0 0 0 26438 4215 0 0 0 0 1229581 0 0 0 0 0 0 0 0 0 0 0 0 0 0 0 0 0 0 0 0 0 0 0 0 0 0 0 0 0 0 0 0 0 0 0 0 0 0 0 0 0 0 0 0 0 0 0 0 0 0 0 0 0 0 0 0 0 0 0 0 0 0 0 0 0 0 0 0 0 0 0 0 0 0 0 43045055 0 0 0
ctxt 91526398
btime 1673393901
processes 24268
procs_running 1
procs_blocked 0
softirq 166936066 149601885 1089472 189581 3140162 32128 0 10353602 1876295 17 652924

cpu  246363 2182 186387 11494927 8229 0 404027 0 0 0
cpu0 3958 34 7656 2997129 2684 0 86940 0 0 0
cpu1 176730 0 108396 2657719 1240 0 121634 0 0 0
cpu2 60280 9 58918 2850615 2134 0 106827 0 0 0
cpu3 5393 2138 11416 2989462 2170 0 88624 0 0 0
intr 476602984 0 0 126739 75 0 35454 3833431 0 0 0 255628 0 0 0 0 0 0 0 0 0 0 0 0 0 0 0 0 0 0 0 0 0 0 0 0 0 0 0 0 0 0 0 0 0 0 0 0 0 0 0 0 340289492 0 0 0 0 0 0 0 0 27813 0 32124 0 0 0 0 0 0 0 0 0 0 0 87695652 1 0 0 0 0 0 0 0 0 0 0 0 0 0 0 0 0 0 0 0 0 0 0 26438 4215 0 0 0 0 1229603 0 0 0 0 0 0 0 0 0 0 0 0 0 0 0 0 0 0 0 0 0 0 0 0 0 0 0 0 0 0 0 0 0 0 0 0 0 0 0 0 0 0 0 0 0 0 0 0 0 0 0 0 0 0 0 0 0 0 0 0 0 0 0 0 0 0 0 0 0 0 0 0 0 0 0 43046329 0 0 0
ctxt 91529242
btime 1673393901
processes 24268
procs_running 3
procs_blocked 0
softirq 166945760 149609181 1089505 189598 3140461 32128 0 10355589 1876346 17 652935

cpu  246365 2182 186390 11495079 8229 0 404042 0 0 0
cpu0 3958 34 7656 2997170 2684 0 86941 0 0 0
cpu1 176731 0 108397 2657755 1240 0 121641 0 0 0
cpu2 60282 9 58920 2850652 2134 0 106832 0 0 0
cpu3 5394 2138 11417 2989501 2170 0 88626 0 0 0
intr 476624882 0 0 126743 75 0 35454 3833534 0 0 0 255628 0 0 0 0 0 0 0 0 0 0 0 0 0 0 0 0 0 0 0 0 0 0 0 0 0 0 0 0 0 0 0 0 0 0 0 0 0 0 0 0 340301835 0 0 0 0 0 0 0 0 27813 0 32124 0 0 0 0 0 0 0 0 0 0 0 87703736 1 0 0 0 0 0 0 0 0 0 0 0 0 0 0 0 0 0 0 0 0 0 0 26438 4215 0 0 0 0 1229625 0 0 0 0 0 0 0 0 0 0 0 0 0 0 0 0 0 0 0 0 0 0 0 0 0 0 0 0 0 0 0 0 0 0 0 0 0 0 0 0 0 0 0 0 0 0 0 0 0 0 0 0 0 0 0 0 0 0 0 0 0 0 0 0 0 0 0 0 0 0 0 0 0 0 0 43047667 0 0 0
ctxt 91532503
btime 1673393901
processes 24268
procs_running 1
procs_blocked 0
softirq 166958815 149618268 1089541 189598 3140956 32128 0 10358944 1876414 17 652949

cpu  246367 2182 186395 11495230 8229 0 404055 0 0 0
cpu0 3958 34 7656 2997209 2684 0 86944 0 0 0
cpu1 176731 0 108398 2657792 1240 0 121644 0 0 0
cpu2 60282 9 58922 2850689 2134 0 106835 0 0 0
cpu3 5396 2138 11418 2989538 2170 0 88630 0 0 0
intr 476646732 0 0 126744 75 0 35455 3833625 0 0 0 255628 0 0 0 0 0 0 0 0 0 0 0 0 0 0 0 0 0 0 0 0 0 0 0 0 0 0 0 0 0 0 0 0 0 0 0 0 0 0 0 0 340314155 0 0 0 0 0 0 0 0 27813 0 32124 0 0 0 0 0 0 0 0 0 0 0 87711805 1 0 0 0 0 0 0 0 0 0 0 0 0 0 0 0 0 0 0 0 0 0 0 26438 4215 0 0 0 0 1229647 0 0 0 0 0 0 0 0 0 0 0 0 0 0 0 0 0 0 0 0 0 0 0 0 0 0 0 0 0 0 0 0 0 0 0 0 0 0 0 0 0 0 0 0 0 0 0 0 0 0 0 0 0 0 0 0 0 0 0 0 0 0 0 0 0 0 0 0 0 0 0 0 0 0 0 43049007 0 0 0
ctxt 91535755
btime 1673393901
processes 24268
procs_running 1
procs_blocked 0
softirq 166971843 149627361 1089575 189598 3141434 32128 0 10362277 1876487 17 652966

cpu  246369 2182 186398 11495382 8229 0 404067 0 0 0
cpu0 3958 34 7656 2997248 2684 0 86944 0 0 0
cpu1 176732 0 108399 2657830 1240 0 121647 0 0 0
cpu2 60282 9 58923 2850727 2134 0 106842 0 0 0
cpu3 5396 2138 11420 2989575 2170 0 88633 0 0 0
intr 476668663 0 0 126744 75 0 35455 3833715 0 0 0 255628 0 0 0 0 0 0 0 0 0 0 0 0 0 0 0 0 0 0 0 0 0 0 0 0 0 0 0 0 0 0 0 0 0 0 0 0 0 0 0 0 340326543 0 0 0 0 0 0 0 0 27813 0 32124 0 0 0 0 0 0 0 0 0 0 0 87719896 1 0 0 0 0 0 0 0 0 0 0 0 0 0 0 0 0 0 0 0 0 0 0 26438 4215 0 0 0 0 1229678 0 0 0 0 0 0 0 0 0 0 0 0 0 0 0 0 0 0 0 0 0 0 0 0 0 0 0 0 0 0 0 0 0 0 0 0 0 0 0 0 0 0 0 0 0 0 0 0 0 0 0 0 0 0 0 0 0 0 0 0 0 0 0 0 0 0 0 0 0 0 0 0 0 0 0 43050338 0 0 0
ctxt 91539038
btime 1673393901
processes 24268
procs_running 1
procs_blocked 0
softirq 166984690 149636197 1089611 189599 3141934 32128 0 10365666 1876558 17 652980

cpu  246372 2182 186401 11495534 8229 0 404081 0 0 0
cpu0 3958 34 7656 2997289 2684 0 86944 0 0 0
cpu1 176734 0 108400 2657868 1240 0 121652 0 0 0
cpu2 60283 9 58924 2850763 2134 0 106845 0 0 0
cpu3 5396 2138 11420 2989613 2170 0 88638 0 0 0
intr 476690459 0 0 126744 75 0 35455 3833800 0 0 0 255628 0 0 0 0 0 0 0 0 0 0 0 0 0 0 0 0 0 0 0 0 0 0 0 0 0 0 0 0 0 0 0 0 0 0 0 0 0 0 0 0 340338840 0 0 0 0 0 0 0 0 27813 0 32128 0 0 0 0 0 0 0 0 0 0 0 87727953 1 0 0 0 0 0 0 0 0 0 0 0 0 0 0 0 0 0 0 0 0 0 0 26442 4215 0 0 0 0 1229700 0 0 0 0 0 0 0 0 0 0 0 0 0 0 0 0 0 0 0 0 0 0 0 0 0 0 0 0 0 0 0 0 0 0 0 0 0 0 0 0 0 0 0 0 0 0 0 0 0 0 0 0 0 0 0 0 0 0 0 0 0 0 0 0 0 0 0 0 0 0 0 0 0 0 0 43051669 0 0 0
ctxt 91542321
btime 1673393901
processes 24268
procs_running 3
procs_blocked 0
softirq 166998071 149645394 1089645 189599 3142417 32132 0 10369256 1876616 17 652995

cpu  246375 2182 186404 11495686 8229 0 404088 0 0 0
cpu0 3958 34 7656 2997328 2684 0 86945 0 0 0
cpu1 176734 0 108401 2657905 1240 0 121654 0 0 0
cpu2 60284 9 58924 2850801 2134 0 106847 0 0 0
cpu3 5398 2138 11422 2989651 2170 0 88641 0 0 0
intr 476712409 0 0 126744 75 0 35455 3833895 0 0 0 255628 0 0 0 0 0 0 0 0 0 0 0 0 0 0 0 0 0 0 0 0 0 0 0 0 0 0 0 0 0 0 0 0 0 0 0 0 0 0 0 0 340351239 0 0 0 0 0 0 0 0 27813 0 32128 0 0 0 0 0 0 0 0 0 0 0 87736063 1 0 0 0 0 0 0 0 0 0 0 0 0 0 0 0 0 0 0 0 0 0 0 26442 4215 0 0 0 0 1229722 0 0 0 0 0 0 0 0 0 0 0 0 0 0 0 0 0 0 0 0 0 0 0 0 0 0 0 0 0 0 0 0 0 0 0 0 0 0 0 0 0 0 0 0 0 0 0 0 0 0 0 0 0 0 0 0 0 0 0 0 0 0 0 0 0 0 0 0 0 0 0 0 0 0 0 43052995 0 0 0
ctxt 91545601
btime 1673393901
processes 24268
procs_running 4
procs_blocked 0
softirq 167011209 149654528 1089680 189599 3142896 32132 0 10372684 1876664 17 653009

cpu  246377 2182 186410 11495838 8229 0 404100 0 0 0
cpu0 3958 34 7656 2997368 2684 0 86946 0 0 0
cpu1 176735 0 108404 2657943 1240 0 121656 0 0 0
cpu2 60284 9 58925 2850837 2134 0 106852 0 0 0
cpu3 5399 2138 11424 2989688 2170 0 88644 0 0 0
intr 476734219 0 0 126745 75 0 35455 3833974 0 0 0 255628 0 0 0 0 0 0 0 0 0 0 0 0 0 0 0 0 0 0 0 0 0 0 0 0 0 0 0 0 0 0 0 0 0 0 0 0 0 0 0 0 340363548 0 0 0 0 0 0 0 0 27813 0 32128 0 0 0 0 0 0 0 0 0 0 0 87744119 1 0 0 0 0 0 0 0 0 0 0 0 0 0 0 0 0 0 0 0 0 0 0 26442 4215 0 0 0 0 1229744 0 0 0 0 0 0 0 0 0 0 0 0 0 0 0 0 0 0 0 0 0 0 0 0 0 0 0 0 0 0 0 0 0 0 0 0 0 0 0 0 0 0 0 0 0 0 0 0 0 0 0 0 0 0 0 0 0 0 0 0 0 0 0 0 0 0 0 0 0 0 0 0 0 0 0 43054333 0 0 0
ctxt 91548803
btime 1673393901
processes 24268
procs_running 1
procs_blocked 0
softirq 167023926 149663183 1089714 189599 3143376 32132 0 10376159 1876723 17 653023

cpu  246381 2182 186415 11495990 8229 0 404112 0 0 0
cpu0 3958 34 7656 2997408 2684 0 86949 0 0 0
cpu1 176736 0 108406 2657980 1240 0 121661 0 0 0
cpu2 60285 9 58927 2850875 2134 0 106855 0 0 0
cpu3 5401 2138 11426 2989726 2170 0 88647 0 0 0
intr 476756173 0 0 126745 75 0 35455 3834071 0 0 0 255628 0 0 0 0 0 0 0 0 0 0 0 0 0 0 0 0 0 0 0 0 0 0 0 0 0 0 0 0 0 0 0 0 0 0 0 0 0 0 0 0 340375938 0 0 0 0 0 0 0 0 27813 0 32128 0 0 0 0 0 0 0 0 0 0 0 87752224 1 0 0 0 0 0 0 0 0 0 0 0 0 0 0 0 0 0 0 0 0 0 0 26442 4215 0 0 0 0 1229766 0 0 0 0 0 0 0 0 0 0 0 0 0 0 0 0 0 0 0 0 0 0 0 0 0 0 0 0 0 0 0 0 0 0 0 0 0 0 0 0 0 0 0 0 0 0 0 0 0 0 0 0 0 0 0 0 0 0 0 0 0 0 0 0 0 0 0 0 0 0 0 0 0 0 0 43055674 0 0 0
ctxt 91552125
btime 1673393901
processes 24268
procs_running 1
procs_blocked 0
softirq 167037000 149672176 1089746 189599 3143880 32132 0 10379614 1876797 17 653039

cpu  246383 2182 186418 11496142 8229 0 404125 0 0 0
cpu0 3958 34 7656 2997448 2684 0 86952 0 0 0
cpu1 176736 0 108407 2658018 1240 0 121664 0 0 0
cpu2 60286 9 58927 2850912 2134 0 106858 0 0 0
cpu3 5402 2138 11427 2989763 2170 0 88650 0 0 0
intr 476777998 0 0 126745 75 0 35455 3834151 0 0 0 255628 0 0 0 0 0 0 0 0 0 0 0 0 0 0 0 0 0 0 0 0 0 0 0 0 0 0 0 0 0 0 0 0 0 0 0 0 0 0 0 0 340388275 0 0 0 0 0 0 0 0 27813 0 32128 0 0 0 0 0 0 0 0 0 0 0 87760285 1 0 0 0 0 0 0 0 0 0 0 0 0 0 0 0 0 0 0 0 0 0 0 26442 4215 0 0 0 0 1229788 0 0 0 0 0 0 0 0 0 0 0 0 0 0 0 0 0 0 0 0 0 0 0 0 0 0 0 0 0 0 0 0 0 0 0 0 0 0 0 0 0 0 0 0 0 0 0 0 0 0 0 0 0 0 0 0 0 0 0 0 0 0 0 0 0 0 0 0 0 0 0 0 0 0 0 43057002 0 0 0
ctxt 91555390
btime 1673393901
processes 24268
procs_running 1
procs_blocked 0
softirq 167050219 149681438 1089779 189599 3144380 32132 0 10382969 1876851 17 653054

cpu  246385 2182 186424 11496295 8229 0 404136 0 0 0
cpu0 3958 34 7656 2997488 2684 0 86953 0 0 0
cpu1 176737 0 108408 2658055 1240 0 121667 0 0 0
cpu2 60287 9 58930 2850949 2134 0 106861 0 0 0
cpu3 5402 2138 11429 2989801 2170 0 88654 0 0 0
intr 476799865 0 0 126745 75 0 35455 3834230 0 0 0 255628 0 0 0 0 0 0 0 0 0 0 0 0 0 0 0 0 0 0 0 0 0 0 0 0 0 0 0 0 0 0 0 0 0 0 0 0 0 0 0 0 340400650 0 0 0 0 0 0 0 0 27813 0 32128 0 0 0 0 0 0 0 0 0 0 0 87768336 1 0 0 0 0 0 0 0 0 0 0 0 0 0 0 0 0 0 0 0 0 0 0 26442 4215 0 0 0 0 1229810 0 0 0 0 0 0 0 0 0 0 0 0 0 0 0 0 0 0 0 0 0 0 0 0 0 0 0 0 0 0 0 0 0 0 0 0 0 0 0 0 0 0 0 0 0 0 0 0 0 0 0 0 0 0 0 0 0 0 0 0 0 0 0 0 0 0 0 0 0 0 0 0 0 0 0 43058346 0 0 0
ctxt 91558618
btime 1673393901
processes 24268
procs_running 1
procs_blocked 0
softirq 167063067 149690178 1089811 189599 3144888 32132 0 10386463 1876910 17 653069

cpu  246387 2182 186426 11496435 8229 0 404155 0 0 0
cpu0 3958 34 7656 2997526 2684 0 86954 0 0 0
cpu1 176738 0 108408 2658090 1240 0 121672 0 0 0
cpu2 60287 9 58930 2850984 2134 0 106868 0 0 0
cpu3 5404 2138 11430 2989835 2170 0 88660 0 0 0
intr 476821717 0 0 126752 75 0 35455 3834317 0 0 0 255631 0 0 0 0 0 0 0 0 0 0 0 0 0 0 0 0 0 0 0 0 0 0 0 0 0 0 0 0 0 0 0 0 0 0 0 0 0 0 0 0 340412996 0 0 0 0 0 0 0 0 27813 0 32128 0 0 0 0 0 0 0 0 0 0 0 87776511 1 0 0 0 0 0 0 0 0 0 0 0 0 0 0 0 0 0 0 0 0 0 0 26442 4215 0 0 0 0 1229832 0 0 0 0 0 0 0 0 0 0 0 0 0 0 0 0 0 0 0 0 0 0 0 0 0 0 0 0 0 0 0 0 0 0 0 0 0 0 0 0 0 0 0 0 0 0 0 0 0 0 0 0 0 0 0 0 0 0 0 0 0 0 0 0 0 0 0 0 0 0 0 0 0 0 0 43059651 0 0 0
ctxt 91561810
btime 1673393901
processes 24268
procs_running 2
procs_blocked 0
softirq 167075872 149699803 1089848 189599 3145307 32132 0 10389115 1876968 17 653083

cpu  246393 2182 186430 11496564 8229 0 404182 0 0 0
cpu0 3958 34 7656 2997561 2684 0 86957 0 0 0
cpu1 176740 0 108409 2658120 1240 0 121680 0 0 0
cpu2 60289 9 58932 2851015 2134 0 106874 0 0 0
cpu3 5405 2138 11432 2989866 2170 0 88669 0 0 0
intr 476843364 0 0 126752 75 0 35455 3834409 0 0 0 255636 0 0 0 0 0 0 0 0 0 0 0 0 0 0 0 0 0 0 0 0 0 0 0 0 0 0 0 0 0 0 0 0 0 0 0 0 0 0 0 0 340425081 0 0 0 0 0 0 0 0 27813 0 32128 0 0 0 0 0 0 0 0 0 0 0 87784595 1 0 0 0 0 0 0 0 0 0 0 0 0 0 0 0 0 0 0 0 0 0 0 26442 4215 0 0 0 0 1229854 0 0 0 0 0 0 0 0 0 0 0 0 0 0 0 0 0 0 0 0 0 0 0 0 0 0 0 0 0 0 0 0 0 0 0 0 0 0 0 0 0 0 0 0 0 0 0 0 0 0 0 0 0 0 0 0 0 0 0 0 0 0 0 0 0 0 0 0 0 0 0 0 0 0 0 43060909 0 0 0
ctxt 91564830
btime 1673393901
processes 24268
procs_running 1
procs_blocked 0
softirq 167088511 149710050 1089882 189599 3145650 32132 0 10391033 1877045 17 653103

cpu  246398 2182 186436 11496694 8229 0 404208 0 0 0
cpu0 3958 34 7657 2997596 2684 0 86958 0 0 0
cpu1 176742 0 108410 2658151 1240 0 121691 0 0 0
cpu2 60291 9 58934 2851048 2134 0 106881 0 0 0
cpu3 5406 2138 11434 2989897 2170 0 88677 0 0 0
intr 476865149 0 0 126756 75 0 35455 3834505 0 0 0 255641 0 0 0 0 0 0 0 0 0 0 0 0 0 0 0 0 0 0 0 0 0 0 0 0 0 0 0 0 0 0 0 0 0 0 0 0 0 0 0 0 340437308 0 0 0 0 0 0 0 0 27813 0 32128 0 0 0 0 0 0 0 0 0 0 0 87792761 1 0 0 0 0 0 0 0 0 0 0 0 0 0 0 0 0 0 0 0 0 0 0 26442 4215 0 0 0 0 1229876 0 0 0 0 0 0 0 0 0 0 0 0 0 0 0 0 0 0 0 0 0 0 0 0 0 0 0 0 0 0 0 0 0 0 0 0 0 0 0 0 0 0 0 0 0 0 0 0 0 0 0 0 0 0 0 0 0 0 0 0 0 0 0 0 0 0 0 0 0 0 0 0 0 0 0 43062178 0 0 0
ctxt 91567901
btime 1673393901
processes 24268
procs_running 3
procs_blocked 0
softirq 167101953 149720994 1089916 189600 3145995 32132 0 10393049 1877126 17 653124

cpu  246409 2182 186452 11496817 8229 0 404233 0 0 0
cpu0 3960 34 7661 2997626 2684 0 86964 0 0 0
cpu1 176744 0 108414 2658183 1240 0 121699 0 0 0
cpu2 60295 9 58938 2851078 2134 0 106886 0 0 0
cpu3 5408 2138 11438 2989929 2170 0 88683 0 0 0
intr 476887635 0 0 126760 75 0 35542 3834719 0 0 0 255643 0 0 0 0 0 0 0 0 0 0 0 0 0 0 0 0 0 0 0 0 0 0 0 0 0 0 0 0 0 0 0 0 0 0 0 0 0 0 0 0 340449711 0 0 0 0 0 0 0 0 27813 0 32128 0 0 0 0 0 0 0 0 0 0 0 87801003 1 0 0 0 0 0 0 0 0 0 0 0 0 0 0 0 0 0 0 0 0 0 0 26442 4215 0 0 0 0 1229910 0 0 0 0 0 0 0 0 0 0 0 0 0 0 0 0 0 0 0 0 0 0 0 0 0 0 0 0 0 0 0 0 0 0 0 0 0 0 0 0 0 0 0 0 0 0 0 0 0 0 0 0 0 0 0 0 0 0 0 0 0 0 0 0 0 0 0 0 0 0 0 0 0 0 0 43063680 0 0 0
ctxt 91571681
btime 1673393901
processes 24328
procs_running 2
procs_blocked 0
softirq 167115305 149730537 1089980 189601 3146401 32132 0 10395951 1877351 17 653335

cpu  246413 2182 186459 11496929 8231 0 404271 0 0 0
cpu0 3960 34 7662 2997657 2684 0 86970 0 0 0
cpu1 176746 0 108415 2658209 1241 0 121710 0 0 0
cpu2 60296 9 58941 2851105 2135 0 106895 0 0 0
cpu3 5409 2138 11440 2989956 2170 0 88695 0 0 0
intr 476909921 0 0 126761 75 0 35544 3834865 0 0 0 255643 0 0 0 0 0 0 0 0 0 0 0 0 0 0 0 0 0 0 0 0 0 0 0 0 0 0 0 0 0 0 0 0 0 0 0 0 0 0 0 0 340462171 0 0 0 0 0 0 0 0 27813 0 32148 0 0 0 0 0 0 0 0 0 0 0 87809448 1 0 0 0 0 0 0 0 0 0 0 0 0 0 0 0 0 0 0 0 0 0 0 26462 4215 0 0 0 0 1229936 0 0 0 0 0 0 0 0 0 0 0 0 0 0 0 0 0 0 0 0 0 0 0 0 0 0 0 0 0 0 0 0 0 0 0 0 0 0 0 0 0 0 0 0 0 0 0 0 0 0 0 0 0 0 0 0 0 0 0 0 0 0 0 0 0 0 0 0 0 0 0 0 0 0 0 43064845 0 0 0
ctxt 91574717
btime 1673393901
processes 24329
procs_running 4
procs_blocked 0
softirq 167128080 149741273 1090025 189633 3146683 32152 0 10397448 1877472 17 653377

cpu  246416 2182 186464 11497037 8231 0 404310 0 0 0
cpu0 3960 34 7662 2997686 2684 0 86974 0 0 0
cpu1 176747 0 108417 2658234 1241 0 121723 0 0 0
cpu2 60296 9 58943 2851132 2135 0 106906 0 0 0
cpu3 5411 2138 11441 2989983 2170 0 88706 0 0 0
intr 476932226 0 0 126761 75 0 35545 3834963 0 0 0 255643 0 0 0 0 0 0 0 0 0 0 0 0 0 0 0 0 0 0 0 0 0 0 0 0 0 0 0 0 0 0 0 0 0 0 0 0 0 0 0 0 340474670 0 0 0 0 0 0 0 0 27813 0 32148 0 0 0 0 0 0 0 0 0 0 0 87818007 1 0 0 0 0 0 0 0 0 0 0 0 0 0 0 0 0 0 0 0 0 0 0 26462 4215 0 0 0 0 1229963 0 0 0 0 0 0 0 0 0 0 0 0 0 0 0 0 0 0 0 0 0 0 0 0 0 0 0 0 0 0 0 0 0 0 0 0 0 0 0 0 0 0 0 0 0 0 0 0 0 0 0 0 0 0 0 0 0 0 0 0 0 0 0 0 0 0 0 0 0 0 0 0 0 0 0 43065973 0 0 0
ctxt 91577472
btime 1673393901
processes 24329
procs_running 3
procs_blocked 0
softirq 167141769 149753493 1090063 189670 3146930 32152 0 10398482 1877568 17 653394

cpu  246421 2182 186472 11497145 8231 0 404349 0 0 0
cpu0 3960 34 7662 2997715 2684 0 86978 0 0 0
cpu1 176748 0 108419 2658262 1241 0 121734 0 0 0
cpu2 60298 9 58945 2851156 2135 0 106919 0 0 0
cpu3 5412 2138 11444 2990010 2170 0 88717 0 0 0
intr 476954527 0 0 126761 75 0 35545 3835044 0 0 0 255643 0 0 0 0 0 0 0 0 0 0 0 0 0 0 0 0 0 0 0 0 0 0 0 0 0 0 0 0 0 0 0 0 0 0 0 0 0 0 0 0 340487156 0 0 0 0 0 0 0 0 27813 0 32148 0 0 0 0 0 0 0 0 0 0 0 87826569 1 0 0 0 0 0 0 0 0 0 0 0 0 0 0 0 0 0 0 0 0 0 0 26462 4215 0 0 0 0 1229985 0 0 0 0 0 0 0 0 0 0 0 0 0 0 0 0 0 0 0 0 0 0 0 0 0 0 0 0 0 0 0 0 0 0 0 0 0 0 0 0 0 0 0 0 0 0 0 0 0 0 0 0 0 0 0 0 0 0 0 0 0 0 0 0 0 0 0 0 0 0 0 0 0 0 0 43067111 0 0 0
ctxt 91580221
btime 1673393901
processes 24329
procs_running 2
procs_blocked 0
softirq 167154705 149764858 1090100 189712 3147175 32152 0 10399625 1877651 17 653415

cpu  246428 2182 186477 11497252 8231 0 404388 0 0 0
cpu0 3960 34 7662 2997746 2684 0 86982 0 0 0
cpu1 176750 0 108421 2658289 1241 0 121743 0 0 0
cpu2 60301 9 58946 2851180 2135 0 106934 0 0 0
cpu3 5415 2138 11446 2990036 2170 0 88728 0 0 0
intr 476976874 0 0 126761 75 0 35545 3835141 0 0 0 255643 0 0 0 0 0 0 0 0 0 0 0 0 0 0 0 0 0 0 0 0 0 0 0 0 0 0 0 0 0 0 0 0 0 0 0 0 0 0 0 0 340499681 0 0 0 0 0 0 0 0 27813 0 32148 0 0 0 0 0 0 0 0 0 0 0 87835152 1 0 0 0 0 0 0 0 0 0 0 0 0 0 0 0 0 0 0 0 0 0 0 26462 4215 0 0 0 0 1230009 0 0 0 0 0 0 0 0 0 0 0 0 0 0 0 0 0 0 0 0 0 0 0 0 0 0 0 0 0 0 0 0 0 0 0 0 0 0 0 0 0 0 0 0 0 0 0 0 0 0 0 0 0 0 0 0 0 0 0 0 0 0 0 0 0 0 0 0 0 0 0 0 0 0 0 43068237 0 0 0
ctxt 91582936
btime 1673393901
processes 24329
procs_running 4
procs_blocked 0
softirq 167168169 149776660 1090137 189754 3147421 32152 0 10400836 1877758 17 653434

cpu  246432 2182 186480 11497360 8231 0 404424 0 0 0
cpu0 3960 34 7662 2997776 2684 0 86985 0 0 0
cpu1 176751 0 108424 2658316 1241 0 121752 0 0 0
cpu2 60304 9 58946 2851205 2135 0 106946 0 0 0
cpu3 5416 2138 11447 2990061 2170 0 88740 0 0 0
intr 476999134 0 0 126762 75 0 35545 3835226 0 0 0 255643 0 0 0 0 0 0 0 0 0 0 0 0 0 0 0 0 0 0 0 0 0 0 0 0 0 0 0 0 0 0 0 0 0 0 0 0 0 0 0 0 340512165 0 0 0 0 0 0 0 0 27813 0 32148 0 0 0 0 0 0 0 0 0 0 0 87843718 1 0 0 0 0 0 0 0 0 0 0 0 0 0 0 0 0 0 0 0 0 0 0 26462 4215 0 0 0 0 1230031 0 0 0 0 0 0 0 0 0 0 0 0 0 0 0 0 0 0 0 0 0 0 0 0 0 0 0 0 0 0 0 0 0 0 0 0 0 0 0 0 0 0 0 0 0 0 0 0 0 0 0 0 0 0 0 0 0 0 0 0 0 0 0 0 0 0 0 0 0 0 0 0 0 0 0 43069337 0 0 0
ctxt 91585604
btime 1673393901
processes 24329
procs_running 3
procs_blocked 0
softirq 167180783 149787680 1090175 189783 3147666 32152 0 10402014 1877841 17 653455

cpu  246439 2182 186487 11497467 8231 0 404465 0 0 0
cpu0 3960 34 7662 2997806 2684 0 86988 0 0 0
cpu1 176752 0 108426 2658341 1241 0 121766 0 0 0
cpu2 60307 9 58949 2851231 2135 0 106958 0 0 0
cpu3 5418 2138 11449 2990088 2170 0 88753 0 0 0
intr 477021449 0 0 126762 75 0 35545 3835318 0 0 0 255643 0 0 0 0 0 0 0 0 0 0 0 0 0 0 0 0 0 0 0 0 0 0 0 0 0 0 0 0 0 0 0 0 0 0 0 0 0 0 0 0 340524655 0 0 0 0 0 0 0 0 27813 0 32148 0 0 0 0 0 0 0 0 0 0 0 87852287 1 0 0 0 0 0 0 0 0 0 0 0 0 0 0 0 0 0 0 0 0 0 0 26462 4215 0 0 0 0 1230053 0 0 0 0 0 0 0 0 0 0 0 0 0 0 0 0 0 0 0 0 0 0 0 0 0 0 0 0 0 0 0 0 0 0 0 0 0 0 0 0 0 0 0 0 0 0 0 0 0 0 0 0 0 0 0 0 0 0 0 0 0 0 0 0 0 0 0 0 0 0 0 0 0 0 0 43070474 0 0 0
ctxt 91588328
btime 1673393901
processes 24329
procs_running 2
procs_blocked 0
softirq 167194071 149799360 1090211 189810 3147919 32152 0 10403186 1877941 17 653475

cpu  246444 2182 186491 11497581 8231 0 404500 0 0 0
cpu0 3960 34 7663 2997837 2684 0 86992 0 0 0
cpu1 176754 0 108427 2658370 1241 0 121774 0 0 0
cpu2 60309 9 58950 2851259 2135 0 106967 0 0 0
cpu3 5420 2138 11450 2990114 2170 0 88766 0 0 0
intr 477043762 0 0 126762 75 0 35545 3835414 0 0 0 255643 0 0 0 0 0 0 0 0 0 0 0 0 0 0 0 0 0 0 0 0 0 0 0 0 0 0 0 0 0 0 0 0 0 0 0 0 0 0 0 0 340537171 0 0 0 0 0 0 0 0 27813 0 32148 0 0 0 0 0 0 0 0 0 0 0 87860832 1 0 0 0 0 0 0 0 0 0 0 0 0 0 0 0 0 0 0 0 0 0 0 26462 4215 0 0 0 0 1230075 0 0 0 0 0 0 0 0 0 0 0 0 0 0 0 0 0 0 0 0 0 0 0 0 0 0 0 0 0 0 0 0 0 0 0 0 0 0 0 0 0 0 0 0 0 0 0 0 0 0 0 0 0 0 0 0 0 0 0 0 0 0 0 0 0 0 0 0 0 0 0 0 0 0 0 43071607 0 0 0
ctxt 91591163
btime 1673393901
processes 24329
procs_running 1
procs_blocked 0
softirq 167207666 149810916 1090247 189831 3148204 32152 0 10404772 1878033 17 653494

cpu  246447 2182 186493 11497717 8231 0 404521 0 0 0
cpu0 3960 34 7663 2997872 2684 0 86994 0 0 0
cpu1 176755 0 108428 2658403 1241 0 121780 0 0 0
cpu2 60310 9 58950 2851293 2135 0 106971 0 0 0
cpu3 5420 2138 11451 2990147 2170 0 88775 0 0 0
intr 477065763 0 0 126762 75 0 35545 3835510 0 0 0 255643 0 0 0 0 0 0 0 0 0 0 0 0 0 0 0 0 0 0 0 0 0 0 0 0 0 0 0 0 0 0 0 0 0 0 0 0 0 0 0 0 340549587 0 0 0 0 0 0 0 0 27813 0 32148 0 0 0 0 0 0 0 0 0 0 0 87869065 1 0 0 0 0 0 0 0 0 0 0 0 0 0 0 0 0 0 0 0 0 0 0 26462 4215 0 0 0 0 1230094 0 0 0 0 0 0 0 0 0 0 0 0 0 0 0 0 0 0 0 0 0 0 0 0 0 0 0 0 0 0 0 0 0 0 0 0 0 0 0 0 0 0 0 0 0 0 0 0 0 0 0 0 0 0 0 0 0 0 0 0 0 0 0 0 0 0 0 0 0 0 0 0 0 0 0 43072851 0 0 0
ctxt 91594257
btime 1673393901
processes 24329
procs_running 4
procs_blocked 0
softirq 167221028 149820919 1090281 189843 3148614 32152 0 10407599 1878096 17 653507

cpu  246449 2182 186499 11497899 8231 0 404523 0 0 0
cpu0 3960 34 7663 2997920 2684 0 86994 0 0 0
cpu1 176756 0 108430 2658448 1241 0 121781 0 0 0
cpu2 60311 9 58952 2851338 2135 0 106971 0 0 0
cpu3 5421 2138 11453 2990192 2170 0 88776 0 0 0
intr 477072323 0 0 126767 75 0 35545 3835550 0 0 0 255643 0 0 0 0 0 0 0 0 0 0 0 0 0 0 0 0 0 0 0 0 0 0 0 0 0 0 0 0 0 0 0 0 0 0 0 0 0 0 0 0 340554065 0 0 0 0 0 0 0 0 27813 0 32148 0 0 0 0 0 0 0 0 0 0 0 87869674 1 0 0 0 0 0 0 0 0 0 0 0 0 0 0 0 0 0 0 0 0 0 0 26462 4215 0 0 0 0 1230116 0 0 0 0 0 0 0 0 0 0 0 0 0 0 0 0 0 0 0 0 0 0 0 0 0 0 0 0 0 0 0 0 0 0 0 0 0 0 0 0 0 0 0 0 0 0 0 0 0 0 0 0 0 0 0 0 0 0 0 0 0 0 0 0 0 0 0 0 0 0 0 0 0 0 0 43074250 0 0 0
ctxt 91597060
btime 1673393901
processes 24329
procs_running 1
procs_blocked 0
softirq 167221959 149821655 1090302 189847 3148628 32152 0 10407683 1878151 17 653524

cpu  246450 2182 186506 11498085 8231 0 404523 0 0 0
cpu0 3961 34 7663 2997969 2684 0 86994 0 0 0
cpu1 176756 0 108432 2658494 1241 0 121781 0 0 0
cpu2 60311 9 58955 2851383 2135 0 106971 0 0 0
cpu3 5421 2138 11456 2990238 2170 0 88776 0 0 0
intr 477077925 0 0 126771 75 0 35545 3835575 0 0 0 255647 0 0 0 0 0 0 0 0 0 0 0 0 0 0 0 0 0 0 0 0 0 0 0 0 0 0 0 0 0 0 0 0 0 0 0 0 0 0 0 0 340558067 0 0 0 0 0 0 0 0 27813 0 32148 0 0 0 0 0 0 0 0 0 0 0 87869804 1 0 0 0 0 0 0 0 0 0 0 0 0 0 0 0 0 0 0 0 0 0 0 26462 4215 0 0 0 0 1230138 0 0 0 0 0 0 0 0 0 0 0 0 0 0 0 0 0 0 0 0 0 0 0 0 0 0 0 0 0 0 0 0 0 0 0 0 0 0 0 0 0 0 0 0 0 0 0 0 0 0 0 0 0 0 0 0 0 0 0 0 0 0 0 0 0 0 0 0 0 0 0 0 0 0 0 43075667 0 0 0
ctxt 91599870
btime 1673393901
processes 24329
procs_running 2
procs_blocked 0
softirq 167222060 149821655 1090324 189847 3148629 32152 0 10407702 1878196 17 653538

cpu  246450 2182 186512 11498271 8231 0 404524 0 0 0
cpu0 3961 34 7663 2998018 2684 0 86994 0 0 0
cpu1 176756 0 108432 2658539 1241 0 121781 0 0 0
cpu2 60311 9 58958 2851429 2135 0 106971 0 0 0
cpu3 5421 2138 11458 2990284 2170 0 88776 0 0 0
intr 477083567 0 0 126775 75 0 35545 3835604 0 0 0 255652 0 0 0 0 0 0 0 0 0 0 0 0 0 0 0 0 0 0 0 0 0 0 0 0 0 0 0 0 0 0 0 0 0 0 0 0 0 0 0 0 340562084 0 0 0 0 0 0 0 0 27813 0 32148 0 0 0 0 0 0 0 0 0 0 0 87869956 1 0 0 0 0 0 0 0 0 0 0 0 0 0 0 0 0 0 0 0 0 0 0 26462 4215 0 0 0 0 1230160 0 0 0 0 0 0 0 0 0 0 0 0 0 0 0 0 0 0 0 0 0 0 0 0 0 0 0 0 0 0 0 0 0 0 0 0 0 0 0 0 0 0 0 0 0 0 0 0 0 0 0 0 0 0 0 0 0 0 0 0 0 0 0 0 0 0 0 0 0 0 0 0 0 0 0 43077079 0 0 0
ctxt 91602688
btime 1673393901
processes 24329
procs_running 2
procs_blocked 0
softirq 167222163 149821663 1090344 189847 3148630 32152 0 10407720 1878236 17 653554

cpu  246452 2182 186519 11498457 8231 0 404524 0 0 0
cpu0 3961 34 7664 2998067 2684 0 86994 0 0 0
cpu1 176757 0 108435 2658585 1241 0 121781 0 0 0
cpu2 60312 9 58960 2851474 2135 0 106971 0 0 0
cpu3 5421 2138 11460 2990329 2170 0 88776 0 0 0
intr 477089192 0 0 126779 75 0 35545 3835633 0 0 0 255657 0 0 0 0 0 0 0 0 0 0 0 0 0 0 0 0 0 0 0 0 0 0 0 0 0 0 0 0 0 0 0 0 0 0 0 0 0 0 0 0 340566089 0 0 0 0 0 0 0 0 27813 0 32150 0 0 0 0 0 0 0 0 0 0 0 87870086 1 0 0 0 0 0 0 0 0 0 0 0 0 0 0 0 0 0 0 0 0 0 0 26464 4215 0 0 0 0 1230182 0 0 0 0 0 0 0 0 0 0 0 0 0 0 0 0 0 0 0 0 0 0 0 0 0 0 0 0 0 0 0 0 0 0 0 0 0 0 0 0 0 0 0 0 0 0 0 0 0 0 0 0 0 0 0 0 0 0 0 0 0 0 0 0 0 0 0 0 0 0 0 0 0 0 0 43078504 0 0 0
ctxt 91605524
btime 1673393901
processes 24329
procs_running 2
procs_blocked 0
softirq 167222280 149821663 1090366 189848 3148631 32154 0 10407745 1878285 17 653571
