Latency
453405
752052
1064501
1378787
189474
450142
710745
364385
697015
979728
1296568
218387
465012
192321
472275
361874
607762
270596
516658
245404
524812
810993
1061421
190372
557464
219241
587085
326482
574369
358891
861365
176841
347822
616760
863477
287434
788112
182630
494135
824288
594058
878666
212794
477064
192883
347534
612990
880977
183653
657656
250012
504634
375981
623569
184362
615280
331557
575995
344247
758738
176922
372000
656303
905558
1176520
436292
683995
189405
436064
199294
191873
438600
194298
444572
361817
638024
1093751
193154
558063
259793
524984
795188
363814
608067
184923
464490
722842
327697
571857
863142
198499
445882
186462
464065
186382
446496
325467
746963
190224
449140
366012
647224
184742
428396
197727
470381
200295
454108
768320
418607
668488
186187
466077
365697
835438
214655
475068
327804
351690
607984
872393
232067
484282
378145
625032
370949
852761
183231
430953
362990
868186
307775
721188
191075
436810
191611
439137
184688
521833
250620
441108
686250
345146
624438
343457
673346
361635
614644
190535
651910
250813
495967
307992
553858
189207
438202
368372
738915
365534
648278
921173
184018
461514
187810
436192
149167
466504
244813
529685
226951
511171
900110
356361
792486
319713
593315
857294
360452
630930
181803
446007
360654
695925
1027125
288790
567666
196096
440933
700445
216214
362838
684872
182590
431291
716893
345636
591833
202145
446902
711021
188908
433992
364425
644066
1046995
214141
490466
854639
210952
619551
334665
584980
361435
636344
368098
612525
364245
182336
440921
699922
349157
595767
864936
353677
725471
1198164
204162
448665
274148
216985
649323
253970
505009
357731
719226
184250
436598
323553
598497
213354
458550
191777
436576
192649
437167
347452
596639
219713
502475
785198
244474
526464
332022
593656
186181
342025
772472
261010
513578
245914
216363
488960
365115
621734
241994
352319
723099
347406
621507
866832
413001
372336
643834
895039
