Latency
1033175
1308361
3183186
5224534
5672661
6000758
6251856
6567702
6961513
7394277
7741944
8164892
8543204
8825335
9163912
15618684
15904541
16192012
16480264
16765148
17036297
17322764
17696703
17990444
18285218
18540189
18807295
19125148
19868227
20119017
20455027
20836920
21198463
21509990
21813529
22321005
22622605
22934033
24043356
24348758
24635832
24947130
25256461
25517461
25808819
26107099
26384848
27740605
28046131
28345424
1544525
2845735
3331824
3623158
3955657
4257106
4514401
4817796
5141257
5438219
5734778
6059806
6385370
6935843
7215864
7483885
7774143
8073518
665446
924132
1242110
1685161
2006692
3436594
3721222
4111941
4413770
4671698
4980338
5266196
5514923
5820827
6072937
6370011
6654237
6944701
422971
690740
1062126
1325918
2483101
2746608
3040045
3406082
3695996
4045571
4402720
4653282
4910055
5198152
5485947
446129
705218
1061259
1338669
1922640
2180834
2445368
3109962
3404231
3699774
3976573
4259771
4544098
4821524
574087
918798
1587570
1861097
2949813
3212141
3723258
3977760
4251181
4503361
4792598
5109737
5970584
6240158
6514886
1076102
1418651
1835202
2435617
3309569
3629071
3935014
4234967
4495831
4785866
5064949
5359874
5631898
6113062
7460805
7754032
817564
2979880
3319495
3575000
3938975
4254706
4512562
4780582
5068157
5319250
5608224
5877365
6130625
6383287
7178088
7511622
7827506
1765366
2100495
2443568
2782932
3614655
4098190
4392540
4650497
4952347
5248616
5519091
5828927
6099082
6350965
6645422
8186429
8474077
8755854
924070
1221592
1575527
1950812
2229684
2578725
908436
1231352
3434058
4159098
4487336
4764448
5041624
5355737
5627095
5930950
6191994
6489067
6790093
7167285
7482733
7732667
980764
1295899
2900435
3567575
3993010
4291254
4608736
4858826
5110627
5379640
5743287
6024550
6343412
7151478
7435014
8385577
8634622
8932188
9204659
663090
930587
1651794
1954107
2205894
3724876
4000071
4249551
4502104
4803724
5216034
5515653
5840765
6107340
6382750
6680629
6934947
7233593
1804176
2083709
2509592
2760024
3886370
4191737
4462762
4817445
5070307
5515528
5766271
6021172
6349637
6644269
6922852
7197242
8253126
753649
3071494
3389739
3650541
3937417
4231543
4585835
524935
851333
1149781
1519236
1863010
3545209
4106442
4406036
4692024
4975242
5226617
5510222
5812701
6091285
6371933
6665066
6915025
7166884
7489350
1244789
1969689
2248695
3464006
4045059
4427307
4722692
4974742
5298365
5567115
5876574
6146055
6443676
6746593
8506632
8812352
9095710
9369694
1949881
2371732
3044745
3426965
3678744
3976685
4265410
4558348
4860584
5154451
5431988
5685680
6477647
6985799
8147741
812920
1250487
2978600
3317998
3603728
3858367
4111825
4379645
4667659
5044403
5301747
5597470
6242725
9130076
9400226
9690247
9945235
1152048
1471394
3757787
4299573
4577914
4850637
5124712
5434798
5739325
6000240
6309185
6594154
6870041
7139271
7439618
7693274
8256835
1020206
1509960
1848292
3585405
4093533
4388983
4671582
4925667
5215511
5488489
5785157
6176861
6468066
6769058
7144565
8777159
9050364
9328735
885343
1214228
1663885
4241868
4532582
4875117
5153750
5403622
5700816
6058340
6353134
6631878
8531738
8781635
9033815
9318335
9609235
896052
1236690
1727022
2156491
2605377
2916471
3290020
3626335
3920721
4177258
4476310
4755962
5036663
5351061
5609980
7095727
943123
1315738
2807519
3129204
3393945
3698175
4006424
4299409
5438256
5751685
6029282
6307859
6636514
6932250
7214490
7498436
807514
1124581
1436896
2168890
2440722
2790968
3069762
3386305
3877343
4146447
4441221
4750930
5056492
5341764
5632153
5930471
6216392
1048152
1400130
2626052
2916635
3194347
3511221
3764707
4063138
4677407
4943062
5218243
5512554
5773612
6069468
7477481
7735209
8022193
8280667
3546550
4063558
4359516
4654498
4904108
1017734
1268892
4173867
4449002
4718667
5036300
5286634
5536568
5793606
6051495
6333568
6690083
7019315
7317414
7710446
9011125
9310628
668602
1052967
1813542
3520315
4010980
4299559
4550179
4933414
5208243
5479725
5776923
6107425
6436270
6692062
8156138
8441970
8734092
720823
1164377
1684766
2190346
2471138
2891835
3941233
4234067
4492319
4747445
5035567
5322122
5589068
5880622
6146642
6575485
7046347
1678487
2090728
2380833
2630822
2907244
3180174
3455983
3744805
4007963
4314697
5147410
5700288
5950980
6253425
6571531
6836100
7114782
857555
1155110
3510036
3826326
4168600
4482352
4806779
5161450
5546244
5836512
6087115
6364566
7147333
7532755
8602764
8852957
9102178
3467351
3842392
4092898
4408282
4716957
4990895
5346320
5604086
5880582
6235938
6506064
6785763
7093336
8905337
9162053
9422213
9732442
971790
1232063
1548354
1805365
2116262
2400515
2727297
2991214
3269752
4688661
4992222
5281020
5565453
5849955
6231872
7864137
8118857
8401637
8671418
1216121
1481260
1768965
2077424
2352212
4686926
4938411
5242259
5492824
5796494
6050128
6308398
6617530
6900779
1804515
2180560
2453347
2733147
2989885
3257969
3542745
3802494
4118919
5727959
6028735
6308496
6560716
6810376
7063623
7374062
930690
1212147
2497465
2754811
3104872
3395542
3701195
3952319
4259648
4635284
4921789
5308714
5599000
5978955
7274870
7525076
7826840
8123623
8400494
1254721
1552980
1881177
2436498
3657617
4092272
4396572
4646886
4898517
5153197
5446747
5714904
6020950
6276819
6576010
8137714
8405250
8727861
798398
1390090
1798672
2122163
2654162
3529657
3912105
4250808
4534441
4779628
5034954
5285283
5586872
5884330
6161254
6669324
6967701
7224113
7475790
1603776
1870610
2201043
2539855
2869512
3255546
4880842
5180735
5436662
5722839
5978350
6356892
6647852
6922916
7730617
7988410
8236720
909704
1218248
1723436
2101393
2378101
2663269
2978318
3395979
3955798
4253639
4550961
4804425
5105251
5431054
5688529
5984556
6262978
6550517
749322
1044873
1387139
3610426
4241650
4495140
4746991
5028977
5318744
5619717
5870217
6121255
6418305
6696554
6969709
7323555
7580635
8005893
769622
1156060
3090425
3356793
3620799
3887400
1203295
1711657
2011236
2353200
2610157
2916408
3296658
3581365
4400130
4740868
5044927
5343149
5638827
5963909
6304192
8063425
8317040
1201328
1496054
1751384
2000919
2454710
4210354
4508890
4769178
5148030
5454674
5779890
6054295
7972129
8274724
8592457
8876075
9149721
2008302
2400028
2672721
2993872
3269317
3528650
3803557
4105843
4403454
4694744
4984105
6488399
6742373
7058371
7366150
7617299
3840255
4118290
4441472
4739727
4998854
5296592
5575018
5884730
6181284
6493242
6759201
7024061
7601148
8885194
9185028
9447817
856701
1187322
1485548
2066955
3629462
3930400
745272
995842
3139510
3685561
3976325
4265116
4566988
4818779
5072282
5333205
5643239
5893435
6152585
6493049
6755951
7021525
8753048
890934
1237103
1950976
2203467
2483229
3679369
4163613
4482563
4768719
5022060
5327383
5586520
5903980
6154661
6451915
6707811
7087647
533260
2398527
2684661
3089301
3360924
3910184
4333319
4610664
4913115
5163557
5413945
5830469
6112136
6416758
6742819
7043512
7323834
7670669
8815465
9068330
9353066
9620744
713009
1058400
1560151
3121068
3440571
3789227
4053437
4348404
4594225
4878022
5169915
5475547
5733841
6042560
6557960
6850146
697582
963108
1268445
2052997
2340142
2853322
3180885
3524599
3827742
4175495
4432619
4714928
4997358
5271347
5555892
670494
938217
3199703
3741195
4059841
4378960
4685881
4943738
5198468
5506471
5817389
6103225
6660096
6979363
8337697
8638047
8935500
9210390
617998
943446
1263695
1570439
1994167
2322827
4201557
4512832
4828664
5125077
5377582
5631108
5887851
6140855
6455869
6736668
6991153
827946
1392698
1715081
3027342
3342587
3616369
3890122
4161088
4458028
4757272
5037486
5765862
6051839
6340383
6668708
7806415
8103742
8403458
8699258
3363111
3656052
3947602
4228317
4531727
4847334
5147733
5439134
5728614
6008981
7019575
7325707
7610582
8576526
8874197
9146749
1035232
1402440
3545677
4193781
4612900
4892652
5171033
5481914
5750040
6038662
6317468
6612709
8631748
8886151
9181993
9460800
3673131
3952817
4261406
4532721
4803782
5083665
5374916
5899531
6187246
6503271
6799702
7131346
7388102
7638557
7893248
8767784
9069536
747719
1043162
3892990
4252183
4522547
4892364
5187480
5480324
5852292
6169335
6478514
6760032
7113210
7363780
2326649
2648784
2970193
3289684
3567357
3817482
4115434
4443662
4698069
5012429
5299039
909225
1191455
1571521
1885468
2349147
3109710
3586291
3905653
4163113
4450410
4727299
5027132
5822122
6151589
6423020
6835971
7836654
8121014
8419462
8712697
842852
1185433
1465961
1915273
2215247
2470884
2732015
3667029
3970370
4284194
4540067
4820193
5106091
5363927
5666278
6456207
7462878
7729021
7980618
8275291
600834
1249804
1752928
2123227
2422398
3963383
4223732
4550286
4817842
5112184
5440934
5731208
6065418
6403700
6714324
7972885
8259628
8568348
8834821
699514
2182146
2515867
2790509
3072386
3384725
3676627
4050771
4478721
5056849
5442256
5737135
5995679
6312295
7654292
1054181
1403239
1780568
2058442
4379512
4673110
4923905
5194923
5445828
5721248
6004031
6318759
6590858
6972603
8118001
8398717
8689294
8963484
751024
1044121
1356514
1624825
1952476
2228790
2640413
2979038
3815832
4124185
4402254
4658691
4965367
5214703
5467580
5781463
6071347
6426052
7095907
7395603
1371500
1709294
2056641
2371024
2651343
2918781
4227806
4778877
5064921
5356781
5617790
5917983
6359064
6661176
6919214
8313939
8624052
8922365
1348880
1604919
2114211
3988730
4281727
4542837
4841831
5185197
5491356
5778424
6091606
6540930
6845855
8008161
8257992
3373704
3788292
4071210
4367849
4657046
4975922
5351638
5898877
6181257
6441931
6756443
7003927
7312155
7592130
8279840
8571108
2842401
3201160
3658324
3940662
4191445
4502918
4771107
5103201
5431703
5696427
8145554
8403941
796981
1157720
2004421
2266383
2613523
3026535
3326437
3701778
4028068
4263264
4620128
4882689
5205532
5511717
5760044
6061043
6328901
6574845
6883697
3525321
3778236
4068002
4340039
4614142
5007266
5437917
5990555
6309529
6614771
6913855
8624337
8879788
9178558
9440620
9724158
3605421
3919437
4235496
4546412
4830692
5105954
5423004
5673586
5923723
6183516
6473492
6732483
6981490
7845643
8689326
8988856
9240205
9519838
792260
1078597
2052864
3054887
3425770
3688470
3952242
4302732
4558676
4944829
5199363
5557277
5932307
6228031
6495944
6802676
677005
960689
1316978
4068676
4368704
4620709
4958638
5257523
5578157
5838845
6451987
8083489
8382339
8641757
8934266
9206801
680472
980274
4090833
4349748
4643200
4953041
5251365
5503978
5831500
6125105
6473622
6769598
8374134
1391918
1643233
1978155
2285300
2620966
2909856
3336768
3591184
4254861
4673595
4990292
5304725
5589530
5843341
6102764
6418835
6711711
6986204
7343085
838304
1455792
1743740
2104628
3368441
3943468
4222886
4514350
4809479
5090093
5478704
5731354
5993585
6278851
8276688
8578281
8861426
9127335
9409231
1293666
1560137
1938734
2295625
2604833
3098980
3456364
3750681
4033484
4288462
4534317
4832379
5119266
5412311
5732492
6037432
6298449
3773638
4125895
4423055
4745739
5049179
5299737
5552610
5835576
6124063
6409525
6659439
6936550
7409872
8666480
8959132
9263287
9512577
1024800
1409159
1988956
4060531
4310625
4561283
4878768
5183277
5432279
5694344
5956542
6211277
6482151
8147900
1065126
1474308
3004893
3512995
3776659
4072071
4322268
4711265
5016597
5312030
5603935
6782967
7084047
7345130
7685271
8338387
8654631
8918674
1151060
1426246
1692281
3477125
4016023
4324989
4619736
4902458
5181690
5457561
5709322
6029954
6303532
6681415
6953475
8120253
3256946
3573974
3837545
4135210
4447200
4715360
4965951
791825
1993629
2302471
2571176
2826098
3108707
3385877
3694366
4014175
4895546
5512814
5826947
6110884
6419267
6800832
7102328
7436433
1488768
1887078
2275554
2556151
2806069
3057799
3527302
3831813
4081447
4551108
4821002
5115782
5402718
5725491
6009746
6376137
6690197
6990483
809671
1093848
4090783
4444775
4696602
4980960
5262611
5535713
5979434
6265507
6571199
6912806
7301372
7587874
7882096
9339747
9598227
9868818
1861580
2201165
2451815
2767476
3020852
3300260
3588022
5094583
5350559
5646686
5952132
6233688
6495118
6773608
7083939
7945296
8299439
8591020
889730
1197866
1583591
1874454
3350071
3707487
3960385
4214908
4466298
4744112
5046552
5533638
5843775
6150044
6469155
6771585
7034663
7346617
7627527
7901325
1595466
1982564
2269783
2546129
2836466
3098557
3375831
3650839
4698836
5000095
5312840
5604195
5869995
6148646
6428469
6790948
7534842
7833392
8127404
1251383
1605667
1866232
2125842
4547365
4798447
5155910
5411661
5714773
6023155
987438
1310607
1602712
1880372
4643602
4927685
5213129
5506432
5808884
6121444
6378868
6641103
6927400
7190963
7483158
7754937
1010251
1466028
2119534
2469667
2819031
3149887
3813282
4060250
4310041
4567336
4882557
5143765
5437338
5753038
6028118
6736292
7643279
7936426
8210759
3312304
3566524
3823060
4138499
4493086
4780772
5052430
5409436
5706068
5982040
6934570
7232168
7528399
8850893
9160725
9429584
9714909
1343711
1619647
1914505
2193236
2463202
2765172
3121148
3410981
4213751
4470935
4721183
5030748
5285344
5577947
5831061
6226546
6534528
7234780
7518063
7776604
8069778
706482
1123458
3319741
3663338
3914452
4469024
4720072
4978454
5268177
5552975
5830971
6140916
6419560
6672299
6974152
7301612
8811715
1299367
1693168
2629060
3006485
3261799
3539699
3790496
4127760
4414458
5613588
849228
3847095
4104008
4356635
4646159
5039054
5317669
5709704
5991940
6307940
6591011
6876097
7190661
7688438
8171242
9130242
9433106
9732848
10032515
1351004
1627159
1892670
2181037
2446610
3686806
3945668
4196234
4466190
4728840
5030947
5324708
5574999
5885538
6161437
6463871
7902649
8215702
8509986
1990454
2271566
2580727
2875684
3156392
3446712
3701758
4080885
4489170
4860059
5109751
5458846
5755427
6025581
7248261
7503075
7771757
835272
1760392
2218944
2596903
2916452
3235585
4346161
4608244
4890465
5161165
5444577
5719380
1256174
1519102
1837960
2129901
2416121
2716698
3796095
4103111
4361341
4625255
4888005
5161116
5477671
5761159
6041255
6992297
1287655
1565552
1848311
4115228
4465857
4740707
4999197
5288840
5546241
5868797
6164681
6468085
8047666
8356418
8633334
8931421
2617597
2886274
3249895
3551459
3811520
4125953
4375705
4623183
4929057
5199057
5505092
5804012
6120190
6926698
7549106
7794628
8077365
1869987
2213482
2565754
2870601
3268677
3606613
4012914
4261678
4547374
4860453
5149082
5439859
5691537
7277771
7575711
7891505
8191231
3764175
4159400
4409322
4724580
5020902
5278751
5540061
5897946
6186668
6463388
6767525
7021224
7625400
8864946
9164982
9447455
579642
1332986
1607685
2083932
2725515
2990057
3656774
4231422
4534062
4784437
5035265
5285817
5590990
5906631
6161240
6414542
6715603
6969027
1227742
1549088
2231154
3439251
3732661
4008268
4305644
4615783
5078035
5344056
5681641
5978811
6233880
6500748
7937318
8231225
8497451
8802045
846083
1182663
1434264
1722437
2197344
2479172
4049223
4383659
4729285
5056710
5307757
5558481
5819584
6104144
6408876
6827115
7148434
7825622
8434765
8736230
9029528
1391069
1672140
1925735
2216651
2492369
2753651
3438805
3706685
4058344
4338517
4608994
4865658
6073187
6335319
1141319
1459725
1717872
1978942
3520370
3796453
4049879
4335380
4590475
4850146
5139667
5402386
5694892
5975627
6230224
6482018
1021399
1272579
1769873
2631070
3180980
3457609
3759832
4037898
4288945
4560368
4831593
5088625
5353340
5616695
852450
1204707
1507859
1763143
3344308
3632352
3924290
4191123
4545174
4812027
5071246
5320979
5571900
5873696
6679708
6927575
7177240
657144
1070111
2094819
2354837
2767778
3043960
3298134
3574011
3825786
4117518
4452177
5278284
5557453
5862994
569008
1362354
1746326
2031137
3410582
3776934
4042985
4340555
4589524
4867619
607379
1749885
2017251
2386084
2669677
3022336
3347589
3712565
4157535
4448567
4702832
4970073
5264449
5729359
743366
1041694
1331318
3136769
3469164
3758545
4014252
4264668
4519909
4779469
5058572
5434687
5738315
6464703
442741
698581
1194506
1490359
1795105
2053115
2310359
2572775
3833153
4100129
4431800
4711116
4960995
5288364
5561904
6550648
6813198
446049
786467
1405885
1704994
1967716
2236880
3235669
3617950
3901158
4183019
4489164
4786740
5072660
5358331
6179911
6430355
6717802
778283
1074970
2786527
3129916
3393097
3661592
3932276
4198217
4475685
4755102
5024172
5327059
5640698
5926358
6176980
6473539
766187
3062360
3333305
3605672
3870765
4129847
4482351
4829869
5239657
5635672
5909666
6187573
7269076
7546260
7795424
8046274
770317
1076182
3225364
3486650
3843955
4097118
4357673
4623122
4889707
5166412
5573621
5955541
6324552
7005287
7259567
7542721
808227
1099954
1595031
1956972
2920517
3191334
3451157
3701210
3951965
4285631
4578701
4835350
5196388
5533542
6620681
6871988
7147635
7413649
648232
982712
1585357
1961021
2216998
2537830
2796080
3085332
3361476
4402617
4663439
4967058
5216784
5478116
5768915
6057248
600340
882171
1224599
1692878
2019347
2347708
2632194
3551536
3970967
4233258
4520523
4773868
5073747
5381173
5831487
6107125
966653
1276675
2150651
2404504
2660161
2954467
3232451
3522860
3786757
4737367
5012244
5277857
5561744
6637172
6928314
7211938
538219
798397
1103587
2359194
3118233
3410366
3667084
3916627
4166241
4436525
4897779
5177591
5457578
6543011
6830754
7132159
7368050
565270
878194
1205759
2302219
2851477
3129352
3379521
3661135
3929174
4193908
4668004
4934632
5223161
5525940
5866134
6163210
765058
1044493
2005557
2443590
2700238
2975346
3243227
3541110
3834465
4088849
5345461
5619718
5872502
586455
895964
1162776
1578569
1858212
2145285
3074657
3535857
3831209
4124953
4374609
4659766
5035097
5913694
6162402
6434256
533340
858122
1145837
1577271
1842240
3488205
3754470
4048101
4301562
4606982
4888543
5157191
5417283
5666428
6707784
6997752
7248054
7504199
609445
2123506
2477362
2754577
3011235
3281838
3551376
3889140
4713001
4974375
5356587
5724597
5978270
7282242
7555035
7807396
8056398
1273841
1625923
1901367
2171479
2451345
2905495
3323403
4534712
4816857
5152430
5440497
5710135
5969494
7075014
7367525
7621856
688655
996045
1258406
1983382
2966823
3274322
3542648
3817108
4099788
4372585
4688896
4946850
5234595
5498003
7021087
7289241
785648
1061707
1338416
1594320
1913022
2167538
2489798
3644354
3928991
4178481
4430660
4684118
4991107
5263358
5677286
5964100
508091
1512484
1790685
2130019
2385053
2642609
2895516
3749547
4292367
438197
1190434
1473107
1737913
2530582
3100481
3350900
3650664
3950328
4227336
4478243
4742882
5000865
5879005
6171868
6461707
857070
1223596
2438250
2726739
3062236
3335364
3585849
3837700
4134460
4696316
4999247
5268521
5563360
6396094
6680183
6940844
642733
937589
1190179
2134150
3191652
3507587
3774301
4135815
4465420
4751035
5036408
5334758
5600623
7100103
7366832
7668494
7926986
1098165
1373207
1693590
2820453
3127440
3482105
3793569
4135483
4632423
4915574
5183930
5488694
5848153
6239865
6591467
7913583
8178564
8429473
8678994
639446
1028358
1313495
1691992
2450831
3442270
3721830
4021942
4343682
4620310
5340955
5686405
6026337
6277866
6528144
6950225
7206791
511507
869972
1137196
1388492
3655582
4005568
4258110
4533372
4812672
5202895
5458308
5759278
6035886
6290670
659863
1624884
1927033
2281402
2655252
3050118
3320995
3589196
3870758
4842753
5092643
5482868
5770745
6022487
7053114
786301
1143954
1812892
2136858
2417562
2692164
3427361
3859591
4118835
4394682
4653799
4905492
5181618
5447887
5732514
6128194
7069933
7333912
643449
1716005
2025028
2401669
2702298
3837561
4148341
4743944
5006398
5317461
5568966
5822141
6121295
6389319
7532887
7793541
8053324
817465
1068397
3029111
3321669
3573093
3831702
4082284
4425330
4710044
4978301
8448230
8721771
8972234
9244709
9526784
893250
1176260
1572100
2831079
3083586
3333980
3584607
3835503
4090044
4351361
4633178
5088884
5529641
5813791
6065124
6316480
862272
1119590
1770040
2046682
2344975
2641413
2957832
4038953
4313151
4598003
4893772
5197390
5478288
6289445
938711
2529419
3129719
3397574
3681903
3982312
4255459
4537852
4799715
5169231
5434295
6468836
6718471
521548
1295640
1609870
1915665
3150194
3448168
3703821
3961849
4231828
4514326
4765258
5032981
5312019
774833
1038381
1393917
2848056
3157096
3420257
3676558
4002232
4320586
4628903
4880629
5130634
5381060
6149414
6441382
744367
997723
3022113
3314818
3611035
3888784
4168892
4460281
4738622
5007075
5274727
5566183
6648177
6895854
7174402
812138
1144078
1402756
3146193
3405762
3687378
3963072
4218523
4548377
4819882
5376558
5628196
5955942
6952668
7235640
7487641
1654791
1906644
2190263
2710710
3024593
3283806
4636601
4907681
5189623
5446790
5784181
6043878
7175431
7428508
7687106
551831
902418
3174534
3453711
3717774
3999211
4271824
4543334
4799393
5059576
5327633
5836144
6151439
6427514
6679832
6939542
616447
966909
3305800
3587360
3886654
4156050
4433160
4741742
5067866
5369898
5623454
6271735
7302184
7574024
7826638
1847089
2243544
2533696
2785994
3064505
4041383
4318514
4594299
4900727
5172684
5471866
5723169
6761143
7034642
7305378
7553912
626942
961448
1253854
1950158
2355121
2689267
3001052
3284166
3596151
3892360
4175834
4458975
4733877
4999524
5254588
5505671
5760783
1464784
2055582
2337603
3220769
3521833
3785887
4062567
4430431
4854828
5140074
5443341
5735376
6001731
909542
1275704
1620463
1878290
3196710
3473302
3793204
4152884
4451222
4778774
5062385
5343813
5603391
6577196
6863621
7132300
7386641
551779
985453
1844878
2302182
2575762
2927622
3299141
3552574
3804845
4064328
4361050
4611287
4890470
5183148
5461932
525118
1323559
1604748
1877927
2196322
2640617
2934434
3189240
3458770
3716551
4004622
4417504
4719310
4970567
686069
1025894
1335561
1795083
2062088
2316964
2757956
3011881
3657519
3915349
4316341
4592004
4882397
5693679
5987273
6237199
721697
1016842
1270361
2519153
2771488
3112182
3389799
3648941
3910570
4566044
4815324
5068224
6030268
6278904
6528045
902284
1162197
1465546
1746834
3300583
3675342
3951515
4229637
4522248
4781251
5059860
5310284
5576490
5836751
6536240
792884
1377302
1705667
2107242
2406464
3161765
3412352
3688395
3960991
4211936
4513775
4788288
5390367
5670931
5972349
6703237
6963224
7225441
708115
1071574
2921774
3378198
3657131
3909068
4201815
4570372
4838866
5167186
5451488
5719362
6178114
7641514
7909902
8197219
8460032
8708910
624222
874564
1191970
1464910
1820893
2308463
2639257
3052425
3365379
3638399
3909609
4184006
4463518
4714667
4965997
5215119
5465371
1053306
1358089
1663334
1953245
2308198
2582216
2862810
3260548
3518745
3796211
4074257
4446124
4827821
5082290
6016183
608224
1043491
3120640
3421837
3707534
3971880
4248132
4518647
5003391
5264454
5539162
5830493
6088188
7224713
7502843
7762045
528282
826244
1308898
1561101
1966890
2240305
3679368
4104382
4361405
4638316
4899198
5174184
5434696
5793893
6071848
6355899
6608073
834202
1409509
1790257
2163222
2640502
2898932
3163109
3467284
3732112
4006360
4328595
797181
1110982
2539711
3248165
3542384
3814538
4090450
4388737
4639853
5021241
5283556
5580774
6033697
7228626
7500339
7753291
759038
1043223
2753928
3412166
3673202
3934209
4207208
4493675
4829020
5102002
5380205
5658440
5925305
6781568
7051326
723477
3110628
3386054
3734348
3985709
4271700
4552497
4828307
5118889
5380996
5650501
5939707
6684300
6969808
7333005
7664024
7932138
1278659
1582450
1943466
3396100
3838649
4196722
4496985
4809040
5078216
5374655
5647592
5902125
6159074
6419530
7791819
8082025
8366198
8663115
446966
948011
1294061
1665305
3070585
3327555
3657025
3907357
4241030
4496802
4775119
5061541
5374952
5655193
607004
867003
1149631
1525872
3228017
3536458
3795584
4070635
4430603
4716249
4980986
5272055
6089757
6358251
6652244
682143
941024
1548522
2303925
2568946
2847117
3112180
3821568
4101112
4373863
4624608
4933249
5206702
5460761
5971258
6256413
6508717
777896
2052132
2324253
2709860
3005265
3349725
3602537
3938086
4188785
4464991
4757219
5028882
5825847
6081547
6371282
6660477
663657
1559432
1822042
2105186
3330518
3797690
4077627
4380584
4630577
4924913
5175663
5429179
6282324
6560445
6809031
487123
1277279
1541718
1803400
2073251
3710066
3972823
4250482
4511757
4809869
5060520
5315266
1168568
1495308
1790211
2694461
2963455
3219861
3478008
3775758
4061314
4348541
4623594
4877657
5660950
5931482
6221413
6488589
1354581
1630750
1940884
4101307
4382628
4637500
4940632
5301937
5574612
5857438
6114625
6365460
6617834
7909358
8171052
8422492
880346
1439458
1851200
3240222
3529981
3784689
4039498
4300550
4561029
4818957
6286204
6543247
566686
1687684
1952231
2205567
2491046
3728665
4229355
4630557
4909974
5206285
5474490
5802083
6059439
6321768
7395960
7673668
7966771
678402
1120844
1499302
1759801
2023956
2302240
3023601
3301864
3557411
3888481
4138672
4389471
4639365
5673057
5923701
6216314
771392
1065365
1898386
2390196
2645644
2901292
3155101
3969485
4284817
4538992
4894793
5152100
6237922
643662
959889
1453588
2096247
2399647
2653835
2925162
3788015
4044441
4344786
4635300
4923487
5185007
6321843
6572165
6851925
7133952
506307
824455
1716063
2534194
2799865
3099848
3349335
3606867
4167463
4444714
4696129
4971234
5221602
5471220
5948844
6235781
6490046
926880
1218002
1467802
3350465
3803216
4076722
4337685
4597844
4858310
5112734
5389814
5653189
5910758
6161280
737539
1093797
1378945
3065046
3320965
3596908
3884053
4141137
4417995
5092304
5360312
5649942
5899304
6183462
6481121
6730415
1244954
1563451
1963026
2275101
2629130
4148182
4428373
4706105
4962387
5270314
5608571
5878806
7318744
697874
1028553
1666777
1951688
2212987
4002844
4294695
4564792
4836422
5108785
5418492
5711613
5964246
7235658
7509258
7757068
819464
1097487
1376419
1904835
2166162
2461314
2731426
3292789
3557212
3848560
4145810
4407438
4680175
4951054
5201291
5454209
805127
1237280
1910717
2221898
2724615
3524392
4035495
4290731
4626199
4891252
5166601
5483949
5741885
6020971
6284480
6540077
1290720
1743887
3024985
3275248
3536186
3794635
4578438
4905931
5175707
5425357
5680135
5976111
6379388
7782957
8055484
867400
1131602
1414322
3214429
3496655
3760643
4047314
4317410
4590067
4884866
5173475
5761693
6039675
6714185
6964377
7224243
703889
970626
1336440
1595097
2370737
2685140
2955750
3262882
3710378
3968142
594076
1898622
2216620
2475710
2779101
3650840
4027023
4415017
4668575
4954878
5236149
6581460
6873316
7167989
7438852
612582
1033444
1362599
1635147
1902017
2607246
2948092
3217210
3488264
3759361
4046868
4326175
4981786
5264754
5798070
6049164
6298697
1352930
1648805
1907339
2158985
2444060
3803286
666094
1189054
1465707
3192417
3449200
3716608
4065610
4438689
4717590
4987021
5278577
5664124
5919850
6832326
7106479
7370352
7621680
1179578
1443029
1724568
2200044
2451060
3079927
3334949
3612208
3894458
4198009
4476868
4742600
4992210
5250610
5518435
5775129
6177092
6754692
7040439
7308181
722233
1019914
1955624
2255018
2507790
2779944
3078254
3426612
4081741
4340168
4777714
5041286
5291311
711711
1298517
1576066
1849038
2139973
3478524
4018300
4357764
4665093
4922548
5172891
5537425
5849085
6129942
6421790
7127042
7385327
685374
1104231
1396431
1747449
2020381
3774724
4040974
4352835
4607107
4907493
5184667
5483475
5999288
6298452
7174289
7475650
7743738
909699
1184505
1473584
3551857
3865812
4116300
4449433
4716227
4974287
5306305
5633135
5910635
6165923
6423123
6734340
7601818
7855949
8104876
765121
1041554
1300931
3046402
3374374
3630319
3888156
4191126
4445500
4696258
5128735
5418429
5675856
6290468
6575414
750611
1039949
1904763
2356349
2751564
3087676
3384185
3672998
4116488
4523664
4862558
5139685
5424290
5708105
6145491
6911662
7182665
7466427
1189634
1452348
1705886
2662732
2974955
3245739
3496300
4123518
4373392
4624462
4899615
5162734
5441884
6613381
465038
779340
1302632
1578711
1878290
2194651
2532704
3183952
3529356
3781061
4030882
4286741
4553951
5366452
5640364
5892103
762152
1109486
1627595
2218460
2475992
2838999
3319135
3602480
3917411
4215717
4475382
4749621
5090136
6308901
6611525
6890417
7153338
667370
942764
1219269
1478767
3303426
3553944
3837757
4103292
4359517
4613859
4904841
5586669
5873196
6124120
6877472
7150669
694738
946311
1273066
1551094
1885946
2147536
2436141
3613287
3883036
4150981
4450744
4768133
5123935
5483520
5945268
6427142
6673658
6924018
902330
1164395
1446629
2030554
2281060
2713190
3114395
3448532
4095571
4429461
4703137
4965461
717694
1097185
1350711
2879582
3403258
3746308
4000377
4262810
4524884
4789173
5090812
5339921
6919458
7201256
7449046
7716692
1150757
1438430
1742969
2859300
3370433
3643621
3921157
4236092
4511576
4902581
6075065
6360366
6608701
6861448
7157154
913337
1195517
1614950
887241
1205054
1475510
1765805
2104277
2378201
3356262
3896570
4170111
4425216
4718608
4975895
5247250
5497881
5783834
6045500
6297474
1105158
1522105
1780120
3819572
4108031
4386724
4681921
4941552
5192770
5491890
5742606
5992752
6270465
6524606
6849491
8076802
8332765
8627846
755356
1040031
1303992
3139649
3675410
3944938
4241062
4518050
4768997
5026057
5297488
5565403
5826763
6100980
6362353
6644253
898454
1565094
1841339
2113826
3120791
3405722
3719311
3998999
4267182
4526356
4779041
5029450
5279504
5530318
848342
1271921
1783468
2105586
2360094
2622427
2898491
3786244
4036813
4288036
4663346
4954575
5290348
5569370
5868440
6728119
7001507
7276636
910255
1176852
1463363
3683004
3972055
4224510
4498098
4759665
5025682
5277417
5553204
5810661
6061203
6594592
6854122
852849
1223875
1617534
1873401
2262023
2635811
2992372
3395165
3680368
3936388
4220480
4495746
4812213
5074421
5353598
6009834
6267300
6561595
674085
2008261
2682220
2952846
3206866
3567531
3866685
4119647
4369552
4695919
4971523
5244946
5526786
5821574
6249978
7085680
7347395
7607838
599406
948188
1278062
1575790
1834263
2147894
2980738
3410473
3663815
3916275
4197341
4493054
4781032
5077231
5340320
695205
1134628
1427811
2917047
3193188
3490140
3784757
4091569
4339408
4590892
4843575
5105317
5390670
507682
1507632
1788749
2097603
2403001
2689737
3896322
4166501
4428611
4679782
4979846
5231152
5480384
5731515
5990176
936318
1272835
1538348
1895832
2223866
2474887
2736948
3036926
3320516
3605861
3860890
4119604
4402746
4670039
4966052
1708101
2814441
3121401
3371837
3675795
3936578
4211607
4776233
5064978
5317741
5667221
5938899
6217508
6758259
7039927
8284142
8559256
8819037
1225588
1599157
1881168
3825801
4186287
4448958
4735021
5005499
5305365
5561067
5881307
6168035
6464369
509585
930788
1862275
2274916
2633596
3015717
3279578
3570922
3868263
4115755
4375443
4671938
4921059
5687977
5957750
6229985
6481791
637621
988192
1300275
1747047
2107118
3150212
3403761
3653436
3903733
4153901
4404308
4654467
5703359
5989955
6277816
599708
1841569
2186704
2565742
2842032
4037179
4292082
4548827
4824992
5113298
5418830
6353824
6649729
6936201
955162
1763797
2044373
2332062
2592471
2846531
3098923
3878051
4173545
4430201
4680575
4992934
5241923
5532005
6309150
6559798
6807269
554217
1953888
2205957
2503723
2756373
3032710
4066280
4355809
4610981
4860412
5113180
5376094
5638515
6278880
6575718
6864880
1249164
1541206
1844810
2109390
3806353
630318
1078100
681171
951210
3342010
3666455
3918110
4221244
4471489
4722574
4973061
5243171
5527932
5822547
6110532
817642
1174111
2477738
2746204
3019241
3382519
3656458
3919149
4229232
4956765
5358619
5609344
5860175
7221377
7500047
7803060
8092993
2114755
2432490
2734680
3031113
3416674
3669527
4031948
4289459
4662997
4990404
5281176
5558801
5824242
6122261
6398775
6670892
6925316
8285030
8564675
8859812
9136492
746522
1303584
1735887
2111518
3639558
4213340
4504828
4782970
5049571
5327695
5605425
5873714
6132312
6384989
6664194
6947610
7452005
8256095
2924690
3312445
3565210
3881814
4129747
4378356
4672602
4957130
5258833
5530882
5824953
6569547
7595499
7899678
8181798
1325933
1705468
1973835
2271545
2616704
4694352
5069517
5348692
5646322
5902985
6252340
6529714
8004426
8292951
8579964
8849109
9157576
1304591
1794047
2085867
2396008
2654124
3541387
4172266
4432821
4741947
5050586
5341932
5627169
5910698
6176431
6462705
7869112
8176562
8452577
792555
3335012
3823073
4108917
4419951
4670453
5005262
5259187
5629893
5982303
6315831
6607909
8390321
8688448
8987205
9271022
843894
1175418
1502800
2701602
3129920
3425152
670735
969260
1223053
1513949
2230587
2757291
3053572
3598095
4068096
4371305
4684784
4939150
5229344
5494034
6992474
7246877
7532829
7830140
1133813
1456270
1829144
2091616
4228857
4656209
4968539
5285726
5645621
5906241
6249181
6599057
6897352
7210496
8847190
9098396
9351150
9600770
9879548
1144512
1399484
1821316
2073780
2323753
2646076
3673790
3970149
4273098
4582048
4869597
5134427
5461674
5788929
7257630
7531339
7826133
8103726
2769805
3156439
3409196
3724627
4002847
4261440
4554020
4914072
5177534
5567713
5851987
6119181
6404440
6682198
7030216
7299814
7555008
7861428
8884734
3861951
4183720
4462199
4739688
5050332
5360988
5611944
5938319
6326595
6685039
6969858
7220608
7497665
7752430
8072881
8877048
9886784
10135339
10421709
10700165
880480
1971194
2257806
2613759
2928493
3223780
3648184
4364577
4674156
4921753
5234745
5497825
5788498
6561516
6847633
7125854
7373805
675724
1743023
2260118
2554031
2860366
3151123
3547877
3824421
4715251
4965568
5223168
5482710
5799244
2583238
2836413
3133995
3418222
3840586
4144822
4437657
4711918
4993347
5271565
713752
1098100
1474852
1968197
3521924
3776180
4028025
4327122
4593364
4898372
5174472
5503560
5801676
7420391
7676692
893648
1233639
1602642
1859821
3457924
4039098
4289974
4637206
4913443
5209612
5483697
5785396
6060602
6349144
6740488
7875638
8180992
8430491
1629897
1991725
2351675
2992520
3253753
3522481
3813761
4098894
4899808
5178518
5503947
5803657
6055705
6372132
6672834
7602054
7874500
8162327
927830
1675009
3498756
3784383
4060880
4313371
5119434
5521194
5827185
6115618
6405398
6655280
6952784
7248074
7571001
8159097
9057168
9305757
798728
1223227
1565931
1851104
2749644
3044142
3310464
3569063
3817090
4122898
4411885
4698205
4948631
5252373
5504923
5820712
6105346
6377504
1015125
1376434
1669838
2019345
2278529
2629220
3958282
4207303
4457604
4756432
5044304
5334785
5629186
5901798
7414463
7716332
8012150
8304527
1201071
1508201
3585619
3834645
4102935
4363125
4652947
4964774
5232645
5533713
5841513
6093486
6592964
7909762
8167858
8480807
8765125
1209241
1723377
2047891
2338920
3090812
3438427
981578
1454689
1734676
1292312
1564939
752426
1431530
1821979
2122989
2496282
2769318
3076018
4800681
5169130
5584525
5886016
6196019
6512605
6778646
7108054
8342271
8653307
8953931
9236409
907492
1173910
1431445
1709320
3908966
4172380
4487745
4777215
5082421
5389817
5672642
5986767
7968380
8284690
8555131
8841636
9139008
612375
3420009
3719049
3975462
4283749
4678595
4968035
5286940
5537920
5788768
6086800
6376698
6626769
6947069
7965452
9234630
9485335
709451
1151314
2380339
3479204
3793202
4056112
4362598
4646330
4941199
5222858
5793134
6077133
6342178
6622585
8007971
8310975
943712
1194160
1624323
4193985
4496637
4751761
5156973
5494185
5805359
6055397
6317008
6593482
6909972
8236272
8515870
8823841
1188049
1546684
1852165
3732674
4266184
4597421
4877592
5143287
5444247
5723248
6005302
6293622
6571065
6854266
8091302
8382450
1363040
1720354
2015168
2410732
2695571
3816717
4201272
4528903
4946964
5202731
5483902
5757801
6052509
6532897
7590959
7893637
1082324
1414286
1705910
1967196
3621371
4110214
4386730
4712868
5013095
5312098
5589291
5851325
6133492
7939716
8228472
8479958
8730038
8980092
9274121
1405272
1737185
2013877
2490938
3944384
4525302
4798311
5097433
5350131
5612155
5917741
6200438
6474521
6728604
7988465
8239295
8539181
1288381
1825358
2291753
3705621
4114773
4413471
4672094
4935502
5230504
5496560
5767737
6040299
6319658
7392541
7686347
7987328
3698398
4031285
4320827
4625001
4922514
5190299
5452542
5704238
6023095
6364303
8263644
8523518
8814604
9132238
9396986
1988482
2241913
2511189
2991011
3285015
3556740
3811247
931567
1197450
1562545
1821080
3656777
4295961
4690865
4944432
5228366
5478257
5770335
6020188
6286618
6568635
6853817
7134225
654861
3784265
4060033
4347718
4645626
4913734
5189117
5472847
5752878
6040994
6437991
7045766
8421869
8718830
8986415
9266153
1194256
1492924
3840341
4119056
4453396
4728172
5002641
5340175
5595926
5909268
6188365
716392
3267277
3546033
3913461
4271230
4548472
4812009
5080104
5355412
6236380
6514264
6855115
7133820
7466918
8612291
1813637
2097120
2596068
2902275
3196284
3679065
3981286
4250979
4531518
4813544
5098042
5480374
6878685
7194285
7487367
7757088
1721420
1973429
2238013
2553341
2840403
3119880
3433078
3702805
5359133
5671572
5967360
6254002
6509169
6823063
7075773
7325597
7592141
7910212
1062205
1369125
1686684
1971458
2221718
2504198
2783987
4348485
4636781
4949988
5237509
5512765
5826824
6092490
6383361
6683789
6974490
1369020
1634974
2014077
2265845
2553673
4327964
4587314
4851624
5140905
5404100
5691154
6097486
6395847
8226014
8476715
8728717
8981591
9263867
2685855
3026120
3409832
3720061
3975721
4273280
4559090
4848005
5728278
5994209
6270463
6638443
8053755
8364375
8654515
8919592
1141476
1445873
1812815
2267117
4354501
4621415
4910401
5167572
5487450
5764332
6015757
6277783
6561281
6902275
7184745
8577332
8881121
9169388
9432071
1335829
1587785
2483646
2739720
3630617
4191830
4534180
4835272
5160431
5432305
5731635
6023028
6321087
6649141
7911038
8192695
8486788
8747735
706410
987821
1286999
2702545
3120358
3466955
3879931
4525884
4871382
5156269
5437484
5698487
6008887
6263822
6555864
6826018
8269142
8519585
8786965
594084
945767
3686586
4019499
4297757
4727794
5023107
5317907
5601154
5936371
6203432
6461092
6776781
7026978
7301805
9100960
9408235
9664032
9961400
1321062
1596574
1890885
2199743
2719305
2985732
3376032
3645045
3915932
4278011
4537941
4829718
5131708
5406292
5666785
5917803
7058143
7344120
7652360
1402236
1704808
2000597
2280169
2575859
3807900
4251969
4535284
4881348
5186655
5457778
5730940
6055820
6355919
6622660
6923101
7178947
8350512
8657103
8906856
9173586
844936
3038557
3424415
3674728
3975246
4376911
4677995
4971784
5255663
5564885
5832191
6096208
6940365
2335297
2802027
3219168
3720784
4062350
4386261
4688861
4939254
5272553
5557777
5836287
6123878
6415776
6693400
8332114
8581838
8831861
9132584
971297
1244402
1558844
1832695
4079092
4448897
4715937
5004938
5342577
5633866
5905139
6159589
6454961
6705859
7002254
7332168
7582919
1994804
2458857
2800079
3073255
3323567
3625643
4218056
4516237
4832222
5117057
5385300
5636014
7008232
7281241
941295
1281499
3522615
4048165
4340641
4600398
4951760
5230897
5524483
5815092
6065016
6341992
6601559
975363
1225170
1523568
3645810
4338511
4626504
4917325
5227755
5493710
5859393
6110860
6424169
6710532
6987747
8625711
2144447
2406484
2686313
2975484
3234934
4021397
4301930
4609930
4864234
5165251
5448503
5706718
5987582
7005201
7307028
7878570
8132118
8418695
3560743
3867805
4171224
4476668
4941946
5203157
5558600
5820692
6152474
6463401
6758347
7044191
7335531
7661024
8138290
9282390
9575802
9837714
10138299
646697
1028848
3163557
3452486
3715026
3999112
4351124
4672050
4928837
5226064
5544771
5923736
6215568
6517505
6766967
7559138
8651280
8908183
1051519
1392225
1705598
1967729
2272620
3821205
4340320
4649176
4954984
5235504
5533535
5863157
6146291
6435327
6707267
8167388
927241
1291607
1801396
2062092
2334867
4288267
4583886
4838189
5088007
5385514
5671703
5957013
6240628
8052601
8302631
774963
1145327
1399947
4122181
4395607
4676333
4979091
5251592
5547934
5799178
6104135
6355879
6675680
6955974
7223378
1287477
1558325
1816661
2091897
4002731
4298541
4609369
4886354
5174630
5431621
5682348
5981037
6255733
7024088
7308322
7600031
1573235
1829668
2140664
3624722
3938820
4239219
4540000
4816451
5118140
5407525
5689273
5952820
7083661
7924632
8211066
8506102
957797
1219209
1470225
1820131
2199999
2496354
4137282
4392851
4675608
4962471
5244340
5496142
5765334
6034002
6342458
6638376
6889397
1192026
1459460
2196644
2472392
4346170
4651818
4976252
5226332
5557621
5844248
6125577
6398114
6648498
6905725
7175345
7447392
1105331
1458357
1852155
2148815
3973504
4482860
4764456
5045583
5295400
5594359
5928749
6263791
6540572
6830094
7118045
7421167
7727772
9311752
9618935
9868787
10165504
1159678
1517998
1804646
2068235
2379650
4037227
4695011
5119294
5433705
5695836
2040609
2353522
2682804
3035310
3292845
3935370
4291411
4563293
4866374
5132921
5695428
6075649
6373420
6625966
6929581
7522352
7777617
8055831
8390036
8701309
988861
2206479
2458674
2817241
3106758
3378271
3649370
3941647
4193190
4451732
5857284
6146801
6399692
6677097
6949748
8217338
8528825
8800007
9084793
599574
880734
3372536
3722122
3973972
4285792
4571436
4846064
5119897
5418397
5689459
5962577
6425982
6714011
7022855
7427550
7836077
8540324
8807387
9099924
2050988
2421394
2696368
3052170
3340565
3599171
3880718
4162743
4460457
4764949
5040046
5539504
5818774
6124342
7152187
7429947
773788
1136470
1531346
1942293
2201021
3268877
3562425
3858961
4165429
4427384
4722611
5019697
5306238
5612708
5919005
6186641
7833167
8129885
8439709
8733198
693911
994457
3998417
4282821
4571454
4892731
5182370
5449509
5736672
6020904
6312614
6657345
6982398
7279846
7541934
7879833
8129482
8423947
573711
868320
1176694
1494170
1858027
2231966
2490699
4472570
4729528
5032448
5323113
5631785
5925016
6336759
6625025
2128101
2413418
2741557
3138355
3403256
3701215
4107693
897241
1209210
1482268
1863270
3241201
3759142
4127709
4476086
4775787
5100183
5377747
5760802
6026357
6275115
6569798
6975660
8275333
8560962
8860047
9140069
1736762
2088115
2489490
3164627
3433790
3725374
4023716
4318128
4602443
4886771
5160271
5470228
5767635
7067338
7362010
7624844
3731091
3986171
4289685
4546911
4864112
5133904
5414662
5825280
6118845
6416575
6671017
6968688
7319096
8646884
8933769
1290852
1621733
1913994
2219367
2593972
2873098
3627465
3983283
4299395
4618660
4949845
5262329
5629085
6128646
6490185
6817725
7075834
7399814
8144083
8423310
8674988
697037
1054348
1411926
2646577
2957094
3229644
3622350
4005718
4306943
4569822
5469028
5761199
7247390
7498160
7802761
8054580
8305111
3258173
3686214
4019896
4270990
4521316
4772581
5077237
5344110
5649462
5900512
6198585
6587885
6902718
7224086
7533788
8959256
9256601
9554475
9839775
2592998
2891992
3152087
3402077
3703886
4005525
4282901
4561734
4850877
5164011
6153312
6411450
6661818
7926100
8224791
8522970
8796374
3210859
3527953
3875026
4160468
4464745
4735710
5042469
5342106
5625695
6129053
7711824
7989006
8301480
8577124
8860055
738925
3427555
3827086
4102627
4354090
4685868
4980430
5232841
5607527
5904148
6309855
6742134
7032838
7435451
8573100
8822649
9102810
9374004
3294568
3698122
3948679
4238157
4870101
5143793
5406489
5657028
5953380
6247158
6511760
6834260
7139254
7390502
7639787
9193501
9471418
9770653
1372621
1816703
2228677
2552078
3033101
3583614
3881658
4183358
4492758
4775532
5081660
5336409
5586562
5888211
6172625
6464274
1719301
1999127
2257831
2513125
2910925
3204427
3467245
3716138
3966362
4267265
4845531
5096139
5398951
5699408
5972966
6289547
1462671
1720507
2069858
2548696
2966135
3235469
3563193
3863185
4294071
4606110
4894544
5274455
5534894
5850661
6168500
6422751
6728160
6988321
7320592
997744
1329261
1747459
2534717
3628313
4028065
4315310
4618405
4946328
5250831
5506783
5770829
6624700
6909505
7295055
7627710
7968720
8274630
2613322
2919883
3245092
3548797
3974734
4252806
4579372
4853561
5130347
5385036
5685885
5999359
6268809
6557850
7029098
7993403
8283422
8569117
670925
1497073
2204498
2522094
3073863
3376927
3636679
4227479
4506688
4759513
5064524
5320213
5596094
5905225
6192143
6521504
7616484
935849
3244565
3580741
3897436
4195573
4449794
4740110
5024752
5319214
5776427
6076670
7871200
1315058
1778493
2107867
4361255
4729895
5036359
5321584
5612771
5954864
6232798
8226947
902550
1222908
3555817
4017925
4307402
4576261
4858002
5298660
5550206
5828096
6103620
6386052
6678519
8565380
8876297
924141
1394884
1662274
3682472
4318424
4593465
4890105
5194692
5447482
5740385
6062563
6364035
6614431
6937719
7247855
7559567
7842823
728997
1017620
1347800
3442997
3875528
4191744
4485614
4874425
5126668
5376446
5628186
5949401
6209391
6495217
6745763
8339591
8640087
8890222
1328244
1617651
2005689
2512422
2763642
3200452
3510460
3817658
4218502
4513842
4769680
5050534
5384800
5716767
6081891
7416645
7718128
8016636
8299052
973349
1232984
2324749
2697201
3011797
3283636
3716351
3980879
4266207
4516042
4840462
5162896
5457347
5724943
6047478
6343702
6595148
3843101
4252285
4536101
4817121
5112215
5409209
5721454
6010120
6299586
6643742
6910271
7159844
7430924
7958350
9026562
9308754
9614877
839478
1190677
3271023
3936296
4235672
4536904
4820131
5112462
5413935
5680018
5985494
6283280
7905024
8183638
8492723
8760449
3050609
3382220
3642986
3921186
4217837
4510404
4802675
5072756
5920316
6224676
6526741
6813624
7124104
7409888
7682009
8036156
8312818
8627768
1487839
1771850
2126922
2502214
2779069
3212130
3880669
4372731
4637834
4951826
5255764
5509395
5761141
6020321
6296340
6695625
8300366
8585205
8874390
9185361
932199
3387672
3891382
4142334
4424035
4696508
4948822
5241894
5657215
5947014
6200468
6521782
6773025
8528320
877482
1145537
3447674
3910980
4285992
4547465
4829360
5093130
5440325
5741402
6024138
6273843
6546231
6841820
7455751
8684185
8968437
9230307
9481951
1397522
1714012
1991848
2500802
2782324
3047885
3805728
4381516
4712043
4965136
5262882
5550575
5839932
6116526
6462185
7693905
7981021
8278462
8552977
595982
848242
1241242
1508230
1786829
2658700
2940804
3190759
3463447
3752132
4044242
4331680
4742345
5022777
5432509
5726580
637847
1380610
1668159
1974951
2364944
2633192
2888377
3376850
3630719
3903835
4154161
4806342
5093609
5348181
5642812
5937337
613880
892459
1149085
2019654
2277277
2621890
3056126
3338210
3611188
3902655
4164684
4415205
4666604
5042115
5800776
947225
1969114
2316573
2575954
2950681
3201241
3525104
4663565
4914532
5208056
5458369
5708366
5967129
6851510
7142048
7431732
822895
1132059
3437544
3782914
4053739
4346511
4618747
4906916
5179627
5469305
5728265
6000592
6558191
7803937
8058233
611302
2068358
2441482
2718151
2983968
3305387
3756800
967204
1261247
3190561
3635077
3908187
4192297
4504615
4836889
5115071
5414321
867811
1137711
3365255
3640454
3896476
4160901
4415016
4690384
4951946
5252875
5646103
5923214
6777077
7075169
7855092
8102128
8371009
615997
2863510
3131232
3390532
3659561
3930538
4196982
4483660
5055522
5337001
5633008
5904855
6175184
7338681
7612300
7876218
8145525
480272
1291876
1570728
1822982
2097973
2382654
3779480
4074232
4388558
4659500
4926914
5223352
5494257
5751024
6733869
7022477
7282336
7530228
921197
1188890
1452838
1744424
2072067
2329920
2619466
2903249
3233130
3486017
3777454
4041474
4303478
4971285
5781117
657312
1079094
3414887
3682930
3967927
4299167
4570866
4820679
5118927
5481299
5793341
6073194
6998394
7609663
7870096
8129007
722755
981231
1538468
2016866
2289169
2584153
2852459
3131832
3418960
4501038
4803406
5053957
5306415
5566862
5922437
6208804
7444080
7692379
766817
1316275
1610715
1965185
2264487
2560425
2830268
3223694
3501270
3889112
4178859
4439514
4845928
5112731
5392165
5657620
5934894
1055947
1346346
1613807
3697112
3995740
4245837
4506558
4777742
5038275
5339166
5627226
5948074
7179608
7438083
7738971
1020469
1273150
2216645
2956822
3253881
3506666
3804378
4055195
4407487
4707014
4958994
5368232
6136168
701791
991911
2348481
2604672
2884362
3207501
3491005
4127456
4414188
5006850
5275648
5569223
6382922
6672193
6920946
801852
1142800
1400158
1778049
2719434
3295915
3591361
3885665
4173215
4434701
4685790
4936475
5186800
5437336
5724245
6174391
6449647
1241662
1564641
2004937
2445033
2925879
3180356
3513582
3787607
4056401
4318050
4617985
4915989
5412188
5682562
5995265
6248856
859678
1136472
3217349
3507908
3792095
4057454
4502077
4773022
5055995
5341362
5627121
6125631
6514668
6795314
7915049
8205822
860231
1355713
3279871
3872772
4200446
4461841
4762998
5071924
5373565
5629985
5930663
6180887
6457057
6753908
7017627
7304573
1506010
1842407
2150340
2707058
3580553
3894781
4146990
4399498
4700848
4961453
5401791
5900028
6153957
6415333
6705995
7004960
8372440
8669832
8947695
3421247
3715303
3965318
4684955
4984512
5243909
5541044
5808725
6079387
6372487
6663148
6965242
7245338
7540463
7808997
9504057
9816381
10112815
753565
1903833
2689311
2990332
3333447
3617255
3916067
4211223
5597836
5872403
6149887
6427326
6678174
6928604
2272161
2738907
3152630
3461487
3738876
4025321
4304632
4554654
4840822
5110178
5364673
5641967
5926818
6869340
7154301
7451265
7734489
1106162
1653968
1949937
2242132
2702863
3099354
4274167
4563447
4895217
5293531
5579420
5875008
6127372
6408592
6735774
7022257
7960925
8267384
1260817
1665430
2469257
3455861
3896721
4152655
4469603
4838245
5121529
5480364
5764986
6055644
6331705
6596825
6881063
8610742
8911541
9221554
834480
1110267
3273557
3537931
3833761
4078935
4353433
4639320
4893207
5206404
5476772
5762907
6068056
6359525
6720678
7042177
7348036
8484460
8743891
3724485
3980499
4283243
4599679
4851540
5151795
5403837
5655137
5970575
6252126
6537167
6833900
7106975
7358586
7618528
1021658
1295828
1663677
1970518
4032045
4400858
4758953
5055971
5323738
5617011
5940391
6234527
6521702
6792692
7173157
1122977
1387800
1685620
1981663
2485787
747424
1041410
1374532
2973436
4179966
4468855
4751022
5010175
5273420
5550852
5852472
6111231
6391607
6675544
6944501
7266164
7562607
3428140
3720391
3970362
4430777
4719384
5170715
5451314
6303849
6591076
6872618
7248892
7521814
8954818
2105494
2448687
2790371
3136612
3448046
3700237
4220760
4521721
5195480
5473855
5773321
6067254
6343802
6652541
6914880
3154972
3422147
3710317
3965554
4216378
4475259
4791458
5062632
5346794
5599177
5852328
6170311
6472436
6787282
7210872
7925979
8377535
760484
1101271
3326787
3998801
4300324
4631996
4900798
5268412
5518659
5802159
6065573
6488346
6738838
7057125
8947135
9231442
9526049
9820301
10070589
874572
1164591
1473504
4114178
4558058
4830483
5148591
5439728
5815311
6104392
6360398
6665334
7009741
7320119
7570062
8998039
9276673
9554622
685060
1083542
1355138
1650858
4190642
4473003
4796305
5119022
5450407
5799393
6103653
6380065
6679226
7009187
7276156
8783192
9044691
9330819
9612661
907570
1186272
1669409
1964845
2248587
3080809
3415579
3803949
4085775
4382314
4660753
4914248
5206224
5458004
5709689
6017242
6327329
6591070
7292274
740260
1006186
1286952
3480724
3814250
4064492
4355684
4651287
4970010
5268451
5532433
5846702
6130078
6510601
6852791
7909390
8175959
657447
1041631
3051115
3320668
3609892
3896777
4169479
4478822
4881398
5158254
5410485
5785630
6117599
6487259
7612496
7865015
8154385
8624178
1682878
1954954
2348055
2657814
2945740
3202192
3502052
3790853
4110600
4369851
4917298
5190544
5484265
5800350
6132854
6488581
7303977
3384254
3702344
4098378
4385310
4673766
4964193
5246785
5507475
5878831
6302383
7136690
7482080
7782690
8061538
8360303
8771198
9016510
3579410
3894834
4221354
4561011
4818029
5095977
5390121
5814141
6070398
6325084
6618394
6901057
7207603
7517662
7860219
9619374
9910293
10193222
10461235
717979
1020366
3861334
4244729
4522660
4816467
5213932
5474021
5797308
6075805
6377767
6646097
7073512
7379519
7652847
8174160
9183966
9473195
9789741
10043153
