Latency
804778
1107493
1382190
3070974
4062648
4351850
5729658
7060577
8553576
19259147
21249508
23450049
26884194
513174
1443216
35487523
5972467
39000856
39522547
40362404
10250567
43655734
12150688
45886103
46113583
46383318
484383
735668
1098271
1758354
3147511
50376263
4272014
52082892
52662490
52889130
49172385
631475
1107499
1729922
2191988
2590804
2982208
3227597
4145701
696317
1074507
1340672
1649815
1997918
2607991
2914701
3569311
529675
912290
1519866
2019824
2439396
3526711
4066811
471400
917785
1206987
1816538
2291151
2759781
3053772
459180
1110247
1600254
1874421
2434955
2802217
3099872
4088632
536825
896484
1184981
1474376
2476537
2771699
3088693
3658564
515683
873840
1152975
1526234
2574027
2889940
3474126
4379610
720349
1042864
1341392
1645132
2406351
2961493
3285350
662862
995977
1614695
2197189
2602566
2926454
3176016
3580878
440973
787635
1068446
1504695
1915621
2439665
3093713
3517476
370667
715630
1160944
1775638
2793157
3079836
3356149
3807358
510779
834530
1252013
2377011
2790225
3086132
3472662
472785
785568
1047337
1476864
1786049
2328102
3166307
3434504
3794570
735622
1111511
1377343
1850986
2739915
4669143
605226
918623
1191366
1824509
3085541
3597079
616722
913742
1220163
1875653
2189226
3120284
3510128
815708
1120222
1400937
1745020
2500271
2780299
3182058
3614188
477519
783496
1533793
1883493
2168736
2623737
3027882
3322255
3690738
482587
823934
1214085
1815381
2512598
2847065
3113060
3468500
689538
1093536
1382144
1677899
2006605
2319395
2770444
3049154
3546022
836585
1105107
1880056
2356646
3008810
3685554
3962801
480938
815232
1384265
2706236
4038285
650208
970453
1221029
1562991
2044562
2329648
2871707
3895582
497682
913590
1291946
1930707
2529697
2956197
4177200
4503001
522090
1140830
2086799
2394321
2683614
3852338
486780
923982
1515402
1863210
2135327
2471204
3061665
3850738
483640
906938
1185504
1459685
2417445
2928993
3273227
3696117
600226
958856
1242028
1503107
2298254
2608566
2954524
452527
923294
1235303
1816858
2148910
2468961
2850948
3491727
521260
840302
1280610
1534685
2106952
3251837
3941756
687572
1112175
1431859
2349664
2844107
4162753
4412452
549122
973140
1246032
1891866
2189302
2511017
2855981
3267146
510268
903150
1420076
2188644
2765820
3011981
428754
1047390
1300475
2230201
2885979
3387491
3750891
408062
670250
1187728
1493342
1787173
2514904
2844073
4094172
527396
969151
1531096
2066891
3445526
3932839
488624
769914
1526031
2142585
2665944
3465522
3823597
445264
901792
1214772
1518955
2213259
2814268
3231611
615962
916972
1503923
1830182
2091688
2438661
2887886
3539861
4144401
400634
708410
1041853
1332106
1790852
2414199
2703640
3068119
3467222
306878
618083
1448172
2217617
2524040
3125291
3750397
478756
1064500
1952128
3154516
3610155
597767
935949
1246235
1817786
2510529
2775808
3094805
3536645
4038258
480747
744654
1204851
1488316
2308955
2880818
3481049
511116
922637
1733185
2548195
2920383
3750920
772419
1841930
2485615
2779371
3094474
3641125
560804
1411987
2503561
3088131
3414222
3857174
767086
1220699
1647610
2455534
2713482
2972566
3270180
4344045
804700
1084993
1403890
1968274
2350528
2953812
3200983
3551902
4474012
721635
1077845
1346232
1863637
2307828
2571262
3983390
4797172
938878
1589923
2345052
3080925
3520314
3867690
690557
1038520
1401862
2268567
2786336
3209600
4332013
4819002
454302
1019330
1579517
2040737
2713606
3441481
3694341
545012
879592
1504573
1755162
2888348
3138697
568788
856970
1168477
1748605
2407853
3083137
3778244
404714
687335
1860908
2184017
2748828
3632915
454577
907274
1376715
2065502
2421818
2947502
4334330
699298
1515235
2024532
2289051
3434678
4223040
789664
1042252
1481107
2212567
3071390
3727550
442838
806121
1075572
1863506
2791963
3355059
3793944
561693
932011
1209278
1540552
1794135
2163840
2571638
3845477
480300
812901
1237226
1569436
1821969
2320834
2776525
3252122
3968929
572611
1316479
1778957
2683456
3312555
3879943
637280
1301467
1575935
2398758
2733460
3246983
3597969
3958374
4275582
556479
850332
1165115
1907080
2860308
3190620
3442083
3811658
636884
1062395
2071436
2402911
2669844
3360629
3611251
596172
874341
1408662
2195244
2471453
2803042
4046704
623329
1429224
2241550
2847388
3265300
4124348
561502
856167
1185833
2906511
3794181
4194451
417156
727551
1228471
1863302
2281360
3169437
4129191
471851
876532
1167220
1485530
1832033
2122404
2708707
3440579
499189
855455
1244937
1497642
1818797
2271567
2743503
3114174
4698897
575503
882024
1267962
1532674
2771352
3200664
3555733
365366
845030
1233735
1484702
1819481
2629017
3259963
3765009
874425
1153909
1491486
2024427
2313185
3104725
3755197
651213
1017035
1752083
2133494
2591022
4076995
660805
949659
1399325
1715045
2388598
2742710
3003420
3552302
4696224
655924
1089149
1566803
2102575
2412029
2931432
3261585
3952151
393315
982094
1561542
1900526
3150943
3507900
473142
738806
1003590
1553979
1924799
2705267
3594872
3890946
576420
834307
1718228
2618285
3104061
3831487
539774
946257
2923839
3476243
3766511
499854
778283
1221307
1479324
1933687
2303020
3371555
3618421
503978
870516
1150928
1478378
1758995
2340446
3256164
4343233
474198
828593
1221627
1472507
2148751
2732595
3139462
4095796
377532
725962
1294120
1606812
2080564
2397098
3630894
4888247
496541
866777
1401326
1806994
2431122
3148877
3824941
4138524
626484
918909
1170182
1764479
2407462
2898071
3477387
508958
947909
1225144
1550048
2489263
2813835
3125533
3440477
3975100
533805
939730
1872281
2744828
3266180
490160
877187
1385987
1950880
2250612
3119447
4523553
868236
1121138
1414276
1718314
2817471
3679716
4312359
543330
956871
1229035
1598378
1910751
3803164
4088386
574874
971103
1927184
2286762
2778150
3103913
3386912
3740679
754545
1668715
1977247
2237814
3187420
4601292
506496
774712
1189482
2134189
2844171
3204078
3662509
726342
978924
1473590
2464962
2755419
3411212
408084
857327
1454660
1880472
2381057
2980946
3544425
481483
884950
1478381
1901114
2405261
3113069
3720984
440733
761120
1525367
2052552
2343349
2640847
3119051
3439568
485708
880054
1254332
1549122
1821135
2563100
2848864
3579271
3993703
621669
919390
1263433
2048471
2547285
3324121
443855
871191
1324411
2013046
2359788
2925430
3417209
933207
1417852
1749201
2072933
2960337
3648455
4345474
4843401
320280
703928
961295
1475946
1833925
2795843
3181621
4070284
451672
843892
1128987
1496094
2184112
2460008
2786419
3177736
3920844
778528
1085055
1349404
1724341
2264765
3262330
3652793
494438
774540
1199154
1506571
1782132
2232021
3306188
3783797
4135192
697675
974928
1983238
2898842
3330288
647320
941806
1789982
2186971
2465073
3978744
4638470
492553
836542
1343535
1617195
2267532
2552462
2860036
3421778
3744115
444924
721894
1453072
2561225
2841618
3212258
3494540
307748
756595
1241259
2198397
2619597
3359203
3654727
553201
853876
1111050
1447320
2132471
2424908
2677134
3329477
496437
800645
1329572
2196964
2516164
2969309
792792
1253090
1772984
2232672
2501230
2914405
3569979
968777
1282159
1557630
2196240
2593845
2933922
3250114
3501804
395069
883770
1209892
1482243
1891722
2174948
2491653
2949821
3268427
893793
1150384
1588851
2358867
2615642
3092110
3751145
473714
779861
1713545
2144287
2800301
3213107
3457048
809792
1091516
1366578
1709171
2651988
2946514
4691476
546399
963161
1230715
1707927
2612803
2868360
3173486
3602371
616244
936584
1544952
2179330
2564998
3152981
3681030
3939862
557256
841387
2178583
2449394
2846394
3152208
657714
1300903
1844316
2763807
3191949
3530316
661267
976492
1438080
1711134
2902120
3418113
533999
976581
2069071
2687319
2977425
3247860
3773489
470296
1135334
1395489
2330092
2736393
3200843
3613924
533062
933421
1195133
1522899
1851490
2154462
2540875
2788835
3717055
486351
745385
1348609
2520193
2861847
3378553
607742
954715
1231616
1687195
2149638
2570200
3255143
3734523
389615
699181
1162882
1491039
1955731
2248006
2536300
3044225
3983057
4318090
481737
851997
2137548
2445693
2982923
3248067
682829
1108504
1383962
1785764
2048781
2758192
3465218
3758255
841782
1215436
1795912
2287184
3185651
3491283
3984998
678154
1084414
1438959
1764476
2335286
2629267
3001790
3277439
519578
1325141
2609659
2896351
3216323
3520474
4123257
566237
943061
1463803
1720271
2519104
2901801
3153490
3520413
643594
1013571
1314642
1594116
2152943
2828505
3096728
3558492
495079
947295
1244027
2534479
2896405
3147189
3645377
505874
793044
1366013
2048255
2405482
2803627
3378415
4043489
536244
804043
1320974
1920160
2406270
2766747
3038343
3660369
474717
727228
1409984
1952567
2391090
2707229
3032188
3514708
503059
885402
1192044
1493636
2013458
2274074
2982261
466378
892079
1372745
2101900
2452369
2702039
3171155
3996036
673813
1514396
1876242
2531355
3018008
3382942
488231
978787
1284510
1568510
2520278
2815900
3108001
4483682
563979
955439
1217412
1999017
2278083
2627071
2919361
3398642
680170
1111231
1577312
1913537
2683135
3059918
3311148
3692523
523944
811618
1685486
2031480
2379121
3057092
3388307
3691540
651510
1305294
1627868
1878445
2329695
2576426
3540583
3802560
574125
999557
1388865
1835852
2516890
2770764
3275110
3764694
465524
862403
1175453
1756638
2450971
2766284
3753618
459214
908651
1178162
1805291
2138824
2624274
3372400
4015282
596299
935601
1852221
2128731
2454380
2724652
3033053
590488
873703
1146287
1764977
2522379
3020404
450131
806800
1226755
1857827
2495507
2767505
3077065
4039212
417141
756967
1048964
1794627
2109400
2764270
3056688
543240
839888
1180346
2130576
2460003
2821567
3162033
3593796
526254
934114
1227198
1538413
2775475
3139171
3830035
523521
841965
1132154
1517934
2797564
3270133
3643794
588663
939335
1205059
1518880
2460530
2792320
3622511
3895053
463329
1187647
1438235
1837212
2168680
2518492
3083290
3471815
720355
1067719
1993628
2303907
2984130
3234861
3539825
3904986
790135
1353233
1730681
2199562
2789198
3065778
3339235
3899668
743705
1246948
1626821
1944749
2871356
3361215
3760410
695108
949777
1546700
2400230
2946800
3574742
626729
977267
1471095
2423583
2793984
3145315
3462099
3802762
636460
887242
1260401
2515858
2872980
3343654
3829735
472028
852180
1544947
1913318
2462303
2881950
3387828
3929405
424055
716388
1035350
2269030
2592536
3560888
3827143
383323
704011
1196167
1457300
2087328
2379629
2694296
2971120
3933738
439868
875634
1465457
1775127
2476717
2726924
2986512
3283514
388491
741971
1091754
1467915
2085355
2409781
2742761
3516038
3793687
511920
919815
1393190
1831067
2144089
2501168
3061387
3444097
631247
912416
1250705
2489901
3185723
3453135
4406948
789728
1103602
1367451
1682693
2028124
2965150
3627231
631406
922577
1194675
2226421
2582271
3287608
762894
1119736
1606117
1998015
3143544
3830818
443142
927760
1233057
2881470
3190195
4037799
704851
1083652
1348897
2286048
2709836
3487697
3996746
736197
1173141
1665697
2211087
2557008
2955720
3241242
3530261
893363
1182679
1484955
1975212
2433528
3113209
3607770
512928
828492
1182565
1731334
2273044
2959344
3273614
3732675
562506
891542
1617731
2551508
2860342
3194362
3904718
528810
816774
1218486
1744757
2194237
2651098
3426591
3789243
711666
1114087
1697113
2280254
3076694
3402027
483407
763284
1519092
1935786
2379526
2815700
3809730
4132471
439904
1033485
1448582
1788672
2388603
2655902
3687789
502015
1074736
1547625
2137490
2471095
2949581
3381657
3687045
627645
1029963
1331967
1733925
2209259
2586391
2995189
4123074
4447594
606391
966636
1233427
2908356
3319713
3809951
823150
1470511
2119521
3089507
3995222
644340
951854
1691268
2407098
3325465
3660392
4029326
854578
1108946
1413329
2778598
3024551
3505987
4066463
424666
748823
1195234
1477049
1965819
2434983
2695205
2940482
537494
954051
1271428
1544612
1913535
2596404
2891848
3509326
3988026
540254
791265
1111065
2635752
3364964
3900055
421232
816260
1755757
2082857
3017517
3554622
440198
729751
1152069
1655914
2441374
2766850
3076600
3731000
527812
784610
1585005
2063846
2443681
2692459
3208186
415014
779019
2175089
2538384
2919259
3275755
663404
1215065
1557344
2740882
3088322
3517594
3783900
607364
910940
1536134
1903669
2665051
4215764
350860
608678
1006415
1268912
1879673
2232942
2830912
3769917
4109030
931901
1212552
1484391
1746911
2316863
2890769
3344285
565027
861243
1494523
2099871
2675124
3373100
3665940
4135045
793514
1575040
1870493
2180639
2428982
3050903
3863888
803213
1130106
1421006
1724436
2371762
3031775
3341648
3588455
798402
1109175
1438539
2004992
2345416
3100140
3924227
4884863
505176
907280
1233570
1493728
2445426
3186637
4321900
697097
959275
1302769
3161708
3470694
3826574
521441
773094
1035665
1725816
2477463
3261168
3887689
537333
996924
1643098
2560511
2922903
3193202
3474322
397242
827607
1261888
1561825
2416093
2694848
2952204
3965941
482554
897092
1211029
1505366
1840135
2170585
2426557
2686047
3344104
456462
978978
1251654
2200422
2548832
2852947
3443337
3912919
748466
1090142
2315620
2918224
3564554
4383469
4697901
787612
1395705
1714088
2276488
2601846
3070391
3463912
3712850
600284
906639
1365104
2176106
2503748
2927021
4116095
718877
1212756
1492253
1859400
2436951
3236834
3487528
799578
1363115
2311752
2654736
2941751
3208412
580760
2243160
2645043
2932498
3363601
704840
1149686
1784430
2574182
2870217
3337026
3987135
484297
858990
1237653
1532904
1908341
2312066
3064155
3556168
3885128
582139
876962
1243474
1719907
2219904
2751239
3029509
3529351
518085
886042
1298431
1598746
2797810
3083912
3354489
3721767
556782
863661
1602757
2223669
2787135
3107482
3843490
4189910
492594
1170677
1451925
2130923
2444644
3339595
3751434
797826
1201561
1477439
1801560
2191380
2483220
3300270
3554048
615819
888002
1196056
1931620
3296472
4159114
514133
920076
1557507
2524932
2817015
3966717
362967
681800
1165649
2405211
2756211
3165095
3567045
634602
953437
1416558
1855949
2246997
2792015
3389632
3725709
563576
864423
1119287
1651635
1943743
2365433
2845305
3572706
943765
1561440
1874360
2310667
2567936
2966039
3848809
643342
908915
1256500
2387242
2649187
3775042
488299
1267074
1617740
1902101
2158023
2472717
2955965
799018
1361234
1741111
2962697
3270927
4098504
4349726
412057
862281
1165924
1572462
1945261
2525492
2924280
3377725
4654508
438120
712957
1864715
2209252
2470725
2795148
3062307
3541160
417291
764140
1127561
1414006
2473384
2809634
3075232
3746533
501269
797995
1424717
1936553
2803047
3262480
538827
822185
1322857
1979819
2282219
3104953
3400504
587342
875141
1428407
1822234
2754238
3384168
3720204
593567
864714
1139394
1853027
2112308
2413865
3361679
648065
954629
1392624
2359641
2630048
2974554
3452980
606908
1056573
1636298
1964223
2228335
2568700
3088560
3534311
488724
1255015
1532863
2481311
3085772
3338246
3781519
706305
1349386
1856399
2482537
3213193
3602761
4103258
635296
900182
1265342
1541750
1888858
2433192
3180819
3483404
693970
1015591
1594151
1939187
2201778
2567339
3447010
4398070
515006
859717
1163739
1498588
2333335
3093765
3559913
4403000
703783
1083126
1429390
2011617
2606388
3271245
3998004
609483
944283
1780927
2321121
2649206
3881736
4376969
508637
921355
1196126
1578566
1850576
2495694
3069852
3778580
577515
840061
1979805
2554661
2823391
3727217
551860
841496
1415483
1664874
1977874
2244822
3127560
3459393
3742100
452076
834117
1220935
1525962
2444466
3405401
3846917
492614
922305
1220755
1712584
2049882
2473653
3191561
3668701
4016598
408827
778031
1151414
2431674
2737665
2988005
3257104
579190
874690
1174011
1525220
2766252
3186263
3549964
554062
875042
1185541
1497157
1863804
2639241
2978494
4180052
610030
1245441
1512189
2873991
3121374
3471986
666631
937994
1226033
1904855
2192756
2648318
3158334
613415
1220019
1520344
1847780
2883162
3135211
961206
1385232
1741858
2065711
2534652
3025079
3520518
4282014
1005773
1339801
1678913
2036943
2294537
2990486
3475790
714201
1053680
1397928
2147505
2823058
3613919
3994738
4325078
678949
1396144
1796750
2197324
2745321
3099963
3417026
3711211
445547
804682
1828017
2162241
2726776
3071942
3320497
592845
848202
1229419
1611946
2200702
2884226
3766842
376567
780785
1454234
1936213
2479131
2727441
3109613
3511315
451530
889582
1668315
2505778
2840803
3096021
3452690
457856
1090693
1385031
2174791
2624189
2935961
3303900
3802692
464741
785682
1465154
2715611
3056924
3319488
404258
885210
1323235
2099547
2493617
2785349
3092351
464414
770354
1825311
2259354
2926044
3570997
793137
1085087
1768977
2022787
2397191
2787995
3341257
3814885
478744
878854
1259024
1532303
1881630
2344682
3522174
3945397
637262
911947
1231075
2218607
2827921
3154541
3642814
639817
923822
1314320
1726580
1978533
2549876
3131115
3591876
4219311
450356
865705
1129932
2093393
2432481
2875841
3442712
3735192
710111
1520915
1859151
2364141
2657470
3024692
4143403
409034
934234
1288567
1766686
2438708
2975635
3467066
572102
1117329
2427156
3133294
431224
812396
1371873
1954987
2326980
3297792
3911344
453653
886798
1215335
1782904
2780629
3090611
3715021
501274
1176525
1639483
2067357
2443028
2688977
3467204
419787
735532
1047462
2714909
3154078
3501169
3770785
572602
921651
1631345
2006587
3208040
3759042
830070
1331836
2110302
2732212
2987556
3608252
519362
916751
1176758
1823822
2097706
2880530
3193950
3517854
693692
966253
1372425
1777165
2314359
2735285
3510933
695370
1002825
1362944
1703617
2975080
3451172
4077632
689035
1065456
2002291
2253931
2989393
3259312
3619877
797080
1077524
1352983
1881766
2654045
2999457
3329670
3975614
571943
922613
1286423
1946269
2397673
2648559
3079395
4286319
577394
1279474
1578480
2191699
2506584
3232312
613492
1054649
1308233
2198958
2728014
3262630
4165779
577699
828244
2188300
2455441
2807096
3292394
467242
911418
1261905
1525072
1973949
2458793
2783538
3462428
3773017
4025341
470789
754881
2137185
2467091
2832182
4021515
610560
954642
1291863
1811800
2153581
2430281
3587267
552918
920958
1235193
1812159
2121355
2573681
2929192
3437870
408744
817067
1437179
1887816
2424208
2683278
3056035
3440624
525541
813813
1233471
1518427
1826812
2451238
2827898
3158585
3946112
552033
842057
1249004
2799010
3143365
3435702
4078852
676629
1034354
2225601
2682689
3304977
3901185
564490
834496
1173757
1463908
2103152
2579062
3049157
3732092
4315954
398056
656292
931798
1336165
1672721
2145387
2504695
3309350
4271887
646268
1088921
1356614
1701732
2044912
2649044
3028008
3707320
625596
915222
1212556
1920398
2335647
2816760
3158621
4063065
608735
967274
1332490
1899100
2630778
2885213
3249515
3530436
590432
1074042
1520553
1939971
2491899
2956174
497068
847082
1150803
1647107
2244520
3084229
3748333
4086216
361986
811237
1082037
2176753
2554584
2842413
3304471
4011505
565785
881609
1143982
1401093
2210712
2603762
2923262
3307171
3786463
596787
1237770
1496635
1823155
2121041
2447750
3205500
3591696
631117
1069044
1649191
2283329
2768935
3752539
4357686
475851
849110
1852009
2101874
2738815
3052682
3573240
3880124
545540
935699
1323958
2512495
3015105
3553054
554929
941901
1740319
2468488
2820116
3099115
945466
1381692
1736665
2160000
2779799
3358896
4157648
433642
705236
1241127
1538482
1952416
2214201
2807498
3854982
736622
993652
1266456
2272736
2979945
3596314
4217539
4768298
751249
1006507
1340895
1973867
2963623
3536293
3912541
4583821
760661
1061842
1521184
1836229
2449057
3132183
3479421
519188
776289
1584462
3135351
3481439
486375
807840
1100629
2983590
3237911
3557447
409032
657519
1035497
1290181
1832883
2166021
2676523
2926844
3836210
496280
795545
1094166
1554525
2400489
2719539
3127114
3686784
426137
876527
1172257
2473239
3086425
3515807
526914
926936
1508417
1884693
2371928
3204612
3793587
447889
845734
1192900
1754846
2149031
2656074
3852814
400031
916401
1191895
1816907
2540714
2879136
3424244
722548
1108765
1376703
2311614
2964368
3239475
714748
1088812
1358562
1741585
2023997
2641658
3417433
3989909
4458437
436698
864079
1471528
1757186
2689236
2984661
3305382
3569350
370158
847600
1496371
1891478
2539603
2839309
3277826
508795
804676
1115976
2431194
3069033
3545263
3987841
679680
981175
1386734
1935303
2203351
2560954
4044269
587482
851012
1381404
2267108
2884809
3133446
3433675
4080167
626572
953902
1233806
1513842
2677584
3545423
3960020
490229
1411470
1970241
2509312
3126015
3589239
536540
792009
1764033
2337362
2910618
883913
1191721
1514187
2167573
2738342
3433452
3758088
517598
864435
1607606
2124387
2846222
3349374
577820
872918
1617377
1920244
2881797
3541295
4064458
489346
967029
1338195
1936587
2543839
2874588
3557430
4380374
715562
1136044
1524750
1916613
2412592
2858618
3114147
4181090
487393
958572
1267936
1639310
2337831
2842455
3105446
3385027
799098
1073991
1448234
1715230
2002101
2746103
3486925
4020421
914989
1171298
1824032
2476353
2929124
3177212
609713
928054
1178389
2111789
2480720
4185728
930349
1265467
1590747
2217870
2616740
3172226
622502
1771478
2830284
3201545
3539470
550920
1210752
1467964
2100957
2475669
2764879
3435235
797974
1185626
1808141
2475800
2722490
3150827
398025
771124
1208653
2023286
2457403
2816156
3212711
3784058
470904
754543
1336878
2237515
2947664
4153726
4420996
644588
1232329
2187835
2502587
2772732
3116100
566547
860734
1307103
2144714
2478878
3881425
4129981
587435
921779
1179402
1828140
2097903
2702492
3110458
3557143
526902
915304
1242198
1491392
1817480
2122800
2438131
2796500
3876060
4192653
733050
1150167
1840326
2296356
2576828
3172891
4046339
526023
821494
1520326
1799204
2399387
3120372
4127500
529751
1416005
1898588
2277957
2830513
3436598
3731845
678203
931697
1360600
1978419
2315444
3125834
3591665
790018
1088149
1433165
1711895
2696177
3017748
3500320
3837364
477976
924613
1180942
1553684
2462825
2936923
3753450
496560
856028
1144514
2507800
3048000
3356791
3606566
489514
924675
1231977
1813526
2088104
2506768
2901114
3311621
440249
719032
1106994
1560350
2478053
2750423
4016979
346935
729788
1125319
2081953
2839270
3089944
3848487
470077
845735
1232528
1851692
2270125
2777376
3760408
613445
948411
1215688
1490814
1747418
2010794
2422078
2874658
3243779
618857
1074636
2142410
2474359
2899804
3386994
477602
941945
1213752
1521729
2916573
3440854
652944
1075110
1402774
2267831
2652706
3122191
3756797
4233667
401749
716067
1157732
1625766
2121160
2682036
3055020
3376045
4681562
468547
770630
1083654
1436862
1892131
3057629
3314758
4749727
733651
1044670
1822814
2432494
3373970
3766832
558580
877139
2476011
3014921
555996
860351
1131480
1502434
1826588
2305386
3119093
3469899
402159
870204
1478225
1808242
2115996
3222537
3786867
651086
1045787
1405595
1985075
2785439
3219290
3861975
4268048
462502
752675
1700627
2304537
2701168
3012284
3657838
556831
871518
1160935
1801750
2174866
2725061
3320840
4450257
562011
830740
1136861
2121248
2478951
3127987
3423401
4232200
491369
824411
1375873
1926750
2488317
2723373
3202830
3477888
487875
769225
1185260
2159662
2719228
3418154
3666242
535298
858599
1484012
2010275
2558049
2817260
3808324
411866
769958
1047793
1854228
2825213
3456162
3853364
658740
975663
1456189
2032437
3035154
3309295
4057625
676116
1051620
1822591
2408660
2667363
2944131
3643867
674992
941672
1243935
1540351
1883703
2484727
3267586
3517876
546882
893657
1228473
1816259
2474951
2906012
3173834
569655
937322
1619532
2288902
2747396
3084436
3616158
541631
1011615
1287706
2558098
2939956
3595653
4670675
542606
830884
1234915
1812052
2421761
2871188
3506771
627007
1219767
1651364
2296192
3270024
4043942
440632
785695
1471901
2033008
2330112
2836589
3352481
553158
816148
1333970
1725477
2486396
3131362
3745488
578694
1228610
1565851
1836665
2470209
2743266
3084796
3392505
383774
736954
1140437
1481520
1895742
2174457
2802726
3475948
4126632
644837
1063094
2043071
2700287
2948905
3267273
3585167
505464
819788
1194719
1516701
2810561
3129543
3948159
463502
800182
1200427
1570522
1830052
2164959
2720877
3115302
3451297
406715
756036
1215023
1671614
2418769
2953580
4163418
440821
1206055
1522655
1834529
2224662
2504026
2883123
4055012
539069
941504
1833428
2156560
2783615
3718566
520133
954534
1734123
2232707
2818924
3234909
3496462
762455
1407761
2367972
3028494
3377369
3995476
547615
949085
1988757
2500897
3058061
3333173
617443
877886
1140950
2918037
3177331
3436616
4094390
562405
884450
1870999
2167628
3167795
3617284
599523
958486
1258661
1558217
2478649
2724038
3035177
4107539
446579
1298402
1707170
1968995
2338020
2848656
3450525
437616
1041577
1783280
2106775
2470581
2878464
3276599
754076
1013339
1378554
2609434
2975417
3291720
4096257
616989
1230881
1526559
2178125
2498573
2768703
3225375
3698445
588983
946516
1232750
1837759
2150737
2613020
3025581
3314320
4111271
619268
932136
1390411
1820145
2468583
3040900
3454673
3800924
966445
1321304
1705156
2325226
3008313
3653074
4206055
762682
1117750
1904437
2484132
2863400
3234424
798382
1272164
1789944
2174400
2514219
2825244
3221904
3557835
533027
787948
1277119
1553158
1908854
2218732
3461514
3736673
621107
873262
1156676
1459185
1813254
2421907
2752134
3704904
525717
969024
1245487
2019693
2907946
3479935
446505
747366
1072644
1799211
2106330
2696750
3007889
619022
1500694
1852369
2154181
2456594
2738072
3372328
3636936
562951
1226774
2319130
2857984
3522787
577406
910920
1214632
2838346
3334597
4593189
604228
916253
1194243
1864110
2148467
2508776
2792127
3697774
577743
966000
1525313
2052641
3084232
532873
982890
1233040
1542891
2140703
2454867
2811310
3387601
3682998
926483
1386855
1736258
2093388
2794196
3430757
3968206
561514
1017791
1405959
2919277
3172631
4311253
654885
931151
1887212
2179390
2486464
3053498
667548
1088964
1423753
2061464
2685197
2943993
3433867
516744
768081
1123153
1820367
2376658
2756601
3019640
3274772
758861
1125326
1437851
3049242
3398797
3883334
718277
1015172
1343235
2345939
3169315
3480533
688736
966670
1283257
1548267
1909101
2547669
4580608
5061607
386370
639355
1095173
1607808
2115364
2800147
3068127
449100
890955
1759426
2529492
2912592
3179925
520439
798056
1054406
1828544
2510467
2985447
3388730
631034
1223870
1543003
1878417
2163237
2449666
3086920
3829090
676786
1426179
1730311
2092079
2547924
2795784
3418877
570937
855313
1216283
1592976
2299438
2726259
3439820
3825494
607240
939522
1388421
1717964
2542111
2875361
3334185
3780402
933852
1254415
1582805
1899861
2597120
2853817
3304037
4191283
579973
930897
1207814
1496197
1867770
2458879
2910731
3303361
634724
917545
1199436
1851588
2224945
2574548
3382355
3972716
726392
1339987
2588368
3084057
3391141
3639518
4020296
642362
904561
1351344
1729350
2400712
2730517
3023567
3326512
3811441
552567
928650
1334217
1695711
2025692
2311492
3172926
3494674
3840250
449933
725621
1140719
1844908
2132216
2465102
2846212
3779653
4734634
614112
888996
1238087
2416588
2853912
3110378
3355929
548774
816647
1432021
1841611
2298398
2713814
2998440
3403468
485125
953284
1971712
2238520
2726973
3133105
3418500
476425
861561
1401885
2812061
3312708
3675238
472756
950341
1391419
2206528
2728697
3032067
3471183
3725302
579314
881425
1160514
1423126
1792536
2531456
3042791
3378924
3673520
3932053
911550
1851150
2211240
2780790
3115356
3814175
528368
783292
1243371
1554705
1865070
2180905
2506562
2825076
3517673
681774
1089877
1384735
1670194
2454435
2937279
3291798
4072727
4549280
824180
1088867
1600426
2025693
2355890
3149102
3467028
3734219
743554
1084841
1872502
2207469
2557682
2850221
3183281
3758072
608132
929923
1482065
1945297
2698890
3593148
388325
699498
1755735
2164985
2551319
2877953
3135556
622945
1177444
1807792
2170077
2591908
4183437
4504380
627127
974235
2223340
2743575
3181997
3464715
721304
2279245
2559668
2811235
3225234
609241
883077
1401711
2791513
3044962
4190893
430229
803134
1100987
1368363
1816441
2329267
2589299
3061522
3538456
470878
1206372
1563715
2723495
3000031
3376895
392672
997563
1259312
1532780
1930179
2474304
2876728
3375670
3649712
762983
1038803
1850941
2817452
3088493
3355114
632720
988056
1386745
2023218
2378448
3003534
3619862
789214
1154314
1403327
1755410
2321053
2749831
3476301
4256740
704801
959109
1422510
1734870
2001563
2637281
3238031
4050357
4295344
561057
870977
1143873
2143473
2521306
3078098
3397618
909332
1353233
1876669
2357044
2671595
3450169
3753711
599840
944848
1565532
2169664
2874104
3228618
3613199
445077
880947
1672014
2119162
2662915
3513834
4117871
531488
840601
1415079
2395873
3199358
3846734
4138699
570611
929068
1356226
2197250
2607550
3271760
4082016
461812
765484
1154625
1409997
1828704
2252854
2708617
3389075
3684721
490201
855602
1197167
1842554
2485674
3398380
455152
728023
1207920
1515590
1775290
2376196
3010753
3387751
581112
940663
1257241
2178630
2455173
3066511
3539408
516348
928218
1207877
1478728
2433378
3224367
3907765
470604
898151
1203964
2489957
2780985
3041060
3412743
3878894
549137
930515
1189540
1716439
2149626
2763638
3087401
3414406
3762682
414353
664262
1355177
1613008
1904058
2470816
3098181
3598577
4547980
596154
1671625
1953530
2249673
2650149
3179519
3652217
4104835
398507
706523
1129008
1411717
1900405
2450643
2798441
3050374
3451088
510268
1043268
1325209
1634041
1914002
2583990
3333858
3703343
566281
837482
1126938
2002277
2485402
2741020
3746176
4088647
579247
866134
1754047
2325813
2984312
3654185
463891
828850
1252393
1563279
2152925
2521277
3437057
534827
789134
1224391
1755370
2960780
3260711
3534805
477013
763971
1260122
1694695
2115835
2751192
3447081
3748710
456193
829751
1467709
1920057
2243894
2511508
2845350
3372637
4079261
525876
1525563
1824124
2189311
2436471
3353212
3617149
527333
967961
1909180
2219315
2489895
3478394
4091683
753344
1194969
1683634
2420074
2893475
3982247
410323
775362
1190673
1637342
1993381
2403535
3058615
3807585
819163
1072110
1356143
2052892
2610563
2945245
3309865
3966480
629239
1208776
1478797
2456577
2777454
3067926
389641
711562
1015013
1323243
2171633
2439174
2925360
4384470
609887
897071
1389851
1897873
2189932
2823223
3375472
3658487
799973
1072131
1428087
1868977
2688736
3175227
3599298
452876
778942
1900569
2724526
3037475
647866
976121
1976087
2371727
2790744
3165873
3460189
637296
912332
1611353
2022920
2642529
3199601
3503810
3932364
677949
1237674
2547799
3207462
3981977
451489
733510
1134630
1508502
1898102
2846350
3355962
506648
833372
1136242
1745485
2369391
3362131
3842808
4091688
523450
942784
1410450
2179250
2440849
2759444
3357312
768612
1037579
1329331
2092037
2911685
3317020
3780710
382398
696258
1463546
1860928
2210265
2515047
2934206
3491819
4146694
776202
1064388
1462137
2266112
3751053
4098722
710103
1166691
1767483
2029910
2646784
2981505
3582927
4167607
686521
1106530
1702104
2344741
2690676
2952969
3359558
3986816
588406
984735
1972874
2815419
3171443
3663307
545895
951501
1372695
1943165
2766502
3290990
3599473
4076747
676391
1047755
2121948
2552675
2929893
3367591
451958
721732
1483968
2050248
3056582
3375351
484054
791618
1092308
1995250
3101237
3503352
3856912
497013
890981
1269237
1819238
2488630
3235754
3529610
4335097
467218
832202
1128112
1448351
2080774
3015120
3322590
4106644
4579654
572957
833320
1185456
1851591
2146030
2463042
2854861
3112572
540492
1102061
1367315
2173387
2493683
2805397
3132164
4213015
4549542
614850
991374
1413313
1672795
1990861
2962252
3233205
670318
976725
1476885
1911871
2771048
3251906
4007081
496167
881909
1540698
2068542
2827177
3075590
4156465
432083
778521
1109445
1373221
1648195
1920301
2255219
3359299
3784857
629352
937754
1368825
1912538
2658132
2966921
3298397
517785
862894
1185279
1434795
1778532
2418452
2851108
3098021
3934228
798879
1110575
1398473
1703964
2990307
3642498
4023806
495437
936164
1210085
1572012
2159478
2523130
3188545
3754685
431370
901908
1234084
1566995
1822055
2118243
2573561
3050501
3316257
511451
895599
1288851
2477515
2915297
3436171
478835
951900
1414763
1789618
2359190
2644315
2976140
4206307
594832
997944
1282552
2234550
2897544
3263434
4539230
800962
1181767
1439152
2381605
2796841
3140487
3637182
470641
743744
1241939
2017245
2736408
3009375
3312225
574087
915525
1268411
1793280
2155987
2746887
3115171
4355037
587824
875187
1129202
1472641
2142732
2788952
3184948
3506307
3754507
390955
711132
1205842
1837325
2228877
2570245
3022401
3470254
3794857
695671
959165
1374989
1880763
2330588
2911485
4973130
510346
824992
1146118
1595011
2252218
2547409
3275370
3530332
831573
1145681
1686871
2326909
2776934
3198748
3700800
633130
1111898
1416993
2351545
2960845
3374872
3683302
613000
950732
1287566
1549304
1811726
2579963
2840502
3142933
3572612
3931542
443723
899978
1220582
1524044
1847327
2119959
2614872
3242002
3659116
604740
946319
1322504
1818391
2757078
3171541
3616536
516825
780967
1562582
2210560
2494883
2780729
3337908
3966548
4308596
531206
900001
1321625
1881319
2276640
2546124
2810016
3512687
3796490
491677
750497
1224814
1678757
2481825
2794801
3230370
3746302
478937
864553
1113018
1451622
2514512
3283953
3551591
584044
919597
1219363
1827105
2866200
3126886
3513931
878678
1512260
1782186
2648596
3237952
4471438
523231
842849
1297380
2144130
2986240
3235093
3606038
507226
783331
1188263
1497742
1825539
2169218
2444942
3696708
4021200
526338
846830
1165085
1724928
2063542
2558923
3093862
3573939
512991
905919
1469757
1921319
2390021
2636566
2951685
3408195
765399
1079607
1631789
1963172
2372741
3036998
3321835
3616182
3960930
581155
906718
1495689
1824684
2288302
2559165
2809937
3435203
840550
1113589
1635018
2305842
2926659
3684363
4088477
552582
834594
1134604
1688732
2499145
2839496
3228184
414554
752654
1238523
1826515
2235504
2515307
2768850
3225707
3577708
452044
767641
1231440
1555461
2672195
3371662
478557
847399
1287572
1597310
3319099
3838439
4283354
604746
871203
1465148
1724329
2427842
3146700
3685088
441509
701854
1384768
1782885
2650229
2912313
3266738
3549106
415840
859156
1352972
2425222
2837155
3241722
3625994
617318
926030
1321929
1880225
2516385
2927867
3307930
4106676
804657
1085632
1501072
1831084
2457241
2808270
3073989
3902523
482486
827541
1144378
2012822
2842304
3798497
4121250
515302
787554
1537465
1807809
2755388
3172971
3497988
771725
1562417
2125339
2486257
3040685
3384915
669915
938882
1341427
1717771
2633034
3438129
4032216
500768
959487
1834527
2771220
3039487
3320921
620491
1061257
1401239
1706959
2925084
3324353
3867733
4143388
610467
978247
1838870
2700806
3012582
3381257
526977
979652
1517872
2595332
2847397
4351745
557851
897331
1670223
2489534
2821992
3227735
3536841
484945
891360
1200778
1504487
1865842
2163576
2815916
3088572
3558091
514665
926766
1206487
1575858
2720091
3134022
3779658
482119
738194
1729812
2534312
3050279
528138
974143
1475253
1742764
2509537
3401159
3724624
4139022
549179
855277
1234915
1742291
2216249
2550037
2865570
3296152
780037
1233855
1673083
2377493
2631640
2922359
3386011
825318
1140617
1488055
2057785
2760232
3207568
4151468
628631
1290274
1869187
2568885
3001238
3364121
3794764
423561
853520
1202064
1488507
1783208
2073814
2811170
3067901
3872498
591320
945554
1837343
2186824
2826061
3109530
3378415
649030
1071993
1582266
1991398
2629141
2997001
4027132
579860
1209749
1462137
2035516
2545287
2859458
3966888
566905
910148
1863238
2605252
2883346
3131631
3383937
661038
1101203
1507437
1883550
2595810
2911328
3282298
3613423
607539
884632
1495487
1982272
2597771
3390991
4348508
512754
883002
1184980
1691075
2089050
2418578
2790876
3964758
4465618
712412
1006141
1261861
1845767
2115725
2652792
3135067
942769
1197638
1570047
1925265
2993446
3243157
3509761
922775
2040810
2717964
3813274
501817
802050
2022782
3155028
3602515
786632
1061202
2022772
2272930
2710314
2968854
3403554
4381125
482939
893708
1539071
1903837
2489428
2866065
3394360
3640889
452356
758755
1228304
1658973
1916902
2848566
3458634
3771030
4104099
546386
927634
1653897
2486205
2817870
3239706
686293
1632720
1949241
2759836
3251360
3521232
751828
1052916
1369031
2995679
3317495
3678752
4004939
516907
881962
1195978
1780127
2446448
2704615
3471114
413918
692837
1147112
1858523
2153628
2646362
3354234
3868029
551042
994215
1887629
2526221
2841495
3133820
3932957
440204
722357
1803626
2783951
3238886
563762
1203662
1827263
2187804
2486618
2917358
3164760
395750
871378
1162785
1472548
1824418
2326407
2795543
3298915
3612106
791923
1206913
1476407
2144635
2417368
3329335
3590457
711725
982223
1421925
2429481
2678696
3944151
4311160
577139
941560
1456260
1801799
2213521
2551286
3072292
3409676
592821
1048376
1309547
1701105
2258875
2752540
3074127
3711836
504320
809888
1182929
1752389
2352762
3254992
3540864
3930746
843199
1564213
2568462
2815648
3153157
515313
942508
1228724
1509895
2174429
2769799
3514042
4270188
548120
936630
1218201
2083783
2800700
3522165
584964
865836
1142248
1803629
2361622
3440103
3918627
558589
1086949
1335897
1644802
2922541
3270054
3684482
560821
816101
1133038
1931634
2594052
2944637
3381355
585858
881248
1198027
1653621
2258147
3159508
3497801
3932314
356756
809256
1146734
1558175
2425011
2768161
3086119
3518922
507291
758527
1216425
1843337
2497259
2892797
3181171
500183
776100
1731630
2358913
2729352
3408138
478862
936183
1215707
1495823
2214170
2691252
3354608
3930135
480411
866092
1146692
1560361
1851058
2412516
2660440
3993922
4480932
630164
893388
1221084
1495478
2465587
3113073
3659050
337772
678460
1104500
1573343
2748529
3052470
3300321
3569992
699226
1096318
1371692
2006934
2327755
2602440
2946177
3227288
3862674
897471
1773009
2073258
2359703
2765778
3019173
3312156
708220
1019650
2052518
2363713
2928192
3245327
667476
962991
1225389
1673057
1974879
2769180
3213833
3586233
609692
923492
1404381
1786721
2807870
3178823
3822109
812152
1599396
2258688
2765752
3344482
594912
1102079
1599292
2652040
2909042
3497358
3839701
582638
847807
1233417
2117539
2405825
2749533
3249098
420462
684764
1505969
1921077
2183991
3537954
3892255
4238195
636553
931604
1254501
1945094
2200657
2787181
3441011
4115425
640934
1085229
1543800
1972854
2594738
3133930
3470630
477489
985325
1551938
1882659
2199187
2895606
3879157
4496995
443120
1075758
1674621
2435482
2896195
3142386
357407
698232
1595589
2103654
3025192
3568750
4224801
642616
924371
1347961
1635408
2125271
2561003
3375610
3725273
468248
746989
1007478
2159646
2419324
2755904
4040130
4284600
567215
822104
1499521
1817684
2586694
2912754
3210830
3568147
625027
947952
1230824
1850696
3017438
594725
940447
1377335
1657720
1905777
2355845
2709977
3232687
4499665
723152
1292376
2298068
2619521
3271513
4121402
561367
945127
1217808
1865568
2223942
2534196
2817157
3834228
4230601
436538
805289
1808695
2449416
2996064
3380167
3717029
465709
824090
1243918
1510710
1813351
2300670
2785875
3655272
4090842
525554
960265
1522734
1897259
2153225
2438369
3144619
3659552
408847
859988
1144827
1834158
2214287
3040096
3738955
4861771
610187
1245359
1567717
1900480
2615755
2975217
3528014
715736
1078483
1473280
1862678
2717427
3095900
3388297
630763
898396
1935075
2335625
2740580
3503330
483089
759028
1204065
1518447
1839467
2219120
2465136
3041618
3459346
3956693
794991
1069266
1361896
1686548
2015624
2631252
2878813
3975500
4460843
581604
1006578
1922868
2288055
2551214
3430614
3697478
513785
874532
1499784
2173147
2461062
3038931
4148962
4477710
555111
943806
1234565
2016329
2544232
2806501
3123439
3586266
610971
1037364
1387185
1903125
2482095
2851212
4341562
515793
832868
1689104
2165695
2870175
3407012
3896191
589680
901969
1680925
2185497
2588360
2835345
3103313
3494228
476399
802720
1208628
1475009
2237880
2688182
3016427
3303934
510541
897564
1341259
1787707
2178261
2545663
3315234
3593953
511636
939012
1550296
2565834
3112072
3381997
3615759
598124
929351
1318328
1681463
2281978
2646095
3116764
3363835
3749299
319203
869096
1148351
1693637
2514420
2932212
3353876
489018
928948
1897756
2292443
2686710
2964755
3239342
4030353
597101
1149688
1871307
2301225
2606566
2882135
3237224
4021288
526088
1104328
1788870
2833431
3081534
763297
1437980
1764165
2356886
2617384
3015795
4045844
887970
1492430
1958210
2209262
2836902
3290022
3934517
686227
1078484
1427454
1685308
2351536
2615557
2930131
3694038
4015835
839001
1157328
2051420
2425302
2726495
3264401
3513151
3827664
526455
898355
1565941
2474620
2836663
3085018
3482836
3747945
336524
670981
1284087
1720034
2060186
2478652
3678119
516407
905149
1243358
1525488
1806229
2517744
2769679
3247875
3794781
488867
751292
1353634
1818028
2476144
2737941
3204165
526185
834468
1398071
2399031
2804664
3157730
419056
739084
1134842
1618240
2082606
2371040
3182692
3428801
594405
988510
1495851
2140994
2500311
3063464
3763361
570704
985318
1470594
2189601
2706783
3205733
3509104
377670
917512
1168962
2329597
2879725
3279407
3607555
692678
1189516
1442916
1959267
2385410
2949048
3340470
762347
1215926
1485189
1926757
2194492
3016269
3297488
4137108
829552
1094730
1763142
2040856
2327610
2922069
4376620
514254
876668
1746500
2170124
2783098
3061592
3820455
546757
999755
1475157
2255175
2592794
2950658
3249428
841825
2046580
2843234
3401414
590581
950293
1604022
2406503
2736175
4496861
4823544
544575
833970
1292717
2065981
2346385
3053967
3686054
344190
781887
1126145
1448369
2408064
2771092
3302800
3573833
480060
732513
1228217
1522662
2843651
3160529
3581773
547250
891744
1223204
2216120
2512096
2864376
4570110
643617
1135687
1409856
1682766
2573726
3031093
3309826
3591927
3842480
676347
1057679
1631834
2392400
2892150
3177114
999023
1362854
1680278
2618652
2885281
3262274
3989529
384309
768618
1173856
1486357
1813088
2406710
2674087
3307574
3728721
3989436
711340
1179876
1435435
2768339
3019119
3450058
618471
1588538
2310733
2672071
3043620
3367915
4193862
513317
946652
1640020
1895574
2196458
2524005
3072128
4621188
923081
1237998
1849685
2741948
3072713
3535196
527375
962742
1225013
1507370
2358150
2618411
2885247
3525786
627628
1199916
2169288
2694277
3186618
3877406
4543749
597072
924973
1266966
1630620
2521314
2882862
3150622
3452531
467262
805077
1397889
2406117
2731314
3812092
437336
1382606
2113761
2424860
3098161
3664121
677358
1150507
1536280
2131546
2487530
2769627
3623029
595931
940660
1213776
1833910
2351121
2746233
3536327
4214122
653669
956752
1227688
1523455
2164003
3104673
3603775
537084
950805
1256870
1554983
2258612
2554968
3106694
3919285
4269116
583370
1222941
1495566
1806267
2439645
3524765
4033700
737547
1070258
1398341
1695784
2634527
3126558
3446067
441368
706221
1165778
1438810
1687576
2403429
2757315
3264457
685798
947898
1315029
2169901
2530720
3011727
3773040
696017
1459854
1733981
2084294
2365412
3691002
3951313
4449088
598005
878571
1515104
1835533
2308795
2612218
3038895
654048
1192277
2016512
2571235
2912078
3309397
465465
753187
1064210
2117908
2756909
3120939
4392325
607238
887942
1191505
1829519
2938278
3631308
453507
733328
1071460
1537569
2140346
2424352
3243262
3840157
450660
785836
1289477
2188325
2689084
3079570
3565482
541107
954461
1245942
1544445
1902745
2793097
3039031
400649
677903
1116408
1941095
2554500
2934775
3229670
432131
835519
2173756
2777355
3115418
3958395
584318
984641
1318326
1610815
2942384
3218482
3579902
3925447
801552
1075124
1390498
1756744
2305410
2610401
3489253
4131187
834595
1108465
1629489
2000450
2342599
3226678
4595052
656355
1001624
1315164
1610315
2594327
2981091
3928066
536773
860045
1157332
1440756
2315184
2678265
3194221
3640182
3899917
701330
1150224
1873816
2195670
2535830
3696038
4071298
725500
1011647
1482607
1939117
2591041
3209180
4096954
4454288
585183
863465
1496057
1878545
2339071
3069350
3412868
491160
866615
1341413
2024712
2304086
3150218
3479590
466488
982834
1465440
1825062
2426380
3465352
3970831
440065
773442
1167028
1510920
1825906
2185430
2778906
3166805
4271600
612163
1167194
2007279
2520650
2842874
3099785
416980
775374
1411036
1810840
2286371
3398356
3708453
634702
932083
1254582
1505984
1889885
2629362
3365208
3753481
521684
852584
1102770
1662681
2774714
3021541
3648091
482286
731800
1660489
2383993
2651681
2902513
3176451
505535
823082
1151265
1504155
1905013
2237572
3214600
3461825
3785377
476591
1117752
1425187
1852804
3278575
3566063
459978
730956
1171895
1502742
2030438
2501657
3001862
3612722
767109
1037872
1301804
1924638
3028273
3555364
829212
1264574
1523957
2195957
2595766
2843198
3461880
3748359
714834
1037348
1352082
2083217
2639640
3039739
3340312
696756
951480
1329235
2542095
2938011
3260111
589589
956065
1228091
2212355
2519844
2790131
3939908
403600
884753
1333041
2493001
2914097
3164558
3814345
390388
1126856
2101037
2790662
3075680
3734010
542237
808554
1219621
1484096
2069637
2433724
2865505
3131724
3571340
