cpu  1316256 74 1894201 21166029 29591 0 547802 0 0 0
cpu0 4742 14 9754 6065392 9877 0 139318 0 0 0
cpu1 1300010 0 1862243 2953880 2588 0 147678 0 0 0
cpu2 5747 6 11079 6067970 7076 0 139176 0 0 0
cpu3 5756 54 11124 6078786 10049 0 121628 0 0 0
intr 670914577 0 0 97447 75 0 53653 3086069 0 0 0 225966 0 0 0 0 0 0 0 0 0 0 0 0 0 0 0 0 0 0 0 0 0 0 0 0 0 0 0 0 0 0 0 0 0 0 0 0 0 0 0 0 566759739 0 0 0 0 0 0 0 0 34918 0 90467 0 0 0 0 0 0 0 0 0 0 0 72848758 1 0 0 0 0 0 0 0 0 0 0 0 0 0 0 0 0 0 0 0 0 0 0 86028 4213 0 0 0 0 1798256 0 0 0 0 0 0 0 0 0 0 0 0 0 0 0 0 0 0 0 0 0 0 0 0 0 0 0 0 0 0 0 0 0 0 0 0 0 0 0 0 0 0 0 0 0 0 0 0 0 0 0 0 0 0 0 0 0 0 0 0 0 0 0 0 0 0 0 0 0 0 0 0 0 0 0 25828988 0 0 0
ctxt 38233820
btime 1673080802
processes 38438
procs_running 2
procs_blocked 0
softirq 132315943 108326887 1901680 340314 5395654 90437 0 12778322 2406775 0 1075874

cpu  1316278 74 1894228 21166178 29591 0 547802 0 0 0
cpu0 4742 14 9754 6065441 9877 0 139318 0 0 0
cpu1 1300032 0 1862271 2953880 2588 0 147678 0 0 0
cpu2 5747 6 11079 6068020 7076 0 139176 0 0 0
cpu3 5756 54 11124 6078835 10049 0 121628 0 0 0
intr 670918979 0 0 97448 75 0 53653 3086108 0 0 0 225966 0 0 0 0 0 0 0 0 0 0 0 0 0 0 0 0 0 0 0 0 0 0 0 0 0 0 0 0 0 0 0 0 0 0 0 0 0 0 0 0 566763771 0 0 0 0 0 0 0 0 34918 0 90467 0 0 0 0 0 0 0 0 0 0 0 72848910 1 0 0 0 0 0 0 0 0 0 0 0 0 0 0 0 0 0 0 0 0 0 0 86028 4213 0 0 0 0 1798278 0 0 0 0 0 0 0 0 0 0 0 0 0 0 0 0 0 0 0 0 0 0 0 0 0 0 0 0 0 0 0 0 0 0 0 0 0 0 0 0 0 0 0 0 0 0 0 0 0 0 0 0 0 0 0 0 0 0 0 0 0 0 0 0 0 0 0 0 0 0 0 0 0 0 0 25829143 0 0 0
ctxt 38233911
btime 1673080802
processes 38438
procs_running 2
procs_blocked 0
softirq 132316022 108326895 1901697 340314 5395655 90437 0 12778340 2406799 0 1075885

cpu  1316300 74 1894257 21166326 29591 0 547802 0 0 0
cpu0 4742 14 9754 6065491 9877 0 139318 0 0 0
cpu1 1300054 0 1862300 2953880 2588 0 147678 0 0 0
cpu2 5747 6 11079 6068069 7076 0 139176 0 0 0
cpu3 5756 54 11124 6078885 10049 0 121628 0 0 0
intr 670923315 0 0 97448 75 0 53653 3086141 0 0 0 225966 0 0 0 0 0 0 0 0 0 0 0 0 0 0 0 0 0 0 0 0 0 0 0 0 0 0 0 0 0 0 0 0 0 0 0 0 0 0 0 0 566767772 0 0 0 0 0 0 0 0 34918 0 90467 0 0 0 0 0 0 0 0 0 0 0 72849040 1 0 0 0 0 0 0 0 0 0 0 0 0 0 0 0 0 0 0 0 0 0 0 86028 4213 0 0 0 0 1798300 0 0 0 0 0 0 0 0 0 0 0 0 0 0 0 0 0 0 0 0 0 0 0 0 0 0 0 0 0 0 0 0 0 0 0 0 0 0 0 0 0 0 0 0 0 0 0 0 0 0 0 0 0 0 0 0 0 0 0 0 0 0 0 0 0 0 0 0 0 0 0 0 0 0 0 25829294 0 0 0
ctxt 38233984
btime 1673080802
processes 38438
procs_running 2
procs_blocked 0
softirq 132316087 108326895 1901711 340314 5395656 90437 0 12778359 2406819 0 1075896

cpu  1316322 74 1894285 21166475 29591 0 547802 0 0 0
cpu0 4742 14 9754 6065541 9877 0 139318 0 0 0
cpu1 1300076 0 1862328 2953880 2588 0 147678 0 0 0
cpu2 5747 6 11079 6068119 7076 0 139176 0 0 0
cpu3 5756 54 11124 6078934 10049 0 121628 0 0 0
intr 670927697 0 0 97448 75 0 53653 3086178 0 0 0 225966 0 0 0 0 0 0 0 0 0 0 0 0 0 0 0 0 0 0 0 0 0 0 0 0 0 0 0 0 0 0 0 0 0 0 0 0 0 0 0 0 566771789 0 0 0 0 0 0 0 0 34918 0 90467 0 0 0 0 0 0 0 0 0 0 0 72849192 1 0 0 0 0 0 0 0 0 0 0 0 0 0 0 0 0 0 0 0 0 0 0 86028 4213 0 0 0 0 1798322 0 0 0 0 0 0 0 0 0 0 0 0 0 0 0 0 0 0 0 0 0 0 0 0 0 0 0 0 0 0 0 0 0 0 0 0 0 0 0 0 0 0 0 0 0 0 0 0 0 0 0 0 0 0 0 0 0 0 0 0 0 0 0 0 0 0 0 0 0 0 0 0 0 0 0 25829447 0 0 0
ctxt 38234078
btime 1673080802
processes 38438
procs_running 2
procs_blocked 0
softirq 132316159 108326903 1901724 340314 5395657 90437 0 12778377 2406840 0 1075907

cpu  1316346 74 1894311 21166624 29591 0 547802 0 0 0
cpu0 4742 14 9754 6065590 9877 0 139318 0 0 0
cpu1 1300100 0 1862353 2953880 2588 0 147678 0 0 0
cpu2 5747 6 11079 6068169 7076 0 139176 0 0 0
cpu3 5756 54 11124 6078984 10049 0 121628 0 0 0
intr 670932039 0 0 97448 75 0 53653 3086213 0 0 0 225966 0 0 0 0 0 0 0 0 0 0 0 0 0 0 0 0 0 0 0 0 0 0 0 0 0 0 0 0 0 0 0 0 0 0 0 0 0 0 0 0 566775790 0 0 0 0 0 0 0 0 34918 0 90467 0 0 0 0 0 0 0 0 0 0 0 72849322 1 0 0 0 0 0 0 0 0 0 0 0 0 0 0 0 0 0 0 0 0 0 0 86028 4213 0 0 0 0 1798344 0 0 0 0 0 0 0 0 0 0 0 0 0 0 0 0 0 0 0 0 0 0 0 0 0 0 0 0 0 0 0 0 0 0 0 0 0 0 0 0 0 0 0 0 0 0 0 0 0 0 0 0 0 0 0 0 0 0 0 0 0 0 0 0 0 0 0 0 0 0 0 0 0 0 0 25829601 0 0 0
ctxt 38234162
btime 1673080802
processes 38438
procs_running 2
procs_blocked 0
softirq 132316231 108326903 1901739 340314 5395658 90437 0 12778396 2406862 0 1075922

cpu  1316364 74 1894343 21166772 29591 0 547802 0 0 0
cpu0 4742 14 9754 6065640 9877 0 139318 0 0 0
cpu1 1300118 0 1862386 2953880 2588 0 147678 0 0 0
cpu2 5747 6 11079 6068218 7076 0 139176 0 0 0
cpu3 5756 54 11124 6079033 10049 0 121628 0 0 0
intr 670936437 0 0 97449 75 0 53653 3086254 0 0 0 225966 0 0 0 0 0 0 0 0 0 0 0 0 0 0 0 0 0 0 0 0 0 0 0 0 0 0 0 0 0 0 0 0 0 0 0 0 0 0 0 0 566779814 0 0 0 0 0 0 0 0 34918 0 90467 0 0 0 0 0 0 0 0 0 0 0 72849474 1 0 0 0 0 0 0 0 0 0 0 0 0 0 0 0 0 0 0 0 0 0 0 86028 4213 0 0 0 0 1798366 0 0 0 0 0 0 0 0 0 0 0 0 0 0 0 0 0 0 0 0 0 0 0 0 0 0 0 0 0 0 0 0 0 0 0 0 0 0 0 0 0 0 0 0 0 0 0 0 0 0 0 0 0 0 0 0 0 0 0 0 0 0 0 0 0 0 0 0 0 0 0 0 0 0 0 25829759 0 0 0
ctxt 38234263
btime 1673080802
processes 38438
procs_running 2
procs_blocked 0
softirq 132316312 108326911 1901755 340314 5395659 90437 0 12778414 2406885 0 1075937

cpu  1316389 74 1894368 21166921 29591 0 547802 0 0 0
cpu0 4742 14 9754 6065690 9877 0 139318 0 0 0
cpu1 1300143 0 1862410 2953880 2588 0 147678 0 0 0
cpu2 5747 6 11079 6068268 7076 0 139176 0 0 0
cpu3 5756 54 11124 6079083 10049 0 121628 0 0 0
intr 670940777 0 0 97449 75 0 53653 3086289 0 0 0 225966 0 0 0 0 0 0 0 0 0 0 0 0 0 0 0 0 0 0 0 0 0 0 0 0 0 0 0 0 0 0 0 0 0 0 0 0 0 0 0 0 566783815 0 0 0 0 0 0 0 0 34918 0 90467 0 0 0 0 0 0 0 0 0 0 0 72849604 1 0 0 0 0 0 0 0 0 0 0 0 0 0 0 0 0 0 0 0 0 0 0 86028 4213 0 0 0 0 1798388 0 0 0 0 0 0 0 0 0 0 0 0 0 0 0 0 0 0 0 0 0 0 0 0 0 0 0 0 0 0 0 0 0 0 0 0 0 0 0 0 0 0 0 0 0 0 0 0 0 0 0 0 0 0 0 0 0 0 0 0 0 0 0 0 0 0 0 0 0 0 0 0 0 0 0 25829912 0 0 0
ctxt 38234342
btime 1673080802
processes 38438
procs_running 2
procs_blocked 0
softirq 132316384 108326911 1901769 340314 5395660 90437 0 12778433 2406908 0 1075952

cpu  1316410 74 1894398 21167070 29591 0 547802 0 0 0
cpu0 4742 14 9754 6065739 9877 0 139318 0 0 0
cpu1 1300164 0 1862440 2953880 2588 0 147678 0 0 0
cpu2 5747 6 11079 6068317 7076 0 139176 0 0 0
cpu3 5756 54 11124 6079132 10049 0 121628 0 0 0
intr 670945171 0 0 97449 75 0 53653 3086329 0 0 0 225966 0 0 0 0 0 0 0 0 0 0 0 0 0 0 0 0 0 0 0 0 0 0 0 0 0 0 0 0 0 0 0 0 0 0 0 0 0 0 0 0 566787839 0 0 0 0 0 0 0 0 34918 0 90467 0 0 0 0 0 0 0 0 0 0 0 72849756 1 0 0 0 0 0 0 0 0 0 0 0 0 0 0 0 0 0 0 0 0 0 0 86028 4213 0 0 0 0 1798410 0 0 0 0 0 0 0 0 0 0 0 0 0 0 0 0 0 0 0 0 0 0 0 0 0 0 0 0 0 0 0 0 0 0 0 0 0 0 0 0 0 0 0 0 0 0 0 0 0 0 0 0 0 0 0 0 0 0 0 0 0 0 0 0 0 0 0 0 0 0 0 0 0 0 0 25830067 0 0 0
ctxt 38234439
btime 1673080802
processes 38438
procs_running 2
procs_blocked 0
softirq 132316462 108326919 1901784 340314 5395661 90437 0 12778451 2406929 0 1075967

cpu  1316434 74 1894423 21167219 29591 0 547802 0 0 0
cpu0 4742 14 9754 6065789 9877 0 139318 0 0 0
cpu1 1300188 0 1862465 2953880 2588 0 147678 0 0 0
cpu2 5747 6 11079 6068367 7076 0 139176 0 0 0
cpu3 5756 54 11124 6079181 10049 0 121628 0 0 0
intr 670949517 0 0 97449 75 0 53653 3086366 0 0 0 225967 0 0 0 0 0 0 0 0 0 0 0 0 0 0 0 0 0 0 0 0 0 0 0 0 0 0 0 0 0 0 0 0 0 0 0 0 0 0 0 0 566791840 0 0 0 0 0 0 0 0 34918 0 90467 0 0 0 0 0 0 0 0 0 0 0 72849886 1 0 0 0 0 0 0 0 0 0 0 0 0 0 0 0 0 0 0 0 0 0 0 86028 4213 0 0 0 0 1798432 0 0 0 0 0 0 0 0 0 0 0 0 0 0 0 0 0 0 0 0 0 0 0 0 0 0 0 0 0 0 0 0 0 0 0 0 0 0 0 0 0 0 0 0 0 0 0 0 0 0 0 0 0 0 0 0 0 0 0 0 0 0 0 0 0 0 0 0 0 0 0 0 0 0 0 25830223 0 0 0
ctxt 38234528
btime 1673080802
processes 38438
procs_running 2
procs_blocked 0
softirq 132316539 108326919 1901800 340315 5395662 90437 0 12778470 2406952 0 1075984

cpu  1316454 74 1894454 21167368 29591 0 547802 0 0 0
cpu0 4742 14 9754 6065839 9877 0 139318 0 0 0
cpu1 1300208 0 1862496 2953880 2588 0 147678 0 0 0
cpu2 5747 6 11079 6068417 7076 0 139176 0 0 0
cpu3 5756 54 11124 6079231 10049 0 121628 0 0 0
intr 670953914 0 0 97450 75 0 53653 3086407 0 0 0 225967 0 0 0 0 0 0 0 0 0 0 0 0 0 0 0 0 0 0 0 0 0 0 0 0 0 0 0 0 0 0 0 0 0 0 0 0 0 0 0 0 566795865 0 0 0 0 0 0 0 0 34918 0 90467 0 0 0 0 0 0 0 0 0 0 0 72850038 1 0 0 0 0 0 0 0 0 0 0 0 0 0 0 0 0 0 0 0 0 0 0 86028 4213 0 0 0 0 1798454 0 0 0 0 0 0 0 0 0 0 0 0 0 0 0 0 0 0 0 0 0 0 0 0 0 0 0 0 0 0 0 0 0 0 0 0 0 0 0 0 0 0 0 0 0 0 0 0 0 0 0 0 0 0 0 0 0 0 0 0 0 0 0 0 0 0 0 0 0 0 0 0 0 0 0 25830378 0 0 0
ctxt 38234622
btime 1673080802
processes 38438
procs_running 2
procs_blocked 0
softirq 132316621 108326927 1901817 340315 5395663 90437 0 12778489 2406975 0 1075998

cpu  1316476 74 1894481 21167516 29591 0 547802 0 0 0
cpu0 4742 14 9754 6065888 9877 0 139318 0 0 0
cpu1 1300230 0 1862523 2953880 2588 0 147678 0 0 0
cpu2 5747 6 11079 6068467 7076 0 139176 0 0 0
cpu3 5756 54 11124 6079280 10049 0 121628 0 0 0
intr 670958253 0 0 97450 75 0 53653 3086443 0 0 0 225967 0 0 0 0 0 0 0 0 0 0 0 0 0 0 0 0 0 0 0 0 0 0 0 0 0 0 0 0 0 0 0 0 0 0 0 0 0 0 0 0 566799865 0 0 0 0 0 0 0 0 34918 0 90467 0 0 0 0 0 0 0 0 0 0 0 72850168 1 0 0 0 0 0 0 0 0 0 0 0 0 0 0 0 0 0 0 0 0 0 0 86028 4213 0 0 0 0 1798476 0 0 0 0 0 0 0 0 0 0 0 0 0 0 0 0 0 0 0 0 0 0 0 0 0 0 0 0 0 0 0 0 0 0 0 0 0 0 0 0 0 0 0 0 0 0 0 0 0 0 0 0 0 0 0 0 0 0 0 0 0 0 0 0 0 0 0 0 0 0 0 0 0 0 0 25830529 0 0 0
ctxt 38234703
btime 1673080802
processes 38438
procs_running 2
procs_blocked 0
softirq 132316694 108326927 1901832 340315 5395664 90437 0 12778508 2406998 0 1076013

cpu  1316494 74 1894513 21167665 29591 0 547802 0 0 0
cpu0 4742 14 9754 6065938 9877 0 139318 0 0 0
cpu1 1300248 0 1862555 2953880 2588 0 147678 0 0 0
cpu2 5747 6 11079 6068516 7076 0 139176 0 0 0
cpu3 5756 54 11124 6079330 10049 0 121628 0 0 0
intr 670962649 0 0 97450 75 0 53653 3086484 0 0 0 225967 0 0 0 0 0 0 0 0 0 0 0 0 0 0 0 0 0 0 0 0 0 0 0 0 0 0 0 0 0 0 0 0 0 0 0 0 0 0 0 0 566803890 0 0 0 0 0 0 0 0 34918 0 90467 0 0 0 0 0 0 0 0 0 0 0 72850320 1 0 0 0 0 0 0 0 0 0 0 0 0 0 0 0 0 0 0 0 0 0 0 86028 4213 0 0 0 0 1798498 0 0 0 0 0 0 0 0 0 0 0 0 0 0 0 0 0 0 0 0 0 0 0 0 0 0 0 0 0 0 0 0 0 0 0 0 0 0 0 0 0 0 0 0 0 0 0 0 0 0 0 0 0 0 0 0 0 0 0 0 0 0 0 0 0 0 0 0 0 0 0 0 0 0 0 25830686 0 0 0
ctxt 38234804
btime 1673080802
processes 38438
procs_running 2
procs_blocked 0
softirq 132316772 108326935 1901847 340315 5395665 90437 0 12778526 2407019 0 1076028

cpu  1316516 74 1894542 21167814 29591 0 547802 0 0 0
cpu0 4742 14 9754 6065988 9877 0 139318 0 0 0
cpu1 1300270 0 1862584 2953880 2588 0 147678 0 0 0
cpu2 5747 6 11079 6068566 7076 0 139176 0 0 0
cpu3 5756 54 11124 6079379 10049 0 121628 0 0 0
intr 670966989 0 0 97450 75 0 53653 3086518 0 0 0 225967 0 0 0 0 0 0 0 0 0 0 0 0 0 0 0 0 0 0 0 0 0 0 0 0 0 0 0 0 0 0 0 0 0 0 0 0 0 0 0 0 566807890 0 0 0 0 0 0 0 0 34918 0 90467 0 0 0 0 0 0 0 0 0 0 0 72850450 1 0 0 0 0 0 0 0 0 0 0 0 0 0 0 0 0 0 0 0 0 0 0 86028 4213 0 0 0 0 1798520 0 0 0 0 0 0 0 0 0 0 0 0 0 0 0 0 0 0 0 0 0 0 0 0 0 0 0 0 0 0 0 0 0 0 0 0 0 0 0 0 0 0 0 0 0 0 0 0 0 0 0 0 0 0 0 0 0 0 0 0 0 0 0 0 0 0 0 0 0 0 0 0 0 0 0 25830839 0 0 0
ctxt 38234885
btime 1673080802
processes 38438
procs_running 2
procs_blocked 0
softirq 132316845 108326935 1901862 340315 5395666 90437 0 12778545 2407042 0 1076043

cpu  1316537 74 1894570 21167963 29591 0 547803 0 0 0
cpu0 4742 14 9754 6066037 9877 0 139318 0 0 0
cpu1 1300291 0 1862612 2953880 2588 0 147678 0 0 0
cpu2 5747 6 11079 6068616 7076 0 139176 0 0 0
cpu3 5756 54 11124 6079429 10049 0 121629 0 0 0
intr 670971389 0 0 97451 75 0 53653 3086561 0 0 0 225967 0 0 0 0 0 0 0 0 0 0 0 0 0 0 0 0 0 0 0 0 0 0 0 0 0 0 0 0 0 0 0 0 0 0 0 0 0 0 0 0 566811915 0 0 0 0 0 0 0 0 34918 0 90467 0 0 0 0 0 0 0 0 0 0 0 72850602 1 0 0 0 0 0 0 0 0 0 0 0 0 0 0 0 0 0 0 0 0 0 0 86028 4213 0 0 0 0 1798542 0 0 0 0 0 0 0 0 0 0 0 0 0 0 0 0 0 0 0 0 0 0 0 0 0 0 0 0 0 0 0 0 0 0 0 0 0 0 0 0 0 0 0 0 0 0 0 0 0 0 0 0 0 0 0 0 0 0 0 0 0 0 0 0 0 0 0 0 0 0 0 0 0 0 0 25830997 0 0 0
ctxt 38234993
btime 1673080802
processes 38438
procs_running 2
procs_blocked 0
softirq 132316927 108326943 1901878 340315 5395667 90437 0 12778563 2407065 0 1076059

cpu  1316556 74 1894601 21168111 29591 0 547803 0 0 0
cpu0 4742 14 9754 6066087 9877 0 139318 0 0 0
cpu1 1300310 0 1862643 2953880 2588 0 147678 0 0 0
cpu2 5747 6 11079 6068665 7076 0 139176 0 0 0
cpu3 5756 54 11124 6079478 10049 0 121629 0 0 0
intr 670975759 0 0 97451 75 0 53653 3086609 0 0 0 225967 0 0 0 0 0 0 0 0 0 0 0 0 0 0 0 0 0 0 0 0 0 0 0 0 0 0 0 0 0 0 0 0 0 0 0 0 0 0 0 0 566815915 0 0 0 0 0 0 0 0 34918 0 90467 0 0 0 0 0 0 0 0 0 0 0 72850732 1 0 0 0 0 0 0 0 0 0 0 0 0 0 0 0 0 0 0 0 0 0 0 86028 4213 0 0 0 0 1798577 0 0 0 0 0 0 0 0 0 0 0 0 0 0 0 0 0 0 0 0 0 0 0 0 0 0 0 0 0 0 0 0 0 0 0 0 0 0 0 0 0 0 0 0 0 0 0 0 0 0 0 0 0 0 0 0 0 0 0 0 0 0 0 0 0 0 0 0 0 0 0 0 0 0 0 25831153 0 0 0
ctxt 38235099
btime 1673080802
processes 38438
procs_running 2
procs_blocked 0
softirq 132317013 108326943 1901894 340315 5395669 90437 0 12778592 2407088 0 1076075

cpu  1316574 74 1894633 21168260 29591 0 547803 0 0 0
cpu0 4742 14 9754 6066137 9877 0 139318 0 0 0
cpu1 1300328 0 1862675 2953880 2588 0 147678 0 0 0
cpu2 5747 6 11079 6068715 7076 0 139176 0 0 0
cpu3 5756 54 11124 6079527 10049 0 121629 0 0 0
intr 670980151 0 0 97451 75 0 53653 3086649 0 0 0 225967 0 0 0 0 0 0 0 0 0 0 0 0 0 0 0 0 0 0 0 0 0 0 0 0 0 0 0 0 0 0 0 0 0 0 0 0 0 0 0 0 566819940 0 0 0 0 0 0 0 0 34918 0 90467 0 0 0 0 0 0 0 0 0 0 0 72850882 1 0 0 0 0 0 0 0 0 0 0 0 0 0 0 0 0 0 0 0 0 0 0 86028 4213 0 0 0 0 1798599 0 0 0 0 0 0 0 0 0 0 0 0 0 0 0 0 0 0 0 0 0 0 0 0 0 0 0 0 0 0 0 0 0 0 0 0 0 0 0 0 0 0 0 0 0 0 0 0 0 0 0 0 0 0 0 0 0 0 0 0 0 0 0 0 0 0 0 0 0 0 0 0 0 0 0 25831308 0 0 0
ctxt 38235201
btime 1673080802
processes 38438
procs_running 2
procs_blocked 0
softirq 132317097 108326951 1901910 340315 5395670 90437 0 12778611 2407111 0 1076092

cpu  1316598 74 1894659 21168409 29591 0 547803 0 0 0
cpu0 4742 14 9754 6066186 9877 0 139318 0 0 0
cpu1 1300352 0 1862701 2953880 2588 0 147678 0 0 0
cpu2 5747 6 11079 6068765 7076 0 139176 0 0 0
cpu3 5756 54 11124 6079577 10049 0 121629 0 0 0
intr 670984494 0 0 97451 75 0 53653 3086687 0 0 0 225967 0 0 0 0 0 0 0 0 0 0 0 0 0 0 0 0 0 0 0 0 0 0 0 0 0 0 0 0 0 0 0 0 0 0 0 0 0 0 0 0 566823940 0 0 0 0 0 0 0 0 34918 0 90467 0 0 0 0 0 0 0 0 0 0 0 72851012 1 0 0 0 0 0 0 0 0 0 0 0 0 0 0 0 0 0 0 0 0 0 0 86028 4213 0 0 0 0 1798621 0 0 0 0 0 0 0 0 0 0 0 0 0 0 0 0 0 0 0 0 0 0 0 0 0 0 0 0 0 0 0 0 0 0 0 0 0 0 0 0 0 0 0 0 0 0 0 0 0 0 0 0 0 0 0 0 0 0 0 0 0 0 0 0 0 0 0 0 0 0 0 0 0 0 0 25831461 0 0 0
ctxt 38235284
btime 1673080802
processes 38438
procs_running 2
procs_blocked 0
softirq 132317172 108326951 1901927 340315 5395671 90437 0 12778629 2407134 0 1076108

cpu  1316622 74 1894685 21168558 29591 0 547803 0 0 0
cpu0 4742 14 9754 6066236 9877 0 139318 0 0 0
cpu1 1300376 0 1862727 2953880 2588 0 147678 0 0 0
cpu2 5747 6 11079 6068814 7076 0 139176 0 0 0
cpu3 5756 54 11124 6079626 10049 0 121629 0 0 0
intr 670988899 0 0 97452 75 0 53653 3086731 0 0 0 225967 0 0 0 0 0 0 0 0 0 0 0 0 0 0 0 0 0 0 0 0 0 0 0 0 0 0 0 0 0 0 0 0 0 0 0 0 0 0 0 0 566827967 0 0 0 0 0 0 0 0 34918 0 90467 0 0 0 0 0 0 0 0 0 0 0 72851164 1 0 0 0 0 0 0 0 0 0 0 0 0 0 0 0 0 0 0 0 0 0 0 86028 4213 0 0 0 0 1798643 0 0 0 0 0 0 0 0 0 0 0 0 0 0 0 0 0 0 0 0 0 0 0 0 0 0 0 0 0 0 0 0 0 0 0 0 0 0 0 0 0 0 0 0 0 0 0 0 0 0 0 0 0 0 0 0 0 0 0 0 0 0 0 0 0 0 0 0 0 0 0 0 0 0 0 25831621 0 0 0
ctxt 38235401
btime 1673080802
processes 38438
procs_running 2
procs_blocked 0
softirq 132317262 108326959 1901945 340315 5395672 90437 0 12778650 2407160 0 1076124

cpu  1316645 74 1894713 21168706 29591 0 547803 0 0 0
cpu0 4742 14 9754 6066286 9877 0 139318 0 0 0
cpu1 1300399 0 1862754 2953880 2588 0 147678 0 0 0
cpu2 5747 6 11079 6068864 7076 0 139176 0 0 0
cpu3 5756 54 11124 6079676 10049 0 121629 0 0 0
intr 670993239 0 0 97452 75 0 53653 3086764 0 0 0 225968 0 0 0 0 0 0 0 0 0 0 0 0 0 0 0 0 0 0 0 0 0 0 0 0 0 0 0 0 0 0 0 0 0 0 0 0 0 0 0 0 566831967 0 0 0 0 0 0 0 0 34918 0 90467 0 0 0 0 0 0 0 0 0 0 0 72851294 1 0 0 0 0 0 0 0 0 0 0 0 0 0 0 0 0 0 0 0 0 0 0 86028 4213 0 0 0 0 1798665 0 0 0 0 0 0 0 0 0 0 0 0 0 0 0 0 0 0 0 0 0 0 0 0 0 0 0 0 0 0 0 0 0 0 0 0 0 0 0 0 0 0 0 0 0 0 0 0 0 0 0 0 0 0 0 0 0 0 0 0 0 0 0 0 0 0 0 0 0 0 0 0 0 0 0 25831774 0 0 0
ctxt 38235482
btime 1673080802
processes 38438
procs_running 2
procs_blocked 0
softirq 132317332 108326959 1901961 340316 5395673 90437 0 12778668 2407178 0 1076140

cpu  1316666 74 1894742 21168855 29591 0 547803 0 0 0
cpu0 4742 14 9754 6066335 9877 0 139318 0 0 0
cpu1 1300420 0 1862784 2953880 2588 0 147678 0 0 0
cpu2 5747 6 11079 6068913 7076 0 139176 0 0 0
cpu3 5756 54 11124 6079725 10049 0 121629 0 0 0
intr 670997630 0 0 97452 75 0 53653 3086806 0 0 0 225968 0 0 0 0 0 0 0 0 0 0 0 0 0 0 0 0 0 0 0 0 0 0 0 0 0 0 0 0 0 0 0 0 0 0 0 0 0 0 0 0 566835984 0 0 0 0 0 0 0 0 34918 0 90467 0 0 0 0 0 0 0 0 0 0 0 72851446 1 0 0 0 0 0 0 0 0 0 0 0 0 0 0 0 0 0 0 0 0 0 0 86028 4213 0 0 0 0 1798687 0 0 0 0 0 0 0 0 0 0 0 0 0 0 0 0 0 0 0 0 0 0 0 0 0 0 0 0 0 0 0 0 0 0 0 0 0 0 0 0 0 0 0 0 0 0 0 0 0 0 0 0 0 0 0 0 0 0 0 0 0 0 0 0 0 0 0 0 0 0 0 0 0 0 0 25831932 0 0 0
ctxt 38235587
btime 1673080802
processes 38438
procs_running 2
procs_blocked 0
softirq 132317415 108326967 1901978 340316 5395674 90437 0 12778687 2407200 0 1076156

cpu  1316690 74 1894767 21169004 29591 0 547803 0 0 0
cpu0 4742 14 9754 6066385 9877 0 139318 0 0 0
cpu1 1300444 0 1862809 2953880 2588 0 147678 0 0 0
cpu2 5747 6 11079 6068963 7076 0 139176 0 0 0
cpu3 5756 54 11124 6079774 10049 0 121629 0 0 0
intr 671001975 0 0 97456 75 0 53653 3086839 0 0 0 225968 0 0 0 0 0 0 0 0 0 0 0 0 0 0 0 0 0 0 0 0 0 0 0 0 0 0 0 0 0 0 0 0 0 0 0 0 0 0 0 0 566839985 0 0 0 0 0 0 0 0 34918 0 90467 0 0 0 0 0 0 0 0 0 0 0 72851576 1 0 0 0 0 0 0 0 0 0 0 0 0 0 0 0 0 0 0 0 0 0 0 86028 4213 0 0 0 0 1798709 0 0 0 0 0 0 0 0 0 0 0 0 0 0 0 0 0 0 0 0 0 0 0 0 0 0 0 0 0 0 0 0 0 0 0 0 0 0 0 0 0 0 0 0 0 0 0 0 0 0 0 0 0 0 0 0 0 0 0 0 0 0 0 0 0 0 0 0 0 0 0 0 0 0 0 25832088 0 0 0
ctxt 38235671
btime 1673080802
processes 38438
procs_running 2
procs_blocked 0
softirq 132317484 108326967 1901993 340316 5395675 90437 0 12778705 2407219 0 1076172

cpu  1316712 74 1894796 21169153 29591 0 547803 0 0 0
cpu0 4742 14 9754 6066435 9877 0 139318 0 0 0
cpu1 1300466 0 1862837 2953880 2588 0 147678 0 0 0
cpu2 5747 6 11079 6069013 7076 0 139176 0 0 0
cpu3 5756 54 11125 6079824 10049 0 121629 0 0 0
intr 671006374 0 0 97457 75 0 53653 3086880 0 0 0 225968 0 0 0 0 0 0 0 0 0 0 0 0 0 0 0 0 0 0 0 0 0 0 0 0 0 0 0 0 0 0 0 0 0 0 0 0 0 0 0 0 566844010 0 0 0 0 0 0 0 0 34918 0 90467 0 0 0 0 0 0 0 0 0 0 0 72851728 1 0 0 0 0 0 0 0 0 0 0 0 0 0 0 0 0 0 0 0 0 0 0 86028 4213 0 0 0 0 1798731 0 0 0 0 0 0 0 0 0 0 0 0 0 0 0 0 0 0 0 0 0 0 0 0 0 0 0 0 0 0 0 0 0 0 0 0 0 0 0 0 0 0 0 0 0 0 0 0 0 0 0 0 0 0 0 0 0 0 0 0 0 0 0 0 0 0 0 0 0 0 0 0 0 0 0 25832245 0 0 0
ctxt 38235775
btime 1673080802
processes 38438
procs_running 2
procs_blocked 0
softirq 132317573 108326975 1902011 340316 5395676 90437 0 12778725 2407244 0 1076189

cpu  1316732 74 1894827 21169301 29591 0 547803 0 0 0
cpu0 4742 14 9754 6066484 9877 0 139318 0 0 0
cpu1 1300486 0 1862868 2953880 2588 0 147678 0 0 0
cpu2 5747 6 11079 6069063 7076 0 139176 0 0 0
cpu3 5756 54 11125 6079873 10049 0 121629 0 0 0
intr 671010723 0 0 97457 75 0 53653 3086918 0 0 0 225968 0 0 0 0 0 0 0 0 0 0 0 0 0 0 0 0 0 0 0 0 0 0 0 0 0 0 0 0 0 0 0 0 0 0 0 0 0 0 0 0 566848010 0 0 0 0 0 0 0 0 34918 0 90467 0 0 0 0 0 0 0 0 0 0 0 72851858 1 0 0 0 0 0 0 0 0 0 0 0 0 0 0 0 0 0 0 0 0 0 0 86028 4213 0 0 0 0 1798753 0 0 0 0 0 0 0 0 0 0 0 0 0 0 0 0 0 0 0 0 0 0 0 0 0 0 0 0 0 0 0 0 0 0 0 0 0 0 0 0 0 0 0 0 0 0 0 0 0 0 0 0 0 0 0 0 0 0 0 0 0 0 0 0 0 0 0 0 0 0 0 0 0 0 0 25832404 0 0 0
ctxt 38235860
btime 1673080802
processes 38438
procs_running 2
procs_blocked 0
softirq 132317647 108326975 1902026 340316 5395677 90437 0 12778743 2407266 0 1076207

cpu  1316753 74 1894856 21169450 29591 0 547803 0 0 0
cpu0 4742 14 9754 6066534 9877 0 139318 0 0 0
cpu1 1300507 0 1862896 2953880 2588 0 147678 0 0 0
cpu2 5747 6 11079 6069112 7076 0 139176 0 0 0
cpu3 5756 54 11125 6079923 10049 0 121629 0 0 0
intr 671015111 0 0 97457 75 0 53653 3086953 0 0 0 225968 0 0 0 0 0 0 0 0 0 0 0 0 0 0 0 0 0 0 0 0 0 0 0 0 0 0 0 0 0 0 0 0 0 0 0 0 0 0 0 0 566852035 0 0 0 0 0 0 0 0 34918 0 90467 0 0 0 0 0 0 0 0 0 0 0 72852010 1 0 0 0 0 0 0 0 0 0 0 0 0 0 0 0 0 0 0 0 0 0 0 86028 4213 0 0 0 0 1798772 0 0 0 0 0 0 0 0 0 0 0 0 0 0 0 0 0 0 0 0 0 0 0 0 0 0 0 0 0 0 0 0 0 0 0 0 0 0 0 0 0 0 0 0 0 0 0 0 0 0 0 0 0 0 0 0 0 0 0 0 0 0 0 0 0 0 0 0 0 0 0 0 0 0 0 25832562 0 0 0
ctxt 38235956
btime 1673080802
processes 38438
procs_running 2
procs_blocked 0
softirq 132317724 108326983 1902041 340316 5395678 90437 0 12778758 2407287 0 1076224

cpu  1316773 74 1894885 21169594 29591 0 547804 0 0 0
cpu0 4742 14 9754 6066582 9877 0 139318 0 0 0
cpu1 1300527 0 1862926 2953880 2588 0 147679 0 0 0
cpu2 5747 6 11079 6069160 7076 0 139176 0 0 0
cpu3 5756 54 11125 6079971 10049 0 121629 0 0 0
intr 671022047 0 0 97457 75 0 53653 3086985 0 0 0 225968 0 0 0 0 0 0 0 0 0 0 0 0 0 0 0 0 0 0 0 0 0 0 0 0 0 0 0 0 0 0 0 0 0 0 0 0 0 0 0 0 566857372 0 0 0 0 0 0 0 0 34918 0 90467 0 0 0 0 0 0 0 0 0 0 0 72853394 1 0 0 0 0 0 0 0 0 0 0 0 0 0 0 0 0 0 0 0 0 0 0 86028 4213 0 0 0 0 1798794 0 0 0 0 0 0 0 0 0 0 0 0 0 0 0 0 0 0 0 0 0 0 0 0 0 0 0 0 0 0 0 0 0 0 0 0 0 0 0 0 0 0 0 0 0 0 0 0 0 0 0 0 0 0 0 0 0 0 0 0 0 0 0 0 0 0 0 0 0 0 0 0 0 0 0 25832724 0 0 0
ctxt 38236062
btime 1673080802
processes 38438
procs_running 2
procs_blocked 0
softirq 132321066 108328455 1902060 340316 5396446 90437 0 12779803 2407308 0 1076241

cpu  1316787 74 1894910 21169705 29591 0 547823 0 0 0
cpu0 4742 14 9755 6066619 9877 0 139320 0 0 0
cpu1 1300541 0 1862950 2953880 2588 0 147691 0 0 0
cpu2 5747 6 11079 6069198 7076 0 139178 0 0 0
cpu3 5756 54 11125 6080007 10049 0 121633 0 0 0
intr 671035510 0 0 97457 75 0 53653 3087017 0 0 0 225968 0 0 0 0 0 0 0 0 0 0 0 0 0 0 0 0 0 0 0 0 0 0 0 0 0 0 0 0 0 0 0 0 0 0 0 0 0 0 0 0 566866013 0 0 0 0 0 0 0 0 34918 0 90467 0 0 0 0 0 0 0 0 0 0 0 72857999 1 0 0 0 0 0 0 0 0 0 0 0 0 0 0 0 0 0 0 0 0 0 0 86028 4213 0 0 0 0 1798816 0 0 0 0 0 0 0 0 0 0 0 0 0 0 0 0 0 0 0 0 0 0 0 0 0 0 0 0 0 0 0 0 0 0 0 0 0 0 0 0 0 0 0 0 0 0 0 0 0 0 0 0 0 0 0 0 0 0 0 0 0 0 0 0 0 0 0 0 0 0 0 0 0 0 0 25832907 0 0 0
ctxt 38236642
btime 1673080802
processes 38438
procs_running 3
procs_blocked 0
softirq 132332095 108335400 1902087 340316 5398100 90437 0 12782156 2407324 0 1076275

cpu  1316801 74 1894933 21169809 29594 0 547846 0 0 0
cpu0 4742 14 9756 6066653 9878 0 139324 0 0 0
cpu1 1300555 0 1862972 2953880 2588 0 147704 0 0 0
cpu2 5747 6 11079 6069233 7076 0 139181 0 0 0
cpu3 5756 54 11125 6080043 10051 0 121636 0 0 0
intr 671048930 0 0 97458 75 0 53654 3087070 0 0 0 225968 0 0 0 0 0 0 0 0 0 0 0 0 0 0 0 0 0 0 0 0 0 0 0 0 0 0 0 0 0 0 0 0 0 0 0 0 0 0 0 0 566874562 0 0 0 0 0 0 0 0 34918 0 90489 0 0 0 0 0 0 0 0 0 0 0 72862539 1 0 0 0 0 0 0 0 0 0 0 0 0 0 0 0 0 0 0 0 0 0 0 86050 4213 0 0 0 0 1798838 0 0 0 0 0 0 0 0 0 0 0 0 0 0 0 0 0 0 0 0 0 0 0 0 0 0 0 0 0 0 0 0 0 0 0 0 0 0 0 0 0 0 0 0 0 0 0 0 0 0 0 0 0 0 0 0 0 0 0 0 0 0 0 0 0 0 0 0 0 0 0 0 0 0 0 25833101 0 0 0
ctxt 38237477
btime 1673080802
processes 38439
procs_running 3
procs_blocked 0
softirq 132342806 108342527 1902115 340316 5399486 90459 0 12784250 2407340 0 1076313

cpu  1316816 74 1894957 21169918 29594 0 547864 0 0 0
cpu0 4742 14 9756 6066690 9878 0 139325 0 0 0
cpu1 1300569 0 1862996 2953880 2588 0 147716 0 0 0
cpu2 5747 6 11079 6069269 7076 0 139182 0 0 0
cpu3 5757 54 11125 6080078 10051 0 121639 0 0 0
intr 671062345 0 0 97458 75 0 53655 3087103 0 0 0 225968 0 0 0 0 0 0 0 0 0 0 0 0 0 0 0 0 0 0 0 0 0 0 0 0 0 0 0 0 0 0 0 0 0 0 0 0 0 0 0 0 566883130 0 0 0 0 0 0 0 0 34918 0 90489 0 0 0 0 0 0 0 0 0 0 0 72867157 1 0 0 0 0 0 0 0 0 0 0 0 0 0 0 0 0 0 0 0 0 0 0 86050 4213 0 0 0 0 1798860 0 0 0 0 0 0 0 0 0 0 0 0 0 0 0 0 0 0 0 0 0 0 0 0 0 0 0 0 0 0 0 0 0 0 0 0 0 0 0 0 0 0 0 0 0 0 0 0 0 0 0 0 0 0 0 0 0 0 0 0 0 0 0 0 0 0 0 0 0 0 0 0 0 0 0 25833273 0 0 0
ctxt 38238054
btime 1673080802
processes 38440
procs_running 3
procs_blocked 0
softirq 132353158 108349400 1902141 340316 5400875 90459 0 12786279 2407358 0 1076330

cpu  1316835 74 1894979 21170028 29594 0 547879 0 0 0
cpu0 4742 14 9756 6066726 9878 0 139327 0 0 0
cpu1 1300588 0 1863017 2953880 2588 0 147727 0 0 0
cpu2 5747 6 11080 6069305 7076 0 139182 0 0 0
cpu3 5757 54 11125 6080115 10051 0 121642 0 0 0
intr 671075643 0 0 97458 75 0 53655 3087136 0 0 0 225969 0 0 0 0 0 0 0 0 0 0 0 0 0 0 0 0 0 0 0 0 0 0 0 0 0 0 0 0 0 0 0 0 0 0 0 0 0 0 0 0 566891658 0 0 0 0 0 0 0 0 34918 0 90489 0 0 0 0 0 0 0 0 0 0 0 72871695 1 0 0 0 0 0 0 0 0 0 0 0 0 0 0 0 0 0 0 0 0 0 0 86050 4213 0 0 0 0 1798882 0 0 0 0 0 0 0 0 0 0 0 0 0 0 0 0 0 0 0 0 0 0 0 0 0 0 0 0 0 0 0 0 0 0 0 0 0 0 0 0 0 0 0 0 0 0 0 0 0 0 0 0 0 0 0 0 0 0 0 0 0 0 0 0 0 0 0 0 0 0 0 0 0 0 0 25833449 0 0 0
ctxt 38238651
btime 1673080802
processes 38440
procs_running 2
procs_blocked 0
softirq 132363614 108356222 1902167 340317 5402343 90459 0 12788379 2407379 0 1076348

cpu  1316849 74 1895003 21170136 29594 0 547897 0 0 0
cpu0 4742 14 9756 6066763 9878 0 139328 0 0 0
cpu1 1300602 0 1863041 2953880 2588 0 147739 0 0 0
cpu2 5747 6 11080 6069342 7076 0 139184 0 0 0
cpu3 5758 54 11125 6080151 10051 0 121645 0 0 0
intr 671088693 0 0 97458 75 0 53655 3087170 0 0 0 225969 0 0 0 0 0 0 0 0 0 0 0 0 0 0 0 0 0 0 0 0 0 0 0 0 0 0 0 0 0 0 0 0 0 0 0 0 0 0 0 0 566900051 0 0 0 0 0 0 0 0 34918 0 90491 0 0 0 0 0 0 0 0 0 0 0 72876117 1 0 0 0 0 0 0 0 0 0 0 0 0 0 0 0 0 0 0 0 0 0 0 86052 4213 0 0 0 0 1798904 0 0 0 0 0 0 0 0 0 0 0 0 0 0 0 0 0 0 0 0 0 0 0 0 0 0 0 0 0 0 0 0 0 0 0 0 0 0 0 0 0 0 0 0 0 0 0 0 0 0 0 0 0 0 0 0 0 0 0 0 0 0 0 0 0 0 0 0 0 0 0 0 0 0 0 25833625 0 0 0
ctxt 38239241
btime 1673080802
processes 38440
procs_running 2
procs_blocked 0
softirq 132373887 108362842 1902192 340317 5403814 90461 0 12790503 2407394 0 1076364

cpu  1316862 74 1895030 21170246 29594 0 547912 0 0 0
cpu0 4742 14 9756 6066799 9878 0 139329 0 0 0
cpu1 1300614 0 1863068 2953880 2588 0 147750 0 0 0
cpu2 5747 6 11080 6069379 7076 0 139185 0 0 0
cpu3 5758 54 11126 6080187 10051 0 121648 0 0 0
intr 671101956 0 0 97459 75 0 53655 3087198 0 0 0 225969 0 0 0 0 0 0 0 0 0 0 0 0 0 0 0 0 0 0 0 0 0 0 0 0 0 0 0 0 0 0 0 0 0 0 0 0 0 0 0 0 566908568 0 0 0 0 0 0 0 0 34918 0 90491 0 0 0 0 0 0 0 0 0 0 0 72880637 1 0 0 0 0 0 0 0 0 0 0 0 0 0 0 0 0 0 0 0 0 0 0 86052 4213 0 0 0 0 1798926 0 0 0 0 0 0 0 0 0 0 0 0 0 0 0 0 0 0 0 0 0 0 0 0 0 0 0 0 0 0 0 0 0 0 0 0 0 0 0 0 0 0 0 0 0 0 0 0 0 0 0 0 0 0 0 0 0 0 0 0 0 0 0 0 0 0 0 0 0 0 0 0 0 0 0 25833801 0 0 0
ctxt 38239787
btime 1673080802
processes 38440
procs_running 2
procs_blocked 0
softirq 132384229 108369535 1902220 340317 5405258 90461 0 12792642 2407413 0 1076383

cpu  1316881 74 1895050 21170358 29594 0 547929 0 0 0
cpu0 4742 14 9756 6066836 9878 0 139331 0 0 0
cpu1 1300634 0 1863087 2953880 2588 0 147761 0 0 0
cpu2 5747 6 11080 6069417 7076 0 139185 0 0 0
cpu3 5758 54 11126 6080224 10051 0 121650 0 0 0
intr 671115522 0 0 97459 75 0 53655 3087242 0 0 0 225969 0 0 0 0 0 0 0 0 0 0 0 0 0 0 0 0 0 0 0 0 0 0 0 0 0 0 0 0 0 0 0 0 0 0 0 0 0 0 0 0 566917245 0 0 0 0 0 0 0 0 34918 0 90491 0 0 0 0 0 0 0 0 0 0 0 72885261 1 0 0 0 0 0 0 0 0 0 0 0 0 0 0 0 0 0 0 0 0 0 0 86052 4213 0 0 0 0 1798961 0 0 0 0 0 0 0 0 0 0 0 0 0 0 0 0 0 0 0 0 0 0 0 0 0 0 0 0 0 0 0 0 0 0 0 0 0 0 0 0 0 0 0 0 0 0 0 0 0 0 0 0 0 0 0 0 0 0 0 0 0 0 0 0 0 0 0 0 0 0 0 0 0 0 0 25833982 0 0 0
ctxt 38240323
btime 1673080802
processes 38440
procs_running 2
procs_blocked 0
softirq 132395068 108376073 1902250 340317 5407019 90461 0 12795105 2407436 0 1076407

cpu  1316902 74 1895075 21170479 29594 0 547939 0 0 0
cpu0 4742 14 9756 6066877 9878 0 139333 0 0 0
cpu1 1300654 0 1863112 2953880 2588 0 147766 0 0 0
cpu2 5747 6 11080 6069457 7076 0 139186 0 0 0
cpu3 5758 54 11126 6080264 10051 0 121652 0 0 0
intr 671129579 0 0 97459 75 0 53655 3087270 0 0 0 225969 0 0 0 0 0 0 0 0 0 0 0 0 0 0 0 0 0 0 0 0 0 0 0 0 0 0 0 0 0 0 0 0 0 0 0 0 0 0 0 0 566926239 0 0 0 0 0 0 0 0 34918 0 90491 0 0 0 0 0 0 0 0 0 0 0 72890103 1 0 0 0 0 0 0 0 0 0 0 0 0 0 0 0 0 0 0 0 0 0 0 86052 4213 0 0 0 0 1798983 0 0 0 0 0 0 0 0 0 0 0 0 0 0 0 0 0 0 0 0 0 0 0 0 0 0 0 0 0 0 0 0 0 0 0 0 0 0 0 0 0 0 0 0 0 0 0 0 0 0 0 0 0 0 0 0 0 0 0 0 0 0 0 0 0 0 0 0 0 0 0 0 0 0 0 25834156 0 0 0
ctxt 38240641
btime 1673080802
processes 38440
procs_running 2
procs_blocked 0
softirq 132407096 108382293 1902278 340317 5409435 90461 0 12798423 2407465 0 1076424

cpu  1316917 74 1895096 21170588 29594 0 547957 0 0 0
cpu0 4742 14 9756 6066913 9878 0 139334 0 0 0
cpu1 1300670 0 1863133 2953880 2588 0 147779 0 0 0
cpu2 5747 6 11080 6069493 7076 0 139188 0 0 0
cpu3 5758 54 11126 6080301 10051 0 121654 0 0 0
intr 671142619 0 0 97459 75 0 53655 3087301 0 0 0 225969 0 0 0 0 0 0 0 0 0 0 0 0 0 0 0 0 0 0 0 0 0 0 0 0 0 0 0 0 0 0 0 0 0 0 0 0 0 0 0 0 566934659 0 0 0 0 0 0 0 0 34918 0 90491 0 0 0 0 0 0 0 0 0 0 0 72894513 1 0 0 0 0 0 0 0 0 0 0 0 0 0 0 0 0 0 0 0 0 0 0 86052 4213 0 0 0 0 1799005 0 0 0 0 0 0 0 0 0 0 0 0 0 0 0 0 0 0 0 0 0 0 0 0 0 0 0 0 0 0 0 0 0 0 0 0 0 0 0 0 0 0 0 0 0 0 0 0 0 0 0 0 0 0 0 0 0 0 0 0 0 0 0 0 0 0 0 0 0 0 0 0 0 0 0 25834324 0 0 0
ctxt 38241196
btime 1673080802
processes 38440
procs_running 3
procs_blocked 0
softirq 132417424 108388904 1902302 340317 5410942 90461 0 12800560 2407496 0 1076442

cpu  1316933 74 1895116 21170697 29594 0 547979 0 0 0
cpu0 4742 14 9756 6066949 9878 0 139337 0 0 0
cpu1 1300686 0 1863153 2953880 2588 0 147793 0 0 0
cpu2 5747 6 11080 6069529 7076 0 139191 0 0 0
cpu3 5758 54 11126 6080337 10051 0 121658 0 0 0
intr 671155805 0 0 97460 75 0 53655 3087338 0 0 0 225969 0 0 0 0 0 0 0 0 0 0 0 0 0 0 0 0 0 0 0 0 0 0 0 0 0 0 0 0 0 0 0 0 0 0 0 0 0 0 0 0 566943105 0 0 0 0 0 0 0 0 34918 0 90491 0 0 0 0 0 0 0 0 0 0 0 72899002 1 0 0 0 0 0 0 0 0 0 0 0 0 0 0 0 0 0 0 0 0 0 0 86052 4213 0 0 0 0 1799027 0 0 0 0 0 0 0 0 0 0 0 0 0 0 0 0 0 0 0 0 0 0 0 0 0 0 0 0 0 0 0 0 0 0 0 0 0 0 0 0 0 0 0 0 0 0 0 0 0 0 0 0 0 0 0 0 0 0 0 0 0 0 0 0 0 0 0 0 0 0 0 0 0 0 0 25834504 0 0 0
ctxt 38241784
btime 1673080802
processes 38440
procs_running 2
procs_blocked 0
softirq 132427842 108395643 1902331 340317 5412422 90461 0 12802692 2407515 0 1076461

cpu  1316947 74 1895143 21170806 29594 0 547998 0 0 0
cpu0 4742 14 9756 6066987 9878 0 139339 0 0 0
cpu1 1300699 0 1863180 2953880 2588 0 147802 0 0 0
cpu2 5747 6 11080 6069564 7076 0 139195 0 0 0
cpu3 5758 54 11126 6080374 10051 0 121660 0 0 0
intr 671169047 0 0 97460 75 0 53655 3087365 0 0 0 225969 0 0 0 0 0 0 0 0 0 0 0 0 0 0 0 0 0 0 0 0 0 0 0 0 0 0 0 0 0 0 0 0 0 0 0 0 0 0 0 0 566951622 0 0 0 0 0 0 0 0 34918 0 90491 0 0 0 0 0 0 0 0 0 0 0 72903495 1 0 0 0 0 0 0 0 0 0 0 0 0 0 0 0 0 0 0 0 0 0 0 86052 4213 0 0 0 0 1799049 0 0 0 0 0 0 0 0 0 0 0 0 0 0 0 0 0 0 0 0 0 0 0 0 0 0 0 0 0 0 0 0 0 0 0 0 0 0 0 0 0 0 0 0 0 0 0 0 0 0 0 0 0 0 0 0 0 0 0 0 0 0 0 0 0 0 0 0 0 0 0 0 0 0 0 25834689 0 0 0
ctxt 38242326
btime 1673080802
processes 38440
procs_running 2
procs_blocked 0
softirq 132438098 108402262 1902355 340317 5413876 90461 0 12804811 2407532 0 1076484

cpu  1316964 74 1895168 21170915 29594 0 548016 0 0 0
cpu0 4742 14 9756 6067023 9878 0 139343 0 0 0
cpu1 1300716 0 1863204 2953880 2588 0 147812 0 0 0
cpu2 5747 6 11080 6069601 7076 0 139196 0 0 0
cpu3 5758 54 11127 6080410 10051 0 121664 0 0 0
intr 671182323 0 0 97460 75 0 53655 3087412 0 0 0 225969 0 0 0 0 0 0 0 0 0 0 0 0 0 0 0 0 0 0 0 0 0 0 0 0 0 0 0 0 0 0 0 0 0 0 0 0 0 0 0 0 566960123 0 0 0 0 0 0 0 0 34918 0 90491 0 0 0 0 0 0 0 0 0 0 0 72908010 1 0 0 0 0 0 0 0 0 0 0 0 0 0 0 0 0 0 0 0 0 0 0 86052 4213 0 0 0 0 1799080 0 0 0 0 0 0 0 0 0 0 0 0 0 0 0 0 0 0 0 0 0 0 0 0 0 0 0 0 0 0 0 0 0 0 0 0 0 0 0 0 0 0 0 0 0 0 0 0 0 0 0 0 0 0 0 0 0 0 0 0 0 0 0 0 0 0 0 0 0 0 0 0 0 0 0 25834870 0 0 0
ctxt 38242971
btime 1673080802
processes 38440
procs_running 2
procs_blocked 0
softirq 132448814 108409311 1902383 340317 5415347 90461 0 12806947 2407547 0 1076501

cpu  1316982 74 1895188 21171023 29594 0 548035 0 0 0
cpu0 4742 14 9756 6067060 9878 0 139345 0 0 0
cpu1 1300734 0 1863224 2953880 2588 0 147824 0 0 0
cpu2 5747 6 11081 6069637 7076 0 139197 0 0 0
cpu3 5758 54 11127 6080445 10051 0 121668 0 0 0
intr 671195780 0 0 97460 75 0 53655 3087451 0 0 0 225969 0 0 0 0 0 0 0 0 0 0 0 0 0 0 0 0 0 0 0 0 0 0 0 0 0 0 0 0 0 0 0 0 0 0 0 0 0 0 0 0 566968747 0 0 0 0 0 0 0 0 34918 0 90491 0 0 0 0 0 0 0 0 0 0 0 72912594 1 0 0 0 0 0 0 0 0 0 0 0 0 0 0 0 0 0 0 0 0 0 0 86052 4213 0 0 0 0 1799115 0 0 0 0 0 0 0 0 0 0 0 0 0 0 0 0 0 0 0 0 0 0 0 0 0 0 0 0 0 0 0 0 0 0 0 0 0 0 0 0 0 0 0 0 0 0 0 0 0 0 0 0 0 0 0 0 0 0 0 0 0 0 0 0 0 0 0 0 0 0 0 0 0 0 0 25835050 0 0 0
ctxt 38243635
btime 1673080802
processes 38440
procs_running 3
procs_blocked 0
softirq 132459608 108416662 1902412 340317 5416682 90461 0 12808991 2407562 0 1076521

cpu  1316998 74 1895210 21171131 29594 0 548055 0 0 0
cpu0 4742 14 9756 6067096 9878 0 139346 0 0 0
cpu1 1300750 0 1863245 2953880 2588 0 147837 0 0 0
cpu2 5747 6 11081 6069673 7076 0 139198 0 0 0
cpu3 5758 54 11127 6080481 10051 0 121672 0 0 0
intr 671208962 0 0 97461 75 0 53655 3087487 0 0 0 225970 0 0 0 0 0 0 0 0 0 0 0 0 0 0 0 0 0 0 0 0 0 0 0 0 0 0 0 0 0 0 0 0 0 0 0 0 0 0 0 0 566977230 0 0 0 0 0 0 0 0 34918 0 90493 0 0 0 0 0 0 0 0 0 0 0 72917054 1 0 0 0 0 0 0 0 0 0 0 0 0 0 0 0 0 0 0 0 0 0 0 86054 4213 0 0 0 0 1799140 0 0 0 0 0 0 0 0 0 0 0 0 0 0 0 0 0 0 0 0 0 0 0 0 0 0 0 0 0 0 0 0 0 0 0 0 0 0 0 0 0 0 0 0 0 0 0 0 0 0 0 0 0 0 0 0 0 0 0 0 0 0 0 0 0 0 0 0 0 0 0 0 0 0 0 25835223 0 0 0
ctxt 38244236
btime 1673080802
processes 38440
procs_running 3
procs_blocked 0
softirq 132470180 108423479 1902441 340318 5418200 90463 0 12811160 2407581 0 1076538

cpu  1317016 74 1895235 21171253 29594 0 548066 0 0 0
cpu0 4742 14 9756 6067137 9878 0 139348 0 0 0
cpu1 1300768 0 1863270 2953880 2588 0 147844 0 0 0
cpu2 5747 6 11081 6069714 7076 0 139199 0 0 0
cpu3 5758 54 11128 6080521 10051 0 121674 0 0 0
intr 671223038 0 0 97461 75 0 53655 3087518 0 0 0 225970 0 0 0 0 0 0 0 0 0 0 0 0 0 0 0 0 0 0 0 0 0 0 0 0 0 0 0 0 0 0 0 0 0 0 0 0 0 0 0 0 566986206 0 0 0 0 0 0 0 0 34918 0 90493 0 0 0 0 0 0 0 0 0 0 0 72921918 1 0 0 0 0 0 0 0 0 0 0 0 0 0 0 0 0 0 0 0 0 0 0 86054 4213 0 0 0 0 1799162 0 0 0 0 0 0 0 0 0 0 0 0 0 0 0 0 0 0 0 0 0 0 0 0 0 0 0 0 0 0 0 0 0 0 0 0 0 0 0 0 0 0 0 0 0 0 0 0 0 0 0 0 0 0 0 0 0 0 0 0 0 0 0 0 0 0 0 0 0 0 0 0 0 0 0 25835394 0 0 0
ctxt 38244537
btime 1673080802
processes 38440
procs_running 2
procs_blocked 0
softirq 132482398 108429694 1902468 340318 5420711 90463 0 12814586 2407602 0 1076556

cpu  1317030 74 1895258 21171364 29594 0 548089 0 0 0
cpu0 4742 14 9756 6067175 9878 0 139351 0 0 0
cpu1 1300782 0 1863292 2953880 2588 0 147858 0 0 0
cpu2 5747 6 11081 6069750 7076 0 139202 0 0 0
cpu3 5758 54 11128 6080558 10051 0 121676 0 0 0
intr 671236506 0 0 97465 75 0 53655 3087554 0 0 0 225970 0 0 0 0 0 0 0 0 0 0 0 0 0 0 0 0 0 0 0 0 0 0 0 0 0 0 0 0 0 0 0 0 0 0 0 0 0 0 0 0 566994849 0 0 0 0 0 0 0 0 34918 0 90493 0 0 0 0 0 0 0 0 0 0 0 72926505 1 0 0 0 0 0 0 0 0 0 0 0 0 0 0 0 0 0 0 0 0 0 0 86054 4213 0 0 0 0 1799184 0 0 0 0 0 0 0 0 0 0 0 0 0 0 0 0 0 0 0 0 0 0 0 0 0 0 0 0 0 0 0 0 0 0 0 0 0 0 0 0 0 0 0 0 0 0 0 0 0 0 0 0 0 0 0 0 0 0 0 0 0 0 0 0 0 0 0 0 0 0 0 0 0 0 0 25835576 0 0 0
ctxt 38245090
btime 1673080802
processes 38440
procs_running 2
procs_blocked 0
softirq 132493187 108436413 1902496 340318 5422384 90463 0 12816921 2407618 0 1076574

cpu  1317045 74 1895280 21171473 29594 0 548108 0 0 0
cpu0 4742 14 9756 6067211 9878 0 139354 0 0 0
cpu1 1300797 0 1863314 2953880 2588 0 147871 0 0 0
cpu2 5747 6 11081 6069787 7076 0 139203 0 0 0
cpu3 5758 54 11128 6080594 10051 0 121679 0 0 0
intr 671249678 0 0 97465 75 0 53655 3087579 0 0 0 225970 0 0 0 0 0 0 0 0 0 0 0 0 0 0 0 0 0 0 0 0 0 0 0 0 0 0 0 0 0 0 0 0 0 0 0 0 0 0 0 0 567003341 0 0 0 0 0 0 0 0 34918 0 90493 0 0 0 0 0 0 0 0 0 0 0 72930967 1 0 0 0 0 0 0 0 0 0 0 0 0 0 0 0 0 0 0 0 0 0 0 86054 4213 0 0 0 0 1799206 0 0 0 0 0 0 0 0 0 0 0 0 0 0 0 0 0 0 0 0 0 0 0 0 0 0 0 0 0 0 0 0 0 0 0 0 0 0 0 0 0 0 0 0 0 0 0 0 0 0 0 0 0 0 0 0 0 0 0 0 0 0 0 0 0 0 0 0 0 0 0 0 0 0 0 25835751 0 0 0
ctxt 38245640
btime 1673080802
processes 38440
procs_running 2
procs_blocked 0
softirq 132503767 108443210 1902524 340318 5423915 90463 0 12819105 2407643 0 1076589

cpu  1317067 74 1895300 21171581 29594 0 548123 0 0 0
cpu0 4742 14 9756 6067248 9878 0 139355 0 0 0
cpu1 1300819 0 1863334 2953880 2588 0 147879 0 0 0
cpu2 5747 6 11081 6069822 7076 0 139205 0 0 0
cpu3 5758 54 11128 6080629 10051 0 121683 0 0 0
intr 671262828 0 0 97466 75 0 53655 3087611 0 0 0 225970 0 0 0 0 0 0 0 0 0 0 0 0 0 0 0 0 0 0 0 0 0 0 0 0 0 0 0 0 0 0 0 0 0 0 0 0 0 0 0 0 567011814 0 0 0 0 0 0 0 0 34918 0 90493 0 0 0 0 0 0 0 0 0 0 0 72935406 1 0 0 0 0 0 0 0 0 0 0 0 0 0 0 0 0 0 0 0 0 0 0 86054 4213 0 0 0 0 1799228 0 0 0 0 0 0 0 0 0 0 0 0 0 0 0 0 0 0 0 0 0 0 0 0 0 0 0 0 0 0 0 0 0 0 0 0 0 0 0 0 0 0 0 0 0 0 0 0 0 0 0 0 0 0 0 0 0 0 0 0 0 0 0 0 0 0 0 0 0 0 0 0 0 0 0 25835925 0 0 0
ctxt 38246197
btime 1673080802
processes 38440
procs_running 2
procs_blocked 0
softirq 132514225 108449960 1902552 340318 5425402 90463 0 12821256 2407667 0 1076607

cpu  1317086 74 1895321 21171689 29594 0 548141 0 0 0
cpu0 4742 14 9756 6067285 9878 0 139358 0 0 0
cpu1 1300838 0 1863355 2953880 2588 0 147889 0 0 0
cpu2 5747 6 11081 6069857 7076 0 139206 0 0 0
cpu3 5758 54 11128 6080665 10051 0 121686 0 0 0
intr 671276231 0 0 97466 75 0 53655 3087641 0 0 0 225970 0 0 0 0 0 0 0 0 0 0 0 0 0 0 0 0 0 0 0 0 0 0 0 0 0 0 0 0 0 0 0 0 0 0 0 0 0 0 0 0 567020377 0 0 0 0 0 0 0 0 34918 0 90493 0 0 0 0 0 0 0 0 0 0 0 72940014 1 0 0 0 0 0 0 0 0 0 0 0 0 0 0 0 0 0 0 0 0 0 0 86054 4213 0 0 0 0 1799250 0 0 0 0 0 0 0 0 0 0 0 0 0 0 0 0 0 0 0 0 0 0 0 0 0 0 0 0 0 0 0 0 0 0 0 0 0 0 0 0 0 0 0 0 0 0 0 0 0 0 0 0 0 0 0 0 0 0 0 0 0 0 0 0 0 0 0 0 0 0 0 0 0 0 0 25836105 0 0 0
ctxt 38246758
btime 1673080802
processes 38440
procs_running 2
procs_blocked 0
softirq 132524464 108456783 1902579 340318 5426747 90463 0 12823252 2407698 0 1076624

cpu  1317104 74 1895340 21171798 29594 0 548160 0 0 0
cpu0 4742 14 9756 6067322 9878 0 139360 0 0 0
cpu1 1300856 0 1863373 2953880 2588 0 147903 0 0 0
cpu2 5747 6 11081 6069894 7076 0 139208 0 0 0
cpu3 5759 54 11129 6080701 10051 0 121688 0 0 0
intr 671289505 0 0 97466 75 0 53655 3087676 0 0 0 225970 0 0 0 0 0 0 0 0 0 0 0 0 0 0 0 0 0 0 0 0 0 0 0 0 0 0 0 0 0 0 0 0 0 0 0 0 0 0 0 0 567028902 0 0 0 0 0 0 0 0 34918 0 90493 0 0 0 0 0 0 0 0 0 0 0 72944532 1 0 0 0 0 0 0 0 0 0 0 0 0 0 0 0 0 0 0 0 0 0 0 86054 4213 0 0 0 0 1799272 0 0 0 0 0 0 0 0 0 0 0 0 0 0 0 0 0 0 0 0 0 0 0 0 0 0 0 0 0 0 0 0 0 0 0 0 0 0 0 0 0 0 0 0 0 0 0 0 0 0 0 0 0 0 0 0 0 0 0 0 0 0 0 0 0 0 0 0 0 0 0 0 0 0 0 25836279 0 0 0
ctxt 38247344
btime 1673080802
processes 38440
procs_running 2
procs_blocked 0
softirq 132534909 108463614 1902607 340318 5428187 90463 0 12825353 2407725 0 1076642

cpu  1317120 74 1895364 21171906 29594 0 548178 0 0 0
cpu0 4742 14 9756 6067358 9878 0 139363 0 0 0
cpu1 1300871 0 1863396 2953880 2588 0 147914 0 0 0
cpu2 5747 6 11081 6069930 7076 0 139210 0 0 0
cpu3 5759 54 11129 6080737 10051 0 121690 0 0 0
intr 671302809 0 0 97466 75 0 53655 3087698 0 0 0 225970 0 0 0 0 0 0 0 0 0 0 0 0 0 0 0 0 0 0 0 0 0 0 0 0 0 0 0 0 0 0 0 0 0 0 0 0 0 0 0 0 567037440 0 0 0 0 0 0 0 0 34918 0 90493 0 0 0 0 0 0 0 0 0 0 0 72949077 1 0 0 0 0 0 0 0 0 0 0 0 0 0 0 0 0 0 0 0 0 0 0 86054 4213 0 0 0 0 1799294 0 0 0 0 0 0 0 0 0 0 0 0 0 0 0 0 0 0 0 0 0 0 0 0 0 0 0 0 0 0 0 0 0 0 0 0 0 0 0 0 0 0 0 0 0 0 0 0 0 0 0 0 0 0 0 0 0 0 0 0 0 0 0 0 0 0 0 0 0 0 0 0 0 0 0 25836455 0 0 0
ctxt 38247936
btime 1673080802
processes 38440
procs_running 2
procs_blocked 0
softirq 132545634 108470683 1902632 340318 5429664 90463 0 12827465 2407750 0 1076659

cpu  1317142 74 1895387 21172033 29594 0 548189 0 0 0
cpu0 4742 14 9756 6067400 9878 0 139365 0 0 0
cpu1 1300893 0 1863419 2953880 2588 0 147920 0 0 0
cpu2 5747 6 11081 6069972 7076 0 139211 0 0 0
cpu3 5759 54 11130 6080780 10051 0 121693 0 0 0
intr 671312029 0 0 97467 75 0 53655 3087734 0 0 0 225970 0 0 0 0 0 0 0 0 0 0 0 0 0 0 0 0 0 0 0 0 0 0 0 0 0 0 0 0 0 0 0 0 0 0 0 0 0 0 0 0 567043885 0 0 0 0 0 0 0 0 34918 0 90493 0 0 0 0 0 0 0 0 0 0 0 72951620 1 0 0 0 0 0 0 0 0 0 0 0 0 0 0 0 0 0 0 0 0 0 0 86054 4213 0 0 0 0 1799316 0 0 0 0 0 0 0 0 0 0 0 0 0 0 0 0 0 0 0 0 0 0 0 0 0 0 0 0 0 0 0 0 0 0 0 0 0 0 0 0 0 0 0 0 0 0 0 0 0 0 0 0 0 0 0 0 0 0 0 0 0 0 0 0 0 0 0 0 0 0 0 0 0 0 0 25836628 0 0 0
ctxt 38248313
btime 1673080802
processes 38440
procs_running 2
procs_blocked 0
softirq 132551410 108474550 1902659 340318 5430402 90463 0 12828566 2407775 0 1076677

cpu  1317160 74 1895418 21172182 29594 0 548189 0 0 0
cpu0 4742 14 9756 6067450 9878 0 139365 0 0 0
cpu1 1300912 0 1863450 2953880 2588 0 147920 0 0 0
cpu2 5747 6 11081 6070022 7076 0 139211 0 0 0
cpu3 5759 54 11130 6080829 10051 0 121693 0 0 0
intr 671316372 0 0 97467 75 0 53655 3087769 0 0 0 225970 0 0 0 0 0 0 0 0 0 0 0 0 0 0 0 0 0 0 0 0 0 0 0 0 0 0 0 0 0 0 0 0 0 0 0 0 0 0 0 0 567047886 0 0 0 0 0 0 0 0 34918 0 90493 0 0 0 0 0 0 0 0 0 0 0 72951748 1 0 0 0 0 0 0 0 0 0 0 0 0 0 0 0 0 0 0 0 0 0 0 86054 4213 0 0 0 0 1799338 0 0 0 0 0 0 0 0 0 0 0 0 0 0 0 0 0 0 0 0 0 0 0 0 0 0 0 0 0 0 0 0 0 0 0 0 0 0 0 0 0 0 0 0 0 0 0 0 0 0 0 0 0 0 0 0 0 0 0 0 0 0 0 0 0 0 0 0 0 0 0 0 0 0 0 25836785 0 0 0
ctxt 38248402
btime 1673080802
processes 38440
procs_running 2
procs_blocked 0
softirq 132551484 108474550 1902674 340318 5430403 90463 0 12828585 2407799 0 1076692

cpu  1317179 74 1895450 21172331 29594 0 548189 0 0 0
cpu0 4742 14 9756 6067499 9878 0 139365 0 0 0
cpu1 1300930 0 1863482 2953880 2588 0 147920 0 0 0
cpu2 5747 6 11081 6070072 7076 0 139211 0 0 0
cpu3 5759 54 11130 6080879 10051 0 121693 0 0 0
intr 671320767 0 0 97467 75 0 53655 3087810 0 0 0 225971 0 0 0 0 0 0 0 0 0 0 0 0 0 0 0 0 0 0 0 0 0 0 0 0 0 0 0 0 0 0 0 0 0 0 0 0 0 0 0 0 567051910 0 0 0 0 0 0 0 0 34918 0 90493 0 0 0 0 0 0 0 0 0 0 0 72951902 1 0 0 0 0 0 0 0 0 0 0 0 0 0 0 0 0 0 0 0 0 0 0 86054 4213 0 0 0 0 1799360 0 0 0 0 0 0 0 0 0 0 0 0 0 0 0 0 0 0 0 0 0 0 0 0 0 0 0 0 0 0 0 0 0 0 0 0 0 0 0 0 0 0 0 0 0 0 0 0 0 0 0 0 0 0 0 0 0 0 0 0 0 0 0 0 0 0 0 0 0 0 0 0 0 0 0 25836938 0 0 0
ctxt 38248506
btime 1673080802
processes 38440
procs_running 2
procs_blocked 0
softirq 132551563 108474558 1902690 340319 5430404 90463 0 12828603 2407820 0 1076706

cpu  1317198 74 1895480 21172480 29594 0 548189 0 0 0
cpu0 4742 14 9756 6067549 9878 0 139365 0 0 0
cpu1 1300950 0 1863512 2953880 2588 0 147920 0 0 0
cpu2 5747 6 11081 6070121 7076 0 139211 0 0 0
cpu3 5759 54 11130 6080928 10051 0 121693 0 0 0
intr 671325106 0 0 97467 75 0 53655 3087846 0 0 0 225971 0 0 0 0 0 0 0 0 0 0 0 0 0 0 0 0 0 0 0 0 0 0 0 0 0 0 0 0 0 0 0 0 0 0 0 0 0 0 0 0 567055911 0 0 0 0 0 0 0 0 34918 0 90493 0 0 0 0 0 0 0 0 0 0 0 72952030 1 0 0 0 0 0 0 0 0 0 0 0 0 0 0 0 0 0 0 0 0 0 0 86054 4213 0 0 0 0 1799382 0 0 0 0 0 0 0 0 0 0 0 0 0 0 0 0 0 0 0 0 0 0 0 0 0 0 0 0 0 0 0 0 0 0 0 0 0 0 0 0 0 0 0 0 0 0 0 0 0 0 0 0 0 0 0 0 0 0 0 0 0 0 0 0 0 0 0 0 0 0 0 0 0 0 0 25837091 0 0 0
ctxt 38248590
btime 1673080802
processes 38440
procs_running 2
procs_blocked 0
softirq 132551635 108474558 1902704 340319 5430405 90463 0 12828622 2407843 0 1076721
