cpu  868104 0 1290664 18087895 26063 0 468119 0 0 0
cpu0 3975 0 7920 5038686 8951 0 122668 0 0 0
cpu1 854675 0 1265430 2953880 2588 0 118611 0 0 0
cpu2 4967 0 8712 5039841 6097 0 124113 0 0 0
cpu3 4485 0 8600 5055487 8425 0 102727 0 0 0
intr 551826116 0 0 87946 75 0 43457 2410500 0 0 0 223824 0 0 0 0 0 0 0 0 0 0 0 0 0 0 0 0 0 0 0 0 0 0 0 0 0 0 0 0 0 0 0 0 0 0 0 0 0 0 0 0 467745452 0 0 0 0 0 0 0 0 32916 0 64945 0 0 0 0 0 0 0 0 0 0 0 57227161 1 0 0 0 0 0 0 0 0 0 0 0 0 0 0 0 0 0 0 0 0 0 0 60877 4213 0 0 0 0 1445009 0 0 0 0 0 0 0 0 0 0 0 0 0 0 0 0 0 0 0 0 0 0 0 0 0 0 0 0 0 0 0 0 0 0 0 0 0 0 0 0 0 0 0 0 0 0 0 0 0 0 0 0 0 0 0 0 0 0 0 0 0 0 0 0 0 0 0 0 0 0 0 0 0 0 0 22479740 0 0 0
ctxt 35672463
btime 1673080802
processes 31165
procs_running 2
procs_blocked 0
softirq 103229615 83095392 1572066 283719 4664611 64940 0 10740819 1979680 0 828388

cpu  868125 0 1290694 18088045 26063 0 468119 0 0 0
cpu0 3975 0 7920 5038736 8951 0 122668 0 0 0
cpu1 854696 0 1265460 2953880 2588 0 118611 0 0 0
cpu2 4967 0 8713 5039890 6097 0 124113 0 0 0
cpu3 4486 0 8600 5055537 8425 0 102727 0 0 0
intr 551830476 0 0 87950 75 0 43457 2410540 0 0 0 223824 0 0 0 0 0 0 0 0 0 0 0 0 0 0 0 0 0 0 0 0 0 0 0 0 0 0 0 0 0 0 0 0 0 0 0 0 0 0 0 0 467749461 0 0 0 0 0 0 0 0 32916 0 64945 0 0 0 0 0 0 0 0 0 0 0 57227289 1 0 0 0 0 0 0 0 0 0 0 0 0 0 0 0 0 0 0 0 0 0 0 60877 4213 0 0 0 0 1445031 0 0 0 0 0 0 0 0 0 0 0 0 0 0 0 0 0 0 0 0 0 0 0 0 0 0 0 0 0 0 0 0 0 0 0 0 0 0 0 0 0 0 0 0 0 0 0 0 0 0 0 0 0 0 0 0 0 0 0 0 0 0 0 0 0 0 0 0 0 0 0 0 0 0 0 22479897 0 0 0
ctxt 35672548
btime 1673080802
processes 31165
procs_running 2
procs_blocked 0
softirq 103229689 83095392 1572084 283719 4664612 64940 0 10740837 1979703 0 828402

cpu  868145 0 1290724 18088193 26063 0 468119 0 0 0
cpu0 3975 0 7920 5038786 8951 0 122668 0 0 0
cpu1 854716 0 1265490 2953880 2588 0 118611 0 0 0
cpu2 4968 0 8713 5039940 6097 0 124113 0 0 0
cpu3 4486 0 8600 5055586 8425 0 102727 0 0 0
intr 551834870 0 0 87950 75 0 43457 2410583 0 0 0 223824 0 0 0 0 0 0 0 0 0 0 0 0 0 0 0 0 0 0 0 0 0 0 0 0 0 0 0 0 0 0 0 0 0 0 0 0 0 0 0 0 467753486 0 0 0 0 0 0 0 0 32916 0 64945 0 0 0 0 0 0 0 0 0 0 0 57227443 1 0 0 0 0 0 0 0 0 0 0 0 0 0 0 0 0 0 0 0 0 0 0 60877 4213 0 0 0 0 1445053 0 0 0 0 0 0 0 0 0 0 0 0 0 0 0 0 0 0 0 0 0 0 0 0 0 0 0 0 0 0 0 0 0 0 0 0 0 0 0 0 0 0 0 0 0 0 0 0 0 0 0 0 0 0 0 0 0 0 0 0 0 0 0 0 0 0 0 0 0 0 0 0 0 0 0 22480047 0 0 0
ctxt 35672651
btime 1673080802
processes 31165
procs_running 2
procs_blocked 0
softirq 103229765 83095400 1572100 283720 4664613 64940 0 10740856 1979726 0 828410

cpu  868167 0 1290752 18088342 26063 0 468119 0 0 0
cpu0 3975 0 7920 5038835 8951 0 122668 0 0 0
cpu1 854738 0 1265518 2953880 2588 0 118611 0 0 0
cpu2 4968 0 8713 5039990 6097 0 124113 0 0 0
cpu3 4486 0 8600 5055636 8425 0 102727 0 0 0
intr 551839207 0 0 87951 75 0 43457 2410620 0 0 0 223824 0 0 0 0 0 0 0 0 0 0 0 0 0 0 0 0 0 0 0 0 0 0 0 0 0 0 0 0 0 0 0 0 0 0 0 0 0 0 0 0 467757487 0 0 0 0 0 0 0 0 32916 0 64945 0 0 0 0 0 0 0 0 0 0 0 57227571 1 0 0 0 0 0 0 0 0 0 0 0 0 0 0 0 0 0 0 0 0 0 0 60877 4213 0 0 0 0 1445075 0 0 0 0 0 0 0 0 0 0 0 0 0 0 0 0 0 0 0 0 0 0 0 0 0 0 0 0 0 0 0 0 0 0 0 0 0 0 0 0 0 0 0 0 0 0 0 0 0 0 0 0 0 0 0 0 0 0 0 0 0 0 0 0 0 0 0 0 0 0 0 0 0 0 0 22480196 0 0 0
ctxt 35672732
btime 1673080802
processes 31165
procs_running 2
procs_blocked 0
softirq 103229824 83095400 1572114 283720 4664614 64940 0 10740874 1979744 0 828418

cpu  868188 0 1290782 18088491 26063 0 468119 0 0 0
cpu0 3975 0 7920 5038885 8951 0 122668 0 0 0
cpu1 854758 0 1265548 2953880 2588 0 118611 0 0 0
cpu2 4968 0 8713 5040039 6097 0 124113 0 0 0
cpu3 4486 0 8600 5055685 8425 0 102727 0 0 0
intr 551843602 0 0 87951 75 0 43457 2410665 0 0 0 223824 0 0 0 0 0 0 0 0 0 0 0 0 0 0 0 0 0 0 0 0 0 0 0 0 0 0 0 0 0 0 0 0 0 0 0 0 0 0 0 0 467761511 0 0 0 0 0 0 0 0 32916 0 64945 0 0 0 0 0 0 0 0 0 0 0 57227725 1 0 0 0 0 0 0 0 0 0 0 0 0 0 0 0 0 0 0 0 0 0 0 60877 4213 0 0 0 0 1445097 0 0 0 0 0 0 0 0 0 0 0 0 0 0 0 0 0 0 0 0 0 0 0 0 0 0 0 0 0 0 0 0 0 0 0 0 0 0 0 0 0 0 0 0 0 0 0 0 0 0 0 0 0 0 0 0 0 0 0 0 0 0 0 0 0 0 0 0 0 0 0 0 0 0 0 22480345 0 0 0
ctxt 35672835
btime 1673080802
processes 31165
procs_running 2
procs_blocked 0
softirq 103229899 83095408 1572130 283720 4664615 64940 0 10740893 1979767 0 828426

cpu  868207 0 1290812 18088639 26063 0 468120 0 0 0
cpu0 3975 0 7920 5038935 8951 0 122668 0 0 0
cpu1 854778 0 1265578 2953880 2588 0 118611 0 0 0
cpu2 4968 0 8713 5040089 6097 0 124113 0 0 0
cpu3 4486 0 8600 5055735 8425 0 102727 0 0 0
intr 551847930 0 0 87951 75 0 43457 2410701 0 0 0 223824 0 0 0 0 0 0 0 0 0 0 0 0 0 0 0 0 0 0 0 0 0 0 0 0 0 0 0 0 0 0 0 0 0 0 0 0 0 0 0 0 467765504 0 0 0 0 0 0 0 0 32916 0 64945 0 0 0 0 0 0 0 0 0 0 0 57227853 1 0 0 0 0 0 0 0 0 0 0 0 0 0 0 0 0 0 0 0 0 0 0 60877 4213 0 0 0 0 1445119 0 0 0 0 0 0 0 0 0 0 0 0 0 0 0 0 0 0 0 0 0 0 0 0 0 0 0 0 0 0 0 0 0 0 0 0 0 0 0 0 0 0 0 0 0 0 0 0 0 0 0 0 0 0 0 0 0 0 0 0 0 0 0 0 0 0 0 0 0 0 0 0 0 0 0 22480494 0 0 0
ctxt 35672920
btime 1673080802
processes 31165
procs_running 2
procs_blocked 0
softirq 103229962 83095408 1572145 283720 4664616 64940 0 10740911 1979788 0 828434

cpu  868226 0 1290844 18088788 26063 0 468120 0 0 0
cpu0 3975 0 7920 5038984 8951 0 122668 0 0 0
cpu1 854796 0 1265610 2953880 2588 0 118611 0 0 0
cpu2 4968 0 8713 5040138 6097 0 124113 0 0 0
cpu3 4486 0 8600 5055784 8425 0 102727 0 0 0
intr 551852346 0 0 87951 75 0 43457 2410752 0 0 0 223824 0 0 0 0 0 0 0 0 0 0 0 0 0 0 0 0 0 0 0 0 0 0 0 0 0 0 0 0 0 0 0 0 0 0 0 0 0 0 0 0 467769528 0 0 0 0 0 0 0 0 32916 0 64945 0 0 0 0 0 0 0 0 0 0 0 57228005 1 0 0 0 0 0 0 0 0 0 0 0 0 0 0 0 0 0 0 0 0 0 0 60877 4213 0 0 0 0 1445150 0 0 0 0 0 0 0 0 0 0 0 0 0 0 0 0 0 0 0 0 0 0 0 0 0 0 0 0 0 0 0 0 0 0 0 0 0 0 0 0 0 0 0 0 0 0 0 0 0 0 0 0 0 0 0 0 0 0 0 0 0 0 0 0 0 0 0 0 0 0 0 0 0 0 0 22480653 0 0 0
ctxt 35673048
btime 1673080802
processes 31165
procs_running 2
procs_blocked 0
softirq 103230052 83095416 1572164 283720 4664617 64940 0 10740937 1979812 0 828446

cpu  868249 0 1290871 18088937 26063 0 468120 0 0 0
cpu0 3975 0 7920 5039034 8951 0 122668 0 0 0
cpu1 854818 0 1265637 2953880 2588 0 118611 0 0 0
cpu2 4968 0 8713 5040188 6097 0 124113 0 0 0
cpu3 4487 0 8600 5055834 8425 0 102727 0 0 0
intr 551856690 0 0 87952 75 0 43457 2410790 0 0 0 223824 0 0 0 0 0 0 0 0 0 0 0 0 0 0 0 0 0 0 0 0 0 0 0 0 0 0 0 0 0 0 0 0 0 0 0 0 0 0 0 0 467773528 0 0 0 0 0 0 0 0 32916 0 64945 0 0 0 0 0 0 0 0 0 0 0 57228133 1 0 0 0 0 0 0 0 0 0 0 0 0 0 0 0 0 0 0 0 0 0 0 60877 4213 0 0 0 0 1445172 0 0 0 0 0 0 0 0 0 0 0 0 0 0 0 0 0 0 0 0 0 0 0 0 0 0 0 0 0 0 0 0 0 0 0 0 0 0 0 0 0 0 0 0 0 0 0 0 0 0 0 0 0 0 0 0 0 0 0 0 0 0 0 0 0 0 0 0 0 0 0 0 0 0 0 22480807 0 0 0
ctxt 35673133
btime 1673080802
processes 31165
procs_running 2
procs_blocked 0
softirq 103230123 83095416 1572180 283720 4664618 64940 0 10740955 1979836 0 828458

cpu  868272 0 1290902 18089081 26063 0 468120 0 0 0
cpu0 3975 0 7921 5039082 8951 0 122668 0 0 0
cpu1 854840 0 1265666 2953880 2588 0 118611 0 0 0
cpu2 4968 0 8714 5040236 6097 0 124113 0 0 0
cpu3 4488 0 8600 5055882 8425 0 102727 0 0 0
intr 551861225 0 0 87952 75 0 43470 2410873 0 0 0 223824 0 0 0 0 0 0 0 0 0 0 0 0 0 0 0 0 0 0 0 0 0 0 0 0 0 0 0 0 0 0 0 0 0 0 0 0 0 0 0 0 467777555 0 0 0 0 0 0 0 0 32916 0 64945 0 0 0 0 0 0 0 0 0 0 0 57228287 1 0 0 0 0 0 0 0 0 0 0 0 0 0 0 0 0 0 0 0 0 0 0 60877 4213 0 0 0 0 1445211 0 0 0 0 0 0 0 0 0 0 0 0 0 0 0 0 0 0 0 0 0 0 0 0 0 0 0 0 0 0 0 0 0 0 0 0 0 0 0 0 0 0 0 0 0 0 0 0 0 0 0 0 0 0 0 0 0 0 0 0 0 0 0 0 0 0 0 0 0 0 0 0 0 0 0 22481027 0 0 0
ctxt 35673380
btime 1673080802
processes 31176
procs_running 2
procs_blocked 0
softirq 103230285 83095424 1572210 283720 4664621 64940 0 10740987 1979859 0 828524

cpu  868299 0 1290926 18089229 26063 0 468120 0 0 0
cpu0 3975 0 7921 5039131 8951 0 122668 0 0 0
cpu1 854866 0 1265690 2953880 2588 0 118611 0 0 0
cpu2 4968 0 8714 5040285 6097 0 124113 0 0 0
cpu3 4488 0 8601 5055931 8425 0 102727 0 0 0
intr 551865597 0 0 87952 75 0 43470 2410919 0 0 0 223824 0 0 0 0 0 0 0 0 0 0 0 0 0 0 0 0 0 0 0 0 0 0 0 0 0 0 0 0 0 0 0 0 0 0 0 0 0 0 0 0 467781560 0 0 0 0 0 0 0 0 32916 0 64945 0 0 0 0 0 0 0 0 0 0 0 57228415 1 0 0 0 0 0 0 0 0 0 0 0 0 0 0 0 0 0 0 0 0 0 0 60877 4213 0 0 0 0 1445240 0 0 0 0 0 0 0 0 0 0 0 0 0 0 0 0 0 0 0 0 0 0 0 0 0 0 0 0 0 0 0 0 0 0 0 0 0 0 0 0 0 0 0 0 0 0 0 0 0 0 0 0 0 0 0 0 0 0 0 0 0 0 0 0 0 0 0 0 0 0 0 0 0 0 0 22481191 0 0 0
ctxt 35673485
btime 1673080802
processes 31176
procs_running 2
procs_blocked 0
softirq 103230376 83095424 1572230 283720 4664622 64940 0 10741011 1979883 0 828546

cpu  868320 0 1290955 18089376 26063 0 468120 0 0 0
cpu0 3975 0 7921 5039181 8951 0 122668 0 0 0
cpu1 854888 0 1265718 2953880 2588 0 118611 0 0 0
cpu2 4968 0 8714 5040334 6097 0 124113 0 0 0
cpu3 4488 0 8601 5055980 8425 0 102727 0 0 0
intr 551870025 0 0 87952 75 0 43470 2410972 0 0 0 223825 0 0 0 0 0 0 0 0 0 0 0 0 0 0 0 0 0 0 0 0 0 0 0 0 0 0 0 0 0 0 0 0 0 0 0 0 0 0 0 0 467785579 0 0 0 0 0 0 0 0 32916 0 64945 0 0 0 0 0 0 0 0 0 0 0 57228569 1 0 0 0 0 0 0 0 0 0 0 0 0 0 0 0 0 0 0 0 0 0 0 60877 4213 0 0 0 0 1445273 0 0 0 0 0 0 0 0 0 0 0 0 0 0 0 0 0 0 0 0 0 0 0 0 0 0 0 0 0 0 0 0 0 0 0 0 0 0 0 0 0 0 0 0 0 0 0 0 0 0 0 0 0 0 0 0 0 0 0 0 0 0 0 0 0 0 0 0 0 0 0 0 0 0 0 22481362 0 0 0
ctxt 35673635
btime 1673080802
processes 31176
procs_running 2
procs_blocked 0
softirq 103230475 83095432 1572249 283720 4664624 64940 0 10741040 1979904 0 828566

cpu  868343 0 1290985 18089519 26066 0 468120 0 0 0
cpu0 3975 0 7921 5039227 8953 0 122668 0 0 0
cpu1 854910 0 1265745 2953880 2588 0 118611 0 0 0
cpu2 4968 0 8715 5040383 6097 0 124113 0 0 0
cpu3 4488 0 8603 5056027 8426 0 102727 0 0 0
intr 551874474 0 0 87953 75 0 43471 2411041 0 0 0 223825 0 0 0 0 0 0 0 0 0 0 0 0 0 0 0 0 0 0 0 0 0 0 0 0 0 0 0 0 0 0 0 0 0 0 0 0 0 0 0 0 467789575 0 0 0 0 0 0 0 0 32916 0 64971 0 0 0 0 0 0 0 0 0 0 0 57228697 1 0 0 0 0 0 0 0 0 0 0 0 0 0 0 0 0 0 0 0 0 0 0 60903 4213 0 0 0 0 1445301 0 0 0 0 0 0 0 0 0 0 0 0 0 0 0 0 0 0 0 0 0 0 0 0 0 0 0 0 0 0 0 0 0 0 0 0 0 0 0 0 0 0 0 0 0 0 0 0 0 0 0 0 0 0 0 0 0 0 0 0 0 0 0 0 0 0 0 0 0 0 0 0 0 0 0 22481533 0 0 0
ctxt 35674010
btime 1673080802
processes 31177
procs_running 2
procs_blocked 0
softirq 103230678 83095432 1572270 283720 4664626 64966 0 10741140 1979926 0 828598

cpu  868366 0 1291013 18089666 26066 0 468120 0 0 0
cpu0 3975 0 7921 5039276 8953 0 122668 0 0 0
cpu1 854934 0 1265772 2953880 2588 0 118611 0 0 0
cpu2 4968 0 8715 5040433 6097 0 124113 0 0 0
cpu3 4488 0 8604 5056076 8426 0 102727 0 0 0
intr 551878902 0 0 87953 75 0 43471 2411092 0 0 0 223825 0 0 0 0 0 0 0 0 0 0 0 0 0 0 0 0 0 0 0 0 0 0 0 0 0 0 0 0 0 0 0 0 0 0 0 0 0 0 0 0 467793603 0 0 0 0 0 0 0 0 32916 0 64971 0 0 0 0 0 0 0 0 0 0 0 57228851 1 0 0 0 0 0 0 0 0 0 0 0 0 0 0 0 0 0 0 0 0 0 0 60903 4213 0 0 0 0 1445330 0 0 0 0 0 0 0 0 0 0 0 0 0 0 0 0 0 0 0 0 0 0 0 0 0 0 0 0 0 0 0 0 0 0 0 0 0 0 0 0 0 0 0 0 0 0 0 0 0 0 0 0 0 0 0 0 0 0 0 0 0 0 0 0 0 0 0 0 0 0 0 0 0 0 0 22481701 0 0 0
ctxt 35674144
btime 1673080802
processes 31177
procs_running 2
procs_blocked 0
softirq 103230772 83095440 1572289 283720 4664628 64966 0 10741166 1979947 0 828616

cpu  868390 0 1291040 18089814 26066 0 468121 0 0 0
cpu0 3975 0 7921 5039326 8953 0 122668 0 0 0
cpu1 854957 0 1265798 2953880 2588 0 118611 0 0 0
cpu2 4968 0 8715 5040482 6097 0 124114 0 0 0
cpu3 4489 0 8604 5056125 8426 0 102727 0 0 0
intr 551883248 0 0 87953 75 0 43471 2411132 0 0 0 223825 0 0 0 0 0 0 0 0 0 0 0 0 0 0 0 0 0 0 0 0 0 0 0 0 0 0 0 0 0 0 0 0 0 0 0 0 0 0 0 0 467797599 0 0 0 0 0 0 0 0 32916 0 64971 0 0 0 0 0 0 0 0 0 0 0 57228979 1 0 0 0 0 0 0 0 0 0 0 0 0 0 0 0 0 0 0 0 0 0 0 60903 4213 0 0 0 0 1445352 0 0 0 0 0 0 0 0 0 0 0 0 0 0 0 0 0 0 0 0 0 0 0 0 0 0 0 0 0 0 0 0 0 0 0 0 0 0 0 0 0 0 0 0 0 0 0 0 0 0 0 0 0 0 0 0 0 0 0 0 0 0 0 0 0 0 0 0 0 0 0 0 0 0 0 22481859 0 0 0
ctxt 35674243
btime 1673080802
processes 31177
procs_running 2
procs_blocked 0
softirq 103230846 83095440 1572305 283721 4664629 64966 0 10741184 1979968 0 828633

cpu  868412 0 1291069 18089962 26066 0 468121 0 0 0
cpu0 3976 0 7921 5039375 8953 0 122668 0 0 0
cpu1 854978 0 1265828 2953880 2588 0 118611 0 0 0
cpu2 4968 0 8715 5040531 6097 0 124114 0 0 0
cpu3 4489 0 8604 5056174 8426 0 102727 0 0 0
intr 551887651 0 0 87953 75 0 43471 2411173 0 0 0 223825 0 0 0 0 0 0 0 0 0 0 0 0 0 0 0 0 0 0 0 0 0 0 0 0 0 0 0 0 0 0 0 0 0 0 0 0 0 0 0 0 467801625 0 0 0 0 0 0 0 0 32916 0 64971 0 0 0 0 0 0 0 0 0 0 0 57229133 1 0 0 0 0 0 0 0 0 0 0 0 0 0 0 0 0 0 0 0 0 0 0 60903 4213 0 0 0 0 1445374 0 0 0 0 0 0 0 0 0 0 0 0 0 0 0 0 0 0 0 0 0 0 0 0 0 0 0 0 0 0 0 0 0 0 0 0 0 0 0 0 0 0 0 0 0 0 0 0 0 0 0 0 0 0 0 0 0 0 0 0 0 0 0 0 0 0 0 0 0 0 0 0 0 0 0 22482018 0 0 0
ctxt 35674351
btime 1673080802
processes 31177
procs_running 2
procs_blocked 0
softirq 103230929 83095448 1572322 283721 4664630 64966 0 10741203 1979990 0 828649

cpu  868435 0 1291096 18090110 26066 0 468121 0 0 0
cpu0 3976 0 7921 5039425 8953 0 122668 0 0 0
cpu1 855002 0 1265854 2953880 2588 0 118611 0 0 0
cpu2 4968 0 8715 5040581 6097 0 124114 0 0 0
cpu3 4489 0 8604 5056223 8426 0 102727 0 0 0
intr 551891987 0 0 87954 75 0 43471 2411208 0 0 0 223825 0 0 0 0 0 0 0 0 0 0 0 0 0 0 0 0 0 0 0 0 0 0 0 0 0 0 0 0 0 0 0 0 0 0 0 0 0 0 0 0 467805619 0 0 0 0 0 0 0 0 32916 0 64971 0 0 0 0 0 0 0 0 0 0 0 57229261 1 0 0 0 0 0 0 0 0 0 0 0 0 0 0 0 0 0 0 0 0 0 0 60903 4213 0 0 0 0 1445396 0 0 0 0 0 0 0 0 0 0 0 0 0 0 0 0 0 0 0 0 0 0 0 0 0 0 0 0 0 0 0 0 0 0 0 0 0 0 0 0 0 0 0 0 0 0 0 0 0 0 0 0 0 0 0 0 0 0 0 0 0 0 0 0 0 0 0 0 0 0 0 0 0 0 0 22482174 0 0 0
ctxt 35674442
btime 1673080802
processes 31177
procs_running 2
procs_blocked 0
softirq 103231004 83095448 1572338 283721 4664631 64966 0 10741221 1980012 0 828667

cpu  868454 0 1291126 18090258 26066 0 468121 0 0 0
cpu0 3976 0 7921 5039474 8953 0 122668 0 0 0
cpu1 855021 0 1265884 2953880 2588 0 118611 0 0 0
cpu2 4968 0 8715 5040630 6097 0 124114 0 0 0
cpu3 4489 0 8604 5056273 8426 0 102727 0 0 0
intr 551896436 0 0 87954 75 0 43471 2411267 0 0 0 223825 0 0 0 0 0 0 0 0 0 0 0 0 0 0 0 0 0 0 0 0 0 0 0 0 0 0 0 0 0 0 0 0 0 0 0 0 0 0 0 0 467809644 0 0 0 0 0 0 0 0 32916 0 64977 0 0 0 0 0 0 0 0 0 0 0 57229415 1 0 0 0 0 0 0 0 0 0 0 0 0 0 0 0 0 0 0 0 0 0 0 60909 4213 0 0 0 0 1445431 0 0 0 0 0 0 0 0 0 0 0 0 0 0 0 0 0 0 0 0 0 0 0 0 0 0 0 0 0 0 0 0 0 0 0 0 0 0 0 0 0 0 0 0 0 0 0 0 0 0 0 0 0 0 0 0 0 0 0 0 0 0 0 0 0 0 0 0 0 0 0 0 0 0 0 22482338 0 0 0
ctxt 35674641
btime 1673080802
processes 31177
procs_running 2
procs_blocked 0
softirq 103231129 83095456 1572359 283721 4664633 64972 0 10741269 1980037 0 828682

cpu  868478 0 1291154 18090407 26066 0 468121 0 0 0
cpu0 3976 0 7921 5039524 8953 0 122668 0 0 0
cpu1 855044 0 1265911 2953880 2588 0 118611 0 0 0
cpu2 4968 0 8716 5040680 6097 0 124114 0 0 0
cpu3 4490 0 8604 5056322 8426 0 102727 0 0 0
intr 551900777 0 0 87954 75 0 43471 2411303 0 0 0 223825 0 0 0 0 0 0 0 0 0 0 0 0 0 0 0 0 0 0 0 0 0 0 0 0 0 0 0 0 0 0 0 0 0 0 0 0 0 0 0 0 467813645 0 0 0 0 0 0 0 0 32916 0 64977 0 0 0 0 0 0 0 0 0 0 0 57229543 1 0 0 0 0 0 0 0 0 0 0 0 0 0 0 0 0 0 0 0 0 0 0 60909 4213 0 0 0 0 1445453 0 0 0 0 0 0 0 0 0 0 0 0 0 0 0 0 0 0 0 0 0 0 0 0 0 0 0 0 0 0 0 0 0 0 0 0 0 0 0 0 0 0 0 0 0 0 0 0 0 0 0 0 0 0 0 0 0 0 0 0 0 0 0 0 0 0 0 0 0 0 0 0 0 0 0 22482493 0 0 0
ctxt 35674726
btime 1673080802
processes 31177
procs_running 2
procs_blocked 0
softirq 103231200 83095456 1572374 283721 4664634 64972 0 10741287 1980058 0 828698

cpu  868502 0 1291180 18090556 26066 0 468121 0 0 0
cpu0 3976 0 7921 5039574 8953 0 122668 0 0 0
cpu1 855068 0 1265937 2953880 2588 0 118611 0 0 0
cpu2 4968 0 8716 5040729 6097 0 124114 0 0 0
cpu3 4490 0 8604 5056372 8426 0 102727 0 0 0
intr 551905173 0 0 87954 75 0 43471 2411344 0 0 0 223825 0 0 0 0 0 0 0 0 0 0 0 0 0 0 0 0 0 0 0 0 0 0 0 0 0 0 0 0 0 0 0 0 0 0 0 0 0 0 0 0 467817669 0 0 0 0 0 0 0 0 32916 0 64977 0 0 0 0 0 0 0 0 0 0 0 57229697 1 0 0 0 0 0 0 0 0 0 0 0 0 0 0 0 0 0 0 0 0 0 0 60909 4213 0 0 0 0 1445475 0 0 0 0 0 0 0 0 0 0 0 0 0 0 0 0 0 0 0 0 0 0 0 0 0 0 0 0 0 0 0 0 0 0 0 0 0 0 0 0 0 0 0 0 0 0 0 0 0 0 0 0 0 0 0 0 0 0 0 0 0 0 0 0 0 0 0 0 0 0 0 0 0 0 0 22482647 0 0 0
ctxt 35674836
btime 1673080802
processes 31177
procs_running 2
procs_blocked 0
softirq 103231281 83095464 1572390 283721 4664635 64972 0 10741306 1980079 0 828714

cpu  868528 0 1291206 18090704 26066 0 468121 0 0 0
cpu0 3976 0 7921 5039623 8953 0 122668 0 0 0
cpu1 855093 0 1265962 2953880 2588 0 118611 0 0 0
cpu2 4968 0 8716 5040779 6097 0 124114 0 0 0
cpu3 4490 0 8605 5056421 8426 0 102727 0 0 0
intr 551909535 0 0 87955 75 0 43471 2411385 0 0 0 223825 0 0 0 0 0 0 0 0 0 0 0 0 0 0 0 0 0 0 0 0 0 0 0 0 0 0 0 0 0 0 0 0 0 0 0 0 0 0 0 0 467821670 0 0 0 0 0 0 0 0 32916 0 64980 0 0 0 0 0 0 0 0 0 0 0 57229825 1 0 0 0 0 0 0 0 0 0 0 0 0 0 0 0 0 0 0 0 0 0 0 60912 4213 0 0 0 0 1445497 0 0 0 0 0 0 0 0 0 0 0 0 0 0 0 0 0 0 0 0 0 0 0 0 0 0 0 0 0 0 0 0 0 0 0 0 0 0 0 0 0 0 0 0 0 0 0 0 0 0 0 0 0 0 0 0 0 0 0 0 0 0 0 0 0 0 0 0 0 0 0 0 0 0 0 22482811 0 0 0
ctxt 35674969
btime 1673080802
processes 31177
procs_running 2
procs_blocked 0
softirq 103231373 83095464 1572407 283721 4664636 64975 0 10741333 1980099 0 828738

cpu  868549 0 1291235 18090852 26066 0 468121 0 0 0
cpu0 3976 0 7922 5039673 8953 0 122668 0 0 0
cpu1 855114 0 1265991 2953880 2588 0 118611 0 0 0
cpu2 4968 0 8716 5040828 6097 0 124114 0 0 0
cpu3 4490 0 8605 5056470 8426 0 102727 0 0 0
intr 551913940 0 0 87955 75 0 43471 2411430 0 0 0 223826 0 0 0 0 0 0 0 0 0 0 0 0 0 0 0 0 0 0 0 0 0 0 0 0 0 0 0 0 0 0 0 0 0 0 0 0 0 0 0 0 467825694 0 0 0 0 0 0 0 0 32916 0 64980 0 0 0 0 0 0 0 0 0 0 0 57229979 1 0 0 0 0 0 0 0 0 0 0 0 0 0 0 0 0 0 0 0 0 0 0 60912 4213 0 0 0 0 1445519 0 0 0 0 0 0 0 0 0 0 0 0 0 0 0 0 0 0 0 0 0 0 0 0 0 0 0 0 0 0 0 0 0 0 0 0 0 0 0 0 0 0 0 0 0 0 0 0 0 0 0 0 0 0 0 0 0 0 0 0 0 0 0 0 0 0 0 0 0 0 0 0 0 0 0 22482969 0 0 0
ctxt 35675082
btime 1673080802
processes 31177
procs_running 2
procs_blocked 0
softirq 103231454 83095472 1572422 283721 4664637 64975 0 10741352 1980122 0 828753

cpu  868571 0 1291264 18091001 26066 0 468121 0 0 0
cpu0 3976 0 7922 5039722 8953 0 122668 0 0 0
cpu1 855136 0 1266019 2953880 2588 0 118611 0 0 0
cpu2 4968 0 8716 5040878 6097 0 124114 0 0 0
cpu3 4490 0 8605 5056520 8426 0 102727 0 0 0
intr 551918305 0 0 87959 75 0 43471 2411471 0 0 0 223826 0 0 0 0 0 0 0 0 0 0 0 0 0 0 0 0 0 0 0 0 0 0 0 0 0 0 0 0 0 0 0 0 0 0 0 0 0 0 0 0 467829695 0 0 0 0 0 0 0 0 32916 0 64980 0 0 0 0 0 0 0 0 0 0 0 57230107 1 0 0 0 0 0 0 0 0 0 0 0 0 0 0 0 0 0 0 0 0 0 0 60912 4213 0 0 0 0 1445541 0 0 0 0 0 0 0 0 0 0 0 0 0 0 0 0 0 0 0 0 0 0 0 0 0 0 0 0 0 0 0 0 0 0 0 0 0 0 0 0 0 0 0 0 0 0 0 0 0 0 0 0 0 0 0 0 0 0 0 0 0 0 0 0 0 0 0 0 0 0 0 0 0 0 0 22483140 0 0 0
ctxt 35675183
btime 1673080802
processes 31177
procs_running 2
procs_blocked 0
softirq 103231537 83095472 1572439 283721 4664638 64975 0 10741370 1980143 0 828779

cpu  868591 0 1291294 18091150 26066 0 468121 0 0 0
cpu0 3976 0 7922 5039772 8953 0 122668 0 0 0
cpu1 855156 0 1266049 2953880 2588 0 118611 0 0 0
cpu2 4968 0 8716 5040927 6097 0 124114 0 0 0
cpu3 4490 0 8606 5056569 8426 0 102727 0 0 0
intr 551922709 0 0 87959 75 0 43471 2411518 0 0 0 223826 0 0 0 0 0 0 0 0 0 0 0 0 0 0 0 0 0 0 0 0 0 0 0 0 0 0 0 0 0 0 0 0 0 0 0 0 0 0 0 0 467833720 0 0 0 0 0 0 0 0 32916 0 64980 0 0 0 0 0 0 0 0 0 0 0 57230261 1 0 0 0 0 0 0 0 0 0 0 0 0 0 0 0 0 0 0 0 0 0 0 60912 4213 0 0 0 0 1445563 0 0 0 0 0 0 0 0 0 0 0 0 0 0 0 0 0 0 0 0 0 0 0 0 0 0 0 0 0 0 0 0 0 0 0 0 0 0 0 0 0 0 0 0 0 0 0 0 0 0 0 0 0 0 0 0 0 0 0 0 0 0 0 0 0 0 0 0 0 0 0 0 0 0 0 22483297 0 0 0
ctxt 35675297
btime 1673080802
processes 31177
procs_running 2
procs_blocked 0
softirq 103231622 83095480 1572457 283722 4664639 64975 0 10741389 1980166 0 828794

cpu  868617 0 1291319 18091298 26066 0 468121 0 0 0
cpu0 3976 0 7922 5039822 8953 0 122668 0 0 0
cpu1 855182 0 1266073 2953880 2588 0 118611 0 0 0
cpu2 4968 0 8716 5040977 6097 0 124114 0 0 0
cpu3 4490 0 8606 5056619 8426 0 102727 0 0 0
intr 551927061 0 0 87960 75 0 43471 2411556 0 0 0 223826 0 0 0 0 0 0 0 0 0 0 0 0 0 0 0 0 0 0 0 0 0 0 0 0 0 0 0 0 0 0 0 0 0 0 0 0 0 0 0 0 467837721 0 0 0 0 0 0 0 0 32916 0 64980 0 0 0 0 0 0 0 0 0 0 0 57230389 1 0 0 0 0 0 0 0 0 0 0 0 0 0 0 0 0 0 0 0 0 0 0 60912 4213 0 0 0 0 1445585 0 0 0 0 0 0 0 0 0 0 0 0 0 0 0 0 0 0 0 0 0 0 0 0 0 0 0 0 0 0 0 0 0 0 0 0 0 0 0 0 0 0 0 0 0 0 0 0 0 0 0 0 0 0 0 0 0 0 0 0 0 0 0 0 0 0 0 0 0 0 0 0 0 0 0 22483457 0 0 0
ctxt 35675396
btime 1673080802
processes 31177
procs_running 2
procs_blocked 0
softirq 103231696 83095480 1572475 283722 4664640 64975 0 10741407 1980188 0 828809

cpu  868638 0 1291348 18091447 26066 0 468122 0 0 0
cpu0 3976 0 7922 5039871 8953 0 122668 0 0 0
cpu1 855203 0 1266102 2953880 2588 0 118611 0 0 0
cpu2 4968 0 8716 5041027 6097 0 124114 0 0 0
cpu3 4490 0 8606 5056668 8426 0 102728 0 0 0
intr 551931697 0 0 87960 75 0 43471 2411592 0 0 0 223826 0 0 0 0 0 0 0 0 0 0 0 0 0 0 0 0 0 0 0 0 0 0 0 0 0 0 0 0 0 0 0 0 0 0 0 0 0 0 0 0 467841872 0 0 0 0 0 0 0 0 32916 0 64980 0 0 0 0 0 0 0 0 0 0 0 57230659 1 0 0 0 0 0 0 0 0 0 0 0 0 0 0 0 0 0 0 0 0 0 0 60912 4213 0 0 0 0 1445607 0 0 0 0 0 0 0 0 0 0 0 0 0 0 0 0 0 0 0 0 0 0 0 0 0 0 0 0 0 0 0 0 0 0 0 0 0 0 0 0 0 0 0 0 0 0 0 0 0 0 0 0 0 0 0 0 0 0 0 0 0 0 0 0 0 0 0 0 0 0 0 0 0 0 0 22483613 0 0 0
ctxt 35675491
btime 1673080802
processes 31177
procs_running 2
procs_blocked 0
softirq 103232002 83095665 1572491 283724 4664647 64975 0 10741467 1980208 0 828825

cpu  868656 0 1291378 18091591 26066 0 468124 0 0 0
cpu0 3976 0 7922 5039920 8953 0 122668 0 0 0
cpu1 855222 0 1266132 2953880 2588 0 118613 0 0 0
cpu2 4968 0 8716 5041075 6097 0 124114 0 0 0
cpu3 4490 0 8606 5056716 8426 0 102728 0 0 0
intr 551936963 0 0 87960 75 0 43471 2411633 0 0 0 223826 0 0 0 0 0 0 0 0 0 0 0 0 0 0 0 0 0 0 0 0 0 0 0 0 0 0 0 0 0 0 0 0 0 0 0 0 0 0 0 0 467846330 0 0 0 0 0 0 0 0 32916 0 64980 0 0 0 0 0 0 0 0 0 0 0 57231248 1 0 0 0 0 0 0 0 0 0 0 0 0 0 0 0 0 0 0 0 0 0 0 60912 4213 0 0 0 0 1445629 0 0 0 0 0 0 0 0 0 0 0 0 0 0 0 0 0 0 0 0 0 0 0 0 0 0 0 0 0 0 0 0 0 0 0 0 0 0 0 0 0 0 0 0 0 0 0 0 0 0 0 0 0 0 0 0 0 0 0 0 0 0 0 0 0 0 0 0 0 0 0 0 0 0 0 22483772 0 0 0
ctxt 35675643
btime 1673080802
processes 31177
procs_running 2
procs_blocked 0
softirq 103232781 83096308 1572510 283727 4664660 64975 0 10741529 1980231 0 828841

cpu  868679 0 1291405 18091735 26066 0 468125 0 0 0
cpu0 3976 0 7922 5039968 8953 0 122668 0 0 0
cpu1 855244 0 1266158 2953880 2588 0 118614 0 0 0
cpu2 4968 0 8716 5041123 6097 0 124114 0 0 0
cpu3 4490 0 8608 5056763 8426 0 102728 0 0 0
intr 551942247 0 0 87960 75 0 43471 2411687 0 0 0 223826 0 0 0 0 0 0 0 0 0 0 0 0 0 0 0 0 0 0 0 0 0 0 0 0 0 0 0 0 0 0 0 0 0 0 0 0 0 0 0 0 467850766 0 0 0 0 0 0 0 0 32916 0 65004 0 0 0 0 0 0 0 0 0 0 0 57231811 1 0 0 0 0 0 0 0 0 0 0 0 0 0 0 0 0 0 0 0 0 0 0 60936 4213 0 0 0 0 1445651 0 0 0 0 0 0 0 0 0 0 0 0 0 0 0 0 0 0 0 0 0 0 0 0 0 0 0 0 0 0 0 0 0 0 0 0 0 0 0 0 0 0 0 0 0 0 0 0 0 0 0 0 0 0 0 0 0 0 0 0 0 0 0 0 0 0 0 0 0 0 0 0 0 0 0 22483930 0 0 0
ctxt 35675966
btime 1673080802
processes 31177
procs_running 2
procs_blocked 0
softirq 103233610 83096907 1572528 283731 4664673 64999 0 10741660 1980255 0 828857

cpu  868700 0 1291436 18091875 26069 0 468127 0 0 0
cpu0 3976 0 7923 5040014 8955 0 122669 0 0 0
cpu1 855266 0 1266186 2953880 2588 0 118615 0 0 0
cpu2 4968 0 8717 5041171 6097 0 124114 0 0 0
cpu3 4490 0 8609 5056809 8428 0 102728 0 0 0
intr 551947637 0 0 87961 75 0 43472 2411757 0 0 0 223826 0 0 0 0 0 0 0 0 0 0 0 0 0 0 0 0 0 0 0 0 0 0 0 0 0 0 0 0 0 0 0 0 0 0 0 0 0 0 0 0 467855245 0 0 0 0 0 0 0 0 32916 0 65026 0 0 0 0 0 0 0 0 0 0 0 57232399 1 0 0 0 0 0 0 0 0 0 0 0 0 0 0 0 0 0 0 0 0 0 0 60958 4213 0 0 0 0 1445673 0 0 0 0 0 0 0 0 0 0 0 0 0 0 0 0 0 0 0 0 0 0 0 0 0 0 0 0 0 0 0 0 0 0 0 0 0 0 0 0 0 0 0 0 0 0 0 0 0 0 0 0 0 0 0 0 0 0 0 0 0 0 0 0 0 0 0 0 0 0 0 0 0 0 0 22484116 0 0 0
ctxt 35676382
btime 1673080802
processes 31178
procs_running 2
procs_blocked 0
softirq 103234593 83097606 1572552 283731 4664686 65021 0 10741828 1980277 0 828892

cpu  868724 0 1291462 18092019 26069 0 468127 0 0 0
cpu0 3976 0 7923 5040062 8955 0 122669 0 0 0
cpu1 855289 0 1266212 2953880 2588 0 118615 0 0 0
cpu2 4968 0 8717 5041219 6097 0 124114 0 0 0
cpu3 4490 0 8609 5056856 8428 0 102728 0 0 0
intr 551952845 0 0 87961 75 0 43472 2411795 0 0 0 223826 0 0 0 0 0 0 0 0 0 0 0 0 0 0 0 0 0 0 0 0 0 0 0 0 0 0 0 0 0 0 0 0 0 0 0 0 0 0 0 0 467859674 0 0 0 0 0 0 0 0 32916 0 65026 0 0 0 0 0 0 0 0 0 0 0 57232961 1 0 0 0 0 0 0 0 0 0 0 0 0 0 0 0 0 0 0 0 0 0 0 60958 4213 0 0 0 0 1445695 0 0 0 0 0 0 0 0 0 0 0 0 0 0 0 0 0 0 0 0 0 0 0 0 0 0 0 0 0 0 0 0 0 0 0 0 0 0 0 0 0 0 0 0 0 0 0 0 0 0 0 0 0 0 0 0 0 0 0 0 0 0 0 0 0 0 0 0 0 0 0 0 0 0 0 22484272 0 0 0
ctxt 35676510
btime 1673080802
processes 31178
procs_running 2
procs_blocked 0
softirq 103235430 83098283 1572571 283734 4664700 65021 0 10741912 1980301 0 828908

cpu  868745 0 1291492 18092163 26069 0 468128 0 0 0
cpu0 3976 0 7923 5040111 8955 0 122669 0 0 0
cpu1 855310 0 1266242 2953880 2588 0 118615 0 0 0
cpu2 4968 0 8717 5041267 6097 0 124114 0 0 0
cpu3 4490 0 8609 5056904 8428 0 102729 0 0 0
intr 551958116 0 0 87961 75 0 43472 2411840 0 0 0 223826 0 0 0 0 0 0 0 0 0 0 0 0 0 0 0 0 0 0 0 0 0 0 0 0 0 0 0 0 0 0 0 0 0 0 0 0 0 0 0 0 467864132 0 0 0 0 0 0 0 0 32916 0 65026 0 0 0 0 0 0 0 0 0 0 0 57233552 1 0 0 0 0 0 0 0 0 0 0 0 0 0 0 0 0 0 0 0 0 0 0 60958 4213 0 0 0 0 1445717 0 0 0 0 0 0 0 0 0 0 0 0 0 0 0 0 0 0 0 0 0 0 0 0 0 0 0 0 0 0 0 0 0 0 0 0 0 0 0 0 0 0 0 0 0 0 0 0 0 0 0 0 0 0 0 0 0 0 0 0 0 0 0 0 0 0 0 0 0 0 0 0 0 0 0 22484428 0 0 0
ctxt 35676670
btime 1673080802
processes 31178
procs_running 2
procs_blocked 0
softirq 103236138 83098844 1572589 283735 4664714 65021 0 10741987 1980323 0 828925

cpu  868771 0 1291515 18092309 26069 0 468130 0 0 0
cpu0 3976 0 7923 5040159 8955 0 122669 0 0 0
cpu1 855335 0 1266265 2953880 2588 0 118616 0 0 0
cpu2 4968 0 8717 5041315 6097 0 124114 0 0 0
cpu3 4490 0 8610 5056953 8428 0 102729 0 0 0
intr 551963196 0 0 87961 75 0 43472 2411877 0 0 0 223827 0 0 0 0 0 0 0 0 0 0 0 0 0 0 0 0 0 0 0 0 0 0 0 0 0 0 0 0 0 0 0 0 0 0 0 0 0 0 0 0 467868501 0 0 0 0 0 0 0 0 32916 0 65026 0 0 0 0 0 0 0 0 0 0 0 57234045 1 0 0 0 0 0 0 0 0 0 0 0 0 0 0 0 0 0 0 0 0 0 0 60958 4213 0 0 0 0 1445739 0 0 0 0 0 0 0 0 0 0 0 0 0 0 0 0 0 0 0 0 0 0 0 0 0 0 0 0 0 0 0 0 0 0 0 0 0 0 0 0 0 0 0 0 0 0 0 0 0 0 0 0 0 0 0 0 0 0 0 0 0 0 0 0 0 0 0 0 0 0 0 0 0 0 0 22484588 0 0 0
ctxt 35676794
btime 1673080802
processes 31178
procs_running 2
procs_blocked 0
softirq 103236747 83099328 1572606 283737 4664725 65021 0 10742043 1980345 0 828942

cpu  868791 0 1291545 18092454 26069 0 468132 0 0 0
cpu0 3976 0 7923 5040208 8955 0 122669 0 0 0
cpu1 855355 0 1266294 2953880 2588 0 118618 0 0 0
cpu2 4968 0 8717 5041364 6097 0 124114 0 0 0
cpu3 4490 0 8610 5057001 8428 0 102730 0 0 0
intr 551968465 0 0 87962 75 0 43472 2411919 0 0 0 223827 0 0 0 0 0 0 0 0 0 0 0 0 0 0 0 0 0 0 0 0 0 0 0 0 0 0 0 0 0 0 0 0 0 0 0 0 0 0 0 0 467872961 0 0 0 0 0 0 0 0 32916 0 65026 0 0 0 0 0 0 0 0 0 0 0 57234624 1 0 0 0 0 0 0 0 0 0 0 0 0 0 0 0 0 0 0 0 0 0 0 60958 4213 0 0 0 0 1445761 0 0 0 0 0 0 0 0 0 0 0 0 0 0 0 0 0 0 0 0 0 0 0 0 0 0 0 0 0 0 0 0 0 0 0 0 0 0 0 0 0 0 0 0 0 0 0 0 0 0 0 0 0 0 0 0 0 0 0 0 0 0 0 0 0 0 0 0 0 0 0 0 0 0 0 22484751 0 0 0
ctxt 35676946
btime 1673080802
processes 31178
procs_running 2
procs_blocked 0
softirq 103237505 83099904 1572626 283739 4664741 65021 0 10742150 1980365 0 828959

cpu  868812 0 1291574 18092601 26069 0 468133 0 0 0
cpu0 3976 0 7923 5040257 8955 0 122669 0 0 0
cpu1 855376 0 1266322 2953880 2588 0 118618 0 0 0
cpu2 4968 0 8717 5041413 6097 0 124114 0 0 0
cpu3 4491 0 8610 5057050 8428 0 102730 0 0 0
intr 551973658 0 0 87962 75 0 43472 2411959 0 0 0 223827 0 0 0 0 0 0 0 0 0 0 0 0 0 0 0 0 0 0 0 0 0 0 0 0 0 0 0 0 0 0 0 0 0 0 0 0 0 0 0 0 467877393 0 0 0 0 0 0 0 0 32916 0 65026 0 0 0 0 0 0 0 0 0 0 0 57235164 1 0 0 0 0 0 0 0 0 0 0 0 0 0 0 0 0 0 0 0 0 0 0 60958 4213 0 0 0 0 1445783 0 0 0 0 0 0 0 0 0 0 0 0 0 0 0 0 0 0 0 0 0 0 0 0 0 0 0 0 0 0 0 0 0 0 0 0 0 0 0 0 0 0 0 0 0 0 0 0 0 0 0 0 0 0 0 0 0 0 0 0 0 0 0 0 0 0 0 0 0 0 0 0 0 0 0 22484909 0 0 0
ctxt 35677065
btime 1673080802
processes 31178
procs_running 2
procs_blocked 0
softirq 103238178 83100334 1572644 283739 4664765 65021 0 10742313 1980387 0 828975

cpu  868834 0 1291603 18092748 26069 0 468134 0 0 0
cpu0 3976 0 7923 5040306 8955 0 122669 0 0 0
cpu1 855397 0 1266350 2953880 2588 0 118619 0 0 0
cpu2 4968 0 8718 5041462 6097 0 124114 0 0 0
cpu3 4491 0 8610 5057099 8428 0 102730 0 0 0
intr 551978891 0 0 87962 75 0 43472 2411992 0 0 0 223827 0 0 0 0 0 0 0 0 0 0 0 0 0 0 0 0 0 0 0 0 0 0 0 0 0 0 0 0 0 0 0 0 0 0 0 0 0 0 0 0 467881855 0 0 0 0 0 0 0 0 32916 0 65026 0 0 0 0 0 0 0 0 0 0 0 57235729 1 0 0 0 0 0 0 0 0 0 0 0 0 0 0 0 0 0 0 0 0 0 0 60958 4213 0 0 0 0 1445802 0 0 0 0 0 0 0 0 0 0 0 0 0 0 0 0 0 0 0 0 0 0 0 0 0 0 0 0 0 0 0 0 0 0 0 0 0 0 0 0 0 0 0 0 0 0 0 0 0 0 0 0 0 0 0 0 0 0 0 0 0 0 0 0 0 0 0 0 0 0 0 0 0 0 0 22485063 0 0 0
ctxt 35677192
btime 1673080802
processes 31178
procs_running 2
procs_blocked 0
softirq 103238924 83100786 1572661 283740 4664789 65021 0 10742529 1980407 0 828991

cpu  868853 0 1291634 18092895 26069 0 468134 0 0 0
cpu0 3976 0 7923 5040355 8955 0 122669 0 0 0
cpu1 855416 0 1266381 2953880 2588 0 118619 0 0 0
cpu2 4968 0 8718 5041511 6097 0 124114 0 0 0
cpu3 4492 0 8610 5057148 8428 0 102730 0 0 0
intr 551984069 0 0 87962 75 0 43472 2412030 0 0 0 223827 0 0 0 0 0 0 0 0 0 0 0 0 0 0 0 0 0 0 0 0 0 0 0 0 0 0 0 0 0 0 0 0 0 0 0 0 0 0 0 0 467886282 0 0 0 0 0 0 0 0 32916 0 65026 0 0 0 0 0 0 0 0 0 0 0 57236263 1 0 0 0 0 0 0 0 0 0 0 0 0 0 0 0 0 0 0 0 0 0 0 60958 4213 0 0 0 0 1445824 0 0 0 0 0 0 0 0 0 0 0 0 0 0 0 0 0 0 0 0 0 0 0 0 0 0 0 0 0 0 0 0 0 0 0 0 0 0 0 0 0 0 0 0 0 0 0 0 0 0 0 0 0 0 0 0 0 0 0 0 0 0 0 0 0 0 0 0 0 0 0 0 0 0 0 22485221 0 0 0
ctxt 35677307
btime 1673080802
processes 31178
procs_running 2
procs_blocked 0
softirq 103239676 83101260 1572678 283740 4664816 65021 0 10742726 1980428 0 829007

cpu  868873 0 1291664 18093040 26069 0 468135 0 0 0
cpu0 3976 0 7924 5040403 8955 0 122669 0 0 0
cpu1 855436 0 1266411 2953880 2588 0 118620 0 0 0
cpu2 4968 0 8718 5041559 6097 0 124114 0 0 0
cpu3 4492 0 8611 5057196 8428 0 102730 0 0 0
intr 551989357 0 0 87963 75 0 43472 2412076 0 0 0 223827 0 0 0 0 0 0 0 0 0 0 0 0 0 0 0 0 0 0 0 0 0 0 0 0 0 0 0 0 0 0 0 0 0 0 0 0 0 0 0 0 467890748 0 0 0 0 0 0 0 0 32916 0 65026 0 0 0 0 0 0 0 0 0 0 0 57236851 1 0 0 0 0 0 0 0 0 0 0 0 0 0 0 0 0 0 0 0 0 0 0 60958 4213 0 0 0 0 1445846 0 0 0 0 0 0 0 0 0 0 0 0 0 0 0 0 0 0 0 0 0 0 0 0 0 0 0 0 0 0 0 0 0 0 0 0 0 0 0 0 0 0 0 0 0 0 0 0 0 0 0 0 0 0 0 0 0 0 0 0 0 0 0 0 0 0 0 0 0 0 0 0 0 0 0 22485386 0 0 0
ctxt 35677462
btime 1673080802
processes 31178
procs_running 2
procs_blocked 0
softirq 103240468 83101904 1572702 283741 4664829 65021 0 10742799 1980448 0 829024

cpu  868900 0 1291686 18093184 26069 0 468136 0 0 0
cpu0 3976 0 7924 5040452 8955 0 122669 0 0 0
cpu1 855463 0 1266433 2953880 2588 0 118621 0 0 0
cpu2 4968 0 8718 5041607 6097 0 124114 0 0 0
cpu3 4492 0 8611 5057244 8428 0 102731 0 0 0
intr 551994423 0 0 87963 75 0 43472 2412111 0 0 0 223827 0 0 0 0 0 0 0 0 0 0 0 0 0 0 0 0 0 0 0 0 0 0 0 0 0 0 0 0 0 0 0 0 0 0 0 0 0 0 0 0 467895110 0 0 0 0 0 0 0 0 32916 0 65026 0 0 0 0 0 0 0 0 0 0 0 57237339 1 0 0 0 0 0 0 0 0 0 0 0 0 0 0 0 0 0 0 0 0 0 0 60958 4213 0 0 0 0 1445868 0 0 0 0 0 0 0 0 0 0 0 0 0 0 0 0 0 0 0 0 0 0 0 0 0 0 0 0 0 0 0 0 0 0 0 0 0 0 0 0 0 0 0 0 0 0 0 0 0 0 0 0 0 0 0 0 0 0 0 0 0 0 0 0 0 0 0 0 0 0 0 0 0 0 0 22485545 0 0 0
ctxt 35677591
btime 1673080802
processes 31178
procs_running 2
procs_blocked 0
softirq 103241108 83102424 1572718 283744 4664840 65021 0 10742852 1980468 0 829041

cpu  868920 0 1291717 18093328 26069 0 468138 0 0 0
cpu0 3976 0 7924 5040500 8955 0 122669 0 0 0
cpu1 855483 0 1266462 2953880 2588 0 118622 0 0 0
cpu2 4968 0 8718 5041656 6097 0 124114 0 0 0
cpu3 4492 0 8612 5057291 8428 0 102732 0 0 0
intr 551999754 0 0 87963 75 0 43472 2412161 0 0 0 223827 0 0 0 0 0 0 0 0 0 0 0 0 0 0 0 0 0 0 0 0 0 0 0 0 0 0 0 0 0 0 0 0 0 0 0 0 0 0 0 0 467899594 0 0 0 0 0 0 0 0 32916 0 65034 0 0 0 0 0 0 0 0 0 0 0 57237935 1 0 0 0 0 0 0 0 0 0 0 0 0 0 0 0 0 0 0 0 0 0 0 60966 4213 0 0 0 0 1445890 0 0 0 0 0 0 0 0 0 0 0 0 0 0 0 0 0 0 0 0 0 0 0 0 0 0 0 0 0 0 0 0 0 0 0 0 0 0 0 0 0 0 0 0 0 0 0 0 0 0 0 0 0 0 0 0 0 0 0 0 0 0 0 0 0 0 0 0 0 0 0 0 0 0 0 22485707 0 0 0
ctxt 35677818
btime 1673080802
processes 31178
procs_running 2
procs_blocked 0
softirq 103241979 83103114 1572738 283745 4664853 65029 0 10742951 1980493 0 829056

cpu  868939 0 1291746 18093473 26069 0 468140 0 0 0
cpu0 3976 0 7924 5040549 8955 0 122670 0 0 0
cpu1 855502 0 1266490 2953880 2588 0 118624 0 0 0
cpu2 4968 0 8718 5041704 6097 0 124114 0 0 0
cpu3 4492 0 8612 5057339 8428 0 102732 0 0 0
intr 552004999 0 0 87963 75 0 43472 2412200 0 0 0 223827 0 0 0 0 0 0 0 0 0 0 0 0 0 0 0 0 0 0 0 0 0 0 0 0 0 0 0 0 0 0 0 0 0 0 0 0 0 0 0 0 467904039 0 0 0 0 0 0 0 0 32916 0 65036 0 0 0 0 0 0 0 0 0 0 0 57238511 1 0 0 0 0 0 0 0 0 0 0 0 0 0 0 0 0 0 0 0 0 0 0 60968 4213 0 0 0 0 1445912 0 0 0 0 0 0 0 0 0 0 0 0 0 0 0 0 0 0 0 0 0 0 0 0 0 0 0 0 0 0 0 0 0 0 0 0 0 0 0 0 0 0 0 0 0 0 0 0 0 0 0 0 0 0 0 0 0 0 0 0 0 0 0 0 0 0 0 0 0 0 0 0 0 0 0 22485869 0 0 0
ctxt 35677985
btime 1673080802
processes 31178
procs_running 2
procs_blocked 0
softirq 103242762 83103759 1572755 283746 4664866 65031 0 10743022 1980512 0 829071

cpu  868961 0 1291774 18093617 26069 0 468142 0 0 0
cpu0 3976 0 7924 5040597 8955 0 122670 0 0 0
cpu1 855524 0 1266518 2953880 2588 0 118625 0 0 0
cpu2 4968 0 8718 5041753 6097 0 124114 0 0 0
cpu3 4492 0 8613 5057386 8428 0 102732 0 0 0
intr 552010284 0 0 87964 75 0 43472 2412245 0 0 0 223827 0 0 0 0 0 0 0 0 0 0 0 0 0 0 0 0 0 0 0 0 0 0 0 0 0 0 0 0 0 0 0 0 0 0 0 0 0 0 0 0 467908500 0 0 0 0 0 0 0 0 32916 0 65036 0 0 0 0 0 0 0 0 0 0 0 57239103 1 0 0 0 0 0 0 0 0 0 0 0 0 0 0 0 0 0 0 0 0 0 0 60968 4213 0 0 0 0 1445934 0 0 0 0 0 0 0 0 0 0 0 0 0 0 0 0 0 0 0 0 0 0 0 0 0 0 0 0 0 0 0 0 0 0 0 0 0 0 0 0 0 0 0 0 0 0 0 0 0 0 0 0 0 0 0 0 0 0 0 0 0 0 0 0 0 0 0 0 0 0 0 0 0 0 0 22486031 0 0 0
ctxt 35678146
btime 1673080802
processes 31178
procs_running 2
procs_blocked 0
softirq 103243481 83104349 1572777 283746 4664880 65031 0 10743078 1980533 0 829087

cpu  868984 0 1291802 18093763 26069 0 468143 0 0 0
cpu0 3976 0 7924 5040645 8955 0 122670 0 0 0
cpu1 855547 0 1266544 2953880 2588 0 118626 0 0 0
cpu2 4968 0 8718 5041801 6097 0 124114 0 0 0
cpu3 4492 0 8614 5057435 8428 0 102732 0 0 0
intr 552015506 0 0 87964 75 0 43472 2412280 0 0 0 223828 0 0 0 0 0 0 0 0 0 0 0 0 0 0 0 0 0 0 0 0 0 0 0 0 0 0 0 0 0 0 0 0 0 0 0 0 0 0 0 0 467912940 0 0 0 0 0 0 0 0 32916 0 65036 0 0 0 0 0 0 0 0 0 0 0 57239663 1 0 0 0 0 0 0 0 0 0 0 0 0 0 0 0 0 0 0 0 0 0 0 60968 4213 0 0 0 0 1445956 0 0 0 0 0 0 0 0 0 0 0 0 0 0 0 0 0 0 0 0 0 0 0 0 0 0 0 0 0 0 0 0 0 0 0 0 0 0 0 0 0 0 0 0 0 0 0 0 0 0 0 0 0 0 0 0 0 0 0 0 0 0 0 0 0 0 0 0 0 0 0 0 0 0 0 22486195 0 0 0
ctxt 35678277
btime 1673080802
processes 31178
procs_running 2
procs_blocked 0
softirq 103244180 83104872 1572796 283749 4664893 65031 0 10743178 1980558 0 829103

cpu  869008 0 1291826 18093907 26069 0 468144 0 0 0
cpu0 3976 0 7924 5040694 8955 0 122670 0 0 0
cpu1 855571 0 1266569 2953880 2588 0 118626 0 0 0
cpu2 4968 0 8718 5041850 6097 0 124114 0 0 0
cpu3 4492 0 8614 5057483 8428 0 102732 0 0 0
intr 552020760 0 0 87964 75 0 43472 2412324 0 0 0 223828 0 0 0 0 0 0 0 0 0 0 0 0 0 0 0 0 0 0 0 0 0 0 0 0 0 0 0 0 0 0 0 0 0 0 0 0 0 0 0 0 467917392 0 0 0 0 0 0 0 0 32916 0 65036 0 0 0 0 0 0 0 0 0 0 0 57240240 1 0 0 0 0 0 0 0 0 0 0 0 0 0 0 0 0 0 0 0 0 0 0 60968 4213 0 0 0 0 1445978 0 0 0 0 0 0 0 0 0 0 0 0 0 0 0 0 0 0 0 0 0 0 0 0 0 0 0 0 0 0 0 0 0 0 0 0 0 0 0 0 0 0 0 0 0 0 0 0 0 0 0 0 0 0 0 0 0 0 0 0 0 0 0 0 0 0 0 0 0 0 0 0 0 0 0 22486354 0 0 0
ctxt 35678433
btime 1673080802
processes 31178
procs_running 2
procs_blocked 0
softirq 103245057 83105548 1572815 283751 4664912 65031 0 10743304 1980577 0 829119

cpu  869034 0 1291851 18094052 26069 0 468144 0 0 0
cpu0 3976 0 7924 5040742 8955 0 122670 0 0 0
cpu1 855596 0 1266594 2953880 2588 0 118627 0 0 0
cpu2 4968 0 8718 5041898 6097 0 124115 0 0 0
cpu3 4492 0 8614 5057530 8428 0 102732 0 0 0
intr 552025883 0 0 87968 75 0 43472 2412363 0 0 0 223828 0 0 0 0 0 0 0 0 0 0 0 0 0 0 0 0 0 0 0 0 0 0 0 0 0 0 0 0 0 0 0 0 0 0 0 0 0 0 0 0 467921778 0 0 0 0 0 0 0 0 32916 0 65036 0 0 0 0 0 0 0 0 0 0 0 57240747 1 0 0 0 0 0 0 0 0 0 0 0 0 0 0 0 0 0 0 0 0 0 0 60968 4213 0 0 0 0 1446000 0 0 0 0 0 0 0 0 0 0 0 0 0 0 0 0 0 0 0 0 0 0 0 0 0 0 0 0 0 0 0 0 0 0 0 0 0 0 0 0 0 0 0 0 0 0 0 0 0 0 0 0 0 0 0 0 0 0 0 0 0 0 0 0 0 0 0 0 0 0 0 0 0 0 0 22486519 0 0 0
ctxt 35678582
btime 1673080802
processes 31178
procs_running 3
procs_blocked 0
softirq 103245834 83106182 1572834 283754 4664924 65031 0 10743376 1980599 0 829134

cpu  869051 0 1291883 18094197 26069 0 468146 0 0 0
cpu0 3976 0 7924 5040791 8955 0 122670 0 0 0
cpu1 855614 0 1266626 2953880 2588 0 118628 0 0 0
cpu2 4968 0 8718 5041947 6097 0 124115 0 0 0
cpu3 4492 0 8614 5057578 8428 0 102732 0 0 0
intr 552031102 0 0 87969 75 0 43472 2412408 0 0 0 223828 0 0 0 0 0 0 0 0 0 0 0 0 0 0 0 0 0 0 0 0 0 0 0 0 0 0 0 0 0 0 0 0 0 0 0 0 0 0 0 0 467926212 0 0 0 0 0 0 0 0 32916 0 65036 0 0 0 0 0 0 0 0 0 0 0 57241308 1 0 0 0 0 0 0 0 0 0 0 0 0 0 0 0 0 0 0 0 0 0 0 60968 4213 0 0 0 0 1446022 0 0 0 0 0 0 0 0 0 0 0 0 0 0 0 0 0 0 0 0 0 0 0 0 0 0 0 0 0 0 0 0 0 0 0 0 0 0 0 0 0 0 0 0 0 0 0 0 0 0 0 0 0 0 0 0 0 0 0 0 0 0 0 0 0 0 0 0 0 0 0 0 0 0 0 22486678 0 0 0
ctxt 35678739
btime 1673080802
processes 31178
procs_running 2
procs_blocked 0
softirq 103246558 83106771 1572850 283757 4664937 65031 0 10743443 1980620 0 829149

cpu  869073 0 1291910 18094342 26069 0 468147 0 0 0
cpu0 3976 0 7924 5040838 8955 0 122670 0 0 0
cpu1 855635 0 1266652 2953880 2588 0 118629 0 0 0
cpu2 4968 0 8718 5041995 6097 0 124115 0 0 0
cpu3 4492 0 8614 5057627 8428 0 102732 0 0 0
intr 552036311 0 0 87969 75 0 43472 2412446 0 0 0 223828 0 0 0 0 0 0 0 0 0 0 0 0 0 0 0 0 0 0 0 0 0 0 0 0 0 0 0 0 0 0 0 0 0 0 0 0 0 0 0 0 467930639 0 0 0 0 0 0 0 0 32916 0 65036 0 0 0 0 0 0 0 0 0 0 0 57241875 1 0 0 0 0 0 0 0 0 0 0 0 0 0 0 0 0 0 0 0 0 0 0 60968 4213 0 0 0 0 1446044 0 0 0 0 0 0 0 0 0 0 0 0 0 0 0 0 0 0 0 0 0 0 0 0 0 0 0 0 0 0 0 0 0 0 0 0 0 0 0 0 0 0 0 0 0 0 0 0 0 0 0 0 0 0 0 0 0 0 0 0 0 0 0 0 0 0 0 0 0 0 0 0 0 0 0 22486829 0 0 0
ctxt 35678871
btime 1673080802
processes 31178
procs_running 2
procs_blocked 0
softirq 103247251 83107339 1572868 283759 4664950 65031 0 10743499 1980641 0 829164

cpu  869096 0 1291939 18094486 26069 0 468148 0 0 0
cpu0 3976 0 7924 5040887 8955 0 122670 0 0 0
cpu1 855658 0 1266680 2953880 2588 0 118629 0 0 0
cpu2 4968 0 8719 5042042 6097 0 124115 0 0 0
cpu3 4493 0 8615 5057675 8428 0 102732 0 0 0
intr 552041607 0 0 87969 75 0 43472 2412491 0 0 0 223828 0 0 0 0 0 0 0 0 0 0 0 0 0 0 0 0 0 0 0 0 0 0 0 0 0 0 0 0 0 0 0 0 0 0 0 0 0 0 0 0 467935115 0 0 0 0 0 0 0 0 32916 0 65036 0 0 0 0 0 0 0 0 0 0 0 57242468 1 0 0 0 0 0 0 0 0 0 0 0 0 0 0 0 0 0 0 0 0 0 0 60968 4213 0 0 0 0 1446066 0 0 0 0 0 0 0 0 0 0 0 0 0 0 0 0 0 0 0 0 0 0 0 0 0 0 0 0 0 0 0 0 0 0 0 0 0 0 0 0 0 0 0 0 0 0 0 0 0 0 0 0 0 0 0 0 0 0 0 0 0 0 0 0 0 0 0 0 0 0 0 0 0 0 0 22486989 0 0 0
ctxt 35679014
btime 1673080802
processes 31178
procs_running 2
procs_blocked 0
softirq 103247908 83107858 1572887 283760 4664963 65031 0 10743566 1980663 0 829180

cpu  869112 0 1291972 18094632 26069 0 468148 0 0 0
cpu0 3976 0 7924 5040936 8955 0 122670 0 0 0
cpu1 855674 0 1266713 2953880 2588 0 118629 0 0 0
cpu2 4968 0 8719 5042091 6097 0 124116 0 0 0
cpu3 4493 0 8615 5057724 8428 0 102732 0 0 0
intr 552046386 0 0 87969 75 0 43472 2412531 0 0 0 223828 0 0 0 0 0 0 0 0 0 0 0 0 0 0 0 0 0 0 0 0 0 0 0 0 0 0 0 0 0 0 0 0 0 0 0 0 0 0 0 0 467939330 0 0 0 0 0 0 0 0 32916 0 65036 0 0 0 0 0 0 0 0 0 0 0 57242817 1 0 0 0 0 0 0 0 0 0 0 0 0 0 0 0 0 0 0 0 0 0 0 60968 4213 0 0 0 0 1446088 0 0 0 0 0 0 0 0 0 0 0 0 0 0 0 0 0 0 0 0 0 0 0 0 0 0 0 0 0 0 0 0 0 0 0 0 0 0 0 0 0 0 0 0 0 0 0 0 0 0 0 0 0 0 0 0 0 0 0 0 0 0 0 0 0 0 0 0 0 0 0 0 0 0 0 22487144 0 0 0
ctxt 35679126
btime 1673080802
processes 31178
procs_running 3
procs_blocked 0
softirq 103248331 83108179 1572903 283762 4664970 65031 0 10743607 1980684 0 829195

cpu  869130 0 1292005 18094780 26069 0 468148 0 0 0
cpu0 3976 0 7924 5040985 8955 0 122670 0 0 0
cpu1 855692 0 1266746 2953880 2588 0 118629 0 0 0
cpu2 4968 0 8719 5042140 6097 0 124116 0 0 0
cpu3 4493 0 8616 5057773 8428 0 102732 0 0 0
intr 552050790 0 0 87970 75 0 43472 2412574 0 0 0 223828 0 0 0 0 0 0 0 0 0 0 0 0 0 0 0 0 0 0 0 0 0 0 0 0 0 0 0 0 0 0 0 0 0 0 0 0 0 0 0 0 467943359 0 0 0 0 0 0 0 0 32916 0 65036 0 0 0 0 0 0 0 0 0 0 0 57242969 1 0 0 0 0 0 0 0 0 0 0 0 0 0 0 0 0 0 0 0 0 0 0 60968 4213 0 0 0 0 1446110 0 0 0 0 0 0 0 0 0 0 0 0 0 0 0 0 0 0 0 0 0 0 0 0 0 0 0 0 0 0 0 0 0 0 0 0 0 0 0 0 0 0 0 0 0 0 0 0 0 0 0 0 0 0 0 0 0 0 0 0 0 0 0 0 0 0 0 0 0 0 0 0 0 0 0 22487300 0 0 0
ctxt 35679242
btime 1673080802
processes 31178
procs_running 2
procs_blocked 0
softirq 103248414 83108187 1572921 283762 4664971 65031 0 10743626 1980706 0 829210

cpu  869152 0 1292033 18094927 26069 0 468148 0 0 0
cpu0 3976 0 7924 5041034 8955 0 122670 0 0 0
cpu1 855714 0 1266774 2953880 2588 0 118629 0 0 0
cpu2 4968 0 8719 5042189 6097 0 124116 0 0 0
cpu3 4493 0 8616 5057822 8428 0 102732 0 0 0
intr 552055125 0 0 87970 75 0 43472 2412608 0 0 0 223828 0 0 0 0 0 0 0 0 0 0 0 0 0 0 0 0 0 0 0 0 0 0 0 0 0 0 0 0 0 0 0 0 0 0 0 0 0 0 0 0 467947353 0 0 0 0 0 0 0 0 32916 0 65038 0 0 0 0 0 0 0 0 0 0 0 57243097 1 0 0 0 0 0 0 0 0 0 0 0 0 0 0 0 0 0 0 0 0 0 0 60970 4213 0 0 0 0 1446132 0 0 0 0 0 0 0 0 0 0 0 0 0 0 0 0 0 0 0 0 0 0 0 0 0 0 0 0 0 0 0 0 0 0 0 0 0 0 0 0 0 0 0 0 0 0 0 0 0 0 0 0 0 0 0 0 0 0 0 0 0 0 0 0 0 0 0 0 0 0 0 0 0 0 0 22487452 0 0 0
ctxt 35679345
btime 1673080802
processes 31178
procs_running 2
procs_blocked 0
softirq 103248494 83108187 1572939 283762 4664972 65033 0 10743650 1980726 0 829225

cpu  869176 0 1292060 18095076 26069 0 468148 0 0 0
cpu0 3976 0 7924 5041084 8955 0 122670 0 0 0
cpu1 855738 0 1266800 2953880 2588 0 118629 0 0 0
cpu2 4968 0 8719 5042239 6097 0 124116 0 0 0
cpu3 4493 0 8616 5057872 8428 0 102732 0 0 0
intr 552059526 0 0 87970 75 0 43472 2412654 0 0 0 223828 0 0 0 0 0 0 0 0 0 0 0 0 0 0 0 0 0 0 0 0 0 0 0 0 0 0 0 0 0 0 0 0 0 0 0 0 0 0 0 0 467951378 0 0 0 0 0 0 0 0 32916 0 65038 0 0 0 0 0 0 0 0 0 0 0 57243249 1 0 0 0 0 0 0 0 0 0 0 0 0 0 0 0 0 0 0 0 0 0 0 60970 4213 0 0 0 0 1446154 0 0 0 0 0 0 0 0 0 0 0 0 0 0 0 0 0 0 0 0 0 0 0 0 0 0 0 0 0 0 0 0 0 0 0 0 0 0 0 0 0 0 0 0 0 0 0 0 0 0 0 0 0 0 0 0 0 0 0 0 0 0 0 0 0 0 0 0 0 0 0 0 0 0 0 22487608 0 0 0
ctxt 35679455
btime 1673080802
processes 31178
procs_running 2
procs_blocked 0
softirq 103248577 83108195 1572958 283762 4664973 65033 0 10743669 1980747 0 829240
