Latency
346727
636085
892053
1162939
1419096
1675169
1931190
2187437
2454882
2742321
2998241
379484
642011
970543
1232097
1488001
1766742
2022507
2278292
2534353
2790160
3052261
379608
671559
927222
1183008
1444514
1700525
1956158
2212091
2468194
2723866
2979684
3247925
281838
542715
812071
1067992
1323807
1579636
1843563
2099511
2355327
2611298
2867025
3122898
338314
594027
892690
1167486
1419546
1675579
1931341
2187097
2561753
2817610
3101472
335534
589547
845383
1107902
1364566
1615369
1871244
2126921
2382874
2648853
2992931
3248645
3504590
352811
639258
927212
1201941
1492263
1755750
2011775
2267524
2523264
2779044
3042550
3298510
1999396
2273245
2542738
3089814
3385350
3693053
3988480
4255628
4567679
4853580
5126337
5408637
5691244
3747863
4024255
4319377
4597225
4877801
5151756
5446846
5734279
5985611
6272421
6538132
6843544
3154288
3433163
3739489
4020714
4291412
4572240
4844182
5118557
5401941
5676265
5952026
6240140
6526398
757810
1058082
1369669
3880453
4158727
4441175
4724964
5007109
5274091
5601676
5893467
6174258
6446504
6727657
497588
3278579
3565656
3845896
4134267
4412033
4690185
4961172
5224177
5512265
5790245
6071504
6343554
6624744
611398
3706714
3988180
4242638
4533641
4811043
5090603
5362403
5641728
5911147
6183990
6449749
6734475
378307
686254
943170
1197885
1453824
1709689
1965438
2221505
2481768
2737215
2993065
417857
680457
936124
1189106
1472353
1762009
2017809
2273862
2529479
2785190
3040836
352198
628166
892346
1149387
1405269
1660955
1924654
2180560
2436273
2734644
3012580
3267990
346726
630169
890293
1145811
1401878
1657337
1911017
2166947
2422741
2678565
2934148
3190205
344814
649115
904652
1160422
1426984
1737095
1992901
2248691
2502724
2760251
3016116
460091
728983
3197334
3485923
3748722
4039494
4310678
4596544
4867441
5147067
5435408
5715073
5973840
6245700
1573810
1829515
2134927
2414917
2698425
4437100
4692658
4961617
5263362
5545854
5836026
6114426
6387985
