cpu  3985522 43253 2547790 568475997 3513365 0 284019 0 0 0
cpu0 773540 8851 403508 142622832 875171 0 66455 0 0 0
cpu1 1236737 9867 1190272 141275572 898273 0 83059 0 0 0
cpu2 1303845 15133 497354 142006061 909104 0 63494 0 0 0
cpu3 671399 9400 456655 142571531 830814 0 71010 0 0 0
intr 12377100270 0 0 3362383 75 0 656019 32767865 0 0 0 9892735 0 0 0 0 0 0 0 0 0 0 0 0 0 0 0 0 0 0 0 0 0 0 0 0 0 0 0 0 0 0 0 0 0 0 0 0 0 0 0 0 3187725497 0 0 0 0 0 0 0 0 141789 0 3367166 0 0 0 0 0 0 0 0 0 0 0 445868634 1 0 0 0 0 0 0 0 0 0 0 0 0 0 0 0 0 0 0 0 0 0 0 258494 4206 0 0 0 0 10656649 0 0 0 0 0 0 0 0 0 0 0 0 0 0 0 0 0 0 0 0 0 0 0 0 0 0 0 0 0 0 0 0 0 0 0 0 0 0 0 0 0 0 0 0 0 0 0 0 0 0 0 0 0 0 0 0 0 0 0 0 0 0 0 0 0 0 0 0 0 0 0 0 0 0 0 92464165 0 0 0
ctxt 217883001
btime 1671453272
processes 514397
procs_running 1
procs_blocked 0
softirq 205423283 80026974 30470477 365894 6650723 3367114 0 26994533 35584530 1 21963037

cpu  3985522 43253 2547790 568476191 3513365 0 284019 0 0 0
cpu0 773540 8851 403508 142622881 875171 0 66455 0 0 0
cpu1 1236737 9867 1190272 141275618 898273 0 83059 0 0 0
cpu2 1303845 15133 497354 142006110 909104 0 63494 0 0 0
cpu3 671399 9400 456655 142571580 830814 0 71010 0 0 0
intr 12377104946 0 0 3362387 75 0 656019 32767894 0 0 0 9892740 0 0 0 0 0 0 0 0 0 0 0 0 0 0 0 0 0 0 0 0 0 0 0 0 0 0 0 0 0 0 0 0 0 0 0 0 0 0 0 0 3187729501 0 0 0 0 0 0 0 0 141789 0 3367166 0 0 0 0 0 0 0 0 0 0 0 445868762 1 0 0 0 0 0 0 0 0 0 0 0 0 0 0 0 0 0 0 0 0 0 0 258494 4206 0 0 0 0 10656671 0 0 0 0 0 0 0 0 0 0 0 0 0 0 0 0 0 0 0 0 0 0 0 0 0 0 0 0 0 0 0 0 0 0 0 0 0 0 0 0 0 0 0 0 0 0 0 0 0 0 0 0 0 0 0 0 0 0 0 0 0 0 0 0 0 0 0 0 0 0 0 0 0 0 0 92464650 0 0 0
ctxt 217883991
btime 1671453272
processes 514397
procs_running 1
procs_blocked 0
softirq 205423346 80026974 30470490 365894 6650724 3367114 0 26994551 35584552 1 21963046

cpu  3985524 43253 2547795 568476380 3513365 0 284019 0 0 0
cpu0 773541 8851 403510 142622927 875171 0 66455 0 0 0
cpu1 1236738 9867 1190274 141275663 898273 0 83059 0 0 0
cpu2 1303845 15133 497354 142006159 909104 0 63494 0 0 0
cpu3 671399 9400 456655 142571630 830814 0 71010 0 0 0
intr 12377109747 0 0 3362391 75 0 656019 32767950 0 0 0 9892745 0 0 0 0 0 0 0 0 0 0 0 0 0 0 0 0 0 0 0 0 0 0 0 0 0 0 0 0 0 0 0 0 0 0 0 0 0 0 0 0 3187733521 0 0 0 0 0 0 0 0 141789 0 3367166 0 0 0 0 0 0 0 0 0 0 0 445868914 1 0 0 0 0 0 0 0 0 0 0 0 0 0 0 0 0 0 0 0 0 0 0 258494 4206 0 0 0 0 10656722 0 0 0 0 0 0 0 0 0 0 0 0 0 0 0 0 0 0 0 0 0 0 0 0 0 0 0 0 0 0 0 0 0 0 0 0 0 0 0 0 0 0 0 0 0 0 0 0 0 0 0 0 0 0 0 0 0 0 0 0 0 0 0 0 0 0 0 0 0 0 0 0 0 0 0 92465163 0 0 0
ctxt 217885115
btime 1671453272
processes 514397
procs_running 1
procs_blocked 0
softirq 205423498 80026982 30470514 365894 6650727 3367114 0 26994593 35584588 1 21963085

cpu  3985524 43253 2547797 568476573 3513365 0 284019 0 0 0
cpu0 773541 8851 403510 142622976 875171 0 66455 0 0 0
cpu1 1236738 9867 1190276 141275709 898273 0 83059 0 0 0
cpu2 1303845 15133 497354 142006208 909105 0 63494 0 0 0
cpu3 671399 9400 456655 142571679 830814 0 71010 0 0 0
intr 12377114442 0 0 3362395 75 0 656019 32767979 0 0 0 9892750 0 0 0 0 0 0 0 0 0 0 0 0 0 0 0 0 0 0 0 0 0 0 0 0 0 0 0 0 0 0 0 0 0 0 0 0 0 0 0 0 3187737526 0 0 0 0 0 0 0 0 141789 0 3367168 0 0 0 0 0 0 0 0 0 0 0 445869044 1 0 0 0 0 0 0 0 0 0 0 0 0 0 0 0 0 0 0 0 0 0 0 258496 4206 0 0 0 0 10656744 0 0 0 0 0 0 0 0 0 0 0 0 0 0 0 0 0 0 0 0 0 0 0 0 0 0 0 0 0 0 0 0 0 0 0 0 0 0 0 0 0 0 0 0 0 0 0 0 0 0 0 0 0 0 0 0 0 0 0 0 0 0 0 0 0 0 0 0 0 0 0 0 0 0 0 92465659 0 0 0
ctxt 217886130
btime 1671453272
processes 514397
procs_running 1
procs_blocked 0
softirq 205423589 80026984 30470531 365894 6650729 3367116 0 26994619 35584618 1 21963097

cpu  3985525 43253 2547798 568476767 3513365 0 284019 0 0 0
cpu0 773541 8851 403510 142623025 875171 0 66455 0 0 0
cpu1 1236739 9867 1190277 141275754 898273 0 83059 0 0 0
cpu2 1303845 15133 497355 142006257 909105 0 63494 0 0 0
cpu3 671399 9400 456655 142571728 830814 0 71010 0 0 0
intr 12377119176 0 0 3362399 75 0 656019 32768016 0 0 0 9892755 0 0 0 0 0 0 0 0 0 0 0 0 0 0 0 0 0 0 0 0 0 0 0 0 0 0 0 0 0 0 0 0 0 0 0 0 0 0 0 0 3187741545 0 0 0 0 0 0 0 0 141789 0 3367168 0 0 0 0 0 0 0 0 0 0 0 445869198 1 0 0 0 0 0 0 0 0 0 0 0 0 0 0 0 0 0 0 0 0 0 0 258496 4206 0 0 0 0 10656766 0 0 0 0 0 0 0 0 0 0 0 0 0 0 0 0 0 0 0 0 0 0 0 0 0 0 0 0 0 0 0 0 0 0 0 0 0 0 0 0 0 0 0 0 0 0 0 0 0 0 0 0 0 0 0 0 0 0 0 0 0 0 0 0 0 0 0 0 0 0 0 0 0 0 0 92466152 0 0 0
ctxt 217887145
btime 1671453272
processes 514397
procs_running 1
procs_blocked 0
softirq 205423674 80026992 30470548 365894 6650730 3367116 0 26994637 35584647 1 21963109

cpu  3985525 43253 2547800 568476961 3513365 0 284019 0 0 0
cpu0 773541 8851 403510 142623075 875171 0 66455 0 0 0
cpu1 1236739 9867 1190279 141275800 898273 0 83059 0 0 0
cpu2 1303845 15133 497355 142006307 909105 0 63494 0 0 0
cpu3 671399 9400 456655 142571778 830814 0 71010 0 0 0
intr 12377123860 0 0 3362404 75 0 656019 32768043 0 0 0 9892760 0 0 0 0 0 0 0 0 0 0 0 0 0 0 0 0 0 0 0 0 0 0 0 0 0 0 0 0 0 0 0 0 0 0 0 0 0 0 0 0 3187745549 0 0 0 0 0 0 0 0 141789 0 3367168 0 0 0 0 0 0 0 0 0 0 0 445869326 1 0 0 0 0 0 0 0 0 0 0 0 0 0 0 0 0 0 0 0 0 0 0 258496 4206 0 0 0 0 10656788 0 0 0 0 0 0 0 0 0 0 0 0 0 0 0 0 0 0 0 0 0 0 0 0 0 0 0 0 0 0 0 0 0 0 0 0 0 0 0 0 0 0 0 0 0 0 0 0 0 0 0 0 0 0 0 0 0 0 0 0 0 0 0 0 0 0 0 0 0 0 0 0 0 0 0 92466645 0 0 0
ctxt 217888144
btime 1671453272
processes 514397
procs_running 1
procs_blocked 0
softirq 205423746 80026992 30470565 365895 6650731 3367116 0 26994656 35584671 1 21963119

cpu  3985525 43253 2547802 568477154 3513365 0 284019 0 0 0
cpu0 773541 8851 403510 142623125 875171 0 66455 0 0 0
cpu1 1236739 9867 1190280 141275846 898273 0 83059 0 0 0
cpu2 1303845 15133 497355 142006356 909105 0 63494 0 0 0
cpu3 671399 9400 456655 142571827 830814 0 71010 0 0 0
intr 12377128594 0 0 3362408 75 0 656019 32768074 0 0 0 9892765 0 0 0 0 0 0 0 0 0 0 0 0 0 0 0 0 0 0 0 0 0 0 0 0 0 0 0 0 0 0 0 0 0 0 0 0 0 0 0 0 3187749576 0 0 0 0 0 0 0 0 141789 0 3367168 0 0 0 0 0 0 0 0 0 0 0 445869480 1 0 0 0 0 0 0 0 0 0 0 0 0 0 0 0 0 0 0 0 0 0 0 258496 4206 0 0 0 0 10656810 0 0 0 0 0 0 0 0 0 0 0 0 0 0 0 0 0 0 0 0 0 0 0 0 0 0 0 0 0 0 0 0 0 0 0 0 0 0 0 0 0 0 0 0 0 0 0 0 0 0 0 0 0 0 0 0 0 0 0 0 0 0 0 0 0 0 0 0 0 0 0 0 0 0 0 92467135 0 0 0
ctxt 217889150
btime 1671453272
processes 514397
procs_running 1
procs_blocked 0
softirq 205423821 80027000 30470579 365895 6650732 3367116 0 26994674 35584695 1 21963129

cpu  3985525 43253 2547804 568477348 3513365 0 284019 0 0 0
cpu0 773541 8851 403510 142623174 875171 0 66455 0 0 0
cpu1 1236739 9867 1190282 141275891 898273 0 83059 0 0 0
cpu2 1303845 15133 497355 142006405 909105 0 63494 0 0 0
cpu3 671399 9400 456655 142571876 830814 0 71010 0 0 0
intr 12377133266 0 0 3362412 75 0 656019 32768101 0 0 0 9892770 0 0 0 0 0 0 0 0 0 0 0 0 0 0 0 0 0 0 0 0 0 0 0 0 0 0 0 0 0 0 0 0 0 0 0 0 0 0 0 0 3187753572 0 0 0 0 0 0 0 0 141789 0 3367168 0 0 0 0 0 0 0 0 0 0 0 445869608 1 0 0 0 0 0 0 0 0 0 0 0 0 0 0 0 0 0 0 0 0 0 0 258496 4206 0 0 0 0 10656832 0 0 0 0 0 0 0 0 0 0 0 0 0 0 0 0 0 0 0 0 0 0 0 0 0 0 0 0 0 0 0 0 0 0 0 0 0 0 0 0 0 0 0 0 0 0 0 0 0 0 0 0 0 0 0 0 0 0 0 0 0 0 0 0 0 0 0 0 0 0 0 0 0 0 0 92467626 0 0 0
ctxt 217890142
btime 1671453272
processes 514397
procs_running 1
procs_blocked 0
softirq 205423892 80027000 30470594 365895 6650733 3367116 0 26994693 35584721 1 21963139

cpu  3985527 43253 2547808 568477538 3513365 0 284019 0 0 0
cpu0 773542 8851 403513 142623220 875171 0 66455 0 0 0
cpu1 1236739 9867 1190284 141275937 898273 0 83059 0 0 0
cpu2 1303845 15133 497355 142006454 909105 0 63494 0 0 0
cpu3 671399 9400 456655 142571925 830814 0 71010 0 0 0
intr 12377138011 0 0 3362416 75 0 656019 32768149 0 0 0 9892775 0 0 0 0 0 0 0 0 0 0 0 0 0 0 0 0 0 0 0 0 0 0 0 0 0 0 0 0 0 0 0 0 0 0 0 0 0 0 0 0 3187757576 0 0 0 0 0 0 0 0 141789 0 3367168 0 0 0 0 0 0 0 0 0 0 0 445869738 1 0 0 0 0 0 0 0 0 0 0 0 0 0 0 0 0 0 0 0 0 0 0 258496 4206 0 0 0 0 10656869 0 0 0 0 0 0 0 0 0 0 0 0 0 0 0 0 0 0 0 0 0 0 0 0 0 0 0 0 0 0 0 0 0 0 0 0 0 0 0 0 0 0 0 0 0 0 0 0 0 0 0 0 0 0 0 0 0 0 0 0 0 0 0 0 0 0 0 0 0 0 0 0 0 0 0 92468143 0 0 0
ctxt 217891233
btime 1671453272
processes 514397
procs_running 1
procs_blocked 0
softirq 205424023 80027000 30470613 365895 6650735 3367116 0 26994723 35584757 1 21963183

cpu  3985528 43253 2547809 568477730 3513365 0 284019 0 0 0
cpu0 773542 8851 403513 142623269 875171 0 66455 0 0 0
cpu1 1236739 9867 1190285 141275982 898273 0 83059 0 0 0
cpu2 1303846 15133 497355 142006503 909105 0 63494 0 0 0
cpu3 671399 9400 456655 142571975 830814 0 71010 0 0 0
intr 12377142819 0 0 3362425 75 0 656019 32768208 0 0 0 9892780 0 0 0 0 0 0 0 0 0 0 0 0 0 0 0 0 0 0 0 0 0 0 0 0 0 0 0 0 0 0 0 0 0 0 0 0 0 0 0 0 3187761594 0 0 0 0 0 0 0 0 141789 0 3367168 0 0 0 0 0 0 0 0 0 0 0 445869890 1 0 0 0 0 0 0 0 0 0 0 0 0 0 0 0 0 0 0 0 0 0 0 258496 4206 0 0 0 0 10656932 0 0 0 0 0 0 0 0 0 0 0 0 0 0 0 0 0 0 0 0 0 0 0 0 0 0 0 0 0 0 0 0 0 0 0 0 0 0 0 0 0 0 0 0 0 0 0 0 0 0 0 0 0 0 0 0 0 0 0 0 0 0 0 0 0 0 0 0 0 0 0 0 0 0 0 92468645 0 0 0
ctxt 217892331
btime 1671453272
processes 514397
procs_running 1
procs_blocked 0
softirq 205424140 80027008 30470631 365895 6650740 3367116 0 26994771 35584785 1 21963193

cpu  3985528 43253 2547811 568477923 3513365 0 284019 0 0 0
cpu0 773542 8851 403513 142623319 875171 0 66455 0 0 0
cpu1 1236740 9867 1190286 141276028 898273 0 83059 0 0 0
cpu2 1303846 15133 497356 142006551 909105 0 63494 0 0 0
cpu3 671399 9400 456655 142572024 830814 0 71010 0 0 0
intr 12377147588 0 0 3362429 75 0 656019 32768268 0 0 0 9892784 0 0 0 0 0 0 0 0 0 0 0 0 0 0 0 0 0 0 0 0 0 0 0 0 0 0 0 0 0 0 0 0 0 0 0 0 0 0 0 0 3187765591 0 0 0 0 0 0 0 0 141789 0 3367168 0 0 0 0 0 0 0 0 0 0 0 445870020 1 0 0 0 0 0 0 0 0 0 0 0 0 0 0 0 0 0 0 0 0 0 0 258496 4206 0 0 0 0 10657006 0 0 0 0 0 0 0 0 0 0 0 0 0 0 0 0 0 0 0 0 0 0 0 0 0 0 0 0 0 0 0 0 0 0 0 0 0 0 0 0 0 0 0 0 0 0 0 0 0 0 0 0 0 0 0 0 0 0 0 0 0 0 0 0 0 0 0 0 0 0 0 0 0 0 0 92469146 0 0 0
ctxt 217893437
btime 1671453272
processes 514397
procs_running 1
procs_blocked 0
softirq 205424260 80027008 30470648 365895 6650746 3367116 0 26994831 35584813 1 21963202

cpu  3985529 43253 2547813 568478115 3513365 0 284019 0 0 0
cpu0 773542 8851 403513 142623368 875171 0 66455 0 0 0
cpu1 1236740 9867 1190288 141276073 898273 0 83059 0 0 0
cpu2 1303846 15133 497356 142006600 909105 0 63494 0 0 0
cpu3 671400 9400 456655 142572073 830814 0 71010 0 0 0
intr 12377152451 0 0 3362433 75 0 656019 32768349 0 0 0 9892789 0 0 0 0 0 0 0 0 0 0 0 0 0 0 0 0 0 0 0 0 0 0 0 0 0 0 0 0 0 0 0 0 0 0 0 0 0 0 0 0 3187769618 0 0 0 0 0 0 0 0 141789 0 3367168 0 0 0 0 0 0 0 0 0 0 0 445870172 1 0 0 0 0 0 0 0 0 0 0 0 0 0 0 0 0 0 0 0 0 0 0 258496 4206 0 0 0 0 10657095 0 0 0 0 0 0 0 0 0 0 0 0 0 0 0 0 0 0 0 0 0 0 0 0 0 0 0 0 0 0 0 0 0 0 0 0 0 0 0 0 0 0 0 0 0 0 0 0 0 0 0 0 0 0 0 0 0 0 0 0 0 0 0 0 0 0 0 0 0 0 0 0 0 0 0 92469650 0 0 0
ctxt 217894591
btime 1671453272
processes 514397
procs_running 1
procs_blocked 0
softirq 205424413 80027016 30470671 365895 6650753 3367116 0 26994901 35584849 1 21963211

cpu  3985529 43253 2547815 568478309 3513365 0 284019 0 0 0
cpu0 773542 8851 403513 142623417 875171 0 66455 0 0 0
cpu1 1236740 9867 1190290 141276119 898273 0 83059 0 0 0
cpu2 1303846 15133 497356 142006649 909105 0 63494 0 0 0
cpu3 671400 9400 456655 142572122 830814 0 71010 0 0 0
intr 12377157164 0 0 3362437 75 0 656019 32768392 0 0 0 9892794 0 0 0 0 0 0 0 0 0 0 0 0 0 0 0 0 0 0 0 0 0 0 0 0 0 0 0 0 0 0 0 0 0 0 0 0 0 0 0 0 3187773614 0 0 0 0 0 0 0 0 141789 0 3367168 0 0 0 0 0 0 0 0 0 0 0 445870302 1 0 0 0 0 0 0 0 0 0 0 0 0 0 0 0 0 0 0 0 0 0 0 258496 4206 0 0 0 0 10657138 0 0 0 0 0 0 0 0 0 0 0 0 0 0 0 0 0 0 0 0 0 0 0 0 0 0 0 0 0 0 0 0 0 0 0 0 0 0 0 0 0 0 0 0 0 0 0 0 0 0 0 0 0 0 0 0 0 0 0 0 0 0 0 0 0 0 0 0 0 0 0 0 0 0 0 92470142 0 0 0
ctxt 217895628
btime 1671453272
processes 514397
procs_running 1
procs_blocked 0
softirq 205424507 80027016 30470687 365895 6650756 3367116 0 26994936 35584876 1 21963224

cpu  3985530 43253 2547818 568478502 3513365 0 284019 0 0 0
cpu0 773542 8851 403513 142623467 875171 0 66455 0 0 0
cpu1 1236740 9867 1190292 141276165 898273 0 83059 0 0 0
cpu2 1303846 15133 497356 142006698 909105 0 63494 0 0 0
cpu3 671400 9400 456656 142572171 830814 0 71010 0 0 0
intr 12377161949 0 0 3362446 75 0 656019 32768438 0 0 0 9892799 0 0 0 0 0 0 0 0 0 0 0 0 0 0 0 0 0 0 0 0 0 0 0 0 0 0 0 0 0 0 0 0 0 0 0 0 0 0 0 0 3187777641 0 0 0 0 0 0 0 0 141789 0 3367168 0 0 0 0 0 0 0 0 0 0 0 445870454 1 0 0 0 0 0 0 0 0 0 0 0 0 0 0 0 0 0 0 0 0 0 0 258496 4206 0 0 0 0 10657174 0 0 0 0 0 0 0 0 0 0 0 0 0 0 0 0 0 0 0 0 0 0 0 0 0 0 0 0 0 0 0 0 0 0 0 0 0 0 0 0 0 0 0 0 0 0 0 0 0 0 0 0 0 0 0 0 0 0 0 0 0 0 0 0 0 0 0 0 0 0 0 0 0 0 0 92470652 0 0 0
ctxt 217896692
btime 1671453272
processes 514397
procs_running 1
procs_blocked 0
softirq 205424612 80027024 30470707 365895 6650758 3367116 0 26994967 35584910 1 21963234

cpu  3985531 43253 2547823 568478692 3513365 0 284019 0 0 0
cpu0 773543 8851 403515 142623513 875171 0 66455 0 0 0
cpu1 1236741 9867 1190295 141276210 898273 0 83059 0 0 0
cpu2 1303846 15133 497356 142006747 909105 0 63494 0 0 0
cpu3 671400 9400 456656 142572220 830814 0 71010 0 0 0
intr 12377166701 0 0 3362450 75 0 656019 32768491 0 0 0 9892804 0 0 0 0 0 0 0 0 0 0 0 0 0 0 0 0 0 0 0 0 0 0 0 0 0 0 0 0 0 0 0 0 0 0 0 0 0 0 0 0 3187781637 0 0 0 0 0 0 0 0 141789 0 3367168 0 0 0 0 0 0 0 0 0 0 0 445870584 1 0 0 0 0 0 0 0 0 0 0 0 0 0 0 0 0 0 0 0 0 0 0 258496 4206 0 0 0 0 10657218 0 0 0 0 0 0 0 0 0 0 0 0 0 0 0 0 0 0 0 0 0 0 0 0 0 0 0 0 0 0 0 0 0 0 0 0 0 0 0 0 0 0 0 0 0 0 0 0 0 0 0 0 0 0 0 0 0 0 0 0 0 0 0 0 0 0 0 0 0 0 0 0 0 0 0 92471173 0 0 0
ctxt 217897769
btime 1671453272
processes 514397
procs_running 1
procs_blocked 0
softirq 205424732 80027024 30470729 365895 6650760 3367116 0 26995003 35584947 1 21963257

cpu  3985532 43253 2547825 568478886 3513365 0 284019 0 0 0
cpu0 773543 8851 403515 142623563 875171 0 66455 0 0 0
cpu1 1236742 9867 1190297 141276256 898273 0 83059 0 0 0
cpu2 1303846 15133 497356 142006796 909105 0 63494 0 0 0
cpu3 671400 9400 456656 142572269 830814 0 71010 0 0 0
intr 12377171435 0 0 3362454 75 0 656019 32768519 0 0 0 9892809 0 0 0 0 0 0 0 0 0 0 0 0 0 0 0 0 0 0 0 0 0 0 0 0 0 0 0 0 0 0 0 0 0 0 0 0 0 0 0 0 3187785667 0 0 0 0 0 0 0 0 141789 0 3367168 0 0 0 0 0 0 0 0 0 0 0 445870736 1 0 0 0 0 0 0 0 0 0 0 0 0 0 0 0 0 0 0 0 0 0 0 258496 4206 0 0 0 0 10657240 0 0 0 0 0 0 0 0 0 0 0 0 0 0 0 0 0 0 0 0 0 0 0 0 0 0 0 0 0 0 0 0 0 0 0 0 0 0 0 0 0 0 0 0 0 0 0 0 0 0 0 0 0 0 0 0 0 0 0 0 0 0 0 0 0 0 0 0 0 0 0 0 0 0 0 92471665 0 0 0
ctxt 217898778
btime 1671453272
processes 514397
procs_running 1
procs_blocked 0
softirq 205424819 80027032 30470746 365896 6650761 3367116 0 26995024 35584975 1 21963268

cpu  3985532 43253 2547827 568479079 3513365 0 284019 0 0 0
cpu0 773543 8851 403515 142623612 875171 0 66455 0 0 0
cpu1 1236742 9867 1190299 141276301 898273 0 83059 0 0 0
cpu2 1303846 15133 497356 142006845 909105 0 63494 0 0 0
cpu3 671400 9400 456656 142572319 830814 0 71010 0 0 0
intr 12377176110 0 0 3362458 75 0 656019 32768544 0 0 0 9892814 0 0 0 0 0 0 0 0 0 0 0 0 0 0 0 0 0 0 0 0 0 0 0 0 0 0 0 0 0 0 0 0 0 0 0 0 0 0 0 0 3187789663 0 0 0 0 0 0 0 0 141789 0 3367168 0 0 0 0 0 0 0 0 0 0 0 445870866 1 0 0 0 0 0 0 0 0 0 0 0 0 0 0 0 0 0 0 0 0 0 0 258496 4206 0 0 0 0 10657262 0 0 0 0 0 0 0 0 0 0 0 0 0 0 0 0 0 0 0 0 0 0 0 0 0 0 0 0 0 0 0 0 0 0 0 0 0 0 0 0 0 0 0 0 0 0 0 0 0 0 0 0 0 0 0 0 0 0 0 0 0 0 0 0 0 0 0 0 0 0 0 0 0 0 0 92472158 0 0 0
ctxt 217899767
btime 1671453272
processes 514397
procs_running 1
procs_blocked 0
softirq 205424897 80027032 30470761 365896 6650762 3367116 0 26995042 35585004 1 21963283

cpu  3985533 43253 2547831 568479268 3513367 0 284019 0 0 0
cpu0 773544 8851 403515 142623659 875173 0 66455 0 0 0
cpu1 1236743 9867 1190302 141276347 898273 0 83059 0 0 0
cpu2 1303846 15133 497357 142006893 909105 0 63494 0 0 0
cpu3 671400 9400 456656 142572368 830814 0 71010 0 0 0
intr 12377180977 0 0 3362463 75 0 656020 32768615 0 0 0 9892819 0 0 0 0 0 0 0 0 0 0 0 0 0 0 0 0 0 0 0 0 0 0 0 0 0 0 0 0 0 0 0 0 0 0 0 0 0 0 0 0 3187793691 0 0 0 0 0 0 0 0 141789 0 3367191 0 0 0 0 0 0 0 0 0 0 0 445871018 1 0 0 0 0 0 0 0 0 0 0 0 0 0 0 0 0 0 0 0 0 0 0 258519 4206 0 0 0 0 10657302 0 0 0 0 0 0 0 0 0 0 0 0 0 0 0 0 0 0 0 0 0 0 0 0 0 0 0 0 0 0 0 0 0 0 0 0 0 0 0 0 0 0 0 0 0 0 0 0 0 0 0 0 0 0 0 0 0 0 0 0 0 0 0 0 0 0 0 0 0 0 0 0 0 0 0 92472677 0 0 0
ctxt 217901048
btime 1671453272
processes 514398
procs_running 1
procs_blocked 0
softirq 205425135 80027040 30470786 365896 6650765 3367139 0 26995144 35585052 1 21963312

cpu  3985534 43253 2547833 568479461 3513367 0 284019 0 0 0
cpu0 773544 8851 403515 142623708 875173 0 66455 0 0 0
cpu1 1236743 9867 1190304 141276392 898273 0 83059 0 0 0
cpu2 1303846 15133 497357 142006942 909105 0 63494 0 0 0
cpu3 671400 9400 456656 142572417 830814 0 71010 0 0 0
intr 12377185648 0 0 3362467 75 0 656020 32768640 0 0 0 9892824 0 0 0 0 0 0 0 0 0 0 0 0 0 0 0 0 0 0 0 0 0 0 0 0 0 0 0 0 0 0 0 0 0 0 0 0 0 0 0 0 3187797688 0 0 0 0 0 0 0 0 141789 0 3367191 0 0 0 0 0 0 0 0 0 0 0 445871148 1 0 0 0 0 0 0 0 0 0 0 0 0 0 0 0 0 0 0 0 0 0 0 258519 4206 0 0 0 0 10657322 0 0 0 0 0 0 0 0 0 0 0 0 0 0 0 0 0 0 0 0 0 0 0 0 0 0 0 0 0 0 0 0 0 0 0 0 0 0 0 0 0 0 0 0 0 0 0 0 0 0 0 0 0 0 0 0 0 0 0 0 0 0 0 0 0 0 0 0 0 0 0 0 0 0 0 92473167 0 0 0
ctxt 217902031
btime 1671453272
processes 514398
procs_running 1
procs_blocked 0
softirq 205425202 80027040 30470800 365896 6650766 3367139 0 26995160 35585075 1 21963325

cpu  3985534 43253 2547835 568479655 3513367 0 284019 0 0 0
cpu0 773544 8851 403515 142623757 875173 0 66455 0 0 0
cpu1 1236743 9867 1190306 141276438 898273 0 83059 0 0 0
cpu2 1303846 15133 497357 142006992 909105 0 63494 0 0 0
cpu3 671400 9400 456656 142572467 830814 0 71010 0 0 0
intr 12377190394 0 0 3362471 75 0 656020 32768677 0 0 0 9892829 0 0 0 0 0 0 0 0 0 0 0 0 0 0 0 0 0 0 0 0 0 0 0 0 0 0 0 0 0 0 0 0 0 0 0 0 0 0 0 0 3187801706 0 0 0 0 0 0 0 0 141789 0 3367191 0 0 0 0 0 0 0 0 0 0 0 445871300 1 0 0 0 0 0 0 0 0 0 0 0 0 0 0 0 0 0 0 0 0 0 0 258519 4206 0 0 0 0 10657352 0 0 0 0 0 0 0 0 0 0 0 0 0 0 0 0 0 0 0 0 0 0 0 0 0 0 0 0 0 0 0 0 0 0 0 0 0 0 0 0 0 0 0 0 0 0 0 0 0 0 0 0 0 0 0 0 0 0 0 0 0 0 0 0 0 0 0 0 0 0 0 0 0 0 0 92473666 0 0 0
ctxt 217903073
btime 1671453272
processes 514398
procs_running 1
procs_blocked 0
softirq 205425298 80027048 30470818 365896 6650768 3367139 0 26995185 35585105 1 21963338

cpu  3985536 43253 2547839 568479845 3513367 0 284019 0 0 0
cpu0 773545 8851 403517 142623803 875173 0 66455 0 0 0
cpu1 1236744 9867 1190308 141276483 898273 0 83059 0 0 0
cpu2 1303846 15133 497357 142007041 909105 0 63494 0 0 0
cpu3 671400 9400 456656 142572516 830814 0 71010 0 0 0
intr 12377195147 0 0 3362479 75 0 656020 32768728 0 0 0 9892834 0 0 0 0 0 0 0 0 0 0 0 0 0 0 0 0 0 0 0 0 0 0 0 0 0 0 0 0 0 0 0 0 0 0 0 0 0 0 0 0 3187805710 0 0 0 0 0 0 0 0 141789 0 3367191 0 0 0 0 0 0 0 0 0 0 0 445871430 1 0 0 0 0 0 0 0 0 0 0 0 0 0 0 0 0 0 0 0 0 0 0 258519 4206 0 0 0 0 10657396 0 0 0 0 0 0 0 0 0 0 0 0 0 0 0 0 0 0 0 0 0 0 0 0 0 0 0 0 0 0 0 0 0 0 0 0 0 0 0 0 0 0 0 0 0 0 0 0 0 0 0 0 0 0 0 0 0 0 0 0 0 0 0 0 0 0 0 0 0 0 0 0 0 0 0 92474178 0 0 0
ctxt 217904145
btime 1671453272
processes 514398
procs_running 1
procs_blocked 0
softirq 205425418 80027048 30470840 365896 6650770 3367139 0 26995221 35585134 1 21963369

cpu  3985536 43253 2547841 568480038 3513367 0 284019 0 0 0
cpu0 773545 8851 403517 142623852 875173 0 66455 0 0 0
cpu1 1236744 9867 1190310 141276529 898273 0 83059 0 0 0
cpu2 1303846 15133 497358 142007090 909105 0 63494 0 0 0
cpu3 671400 9400 456656 142572565 830814 0 71010 0 0 0
intr 12377199867 0 0 3362484 75 0 656020 32768758 0 0 0 9892839 0 0 0 0 0 0 0 0 0 0 0 0 0 0 0 0 0 0 0 0 0 0 0 0 0 0 0 0 0 0 0 0 0 0 0 0 0 0 0 0 3187809730 0 0 0 0 0 0 0 0 141789 0 3367191 0 0 0 0 0 0 0 0 0 0 0 445871582 1 0 0 0 0 0 0 0 0 0 0 0 0 0 0 0 0 0 0 0 0 0 0 258519 4206 0 0 0 0 10657415 0 0 0 0 0 0 0 0 0 0 0 0 0 0 0 0 0 0 0 0 0 0 0 0 0 0 0 0 0 0 0 0 0 0 0 0 0 0 0 0 0 0 0 0 0 0 0 0 0 0 0 0 0 0 0 0 0 0 0 0 0 0 0 0 0 0 0 0 0 0 0 0 0 0 0 92474668 0 0 0
ctxt 217905154
btime 1671453272
processes 514398
procs_running 1
procs_blocked 0
softirq 205425496 80027056 30470856 365896 6650771 3367139 0 26995236 35585159 1 21963382

cpu  3985536 43253 2547843 568480232 3513367 0 284019 0 0 0
cpu0 773545 8851 403517 142623902 875173 0 66455 0 0 0
cpu1 1236744 9867 1190312 141276575 898273 0 83059 0 0 0
cpu2 1303846 15133 497358 142007139 909105 0 63494 0 0 0
cpu3 671400 9400 456656 142572615 830814 0 71010 0 0 0
intr 12377204548 0 0 3362488 75 0 656020 32768783 0 0 0 9892844 0 0 0 0 0 0 0 0 0 0 0 0 0 0 0 0 0 0 0 0 0 0 0 0 0 0 0 0 0 0 0 0 0 0 0 0 0 0 0 0 3187813734 0 0 0 0 0 0 0 0 141789 0 3367191 0 0 0 0 0 0 0 0 0 0 0 445871712 1 0 0 0 0 0 0 0 0 0 0 0 0 0 0 0 0 0 0 0 0 0 0 258519 4206 0 0 0 0 10657437 0 0 0 0 0 0 0 0 0 0 0 0 0 0 0 0 0 0 0 0 0 0 0 0 0 0 0 0 0 0 0 0 0 0 0 0 0 0 0 0 0 0 0 0 0 0 0 0 0 0 0 0 0 0 0 0 0 0 0 0 0 0 0 0 0 0 0 0 0 0 0 0 0 0 0 92475158 0 0 0
ctxt 217906145
btime 1671453272
processes 514398
procs_running 1
procs_blocked 0
softirq 205425566 80027056 30470870 365896 6650772 3367139 0 26995254 35585184 1 21963394

cpu  3985536 43253 2547845 568480426 3513367 0 284019 0 0 0
cpu0 773545 8851 403517 142623951 875173 0 66455 0 0 0
cpu1 1236744 9867 1190313 141276620 898273 0 83059 0 0 0
cpu2 1303846 15133 497358 142007188 909105 0 63494 0 0 0
cpu3 671400 9400 456656 142572664 830814 0 71010 0 0 0
intr 12377209285 0 0 3362492 75 0 656020 32768818 0 0 0 9892849 0 0 0 0 0 0 0 0 0 0 0 0 0 0 0 0 0 0 0 0 0 0 0 0 0 0 0 0 0 0 0 0 0 0 0 0 0 0 0 0 3187817761 0 0 0 0 0 0 0 0 141789 0 3367191 0 0 0 0 0 0 0 0 0 0 0 445871862 1 0 0 0 0 0 0 0 0 0 0 0 0 0 0 0 0 0 0 0 0 0 0 258519 4206 0 0 0 0 10657459 0 0 0 0 0 0 0 0 0 0 0 0 0 0 0 0 0 0 0 0 0 0 0 0 0 0 0 0 0 0 0 0 0 0 0 0 0 0 0 0 0 0 0 0 0 0 0 0 0 0 0 0 0 0 0 0 0 0 0 0 0 0 0 0 0 0 0 0 0 0 0 0 0 0 0 92475652 0 0 0
ctxt 217907166
btime 1671453272
processes 514398
procs_running 1
procs_blocked 0
softirq 205425649 80027064 30470886 365896 6650773 3367139 0 26995274 35585210 1 21963406

cpu  3985536 43253 2547846 568480619 3513367 0 284019 0 0 0
cpu0 773545 8851 403517 142624001 875173 0 66455 0 0 0
cpu1 1236744 9867 1190315 141276666 898273 0 83059 0 0 0
cpu2 1303846 15133 497358 142007237 909105 0 63494 0 0 0
cpu3 671400 9400 456656 142572714 830814 0 71010 0 0 0
intr 12377213970 0 0 3362496 75 0 656020 32768846 0 0 0 9892854 0 0 0 0 0 0 0 0 0 0 0 0 0 0 0 0 0 0 0 0 0 0 0 0 0 0 0 0 0 0 0 0 0 0 0 0 0 0 0 0 3187821757 0 0 0 0 0 0 0 0 141789 0 3367195 0 0 0 0 0 0 0 0 0 0 0 445871992 1 0 0 0 0 0 0 0 0 0 0 0 0 0 0 0 0 0 0 0 0 0 0 258523 4206 0 0 0 0 10657481 0 0 0 0 0 0 0 0 0 0 0 0 0 0 0 0 0 0 0 0 0 0 0 0 0 0 0 0 0 0 0 0 0 0 0 0 0 0 0 0 0 0 0 0 0 0 0 0 0 0 0 0 0 0 0 0 0 0 0 0 0 0 0 0 0 0 0 0 0 0 0 0 0 0 0 92476145 0 0 0
ctxt 217908193
btime 1671453272
processes 514398
procs_running 2
procs_blocked 0
softirq 205425737 80027064 30470902 365896 6650774 3367143 0 26995304 35585235 1 21963418

cpu  3985537 43253 2547848 568480812 3513368 0 284019 0 0 0
cpu0 773545 8851 403517 142624050 875173 0 66455 0 0 0
cpu1 1236745 9867 1190316 141276711 898274 0 83059 0 0 0
cpu2 1303846 15133 497358 142007286 909106 0 63494 0 0 0
cpu3 671400 9400 456656 142572763 830814 0 71010 0 0 0
intr 12377218737 0 0 3362501 75 0 656020 32768889 0 0 0 9892859 0 0 0 0 0 0 0 0 0 0 0 0 0 0 0 0 0 0 0 0 0 0 0 0 0 0 0 0 0 0 0 0 0 0 0 0 0 0 0 0 3187825785 0 0 0 0 0 0 0 0 141789 0 3367198 0 0 0 0 0 0 0 0 0 0 0 445872144 1 0 0 0 0 0 0 0 0 0 0 0 0 0 0 0 0 0 0 0 0 0 0 258526 4206 0 0 0 0 10657503 0 0 0 0 0 0 0 0 0 0 0 0 0 0 0 0 0 0 0 0 0 0 0 0 0 0 0 0 0 0 0 0 0 0 0 0 0 0 0 0 0 0 0 0 0 0 0 0 0 0 0 0 0 0 0 0 0 0 0 0 0 0 0 0 0 0 0 0 0 0 0 0 0 0 0 92476649 0 0 0
ctxt 217909264
btime 1671453272
processes 514398
procs_running 1
procs_blocked 0
softirq 205425852 80027072 30470922 365897 6650775 3367146 0 26995333 35585268 1 21963438

cpu  3985539 43253 2547853 568481000 3513368 0 284021 0 0 0
cpu0 773547 8851 403518 142624096 875173 0 66456 0 0 0
cpu1 1236745 9867 1190319 141276756 898274 0 83060 0 0 0
cpu2 1303846 15133 497358 142007335 909106 0 63494 0 0 0
cpu3 671400 9400 456656 142572812 830814 0 71010 0 0 0
intr 12377223685 0 0 3362509 75 0 656020 32768936 0 0 0 9892864 0 0 0 0 0 0 0 0 0 0 0 0 0 0 0 0 0 0 0 0 0 0 0 0 0 0 0 0 0 0 0 0 0 0 0 0 0 0 0 0 3187829881 0 0 0 0 0 0 0 0 141789 0 3367198 0 0 0 0 0 0 0 0 0 0 0 445872378 1 0 0 0 0 0 0 0 0 0 0 0 0 0 0 0 0 0 0 0 0 0 0 258526 4206 0 0 0 0 10657547 0 0 0 0 0 0 0 0 0 0 0 0 0 0 0 0 0 0 0 0 0 0 0 0 0 0 0 0 0 0 0 0 0 0 0 0 0 0 0 0 0 0 0 0 0 0 0 0 0 0 0 0 0 0 0 0 0 0 0 0 0 0 0 0 0 0 0 0 0 0 0 0 0 0 0 92477163 0 0 0
ctxt 217910338
btime 1671453272
processes 514398
procs_running 1
procs_blocked 0
softirq 205426279 80027328 30470947 365897 6650787 3367146 0 26995394 35585305 1 21963474

cpu  3985539 43253 2547854 568481194 3513368 0 284021 0 0 0
cpu0 773547 8851 403518 142624145 875173 0 66456 0 0 0
cpu1 1236746 9867 1190320 141276802 898274 0 83060 0 0 0
cpu2 1303846 15133 497358 142007384 909106 0 63494 0 0 0
cpu3 671400 9400 456656 142572861 830814 0 71010 0 0 0
intr 12377228417 0 0 3362513 75 0 656020 32768966 0 0 0 9892869 0 0 0 0 0 0 0 0 0 0 0 0 0 0 0 0 0 0 0 0 0 0 0 0 0 0 0 0 0 0 0 0 0 0 0 0 0 0 0 0 3187833909 0 0 0 0 0 0 0 0 141789 0 3367198 0 0 0 0 0 0 0 0 0 0 0 445872530 1 0 0 0 0 0 0 0 0 0 0 0 0 0 0 0 0 0 0 0 0 0 0 258526 4206 0 0 0 0 10657569 0 0 0 0 0 0 0 0 0 0 0 0 0 0 0 0 0 0 0 0 0 0 0 0 0 0 0 0 0 0 0 0 0 0 0 0 0 0 0 0 0 0 0 0 0 0 0 0 0 0 0 0 0 0 0 0 0 0 0 0 0 0 0 0 0 0 0 0 0 0 0 0 0 0 0 92477656 0 0 0
ctxt 217911358
btime 1671453272
processes 514398
procs_running 2
procs_blocked 0
softirq 205426363 80027336 30470964 365897 6650788 3367146 0 26995415 35585330 1 21963486

cpu  3985539 43253 2547857 568481387 3513368 0 284021 0 0 0
cpu0 773547 8851 403518 142624194 875173 0 66456 0 0 0
cpu1 1236746 9867 1190323 141276847 898274 0 83060 0 0 0
cpu2 1303846 15133 497358 142007433 909106 0 63494 0 0 0
cpu3 671400 9400 456656 142572910 830814 0 71010 0 0 0
intr 12377233256 0 0 3362517 75 0 656020 32768996 0 0 0 9892874 0 0 0 0 0 0 0 0 0 0 0 0 0 0 0 0 0 0 0 0 0 0 0 0 0 0 0 0 0 0 0 0 0 0 0 0 0 0 0 0 3187837985 0 0 0 0 0 0 0 0 141789 0 3367198 0 0 0 0 0 0 0 0 0 0 0 445872736 1 0 0 0 0 0 0 0 0 0 0 0 0 0 0 0 0 0 0 0 0 0 0 258526 4206 0 0 0 0 10657591 0 0 0 0 0 0 0 0 0 0 0 0 0 0 0 0 0 0 0 0 0 0 0 0 0 0 0 0 0 0 0 0 0 0 0 0 0 0 0 0 0 0 0 0 0 0 0 0 0 0 0 0 0 0 0 0 0 0 0 0 0 0 0 0 0 0 0 0 0 0 0 0 0 0 0 92478150 0 0 0
ctxt 217912358
btime 1671453272
processes 514398
procs_running 1
procs_blocked 0
softirq 205426640 80027420 30470980 365897 6650840 3367146 0 26995498 35585359 1 21963499

cpu  3985540 43253 2547859 568481580 3513368 0 284021 0 0 0
cpu0 773547 8851 403518 142624244 875173 0 66456 0 0 0
cpu1 1236746 9867 1190325 141276893 898274 0 83060 0 0 0
cpu2 1303846 15133 497358 142007482 909106 0 63494 0 0 0
cpu3 671400 9400 456656 142572960 830814 0 71010 0 0 0
intr 12377237999 0 0 3362522 75 0 656020 32769028 0 0 0 9892879 0 0 0 0 0 0 0 0 0 0 0 0 0 0 0 0 0 0 0 0 0 0 0 0 0 0 0 0 0 0 0 0 0 0 0 0 0 0 0 0 3187842014 0 0 0 0 0 0 0 0 141789 0 3367198 0 0 0 0 0 0 0 0 0 0 0 445872888 1 0 0 0 0 0 0 0 0 0 0 0 0 0 0 0 0 0 0 0 0 0 0 258526 4206 0 0 0 0 10657613 0 0 0 0 0 0 0 0 0 0 0 0 0 0 0 0 0 0 0 0 0 0 0 0 0 0 0 0 0 0 0 0 0 0 0 0 0 0 0 0 0 0 0 0 0 0 0 0 0 0 0 0 0 0 0 0 0 0 0 0 0 0 0 0 0 0 0 0 0 0 0 0 0 0 0 92478648 0 0 0
ctxt 217913382
btime 1671453272
processes 514398
procs_running 1
procs_blocked 0
softirq 205426727 80027428 30470998 365897 6650841 3367146 0 26995518 35585386 1 21963512

cpu  3985541 43253 2547861 568481773 3513368 0 284021 0 0 0
cpu0 773547 8851 403518 142624293 875173 0 66456 0 0 0
cpu1 1236747 9867 1190327 141276938 898274 0 83060 0 0 0
cpu2 1303846 15133 497358 142007531 909106 0 63494 0 0 0
cpu3 671400 9400 456656 142573009 830814 0 71010 0 0 0
intr 12377242905 0 0 3362526 75 0 656020 32769075 0 0 0 9892884 0 0 0 0 0 0 0 0 0 0 0 0 0 0 0 0 0 0 0 0 0 0 0 0 0 0 0 0 0 0 0 0 0 0 0 0 0 0 0 0 3187846102 0 0 0 0 0 0 0 0 141789 0 3367198 0 0 0 0 0 0 0 0 0 0 0 445873111 1 0 0 0 0 0 0 0 0 0 0 0 0 0 0 0 0 0 0 0 0 0 0 258526 4206 0 0 0 0 10657650 0 0 0 0 0 0 0 0 0 0 0 0 0 0 0 0 0 0 0 0 0 0 0 0 0 0 0 0 0 0 0 0 0 0 0 0 0 0 0 0 0 0 0 0 0 0 0 0 0 0 0 0 0 0 0 0 0 0 0 0 0 0 0 0 0 0 0 0 0 0 0 0 0 0 0 92479150 0 0 0
ctxt 217914428
btime 1671453272
processes 514398
procs_running 1
procs_blocked 0
softirq 205427059 80027563 30471019 365897 6650885 3367146 0 26995597 35585420 1 21963531

cpu  3985541 43253 2547862 568481966 3513368 0 284021 0 0 0
cpu0 773547 8851 403518 142624342 875173 0 66456 0 0 0
cpu1 1236747 9867 1190328 141276984 898274 0 83060 0 0 0
cpu2 1303846 15133 497358 142007580 909106 0 63494 0 0 0
cpu3 671400 9400 456656 142573059 830814 0 71010 0 0 0
intr 12377247643 0 0 3362530 75 0 656020 32769114 0 0 0 9892889 0 0 0 0 0 0 0 0 0 0 0 0 0 0 0 0 0 0 0 0 0 0 0 0 0 0 0 0 0 0 0 0 0 0 0 0 0 0 0 0 3187850130 0 0 0 0 0 0 0 0 141789 0 3367198 0 0 0 0 0 0 0 0 0 0 0 445873263 1 0 0 0 0 0 0 0 0 0 0 0 0 0 0 0 0 0 0 0 0 0 0 258526 4206 0 0 0 0 10657672 0 0 0 0 0 0 0 0 0 0 0 0 0 0 0 0 0 0 0 0 0 0 0 0 0 0 0 0 0 0 0 0 0 0 0 0 0 0 0 0 0 0 0 0 0 0 0 0 0 0 0 0 0 0 0 0 0 0 0 0 0 0 0 0 0 0 0 0 0 0 0 0 0 0 0 92479640 0 0 0
ctxt 217915449
btime 1671453272
processes 514398
procs_running 1
procs_blocked 0
softirq 205427140 80027571 30471034 365897 6650886 3367146 0 26995616 35585444 1 21963545

cpu  3985542 43253 2547866 568482155 3513368 0 284022 0 0 0
cpu0 773548 8851 403520 142624388 875173 0 66456 0 0 0
cpu1 1236747 9867 1190330 141277029 898274 0 83060 0 0 0
cpu2 1303846 15133 497358 142007629 909106 0 63494 0 0 0
cpu3 671400 9400 456656 142573108 830814 0 71010 0 0 0
intr 12377252598 0 0 3362538 75 0 656020 32769167 0 0 0 9892894 0 0 0 0 0 0 0 0 0 0 0 0 0 0 0 0 0 0 0 0 0 0 0 0 0 0 0 0 0 0 0 0 0 0 0 0 0 0 0 0 3187854229 0 0 0 0 0 0 0 0 141789 0 3367198 0 0 0 0 0 0 0 0 0 0 0 445873495 1 0 0 0 0 0 0 0 0 0 0 0 0 0 0 0 0 0 0 0 0 0 0 258526 4206 0 0 0 0 10657716 0 0 0 0 0 0 0 0 0 0 0 0 0 0 0 0 0 0 0 0 0 0 0 0 0 0 0 0 0 0 0 0 0 0 0 0 0 0 0 0 0 0 0 0 0 0 0 0 0 0 0 0 0 0 0 0 0 0 0 0 0 0 0 0 0 0 0 0 0 0 0 0 0 0 0 92480153 0 0 0
ctxt 217916527
btime 1671453272
processes 514398
procs_running 1
procs_blocked 0
softirq 205427489 80027725 30471059 365897 6650911 3367146 0 26995690 35585479 1 21963581

cpu  3985542 43253 2547867 568482349 3513368 0 284022 0 0 0
cpu0 773548 8851 403520 142624437 875173 0 66456 0 0 0
cpu1 1236747 9867 1190331 141277075 898274 0 83060 0 0 0
cpu2 1303846 15133 497358 142007678 909106 0 63494 0 0 0
cpu3 671400 9400 456656 142573157 830814 0 71010 0 0 0
intr 12377257337 0 0 3362543 75 0 656020 32769197 0 0 0 9892899 0 0 0 0 0 0 0 0 0 0 0 0 0 0 0 0 0 0 0 0 0 0 0 0 0 0 0 0 0 0 0 0 0 0 0 0 0 0 0 0 3187858259 0 0 0 0 0 0 0 0 141789 0 3367198 0 0 0 0 0 0 0 0 0 0 0 445873647 1 0 0 0 0 0 0 0 0 0 0 0 0 0 0 0 0 0 0 0 0 0 0 258526 4206 0 0 0 0 10657738 0 0 0 0 0 0 0 0 0 0 0 0 0 0 0 0 0 0 0 0 0 0 0 0 0 0 0 0 0 0 0 0 0 0 0 0 0 0 0 0 0 0 0 0 0 0 0 0 0 0 0 0 0 0 0 0 0 0 0 0 0 0 0 0 0 0 0 0 0 0 0 0 0 0 0 92480648 0 0 0
ctxt 217917552
btime 1671453272
processes 514398
procs_running 1
procs_blocked 0
softirq 205427576 80027733 30471077 365897 6650912 3367146 0 26995712 35585503 1 21963595

cpu  3985544 43253 2547868 568482540 3513368 0 284022 0 0 0
cpu0 773548 8851 403520 142624486 875173 0 66456 0 0 0
cpu1 1236748 9867 1190332 141277120 898274 0 83060 0 0 0
cpu2 1303846 15133 497358 142007727 909106 0 63494 0 0 0
cpu3 671400 9400 456657 142573206 830814 0 71010 0 0 0
intr 12377262272 0 0 3362555 75 0 656020 32769242 0 0 0 9892904 0 0 0 0 0 0 0 0 0 0 0 0 0 0 0 0 0 0 0 0 0 0 0 0 0 0 0 0 0 0 0 0 0 0 0 0 0 0 0 0 3187862354 0 0 0 0 0 0 0 0 141789 0 3367212 0 0 0 0 0 0 0 0 0 0 0 445873873 1 0 0 0 0 0 0 0 0 0 0 0 0 0 0 0 0 0 0 0 0 0 0 258539 4206 0 0 0 0 10657760 0 0 0 0 0 0 0 0 0 0 0 0 0 0 0 0 0 0 0 0 0 0 0 0 0 0 0 0 0 0 0 0 0 0 0 0 0 0 0 0 0 0 0 0 0 0 0 0 0 0 0 0 0 0 0 0 0 0 0 0 0 0 0 0 0 0 0 0 0 0 0 0 0 0 0 92481151 0 0 0
ctxt 217918694
btime 1671453272
processes 514398
procs_running 1
procs_blocked 0
softirq 205427976 80027933 30471096 365897 6650940 3367159 0 26995808 35585531 1 21963611

cpu  3985544 43253 2547869 568482733 3513369 0 284022 0 0 0
cpu0 773548 8851 403520 142624536 875173 0 66456 0 0 0
cpu1 1236749 9867 1190333 141277166 898274 0 83060 0 0 0
cpu2 1303846 15133 497358 142007775 909106 0 63494 0 0 0
cpu3 671400 9400 456657 142573255 830814 0 71010 0 0 0
intr 12377267054 0 0 3362563 75 0 656020 32769286 0 0 0 9892909 0 0 0 0 0 0 0 0 0 0 0 0 0 0 0 0 0 0 0 0 0 0 0 0 0 0 0 0 0 0 0 0 0 0 0 0 0 0 0 0 3187866383 0 0 0 0 0 0 0 0 141789 0 3367218 0 0 0 0 0 0 0 0 0 0 0 445874025 1 0 0 0 0 0 0 0 0 0 0 0 0 0 0 0 0 0 0 0 0 0 0 258546 4206 0 0 0 0 10657782 0 0 0 0 0 0 0 0 0 0 0 0 0 0 0 0 0 0 0 0 0 0 0 0 0 0 0 0 0 0 0 0 0 0 0 0 0 0 0 0 0 0 0 0 0 0 0 0 0 0 0 0 0 0 0 0 0 0 0 0 0 0 0 0 0 0 0 0 0 0 0 0 0 0 0 92481660 0 0 0
ctxt 217919787
btime 1671453272
processes 514398
procs_running 1
procs_blocked 0
softirq 205428098 80027941 30471117 365898 6650941 3367166 0 26995848 35585562 1 21963624

cpu  3985544 43253 2547872 568482925 3513369 0 284022 0 0 0
cpu0 773548 8851 403520 142624585 875173 0 66456 0 0 0
cpu1 1236749 9867 1190335 141277211 898274 0 83061 0 0 0
cpu2 1303846 15133 497358 142007824 909106 0 63494 0 0 0
cpu3 671400 9400 456657 142573305 830814 0 71010 0 0 0
intr 12377271938 0 0 3362571 75 0 656020 32769321 0 0 0 9892914 0 0 0 0 0 0 0 0 0 0 0 0 0 0 0 0 0 0 0 0 0 0 0 0 0 0 0 0 0 0 0 0 0 0 0 0 0 0 0 0 3187870474 0 0 0 0 0 0 0 0 141789 0 3367218 0 0 0 0 0 0 0 0 0 0 0 445874254 1 0 0 0 0 0 0 0 0 0 0 0 0 0 0 0 0 0 0 0 0 0 0 258546 4206 0 0 0 0 10657804 0 0 0 0 0 0 0 0 0 0 0 0 0 0 0 0 0 0 0 0 0 0 0 0 0 0 0 0 0 0 0 0 0 0 0 0 0 0 0 0 0 0 0 0 0 0 0 0 0 0 0 0 0 0 0 0 0 0 0 0 0 0 0 0 0 0 0 0 0 0 0 0 0 0 0 92482153 0 0 0
ctxt 217920789
btime 1671453272
processes 514398
procs_running 1
procs_blocked 0
softirq 205428454 80028174 30471131 365898 6650958 3367166 0 26995899 35585591 1 21963636

cpu  3985545 43253 2547872 568483119 3513369 0 284022 0 0 0
cpu0 773548 8851 403520 142624634 875173 0 66456 0 0 0
cpu1 1236750 9867 1190336 141277257 898274 0 83061 0 0 0
cpu2 1303846 15133 497358 142007873 909106 0 63494 0 0 0
cpu3 671400 9400 456657 142573354 830814 0 71010 0 0 0
intr 12377276694 0 0 3362572 75 0 656020 32769362 0 0 0 9892919 0 0 0 0 0 0 0 0 0 0 0 0 0 0 0 0 0 0 0 0 0 0 0 0 0 0 0 0 0 0 0 0 0 0 0 0 0 0 0 0 3187874501 0 0 0 0 0 0 0 0 141789 0 3367218 0 0 0 0 0 0 0 0 0 0 0 445874406 1 0 0 0 0 0 0 0 0 0 0 0 0 0 0 0 0 0 0 0 0 0 0 258546 4206 0 0 0 0 10657835 0 0 0 0 0 0 0 0 0 0 0 0 0 0 0 0 0 0 0 0 0 0 0 0 0 0 0 0 0 0 0 0 0 0 0 0 0 0 0 0 0 0 0 0 0 0 0 0 0 0 0 0 0 0 0 0 0 0 0 0 0 0 0 0 0 0 0 0 0 0 0 0 0 0 0 92482654 0 0 0
ctxt 217921833
btime 1671453272
processes 514398
procs_running 1
procs_blocked 0
softirq 205428550 80028182 30471151 365898 6650959 3367166 0 26995925 35585620 1 21963648

cpu  3985546 43253 2547876 568483308 3513369 0 284022 0 0 0
cpu0 773550 8851 403523 142624680 875173 0 66456 0 0 0
cpu1 1236750 9867 1190337 141277302 898274 0 83061 0 0 0
cpu2 1303846 15133 497358 142007922 909106 0 63495 0 0 0
cpu3 671400 9400 456657 142573402 830814 0 71010 0 0 0
intr 12377281614 0 0 3362578 75 0 656020 32769419 0 0 0 9892924 0 0 0 0 0 0 0 0 0 0 0 0 0 0 0 0 0 0 0 0 0 0 0 0 0 0 0 0 0 0 0 0 0 0 0 0 0 0 0 0 3187878583 0 0 0 0 0 0 0 0 141789 0 3367218 0 0 0 0 0 0 0 0 0 0 0 445874615 1 0 0 0 0 0 0 0 0 0 0 0 0 0 0 0 0 0 0 0 0 0 0 258546 4206 0 0 0 0 10657879 0 0 0 0 0 0 0 0 0 0 0 0 0 0 0 0 0 0 0 0 0 0 0 0 0 0 0 0 0 0 0 0 0 0 0 0 0 0 0 0 0 0 0 0 0 0 0 0 0 0 0 0 0 0 0 0 0 0 0 0 0 0 0 0 0 0 0 0 0 0 0 0 0 0 0 92483171 0 0 0
ctxt 217922911
btime 1671453272
processes 514398
procs_running 1
procs_blocked 0
softirq 205428889 80028290 30471176 365898 6651014 3367166 0 26996020 35585649 1 21963675

cpu  3985547 43253 2547877 568483501 3513369 0 284022 0 0 0
cpu0 773550 8851 403523 142624729 875173 0 66456 0 0 0
cpu1 1236750 9867 1190338 141277348 898274 0 83061 0 0 0
cpu2 1303846 15133 497358 142007971 909106 0 63495 0 0 0
cpu3 671400 9400 456657 142573451 830814 0 71010 0 0 0
intr 12377286368 0 0 3362582 75 0 656020 32769458 0 0 0 9892929 0 0 0 0 0 0 0 0 0 0 0 0 0 0 0 0 0 0 0 0 0 0 0 0 0 0 0 0 0 0 0 0 0 0 0 0 0 0 0 0 3187882612 0 0 0 0 0 0 0 0 141789 0 3367218 0 0 0 0 0 0 0 0 0 0 0 445874767 1 0 0 0 0 0 0 0 0 0 0 0 0 0 0 0 0 0 0 0 0 0 0 258546 4206 0 0 0 0 10657901 0 0 0 0 0 0 0 0 0 0 0 0 0 0 0 0 0 0 0 0 0 0 0 0 0 0 0 0 0 0 0 0 0 0 0 0 0 0 0 0 0 0 0 0 0 0 0 0 0 0 0 0 0 0 0 0 0 0 0 0 0 0 0 0 0 0 0 0 0 0 0 0 0 0 0 92483674 0 0 0
ctxt 217923947
btime 1671453272
processes 514398
procs_running 1
procs_blocked 0
softirq 205428976 80028298 30471192 365898 6651015 3367166 0 26996039 35585678 1 21963689

cpu  3985547 43253 2547879 568483693 3513369 0 284023 0 0 0
cpu0 773550 8851 403523 142624778 875173 0 66456 0 0 0
cpu1 1236751 9867 1190340 141277394 898274 0 83061 0 0 0
cpu2 1303846 15133 497358 142008020 909106 0 63495 0 0 0
cpu3 671400 9400 456657 142573500 830814 0 71010 0 0 0
intr 12377291247 0 0 3362584 75 0 656020 32769486 0 0 0 9892934 0 0 0 0 0 0 0 0 0 0 0 0 0 0 0 0 0 0 0 0 0 0 0 0 0 0 0 0 0 0 0 0 0 0 0 0 0 0 0 0 3187886711 0 0 0 0 0 0 0 0 141789 0 3367218 0 0 0 0 0 0 0 0 0 0 0 445874999 1 0 0 0 0 0 0 0 0 0 0 0 0 0 0 0 0 0 0 0 0 0 0 258546 4206 0 0 0 0 10657923 0 0 0 0 0 0 0 0 0 0 0 0 0 0 0 0 0 0 0 0 0 0 0 0 0 0 0 0 0 0 0 0 0 0 0 0 0 0 0 0 0 0 0 0 0 0 0 0 0 0 0 0 0 0 0 0 0 0 0 0 0 0 0 0 0 0 0 0 0 0 0 0 0 0 0 92484163 0 0 0
ctxt 217924945
btime 1671453272
processes 514398
procs_running 1
procs_blocked 0
softirq 205429239 80028429 30471206 365898 6651041 3367166 0 26996091 35585704 1 21963703

cpu  3985547 43253 2547880 568483887 3513369 0 284023 0 0 0
cpu0 773550 8851 403523 142624828 875173 0 66456 0 0 0
cpu1 1236751 9867 1190341 141277439 898274 0 83061 0 0 0
cpu2 1303846 15133 497358 142008069 909106 0 63495 0 0 0
cpu3 671400 9400 456657 142573549 830814 0 71010 0 0 0
intr 12377296063 0 0 3362587 75 0 656020 32769549 0 0 0 9892939 0 0 0 0 0 0 0 0 0 0 0 0 0 0 0 0 0 0 0 0 0 0 0 0 0 0 0 0 0 0 0 0 0 0 0 0 0 0 0 0 3187890739 0 0 0 0 0 0 0 0 141789 0 3367218 0 0 0 0 0 0 0 0 0 0 0 445875151 1 0 0 0 0 0 0 0 0 0 0 0 0 0 0 0 0 0 0 0 0 0 0 258546 4206 0 0 0 0 10657973 0 0 0 0 0 0 0 0 0 0 0 0 0 0 0 0 0 0 0 0 0 0 0 0 0 0 0 0 0 0 0 0 0 0 0 0 0 0 0 0 0 0 0 0 0 0 0 0 0 0 0 0 0 0 0 0 0 0 0 0 0 0 0 0 0 0 0 0 0 0 0 0 0 0 0 92484678 0 0 0
ctxt 217926046
btime 1671453272
processes 514398
procs_running 1
procs_blocked 0
softirq 205429368 80028437 30471230 365898 6651044 3367166 0 26996133 35585734 1 21963725

cpu  3985547 43253 2547882 568484080 3513369 0 284024 0 0 0
cpu0 773550 8851 403523 142624877 875173 0 66456 0 0 0
cpu1 1236751 9867 1190343 141277485 898274 0 83061 0 0 0
cpu2 1303846 15133 497358 142008118 909106 0 63495 0 0 0
cpu3 671400 9400 456657 142573598 830814 0 71010 0 0 0
intr 12377300839 0 0 3362587 75 0 656020 32769577 0 0 0 9892943 0 0 0 0 0 0 0 0 0 0 0 0 0 0 0 0 0 0 0 0 0 0 0 0 0 0 0 0 0 0 0 0 0 0 0 0 0 0 0 0 3187894791 0 0 0 0 0 0 0 0 141789 0 3367218 0 0 0 0 0 0 0 0 0 0 0 445875329 1 0 0 0 0 0 0 0 0 0 0 0 0 0 0 0 0 0 0 0 0 0 0 258546 4206 0 0 0 0 10657995 0 0 0 0 0 0 0 0 0 0 0 0 0 0 0 0 0 0 0 0 0 0 0 0 0 0 0 0 0 0 0 0 0 0 0 0 0 0 0 0 0 0 0 0 0 0 0 0 0 0 0 0 0 0 0 0 0 0 0 0 0 0 0 0 0 0 0 0 0 0 0 0 0 0 0 92485174 0 0 0
ctxt 217927046
btime 1671453272
processes 514398
procs_running 3
procs_blocked 0
softirq 205429560 80028529 30471248 365898 6651056 3367166 0 26996165 35585761 1 21963736

cpu  3985548 43253 2547884 568484272 3513369 0 284024 0 0 0
cpu0 773550 8851 403523 142624926 875173 0 66456 0 0 0
cpu1 1236751 9867 1190344 141277531 898274 0 83061 0 0 0
cpu2 1303846 15133 497358 142008167 909106 0 63495 0 0 0
cpu3 671400 9400 456657 142573647 830814 0 71011 0 0 0
intr 12377305676 0 0 3362591 75 0 656020 32769605 0 0 0 9892948 0 0 0 0 0 0 0 0 0 0 0 0 0 0 0 0 0 0 0 0 0 0 0 0 0 0 0 0 0 0 0 0 0 0 0 0 0 0 0 0 3187898862 0 0 0 0 0 0 0 0 141789 0 3367218 0 0 0 0 0 0 0 0 0 0 0 445875535 1 0 0 0 0 0 0 0 0 0 0 0 0 0 0 0 0 0 0 0 0 0 0 258546 4206 0 0 0 0 10658017 0 0 0 0 0 0 0 0 0 0 0 0 0 0 0 0 0 0 0 0 0 0 0 0 0 0 0 0 0 0 0 0 0 0 0 0 0 0 0 0 0 0 0 0 0 0 0 0 0 0 0 0 0 0 0 0 0 0 0 0 0 0 0 0 0 0 0 0 0 0 0 0 0 0 0 92485671 0 0 0
ctxt 217928079
btime 1671453272
processes 514398
procs_running 1
procs_blocked 0
softirq 205429761 80028635 30471264 365898 6651060 3367166 0 26996200 35585788 1 21963749

cpu  3985548 43253 2547889 568484463 3513369 0 284024 0 0 0
cpu0 773550 8851 403526 142624972 875173 0 66456 0 0 0
cpu1 1236751 9867 1190347 141277577 898274 0 83061 0 0 0
cpu2 1303846 15133 497358 142008217 909106 0 63495 0 0 0
cpu3 671400 9400 456657 142573696 830814 0 71011 0 0 0
intr 12377310436 0 0 3362597 75 0 656020 32769653 0 0 0 9892953 0 0 0 0 0 0 0 0 0 0 0 0 0 0 0 0 0 0 0 0 0 0 0 0 0 0 0 0 0 0 0 0 0 0 0 0 0 0 0 0 3187902863 0 0 0 0 0 0 0 0 141789 0 3367218 0 0 0 0 0 0 0 0 0 0 0 445875663 1 0 0 0 0 0 0 0 0 0 0 0 0 0 0 0 0 0 0 0 0 0 0 258546 4206 0 0 0 0 10658061 0 0 0 0 0 0 0 0 0 0 0 0 0 0 0 0 0 0 0 0 0 0 0 0 0 0 0 0 0 0 0 0 0 0 0 0 0 0 0 0 0 0 0 0 0 0 0 0 0 0 0 0 0 0 0 0 0 0 0 0 0 0 0 0 0 0 0 0 0 0 0 0 0 0 0 92486199 0 0 0
ctxt 217929178
btime 1671453272
processes 514398
procs_running 1
procs_blocked 0
softirq 205429897 80028635 30471289 365898 6651062 3367166 0 26996236 35585822 1 21963788

cpu  3985548 43253 2547891 568484655 3513369 0 284024 0 0 0
cpu0 773550 8851 403526 142625021 875173 0 66456 0 0 0
cpu1 1236751 9867 1190349 141277622 898274 0 83062 0 0 0
cpu2 1303846 15133 497358 142008266 909106 0 63495 0 0 0
cpu3 671400 9400 456657 142573745 830814 0 71011 0 0 0
intr 12377315377 0 0 3362604 75 0 656020 32769688 0 0 0 9892958 0 0 0 0 0 0 0 0 0 0 0 0 0 0 0 0 0 0 0 0 0 0 0 0 0 0 0 0 0 0 0 0 0 0 0 0 0 0 0 0 3187906988 0 0 0 0 0 0 0 0 141789 0 3367219 0 0 0 0 0 0 0 0 0 0 0 445875907 1 0 0 0 0 0 0 0 0 0 0 0 0 0 0 0 0 0 0 0 0 0 0 258547 4206 0 0 0 0 10658083 0 0 0 0 0 0 0 0 0 0 0 0 0 0 0 0 0 0 0 0 0 0 0 0 0 0 0 0 0 0 0 0 0 0 0 0 0 0 0 0 0 0 0 0 0 0 0 0 0 0 0 0 0 0 0 0 0 0 0 0 0 0 0 0 0 0 0 0 0 0 0 0 0 0 0 92486701 0 0 0
ctxt 217930231
btime 1671453272
processes 514398
procs_running 1
procs_blocked 0
softirq 205430243 80028818 30471310 365899 6651094 3367167 0 26996300 35585853 1 21963801

cpu  3985548 43253 2547892 568484849 3513369 0 284024 0 0 0
cpu0 773550 8851 403526 142625070 875173 0 66456 0 0 0
cpu1 1236751 9867 1190350 141277668 898274 0 83062 0 0 0
cpu2 1303846 15133 497358 142008315 909106 0 63495 0 0 0
cpu3 671400 9400 456657 142573794 830814 0 71011 0 0 0
intr 12377320052 0 0 3362608 75 0 656020 32769715 0 0 0 9892963 0 0 0 0 0 0 0 0 0 0 0 0 0 0 0 0 0 0 0 0 0 0 0 0 0 0 0 0 0 0 0 0 0 0 0 0 0 0 0 0 3187910984 0 0 0 0 0 0 0 0 141789 0 3367219 0 0 0 0 0 0 0 0 0 0 0 445876037 1 0 0 0 0 0 0 0 0 0 0 0 0 0 0 0 0 0 0 0 0 0 0 258547 4206 0 0 0 0 10658105 0 0 0 0 0 0 0 0 0 0 0 0 0 0 0 0 0 0 0 0 0 0 0 0 0 0 0 0 0 0 0 0 0 0 0 0 0 0 0 0 0 0 0 0 0 0 0 0 0 0 0 0 0 0 0 0 0 0 0 0 0 0 0 0 0 0 0 0 0 0 0 0 0 0 0 92487192 0 0 0
ctxt 217931225
btime 1671453272
processes 514398
procs_running 1
procs_blocked 0
softirq 205430312 80028818 30471326 365899 6651095 3367167 0 26996318 35585876 1 21963812

cpu  3985549 43253 2547893 568485043 3513369 0 284024 0 0 0
cpu0 773550 8851 403526 142625120 875173 0 66456 0 0 0
cpu1 1236752 9867 1190351 141277714 898274 0 83062 0 0 0
cpu2 1303846 15133 497358 142008365 909106 0 63495 0 0 0
cpu3 671400 9400 456657 142573843 830814 0 71011 0 0 0
intr 12377324791 0 0 3362612 75 0 656020 32769749 0 0 0 9892968 0 0 0 0 0 0 0 0 0 0 0 0 0 0 0 0 0 0 0 0 0 0 0 0 0 0 0 0 0 0 0 0 0 0 0 0 0 0 0 0 3187915012 0 0 0 0 0 0 0 0 141789 0 3367219 0 0 0 0 0 0 0 0 0 0 0 445876189 1 0 0 0 0 0 0 0 0 0 0 0 0 0 0 0 0 0 0 0 0 0 0 258547 4206 0 0 0 0 10658127 0 0 0 0 0 0 0 0 0 0 0 0 0 0 0 0 0 0 0 0 0 0 0 0 0 0 0 0 0 0 0 0 0 0 0 0 0 0 0 0 0 0 0 0 0 0 0 0 0 0 0 0 0 0 0 0 0 0 0 0 0 0 0 0 0 0 0 0 0 0 0 0 0 0 0 92487686 0 0 0
ctxt 217932243
btime 1671453272
processes 514398
procs_running 1
procs_blocked 0
softirq 205430395 80028826 30471343 365899 6651096 3367167 0 26996338 35585900 1 21963825

cpu  3985549 43253 2547895 568485236 3513369 0 284024 0 0 0
cpu0 773550 8851 403526 142625169 875173 0 66456 0 0 0
cpu1 1236752 9867 1190353 141277759 898274 0 83062 0 0 0
cpu2 1303846 15133 497358 142008414 909106 0 63495 0 0 0
cpu3 671400 9400 456657 142573892 830814 0 71011 0 0 0
intr 12377329465 0 0 3362616 75 0 656020 32769771 0 0 0 9892973 0 0 0 0 0 0 0 0 0 0 0 0 0 0 0 0 0 0 0 0 0 0 0 0 0 0 0 0 0 0 0 0 0 0 0 0 0 0 0 0 3187919007 0 0 0 0 0 0 0 0 141789 0 3367219 0 0 0 0 0 0 0 0 0 0 0 445876319 1 0 0 0 0 0 0 0 0 0 0 0 0 0 0 0 0 0 0 0 0 0 0 258547 4206 0 0 0 0 10658149 0 0 0 0 0 0 0 0 0 0 0 0 0 0 0 0 0 0 0 0 0 0 0 0 0 0 0 0 0 0 0 0 0 0 0 0 0 0 0 0 0 0 0 0 0 0 0 0 0 0 0 0 0 0 0 0 0 0 0 0 0 0 0 0 0 0 0 0 0 0 0 0 0 0 0 92488182 0 0 0
ctxt 217933237
btime 1671453272
processes 514398
procs_running 2
procs_blocked 0
softirq 205430472 80028826 30471359 365899 6651097 3367167 0 26996357 35585928 1 21963838

cpu  3985549 43253 2547898 568485430 3513369 0 284024 0 0 0
cpu0 773550 8851 403526 142625218 875173 0 66456 0 0 0
cpu1 1236752 9867 1190355 141277805 898274 0 83062 0 0 0
cpu2 1303846 15133 497358 142008464 909106 0 63495 0 0 0
cpu3 671400 9400 456657 142573941 830814 0 71011 0 0 0
intr 12377334180 0 0 3362621 75 0 656020 32769802 0 0 0 9892978 0 0 0 0 0 0 0 0 0 0 0 0 0 0 0 0 0 0 0 0 0 0 0 0 0 0 0 0 0 0 0 0 0 0 0 0 0 0 0 0 3187923024 0 0 0 0 0 0 0 0 141789 0 3367219 0 0 0 0 0 0 0 0 0 0 0 445876460 1 0 0 0 0 0 0 0 0 0 0 0 0 0 0 0 0 0 0 0 0 0 0 258547 4206 0 0 0 0 10658171 0 0 0 0 0 0 0 0 0 0 0 0 0 0 0 0 0 0 0 0 0 0 0 0 0 0 0 0 0 0 0 0 0 0 0 0 0 0 0 0 0 0 0 0 0 0 0 0 0 0 0 0 0 0 0 0 0 0 0 0 0 0 0 0 0 0 0 0 0 0 0 0 0 0 0 92488677 0 0 0
ctxt 217934244
btime 1671453272
processes 514398
procs_running 3
procs_blocked 0
softirq 205430551 80028830 30471376 365899 6651098 3367167 0 26996375 35585956 1 21963849
