Latency
197829
447244
698634
943509
1195530
1443303
1694727
1942862
2194757
2442516
2693875
2942177
3193508
3442023
3693520
3944782
4192797
4444361
4692557
4943886
5191596
5443151
5691719
5943149
6191684
6443161
6691238
6942429
7191042
7442622
7691044
7942399
8193516
8441899
8693467
8941682
9193088
7518531
7767558
114865
364585
613421
327159
573549
825021
264638
513251
762021
243587
495753
744609
391864
646134
190108
474602
723369
185317
434341
681867
351633
600421
216422
463180
712120
387237
634400
883246
222266
471047
736963
179761
428499
727809
186825
435675
684152
187932
436597
685536
181501
430270
732242
375080
622959
871999
440080
688800
937929
290893
540681
789576
439432
688484
937033
243896
492556
741474
362285
614590
863452
372958
621568
870408
216939
463507
712115
396469
643958
892605
374751
622736
871620
193661
443041
690930
376485
623760
872476
377088
625421
874002
221396
468805
717354
441770
690351
939294
371094
620093
883165
337201
585325
834008
371952
630109
877517
199650
447867
695357
197361
445997
693875
187599
473988
722298
198192
446828
696506
185144
431677
685465
203915
452328
700520
199072
447846
695936
226920
475572
724220
354632
603110
857089
220741
466485
727887
353112
601608
850535
209658
458502
707230
214765
463343
710345
350610
603920
856180
291111
539602
788415
366522
618414
867274
196732
445022
693005
206308
454809
722619
356934
605245
853995
238906
487437
742500
192218
441028
689235
187580
436407
684970
195105
443604
691638
178021
426105
713339
376000
624430
873111
294978
543142
791709
294714
546827
795429
365895
614514
863497
435999
684713
949236
365946
611953
860847
197043
445512
693888
193303
441809
688453
394930
641501
890388
224600
473110
721712
193568
442538
690694
190091
438790
687430
187917
436512
691361
187401
436172
684157
188273
436715
684705
228800
477428
725128
229997
478794
726839
293418
541780
790607
239817
474926
724682
359854
608415
857064
197990
446584
695112
189789
438742
739844
182695
434685
687399
199624
448388
696955
181783
430452
679748
366934
615582
864374
368316
616756
876242
226756
472392
733931
359997
608358
856989
332704
580781
829795
252579
502557
785805
200430
448914
704058
187041
435516
757484
369823
620772
869349
350421
598910
848011
176522
425364
671817
455418
703965
952981
237162
486149
745059
183868
432801
749618
216470
466254
714101
190841
439767
694568
200002
448806
755305
235186
484154
732401
354814
602474
851394
305008
557490
805988
422948
670505
919184
238929
487248
735256
423426
670785
369515
618021
866985
173694
422563
671278
185173
477224
725343
194032
443282
691078
208405
456920
705431
181946
430455
679262
217225
466024
714665
185827
433142
745711
367770
616220
864875
306554
555322
804158
288292
535967
784532
367068
615884
864473
373544
621569
870266
178371
427044
674751
366954
615662
864588
195087
444012
696685
357650
606155
854832
196967
445641
694111
182378
431244
758288
365672
614134
863073
433900
682133
930518
226500
473484
722332
370761
619032
867849
432770
680340
936609
300693
546411
795445
366021
614758
863407
216631
465562
714348
372283
624285
873092
435629
686215
933241
205670
454629
764642
450361
696607
945601
170555
419338
749768
182189
431200
731983
354722
602407
851493
223597
472538
724024
205468
453928
702151
351611
600609
849152
202840
451557
698916
302517
547414
796382
338422
586278
834957
220164
468811
716671
421929
669917
918598
355992
603368
852135
184724
436437
684359
257818
506599
755265
371829
619390
868347
202272
451102
699001
449505
696952
946003
368742
617511
864648
230034
477631
725137
365603
613667
862610
224037
472741
721240
351912
600545
849667
203220
452646
699887
222569
470658
718488
431674
679548
928427
372947
620392
869191
207909
456414
705268
358375
607182
855921
179111
427587
679384
186701
434887
683002
366234
614730
863415
433045
681381
930232
232585
479360
727665
370662
618270
867322
294087
542874
791347
302541
548150
797069
441720
690199
938833
236418
471486
720920
426411
674917
923837
366808
615432
864287
190486
439108
688131
449699
696052
944652
351659
600610
849339
209042
457971
706559
341771
590265
838996
374652
623082
869240
230866
480351
729004
264237
512609
760803
221501
470287
718143
311123
558213
806791
171282
420169
671253
204865
454377
689090
253750
502940
750320
188495
437662
685965
187988
436775
689491
281207
529705
777624
247720
496670
753565
188323
436919
685421
205375
471783
719017
221944
470478
719374
213530
462194
709950
376118
624615
873673
371985
619618
868247
305888
553729
802367
365097
615371
212761
461500
697349
360444
609428
366488
615320
220430
469171
761330
374818
623695
366806
615576
189563
438237
687092
370102
618564
439600
687258
236882
483164
731755
367980
616645
434971
683805
314612
562098
370634
616862
215649
450858
704589
381375
634562
434143
688439
188194
436927
685122
359590
608049
169676
421151
715668
166139
420134
763377
366223
615047
365744
613631
230214
479266
727515
436057
684557
369992
618301
357632
606478
370001
617920
222555
471332
718886
236555
485408
732938
184165
432936
747010
190829
439637
687859
350355
599003
422268
670336
188594
437296
686314
427775
676750
353184
601793
230125
478763
727112
357058
604843
221658
470405
718831
314134
562797
359749
617834
238428
487107
722094
432277
679980
289002
536581
785406
197012
445425
693962
268679
516920
765611
184926
433493
681652
174271
422867
742018
216323
475788
722174
185066
433627
769605
204290
452631
700546
236109
484845
732841
189441
438097
686990
186778
435455
683048
214295
463335
711602
199317
447586
681790
189763
438532
687084
204991
453417
701790
193548
442255
690355
184546
433378
742168
205122
453976
702264
220103
468608
716234
184352
432805
681321
221888
470161
718244
289704
538253
787302
327813
576491
286461
534653
783200
312239
558365
373733
620998
237581
485813
734424
441490
689990
373544
621627
187784
436937
684805
376391
624895
440666
688334
189997
438850
687522
427404
676009
357281
605727
239913
487895
736721
261367
510288
222597
471126
719717
381335
628782
357505
621881
235494
483737
718037
364718
612968
194425
443233
695251
204818
453719
701778
357486
605300
355346
602697
221682
470149
718156
173662
422198
671084
182452
431313
747554
197006
462672
710684
192312
441068
689746
225390
473803
722502
315714
563683
364800
622971
202465
450752
698820
182001
430494
677212
372770
620110
221111
469876
763798
369027
617797
355726
603252
183568
432217
757268
368375
616894
190735
439596
691770
294914
543063
791649
233512
482176
731115
217819
467070
715263
244001
492525
740833
210997
460323
714071
187449
435749
682884
198393
447281
705878
279504
528051
775441
186337
434812
682745
298744
546980
795709
267418
516191
764061
192099
441069
689714
171541
420125
668701
245106
493863
741576
253303
502095
749890
442980
691644
221324
470077
718353
373112
620681
260131
509424
757365
231791
480327
728479
343566
590553
191435
439821
695118
188182
437037
685843
300334
549292
797879
336456
584994
197020
445330
693711
181544
430422
683972
187891
436468
684721
183864
432434
680982
188049
437579
686551
190188
439390
687811
185532
438372
686919
350163
600285
374736
622589
388394
633843
372148
620013
199534
448545
697270
229571
478534
726816
239773
488398
737005
193242
442208
690305
190257
438931
687684
204890
453373
701947
202171
452610
699925
353573
600258
203352
452284
703769
319886
567954
816531
369354
626913
222971
471412
719748
365878
614235
198209
446587
694847
187587
482314
731155
170449
420255
712501
192242
440633
692834
189256
438688
689222
373264
621554
291413
540174
788942
248851
496721
745571
367636
615981
242042
490855
739682
321738
569227
378825
628693
276388
524690
773006
379448
627240
255305
504116
751278
190234
438726
687318
353435
601438
425095
673697
203066
451532
699321
356453
604484
425068
672980
255628
504426
752572
432707
680637
205657
454304
703461
188669
437525
686176
365989
629520
880098
172287
420762
669240
191285
439958
688085
200143
449099
699045
189982
438717
687162
280729
529464
777368
264958
513484
768872
233267
481919
730866
190091
439114
687786
195629
443891
691619
184659
471678
720696
181721
430328
684350
184015
432861
681383
184881
433750
681607
190258
438903
687744
191944
440632
688875
401149
649382
898165
323549
572291
821211
190659
439617
688232
465295
717740
966667
274020
522771
780912
235433
484152
732372
348090
596186
844894
217542
466055
714660
310204
558918
807821
367973
616772
865402
222654
471485
720182
324015
572011
821090
443346
691990
940619
200382
448887
697369
369357
618019
866757
365507
612635
861540
181733
430626
755420
368317
616790
865819
356437
604526
853424
233534
482025
730648
190687
439304
688208
188367
437107
685583
207166
455148
703994
180122
429534
676316
187388
436350
757220
186752
436075
683296
195595
444200
691770
271967
520272
767687
358138
606975
855633
351606
600012
848948
175082
423800
712614
432701
680919
929725
349730
598548
847334
197223
445537
693123
272309
532851
786045
348986
598087
844610
307750
556528
805402
272598
521432
770176
185137
435757
687297
380755
628059
877096
216965
465726
714400
231256
479683
727649
455009
703154
951902
375597
623621
872548
189513
438449
687134
452255
700763
949382
291879
540594
789557
181060
428712
676746
366743
615281
864216
272577
521494
769532
256167
504265
752180
369393
618168
866738
437355
685882
934560
333062
581398
830331
376069
636505
881838
198835
446825
695363
376232
625079
873788
221220
469972
717656
188516
437465
686232
377312
625942
874777
436876
685435
934402
201351
450321
698476
373709
621736
871019
373248
620795
869575
259317
508111
756412
378880
626836
875784
207342
456049
716744
281894
533622
782625
357099
605474
854161
201087
449372
697683
364735
612202
860904
351043
599509
848132
192767
441684
690157
356550
604770
853571
348376
596550
845616
205070
453742
702230
359665
608052
856888
225597
474489
723131
259808
507698
181950
430651
678580
206167
454821
703478
201788
450352
698627
191260
440260
688939
188426
479480
727222
218877
468115
715907
306730
555035
192437
441742
689991
323464
571898
820576
170809
419614
667632
244000
492821
741161
181268
429949
681580
184861
433004
684910
182887
431803
685300
372571
620234
869187
367218
615964
864667
333684
582053
830802
223577
472455
721218
372132
619837
868275
376215
624801
873819
373123
620600
869372
194367
442758
690769
220698
470217
717383
188574
437250
686058
190317
438937
686708
196048
444563
692418
192299
441105
757005
185063
433958
681481
189082
438935
686735
190070
438793
687447
219271
468173
715976
203890
452375
700118
272808
521210
768871
374312
622245
871276
364958
613157
861840
181530
430230
679369
359609
608309
857077
356253
603763
852500
209996
458520
707291
357859
606641
855510
351768
600316
851235
259681
512061
760081
256240
505056
753503
218477
467369
715601
391427
639887
888659
350767
599300
848216
205755
454443
702693
258735
507364
756486
228375
477011
724795
192027
440662
689247
183447
432145
681201
439448
687089
935721
197364
445373
692595
366683
615361
864194
216525
465081
714006
318872
567402
816274
368207
613924
865627
369354
618057
866915
397353
645169
894006
373629
621712
870880
189674
438202
686678
362779
609720
858484
323185
571590
820302
188630
437042
685497
370408
618465
867654
235405
484300
732461
251830
500214
749263
216434
465413
714274
187369
436158
685234
186695
435369
683320
188456
437282
685672
186956
435730
683570
204884
453776
702409
196458
444734
690324
190913
439161
687425
170778
419622
667786
186523
472571
721398
182405
431269
743975
220968
472035
717362
189922
438538
687178
190458
440391
689068
199684
448418
697202
213006
461839
709106
265164
512983
761900
351035
599558
848298
355254
602671
851611
340550
588661
837425
341011
589616
838313
198467
446654
694976
451975
700686
949420
350865
599231
848400
181330
430242
681120
325168
573861
822780
229174
478235
726212
259505
508071
756842
356408
604210
853232
238875
487323
735815
185214
433758
682750
216004
464798
713648
272714
521379
770073
344609
593383
842122
441317
693529
209000
457467
706090
363064
613914
862611
365323
613161
862343
182814
431700
680317
289354
537316
786015
266219
514995
763557
197571
445374
693825
374210
622424
871412
367655
616388
865236
326661
575168
824035
285819
534240
782920
221518
470078
722134
246896
495595
743689
221251
469691
717331
275037
523453
771689
375744
624518
873237
369966
618496
867461
193739
442380
690357
370058
618438
867055
368897
617924
866584
199249
446925
695521
442457
690860
940137
369639
618414
867080
265421
511908
759424
365849
614163
862988
225071
473728
785582
343509
595164
844140
199231
447917
696779
191109
439293
687719
190894
439646
688435
342384
590915
839579
172000
420621
734359
351240
599701
848420
339073
586290
835254
196575
445228
693411
314822
562558
811420
221774
470522
718900
173867
422343
674158
196190
444383
692668
189807
438375
687165
205455
454268
703203
231289
480082
728954
193608
441950
689915
177927
426554
674228
218612
467157
715840
197165
445287
694213
220895
481914
734092
368684
617170
866139
205034
453848
701845
441244
688663
937590
371814
619439
868149
276077
524679
773461
372797
627978
877444
221394
470109
718115
347743
595272
844182
357916
606675
855530
195545
444061
691207
377297
625859
874692
239980
488537
737148
189462
438229
687140
204787
453465
704239
220465
469486
717154
199465
452884
700688
352870
601404
850133
366915
615350
864547
280038
529067
776965
220200
468528
716377
205811
454536
703058
330707
577950
826570
371811
619262
868081
285585
533851
782006
227008
475090
723692
194910
443712
691747
206347
454995
703881
179085
436167
684280
208246
457006
705578
187587
436083
684203
226030
474654
723399
299839
548167
797130
271611
517391
765906
359410
607774
856758
355974
603665
852320
351468
599894
848743
339554
587100
836064
196520
444952
692252
433866
682534
931477
359256
607928
856544
187051
435647
682982
372456
620124
868967
372364
619600
868374
206392
453900
702717
442413
691264
940074
239408
488316
737125
284274
533031
781728
445872
694337
943172
221684
470405
718784
356086
603574
366798
615261
864270
204172
452613
699611
382909
630387
879437
352429
601138
850142
211444
460251
710055
178562
437998
683161
204588
453291
701417
187110
435756
683726
208630
457400
706265
187702
437404
684883
227889
477081
724401
190311
439262
687608
191975
440497
689537
189077
438990
686867
348710
597027
846016
283824
532192
780782
224838
473500
722174
189467
438735
687086
191501
440102
688808
184024
754301
217602
466742
715194
186594
433263
681997
188098
437134
689807
195293
443732
691376
272902
520029
767825
357483
606209
854751
357921
606462
855689
354828
602727
851534
425242
673684
922740
192223
440713
689471
374522
620088
869154
424595
672376
921395
188332
437158
685655
445608
691047
940143
356042
603905
852633
212366
461221
708653
357664
606514
855188
222270
470762
719578
283829
532445
781413
189996
438751
687487
191700
440405
689276
276341
523950
772641
201648
449852
696920
197438
445442
693797
196186
444563
692995
356156
603953
852915
198370
447281
695945
370954
618960
868018
227616
476352
724293
207827
454843
703497
298455
559158
804339
222575
471121
719994
341128
589808
838853
331305
586920
836574
178281
426675
674331
349912
596761
845457
435237
683741
932495
179588
427900
681905
447941
695711
944676
274977
523628
772689
201410
450018
698411
232319
487645
770624
200142
449157
697909
268213
516732
765448
265511
514762
762599
224695
473539
722283
201447
450082
698503
241626
490561
739400
373632
621431
870182
359342
607768
856778
330459
577722
826514
189547
437804
686405
364670
612886
861438
427008
675621
924687
188392
437467
685983
448124
698253
946612
355989
603277
852237
216160
465024
713838
357452
605898
854910
373237
621184
869828
289401
537600
786351
356124
603854
852667
223261
471954
720632
361319
609965
858705
239064
488046
736479
207227
438037
688285
378467
623832
872830
223427
471785
726148
196669
445158
693180
372275
619690
868870
436161
684611
933811
218509
468015
715695
368887
617434
866480
374292
623181
871477
290170
538785
787537
364700
612888
225519
474227
722956
419448
668029
916935
369856
618611
867399
209671
458168
706766
453522
702238
951138
373274
620829
869414
174136
427264
675417
259105
507843
756512
226991
475362
723976
222962
470574
718686
187392
435937
683825
216122
464873
713604
190102
438692
687329
204515
452976
701312
191541
440551
689264
364284
611913
860924
189928
438765
704791
198367
433107
703003
332028
579974
828731
198454
446961
695457
197428
445855
694474
170011
416874
665044
188201
436922
685274
191127
439899
688515
186950
435564
683050
222991
471748
720580
282148
533744
782455
242403
490838
739771
357148
605481
854147
364164
611731
860442
356198
604085
852798
224006
454209
704248
304830
552220
801278
423731
671481
920104
187371
435912
684246
221208
469922
718024
371092
618921
867692
205658
454486
708185
367039
615339
864017
437218
685959
934776
297504
545780
794452
369669
618240
867224
441426
689646
947135
378331
626993
875685
205285
453981
706362
192224
441527
695582
196477
444581
693162
357037
605388
854244
171330
419820
669218
364747
612354
861160
434931
683422
932136
225885
474279
723281
441817
690195
939040
374138
622195
882337
296611
544562
793113
183260
431663
680277
198590
447525
696254
367614
615939
864622
435856
684504
933390
215657
464048
693857
384598
633854
882913
354984
602534
851336
197042
445150
693381
367581
615912
865254
222497
471234
720002
283056
531607
780535
371449
619201
868023
370288
618539
882534
177746
426340
674027
195280
443761
691327
205930
454494
703418
356423
608711
857240
426408
674824
923891
205120
453874
696765
358298
604494
853251
358168
607017
855647
215505
468367
716380
457570
706928
956060
358871
607492
856167
236501
484335
732801
239296
488113
736884
184426
433245
681264
196829
444941
693438
188861
437554
686197
189988
438386
687103
191182
440090
688794
221903
470207
718715
392005
639439
869745
242970
491813
740324
224985
473454
734307
192388
441668
689734
373318
620864
869808
273202
522026
770632
190372
439012
687595
357854
606777
855368
351032
599473
298400
550850
356699
604994
853575
217901
465878
714963
371939
620027
868591
240689
489402
770003
207651
457083
686600
451276
699608
948434
370636
618823
867776
188238
437298
685753
458115
704477
953400
378131
627271
875691
227420
475807
724400
372531
619902
868964
367909
616610
865202
290064
537574
786286
171046
420062
668004
185966
434665
684604
204450
453381
701439
365582
613701
862343
192117
438625
687153
434897
682495
931164
357364
605942
855035
190056
438655
687407
274908
523822
772063
189458
438258
686918
299333
547792
796094
289583
538404
787178
357208
606132
854767
359983
608684
857623
348164
598704
845204
220257
468997
716493
437528
685990
934867
347291
595117
843881
197281
443496
690728
450509
699296
948150
369254
617851
866728
189315
438188
686755
373603
621398
870055
184645
433411
681886
202242
450870
698789
190199
438906
687841
188067
437123
685176
247201
495598
743291
189380
438387
686821
187540
436746
684620
366813
614399
863331
367181
616122
864742
305810
551869
800362
230705
479669
728360
223822
472710
738370
187895
436788
684936
357675
606490
855090
271983
520501
768335
236388
485166
732854
370020
618469
867368
374198
622615
883865
304012
551717
800333
372924
620455
869533
239458
474176
723294
329246
577117
826043
203677
452505
713174
206463
453175
700787
376405
624837
873238
370147
618504
867060
190356
438920
687700
463739
712676
961032
187601
436428
684694
177598
426352
673773
221909
470496
718576
200210
449035
697959
304607
556768
805322
357367
603043
854445
424986
673631
922924
221487
470101
718285
139788
389631
638406
216091
465197
711117
366791
615522
864499
423594
670908
919516
178100
426677
740698
348811
597695
846250
370395
618721
867750
230281
479352
727672
440413
688046
936899
369474
618037
885378
360115
609034
857712
301431
550187
799034
219382
468637
716237
272708
521497
769861
182867
431909
759355
189345
479861
725652
193268
442002
690133
203469
452326
700067
179891
428495
740108
365562
613570
862346
366731
615316
864135
225742
475445
723803
174360
423018
722313
181570
462460
710717
189235
438084
758121
187059
436057
683856
201585
450181
683506
371350
619269
365438
613481
862411
221574
470580
716031
374253
622417
871806
366742
615326
863982
172688
421284
726140
442592
691447
940138
204485
453165
701229
305685
553367
802306
368142
617000
865707
216210
464868
713714
363149
611224
859929
153714
403507
650120
179805
428693
677118
228424
477046
724622
225532
474074
723094
199121
447609
693623
356797
604617
853540
425018
673785
922449
179234
428504
676700
356195
603856
852762
352062
600597
861890
241528
490058
738902
358429
607266
855974
168353
420817
672795
313025
560729
809547
371526
619846
868360
213475
462795
710881
374402
622688
871424
373402
621364
870481
477709
726308
975012
374541
623267
871871
441835
690354
938979
174754
423787
675707
360921
609811
858369
373364
621526
868185
228342
478872
732171
220613
469579
720000
365605
613593
863386
307525
556108
804984
366525
614728
863292
209125
457462
691947
198415
447186
695975
183233
432107
695430
190715
440603
760797
218046
467211
715301
194365
443099
690786
204695
453560
701676
178611
427268
675806
437865
686547
935307
229917
476050
727024
