Latency
273595
538718
814505
1057725
1316480
1600512
170821
173495
421644
321754
585685
363058
172829
447782
424280
679509
205306
473764
210308
463485
351249
599904
301782
553580
214440
192019
456579
211226
462417
294932
569953
178565
440361
362191
621400
359478
607628
212130
180481
451061
414002
699401
342550
602631
344026
187828
437224
192901
439207
245798
352374
626138
357041
629125
360294
631960
212895
202919
452474
186294
449323
349405
612805
358090
602418
187485
437231
213904
481921
210344
200215
445813
368169
635510
177665
421511
358801
630112
304602
581745
288445
533420
172837
347091
616857
230736
476001
227925
201678
463172
435547
696903
364054
636485
186165
368010
612388
187879
435188
306113
456307
710264
183421
434640
350898
613755
235433
186630
431710
323475
592491
441449
689175
179314
468580
226770
481800
183273
465148
222027
371083
615661
367045
635538
345839
260064
505468
180814
438724
282269
557438
361889
372026
638085
268840
523047
176135
419690
200445
459131
355132
622491
364134
608385
174674
425797
174129
419147
348185
616930
248126
379609
649338
359097
640431
188277
449267
177189
462305
175415
422277
316889
564577
243450
210247
484130
350029
608266
222380
493628
207238
369217
622439
354222
605657
191617
187378
476925
174384
445149
197258
466935
357336
359417
614356
425858
688192
192200
178539
444245
412658
673612
199947
444510
173101
181443
430186
176223
422912
243678
448331
715485
175450
435264
362660
631331
178427
425958
173946
434657
211587
461708
342732
358331
647323
258721
525613
361714
627594
285197
533468
366897
611558
179927
426067
428090
212775
480174
177894
428830
279481
552067
289121
346712
611487
200070
444259
426294
672712
194020
442571
187381
448149
361323
634298
237493
494901
365130
634261
180283
424651
243753
346716
623407
347313
600118
362413
638954
428934
173938
419118
240399
487023
370399
360940
645816
221418
478140
194543
438415
205157
364280
344377
600627
349845
610780
208662
471794
217335
491205
280545
550867
363351
173127
417232
361183
607983
225272
193339
454831
184006
464588
427833
683751
184528
433474
180827
445520
175738
420216
245887
362976
638961
361280
617562
445048
715094
341521
177795
424104
315559
565993
347103
418210
688390
176998
451270
427025
695258
206372
363736
610066
203295
469002
273763
427038
700090
179512
436050
176593
438249
362780
607239
267998
511994
174723
422448
266628
200358
454771
349937
606075
357342
636278
220307
465831
359334
603659
190839
436591
174480
362771
630481
173871
441755
415560
681299
230273
474846
173402
417842
312164
572497
362748
359244
642082
213277
473498
277615
534426
266939
176397
423554
363818
611138
218043
196583
461008
194958
452438
277578
552829
195377
433733
677773
251428
496712
359901
188260
451419
189445
452362
432035
703931
345792
343591
587767
176810
449115
240583
365447
634800
359841
614659
331933
576492
358888
174698
419847
176099
426511
209299
429209
691273
228986
489922
220488
493876
267505
526635
176547
441130
183823
430508
177415
361774
633829
176555
445334
279512
547035
362374
371959
625007
266632
513177
229322
174361
443576
351814
610134
361448
628236
356905
181725
429783
189865
435144
174560
363811
631180
185601
439207
174551
442480
358662
