Latency
414751
697046
965635
1215711
1479347
1729447
1993688
2249213
481107
753985
1004871
1261345
226133
486299
738550
988374
1264613
388676
676138
928425
1178702
403852
662540
912631
1164070
196635
449129
707075
1000669
1250907
391306
654824
905855
1172752
1425056
199338
482647
750098
1013787
241553
498522
762758
1049882
247936
531012
788444
1063941
200606
462634
735567
1003971
1302498
239089
510387
795057
1074650
395446
696341
967180
1233161
1511453
226245
476514
733503
993717
259139
542747
795195
1065801
418475
688464
947188
1300975
237818
553134
802935
1068113
275838
527222
793201
1041918
312350
576316
842076
1099692
372391
639511
900074
1224309
297220
569182
841482
1120449
377568
639904
901181
1175060
400975
656014
905846
1155066
367214
637866
897504
1270886
254408
514934
777694
1082804
257465
530283
783367
1032538
375197
625935
892551
1146221
1415309
228450
479390
742130
1015437
1276468
396786
655693
925042
1275625
335010
640448
904762
1173710
1434601
388125
658121
925560
1189682
279218
564899
835174
1104631
307751
558906
846805
1159857
271251
542603
794527
1057657
430508
690740
960372
1191374
385705
663418
935494
1339877
390219
643515
899307
1149510
1427887
340477
592581
866119
1128527
436514
709465
973890
1243866
1494649
244585
509652
777604
1036000
242043
505048
752937
1011277
416343
672977
961297
382311
660791
918088
1168199
259958
517027
766654
1019771
1269812
396130
692733
964189
1213617
261014
509661
781205
1062949
1321830
237861
503755
760008
1013204
407609
663653
929821
1198062
405796
656439
916766
1188568
241643
499517
749344
1001968
1267884
407109
662522
920403
1193119
1442135
230763
505830
765860
1031578
1350610
243407
528921
785007
1069596
380332
636484
910377
1178101
393872
654821
926526
1178850
280907
550522
814200
1130340
427240
711131
969673
1223858
197430
462181
733789
998830
293548
549770
813250
1096257
395445
645471
901932
1152159
382852
665272
929094
1184792
302064
554430
805158
1083988
1333304
391327
650156
913151
1171274
232012
505183
771843
1061343
1327417
230564
479551
751588
1008941
1295204
412925
678132
928417
1178679
1445539
230565
516990
814493
1110905
1413324
389260
654397
936384
1189031
463592
769428
1052599
1340401
262050
531440
811565
1058653
403921
652555
910620
1180215
416953
672044
922223
1181404
1457676
229265
501897
750585
999839
410500
678728
943624
1200272
335236
604635
854540
1103427
1413476
247385
496264
744832
1024660
240691
522233
795576
1090728
