cpu  1050402 40531 1651089 547132739 120437 0 3641986 0 0 0
cpu0 125340 9825 216986 137154296 32865 0 863016 0 0 0
cpu1 570356 11232 873349 135775668 24844 0 1012749 0 0 0
cpu2 180943 4139 292030 137105447 32541 0 897844 0 0 0
cpu3 173762 15334 268723 137097326 30185 0 868376 0 0 0
intr 12836130148 0 0 2858825 81 0 799134 38676274 0 0 0 9846460 0 0 0 0 0 0 0 0 0 0 0 0 0 0 0 0 0 0 0 0 0 0 0 0 0 0 0 0 0 0 0 0 0 0 0 0 0 0 0 0 3109298553 0 0 0 0 0 0 0 0 987209 0 490892 0 0 0 0 0 0 0 0 0 0 0 824311246 1 0 0 0 0 0 0 0 0 0 0 0 0 0 0 0 0 0 0 0 0 0 0 483127 4219 0 0 0 0 21080887 0 0 0 0 0 0 0 0 0 0 0 0 0 0 0 0 0 0 0 0 0 0 0 0 0 0 0 0 0 0 0 0 0 0 0 0 0 0 0 0 0 0 0 0 0 0 0 0 0 0 0 0 0 0 0 0 0 0 0 0 0 0 0 0 0 0 0 0 0 0 0 0 0 0 0 237358648 0 0 0
ctxt 497769716
btime 1669654930
processes 594409
procs_running 1
procs_blocked 0
softirq 1210581795 857750582 34386499 799272 95133195 490797 0 145713149 46673491 1039 29633771

cpu  1050405 40531 1651100 547132921 120437 0 3641986 0 0 0
cpu0 125340 9825 216988 137154342 32865 0 863016 0 0 0
cpu1 570357 11232 873356 135775711 24844 0 1012749 0 0 0
cpu2 180944 4139 292031 137105493 32541 0 897844 0 0 0
cpu3 173762 15334 268724 137097373 30185 0 868376 0 0 0
intr 12836136708 0 0 2858825 81 0 799135 38676300 0 0 0 9846465 0 0 0 0 0 0 0 0 0 0 0 0 0 0 0 0 0 0 0 0 0 0 0 0 0 0 0 0 0 0 0 0 0 0 0 0 0 0 0 0 3109302587 0 0 0 0 0 0 0 0 987210 0 490892 0 0 0 0 0 0 0 0 0 0 0 824311400 1 0 0 0 0 0 0 0 0 0 0 0 0 0 0 0 0 0 0 0 0 0 0 483127 4219 0 0 0 0 21080902 0 0 0 0 0 0 0 0 0 0 0 0 0 0 0 0 0 0 0 0 0 0 0 0 0 0 0 0 0 0 0 0 0 0 0 0 0 0 0 0 0 0 0 0 0 0 0 0 0 0 0 0 0 0 0 0 0 0 0 0 0 0 0 0 0 0 0 0 0 0 0 0 0 0 0 237360973 0 0 0
ctxt 497774319
btime 1669654930
processes 594409
procs_running 1
procs_blocked 0
softirq 1210581916 857750590 34386515 799273 95133196 490797 0 145713163 46673554 1039 29633789

cpu  1050408 40531 1651107 547133103 120437 0 3641986 0 0 0
cpu0 125341 9825 216991 137154387 32865 0 863016 0 0 0
cpu1 570358 11232 873357 135775757 24844 0 1012749 0 0 0
cpu2 180944 4139 292033 137105538 32541 0 897844 0 0 0
cpu3 173763 15334 268725 137097419 30185 0 868376 0 0 0
intr 12836143176 0 0 2858826 81 0 799136 38676320 0 0 0 9846470 0 0 0 0 0 0 0 0 0 0 0 0 0 0 0 0 0 0 0 0 0 0 0 0 0 0 0 0 0 0 0 0 0 0 0 0 0 0 0 0 3109306588 0 0 0 0 0 0 0 0 987211 0 490892 0 0 0 0 0 0 0 0 0 0 0 824311528 1 0 0 0 0 0 0 0 0 0 0 0 0 0 0 0 0 0 0 0 0 0 0 483127 4219 0 0 0 0 21080917 0 0 0 0 0 0 0 0 0 0 0 0 0 0 0 0 0 0 0 0 0 0 0 0 0 0 0 0 0 0 0 0 0 0 0 0 0 0 0 0 0 0 0 0 0 0 0 0 0 0 0 0 0 0 0 0 0 0 0 0 0 0 0 0 0 0 0 0 0 0 0 0 0 0 0 237363269 0 0 0
ctxt 497778836
btime 1669654930
processes 594409
procs_running 1
procs_blocked 0
softirq 1210582007 857750590 34386531 799273 95133197 490797 0 145713177 46673604 1039 29633799

cpu  1050410 40531 1651118 547133285 120437 0 3641986 0 0 0
cpu0 125343 9825 216996 137154431 32865 0 863016 0 0 0
cpu1 570359 11232 873360 135775802 24844 0 1012749 0 0 0
cpu2 180944 4139 292035 137105585 32541 0 897844 0 0 0
cpu3 173763 15334 268726 137097465 30185 0 868376 0 0 0
intr 12836149732 0 0 2858830 81 0 799136 38676347 0 0 0 9846475 0 0 0 0 0 0 0 0 0 0 0 0 0 0 0 0 0 0 0 0 0 0 0 0 0 0 0 0 0 0 0 0 0 0 0 0 0 0 0 0 3109310608 0 0 0 0 0 0 0 0 987212 0 490892 0 0 0 0 0 0 0 0 0 0 0 824311682 1 0 0 0 0 0 0 0 0 0 0 0 0 0 0 0 0 0 0 0 0 0 0 483127 4219 0 0 0 0 21080932 0 0 0 0 0 0 0 0 0 0 0 0 0 0 0 0 0 0 0 0 0 0 0 0 0 0 0 0 0 0 0 0 0 0 0 0 0 0 0 0 0 0 0 0 0 0 0 0 0 0 0 0 0 0 0 0 0 0 0 0 0 0 0 0 0 0 0 0 0 0 0 0 0 0 0 237365599 0 0 0
ctxt 497783432
btime 1669654930
processes 594409
procs_running 1
procs_blocked 0
softirq 1210582114 857750598 34386547 799273 95133198 490797 0 145713192 46673662 1039 29633808

cpu  1050412 40531 1651128 547133467 120437 0 3641987 0 0 0
cpu0 125343 9825 216997 137154477 32865 0 863016 0 0 0
cpu1 570359 11232 873364 135775846 24844 0 1012749 0 0 0
cpu2 180945 4139 292037 137105630 32541 0 897844 0 0 0
cpu3 173763 15334 268729 137097511 30185 0 868376 0 0 0
intr 12836156243 0 0 2858830 81 0 799137 38676369 0 0 0 9846480 0 0 0 0 0 0 0 0 0 0 0 0 0 0 0 0 0 0 0 0 0 0 0 0 0 0 0 0 0 0 0 0 0 0 0 0 0 0 0 0 3109314612 0 0 0 0 0 0 0 0 987213 0 490892 0 0 0 0 0 0 0 0 0 0 0 824311810 1 0 0 0 0 0 0 0 0 0 0 0 0 0 0 0 0 0 0 0 0 0 0 483127 4219 0 0 0 0 21080947 0 0 0 0 0 0 0 0 0 0 0 0 0 0 0 0 0 0 0 0 0 0 0 0 0 0 0 0 0 0 0 0 0 0 0 0 0 0 0 0 0 0 0 0 0 0 0 0 0 0 0 0 0 0 0 0 0 0 0 0 0 0 0 0 0 0 0 0 0 0 0 0 0 0 0 237367935 0 0 0
ctxt 497788051
btime 1669654930
processes 594409
procs_running 2
procs_blocked 0
softirq 1210582209 857750598 34386563 799273 95133199 490797 0 145713206 46673714 1039 29633820

cpu  1050414 40531 1651138 547133648 120437 0 3641987 0 0 0
cpu0 125343 9825 216997 137154526 32865 0 863016 0 0 0
cpu1 570360 11232 873366 135775890 24844 0 1012749 0 0 0
cpu2 180946 4139 292038 137105676 32541 0 897844 0 0 0
cpu3 173764 15334 268735 137097554 30185 0 868376 0 0 0
intr 12836162720 0 0 2858830 81 0 799140 38676412 0 0 0 9846485 0 0 0 0 0 0 0 0 0 0 0 0 0 0 0 0 0 0 0 0 0 0 0 0 0 0 0 0 0 0 0 0 0 0 0 0 0 0 0 0 3109318631 0 0 0 0 0 0 0 0 987214 0 490894 0 0 0 0 0 0 0 0 0 0 0 824311964 1 0 0 0 0 0 0 0 0 0 0 0 0 0 0 0 0 0 0 0 0 0 0 483129 4219 0 0 0 0 21080976 0 0 0 0 0 0 0 0 0 0 0 0 0 0 0 0 0 0 0 0 0 0 0 0 0 0 0 0 0 0 0 0 0 0 0 0 0 0 0 0 0 0 0 0 0 0 0 0 0 0 0 0 0 0 0 0 0 0 0 0 0 0 0 0 0 0 0 0 0 0 0 0 0 0 0 237370154 0 0 0
ctxt 497792550
btime 1669654930
processes 594409
procs_running 2
procs_blocked 0
softirq 1210582335 857750606 34386583 799273 95133201 490799 0 145713236 46673768 1039 29633830

cpu  1050416 40531 1651152 547133829 120437 0 3641987 0 0 0
cpu0 125343 9825 216997 137154576 32865 0 863016 0 0 0
cpu1 570361 11232 873374 135775932 24844 0 1012749 0 0 0
cpu2 180947 4139 292042 137105720 32541 0 897844 0 0 0
cpu3 173764 15334 268737 137097600 30185 0 868376 0 0 0
intr 12836169207 0 0 2858831 81 0 799141 38676431 0 0 0 9846490 0 0 0 0 0 0 0 0 0 0 0 0 0 0 0 0 0 0 0 0 0 0 0 0 0 0 0 0 0 0 0 0 0 0 0 0 0 0 0 0 3109322634 0 0 0 0 0 0 0 0 987215 0 490894 0 0 0 0 0 0 0 0 0 0 0 824312092 1 0 0 0 0 0 0 0 0 0 0 0 0 0 0 0 0 0 0 0 0 0 0 483129 4219 0 0 0 0 21080991 0 0 0 0 0 0 0 0 0 0 0 0 0 0 0 0 0 0 0 0 0 0 0 0 0 0 0 0 0 0 0 0 0 0 0 0 0 0 0 0 0 0 0 0 0 0 0 0 0 0 0 0 0 0 0 0 0 0 0 0 0 0 0 0 0 0 0 0 0 0 0 0 0 0 0 237372467 0 0 0
ctxt 497797050
btime 1669654930
processes 594409
procs_running 1
procs_blocked 0
softirq 1210582442 857750606 34386599 799273 95133202 490799 0 145713250 46673832 1039 29633842

cpu  1050418 40531 1651160 547134010 120437 0 3641987 0 0 0
cpu0 125343 9825 216998 137154623 32865 0 863016 0 0 0
cpu1 570361 11232 873376 135775975 24844 0 1012749 0 0 0
cpu2 180947 4139 292044 137105766 32541 0 897844 0 0 0
cpu3 173765 15334 268740 137097645 30185 0 868376 0 0 0
intr 12836175707 0 0 2858831 81 0 799141 38676476 0 0 0 9846495 0 0 0 0 0 0 0 0 0 0 0 0 0 0 0 0 0 0 0 0 0 0 0 0 0 0 0 0 0 0 0 0 0 0 0 0 0 0 0 0 3109326659 0 0 0 0 0 0 0 0 987216 0 490919 0 0 0 0 0 0 0 0 0 0 0 824312246 1 0 0 0 0 0 0 0 0 0 0 0 0 0 0 0 0 0 0 0 0 0 0 483154 4219 0 0 0 0 21081006 0 0 0 0 0 0 0 0 0 0 0 0 0 0 0 0 0 0 0 0 0 0 0 0 0 0 0 0 0 0 0 0 0 0 0 0 0 0 0 0 0 0 0 0 0 0 0 0 0 0 0 0 0 0 0 0 0 0 0 0 0 0 0 0 0 0 0 0 0 0 0 0 0 0 0 237374673 0 0 0
ctxt 497801675
btime 1669654930
processes 594409
procs_running 2
procs_blocked 0
softirq 1210582658 857750614 34386618 799273 95133203 490824 0 145713338 46673893 1039 29633856

cpu  1050420 40531 1651171 547134192 120437 0 3641987 0 0 0
cpu0 125343 9825 217001 137154669 32865 0 863016 0 0 0
cpu1 570363 11232 873380 135776019 24844 0 1012749 0 0 0
cpu2 180948 4139 292047 137105812 32541 0 897844 0 0 0
cpu3 173766 15334 268742 137097691 30185 0 868376 0 0 0
intr 12836182167 0 0 2858831 81 0 799142 38676494 0 0 0 9846500 0 0 0 0 0 0 0 0 0 0 0 0 0 0 0 0 0 0 0 0 0 0 0 0 0 0 0 0 0 0 0 0 0 0 0 0 0 0 0 0 3109330654 0 0 0 0 0 0 0 0 987217 0 490919 0 0 0 0 0 0 0 0 0 0 0 824312374 1 0 0 0 0 0 0 0 0 0 0 0 0 0 0 0 0 0 0 0 0 0 0 483154 4219 0 0 0 0 21081021 0 0 0 0 0 0 0 0 0 0 0 0 0 0 0 0 0 0 0 0 0 0 0 0 0 0 0 0 0 0 0 0 0 0 0 0 0 0 0 0 0 0 0 0 0 0 0 0 0 0 0 0 0 0 0 0 0 0 0 0 0 0 0 0 0 0 0 0 0 0 0 0 0 0 0 237376969 0 0 0
ctxt 497806206
btime 1669654930
processes 594409
procs_running 1
procs_blocked 0
softirq 1210582765 857750614 34386638 799273 95133204 490824 0 145713352 46673953 1039 29633868

cpu  1050422 40531 1651180 547134374 120437 0 3641987 0 0 0
cpu0 125343 9825 217002 137154715 32865 0 863016 0 0 0
cpu1 570363 11232 873385 135776062 24844 0 1012749 0 0 0
cpu2 180948 4139 292048 137105858 32541 0 897844 0 0 0
cpu3 173766 15334 268744 137097737 30185 0 868376 0 0 0
intr 12836188719 0 0 2858831 81 0 799142 38676515 0 0 0 9846505 0 0 0 0 0 0 0 0 0 0 0 0 0 0 0 0 0 0 0 0 0 0 0 0 0 0 0 0 0 0 0 0 0 0 0 0 0 0 0 0 3109334683 0 0 0 0 0 0 0 0 987218 0 490919 0 0 0 0 0 0 0 0 0 0 0 824312528 1 0 0 0 0 0 0 0 0 0 0 0 0 0 0 0 0 0 0 0 0 0 0 483154 4219 0 0 0 0 21081036 0 0 0 0 0 0 0 0 0 0 0 0 0 0 0 0 0 0 0 0 0 0 0 0 0 0 0 0 0 0 0 0 0 0 0 0 0 0 0 0 0 0 0 0 0 0 0 0 0 0 0 0 0 0 0 0 0 0 0 0 0 0 0 0 0 0 0 0 0 0 0 0 0 0 0 237379296 0 0 0
ctxt 497810837
btime 1669654930
processes 594409
procs_running 1
procs_blocked 0
softirq 1210582862 857750622 34386656 799273 95133205 490824 0 145713366 46674000 1039 29633877

cpu  1050424 40531 1651190 547134555 120437 0 3641987 0 0 0
cpu0 125343 9825 217003 137154761 32865 0 863016 0 0 0
cpu1 570364 11232 873387 135776108 24844 0 1012749 0 0 0
cpu2 180949 4139 292051 137105904 32541 0 897844 0 0 0
cpu3 173767 15334 268747 137097781 30185 0 868376 0 0 0
intr 12836195233 0 0 2858832 81 0 799142 38676547 0 0 0 9846510 0 0 0 0 0 0 0 0 0 0 0 0 0 0 0 0 0 0 0 0 0 0 0 0 0 0 0 0 0 0 0 0 0 0 0 0 0 0 0 0 3109338677 0 0 0 0 0 0 0 0 987220 0 490919 0 0 0 0 0 0 0 0 0 0 0 824312656 1 0 0 0 0 0 0 0 0 0 0 0 0 0 0 0 0 0 0 0 0 0 0 483154 4219 0 0 0 0 21081079 0 0 0 0 0 0 0 0 0 0 0 0 0 0 0 0 0 0 0 0 0 0 0 0 0 0 0 0 0 0 0 0 0 0 0 0 0 0 0 0 0 0 0 0 0 0 0 0 0 0 0 0 0 0 0 0 0 0 0 0 0 0 0 0 0 0 0 0 0 0 0 0 0 0 0 237381605 0 0 0
ctxt 497815428
btime 1669654930
processes 594409
procs_running 1
procs_blocked 0
softirq 1210582995 857750622 34386679 799273 95133208 490824 0 145713403 46674058 1039 29633889

cpu  1050425 40531 1651200 547134737 120437 0 3641987 0 0 0
cpu0 125343 9825 217004 137154808 32865 0 863016 0 0 0
cpu1 570364 11232 873390 135776153 24844 0 1012749 0 0 0
cpu2 180950 4139 292056 137105948 32541 0 897844 0 0 0
cpu3 173768 15334 268748 137097827 30185 0 868376 0 0 0
intr 12836201719 0 0 2858832 81 0 799142 38676582 0 0 0 9846515 0 0 0 0 0 0 0 0 0 0 0 0 0 0 0 0 0 0 0 0 0 0 0 0 0 0 0 0 0 0 0 0 0 0 0 0 0 0 0 0 3109342704 0 0 0 0 0 0 0 0 987221 0 490919 0 0 0 0 0 0 0 0 0 0 0 824312810 1 0 0 0 0 0 0 0 0 0 0 0 0 0 0 0 0 0 0 0 0 0 0 483154 4219 0 0 0 0 21081103 0 0 0 0 0 0 0 0 0 0 0 0 0 0 0 0 0 0 0 0 0 0 0 0 0 0 0 0 0 0 0 0 0 0 0 0 0 0 0 0 0 0 0 0 0 0 0 0 0 0 0 0 0 0 0 0 0 0 0 0 0 0 0 0 0 0 0 0 0 0 0 0 0 0 0 237383847 0 0 0
ctxt 497819920
btime 1669654930
processes 594409
procs_running 2
procs_blocked 0
softirq 1210583117 857750630 34386698 799273 95133210 490824 0 145713423 46674117 1039 29633903

cpu  1050426 40531 1651209 547134919 120437 0 3641987 0 0 0
cpu0 125343 9825 217004 137154857 32865 0 863016 0 0 0
cpu1 570364 11232 873393 135776197 24844 0 1012749 0 0 0
cpu2 180950 4139 292060 137105991 32541 0 897844 0 0 0
cpu3 173768 15334 268750 137097873 30185 0 868376 0 0 0
intr 12836208148 0 0 2858832 81 0 799143 38676604 0 0 0 9846520 0 0 0 0 0 0 0 0 0 0 0 0 0 0 0 0 0 0 0 0 0 0 0 0 0 0 0 0 0 0 0 0 0 0 0 0 0 0 0 0 3109346700 0 0 0 0 0 0 0 0 987222 0 490919 0 0 0 0 0 0 0 0 0 0 0 824312938 1 0 0 0 0 0 0 0 0 0 0 0 0 0 0 0 0 0 0 0 0 0 0 483154 4219 0 0 0 0 21081118 0 0 0 0 0 0 0 0 0 0 0 0 0 0 0 0 0 0 0 0 0 0 0 0 0 0 0 0 0 0 0 0 0 0 0 0 0 0 0 0 0 0 0 0 0 0 0 0 0 0 0 0 0 0 0 0 0 0 0 0 0 0 0 0 0 0 0 0 0 0 0 0 0 0 0 237386109 0 0 0
ctxt 497824440
btime 1669654930
processes 594409
procs_running 2
procs_blocked 0
softirq 1210583216 857750630 34386716 799273 95133211 490824 0 145713437 46674171 1039 29633915

cpu  1050427 40531 1651217 547135101 120437 0 3641987 0 0 0
cpu0 125343 9825 217004 137154906 32865 0 863016 0 0 0
cpu1 570365 11232 873396 135776239 24844 0 1012749 0 0 0
cpu2 180950 4139 292064 137106035 32541 0 897844 0 0 0
cpu3 173768 15334 268751 137097919 30185 0 868376 0 0 0
intr 12836214459 0 0 2858832 81 0 799143 38676633 0 0 0 9846525 0 0 0 0 0 0 0 0 0 0 0 0 0 0 0 0 0 0 0 0 0 0 0 0 0 0 0 0 0 0 0 0 0 0 0 0 0 0 0 0 3109350727 0 0 0 0 0 0 0 0 987223 0 490919 0 0 0 0 0 0 0 0 0 0 0 824313092 1 0 0 0 0 0 0 0 0 0 0 0 0 0 0 0 0 0 0 0 0 0 0 483154 4219 0 0 0 0 21081133 0 0 0 0 0 0 0 0 0 0 0 0 0 0 0 0 0 0 0 0 0 0 0 0 0 0 0 0 0 0 0 0 0 0 0 0 0 0 0 0 0 0 0 0 0 0 0 0 0 0 0 0 0 0 0 0 0 0 0 0 0 0 0 0 0 0 0 0 0 0 0 0 0 0 0 237388187 0 0 0
ctxt 497828734
btime 1669654930
processes 594409
procs_running 1
procs_blocked 0
softirq 1210583313 857750638 34386730 799274 95133212 490824 0 145713450 46674220 1039 29633926

cpu  1050429 40531 1651228 547135283 120437 0 3641987 0 0 0
cpu0 125343 9825 217004 137154956 32865 0 863016 0 0 0
cpu1 570366 11232 873400 135776282 24844 0 1012749 0 0 0
cpu2 180950 4139 292070 137106079 32541 0 897844 0 0 0
cpu3 173768 15334 268753 137097965 30185 0 868376 0 0 0
intr 12836220951 0 0 2858833 81 0 799143 38676652 0 0 0 9846530 0 0 0 0 0 0 0 0 0 0 0 0 0 0 0 0 0 0 0 0 0 0 0 0 0 0 0 0 0 0 0 0 0 0 0 0 0 0 0 0 3109354730 0 0 0 0 0 0 0 0 987224 0 490919 0 0 0 0 0 0 0 0 0 0 0 824313218 1 0 0 0 0 0 0 0 0 0 0 0 0 0 0 0 0 0 0 0 0 0 0 483154 4219 0 0 0 0 21081148 0 0 0 0 0 0 0 0 0 0 0 0 0 0 0 0 0 0 0 0 0 0 0 0 0 0 0 0 0 0 0 0 0 0 0 0 0 0 0 0 0 0 0 0 0 0 0 0 0 0 0 0 0 0 0 0 0 0 0 0 0 0 0 0 0 0 0 0 0 0 0 0 0 0 0 237390508 0 0 0
ctxt 497833321
btime 1669654930
processes 594409
procs_running 2
procs_blocked 0
softirq 1210583415 857750638 34386746 799274 95133213 490824 0 145713464 46674278 1039 29633939

cpu  1050430 40531 1651244 547135464 120437 0 3641987 0 0 0
cpu0 125343 9825 217004 137155005 32865 0 863016 0 0 0
cpu1 570366 11232 873407 135776325 24844 0 1012749 0 0 0
cpu2 180950 4139 292074 137106124 32541 0 897844 0 0 0
cpu3 173770 15334 268758 137098008 30185 0 868376 0 0 0
intr 12836227503 0 0 2858833 81 0 799143 38676681 0 0 0 9846535 0 0 0 0 0 0 0 0 0 0 0 0 0 0 0 0 0 0 0 0 0 0 0 0 0 0 0 0 0 0 0 0 0 0 0 0 0 0 0 0 3109358747 0 0 0 0 0 0 0 0 987225 0 490919 0 0 0 0 0 0 0 0 0 0 0 824313372 1 0 0 0 0 0 0 0 0 0 0 0 0 0 0 0 0 0 0 0 0 0 0 483154 4219 0 0 0 0 21081163 0 0 0 0 0 0 0 0 0 0 0 0 0 0 0 0 0 0 0 0 0 0 0 0 0 0 0 0 0 0 0 0 0 0 0 0 0 0 0 0 0 0 0 0 0 0 0 0 0 0 0 0 0 0 0 0 0 0 0 0 0 0 0 0 0 0 0 0 0 0 0 0 0 0 0 237392840 0 0 0
ctxt 497837928
btime 1669654930
processes 594409
procs_running 2
procs_blocked 0
softirq 1210583525 857750646 34386762 799274 95133214 490824 0 145713477 46674336 1039 29633953

cpu  1050435 40531 1651255 547135646 120437 0 3641987 0 0 0
cpu0 125343 9825 217004 137155055 32865 0 863016 0 0 0
cpu1 570369 11232 873412 135776368 24844 0 1012749 0 0 0
cpu2 180951 4139 292079 137106167 32541 0 897844 0 0 0
cpu3 173770 15334 268759 137098054 30185 0 868376 0 0 0
intr 12836233996 0 0 2858833 81 0 799143 38676703 0 0 0 9846540 0 0 0 0 0 0 0 0 0 0 0 0 0 0 0 0 0 0 0 0 0 0 0 0 0 0 0 0 0 0 0 0 0 0 0 0 0 0 0 0 3109362751 0 0 0 0 0 0 0 0 987226 0 490919 0 0 0 0 0 0 0 0 0 0 0 824313500 1 0 0 0 0 0 0 0 0 0 0 0 0 0 0 0 0 0 0 0 0 0 0 483154 4219 0 0 0 0 21081178 0 0 0 0 0 0 0 0 0 0 0 0 0 0 0 0 0 0 0 0 0 0 0 0 0 0 0 0 0 0 0 0 0 0 0 0 0 0 0 0 0 0 0 0 0 0 0 0 0 0 0 0 0 0 0 0 0 0 0 0 0 0 0 0 0 0 0 0 0 0 0 0 0 0 0 237395160 0 0 0
ctxt 497842514
btime 1669654930
processes 594409
procs_running 2
procs_blocked 0
softirq 1210583629 857750646 34386778 799274 95133215 490824 0 145713491 46674395 1039 29633967

cpu  1050436 40531 1651266 547135827 120437 0 3641987 0 0 0
cpu0 125343 9825 217004 137155104 32865 0 863016 0 0 0
cpu1 570370 11232 873420 135776409 24844 0 1012749 0 0 0
cpu2 180951 4139 292080 137106212 32541 0 897844 0 0 0
cpu3 173771 15334 268760 137098100 30185 0 868376 0 0 0
intr 12836240523 0 0 2858833 81 0 799144 38676733 0 0 0 9846545 0 0 0 0 0 0 0 0 0 0 0 0 0 0 0 0 0 0 0 0 0 0 0 0 0 0 0 0 0 0 0 0 0 0 0 0 0 0 0 0 3109366769 0 0 0 0 0 0 0 0 987227 0 490919 0 0 0 0 0 0 0 0 0 0 0 824313654 1 0 0 0 0 0 0 0 0 0 0 0 0 0 0 0 0 0 0 0 0 0 0 483154 4219 0 0 0 0 21081193 0 0 0 0 0 0 0 0 0 0 0 0 0 0 0 0 0 0 0 0 0 0 0 0 0 0 0 0 0 0 0 0 0 0 0 0 0 0 0 0 0 0 0 0 0 0 0 0 0 0 0 0 0 0 0 0 0 0 0 0 0 0 0 0 0 0 0 0 0 0 0 0 0 0 0 237397464 0 0 0
ctxt 497847086
btime 1669654930
processes 594409
procs_running 2
procs_blocked 0
softirq 1210583735 857750654 34386793 799274 95133216 490824 0 145713505 46674450 1039 29633980

cpu  1050438 40531 1651278 547136009 120437 0 3641987 0 0 0
cpu0 125343 9825 217004 137155153 32865 0 863016 0 0 0
cpu1 570370 11232 873426 135776452 24844 0 1012749 0 0 0
cpu2 180951 4139 292082 137106259 32541 0 897844 0 0 0
cpu3 173772 15334 268764 137098143 30185 0 868376 0 0 0
intr 12836247020 0 0 2858834 81 0 799144 38676753 0 0 0 9846550 0 0 0 0 0 0 0 0 0 0 0 0 0 0 0 0 0 0 0 0 0 0 0 0 0 0 0 0 0 0 0 0 0 0 0 0 0 0 0 0 3109370772 0 0 0 0 0 0 0 0 987228 0 490919 0 0 0 0 0 0 0 0 0 0 0 824313782 1 0 0 0 0 0 0 0 0 0 0 0 0 0 0 0 0 0 0 0 0 0 0 483154 4219 0 0 0 0 21081208 0 0 0 0 0 0 0 0 0 0 0 0 0 0 0 0 0 0 0 0 0 0 0 0 0 0 0 0 0 0 0 0 0 0 0 0 0 0 0 0 0 0 0 0 0 0 0 0 0 0 0 0 0 0 0 0 0 0 0 0 0 0 0 0 0 0 0 0 0 0 0 0 0 0 0 237399785 0 0 0
ctxt 497851683
btime 1669654930
processes 594409
procs_running 2
procs_blocked 0
softirq 1210583842 857750654 34386811 799274 95133217 490824 0 145713519 46674509 1039 29633995

cpu  1050439 40531 1651290 547136190 120437 0 3641987 0 0 0
cpu0 125343 9825 217004 137155203 32865 0 863016 0 0 0
cpu1 570370 11232 873429 135776497 24844 0 1012749 0 0 0
cpu2 180951 4139 292086 137106303 32541 0 897844 0 0 0
cpu3 173773 15334 268770 137098186 30185 0 868376 0 0 0
intr 12836253471 0 0 2858834 81 0 799144 38676778 0 0 0 9846555 0 0 0 0 0 0 0 0 0 0 0 0 0 0 0 0 0 0 0 0 0 0 0 0 0 0 0 0 0 0 0 0 0 0 0 0 0 0 0 0 3109374802 0 0 0 0 0 0 0 0 987229 0 490919 0 0 0 0 0 0 0 0 0 0 0 824313936 1 0 0 0 0 0 0 0 0 0 0 0 0 0 0 0 0 0 0 0 0 0 0 483154 4219 0 0 0 0 21081223 0 0 0 0 0 0 0 0 0 0 0 0 0 0 0 0 0 0 0 0 0 0 0 0 0 0 0 0 0 0 0 0 0 0 0 0 0 0 0 0 0 0 0 0 0 0 0 0 0 0 0 0 0 0 0 0 0 0 0 0 0 0 0 0 0 0 0 0 0 0 0 0 0 0 0 237402005 0 0 0
ctxt 497856155
btime 1669654930
processes 594409
procs_running 1
procs_blocked 0
softirq 1210583964 857750662 34386830 799274 95133218 490824 0 145713534 46674574 1039 29634009

cpu  1050442 40531 1651300 547136372 120437 0 3641987 0 0 0
cpu0 125344 9825 217005 137155249 32865 0 863016 0 0 0
cpu1 570371 11232 873430 135776543 24844 0 1012749 0 0 0
cpu2 180952 4139 292089 137106348 32541 0 897844 0 0 0
cpu3 173774 15334 268774 137098230 30185 0 868376 0 0 0
intr 12836259933 0 0 2858834 81 0 799144 38676800 0 0 0 9846560 0 0 0 0 0 0 0 0 0 0 0 0 0 0 0 0 0 0 0 0 0 0 0 0 0 0 0 0 0 0 0 0 0 0 0 0 0 0 0 0 3109378797 0 0 0 0 0 0 0 0 987230 0 490919 0 0 0 0 0 0 0 0 0 0 0 824314064 1 0 0 0 0 0 0 0 0 0 0 0 0 0 0 0 0 0 0 0 0 0 0 483154 4219 0 0 0 0 21081238 0 0 0 0 0 0 0 0 0 0 0 0 0 0 0 0 0 0 0 0 0 0 0 0 0 0 0 0 0 0 0 0 0 0 0 0 0 0 0 0 0 0 0 0 0 0 0 0 0 0 0 0 0 0 0 0 0 0 0 0 0 0 0 0 0 0 0 0 0 0 0 0 0 0 0 237404300 0 0 0
ctxt 497860706
btime 1669654930
processes 594409
procs_running 2
procs_blocked 0
softirq 1210584056 857750662 34386844 799274 95133219 490824 0 145713548 46674623 1039 29634023

cpu  1050442 40531 1651311 547136554 120437 0 3641987 0 0 0
cpu0 125344 9825 217005 137155298 32865 0 863016 0 0 0
cpu1 570371 11232 873437 135776584 24844 0 1012749 0 0 0
cpu2 180952 4139 292092 137106394 32541 0 897844 0 0 0
cpu3 173774 15334 268776 137098276 30185 0 868376 0 0 0
intr 12836266457 0 0 2858834 81 0 799144 38676840 0 0 0 9846565 0 0 0 0 0 0 0 0 0 0 0 0 0 0 0 0 0 0 0 0 0 0 0 0 0 0 0 0 0 0 0 0 0 0 0 0 0 0 0 0 3109382826 0 0 0 0 0 0 0 0 987231 0 490919 0 0 0 0 0 0 0 0 0 0 0 824314218 1 0 0 0 0 0 0 0 0 0 0 0 0 0 0 0 0 0 0 0 0 0 0 483154 4219 0 0 0 0 21081268 0 0 0 0 0 0 0 0 0 0 0 0 0 0 0 0 0 0 0 0 0 0 0 0 0 0 0 0 0 0 0 0 0 0 0 0 0 0 0 0 0 0 0 0 0 0 0 0 0 0 0 0 0 0 0 0 0 0 0 0 0 0 0 0 0 0 0 0 0 0 0 0 0 0 0 237406567 0 0 0
ctxt 497865263
btime 1669654930
processes 594409
procs_running 2
procs_blocked 0
softirq 1210584192 857750670 34386864 799274 95133221 490824 0 145713575 46674680 1039 29634045

cpu  1050445 40531 1651324 547136735 120437 0 3641987 0 0 0
cpu0 125344 9825 217005 137155348 32865 0 863016 0 0 0
cpu1 570372 11232 873443 135776626 24844 0 1012749 0 0 0
cpu2 180952 4139 292093 137106440 32541 0 897844 0 0 0
cpu3 173776 15334 268782 137098320 30185 0 868376 0 0 0
intr 12836272869 0 0 2858835 81 0 799144 38676864 0 0 0 9846570 0 0 0 0 0 0 0 0 0 0 0 0 0 0 0 0 0 0 0 0 0 0 0 0 0 0 0 0 0 0 0 0 0 0 0 0 0 0 0 0 3109386822 0 0 0 0 0 0 0 0 987232 0 490919 0 0 0 0 0 0 0 0 0 0 0 824314346 1 0 0 0 0 0 0 0 0 0 0 0 0 0 0 0 0 0 0 0 0 0 0 483154 4219 0 0 0 0 21081283 0 0 0 0 0 0 0 0 0 0 0 0 0 0 0 0 0 0 0 0 0 0 0 0 0 0 0 0 0 0 0 0 0 0 0 0 0 0 0 0 0 0 0 0 0 0 0 0 0 0 0 0 0 0 0 0 0 0 0 0 0 0 0 0 0 0 0 0 0 0 0 0 0 0 0 237408809 0 0 0
ctxt 497869749
btime 1669654930
processes 594409
procs_running 1
procs_blocked 0
softirq 1210584299 857750670 34386881 799274 95133222 490824 0 145713589 46674741 1039 29634059

cpu  1050446 40531 1651332 547136917 120437 0 3641987 0 0 0
cpu0 125344 9825 217005 137155397 32865 0 863016 0 0 0
cpu1 570373 11232 873444 135776671 24844 0 1012749 0 0 0
cpu2 180952 4139 292097 137106483 32541 0 897844 0 0 0
cpu3 173776 15334 268785 137098364 30185 0 868376 0 0 0
intr 12836279288 0 0 2858835 81 0 799144 38676913 0 0 0 9846575 0 0 0 0 0 0 0 0 0 0 0 0 0 0 0 0 0 0 0 0 0 0 0 0 0 0 0 0 0 0 0 0 0 0 0 0 0 0 0 0 3109390850 0 0 0 0 0 0 0 0 987233 0 490919 0 0 0 0 0 0 0 0 0 0 0 824314500 1 0 0 0 0 0 0 0 0 0 0 0 0 0 0 0 0 0 0 0 0 0 0 483154 4219 0 0 0 0 21081313 0 0 0 0 0 0 0 0 0 0 0 0 0 0 0 0 0 0 0 0 0 0 0 0 0 0 0 0 0 0 0 0 0 0 0 0 0 0 0 0 0 0 0 0 0 0 0 0 0 0 0 0 0 0 0 0 0 0 0 0 0 0 0 0 0 0 0 0 0 0 0 0 0 0 0 237410961 0 0 0
ctxt 497874207
btime 1669654930
processes 594409
procs_running 3
procs_blocked 0
softirq 1210584433 857750678 34386900 799275 95133224 490824 0 145713616 46674796 1039 29634081

cpu  1050456 40531 1651353 547137059 120437 0 3642000 0 0 0
cpu0 125346 9825 217009 137155435 32865 0 863019 0 0 0
cpu1 570374 11232 873448 135776707 24844 0 1012753 0 0 0
cpu2 180955 4139 292103 137106518 32541 0 897846 0 0 0
cpu3 173779 15334 268792 137098398 30185 0 868381 0 0 0
intr 12836289841 0 0 2858845 81 0 799235 38677122 0 0 0 9846579 0 0 0 0 0 0 0 0 0 0 0 0 0 0 0 0 0 0 0 0 0 0 0 0 0 0 0 0 0 0 0 0 0 0 0 0 0 0 0 0 3109396767 0 0 0 0 0 0 0 0 987234 0 490919 0 0 0 0 0 0 0 0 0 0 0 824316577 1 0 0 0 0 0 0 0 0 0 0 0 0 0 0 0 0 0 0 0 0 0 0 483154 4219 0 0 0 0 21081345 0 0 0 0 0 0 0 0 0 0 0 0 0 0 0 0 0 0 0 0 0 0 0 0 0 0 0 0 0 0 0 0 0 0 0 0 0 0 0 0 0 0 0 0 0 0 0 0 0 0 0 0 0 0 0 0 0 0 0 0 0 0 0 0 0 0 0 0 0 0 0 0 0 0 0 237413173 0 0 0
ctxt 497878975
btime 1669654930
processes 594469
procs_running 1
procs_blocked 0
softirq 1210590288 857755598 34386952 799276 95133317 490824 0 145713977 46675011 1039 29634294

cpu  1050458 40531 1651362 547137217 120437 0 3642016 0 0 0
cpu0 125346 9825 217009 137155480 32865 0 863021 0 0 0
cpu1 570376 11232 873451 135776745 24844 0 1012758 0 0 0
cpu2 180956 4139 292105 137106556 32541 0 897852 0 0 0
cpu3 173779 15334 268795 137098435 30185 0 868384 0 0 0
intr 12836300334 0 0 2858845 81 0 799237 38677195 0 0 0 9846579 0 0 0 0 0 0 0 0 0 0 0 0 0 0 0 0 0 0 0 0 0 0 0 0 0 0 0 0 0 0 0 0 0 0 0 0 0 0 0 0 3109402859 0 0 0 0 0 0 0 0 987235 0 490919 0 0 0 0 0 0 0 0 0 0 0 824318825 1 0 0 0 0 0 0 0 0 0 0 0 0 0 0 0 0 0 0 0 0 0 0 483154 4219 0 0 0 0 21081378 0 0 0 0 0 0 0 0 0 0 0 0 0 0 0 0 0 0 0 0 0 0 0 0 0 0 0 0 0 0 0 0 0 0 0 0 0 0 0 0 0 0 0 0 0 0 0 0 0 0 0 0 0 0 0 0 0 0 0 0 0 0 0 0 0 0 0 0 0 0 0 0 0 0 0 237415218 0 0 0
ctxt 497883151
btime 1669654930
processes 594469
procs_running 3
procs_blocked 0
softirq 1210595856 857760541 34386983 799277 95133383 490824 0 145714379 46675112 1039 29634318

cpu  1050461 40531 1651374 547137369 120440 0 3642029 0 0 0
cpu0 125347 9825 217010 137155519 32867 0 863022 0 0 0
cpu1 570377 11232 873456 135776782 24845 0 1012761 0 0 0
cpu2 180956 4139 292109 137106594 32541 0 897857 0 0 0
cpu3 173780 15334 268797 137098473 30185 0 868388 0 0 0
intr 12836311304 0 0 2858846 81 0 799240 38677299 0 0 0 9846579 0 0 0 0 0 0 0 0 0 0 0 0 0 0 0 0 0 0 0 0 0 0 0 0 0 0 0 0 0 0 0 0 0 0 0 0 0 0 0 0 3109409098 0 0 0 0 0 0 0 0 987237 0 490941 0 0 0 0 0 0 0 0 0 0 0 824321220 1 0 0 0 0 0 0 0 0 0 0 0 0 0 0 0 0 0 0 0 0 0 0 483176 4219 0 0 0 0 21081425 0 0 0 0 0 0 0 0 0 0 0 0 0 0 0 0 0 0 0 0 0 0 0 0 0 0 0 0 0 0 0 0 0 0 0 0 0 0 0 0 0 0 0 0 0 0 0 0 0 0 0 0 0 0 0 0 0 0 0 0 0 0 0 0 0 0 0 0 0 0 0 0 0 0 0 237417356 0 0 0
ctxt 497887618
btime 1669654930
processes 594470
procs_running 3
procs_blocked 0
softirq 1210601352 857765296 34387013 799278 95133454 490846 0 145714853 46675225 1039 29634348

cpu  1050464 40531 1651383 547137526 120440 0 3642042 0 0 0
cpu0 125347 9825 217012 137155562 32867 0 863023 0 0 0
cpu1 570378 11232 873460 135776820 24845 0 1012764 0 0 0
cpu2 180958 4139 292111 137106631 32541 0 897860 0 0 0
cpu3 173781 15334 268799 137098511 30185 0 868394 0 0 0
intr 12836321921 0 0 2858846 81 0 799244 38677349 0 0 0 9846579 0 0 0 0 0 0 0 0 0 0 0 0 0 0 0 0 0 0 0 0 0 0 0 0 0 0 0 0 0 0 0 0 0 0 0 0 0 0 0 0 3109415205 0 0 0 0 0 0 0 0 987238 0 490942 0 0 0 0 0 0 0 0 0 0 0 824323517 1 0 0 0 0 0 0 0 0 0 0 0 0 0 0 0 0 0 0 0 0 0 0 483177 4219 0 0 0 0 21081440 0 0 0 0 0 0 0 0 0 0 0 0 0 0 0 0 0 0 0 0 0 0 0 0 0 0 0 0 0 0 0 0 0 0 0 0 0 0 0 0 0 0 0 0 0 0 0 0 0 0 0 0 0 0 0 0 0 0 0 0 0 0 0 0 0 0 0 0 0 0 0 0 0 0 0 237419491 0 0 0
ctxt 497891896
btime 1669654930
processes 594470
procs_running 1
procs_blocked 0
softirq 1210606955 857770267 34387036 799278 95133509 490847 0 145715295 46675321 1039 29634363

cpu  1050468 40531 1651394 547137683 120440 0 3642054 0 0 0
cpu0 125347 9825 217012 137155606 32867 0 863026 0 0 0
cpu1 570378 11232 873464 135776858 24845 0 1012768 0 0 0
cpu2 180959 4139 292115 137106668 32541 0 897862 0 0 0
cpu3 173783 15334 268801 137098550 30185 0 868398 0 0 0
intr 12836332568 0 0 2858846 81 0 799245 38677410 0 0 0 9846579 0 0 0 0 0 0 0 0 0 0 0 0 0 0 0 0 0 0 0 0 0 0 0 0 0 0 0 0 0 0 0 0 0 0 0 0 0 0 0 0 3109421357 0 0 0 0 0 0 0 0 987240 0 490942 0 0 0 0 0 0 0 0 0 0 0 824325866 1 0 0 0 0 0 0 0 0 0 0 0 0 0 0 0 0 0 0 0 0 0 0 483177 4219 0 0 0 0 21081485 0 0 0 0 0 0 0 0 0 0 0 0 0 0 0 0 0 0 0 0 0 0 0 0 0 0 0 0 0 0 0 0 0 0 0 0 0 0 0 0 0 0 0 0 0 0 0 0 0 0 0 0 0 0 0 0 0 0 0 0 0 0 0 0 0 0 0 0 0 0 0 0 0 0 0 237421535 0 0 0
ctxt 497896016
btime 1669654930
processes 594470
procs_running 5
procs_blocked 0
softirq 1210612736 857775427 34387060 799278 95133576 490847 0 145715712 46675420 1039 29634377

cpu  1050473 40531 1651404 547137840 120440 0 3642069 0 0 0
cpu0 125347 9825 217012 137155650 32867 0 863028 0 0 0
cpu1 570380 11232 873467 135776895 24845 0 1012773 0 0 0
cpu2 180959 4139 292120 137106706 32541 0 897865 0 0 0
cpu3 173785 15334 268804 137098587 30185 0 868402 0 0 0
intr 12836343137 0 0 2858846 81 0 799247 38677469 0 0 0 9846579 0 0 0 0 0 0 0 0 0 0 0 0 0 0 0 0 0 0 0 0 0 0 0 0 0 0 0 0 0 0 0 0 0 0 0 0 0 0 0 0 3109427508 0 0 0 0 0 0 0 0 987241 0 490942 0 0 0 0 0 0 0 0 0 0 0 824328190 1 0 0 0 0 0 0 0 0 0 0 0 0 0 0 0 0 0 0 0 0 0 0 483177 4219 0 0 0 0 21081514 0 0 0 0 0 0 0 0 0 0 0 0 0 0 0 0 0 0 0 0 0 0 0 0 0 0 0 0 0 0 0 0 0 0 0 0 0 0 0 0 0 0 0 0 0 0 0 0 0 0 0 0 0 0 0 0 0 0 0 0 0 0 0 0 0 0 0 0 0 0 0 0 0 0 0 237423532 0 0 0
ctxt 497900061
btime 1669654930
processes 594470
procs_running 2
procs_blocked 0
softirq 1210618300 857780387 34387084 799279 95133634 490847 0 145716110 46675526 1039 29634394

cpu  1050477 40531 1651421 547137997 120440 0 3642083 0 0 0
cpu0 125348 9825 217014 137155692 32867 0 863032 0 0 0
cpu1 570381 11232 873472 135776935 24845 0 1012774 0 0 0
cpu2 180961 4139 292126 137106743 32541 0 897869 0 0 0
cpu3 173786 15334 268808 137098626 30185 0 868406 0 0 0
intr 12836353706 0 0 2858847 81 0 799247 38677529 0 0 0 9846579 0 0 0 0 0 0 0 0 0 0 0 0 0 0 0 0 0 0 0 0 0 0 0 0 0 0 0 0 0 0 0 0 0 0 0 0 0 0 0 0 3109433563 0 0 0 0 0 0 0 0 987242 0 490942 0 0 0 0 0 0 0 0 0 0 0 824330419 1 0 0 0 0 0 0 0 0 0 0 0 0 0 0 0 0 0 0 0 0 0 0 483177 4219 0 0 0 0 21081553 0 0 0 0 0 0 0 0 0 0 0 0 0 0 0 0 0 0 0 0 0 0 0 0 0 0 0 0 0 0 0 0 0 0 0 0 0 0 0 0 0 0 0 0 0 0 0 0 0 0 0 0 0 0 0 0 0 0 0 0 0 0 0 0 0 0 0 0 0 0 0 0 0 0 0 237425716 0 0 0
ctxt 497904408
btime 1669654930
processes 594470
procs_running 1
procs_blocked 0
softirq 1210623471 857784954 34387106 799279 95133694 490847 0 145716505 46675637 1039 29634410

cpu  1050479 40531 1651430 547138157 120440 0 3642094 0 0 0
cpu0 125348 9825 217016 137155734 32867 0 863034 0 0 0
cpu1 570382 11232 873474 135776975 24845 0 1012779 0 0 0
cpu2 180962 4139 292128 137106782 32541 0 897871 0 0 0
cpu3 173786 15334 268811 137098665 30185 0 868409 0 0 0
intr 12836364319 0 0 2858847 81 0 799249 38677626 0 0 0 9846579 0 0 0 0 0 0 0 0 0 0 0 0 0 0 0 0 0 0 0 0 0 0 0 0 0 0 0 0 0 0 0 0 0 0 0 0 0 0 0 0 3109439704 0 0 0 0 0 0 0 0 987243 0 490942 0 0 0 0 0 0 0 0 0 0 0 824332729 1 0 0 0 0 0 0 0 0 0 0 0 0 0 0 0 0 0 0 0 0 0 0 483177 4219 0 0 0 0 21081619 0 0 0 0 0 0 0 0 0 0 0 0 0 0 0 0 0 0 0 0 0 0 0 0 0 0 0 0 0 0 0 0 0 0 0 0 0 0 0 0 0 0 0 0 0 0 0 0 0 0 0 0 0 0 0 0 0 0 0 0 0 0 0 0 0 0 0 0 0 0 0 0 0 0 0 237427715 0 0 0
ctxt 497908660
btime 1669654930
processes 594470
procs_running 2
procs_blocked 0
softirq 1210628801 857789482 34387134 799280 95133848 490847 0 145717015 46675728 1039 29634428

cpu  1050481 40531 1651441 547138316 120440 0 3642106 0 0 0
cpu0 125348 9825 217018 137155777 32867 0 863035 0 0 0
cpu1 570382 11232 873478 135777014 24845 0 1012782 0 0 0
cpu2 180963 4139 292130 137106820 32541 0 897872 0 0 0
cpu3 173787 15334 268814 137098704 30185 0 868415 0 0 0
intr 12836374802 0 0 2858847 81 0 799250 38677680 0 0 0 9846579 0 0 0 0 0 0 0 0 0 0 0 0 0 0 0 0 0 0 0 0 0 0 0 0 0 0 0 0 0 0 0 0 0 0 0 0 0 0 0 0 3109445801 0 0 0 0 0 0 0 0 987244 0 490942 0 0 0 0 0 0 0 0 0 0 0 824334995 1 0 0 0 0 0 0 0 0 0 0 0 0 0 0 0 0 0 0 0 0 0 0 483177 4219 0 0 0 0 21081645 0 0 0 0 0 0 0 0 0 0 0 0 0 0 0 0 0 0 0 0 0 0 0 0 0 0 0 0 0 0 0 0 0 0 0 0 0 0 0 0 0 0 0 0 0 0 0 0 0 0 0 0 0 0 0 0 0 0 0 0 0 0 0 0 0 0 0 0 0 0 0 0 0 0 0 237429750 0 0 0
ctxt 497912780
btime 1669654930
processes 594470
procs_running 2
procs_blocked 0
softirq 1210634023 857794062 34387156 799282 95133904 490847 0 145717469 46675821 1039 29634443

cpu  1050484 40531 1651449 547138473 120440 0 3642120 0 0 0
cpu0 125348 9825 217019 137155819 32867 0 863036 0 0 0
cpu1 570382 11232 873480 135777052 24845 0 1012786 0 0 0
cpu2 180964 4139 292132 137106859 32541 0 897876 0 0 0
cpu3 173788 15334 268817 137098741 30185 0 868420 0 0 0
intr 12836385586 0 0 2858847 81 0 799251 38677736 0 0 0 9846579 0 0 0 0 0 0 0 0 0 0 0 0 0 0 0 0 0 0 0 0 0 0 0 0 0 0 0 0 0 0 0 0 0 0 0 0 0 0 0 0 3109452021 0 0 0 0 0 0 0 0 987245 0 490942 0 0 0 0 0 0 0 0 0 0 0 824337392 1 0 0 0 0 0 0 0 0 0 0 0 0 0 0 0 0 0 0 0 0 0 0 483177 4219 0 0 0 0 21081660 0 0 0 0 0 0 0 0 0 0 0 0 0 0 0 0 0 0 0 0 0 0 0 0 0 0 0 0 0 0 0 0 0 0 0 0 0 0 0 0 0 0 0 0 0 0 0 0 0 0 0 0 0 0 0 0 0 0 0 0 0 0 0 0 0 0 0 0 0 0 0 0 0 0 0 237431844 0 0 0
ctxt 497916973
btime 1669654930
processes 594470
procs_running 1
procs_blocked 0
softirq 1210639751 857799171 34387179 799282 95133962 490847 0 145717895 46675918 1039 29634458

cpu  1050486 40531 1651460 547138631 120440 0 3642134 0 0 0
cpu0 125348 9825 217019 137155864 32867 0 863038 0 0 0
cpu1 570384 11232 873485 135777089 24845 0 1012790 0 0 0
cpu2 180965 4139 292135 137106897 32541 0 897881 0 0 0
cpu3 173788 15334 268820 137098779 30185 0 868424 0 0 0
intr 12836396116 0 0 2858850 81 0 799252 38677802 0 0 0 9846581 0 0 0 0 0 0 0 0 0 0 0 0 0 0 0 0 0 0 0 0 0 0 0 0 0 0 0 0 0 0 0 0 0 0 0 0 0 0 0 0 3109458124 0 0 0 0 0 0 0 0 987246 0 490942 0 0 0 0 0 0 0 0 0 0 0 824339684 1 0 0 0 0 0 0 0 0 0 0 0 0 0 0 0 0 0 0 0 0 0 0 483177 4219 0 0 0 0 21081698 0 0 0 0 0 0 0 0 0 0 0 0 0 0 0 0 0 0 0 0 0 0 0 0 0 0 0 0 0 0 0 0 0 0 0 0 0 0 0 0 0 0 0 0 0 0 0 0 0 0 0 0 0 0 0 0 0 0 0 0 0 0 0 0 0 0 0 0 0 0 0 0 0 0 0 237433868 0 0 0
ctxt 497921090
btime 1669654930
processes 594470
procs_running 1
procs_blocked 0
softirq 1210645500 857804306 34387200 799283 95134019 490847 0 145718317 46676017 1039 29634472

cpu  1050490 40531 1651468 547138787 120440 0 3642148 0 0 0
cpu0 125348 9825 217020 137155906 32867 0 863039 0 0 0
cpu1 570386 11232 873487 135777127 24845 0 1012793 0 0 0
cpu2 180965 4139 292137 137106935 32541 0 897886 0 0 0
cpu3 173789 15334 268822 137098818 30185 0 868428 0 0 0
intr 12836406766 0 0 2858860 81 0 799255 38677858 0 0 0 9846586 0 0 0 0 0 0 0 0 0 0 0 0 0 0 0 0 0 0 0 0 0 0 0 0 0 0 0 0 0 0 0 0 0 0 0 0 0 0 0 0 3109464269 0 0 0 0 0 0 0 0 987247 0 490942 0 0 0 0 0 0 0 0 0 0 0 824342002 1 0 0 0 0 0 0 0 0 0 0 0 0 0 0 0 0 0 0 0 0 0 0 483177 4219 0 0 0 0 21081713 0 0 0 0 0 0 0 0 0 0 0 0 0 0 0 0 0 0 0 0 0 0 0 0 0 0 0 0 0 0 0 0 0 0 0 0 0 0 0 0 0 0 0 0 0 0 0 0 0 0 0 0 0 0 0 0 0 0 0 0 0 0 0 0 0 0 0 0 0 0 0 0 0 0 0 237435972 0 0 0
ctxt 497925298
btime 1669654930
processes 594470
procs_running 5
procs_blocked 0
softirq 1210650941 857809169 34387224 799284 95134088 490847 0 145718694 46676108 1039 29634488

cpu  1050492 40531 1651479 547138945 120440 0 3642161 0 0 0
cpu0 125348 9825 217022 137155947 32867 0 863040 0 0 0
cpu1 570387 11232 873490 135777166 24845 0 1012798 0 0 0
cpu2 180966 4139 292141 137106974 32541 0 897888 0 0 0
cpu3 173790 15334 268825 137098857 30185 0 868434 0 0 0
intr 12836417434 0 0 2858866 81 0 799261 38677917 0 0 0 9846591 0 0 0 0 0 0 0 0 0 0 0 0 0 0 0 0 0 0 0 0 0 0 0 0 0 0 0 0 0 0 0 0 0 0 0 0 0 0 0 0 3109470390 0 0 0 0 0 0 0 0 987248 0 490942 0 0 0 0 0 0 0 0 0 0 0 824344291 1 0 0 0 0 0 0 0 0 0 0 0 0 0 0 0 0 0 0 0 0 0 0 483177 4219 0 0 0 0 21081741 0 0 0 0 0 0 0 0 0 0 0 0 0 0 0 0 0 0 0 0 0 0 0 0 0 0 0 0 0 0 0 0 0 0 0 0 0 0 0 0 0 0 0 0 0 0 0 0 0 0 0 0 0 0 0 0 0 0 0 0 0 0 0 0 0 0 0 0 0 0 0 0 0 0 0 237438118 0 0 0
ctxt 497929606
btime 1669654930
processes 594470
procs_running 2
procs_blocked 0
softirq 1210656596 857814174 34387246 799286 95134151 490847 0 145719142 46676208 1039 29634503

cpu  1050494 40531 1651489 547139103 120440 0 3642174 0 0 0
cpu0 125348 9825 217022 137155990 32867 0 863044 0 0 0
cpu1 570387 11232 873495 135777204 24845 0 1012800 0 0 0
cpu2 180967 4139 292143 137107012 32541 0 897892 0 0 0
cpu3 173791 15334 268828 137098895 30185 0 868438 0 0 0
intr 12836427948 0 0 2858872 81 0 799264 38677954 0 0 0 9846596 0 0 0 0 0 0 0 0 0 0 0 0 0 0 0 0 0 0 0 0 0 0 0 0 0 0 0 0 0 0 0 0 0 0 0 0 0 0 0 0 3109476486 0 0 0 0 0 0 0 0 987249 0 490943 0 0 0 0 0 0 0 0 0 0 0 824346561 1 0 0 0 0 0 0 0 0 0 0 0 0 0 0 0 0 0 0 0 0 0 0 483178 4219 0 0 0 0 21081756 0 0 0 0 0 0 0 0 0 0 0 0 0 0 0 0 0 0 0 0 0 0 0 0 0 0 0 0 0 0 0 0 0 0 0 0 0 0 0 0 0 0 0 0 0 0 0 0 0 0 0 0 0 0 0 0 0 0 0 0 0 0 0 0 0 0 0 0 0 0 0 0 0 0 0 237440201 0 0 0
ctxt 497933786
btime 1669654930
processes 594470
procs_running 5
procs_blocked 0
softirq 1210662197 857819205 34387271 799286 95134213 490848 0 145719509 46676306 1039 29634520

cpu  1050498 40531 1651497 547139260 120440 0 3642188 0 0 0
cpu0 125350 9825 217023 137156033 32867 0 863045 0 0 0
cpu1 570388 11232 873497 135777242 24845 0 1012804 0 0 0
cpu2 180968 4139 292146 137107050 32541 0 897895 0 0 0
cpu3 173791 15334 268830 137098933 30185 0 868442 0 0 0
intr 12836438679 0 0 2858879 81 0 799266 38678022 0 0 0 9846601 0 0 0 0 0 0 0 0 0 0 0 0 0 0 0 0 0 0 0 0 0 0 0 0 0 0 0 0 0 0 0 0 0 0 0 0 0 0 0 0 3109482654 0 0 0 0 0 0 0 0 987250 0 490943 0 0 0 0 0 0 0 0 0 0 0 824348887 1 0 0 0 0 0 0 0 0 0 0 0 0 0 0 0 0 0 0 0 0 0 0 483178 4219 0 0 0 0 21081806 0 0 0 0 0 0 0 0 0 0 0 0 0 0 0 0 0 0 0 0 0 0 0 0 0 0 0 0 0 0 0 0 0 0 0 0 0 0 0 0 0 0 0 0 0 0 0 0 0 0 0 0 0 0 0 0 0 0 0 0 0 0 0 0 0 0 0 0 0 0 0 0 0 0 0 237442301 0 0 0
ctxt 497938073
btime 1669654930
processes 594470
procs_running 2
procs_blocked 0
softirq 1210667274 857823663 34387299 799286 95134275 490848 0 145719922 46676405 1039 29634537

cpu  1050502 40531 1651505 547139417 120440 0 3642202 0 0 0
cpu0 125350 9825 217024 137156076 32867 0 863049 0 0 0
cpu1 570389 11232 873499 135777281 24845 0 1012808 0 0 0
cpu2 180969 4139 292149 137107088 32541 0 897899 0 0 0
cpu3 173793 15334 268832 137098971 30185 0 868446 0 0 0
intr 12836449258 0 0 2858885 81 0 799269 38678071 0 0 0 9846606 0 0 0 0 0 0 0 0 0 0 0 0 0 0 0 0 0 0 0 0 0 0 0 0 0 0 0 0 0 0 0 0 0 0 0 0 0 0 0 0 3109488758 0 0 0 0 0 0 0 0 987251 0 490945 0 0 0 0 0 0 0 0 0 0 0 824351181 1 0 0 0 0 0 0 0 0 0 0 0 0 0 0 0 0 0 0 0 0 0 0 483180 4219 0 0 0 0 21081821 0 0 0 0 0 0 0 0 0 0 0 0 0 0 0 0 0 0 0 0 0 0 0 0 0 0 0 0 0 0 0 0 0 0 0 0 0 0 0 0 0 0 0 0 0 0 0 0 0 0 0 0 0 0 0 0 0 0 0 0 0 0 0 0 0 0 0 0 0 0 0 0 0 0 0 237444399 0 0 0
ctxt 497942263
btime 1669654930
processes 594470
procs_running 2
procs_blocked 0
softirq 1210672955 857828714 34387322 799288 95134332 490850 0 145720358 46676500 1039 29634552

cpu  1050503 40531 1651518 547139574 120440 0 3642214 0 0 0
cpu0 125350 9825 217028 137156117 32867 0 863050 0 0 0
cpu1 570389 11232 873502 135777319 24845 0 1012810 0 0 0
cpu2 180970 4139 292153 137107126 32541 0 897903 0 0 0
cpu3 173794 15334 268834 137099010 30185 0 868450 0 0 0
intr 12836460071 0 0 2858891 81 0 799272 38678122 0 0 0 9846611 0 0 0 0 0 0 0 0 0 0 0 0 0 0 0 0 0 0 0 0 0 0 0 0 0 0 0 0 0 0 0 0 0 0 0 0 0 0 0 0 3109494980 0 0 0 0 0 0 0 0 987252 0 490945 0 0 0 0 0 0 0 0 0 0 0 824353613 1 0 0 0 0 0 0 0 0 0 0 0 0 0 0 0 0 0 0 0 0 0 0 483180 4219 0 0 0 0 21081836 0 0 0 0 0 0 0 0 0 0 0 0 0 0 0 0 0 0 0 0 0 0 0 0 0 0 0 0 0 0 0 0 0 0 0 0 0 0 0 0 0 0 0 0 0 0 0 0 0 0 0 0 0 0 0 0 0 0 0 0 0 0 0 0 0 0 0 0 0 0 0 0 0 0 0 237446479 0 0 0
ctxt 497946450
btime 1669654930
processes 594470
procs_running 3
procs_blocked 0
softirq 1210678925 857834053 34387346 799288 95134389 490850 0 145720795 46676597 1039 29634568

cpu  1050506 40531 1651524 547139735 120440 0 3642225 0 0 0
cpu0 125350 9825 217028 137156161 32867 0 863054 0 0 0
cpu1 570390 11232 873504 135777357 24845 0 1012813 0 0 0
cpu2 180970 4139 292155 137107165 32541 0 897905 0 0 0
cpu3 173794 15334 268836 137099049 30185 0 868452 0 0 0
intr 12836470475 0 0 2858895 81 0 799272 38678183 0 0 0 9846616 0 0 0 0 0 0 0 0 0 0 0 0 0 0 0 0 0 0 0 0 0 0 0 0 0 0 0 0 0 0 0 0 0 0 0 0 0 0 0 0 3109501013 0 0 0 0 0 0 0 0 987254 0 490945 0 0 0 0 0 0 0 0 0 0 0 824355837 1 0 0 0 0 0 0 0 0 0 0 0 0 0 0 0 0 0 0 0 0 0 0 483180 4219 0 0 0 0 21081868 0 0 0 0 0 0 0 0 0 0 0 0 0 0 0 0 0 0 0 0 0 0 0 0 0 0 0 0 0 0 0 0 0 0 0 0 0 0 0 0 0 0 0 0 0 0 0 0 0 0 0 0 0 0 0 0 0 0 0 0 0 0 0 0 0 0 0 0 0 0 0 0 0 0 0 237448520 0 0 0
ctxt 497950669
btime 1669654930
processes 594470
procs_running 1
procs_blocked 0
softirq 1210683919 857838357 34387374 799288 95134472 490850 0 145721268 46676687 1039 29634584

cpu  1050508 40531 1651538 547139892 120440 0 3642239 0 0 0
cpu0 125350 9825 217029 137156203 32867 0 863056 0 0 0
cpu1 570391 11232 873508 135777394 24845 0 1012818 0 0 0
cpu2 180970 4139 292162 137107204 32541 0 897908 0 0 0
cpu3 173795 15334 268838 137099089 30185 0 868455 0 0 0
intr 12836481273 0 0 2858900 81 0 799273 38678234 0 0 0 9846621 0 0 0 0 0 0 0 0 0 0 0 0 0 0 0 0 0 0 0 0 0 0 0 0 0 0 0 0 0 0 0 0 0 0 0 0 0 0 0 0 3109507236 0 0 0 0 0 0 0 0 987255 0 490945 0 0 0 0 0 0 0 0 0 0 0 824358243 1 0 0 0 0 0 0 0 0 0 0 0 0 0 0 0 0 0 0 0 0 0 0 483180 4219 0 0 0 0 21081883 0 0 0 0 0 0 0 0 0 0 0 0 0 0 0 0 0 0 0 0 0 0 0 0 0 0 0 0 0 0 0 0 0 0 0 0 0 0 0 0 0 0 0 0 0 0 0 0 0 0 0 0 0 0 0 0 0 0 0 0 0 0 0 0 0 0 0 0 0 0 0 0 0 0 0 237450612 0 0 0
ctxt 497954851
btime 1669654930
processes 594470
procs_running 1
procs_blocked 0
softirq 1210689862 857843660 34387396 799288 95134538 490850 0 145721687 46676802 1039 29634602

cpu  1050512 40531 1651550 547140050 120440 0 3642249 0 0 0
cpu0 125351 9825 217030 137156245 32867 0 863059 0 0 0
cpu1 570392 11232 873511 135777433 24845 0 1012820 0 0 0
cpu2 180972 4139 292166 137107242 32541 0 897910 0 0 0
cpu3 173796 15334 268842 137099128 30185 0 868459 0 0 0
intr 12836491850 0 0 2858904 81 0 799275 38678305 0 0 0 9846626 0 0 0 0 0 0 0 0 0 0 0 0 0 0 0 0 0 0 0 0 0 0 0 0 0 0 0 0 0 0 0 0 0 0 0 0 0 0 0 0 3109513325 0 0 0 0 0 0 0 0 987256 0 490945 0 0 0 0 0 0 0 0 0 0 0 824360511 1 0 0 0 0 0 0 0 0 0 0 0 0 0 0 0 0 0 0 0 0 0 0 483180 4219 0 0 0 0 21081930 0 0 0 0 0 0 0 0 0 0 0 0 0 0 0 0 0 0 0 0 0 0 0 0 0 0 0 0 0 0 0 0 0 0 0 0 0 0 0 0 0 0 0 0 0 0 0 0 0 0 0 0 0 0 0 0 0 0 0 0 0 0 0 0 0 0 0 0 0 0 0 0 0 0 0 237452701 0 0 0
ctxt 497959079
btime 1669654930
processes 594470
procs_running 1
procs_blocked 0
softirq 1210695260 857848443 34387422 799289 95134595 490850 0 145722105 46676900 1039 29634617

cpu  1050515 40531 1651560 547140206 120440 0 3642262 0 0 0
cpu0 125351 9825 217031 137156286 32867 0 863061 0 0 0
cpu1 570393 11232 873515 135777472 24845 0 1012822 0 0 0
cpu2 180972 4139 292170 137107280 32541 0 897914 0 0 0
cpu3 173797 15334 268843 137099166 30185 0 868463 0 0 0
intr 12836502567 0 0 2858916 81 0 799277 38678377 0 0 0 9846631 0 0 0 0 0 0 0 0 0 0 0 0 0 0 0 0 0 0 0 0 0 0 0 0 0 0 0 0 0 0 0 0 0 0 0 0 0 0 0 0 3109519496 0 0 0 0 0 0 0 0 987257 0 490945 0 0 0 0 0 0 0 0 0 0 0 824362835 1 0 0 0 0 0 0 0 0 0 0 0 0 0 0 0 0 0 0 0 0 0 0 483180 4219 0 0 0 0 21081951 0 0 0 0 0 0 0 0 0 0 0 0 0 0 0 0 0 0 0 0 0 0 0 0 0 0 0 0 0 0 0 0 0 0 0 0 0 0 0 0 0 0 0 0 0 0 0 0 0 0 0 0 0 0 0 0 0 0 0 0 0 0 0 0 0 0 0 0 0 0 0 0 0 0 0 237454818 0 0 0
ctxt 497963306
btime 1669654930
processes 594470
procs_running 3
procs_blocked 0
softirq 1210701063 857853630 34387448 799290 95134660 490850 0 145722510 46677001 1039 29634635

cpu  1050518 40531 1651572 547140364 120440 0 3642275 0 0 0
cpu0 125351 9825 217032 137156329 32867 0 863064 0 0 0
cpu1 570394 11232 873521 135777508 24845 0 1012826 0 0 0
cpu2 180973 4139 292172 137107318 32541 0 897918 0 0 0
cpu3 173798 15334 268846 137099206 30185 0 868466 0 0 0
intr 12836513072 0 0 2858922 81 0 799279 38678432 0 0 0 9846636 0 0 0 0 0 0 0 0 0 0 0 0 0 0 0 0 0 0 0 0 0 0 0 0 0 0 0 0 0 0 0 0 0 0 0 0 0 0 0 0 3109525541 0 0 0 0 0 0 0 0 987258 0 490945 0 0 0 0 0 0 0 0 0 0 0 824365058 1 0 0 0 0 0 0 0 0 0 0 0 0 0 0 0 0 0 0 0 0 0 0 483180 4219 0 0 0 0 21081981 0 0 0 0 0 0 0 0 0 0 0 0 0 0 0 0 0 0 0 0 0 0 0 0 0 0 0 0 0 0 0 0 0 0 0 0 0 0 0 0 0 0 0 0 0 0 0 0 0 0 0 0 0 0 0 0 0 0 0 0 0 0 0 0 0 0 0 0 0 0 0 0 0 0 0 237456948 0 0 0
ctxt 497967555
btime 1669654930
processes 594470
procs_running 1
procs_blocked 0
softirq 1210706213 857858201 34387471 799293 95134719 490850 0 145722888 46677101 1039 29634651

cpu  1050519 40531 1651581 547140544 120440 0 3642275 0 0 0
cpu0 125351 9825 217032 137156378 32867 0 863064 0 0 0
cpu1 570394 11232 873523 135777553 24845 0 1012826 0 0 0
cpu2 180973 4139 292174 137107361 32541 0 897918 0 0 0
cpu3 173800 15334 268851 137099250 30185 0 868466 0 0 0
intr 12836519592 0 0 2858925 81 0 799279 38678459 0 0 0 9846641 0 0 0 0 0 0 0 0 0 0 0 0 0 0 0 0 0 0 0 0 0 0 0 0 0 0 0 0 0 0 0 0 0 0 0 0 0 0 0 0 3109529567 0 0 0 0 0 0 0 0 987259 0 490945 0 0 0 0 0 0 0 0 0 0 0 824365210 1 0 0 0 0 0 0 0 0 0 0 0 0 0 0 0 0 0 0 0 0 0 0 483180 4219 0 0 0 0 21081996 0 0 0 0 0 0 0 0 0 0 0 0 0 0 0 0 0 0 0 0 0 0 0 0 0 0 0 0 0 0 0 0 0 0 0 0 0 0 0 0 0 0 0 0 0 0 0 0 0 0 0 0 0 0 0 0 0 0 0 0 0 0 0 0 0 0 0 0 0 0 0 0 0 0 0 237459240 0 0 0
ctxt 497972105
btime 1669654930
processes 594470
procs_running 2
procs_blocked 0
softirq 1210706323 857858209 34387491 799293 95134720 490850 0 145722902 46677154 1039 29634665

cpu  1050521 40531 1651596 547140725 120440 0 3642275 0 0 0
cpu0 125352 9825 217032 137156428 32867 0 863064 0 0 0
cpu1 570394 11232 873525 135777599 24845 0 1012826 0 0 0
cpu2 180974 4139 292182 137107404 32541 0 897918 0 0 0
cpu3 173800 15334 268857 137099293 30185 0 868466 0 0 0
intr 12836526171 0 0 2858925 81 0 799279 38678517 0 0 0 9846646 0 0 0 0 0 0 0 0 0 0 0 0 0 0 0 0 0 0 0 0 0 0 0 0 0 0 0 0 0 0 0 0 0 0 0 0 0 0 0 0 3109533563 0 0 0 0 0 0 0 0 987260 0 490945 0 0 0 0 0 0 0 0 0 0 0 824365340 1 0 0 0 0 0 0 0 0 0 0 0 0 0 0 0 0 0 0 0 0 0 0 483180 4219 0 0 0 0 21082045 0 0 0 0 0 0 0 0 0 0 0 0 0 0 0 0 0 0 0 0 0 0 0 0 0 0 0 0 0 0 0 0 0 0 0 0 0 0 0 0 0 0 0 0 0 0 0 0 0 0 0 0 0 0 0 0 0 0 0 0 0 0 0 0 0 0 0 0 0 0 0 0 0 0 0 237461579 0 0 0
ctxt 497976793
btime 1669654930
processes 594470
procs_running 1
procs_blocked 0
softirq 1210706474 857858209 34387515 799293 95134724 490850 0 145722944 46677219 1039 29634681

cpu  1050526 40531 1651602 547140906 120440 0 3642275 0 0 0
cpu0 125352 9825 217032 137156477 32867 0 863064 0 0 0
cpu1 570396 11232 873527 135777642 24845 0 1012826 0 0 0
cpu2 180974 4139 292183 137107450 32541 0 897918 0 0 0
cpu3 173803 15334 268860 137099336 30185 0 868466 0 0 0
intr 12836532683 0 0 2858925 81 0 799280 38678550 0 0 0 9846651 0 0 0 0 0 0 0 0 0 0 0 0 0 0 0 0 0 0 0 0 0 0 0 0 0 0 0 0 0 0 0 0 0 0 0 0 0 0 0 0 3109537589 0 0 0 0 0 0 0 0 987261 0 490945 0 0 0 0 0 0 0 0 0 0 0 824365492 1 0 0 0 0 0 0 0 0 0 0 0 0 0 0 0 0 0 0 0 0 0 0 483180 4219 0 0 0 0 21082060 0 0 0 0 0 0 0 0 0 0 0 0 0 0 0 0 0 0 0 0 0 0 0 0 0 0 0 0 0 0 0 0 0 0 0 0 0 0 0 0 0 0 0 0 0 0 0 0 0 0 0 0 0 0 0 0 0 0 0 0 0 0 0 0 0 0 0 0 0 0 0 0 0 0 0 237463859 0 0 0
ctxt 497981340
btime 1669654930
processes 594470
procs_running 2
procs_blocked 0
softirq 1210706574 857858217 34387531 799293 95134725 490850 0 145722957 46677266 1039 29634696

cpu  1050528 40531 1651611 547141088 120440 0 3642275 0 0 0
cpu0 125352 9825 217033 137156523 32867 0 863064 0 0 0
cpu1 570397 11232 873528 135777688 24845 0 1012826 0 0 0
cpu2 180974 4139 292184 137107497 32541 0 897918 0 0 0
cpu3 173804 15334 268864 137099379 30185 0 868466 0 0 0
intr 12836539205 0 0 2858925 81 0 799280 38678573 0 0 0 9846656 0 0 0 0 0 0 0 0 0 0 0 0 0 0 0 0 0 0 0 0 0 0 0 0 0 0 0 0 0 0 0 0 0 0 0 0 0 0 0 0 3109541590 0 0 0 0 0 0 0 0 987262 0 490945 0 0 0 0 0 0 0 0 0 0 0 824365622 1 0 0 0 0 0 0 0 0 0 0 0 0 0 0 0 0 0 0 0 0 0 0 483180 4219 0 0 0 0 21082075 0 0 0 0 0 0 0 0 0 0 0 0 0 0 0 0 0 0 0 0 0 0 0 0 0 0 0 0 0 0 0 0 0 0 0 0 0 0 0 0 0 0 0 0 0 0 0 0 0 0 0 0 0 0 0 0 0 0 0 0 0 0 0 0 0 0 0 0 0 0 0 0 0 0 0 237466204 0 0 0
ctxt 497985968
btime 1669654930
processes 594470
procs_running 2
procs_blocked 0
softirq 1210706680 857858217 34387551 799293 95134726 490850 0 145722971 46677322 1039 29634711

cpu  1050529 40531 1651622 547141268 120441 0 3642275 0 0 0
cpu0 125352 9825 217039 137156567 32867 0 863064 0 0 0
cpu1 570397 11232 873529 135777733 24845 0 1012826 0 0 0
cpu2 180974 4139 292186 137107543 32541 0 897918 0 0 0
cpu3 173804 15334 268866 137099423 30186 0 868466 0 0 0
intr 12836545893 0 0 2858926 81 0 799280 38678653 0 0 0 9846661 0 0 0 0 0 0 0 0 0 0 0 0 0 0 0 0 0 0 0 0 0 0 0 0 0 0 0 0 0 0 0 0 0 0 0 0 0 0 0 0 3109545618 0 0 0 0 0 0 0 0 987265 0 490948 0 0 0 0 0 0 0 0 0 0 0 824365774 1 0 0 0 0 0 0 0 0 0 0 0 0 0 0 0 0 0 0 0 0 0 0 483183 4219 0 0 0 0 21082138 0 0 0 0 0 0 0 0 0 0 0 0 0 0 0 0 0 0 0 0 0 0 0 0 0 0 0 0 0 0 0 0 0 0 0 0 0 0 0 0 0 0 0 0 0 0 0 0 0 0 0 0 0 0 0 0 0 0 0 0 0 0 0 0 0 0 0 0 0 0 0 0 0 0 0 237468556 0 0 0
ctxt 497990738
btime 1669654930
processes 594470
procs_running 1
procs_blocked 0
softirq 1210706877 857858225 34387580 799293 95134729 490853 0 145723035 46677391 1039 29634732

cpu  1050530 40531 1651632 547141449 120441 0 3642276 0 0 0
cpu0 125352 9825 217041 137156612 32867 0 863064 0 0 0
cpu1 570397 11232 873532 135777777 24845 0 1012826 0 0 0
cpu2 180974 4139 292189 137107590 32541 0 897918 0 0 0
cpu3 173805 15334 268869 137099469 30186 0 868466 0 0 0
intr 12836552461 0 0 2858926 81 0 799281 38678710 0 0 0 9846666 0 0 0 0 0 0 0 0 0 0 0 0 0 0 0 0 0 0 0 0 0 0 0 0 0 0 0 0 0 0 0 0 0 0 0 0 0 0 0 0 3109549613 0 0 0 0 0 0 0 0 987266 0 490948 0 0 0 0 0 0 0 0 0 0 0 824365904 1 0 0 0 0 0 0 0 0 0 0 0 0 0 0 0 0 0 0 0 0 0 0 483183 4219 0 0 0 0 21082184 0 0 0 0 0 0 0 0 0 0 0 0 0 0 0 0 0 0 0 0 0 0 0 0 0 0 0 0 0 0 0 0 0 0 0 0 0 0 0 0 0 0 0 0 0 0 0 0 0 0 0 0 0 0 0 0 0 0 0 0 0 0 0 0 0 0 0 0 0 0 0 0 0 0 0 237470887 0 0 0
ctxt 497995408
btime 1669654930
processes 594470
procs_running 2
procs_blocked 0
softirq 1210707007 857858225 34387600 799293 95134733 490853 0 145723073 46677445 1039 29634746

cpu  1050533 40531 1651645 547141631 120441 0 3642276 0 0 0
cpu0 125353 9825 217041 137156660 32867 0 863064 0 0 0
cpu1 570399 11232 873536 135777821 24845 0 1012826 0 0 0
cpu2 180975 4139 292195 137107634 32541 0 897918 0 0 0
cpu3 173805 15334 268872 137099515 30186 0 868466 0 0 0
intr 12836558831 0 0 2858926 81 0 799282 38678740 0 0 0 9846671 0 0 0 0 0 0 0 0 0 0 0 0 0 0 0 0 0 0 0 0 0 0 0 0 0 0 0 0 0 0 0 0 0 0 0 0 0 0 0 0 3109553635 0 0 0 0 0 0 0 0 987267 0 490948 0 0 0 0 0 0 0 0 0 0 0 824366056 1 0 0 0 0 0 0 0 0 0 0 0 0 0 0 0 0 0 0 0 0 0 0 483183 4219 0 0 0 0 21082199 0 0 0 0 0 0 0 0 0 0 0 0 0 0 0 0 0 0 0 0 0 0 0 0 0 0 0 0 0 0 0 0 0 0 0 0 0 0 0 0 0 0 0 0 0 0 0 0 0 0 0 0 0 0 0 0 0 0 0 0 0 0 0 0 0 0 0 0 0 0 0 0 0 0 0 237473034 0 0 0
ctxt 497999775
btime 1669654930
processes 594470
procs_running 2
procs_blocked 0
softirq 1210707126 857858233 34387618 799293 95134734 490853 0 145723086 46677509 1039 29634761

cpu  1050536 40531 1651654 547141813 120441 0 3642276 0 0 0
cpu0 125353 9825 217041 137156710 32867 0 863064 0 0 0
cpu1 570400 11232 873538 135777865 24845 0 1012826 0 0 0
cpu2 180976 4139 292200 137107676 32541 0 897918 0 0 0
cpu3 173806 15334 268872 137099560 30186 0 868466 0 0 0
intr 12836565301 0 0 2858926 81 0 799283 38678782 0 0 0 9846676 0 0 0 0 0 0 0 0 0 0 0 0 0 0 0 0 0 0 0 0 0 0 0 0 0 0 0 0 0 0 0 0 0 0 0 0 0 0 0 0 3109557638 0 0 0 0 0 0 0 0 987268 0 490948 0 0 0 0 0 0 0 0 0 0 0 824366186 1 0 0 0 0 0 0 0 0 0 0 0 0 0 0 0 0 0 0 0 0 0 0 483183 4219 0 0 0 0 21082235 0 0 0 0 0 0 0 0 0 0 0 0 0 0 0 0 0 0 0 0 0 0 0 0 0 0 0 0 0 0 0 0 0 0 0 0 0 0 0 0 0 0 0 0 0 0 0 0 0 0 0 0 0 0 0 0 0 0 0 0 0 0 0 0 0 0 0 0 0 0 0 0 0 0 0 237475286 0 0 0
ctxt 498004343
btime 1669654930
processes 594470
procs_running 3
procs_blocked 0
softirq 1210707247 857858233 34387636 799293 95134737 490853 0 145723117 46677562 1039 29634777

cpu  1050536 40531 1651666 547141994 120441 0 3642276 0 0 0
cpu0 125353 9825 217041 137156759 32867 0 863064 0 0 0
cpu1 570400 11232 873541 135777911 24845 0 1012826 0 0 0
cpu2 180976 4139 292207 137107717 32541 0 897918 0 0 0
cpu3 173806 15334 268875 137099605 30186 0 868466 0 0 0
intr 12836571779 0 0 2858927 81 0 799284 38678813 0 0 0 9846681 0 0 0 0 0 0 0 0 0 0 0 0 0 0 0 0 0 0 0 0 0 0 0 0 0 0 0 0 0 0 0 0 0 0 0 0 0 0 0 0 3109561657 0 0 0 0 0 0 0 0 987269 0 490948 0 0 0 0 0 0 0 0 0 0 0 824366338 1 0 0 0 0 0 0 0 0 0 0 0 0 0 0 0 0 0 0 0 0 0 0 483183 4219 0 0 0 0 21082250 0 0 0 0 0 0 0 0 0 0 0 0 0 0 0 0 0 0 0 0 0 0 0 0 0 0 0 0 0 0 0 0 0 0 0 0 0 0 0 0 0 0 0 0 0 0 0 0 0 0 0 0 0 0 0 0 0 0 0 0 0 0 0 0 0 0 0 0 0 0 0 0 0 0 0 237477538 0 0 0
ctxt 498008860
btime 1669654930
processes 594470
procs_running 1
procs_blocked 0
softirq 1210707354 857858241 34387651 799293 95134738 490853 0 145723130 46677617 1039 29634792

cpu  1050538 40531 1651681 547142176 120441 0 3642276 0 0 0
cpu0 125353 9825 217041 137156809 32867 0 863064 0 0 0
cpu1 570402 11232 873547 135777954 24845 0 1012826 0 0 0
cpu2 180976 4139 292213 137107761 32541 0 897918 0 0 0
cpu3 173806 15334 268878 137099651 30186 0 868466 0 0 0
intr 12836578181 0 0 2858927 81 0 799286 38678833 0 0 0 9846686 0 0 0 0 0 0 0 0 0 0 0 0 0 0 0 0 0 0 0 0 0 0 0 0 0 0 0 0 0 0 0 0 0 0 0 0 0 0 0 0 3109565660 0 0 0 0 0 0 0 0 987270 0 490948 0 0 0 0 0 0 0 0 0 0 0 824366468 1 0 0 0 0 0 0 0 0 0 0 0 0 0 0 0 0 0 0 0 0 0 0 483183 4219 0 0 0 0 21082265 0 0 0 0 0 0 0 0 0 0 0 0 0 0 0 0 0 0 0 0 0 0 0 0 0 0 0 0 0 0 0 0 0 0 0 0 0 0 0 0 0 0 0 0 0 0 0 0 0 0 0 0 0 0 0 0 0 0 0 0 0 0 0 0 0 0 0 0 0 0 0 0 0 0 0 237479765 0 0 0
ctxt 498013298
btime 1669654930
processes 594470
procs_running 2
procs_blocked 0
softirq 1210707479 857858241 34387667 799294 95134739 490853 0 145723144 46677691 1039 29634811

cpu  1050541 40531 1651695 547142357 120441 0 3642276 0 0 0
cpu0 125353 9825 217041 137156858 32867 0 863064 0 0 0
cpu1 570403 11232 873552 135777997 24845 0 1012826 0 0 0
cpu2 180976 4139 292219 137107805 32541 0 897918 0 0 0
cpu3 173808 15334 268882 137099695 30186 0 868466 0 0 0
intr 12836584849 0 0 2858927 81 0 799286 38678925 0 0 0 9846691 0 0 0 0 0 0 0 0 0 0 0 0 0 0 0 0 0 0 0 0 0 0 0 0 0 0 0 0 0 0 0 0 0 0 0 0 0 0 0 0 3109569684 0 0 0 0 0 0 0 0 987271 0 490948 0 0 0 0 0 0 0 0 0 0 0 824366620 1 0 0 0 0 0 0 0 0 0 0 0 0 0 0 0 0 0 0 0 0 0 0 483183 4219 0 0 0 0 21082355 0 0 0 0 0 0 0 0 0 0 0 0 0 0 0 0 0 0 0 0 0 0 0 0 0 0 0 0 0 0 0 0 0 0 0 0 0 0 0 0 0 0 0 0 0 0 0 0 0 0 0 0 0 0 0 0 0 0 0 0 0 0 0 0 0 0 0 0 0 0 0 0 0 0 0 237482067 0 0 0
ctxt 498017959
btime 1669654930
processes 594470
procs_running 1
procs_blocked 0
softirq 1210707660 857858249 34387685 799294 95134748 490853 0 145723212 46677754 1039 29634826

cpu  1050543 40531 1651704 547142538 120441 0 3642276 0 0 0
cpu0 125353 9825 217042 137156904 32867 0 863064 0 0 0
cpu1 570403 11232 873556 135778041 24845 0 1012826 0 0 0
cpu2 180977 4139 292221 137107851 32541 0 897918 0 0 0
cpu3 173809 15334 268884 137099741 30186 0 868466 0 0 0
intr 12836591245 0 0 2858927 81 0 799286 38678974 0 0 0 9846696 0 0 0 0 0 0 0 0 0 0 0 0 0 0 0 0 0 0 0 0 0 0 0 0 0 0 0 0 0 0 0 0 0 0 0 0 0 0 0 0 3109573687 0 0 0 0 0 0 0 0 987272 0 490948 0 0 0 0 0 0 0 0 0 0 0 824366748 1 0 0 0 0 0 0 0 0 0 0 0 0 0 0 0 0 0 0 0 0 0 0 483183 4219 0 0 0 0 21082399 0 0 0 0 0 0 0 0 0 0 0 0 0 0 0 0 0 0 0 0 0 0 0 0 0 0 0 0 0 0 0 0 0 0 0 0 0 0 0 0 0 0 0 0 0 0 0 0 0 0 0 0 0 0 0 0 0 0 0 0 0 0 0 0 0 0 0 0 0 0 0 0 0 0 0 237484234 0 0 0
ctxt 498022409
btime 1669654930
processes 594470
procs_running 4
procs_blocked 0
softirq 1210707781 857858249 34387701 799294 95134751 490853 0 145723246 46677807 1039 29634841

cpu  1050545 40531 1651714 547142718 120441 0 3642276 0 0 0
cpu0 125353 9825 217043 137156951 32867 0 863064 0 0 0
cpu1 570404 11232 873558 135778087 24845 0 1012826 0 0 0
cpu2 180977 4139 292225 137107895 32541 0 897918 0 0 0
cpu3 173809 15334 268886 137099784 30186 0 868466 0 0 0
intr 12836597878 0 0 2858928 81 0 799287 38679064 0 0 0 9846701 0 0 0 0 0 0 0 0 0 0 0 0 0 0 0 0 0 0 0 0 0 0 0 0 0 0 0 0 0 0 0 0 0 0 0 0 0 0 0 0 3109577710 0 0 0 0 0 0 0 0 987273 0 490948 0 0 0 0 0 0 0 0 0 0 0 824366900 1 0 0 0 0 0 0 0 0 0 0 0 0 0 0 0 0 0 0 0 0 0 0 483183 4219 0 0 0 0 21082490 0 0 0 0 0 0 0 0 0 0 0 0 0 0 0 0 0 0 0 0 0 0 0 0 0 0 0 0 0 0 0 0 0 0 0 0 0 0 0 0 0 0 0 0 0 0 0 0 0 0 0 0 0 0 0 0 0 0 0 0 0 0 0 0 0 0 0 0 0 0 0 0 0 0 0 237486502 0 0 0
ctxt 498027040
btime 1669654930
processes 594470
procs_running 2
procs_blocked 0
softirq 1210707975 857858257 34387727 799294 95134760 490853 0 145723319 46677869 1039 29634857

cpu  1050546 40531 1651723 547142900 120441 0 3642276 0 0 0
cpu0 125353 9825 217043 137157000 32867 0 863064 0 0 0
cpu1 570404 11232 873560 135778131 24845 0 1012826 0 0 0
cpu2 180978 4139 292230 137107937 32541 0 897918 0 0 0
cpu3 173810 15334 268888 137099829 30186 0 868466 0 0 0
intr 12836604253 0 0 2858928 81 0 799287 38679104 0 0 0 9846706 0 0 0 0 0 0 0 0 0 0 0 0 0 0 0 0 0 0 0 0 0 0 0 0 0 0 0 0 0 0 0 0 0 0 0 0 0 0 0 0 3109581710 0 0 0 0 0 0 0 0 987274 0 490948 0 0 0 0 0 0 0 0 0 0 0 824367030 1 0 0 0 0 0 0 0 0 0 0 0 0 0 0 0 0 0 0 0 0 0 0 483183 4219 0 0 0 0 21082526 0 0 0 0 0 0 0 0 0 0 0 0 0 0 0 0 0 0 0 0 0 0 0 0 0 0 0 0 0 0 0 0 0 0 0 0 0 0 0 0 0 0 0 0 0 0 0 0 0 0 0 0 0 0 0 0 0 0 0 0 0 0 0 0 0 0 0 0 0 0 0 0 0 0 0 237488667 0 0 0
ctxt 498031385
btime 1669654930
processes 594470
procs_running 2
procs_blocked 0
softirq 1210708098 857858257 34387744 799294 95134763 490853 0 145723350 46677926 1039 29634872

cpu  1050550 40531 1651733 547143081 120441 0 3642276 0 0 0
cpu0 125353 9825 217043 137157050 32867 0 863064 0 0 0
cpu1 570405 11232 873564 135778175 24845 0 1012826 0 0 0
cpu2 180980 4139 292234 137107980 32541 0 897918 0 0 0
cpu3 173810 15334 268891 137099875 30186 0 868466 0 0 0
intr 12836610808 0 0 2858928 81 0 799287 38679151 0 0 0 9846711 0 0 0 0 0 0 0 0 0 0 0 0 0 0 0 0 0 0 0 0 0 0 0 0 0 0 0 0 0 0 0 0 0 0 0 0 0 0 0 0 3109585738 0 0 0 0 0 0 0 0 987275 0 490948 0 0 0 0 0 0 0 0 0 0 0 824367182 1 0 0 0 0 0 0 0 0 0 0 0 0 0 0 0 0 0 0 0 0 0 0 483183 4219 0 0 0 0 21082564 0 0 0 0 0 0 0 0 0 0 0 0 0 0 0 0 0 0 0 0 0 0 0 0 0 0 0 0 0 0 0 0 0 0 0 0 0 0 0 0 0 0 0 0 0 0 0 0 0 0 0 0 0 0 0 0 0 0 0 0 0 0 0 0 0 0 0 0 0 0 0 0 0 0 0 237490950 0 0 0
ctxt 498035932
btime 1669654930
processes 594470
procs_running 1
procs_blocked 0
softirq 1210708235 857858265 34387761 799294 95134766 490853 0 145723382 46677988 1039 29634887

cpu  1050551 40531 1651743 547143262 120441 0 3642276 0 0 0
cpu0 125353 9825 217044 137157099 32867 0 863064 0 0 0
cpu1 570405 11232 873566 135778220 24845 0 1012826 0 0 0
cpu2 180981 4139 292240 137108021 32541 0 897918 0 0 0
cpu3 173810 15334 268892 137099921 30186 0 868466 0 0 0
intr 12836617263 0 0 2858928 81 0 799287 38679194 0 0 0 9846716 0 0 0 0 0 0 0 0 0 0 0 0 0 0 0 0 0 0 0 0 0 0 0 0 0 0 0 0 0 0 0 0 0 0 0 0 0 0 0 0 3109589733 0 0 0 0 0 0 0 0 987276 0 490950 0 0 0 0 0 0 0 0 0 0 0 824367312 1 0 0 0 0 0 0 0 0 0 0 0 0 0 0 0 0 0 0 0 0 0 0 483185 4219 0 0 0 0 21082600 0 0 0 0 0 0 0 0 0 0 0 0 0 0 0 0 0 0 0 0 0 0 0 0 0 0 0 0 0 0 0 0 0 0 0 0 0 0 0 0 0 0 0 0 0 0 0 0 0 0 0 0 0 0 0 0 0 0 0 0 0 0 0 0 0 0 0 0 0 0 0 0 0 0 0 237493190 0 0 0
ctxt 498040470
btime 1669654930
processes 594470
procs_running 1
procs_blocked 0
softirq 1210708363 857858265 34387779 799294 95134769 490855 0 145723419 46678041 1039 29634902

cpu  1050553 40531 1651752 547143443 120441 0 3642276 0 0 0
cpu0 125353 9825 217044 137157148 32867 0 863064 0 0 0
cpu1 570406 11232 873567 135778265 24845 0 1012826 0 0 0
cpu2 180982 4139 292244 137108064 32541 0 897918 0 0 0
cpu3 173811 15334 268895 137099965 30186 0 868466 0 0 0
intr 12836623657 0 0 2858929 81 0 799287 38679239 0 0 0 9846721 0 0 0 0 0 0 0 0 0 0 0 0 0 0 0 0 0 0 0 0 0 0 0 0 0 0 0 0 0 0 0 0 0 0 0 0 0 0 0 0 3109593759 0 0 0 0 0 0 0 0 987277 0 490950 0 0 0 0 0 0 0 0 0 0 0 824367464 1 0 0 0 0 0 0 0 0 0 0 0 0 0 0 0 0 0 0 0 0 0 0 483185 4219 0 0 0 0 21082638 0 0 0 0 0 0 0 0 0 0 0 0 0 0 0 0 0 0 0 0 0 0 0 0 0 0 0 0 0 0 0 0 0 0 0 0 0 0 0 0 0 0 0 0 0 0 0 0 0 0 0 0 0 0 0 0 0 0 0 0 0 0 0 0 0 0 0 0 0 0 0 0 0 0 0 237495316 0 0 0
ctxt 498044855
btime 1669654930
processes 594470
procs_running 1
procs_blocked 0
softirq 1210708497 857858273 34387799 799294 95134772 490855 0 145723450 46678097 1039 29634918

cpu  1050553 40531 1651763 547143625 120441 0 3642276 0 0 0
cpu0 125353 9825 217044 137157197 32867 0 863064 0 0 0
cpu1 570406 11232 873569 135778310 24845 0 1012826 0 0 0
cpu2 180982 4139 292250 137108106 32541 0 897918 0 0 0
cpu3 173811 15334 268898 137100010 30186 0 868466 0 0 0
intr 12836629962 0 0 2858929 81 0 799287 38679262 0 0 0 9846726 0 0 0 0 0 0 0 0 0 0 0 0 0 0 0 0 0 0 0 0 0 0 0 0 0 0 0 0 0 0 0 0 0 0 0 0 0 0 0 0 3109597754 0 0 0 0 0 0 0 0 987278 0 490950 0 0 0 0 0 0 0 0 0 0 0 824367594 1 0 0 0 0 0 0 0 0 0 0 0 0 0 0 0 0 0 0 0 0 0 0 483185 4219 0 0 0 0 21082653 0 0 0 0 0 0 0 0 0 0 0 0 0 0 0 0 0 0 0 0 0 0 0 0 0 0 0 0 0 0 0 0 0 0 0 0 0 0 0 0 0 0 0 0 0 0 0 0 0 0 0 0 0 0 0 0 0 0 0 0 0 0 0 0 0 0 0 0 0 0 0 0 0 0 0 237497455 0 0 0
ctxt 498049187
btime 1669654930
processes 594470
procs_running 3
procs_blocked 0
softirq 1210708593 857858273 34387816 799294 95134773 490855 0 145723464 46678146 1039 29634933

cpu  1050554 40531 1651768 547143806 120441 0 3642276 0 0 0
cpu0 125353 9825 217044 137157247 32867 0 863064 0 0 0
cpu1 570406 11232 873571 135778352 24845 0 1012826 0 0 0
cpu2 180982 4139 292251 137108152 32541 0 897918 0 0 0
cpu3 173812 15334 268900 137100054 30186 0 868466 0 0 0
intr 12836636440 0 0 2858929 81 0 799287 38679306 0 0 0 9846731 0 0 0 0 0 0 0 0 0 0 0 0 0 0 0 0 0 0 0 0 0 0 0 0 0 0 0 0 0 0 0 0 0 0 0 0 0 0 0 0 3109601782 0 0 0 0 0 0 0 0 987279 0 490950 0 0 0 0 0 0 0 0 0 0 0 824367746 1 0 0 0 0 0 0 0 0 0 0 0 0 0 0 0 0 0 0 0 0 0 0 483185 4219 0 0 0 0 21082686 0 0 0 0 0 0 0 0 0 0 0 0 0 0 0 0 0 0 0 0 0 0 0 0 0 0 0 0 0 0 0 0 0 0 0 0 0 0 0 0 0 0 0 0 0 0 0 0 0 0 0 0 0 0 0 0 0 0 0 0 0 0 0 0 0 0 0 0 0 0 0 0 0 0 0 237499668 0 0 0
ctxt 498053682
btime 1669654930
processes 594470
procs_running 2
procs_blocked 0
softirq 1210708709 857858281 34387834 799294 95134776 490855 0 145723491 46678191 1039 29634948

cpu  1050555 40531 1651777 547143987 120441 0 3642276 0 0 0
cpu0 125353 9825 217044 137157296 32867 0 863064 0 0 0
cpu1 570406 11232 873574 135778398 24845 0 1012826 0 0 0
cpu2 180982 4139 292256 137108193 32541 0 897918 0 0 0
cpu3 173812 15334 268902 137100099 30186 0 868466 0 0 0
intr 12836642885 0 0 2858933 81 0 799287 38679350 0 0 0 9846736 0 0 0 0 0 0 0 0 0 0 0 0 0 0 0 0 0 0 0 0 0 0 0 0 0 0 0 0 0 0 0 0 0 0 0 0 0 0 0 0 3109605778 0 0 0 0 0 0 0 0 987280 0 490950 0 0 0 0 0 0 0 0 0 0 0 824367876 1 0 0 0 0 0 0 0 0 0 0 0 0 0 0 0 0 0 0 0 0 0 0 483185 4219 0 0 0 0 21082720 0 0 0 0 0 0 0 0 0 0 0 0 0 0 0 0 0 0 0 0 0 0 0 0 0 0 0 0 0 0 0 0 0 0 0 0 0 0 0 0 0 0 0 0 0 0 0 0 0 0 0 0 0 0 0 0 0 0 0 0 0 0 0 0 0 0 0 0 0 0 0 0 0 0 0 237501900 0 0 0
ctxt 498058219
btime 1669654930
processes 594470
procs_running 2
procs_blocked 0
softirq 1210708831 857858281 34387852 799295 95134779 490855 0 145723520 46678246 1039 29634964

cpu  1050558 40531 1651783 547144169 120441 0 3642276 0 0 0
cpu0 125353 9825 217044 137157346 32867 0 863064 0 0 0
cpu1 570407 11232 873576 135778439 24845 0 1012826 0 0 0
cpu2 180983 4139 292259 137108238 32541 0 897918 0 0 0
cpu3 173813 15334 268903 137100145 30186 0 868466 0 0 0
intr 12836649373 0 0 2858934 81 0 799288 38679376 0 0 0 9846741 0 0 0 0 0 0 0 0 0 0 0 0 0 0 0 0 0 0 0 0 0 0 0 0 0 0 0 0 0 0 0 0 0 0 0 0 0 0 0 0 3109609803 0 0 0 0 0 0 0 0 987281 0 490950 0 0 0 0 0 0 0 0 0 0 0 824368028 1 0 0 0 0 0 0 0 0 0 0 0 0 0 0 0 0 0 0 0 0 0 0 483185 4219 0 0 0 0 21082735 0 0 0 0 0 0 0 0 0 0 0 0 0 0 0 0 0 0 0 0 0 0 0 0 0 0 0 0 0 0 0 0 0 0 0 0 0 0 0 0 0 0 0 0 0 0 0 0 0 0 0 0 0 0 0 0 0 0 0 0 0 0 0 0 0 0 0 0 0 0 0 0 0 0 0 237504159 0 0 0
ctxt 498062740
btime 1669654930
processes 594470
procs_running 1
procs_blocked 0
softirq 1210708934 857858289 34387869 799295 95134780 490855 0 145723534 46678294 1039 29634979

cpu  1050562 40531 1651794 547144351 120441 0 3642276 0 0 0
cpu0 125353 9825 217044 137157395 32867 0 863064 0 0 0
cpu1 570408 11232 873578 135778484 24845 0 1012826 0 0 0
cpu2 180984 4139 292262 137108283 32541 0 897918 0 0 0
cpu3 173815 15334 268909 137100188 30186 0 868466 0 0 0
intr 12836655709 0 0 2858934 81 0 799289 38679399 0 0 0 9846746 0 0 0 0 0 0 0 0 0 0 0 0 0 0 0 0 0 0 0 0 0 0 0 0 0 0 0 0 0 0 0 0 0 0 0 0 0 0 0 0 3109613806 0 0 0 0 0 0 0 0 987282 0 490950 0 0 0 0 0 0 0 0 0 0 0 824368158 1 0 0 0 0 0 0 0 0 0 0 0 0 0 0 0 0 0 0 0 0 0 0 483185 4219 0 0 0 0 21082750 0 0 0 0 0 0 0 0 0 0 0 0 0 0 0 0 0 0 0 0 0 0 0 0 0 0 0 0 0 0 0 0 0 0 0 0 0 0 0 0 0 0 0 0 0 0 0 0 0 0 0 0 0 0 0 0 0 0 0 0 0 0 0 0 0 0 0 0 0 0 0 0 0 0 0 237506321 0 0 0
ctxt 498067146
btime 1669654930
processes 594470
procs_running 3
procs_blocked 0
softirq 1210709038 857858289 34387886 799295 95134781 490855 0 145723547 46678353 1039 29634993

cpu  1050567 40531 1651804 547144533 120441 0 3642276 0 0 0
cpu0 125353 9825 217044 137157444 32867 0 863064 0 0 0
cpu1 570408 11232 873579 135778530 24845 0 1012826 0 0 0
cpu2 180988 4139 292267 137108325 32541 0 897918 0 0 0
cpu3 173817 15334 268912 137100231 30186 0 868466 0 0 0
intr 12836662244 0 0 2858934 81 0 799289 38679428 0 0 0 9846751 0 0 0 0 0 0 0 0 0 0 0 0 0 0 0 0 0 0 0 0 0 0 0 0 0 0 0 0 0 0 0 0 0 0 0 0 0 0 0 0 3109617827 0 0 0 0 0 0 0 0 987283 0 490950 0 0 0 0 0 0 0 0 0 0 0 824368310 1 0 0 0 0 0 0 0 0 0 0 0 0 0 0 0 0 0 0 0 0 0 0 483185 4219 0 0 0 0 21082765 0 0 0 0 0 0 0 0 0 0 0 0 0 0 0 0 0 0 0 0 0 0 0 0 0 0 0 0 0 0 0 0 0 0 0 0 0 0 0 0 0 0 0 0 0 0 0 0 0 0 0 0 0 0 0 0 0 0 0 0 0 0 0 0 0 0 0 0 0 0 0 0 0 0 0 237508630 0 0 0
ctxt 498071730
btime 1669654930
processes 594470
procs_running 1
procs_blocked 0
softirq 1210709156 857858297 34387903 799295 95134782 490855 0 145723562 46678415 1039 29635008

cpu  1050568 40531 1651813 547144714 120441 0 3642276 0 0 0
cpu0 125353 9825 217046 137157492 32867 0 863064 0 0 0
cpu1 570408 11232 873580 135778575 24845 0 1012826 0 0 0
cpu2 180988 4139 292270 137108369 32541 0 897918 0 0 0
cpu3 173817 15334 268916 137100276 30186 0 868466 0 0 0
intr 12836668713 0 0 2858934 81 0 799289 38679472 0 0 0 9846756 0 0 0 0 0 0 0 0 0 0 0 0 0 0 0 0 0 0 0 0 0 0 0 0 0 0 0 0 0 0 0 0 0 0 0 0 0 0 0 0 3109621831 0 0 0 0 0 0 0 0 987284 0 490950 0 0 0 0 0 0 0 0 0 0 0 824368440 1 0 0 0 0 0 0 0 0 0 0 0 0 0 0 0 0 0 0 0 0 0 0 483185 4219 0 0 0 0 21082801 0 0 0 0 0 0 0 0 0 0 0 0 0 0 0 0 0 0 0 0 0 0 0 0 0 0 0 0 0 0 0 0 0 0 0 0 0 0 0 0 0 0 0 0 0 0 0 0 0 0 0 0 0 0 0 0 0 0 0 0 0 0 0 0 0 0 0 0 0 0 0 0 0 0 0 237510880 0 0 0
ctxt 498076259
btime 1669654930
processes 594470
procs_running 2
procs_blocked 0
softirq 1210709275 857858297 34387922 799295 95134785 490855 0 145723592 46678465 1039 29635025

cpu  1050570 40531 1651822 547144896 120441 0 3642276 0 0 0
cpu0 125353 9825 217046 137157542 32867 0 863064 0 0 0
cpu1 570409 11232 873584 135778619 24845 0 1012826 0 0 0
cpu2 180989 4139 292275 137108411 32541 0 897918 0 0 0
cpu3 173817 15334 268917 137100322 30186 0 868466 0 0 0
intr 12836675234 0 0 2858935 81 0 799290 38679510 0 0 0 9846761 0 0 0 0 0 0 0 0 0 0 0 0 0 0 0 0 0 0 0 0 0 0 0 0 0 0 0 0 0 0 0 0 0 0 0 0 0 0 0 0 3109625851 0 0 0 0 0 0 0 0 987285 0 490950 0 0 0 0 0 0 0 0 0 0 0 824368592 1 0 0 0 0 0 0 0 0 0 0 0 0 0 0 0 0 0 0 0 0 0 0 483185 4219 0 0 0 0 21082827 0 0 0 0 0 0 0 0 0 0 0 0 0 0 0 0 0 0 0 0 0 0 0 0 0 0 0 0 0 0 0 0 0 0 0 0 0 0 0 0 0 0 0 0 0 0 0 0 0 0 0 0 0 0 0 0 0 0 0 0 0 0 0 0 0 0 0 0 0 0 0 0 0 0 0 237513156 0 0 0
ctxt 498080827
btime 1669654930
processes 594470
procs_running 1
procs_blocked 0
softirq 1210709395 857858305 34387942 799295 95134787 490855 0 145723616 46678517 1039 29635039

cpu  1050572 40531 1651832 547145077 120441 0 3642276 0 0 0
cpu0 125353 9825 217046 137157591 32867 0 863064 0 0 0
cpu1 570409 11232 873586 135778665 24845 0 1012826 0 0 0
cpu2 180990 4139 292279 137108454 32541 0 897918 0 0 0
cpu3 173818 15334 268920 137100366 30186 0 868466 0 0 0
intr 12836681740 0 0 2858935 81 0 799290 38679549 0 0 0 9846765 0 0 0 0 0 0 0 0 0 0 0 0 0 0 0 0 0 0 0 0 0 0 0 0 0 0 0 0 0 0 0 0 0 0 0 0 0 0 0 0 3109629854 0 0 0 0 0 0 0 0 987286 0 490950 0 0 0 0 0 0 0 0 0 0 0 824368722 1 0 0 0 0 0 0 0 0 0 0 0 0 0 0 0 0 0 0 0 0 0 0 483185 4219 0 0 0 0 21082863 0 0 0 0 0 0 0 0 0 0 0 0 0 0 0 0 0 0 0 0 0 0 0 0 0 0 0 0 0 0 0 0 0 0 0 0 0 0 0 0 0 0 0 0 0 0 0 0 0 0 0 0 0 0 0 0 0 0 0 0 0 0 0 0 0 0 0 0 0 0 0 0 0 0 0 237515449 0 0 0
ctxt 498085443
btime 1669654930
processes 594470
procs_running 1
procs_blocked 0
softirq 1210709513 857858305 34387959 799295 95134790 490855 0 145723645 46678571 1039 29635054

cpu  1050574 40531 1651844 547145259 120441 0 3642276 0 0 0
cpu0 125353 9825 217046 137157640 32867 0 863064 0 0 0
cpu1 570409 11232 873591 135778709 24845 0 1012826 0 0 0
cpu2 180991 4139 292282 137108499 32541 0 897918 0 0 0
cpu3 173820 15334 268924 137100409 30186 0 868466 0 0 0
intr 12836688219 0 0 2858935 81 0 799293 38679578 0 0 0 9846770 0 0 0 0 0 0 0 0 0 0 0 0 0 0 0 0 0 0 0 0 0 0 0 0 0 0 0 0 0 0 0 0 0 0 0 0 0 0 0 0 3109633873 0 0 0 0 0 0 0 0 987287 0 490950 0 0 0 0 0 0 0 0 0 0 0 824368874 1 0 0 0 0 0 0 0 0 0 0 0 0 0 0 0 0 0 0 0 0 0 0 483185 4219 0 0 0 0 21082878 0 0 0 0 0 0 0 0 0 0 0 0 0 0 0 0 0 0 0 0 0 0 0 0 0 0 0 0 0 0 0 0 0 0 0 0 0 0 0 0 0 0 0 0 0 0 0 0 0 0 0 0 0 0 0 0 0 0 0 0 0 0 0 0 0 0 0 0 0 0 0 0 0 0 0 237517708 0 0 0
ctxt 498089958
btime 1669654930
processes 594470
procs_running 1
procs_blocked 0
softirq 1210709625 857858313 34387976 799295 95134791 490855 0 145723659 46678627 1039 29635070

cpu  1050577 40531 1651857 547145440 120441 0 3642276 0 0 0
cpu0 125354 9825 217048 137157687 32867 0 863064 0 0 0
cpu1 570411 11232 873596 135778752 24845 0 1012826 0 0 0
cpu2 180992 4139 292284 137108545 32541 0 897918 0 0 0
cpu3 173820 15334 268927 137100454 30186 0 868466 0 0 0
intr 12836694794 0 0 2858935 81 0 799293 38679633 0 0 0 9846775 0 0 0 0 0 0 0 0 0 0 0 0 0 0 0 0 0 0 0 0 0 0 0 0 0 0 0 0 0 0 0 0 0 0 0 0 0 0 0 0 3109637874 0 0 0 0 0 0 0 0 987288 0 490950 0 0 0 0 0 0 0 0 0 0 0 824369004 1 0 0 0 0 0 0 0 0 0 0 0 0 0 0 0 0 0 0 0 0 0 0 483185 4219 0 0 0 0 21082931 0 0 0 0 0 0 0 0 0 0 0 0 0 0 0 0 0 0 0 0 0 0 0 0 0 0 0 0 0 0 0 0 0 0 0 0 0 0 0 0 0 0 0 0 0 0 0 0 0 0 0 0 0 0 0 0 0 0 0 0 0 0 0 0 0 0 0 0 0 0 0 0 0 0 0 237520034 0 0 0
ctxt 498094596
btime 1669654930
processes 594470
procs_running 2
procs_blocked 0
softirq 1210709786 857858313 34387996 799295 95134795 490855 0 145723702 46678698 1039 29635093

cpu  1050579 40531 1651868 547145622 120441 0 3642276 0 0 0
cpu0 125355 9825 217054 137157730 32867 0 863064 0 0 0
cpu1 570411 11232 873599 135778799 24845 0 1012826 0 0 0
cpu2 180992 4139 292286 137108592 32541 0 897918 0 0 0
cpu3 173820 15334 268929 137100500 30186 0 868466 0 0 0
intr 12836701364 0 0 2858936 81 0 799293 38679659 0 0 0 9846780 0 0 0 0 0 0 0 0 0 0 0 0 0 0 0 0 0 0 0 0 0 0 0 0 0 0 0 0 0 0 0 0 0 0 0 0 0 0 0 0 3109641902 0 0 0 0 0 0 0 0 987289 0 490950 0 0 0 0 0 0 0 0 0 0 0 824369156 1 0 0 0 0 0 0 0 0 0 0 0 0 0 0 0 0 0 0 0 0 0 0 483185 4219 0 0 0 0 21082946 0 0 0 0 0 0 0 0 0 0 0 0 0 0 0 0 0 0 0 0 0 0 0 0 0 0 0 0 0 0 0 0 0 0 0 0 0 0 0 0 0 0 0 0 0 0 0 0 0 0 0 0 0 0 0 0 0 0 0 0 0 0 0 0 0 0 0 0 0 0 0 0 0 0 0 237522376 0 0 0
ctxt 498099241
btime 1669654930
processes 594470
procs_running 1
procs_blocked 0
softirq 1210709896 857858321 34388013 799295 95134796 490855 0 145723716 46678753 1039 29635108
