Latency
300589
550400
817575
1070054
1336887
1585298
1831059
2132202
2406906
2843447
4878550
8666102
10728383
24694986
24936105
25195791
29198498
405019
653783
907901
2684889
3962336
7440292
10849041
230182
497259
744431
1545720
2781897
3988614
5129274
6237445
7388767
16532583
404877
678193
2824012
3235485
5112970
7544731
8730188
185461
468586
726125
1427430
2490274
2933242
3829762
4880819
6117215
8562382
11755089
317886
564519
822944
1663571
2841198
4008772
7430963
8600109
12045583
189326
444168
695047
1446526
2693420
3740305
4924687
6075685
10774394
190210
492484
783300
1529034
2743184
6253855
7354865
9614715
12046302
240341
547722
820908
1571996
2773848
4979596
7300587
8509610
10904601
231407
493241
746456
1611405
2724571
3893611
5093600
6289428
7504578
8626581
10886635
215668
470521
731853
1579541
1864322
2750853
4156110
6246770
7418281
9828402
394452
647709
2853861
3942893
5219727
6361690
7560941
8753418
13393924
362132
605341
855857
1543467
2713072
5108865
6315783
7512530
8611032
12222137
218368
463388
743481
1406534
3941554
6133568
7296598
8484615
9686205
214782
480040
729987
1596573
2649052
4898938
6106966
9662305
10782577
11946515
281223
508295
760631
1527662
2717678
3920180
6277181
8455354
10825114
169304
420293
686308
1523904
1950871
2719381
3134463
3901292
6080975
7325835
157397
411757
657837
917605
1435134
2525035
4808392
7192920
9561872
10654267
11802166
390655
640838
891704
1771737
2957219
4155258
6327439
8704357
13350717
261463
521335
807240
1586881
2767029
4955254
7378920
163347
442153
690605
1390562
3680578
6089255
7311555
8429314
236338
492318
744422
1599089
2734012
4073715
5211531
6155220
8508217
16600637
175488
422687
679819
1363033
2624968
4923680
6078879
9566828
10682664
245510
492633
758187
1580397
2733931
3931212
5137671
7379494
8559212
12162660
254162
552022
809798
1535105
2767514
5032277
6168484
7363578
8563551
14385939
242006
494593
763534
1533247
2882244
3798622
4999662
8553980
9638468
226684
503024
751994
1586730
2773153
3972749
6352453
7507381
8702043
9919811
11127382
395685
692876
1735066
2788215
3365359
7580700
8790131
11049988
211614
468491
731375
1469123
2495407
5000863
7351539
8434208
9588284
11798133
219587
485242
739306
1571578
2792752
3217631
4007465
5111501
7358246
8553310
240611
487500
734105
1524879
2654574
3775574
7311410
8508270
9695487
10776838
239532
502720
777141
1398144
2631259
5081698
7304603
8401727
9580179
224141
478317
731161
1538190
3925121
5017215
6188924
8600766
9807308
215109
490909
761601
1494419
2605655
6077627
7315131
8522081
11925887
194515
450114
704293
1427701
3928924
5050221
9665460
12079467
248465
498120
773085
1565085
3877415
6234190
7442772
291944
549814
811912
1460813
2737689
3879941
6154751
8441221
13093748
14326936
319812
572173
828400
1715186
2914885
4033350
6259912
7447072
9834304
14434663
222000
488727
776119
1382855
4762290
5930070
8322984
9522523
252557
504704
773889
1965614
2770810
3190200
3956985
5186737
8575795
10969399
19101490
231782
486210
748119
1603713
2819987
3918257
5110525
7418648
9667705
223222
471231
749834
1503980
3704303
6146551
7281452
16692972
172012
420089
693311
1418670
2648749
3855234
7279282
8446730
10827472
414654
662200
1741804
2886848
3979286
5139528
7578201
8770381
11049480
439567
699047
1619086
6426445
7514762
8623367
9795690
172106
437266
791398
1436764
2635791
4003918
6066864
7169875
8525791
10814700
14144818
381088
638599
1760612
4012530
5204852
6397394
8791598
11051922
12261022
269911
520579
788725
1463547
2605758
6263777
8422417
9574109
10778805
195171
449112
699584
1552379
2783613
3935091
5057612
7275360
9661763
12048127
255239
509549
759075
1508131
1802584
3814300
4202127
8575248
9665272
209117
464951
727023
1450781
2765679
3891706
7278907
8385791
12030631
408094
661642
917108
2900681
3988817
5170635
7543286
8724248
9804534
386805
643765
922652
1552327
3948079
6347527
7440133
8538533
14492605
354437
609746
870600
1706037
2938509
4063857
5132641
6325464
7516055
8704925
190024
444632
698146
1436808
2673416
3858920
9606265
233036
486981
758510
1451446
2745832
5090881
6272637
8517284
10857321
13275462
370412
633690
886066
1695257
3978497
5166457
7432016
10965951
12062939
183981
439692
688522
1449333
2619661
3715207
6004948
7158895
11932524
243120
498874
752234
1450268
2730284
6305466
7389397
8620508
433227
685082
1772733
2899502
4047597
7519324
12322577
406941
657924
1608703
2742144
4026998
6388530
7450613
9691313
12007136
209612
458160
706759
1376461
2857968
4122495
6215068
7355628
9436654
406671
652482
921228
2900300
4014202
5235116
6423323
7626272
9919078
246861
498468
752341
1458194
2711295
3242175
5078161
5527695
6240018
11990181
245205
535375
792170
1573375
2786482
3940894
5032518
7399688
9839870
10962827
294075
547406
803667
1551659
2845745
6242453
7437542
8578025
10861419
244989
502060
768624
1429027
2657073
6205084
8403687
9571750
10780942
243055
495319
745201
1618135
3920081
5001737
7358860
10934501
15574294
383117
632587
882725
1597466
2858744
4071362
5191059
6389486
8634812
9639547
374532
628615
908614
1641005
2874901
6332390
7523047
8712627
12210910
170113
427842
726490
1457160
2743146
3781872
4935651
6042899
10814819
242647
506489
764278
1659856
2817604
3975112
6322034
8529032
251090
505465
765413
1535135
2833009
6477121
7498806
11070141
444485
768386
2757410
3926831
5128672
7546161
8691738
9800193
167116
422020
685109
1441550
2656327
2997789
3860861
6337159
7295738
10795591
13198278
263026
537172
793923
1579311
1826073
2792464
3877480
6244918
12038462
471332
774942
1709704
2903712
5347970
6466243
11011675
15635591
239202
506603
773878
1561929
2727176
3962617
5081001
9658192
10804860
13104912
391398
641852
894465
1706177
2803625
3991301
5164886
7578416
9919797
347058
596896
873783
1503837
2881514
6323052
7468318
8517967
245576
491001
743931
1529327
5145108
7501557
8694261
9910036
430195
676560
924030
1666677
2773948
5147320
6356108
8711957
9887801
18311737
198824
446006
719528
1576482
1864099
2750998
3006965
3943471
6261112
10939994
169677
423464
748223
1462256
2684452
6021572
7152739
11869655
14127282
393681
642505
1703784
2793097
4001047
5180876
6390078
8670248
9823057
13448577
175655
450962
707421
1467968
2785296
6203402
7346884
9632983
239678
497923
763818
1532995
2656649
3771950
4919389
8425241
9644354
220497
474311
720567
1434379
2593016
6219204
8435857
176340
428977
678513
1723085
2683109
2941809
3863445
5191068
6063654
8308219
397748
648997
1579041
2736920
3896878
5071210
6272070
10890606
170276
422551
702028
1485145
2682675
3965707
6227743
8453538
10739725
193617
441604
694332
1539797
2746737
3873283
6068384
8420368
9630437
10835887
265664
518508
768619
1452248
1897942
2561314
4328356
4942031
7372258
8483711
190682
438895
698168
1476684
2660530
5073237
6196894
8472506
12083234
14323359
391051
633423
881562
1722075
2830007
4012934
5159698
7534829
8729991
254322
513489
772149
1444116
3035630
5021691
5360717
8463116
14385372
297251
543846
801879
1728780
2877556
4057346
5142931
6308906
7597188
9933540
10995606
261455
515744
777650
1624420
2665377
3855470
6241544
7429759
180359
420929
673230
947454
1387054
1849460
3088189
3798241
5060823
7319959
9661969
274321
542033
789461
2753130
3930594
8591848
9799642
10961818
173438
421691
684826
1460345
2889118
3743001
5362432
6427010
7378165
9596376
225298
493978
753412
1520710
2763726
5095548
7338836
8446314
10893047
200662
470008
730824
1476305
2710516
3818440
4890915
6061636
7266710
14081713
301563
545771
792868
1584506
1869832
2682638
3928078
4285900
6318630
9666802
12055348
256704
514612
788095
1533926
2777421
6231818
7416338
8606888
9809591
411574
663207
1587826
3959738
5081450
6281308
7601249
9725982
10804211
201936
467980
717639
1376639
2583329
4963009
6185214
7323694
9588567
10782502
225660
476503
756990
1578428
2778617
3940928
5095921
6215863
7451548
233381
495269
768878
1478265
2571578
2930256
5136999
6161707
7525567
8497635
9615221
267554
531030
819441
1527151
2746183
3007480
3981835
6354522
7368664
8561179
10948090
239030
494606
744223
1499817
3817594
6189285
7379414
14306754
379932
669944
1636319
2771502
3967455
6357658
8620554
9816533
214457
485798
733530
1523947
2535012
3918483
4980627
7164377
8269954
13017214
407546
650294
908334
1694162
2809688
3987035
6391616
7604486
8722294
10985321
212078
529939
821675
1495549
3891402
5090597
7441084
8585450
9799652
205973
466974
717951
1609341
2779144
3854187
7336826
9740150
13140988
246901
492053
779455
1556515
2647735
3801457
5022487
9715391
10896354
190835
459591
721705
1478597
2791877
3917618
5201051
9893230
11080732
434220
684773
1682874
2770832
4100560
6261034
7428040
9751703
167216
420027
694632
1319497
2744056
5906005
7335228
10535494
11602701
403785
655520
917240
2906578
4077560
6313065
8747546
11102142
310815
566538
815597
1580770
2653336
3844152
6130486
8560978
179223
432895
678050
1535171
1985685
2712295
3912932
5476692
6241191
7362465
13288295
381833
626377
894284
1736240
2849310
5097949
7408128
9829292
10984400
411729
661525
1723549
2844062
4028597
5269725
8743611
9916368
11108687
248665
504576
761234
1460318
2713393
5082859
6212627
7336016
10907654
12117587
227152
486239
733231
1442501
2729548
3792449
7278504
9571991
166868
418053
677651
1365577
2461954
2796440
4869471
6038492
6276273
8482332
9563888
229553
499765
763641
1576228
2779288
3987582
6189271
7337474
9728240
12125605
337159
579908
843083
1685371
2773271
5167568
6389970
7566367
15760454
279744
539194
801874
1534644
2702803
6249603
8444660
9617939
10842464
201735
476640
750046
1813179
2672483
2932450
4989912
6080018
9633008
11898954
413548
694418
2816487
4039375
5231121
6433796
11060000
12260325
14630010
227483
472905
740915
1468165
2648655
3927481
6216655
8476731
13259855
254675
503819
794058
1508990
2700941
3921368
6033918
9447141
10744515
11840074
340031
586401
832277
1524919
1874101
2876684
3936313
5145925
6347684
8571710
12125859
15643892
189908
440586
690822
1467968
1758229
2879366
3903246
5044427
9651175
12023603
200926
452809
701405
2592167
3707088
4828407
6272223
10656281
228691
483520
745026
1594427
2825477
4014371
6407962
7555435
8753916
9965850
410130
662834
1736327
4077281
5229117
