Latency
204961
453749
696972
942253
1189932
1438608
1682911
1962752
2234777
2517947
2810890
3099635
3365982
3640163
348774
280074
549234
171437
417834
162343
408582
176419
434497
201184
448106
165634
422606
199356
458868
370918
619227
385407
645673
269020
543878
170032
416716
303770
562347
162317
449420
168346
434584
206229
458478
227264
476401
194989
442171
237704
484382
171195
440100
216129
461355
386890
633249
242301
495532
389733
634048
324717
569215
386908
631664
377088
646728
461362
722611
372079
641832
175296
433434
211638
471978
167765
412160
193367
461305
167496
419270
168461
421523
231461
505924484
179006
457885
250802
516275
174577
440294
169625
436634
167510
420570
171196
442975
181764
432561
394778
641780
169762
421333
249033
500977
180942
441081
248589
510206
168458
414212
210585
469585
195837
168207
429188
199447
447744
312476
567307
240694
500466
177420
428345
366621
610943
207362
481507
377788
622694
362476
629755
294921
227504
163974
443580
175409
442236
206190
451089
231883
476200
272434
532595
354988
609208
230337
490500
367608
629094
366687
625929
367071
611133
356131
600714
381349
336056
246145
517332
194207
464054
176988
433308
194252
443577
167539
428347
177857
424100
288953
559181
258592
263877
520300
364348
294494
539450
239445
502783
178796
427004
194425
462634
169171
434529
1269482751
228086
498301
1277915695
175706
443513
197261
447497
1314235993
207065
464372
241547
507246
163965
433190
245524
492079
200970
449842
1382436324
311925
572228
313471
571962
386265
657050
370295
177933
451437
395917
649679
238650
490603
272395
532307
1501447377
165932
430650
174181
433312
204914
449980
279742
553753
359417
620195
362514
618464
1578277629
462103
711203
463161
730931
476035
457805
702794
387932
638750
1647788197
371666
616285
282391
529614
201535
448167
164903
423214
180981
444854
203426
453943
1684367195
387999
654225
389465
645506
197828
449030
167143
431991
210042
464473
1727634716
197211
206162
458354
166517
435361
328397
574759
376613
634780
1775128063
247834
499652
198296
444331
178036
427295
169542
428095
161725
427112
1820785721
360516
605102
357461
615358
206374
459476
254268
514557
279652
389032
1883392735
446299
691343
444220
702392
351599
610121
357165
602331
238268
167688
425968
1924563567
203679
448296
228111
474668
370357
634985
382750
1962406127
371923
635917
370838
615339
460792
720788
372823
621764
371928
395925
2026992002
375605
620867
331172
248867
494085
201060
467241
178377
428744
2071973659
194303
439924
371067
617303
370324
642257
473028
465803
720735
1130150895
360005
607851
166617
439656
177688
431003
228115
474322
205606
453039
293297
544430
1178418641
318450
578269
197918
453705
178099
428973
288118
556217
176964
422128
1224717499
194917
441471
316952
565118
371481
617028
385557
630222
451605
696067
371021
615894
1247507375
389796
650362
375852
624630
386707
327100
571820
258540
523075
1205354887
154441
409641
196556
457593
210310
477585
377566
633707
370144
636267
370183
1187636622
466174
710359
371634
644658
448265
692436
386173
632387
161995
368146
1217439010
350635
600071
300668
557482
210485
455773
164589
429171
1190398726
165684
446713
197653
463821
164285
414464
178393
430224
356480
623452
1200656382
430278
677172
355938
603474
388468
653482
374537
626384
355109
618069
1200822040
385697
178417
449915
204089
450154
197228
471579
238371
490452
291543
240878
511680
1223422802
241091
488350
378053
646652
369532
629133
364059
608504
1196740333
456857
702471
284989
545674
232868
484888
194591
456434
194106
466024
179222
438784
1188425541
228438
487753
195505
444787
192885
422578
232080
230523
488122
1210797122
378482
624373
379867
641840
365084
610235
370556
632841
459691
706653
1197047171
370295
618495
381553
639008
377964
639752
330928
586668
270830
197253
443015
1203875242
175998
446303
175128
436951
209385
457742
371707
616725
366834
625229
1206596827
384107
653693
238043
274779
544602
372036
616281
470632
1200587877
373582
622394
385531
632084
278885
160592
145961
182745
1202748375
243005
257957
519034
229840
491785
360828
454450
1190235531
360368
358151
373296
465416
390308
646340
1195477158
325747
574685
268392
198917
461235
176430
432395
169201
437357
150242
395058
1203633882
154571
403274
353098
598552
355185
600917
330222
285762
1182683827
443527
710008
370905
620654
371262
616221
300677
577140
205761
451349
1194281152
210638
479868
174727
444475
175622
434728
241220
499617
166347
429767
1198930360
204720
449753
206955
455798
365186
442930
705266
381884
641887
370510
627848
1245603040
207098
470822
167983
445168
238559
507082
252227
496777
175007
433028
1180260688
164271
434641
172006
447588
166848
420997
292488
549173
228038
478675
1199040745
372999
644141
367555
612833
194042
462103
268458
514232
176327
436030
372073
619174
1189207742
166726
427725
205280
452922
275239
541444
206293
450828
194210
446312
1194250989
206450
462024
194341
447305
162554
432264
165778
427616
227910
200268
451875
1203804369
369831
615012
370019
615856
389043
632940
467004
712009
391960
654422
1189738875
269583
530127
176474
446050
196648
470942
197868
442528
232322
489437
1194349386
384428
629904
393347
648614
475420
724331
369671
644434
354559
379199
641420
389702
375092
620400
355411
626913
300836
212754
457561
1192234744
165140
436591
196508
440228
112862
369395
240792
485378
249257
512473
1193143474
369462
630840
380130
636145
366642
612738
348842
607699
256030
530132
1198972796
374947
620247
459872
709641
333286
588039
266685
533782
180273
436154
164594
425545
1189782412
177552
445922
208034
462037
295375
302042
342314
1193196662
380484
646600
369495
628214
379211
633737
457457
703816
470529
735277
355839
645295
299825
545568
230708
195583
456612
123138
379471
205130
455610
385728
1201781481
374336
619402
385296
629608
368999
637700
161080
407355
339372
1206151340
350917
616909
359303
624251
310184
557070
167121
426198
1197708180
326981
584807
194961
440588
164865
432783
200331
445413
244814
198984
442748
1203751616
372482
618311
308645
586868
249965
494434
279777
536214
308226
564405
1194370229
469328
735055
463125
713518
353554
599150
346907
591820
289439
551381
1198859471
197259
462860
158332
409123
162694
408169
372967
351252
148756
1188347976
158622
404237
372532
622461
369508
633885
210422
479357
193864
460434
1193078280
452964
700748
324019
591514
281069
168015
428658
169781
429621
1199309097
164995
437376
367355
634213
354458
624134
353731
599511
430344
699329
368322
630553
1188859475
375131
629547
370225
622296
368860
636252
380128
372013
1193622041
298477
544189
228227
487245
177634
423269
174865
424351
206835
458547
1198470938
318198
579842
208919
467641
163189
432070
199436
166202
432075
385779
649960
1202873017
372608
639240
372352
617635
393198
641709
337496
604169
252794
499727
1195079084
210053
457253
195194
453091
201236
472925
164819
421935
231853
476898
1201389121
500653
125081
388590
355240
599619
377642
627785
374081
363918
610089
177430
432608
1216673209
496595
742133
298317
543697
207851
467433
164974
415286
1194718337
173613
441571
209878
462621
373537
619308
382405
650129
385007
384498
640968
1188879827
383171
639150
373084
648751
385331
643576
370978
638151
407163
1205675777
169565
434329
311532
557528
188901
440301
164488
430009
199368
465856
1197031485
368352
612276
370541
616085
447051
692567
374631
633052
238864
483960
166976
423215
1203679848
172911
457977
365425
383524
635719
286449
550321
172732
431668
1207042779
177050
434774
157902
427362
228388
473748
308792
548639
430013
701187
1197303604
358832
617887
345920
258735
160831
404853
231592
492595
1201173976
282058
537193
377999
622260
468888
337341
264926
524782
193869
454984
1206932852
168701
442376
168118
437031
164645
409930
196118
441557
204864
449471
1197873261
375027
643884
174626
419708
204854
451507
370032
630564
261031
511054
164197
433515
1202439205
443382
703075
296341
559315
207148
463465
205796
468711
167209
433954
1207386118
242981
474651
205814
463725
161375
434966
245387
489878
355758
620312
354842
604341
204246
466180
1219027813
448913
713069
356113
601363
446240
711024
339167
600469
1202847339
260952
528340
198218
448806
240134
493227
179207
437095
238235
496322
1209724165
367622
612614
385457
642582
380031
635661
335810
580582
383424
637541
464625
718519
1188752988
389702
648646
389462
659855
366507
621232
295181
552799
203097
447240
1204502752
230271
481448
194718
443543
252957
498832
205393
450685
281337
530846
1195499730
371763
616557
268550
513607
373230
626150
389140
370082
613357
390128
637141
267281
519218
330203
583636
261161
517994
165386
433127
168844
430696
1213442311
154852
419468
239628
495200
260974
241743
494257
232132
476373
1194398925
373225
619275
449532
730386
367947
632681
314844
571496
345273
607062
1200466482
365734
618788
310024
558077
227874
485491
178910
448414
177492
446487
167872
439781
1204932205
205403
469913
383658
646057
394136
640837
446951
696587
446311
690598
1210073560
390448
383047
650543
373788
618817
377139
646976
347920
167778
422492
1203628824
164715
432003
166217
445320
166760
432201
240151
484198
354517
600356
1206308295
368034
639754
363550
617546
356043
615223
454165
698012
431639
677337
1195785357
355194
600304
374275
619400
372574
305156
556852
195476
464672
166164
425245
1246432737
176210
447344
383439
628177
164827
441891
323250
567182
369450
1179389645
460617
710618
369049
614297
352060
378301
634269
388283
632265
1199099491
468560
739321
334050
589271
271007
171460
434035
175735
430741
165860
421586
1202842007
297773
543427
443027
688780
370544
634312
369434
630784
379818
642387
1194717958
365798
612455
369769
615908
195727
458391
205384
455491
163692
441112
203405
448145
1206132415
203804
464766
194629
467287
197865
459334
239883
500521
229582
474619
1203840330
202775
464903
384350
630199
368886
615245
377207
631360
164993
432032
1210750428
379862
633329
376852
645519
243950
488331
257169
331808
196387
1203910689
194151
439329
204612
464094
444709
705752
373804
639609
480265
726298
1205554925
387333
643518
209286
472044
175422
433559
167586
431447
204275
459879
1213088556
365913
612214
438494
688750
303797
234550
483517
177787
431146
169270
429510
1204916490
166076
438691
239968
504013
355025
600589
362483
632739
285167
1207389989
366200
611895
324821
570103
367020
617091
375450
620318
307603
564829
251875
496750
1203701422
270525
543515
201507
454025
164141
417578
177753
446341
231956
1201626422
240549
491326
372543
204011
449798
248617
493024
353380
604806
1205034830
460239
704081
387049
658111
367791
611991
293160
562768
178695
424194
1195465141
205925
476371
193536
439564
174911
436653
206624
459934
458770
444323
689633
1202103693
373714
642303
383202
627734
380463
634520
238346
489911
365699
629480
1206927376
175082
429621
229174
478859
296153
177396
445004
255995
507757
1200388435
169461
426705
163579
432222
229068
481524
369378
631597
394536
456823
703141
1203085925
372194
617718
369427
614170
382235
204944
475057
194232
440278
1194253389
438638
291354
557112
208834
453238
195832
458057
178007
444037
1199318433
154080
420157
382272
643800
461061
711183
370056
631341
390454
445575
691778
1204145598
384397
638340
371855
618004
158469
430308
312871
558648
257085
515421
1195373497
338618
584072
243320
507473
194536
466564
256953
165743
430090
1200190908
209114
455825
374538
619975
369646
613970
354670
600726
375337
650002
175194
427490
1205958856
345747
591913
358133
615998
291202
371069
241323
496688
1199261950
171673
417043
176894
449956
205630
459157
204994
451936
346979
590704
371868
1187633714
372265
637104
374101
619778
382940
648155
469344
733875
376762
640992
175317
441382
1211876631
319145
564725
147701
