cpu  478851 27741 948706 411956976 47794 0 505397 0 0 0
cpu0 86314 9504 149168 103093256 10990 0 105907 0 0 0
cpu1 196635 9081 473579 102584774 11680 0 171830 0 0 0
cpu2 101357 2509 172012 103144898 12686 0 120821 0 0 0
cpu3 94543 6646 153947 103134047 12436 0 106838 0 0 0
intr 9042075904 0 0 1924233 81 0 502554 19966146 0 0 0 7237862 0 0 0 0 0 0 0 0 0 0 0 0 0 0 0 0 0 0 0 0 0 0 0 0 0 0 0 0 0 0 0 0 0 0 0 0 0 0 0 0 4221276277 0 0 0 0 0 0 0 0 302839 0 242539 0 0 0 0 0 0 0 0 0 0 0 396312993 1 0 0 0 0 0 0 0 0 0 0 0 0 0 0 0 0 0 0 0 0 0 0 234836 4219 0 0 0 0 9291183 0 0 0 0 0 0 0 0 0 0 0 0 0 0 0 0 0 0 0 0 0 0 0 0 0 0 0 0 0 0 0 0 0 0 0 0 0 0 0 0 0 0 0 0 0 0 0 0 0 0 0 0 0 0 0 0 0 0 0 0 0 0 0 0 0 0 0 0 0 0 0 0 0 0 0 89812846 0 0 0
ctxt 205201357
btime 1669654930
processes 393433
procs_running 1
procs_blocked 0
softirq 284789624 185855182 20793991 453062 10425110 242528 0 34544193 24107172 492 8367894

cpu  478851 27741 948708 411957170 47794 0 505397 0 0 0
cpu0 86314 9504 149168 103093306 10990 0 105907 0 0 0
cpu1 196635 9081 473581 102584820 11680 0 171830 0 0 0
cpu2 101357 2509 172012 103144947 12686 0 120821 0 0 0
cpu3 94543 6646 153947 103134096 12436 0 106838 0 0 0
intr 9042080637 0 0 1924237 81 0 502554 19966174 0 0 0 7237867 0 0 0 0 0 0 0 0 0 0 0 0 0 0 0 0 0 0 0 0 0 0 0 0 0 0 0 0 0 0 0 0 0 0 0 0 0 0 0 0 4221280311 0 0 0 0 0 0 0 0 302840 0 242539 0 0 0 0 0 0 0 0 0 0 0 396313143 1 0 0 0 0 0 0 0 0 0 0 0 0 0 0 0 0 0 0 0 0 0 0 234836 4219 0 0 0 0 9291198 0 0 0 0 0 0 0 0 0 0 0 0 0 0 0 0 0 0 0 0 0 0 0 0 0 0 0 0 0 0 0 0 0 0 0 0 0 0 0 0 0 0 0 0 0 0 0 0 0 0 0 0 0 0 0 0 0 0 0 0 0 0 0 0 0 0 0 0 0 0 0 0 0 0 0 89813342 0 0 0
ctxt 205202352
btime 1669654930
processes 393433
procs_running 1
procs_blocked 0
softirq 284789707 185855190 20794008 453063 10425111 242528 0 34544206 24107200 492 8367909

cpu  478852 27741 948709 411957364 47794 0 505397 0 0 0
cpu0 86314 9504 149168 103093355 10990 0 105907 0 0 0
cpu1 196636 9081 473582 102584865 11680 0 171830 0 0 0
cpu2 101357 2509 172012 103144997 12686 0 120821 0 0 0
cpu3 94543 6646 153947 103134145 12436 0 106838 0 0 0
intr 9042085297 0 0 1924241 81 0 502554 19966197 0 0 0 7237872 0 0 0 0 0 0 0 0 0 0 0 0 0 0 0 0 0 0 0 0 0 0 0 0 0 0 0 0 0 0 0 0 0 0 0 0 0 0 0 0 4221284307 0 0 0 0 0 0 0 0 302841 0 242539 0 0 0 0 0 0 0 0 0 0 0 396313273 1 0 0 0 0 0 0 0 0 0 0 0 0 0 0 0 0 0 0 0 0 0 0 234836 4219 0 0 0 0 9291213 0 0 0 0 0 0 0 0 0 0 0 0 0 0 0 0 0 0 0 0 0 0 0 0 0 0 0 0 0 0 0 0 0 0 0 0 0 0 0 0 0 0 0 0 0 0 0 0 0 0 0 0 0 0 0 0 0 0 0 0 0 0 0 0 0 0 0 0 0 0 0 0 0 0 0 89813828 0 0 0
ctxt 205203323
btime 1669654930
processes 393433
procs_running 2
procs_blocked 0
softirq 284789769 185855190 20794021 453063 10425112 242528 0 34544220 24107225 492 8367918

cpu  478852 27741 948712 411957558 47794 0 505397 0 0 0
cpu0 86314 9504 149168 103093405 10990 0 105907 0 0 0
cpu1 196636 9081 473584 102584911 11680 0 171830 0 0 0
cpu2 101357 2509 172012 103145046 12686 0 120821 0 0 0
cpu3 94543 6646 153947 103134194 12436 0 106838 0 0 0
intr 9042090025 0 0 1924246 81 0 502554 19966225 0 0 0 7237877 0 0 0 0 0 0 0 0 0 0 0 0 0 0 0 0 0 0 0 0 0 0 0 0 0 0 0 0 0 0 0 0 0 0 0 0 0 0 0 0 4221288335 0 0 0 0 0 0 0 0 302842 0 242539 0 0 0 0 0 0 0 0 0 0 0 396313425 1 0 0 0 0 0 0 0 0 0 0 0 0 0 0 0 0 0 0 0 0 0 0 234836 4219 0 0 0 0 9291228 0 0 0 0 0 0 0 0 0 0 0 0 0 0 0 0 0 0 0 0 0 0 0 0 0 0 0 0 0 0 0 0 0 0 0 0 0 0 0 0 0 0 0 0 0 0 0 0 0 0 0 0 0 0 0 0 0 0 0 0 0 0 0 0 0 0 0 0 0 0 0 0 0 0 0 89814322 0 0 0
ctxt 205204326
btime 1669654930
processes 393433
procs_running 2
procs_blocked 0
softirq 284789843 185855198 20794036 453063 10425113 242528 0 34544234 24107250 492 8367929

cpu  478853 27741 948713 411957751 47794 0 505397 0 0 0
cpu0 86314 9504 149168 103093454 10990 0 105907 0 0 0
cpu1 196637 9081 473586 102584957 11680 0 171830 0 0 0
cpu2 101357 2509 172012 103145095 12686 0 120821 0 0 0
cpu3 94543 6646 153947 103134243 12436 0 106838 0 0 0
intr 9042094694 0 0 1924254 81 0 502554 19966250 0 0 0 7237882 0 0 0 0 0 0 0 0 0 0 0 0 0 0 0 0 0 0 0 0 0 0 0 0 0 0 0 0 0 0 0 0 0 0 0 0 0 0 0 0 4221292329 0 0 0 0 0 0 0 0 302843 0 242539 0 0 0 0 0 0 0 0 0 0 0 396313553 1 0 0 0 0 0 0 0 0 0 0 0 0 0 0 0 0 0 0 0 0 0 0 234836 4219 0 0 0 0 9291243 0 0 0 0 0 0 0 0 0 0 0 0 0 0 0 0 0 0 0 0 0 0 0 0 0 0 0 0 0 0 0 0 0 0 0 0 0 0 0 0 0 0 0 0 0 0 0 0 0 0 0 0 0 0 0 0 0 0 0 0 0 0 0 0 0 0 0 0 0 0 0 0 0 0 0 89814815 0 0 0
ctxt 205205310
btime 1669654930
processes 393433
procs_running 2
procs_blocked 0
softirq 284789908 185855198 20794051 453063 10425114 242528 0 34544248 24107274 492 8367940

cpu  478854 27741 948714 411957945 47794 0 505397 0 0 0
cpu0 86314 9504 149168 103093504 10990 0 105907 0 0 0
cpu1 196638 9081 473586 102585003 11680 0 171830 0 0 0
cpu2 101357 2509 172012 103145145 12686 0 120821 0 0 0
cpu3 94543 6646 153947 103134292 12436 0 106838 0 0 0
intr 9042099429 0 0 1924258 81 0 502554 19966288 0 0 0 7237887 0 0 0 0 0 0 0 0 0 0 0 0 0 0 0 0 0 0 0 0 0 0 0 0 0 0 0 0 0 0 0 0 0 0 0 0 0 0 0 0 4221296358 0 0 0 0 0 0 0 0 302844 0 242539 0 0 0 0 0 0 0 0 0 0 0 396313704 1 0 0 0 0 0 0 0 0 0 0 0 0 0 0 0 0 0 0 0 0 0 0 234836 4219 0 0 0 0 9291268 0 0 0 0 0 0 0 0 0 0 0 0 0 0 0 0 0 0 0 0 0 0 0 0 0 0 0 0 0 0 0 0 0 0 0 0 0 0 0 0 0 0 0 0 0 0 0 0 0 0 0 0 0 0 0 0 0 0 0 0 0 0 0 0 0 0 0 0 0 0 0 0 0 0 0 89815298 0 0 0
ctxt 205206324
btime 1669654930
processes 393433
procs_running 2
procs_blocked 0
softirq 284789978 185855206 20794063 453063 10425116 242528 0 34544268 24107292 492 8367950

cpu  478854 27741 948716 411958138 47794 0 505397 0 0 0
cpu0 86314 9504 149168 103093553 10990 0 105907 0 0 0
cpu1 196638 9081 473588 102585048 11680 0 171830 0 0 0
cpu2 101357 2509 172012 103145194 12686 0 120821 0 0 0
cpu3 94543 6646 153947 103134341 12436 0 106838 0 0 0
intr 9042104089 0 0 1924262 81 0 502554 19966308 0 0 0 7237892 0 0 0 0 0 0 0 0 0 0 0 0 0 0 0 0 0 0 0 0 0 0 0 0 0 0 0 0 0 0 0 0 0 0 0 0 0 0 0 0 4221300355 0 0 0 0 0 0 0 0 302845 0 242539 0 0 0 0 0 0 0 0 0 0 0 396313834 1 0 0 0 0 0 0 0 0 0 0 0 0 0 0 0 0 0 0 0 0 0 0 234836 4219 0 0 0 0 9291283 0 0 0 0 0 0 0 0 0 0 0 0 0 0 0 0 0 0 0 0 0 0 0 0 0 0 0 0 0 0 0 0 0 0 0 0 0 0 0 0 0 0 0 0 0 0 0 0 0 0 0 0 0 0 0 0 0 0 0 0 0 0 0 0 0 0 0 0 0 0 0 0 0 0 0 89815785 0 0 0
ctxt 205207296
btime 1669654930
processes 393433
procs_running 2
procs_blocked 0
softirq 284790038 185855206 20794077 453063 10425117 242528 0 34544282 24107313 492 8367960

cpu  478854 27741 948718 411958332 47794 0 505397 0 0 0
cpu0 86314 9504 149168 103093603 10990 0 105907 0 0 0
cpu1 196638 9081 473590 102585094 11680 0 171830 0 0 0
cpu2 101357 2509 172012 103145244 12686 0 120821 0 0 0
cpu3 94543 6646 153947 103134390 12436 0 106838 0 0 0
intr 9042108831 0 0 1924267 81 0 502554 19966340 0 0 0 7237897 0 0 0 0 0 0 0 0 0 0 0 0 0 0 0 0 0 0 0 0 0 0 0 0 0 0 0 0 0 0 0 0 0 0 0 0 0 0 0 0 4221304382 0 0 0 0 0 0 0 0 302846 0 242539 0 0 0 0 0 0 0 0 0 0 0 396313985 1 0 0 0 0 0 0 0 0 0 0 0 0 0 0 0 0 0 0 0 0 0 0 234836 4219 0 0 0 0 9291304 0 0 0 0 0 0 0 0 0 0 0 0 0 0 0 0 0 0 0 0 0 0 0 0 0 0 0 0 0 0 0 0 0 0 0 0 0 0 0 0 0 0 0 0 0 0 0 0 0 0 0 0 0 0 0 0 0 0 0 0 0 0 0 0 0 0 0 0 0 0 0 0 0 0 0 89816285 0 0 0
ctxt 205208315
btime 1669654930
processes 393433
procs_running 2
procs_blocked 0
softirq 284790123 185855214 20794095 453063 10425119 242528 0 34544299 24107341 492 8367972

cpu  478854 27741 948720 411958525 47794 0 505397 0 0 0
cpu0 86314 9504 149168 103093652 10990 0 105907 0 0 0
cpu1 196638 9081 473592 102585140 11680 0 171830 0 0 0
cpu2 101357 2509 172012 103145293 12686 0 120821 0 0 0
cpu3 94543 6646 153948 103134439 12436 0 106838 0 0 0
intr 9042113489 0 0 1924271 81 0 502554 19966361 0 0 0 7237902 0 0 0 0 0 0 0 0 0 0 0 0 0 0 0 0 0 0 0 0 0 0 0 0 0 0 0 0 0 0 0 0 0 0 0 0 0 0 0 0 4221308378 0 0 0 0 0 0 0 0 302847 0 242539 0 0 0 0 0 0 0 0 0 0 0 396314115 1 0 0 0 0 0 0 0 0 0 0 0 0 0 0 0 0 0 0 0 0 0 0 234836 4219 0 0 0 0 9291319 0 0 0 0 0 0 0 0 0 0 0 0 0 0 0 0 0 0 0 0 0 0 0 0 0 0 0 0 0 0 0 0 0 0 0 0 0 0 0 0 0 0 0 0 0 0 0 0 0 0 0 0 0 0 0 0 0 0 0 0 0 0 0 0 0 0 0 0 0 0 0 0 0 0 0 89816771 0 0 0
ctxt 205209290
btime 1669654930
processes 393433
procs_running 2
procs_blocked 0
softirq 284790183 185855214 20794109 453063 10425120 242528 0 34544313 24107364 492 8367980

cpu  478854 27741 948721 411958719 47794 0 505397 0 0 0
cpu0 86314 9504 149168 103093702 10990 0 105907 0 0 0
cpu1 196638 9081 473593 102585186 11680 0 171830 0 0 0
cpu2 101357 2509 172012 103145342 12686 0 120821 0 0 0
cpu3 94543 6646 153948 103134488 12436 0 106838 0 0 0
intr 9042118208 0 0 1924275 81 0 502554 19966391 0 0 0 7237907 0 0 0 0 0 0 0 0 0 0 0 0 0 0 0 0 0 0 0 0 0 0 0 0 0 0 0 0 0 0 0 0 0 0 0 0 0 0 0 0 4221312407 0 0 0 0 0 0 0 0 302848 0 242539 0 0 0 0 0 0 0 0 0 0 0 396314266 1 0 0 0 0 0 0 0 0 0 0 0 0 0 0 0 0 0 0 0 0 0 0 234836 4219 0 0 0 0 9291334 0 0 0 0 0 0 0 0 0 0 0 0 0 0 0 0 0 0 0 0 0 0 0 0 0 0 0 0 0 0 0 0 0 0 0 0 0 0 0 0 0 0 0 0 0 0 0 0 0 0 0 0 0 0 0 0 0 0 0 0 0 0 0 0 0 0 0 0 0 0 0 0 0 0 0 89817255 0 0 0
ctxt 205210287
btime 1669654930
processes 393433
procs_running 2
procs_blocked 0
softirq 284790245 185855222 20794122 453063 10425121 242528 0 34544326 24107383 492 8367988

cpu  478855 27741 948723 411958912 47794 0 505397 0 0 0
cpu0 86314 9504 149168 103093751 10990 0 105907 0 0 0
cpu1 196639 9081 473595 102585231 11680 0 171830 0 0 0
cpu2 101357 2509 172012 103145392 12686 0 120821 0 0 0
cpu3 94543 6646 153948 103134537 12436 0 106838 0 0 0
intr 9042122860 0 0 1924279 81 0 502554 19966412 0 0 0 7237912 0 0 0 0 0 0 0 0 0 0 0 0 0 0 0 0 0 0 0 0 0 0 0 0 0 0 0 0 0 0 0 0 0 0 0 0 0 0 0 0 4221316400 0 0 0 0 0 0 0 0 302849 0 242539 0 0 0 0 0 0 0 0 0 0 0 396314396 1 0 0 0 0 0 0 0 0 0 0 0 0 0 0 0 0 0 0 0 0 0 0 234836 4219 0 0 0 0 9291349 0 0 0 0 0 0 0 0 0 0 0 0 0 0 0 0 0 0 0 0 0 0 0 0 0 0 0 0 0 0 0 0 0 0 0 0 0 0 0 0 0 0 0 0 0 0 0 0 0 0 0 0 0 0 0 0 0 0 0 0 0 0 0 0 0 0 0 0 0 0 0 0 0 0 0 89817739 0 0 0
ctxt 205211259
btime 1669654930
processes 393433
procs_running 1
procs_blocked 0
softirq 284790302 185855222 20794135 453063 10425122 242528 0 34544340 24107404 492 8367996

cpu  478855 27741 948726 411959106 47794 0 505397 0 0 0
cpu0 86314 9504 149168 103093800 10990 0 105907 0 0 0
cpu1 196639 9081 473598 102585277 11680 0 171830 0 0 0
cpu2 101357 2509 172012 103145441 12686 0 120821 0 0 0
cpu3 94543 6646 153948 103134586 12436 0 106838 0 0 0
intr 9042127588 0 0 1924284 81 0 502554 19966442 0 0 0 7237917 0 0 0 0 0 0 0 0 0 0 0 0 0 0 0 0 0 0 0 0 0 0 0 0 0 0 0 0 0 0 0 0 0 0 0 0 0 0 0 0 4221320429 0 0 0 0 0 0 0 0 302850 0 242539 0 0 0 0 0 0 0 0 0 0 0 396314547 1 0 0 0 0 0 0 0 0 0 0 0 0 0 0 0 0 0 0 0 0 0 0 234836 4219 0 0 0 0 9291364 0 0 0 0 0 0 0 0 0 0 0 0 0 0 0 0 0 0 0 0 0 0 0 0 0 0 0 0 0 0 0 0 0 0 0 0 0 0 0 0 0 0 0 0 0 0 0 0 0 0 0 0 0 0 0 0 0 0 0 0 0 0 0 0 0 0 0 0 0 0 0 0 0 0 0 89818230 0 0 0
ctxt 205212267
btime 1669654930
processes 393433
procs_running 1
procs_blocked 0
softirq 284790371 185855230 20794150 453063 10425123 242528 0 34544353 24107426 492 8368006

cpu  478855 27741 948730 411959300 47794 0 505397 0 0 0
cpu0 86314 9504 149168 103093850 10990 0 105907 0 0 0
cpu1 196639 9081 473601 102585323 11680 0 171830 0 0 0
cpu2 101357 2509 172012 103145491 12686 0 120821 0 0 0
cpu3 94543 6646 153948 103134635 12436 0 106838 0 0 0
intr 9042132250 0 0 1924288 81 0 502555 19966462 0 0 0 7237922 0 0 0 0 0 0 0 0 0 0 0 0 0 0 0 0 0 0 0 0 0 0 0 0 0 0 0 0 0 0 0 0 0 0 0 0 0 0 0 0 4221324426 0 0 0 0 0 0 0 0 302851 0 242539 0 0 0 0 0 0 0 0 0 0 0 396314677 1 0 0 0 0 0 0 0 0 0 0 0 0 0 0 0 0 0 0 0 0 0 0 234836 4219 0 0 0 0 9291379 0 0 0 0 0 0 0 0 0 0 0 0 0 0 0 0 0 0 0 0 0 0 0 0 0 0 0 0 0 0 0 0 0 0 0 0 0 0 0 0 0 0 0 0 0 0 0 0 0 0 0 0 0 0 0 0 0 0 0 0 0 0 0 0 0 0 0 0 0 0 0 0 0 0 0 89818720 0 0 0
ctxt 205213241
btime 1669654930
processes 393433
procs_running 2
procs_blocked 0
softirq 284790432 185855230 20794164 453063 10425124 242528 0 34544367 24107450 492 8368014

cpu  478856 27741 948730 411959493 47794 0 505397 0 0 0
cpu0 86314 9504 149168 103093899 10990 0 105907 0 0 0
cpu1 196640 9081 473602 102585369 11680 0 171830 0 0 0
cpu2 101357 2509 172012 103145540 12686 0 120821 0 0 0
cpu3 94543 6646 153948 103134684 12436 0 106838 0 0 0
intr 9042136974 0 0 1924292 81 0 502555 19966492 0 0 0 7237927 0 0 0 0 0 0 0 0 0 0 0 0 0 0 0 0 0 0 0 0 0 0 0 0 0 0 0 0 0 0 0 0 0 0 0 0 0 0 0 0 4221328453 0 0 0 0 0 0 0 0 302852 0 242539 0 0 0 0 0 0 0 0 0 0 0 396314828 1 0 0 0 0 0 0 0 0 0 0 0 0 0 0 0 0 0 0 0 0 0 0 234836 4219 0 0 0 0 9291394 0 0 0 0 0 0 0 0 0 0 0 0 0 0 0 0 0 0 0 0 0 0 0 0 0 0 0 0 0 0 0 0 0 0 0 0 0 0 0 0 0 0 0 0 0 0 0 0 0 0 0 0 0 0 0 0 0 0 0 0 0 0 0 0 0 0 0 0 0 0 0 0 0 0 0 89819210 0 0 0
ctxt 205214252
btime 1669654930
processes 393433
procs_running 2
procs_blocked 0
softirq 284790505 185855238 20794180 453064 10425125 242528 0 34544380 24107472 492 8368026

cpu  478856 27741 948732 411959687 47794 0 505397 0 0 0
cpu0 86314 9504 149168 103093949 10990 0 105907 0 0 0
cpu1 196640 9081 473603 102585415 11680 0 171830 0 0 0
cpu2 101357 2509 172012 103145589 12686 0 120821 0 0 0
cpu3 94543 6646 153948 103134733 12436 0 106838 0 0 0
intr 9042141632 0 0 1924296 81 0 502555 19966512 0 0 0 7237932 0 0 0 0 0 0 0 0 0 0 0 0 0 0 0 0 0 0 0 0 0 0 0 0 0 0 0 0 0 0 0 0 0 0 0 0 0 0 0 0 4221332449 0 0 0 0 0 0 0 0 302853 0 242539 0 0 0 0 0 0 0 0 0 0 0 396314958 1 0 0 0 0 0 0 0 0 0 0 0 0 0 0 0 0 0 0 0 0 0 0 234836 4219 0 0 0 0 9291409 0 0 0 0 0 0 0 0 0 0 0 0 0 0 0 0 0 0 0 0 0 0 0 0 0 0 0 0 0 0 0 0 0 0 0 0 0 0 0 0 0 0 0 0 0 0 0 0 0 0 0 0 0 0 0 0 0 0 0 0 0 0 0 0 0 0 0 0 0 0 0 0 0 0 0 89819697 0 0 0
ctxt 205215232
btime 1669654930
processes 393433
procs_running 2
procs_blocked 0
softirq 284790563 185855238 20794193 453064 10425126 242528 0 34544394 24107491 492 8368037

cpu  478857 27741 948732 411959881 47794 0 505397 0 0 0
cpu0 86314 9504 149168 103093998 10990 0 105907 0 0 0
cpu1 196641 9081 473603 102585460 11680 0 171830 0 0 0
cpu2 101357 2509 172012 103145639 12686 0 120821 0 0 0
cpu3 94543 6646 153948 103134782 12436 0 106838 0 0 0
intr 9042146352 0 0 1924301 81 0 502555 19966534 0 0 0 7237937 0 0 0 0 0 0 0 0 0 0 0 0 0 0 0 0 0 0 0 0 0 0 0 0 0 0 0 0 0 0 0 0 0 0 0 0 0 0 0 0 4221336477 0 0 0 0 0 0 0 0 302854 0 242539 0 0 0 0 0 0 0 0 0 0 0 396315109 1 0 0 0 0 0 0 0 0 0 0 0 0 0 0 0 0 0 0 0 0 0 0 234836 4219 0 0 0 0 9291424 0 0 0 0 0 0 0 0 0 0 0 0 0 0 0 0 0 0 0 0 0 0 0 0 0 0 0 0 0 0 0 0 0 0 0 0 0 0 0 0 0 0 0 0 0 0 0 0 0 0 0 0 0 0 0 0 0 0 0 0 0 0 0 0 0 0 0 0 0 0 0 0 0 0 0 89820191 0 0 0
ctxt 205216238
btime 1669654930
processes 393433
procs_running 2
procs_blocked 0
softirq 284790628 185855246 20794207 453064 10425127 242528 0 34544408 24107509 492 8368047

cpu  478858 27741 948733 411960074 47794 0 505397 0 0 0
cpu0 86314 9504 149168 103094048 10990 0 105907 0 0 0
cpu1 196642 9081 473604 102585506 11680 0 171830 0 0 0
cpu2 101357 2509 172012 103145688 12686 0 120821 0 0 0
cpu3 94543 6646 153948 103134831 12436 0 106838 0 0 0
intr 9042151039 0 0 1924305 81 0 502555 19966566 0 0 0 7237942 0 0 0 0 0 0 0 0 0 0 0 0 0 0 0 0 0 0 0 0 0 0 0 0 0 0 0 0 0 0 0 0 0 0 0 0 0 0 0 0 4221340473 0 0 0 0 0 0 0 0 302855 0 242539 0 0 0 0 0 0 0 0 0 0 0 396315239 1 0 0 0 0 0 0 0 0 0 0 0 0 0 0 0 0 0 0 0 0 0 0 234836 4219 0 0 0 0 9291452 0 0 0 0 0 0 0 0 0 0 0 0 0 0 0 0 0 0 0 0 0 0 0 0 0 0 0 0 0 0 0 0 0 0 0 0 0 0 0 0 0 0 0 0 0 0 0 0 0 0 0 0 0 0 0 0 0 0 0 0 0 0 0 0 0 0 0 0 0 0 0 0 0 0 0 89820681 0 0 0
ctxt 205217238
btime 1669654930
processes 393433
procs_running 2
procs_blocked 0
softirq 284790700 185855246 20794221 453064 10425129 242528 0 34544433 24107530 492 8368057

cpu  478858 27741 948734 411960268 47794 0 505397 0 0 0
cpu0 86314 9504 149168 103094097 10990 0 105907 0 0 0
cpu1 196642 9081 473606 102585552 11680 0 171830 0 0 0
cpu2 101357 2509 172012 103145737 12686 0 120821 0 0 0
cpu3 94543 6646 153948 103134880 12436 0 106838 0 0 0
intr 9042155758 0 0 1924309 81 0 502555 19966589 0 0 0 7237947 0 0 0 0 0 0 0 0 0 0 0 0 0 0 0 0 0 0 0 0 0 0 0 0 0 0 0 0 0 0 0 0 0 0 0 0 0 0 0 0 4221344501 0 0 0 0 0 0 0 0 302856 0 242539 0 0 0 0 0 0 0 0 0 0 0 396315390 1 0 0 0 0 0 0 0 0 0 0 0 0 0 0 0 0 0 0 0 0 0 0 234836 4219 0 0 0 0 9291467 0 0 0 0 0 0 0 0 0 0 0 0 0 0 0 0 0 0 0 0 0 0 0 0 0 0 0 0 0 0 0 0 0 0 0 0 0 0 0 0 0 0 0 0 0 0 0 0 0 0 0 0 0 0 0 0 0 0 0 0 0 0 0 0 0 0 0 0 0 0 0 0 0 0 0 89821173 0 0 0
ctxt 205218235
btime 1669654930
processes 393433
procs_running 2
procs_blocked 0
softirq 284790770 185855254 20794234 453064 10425130 242528 0 34544448 24107552 492 8368068

cpu  478858 27741 948737 411960461 47794 0 505397 0 0 0
cpu0 86314 9504 149168 103094146 10990 0 105907 0 0 0
cpu1 196642 9081 473608 102585598 11680 0 171830 0 0 0
cpu2 101357 2509 172012 103145787 12686 0 120821 0 0 0
cpu3 94543 6646 153948 103134929 12436 0 106838 0 0 0
intr 9042160423 0 0 1924313 81 0 502555 19966611 0 0 0 7237952 0 0 0 0 0 0 0 0 0 0 0 0 0 0 0 0 0 0 0 0 0 0 0 0 0 0 0 0 0 0 0 0 0 0 0 0 0 0 0 0 4221348497 0 0 0 0 0 0 0 0 302857 0 242539 0 0 0 0 0 0 0 0 0 0 0 396315520 1 0 0 0 0 0 0 0 0 0 0 0 0 0 0 0 0 0 0 0 0 0 0 234836 4219 0 0 0 0 9291482 0 0 0 0 0 0 0 0 0 0 0 0 0 0 0 0 0 0 0 0 0 0 0 0 0 0 0 0 0 0 0 0 0 0 0 0 0 0 0 0 0 0 0 0 0 0 0 0 0 0 0 0 0 0 0 0 0 0 0 0 0 0 0 0 0 0 0 0 0 0 0 0 0 0 0 89821665 0 0 0
ctxt 205219219
btime 1669654930
processes 393433
procs_running 2
procs_blocked 0
softirq 284790834 185855254 20794247 453064 10425131 242528 0 34544462 24107577 492 8368079

cpu  478858 27741 948738 411960655 47794 0 505397 0 0 0
cpu0 86314 9504 149168 103094196 10990 0 105907 0 0 0
cpu1 196642 9081 473609 102585644 11680 0 171830 0 0 0
cpu2 101357 2509 172012 103145836 12686 0 120821 0 0 0
cpu3 94543 6646 153948 103134978 12436 0 106838 0 0 0
intr 9042165147 0 0 1924318 81 0 502555 19966637 0 0 0 7237957 0 0 0 0 0 0 0 0 0 0 0 0 0 0 0 0 0 0 0 0 0 0 0 0 0 0 0 0 0 0 0 0 0 0 0 0 0 0 0 0 4221352523 0 0 0 0 0 0 0 0 302858 0 242539 0 0 0 0 0 0 0 0 0 0 0 396315671 1 0 0 0 0 0 0 0 0 0 0 0 0 0 0 0 0 0 0 0 0 0 0 234836 4219 0 0 0 0 9291497 0 0 0 0 0 0 0 0 0 0 0 0 0 0 0 0 0 0 0 0 0 0 0 0 0 0 0 0 0 0 0 0 0 0 0 0 0 0 0 0 0 0 0 0 0 0 0 0 0 0 0 0 0 0 0 0 0 0 0 0 0 0 0 0 0 0 0 0 0 0 0 0 0 0 0 89822161 0 0 0
ctxt 205220227
btime 1669654930
processes 393433
procs_running 2
procs_blocked 0
softirq 284790906 185855262 20794262 453064 10425132 242528 0 34544476 24107600 492 8368090

cpu  478858 27741 948740 411960848 47794 0 505397 0 0 0
cpu0 86314 9504 149168 103094245 10990 0 105907 0 0 0
cpu1 196642 9081 473610 102585690 11680 0 171830 0 0 0
cpu2 101357 2509 172012 103145885 12686 0 120821 0 0 0
cpu3 94543 6646 153948 103135027 12436 0 106838 0 0 0
intr 9042169811 0 0 1924322 81 0 502555 19966657 0 0 0 7237962 0 0 0 0 0 0 0 0 0 0 0 0 0 0 0 0 0 0 0 0 0 0 0 0 0 0 0 0 0 0 0 0 0 0 0 0 0 0 0 0 4221356519 0 0 0 0 0 0 0 0 302859 0 242539 0 0 0 0 0 0 0 0 0 0 0 396315801 1 0 0 0 0 0 0 0 0 0 0 0 0 0 0 0 0 0 0 0 0 0 0 234836 4219 0 0 0 0 9291512 0 0 0 0 0 0 0 0 0 0 0 0 0 0 0 0 0 0 0 0 0 0 0 0 0 0 0 0 0 0 0 0 0 0 0 0 0 0 0 0 0 0 0 0 0 0 0 0 0 0 0 0 0 0 0 0 0 0 0 0 0 0 0 0 0 0 0 0 0 0 0 0 0 0 0 89822654 0 0 0
ctxt 205221205
btime 1669654930
processes 393433
procs_running 2
procs_blocked 0
softirq 284790970 185855262 20794275 453064 10425133 242528 0 34544490 24107625 492 8368101

cpu  478858 27741 948742 411961042 47794 0 505397 0 0 0
cpu0 86314 9504 149168 103094295 10990 0 105907 0 0 0
cpu1 196642 9081 473613 102585735 11680 0 171830 0 0 0
cpu2 101357 2509 172012 103145935 12686 0 120821 0 0 0
cpu3 94543 6646 153948 103135076 12436 0 106838 0 0 0
intr 9042174482 0 0 1924326 81 0 502555 19966679 0 0 0 7237967 0 0 0 0 0 0 0 0 0 0 0 0 0 0 0 0 0 0 0 0 0 0 0 0 0 0 0 0 0 0 0 0 0 0 0 0 0 0 0 0 4221360522 0 0 0 0 0 0 0 0 302860 0 242539 0 0 0 0 0 0 0 0 0 0 0 396315929 1 0 0 0 0 0 0 0 0 0 0 0 0 0 0 0 0 0 0 0 0 0 0 234836 4219 0 0 0 0 9291527 0 0 0 0 0 0 0 0 0 0 0 0 0 0 0 0 0 0 0 0 0 0 0 0 0 0 0 0 0 0 0 0 0 0 0 0 0 0 0 0 0 0 0 0 0 0 0 0 0 0 0 0 0 0 0 0 0 0 0 0 0 0 0 0 0 0 0 0 0 0 0 0 0 0 0 89823145 0 0 0
ctxt 205222196
btime 1669654930
processes 393433
procs_running 2
procs_blocked 0
softirq 284791029 185855262 20794287 453064 10425134 242528 0 34544503 24107647 492 8368112

cpu  478860 27741 948744 411961235 47794 0 505397 0 0 0
cpu0 86314 9504 149168 103094344 10990 0 105907 0 0 0
cpu1 196644 9081 473614 102585781 11680 0 171830 0 0 0
cpu2 101357 2509 172013 103145984 12686 0 120821 0 0 0
cpu3 94543 6646 153948 103135125 12436 0 106838 0 0 0
intr 9042179201 0 0 1924330 81 0 502555 19966709 0 0 0 7237972 0 0 0 0 0 0 0 0 0 0 0 0 0 0 0 0 0 0 0 0 0 0 0 0 0 0 0 0 0 0 0 0 0 0 0 0 0 0 0 0 4221364544 0 0 0 0 0 0 0 0 302861 0 242539 0 0 0 0 0 0 0 0 0 0 0 396316083 1 0 0 0 0 0 0 0 0 0 0 0 0 0 0 0 0 0 0 0 0 0 0 234836 4219 0 0 0 0 9291542 0 0 0 0 0 0 0 0 0 0 0 0 0 0 0 0 0 0 0 0 0 0 0 0 0 0 0 0 0 0 0 0 0 0 0 0 0 0 0 0 0 0 0 0 0 0 0 0 0 0 0 0 0 0 0 0 0 0 0 0 0 0 0 0 0 0 0 0 0 0 0 0 0 0 0 89823634 0 0 0
ctxt 205223199
btime 1669654930
processes 393433
procs_running 2
procs_blocked 0
softirq 284791101 185855270 20794301 453064 10425135 242528 0 34544518 24107669 492 8368124

cpu  478860 27741 948748 411961427 47794 0 505397 0 0 0
cpu0 86314 9504 149168 103094393 10990 0 105907 0 0 0
cpu1 196644 9081 473618 102585827 11680 0 171830 0 0 0
cpu2 101357 2509 172013 103146033 12686 0 120821 0 0 0
cpu3 94543 6646 153948 103135173 12436 0 106838 0 0 0
intr 9042184139 0 0 1924335 81 0 502555 19966758 0 0 0 7237976 0 0 0 0 0 0 0 0 0 0 0 0 0 0 0 0 0 0 0 0 0 0 0 0 0 0 0 0 0 0 0 0 0 0 0 0 0 0 0 0 4221368663 0 0 0 0 0 0 0 0 302862 0 242539 0 0 0 0 0 0 0 0 0 0 0 396316318 1 0 0 0 0 0 0 0 0 0 0 0 0 0 0 0 0 0 0 0 0 0 0 234836 4219 0 0 0 0 9291571 0 0 0 0 0 0 0 0 0 0 0 0 0 0 0 0 0 0 0 0 0 0 0 0 0 0 0 0 0 0 0 0 0 0 0 0 0 0 0 0 0 0 0 0 0 0 0 0 0 0 0 0 0 0 0 0 0 0 0 0 0 0 0 0 0 0 0 0 0 0 0 0 0 0 0 89824130 0 0 0
ctxt 205224257
btime 1669654930
processes 393433
procs_running 2
procs_blocked 0
softirq 284791448 185855407 20794317 453065 10425191 242528 0 34544611 24107697 492 8368140

cpu  478860 27741 948750 411961621 47794 0 505397 0 0 0
cpu0 86314 9504 149168 103094443 10990 0 105907 0 0 0
cpu1 196644 9081 473620 102585872 11680 0 171830 0 0 0
cpu2 101357 2509 172013 103146082 12686 0 120821 0 0 0
cpu3 94543 6646 153948 103135222 12436 0 106838 0 0 0
intr 9042188855 0 0 1924339 81 0 502555 19966782 0 0 0 7237981 0 0 0 0 0 0 0 0 0 0 0 0 0 0 0 0 0 0 0 0 0 0 0 0 0 0 0 0 0 0 0 0 0 0 0 0 0 0 0 0 4221372684 0 0 0 0 0 0 0 0 302863 0 242539 0 0 0 0 0 0 0 0 0 0 0 396316472 1 0 0 0 0 0 0 0 0 0 0 0 0 0 0 0 0 0 0 0 0 0 0 234836 4219 0 0 0 0 9291584 0 0 0 0 0 0 0 0 0 0 0 0 0 0 0 0 0 0 0 0 0 0 0 0 0 0 0 0 0 0 0 0 0 0 0 0 0 0 0 0 0 0 0 0 0 0 0 0 0 0 0 0 0 0 0 0 0 0 0 0 0 0 0 0 0 0 0 0 0 0 0 0 0 0 0 89824623 0 0 0
ctxt 205225253
btime 1669654930
processes 393433
procs_running 2
procs_blocked 0
softirq 284791526 185855415 20794333 453065 10425192 242528 0 34544625 24107723 492 8368153

cpu  478860 27741 948753 411961813 47794 0 505397 0 0 0
cpu0 86314 9504 149168 103094492 10990 0 105907 0 0 0
cpu1 196644 9081 473623 102585918 11680 0 171830 0 0 0
cpu2 101357 2509 172013 103146131 12686 0 120821 0 0 0
cpu3 94543 6646 153948 103135271 12436 0 106838 0 0 0
intr 9042193777 0 0 1924347 81 0 502555 19966825 0 0 0 7237986 0 0 0 0 0 0 0 0 0 0 0 0 0 0 0 0 0 0 0 0 0 0 0 0 0 0 0 0 0 0 0 0 0 0 0 0 0 0 0 0 4221376804 0 0 0 0 0 0 0 0 302864 0 242539 0 0 0 0 0 0 0 0 0 0 0 396316703 1 0 0 0 0 0 0 0 0 0 0 0 0 0 0 0 0 0 0 0 0 0 0 234836 4219 0 0 0 0 9291608 0 0 0 0 0 0 0 0 0 0 0 0 0 0 0 0 0 0 0 0 0 0 0 0 0 0 0 0 0 0 0 0 0 0 0 0 0 0 0 0 0 0 0 0 0 0 0 0 0 0 0 0 0 0 0 0 0 0 0 0 0 0 0 0 0 0 0 0 0 0 0 0 0 0 0 89825114 0 0 0
ctxt 205226286
btime 1669654930
processes 393433
procs_running 2
procs_blocked 0
softirq 284791842 185855530 20794347 453065 10425250 242528 0 34544717 24107748 492 8368165

cpu  478861 27741 948757 411962005 47794 0 505398 0 0 0
cpu0 86314 9504 149168 103094541 10990 0 105907 0 0 0
cpu1 196645 9081 473626 102585963 11680 0 171830 0 0 0
cpu2 101357 2509 172013 103146180 12686 0 120821 0 0 0
cpu3 94543 6646 153948 103135320 12436 0 106838 0 0 0
intr 9042198764 0 0 1924353 81 0 502555 19966878 0 0 0 7237991 0 0 0 0 0 0 0 0 0 0 0 0 0 0 0 0 0 0 0 0 0 0 0 0 0 0 0 0 0 0 0 0 0 0 0 0 0 0 0 0 4221380942 0 0 0 0 0 0 0 0 302865 0 242539 0 0 0 0 0 0 0 0 0 0 0 396316961 1 0 0 0 0 0 0 0 0 0 0 0 0 0 0 0 0 0 0 0 0 0 0 234836 4219 0 0 0 0 9291640 0 0 0 0 0 0 0 0 0 0 0 0 0 0 0 0 0 0 0 0 0 0 0 0 0 0 0 0 0 0 0 0 0 0 0 0 0 0 0 0 0 0 0 0 0 0 0 0 0 0 0 0 0 0 0 0 0 0 0 0 0 0 0 0 0 0 0 0 0 0 0 0 0 0 0 89825609 0 0 0
ctxt 205227338
btime 1669654930
processes 393433
procs_running 2
procs_blocked 0
softirq 284792193 185855669 20794363 453065 10425308 242528 0 34544810 24107782 492 8368176

cpu  478861 27741 948758 411962199 47794 0 505398 0 0 0
cpu0 86314 9504 149168 103094590 10990 0 105907 0 0 0
cpu1 196645 9081 473628 102586008 11680 0 171830 0 0 0
cpu2 101357 2509 172013 103146230 12686 0 120821 0 0 0
cpu3 94543 6646 153948 103135369 12436 0 106838 0 0 0
intr 9042203423 0 0 1924356 81 0 502555 19966897 0 0 0 7237996 0 0 0 0 0 0 0 0 0 0 0 0 0 0 0 0 0 0 0 0 0 0 0 0 0 0 0 0 0 0 0 0 0 0 0 0 0 0 0 0 4221384945 0 0 0 0 0 0 0 0 302866 0 242539 0 0 0 0 0 0 0 0 0 0 0 396317089 1 0 0 0 0 0 0 0 0 0 0 0 0 0 0 0 0 0 0 0 0 0 0 234836 4219 0 0 0 0 9291655 0 0 0 0 0 0 0 0 0 0 0 0 0 0 0 0 0 0 0 0 0 0 0 0 0 0 0 0 0 0 0 0 0 0 0 0 0 0 0 0 0 0 0 0 0 0 0 0 0 0 0 0 0 0 0 0 0 0 0 0 0 0 0 0 0 0 0 0 0 0 0 0 0 0 0 89826092 0 0 0
ctxt 205228317
btime 1669654930
processes 393433
procs_running 2
procs_blocked 0
softirq 284792251 185855669 20794375 453065 10425309 242528 0 34544823 24107802 492 8368188

cpu  478862 27741 948760 411962391 47794 0 505398 0 0 0
cpu0 86314 9504 149168 103094639 10990 0 105907 0 0 0
cpu1 196646 9081 473629 102586053 11680 0 171830 0 0 0
cpu2 101357 2509 172013 103146279 12686 0 120821 0 0 0
cpu3 94543 6646 153948 103135418 12436 0 106838 0 0 0
intr 9042208395 0 0 1924360 81 0 502555 19966947 0 0 0 7238001 0 0 0 0 0 0 0 0 0 0 0 0 0 0 0 0 0 0 0 0 0 0 0 0 0 0 0 0 0 0 0 0 0 0 0 0 0 0 0 0 4221389093 0 0 0 0 0 0 0 0 302867 0 242539 0 0 0 0 0 0 0 0 0 0 0 396317356 1 0 0 0 0 0 0 0 0 0 0 0 0 0 0 0 0 0 0 0 0 0 0 234836 4219 0 0 0 0 9291670 0 0 0 0 0 0 0 0 0 0 0 0 0 0 0 0 0 0 0 0 0 0 0 0 0 0 0 0 0 0 0 0 0 0 0 0 0 0 0 0 0 0 0 0 0 0 0 0 0 0 0 0 0 0 0 0 0 0 0 0 0 0 0 0 0 0 0 0 0 0 0 0 0 0 0 89826575 0 0 0
ctxt 205229360
btime 1669654930
processes 393433
procs_running 2
procs_blocked 0
softirq 284792580 185855792 20794389 453065 10425370 242528 0 34544917 24107827 492 8368200

cpu  478862 27741 948762 411962583 47794 0 505398 0 0 0
cpu0 86314 9504 149168 103094689 10990 0 105907 0 0 0
cpu1 196646 9081 473631 102586098 11680 0 171830 0 0 0
cpu2 101357 2509 172013 103146328 12686 0 120822 0 0 0
cpu3 94543 6646 153948 103135467 12436 0 106838 0 0 0
intr 9042213304 0 0 1924364 81 0 502555 19966984 0 0 0 7238006 0 0 0 0 0 0 0 0 0 0 0 0 0 0 0 0 0 0 0 0 0 0 0 0 0 0 0 0 0 0 0 0 0 0 0 0 0 0 0 0 4221393218 0 0 0 0 0 0 0 0 302868 0 242539 0 0 0 0 0 0 0 0 0 0 0 396317592 1 0 0 0 0 0 0 0 0 0 0 0 0 0 0 0 0 0 0 0 0 0 0 234836 4219 0 0 0 0 9291685 0 0 0 0 0 0 0 0 0 0 0 0 0 0 0 0 0 0 0 0 0 0 0 0 0 0 0 0 0 0 0 0 0 0 0 0 0 0 0 0 0 0 0 0 0 0 0 0 0 0 0 0 0 0 0 0 0 0 0 0 0 0 0 0 0 0 0 0 0 0 0 0 0 0 0 89827061 0 0 0
ctxt 205230371
btime 1669654930
processes 393433
procs_running 2
procs_blocked 0
softirq 284792897 185855931 20794401 453065 10425423 242528 0 34544992 24107853 492 8368212

cpu  478862 27741 948764 411962777 47794 0 505398 0 0 0
cpu0 86314 9504 149168 103094738 10990 0 105907 0 0 0
cpu1 196646 9081 473633 102586144 11680 0 171830 0 0 0
cpu2 101357 2509 172014 103146377 12686 0 120822 0 0 0
cpu3 94543 6646 153949 103135516 12436 0 106838 0 0 0
intr 9042218016 0 0 1924368 81 0 502555 19967006 0 0 0 7238011 0 0 0 0 0 0 0 0 0 0 0 0 0 0 0 0 0 0 0 0 0 0 0 0 0 0 0 0 0 0 0 0 0 0 0 0 0 0 0 0 4221397238 0 0 0 0 0 0 0 0 302869 0 242539 0 0 0 0 0 0 0 0 0 0 0 396317746 1 0 0 0 0 0 0 0 0 0 0 0 0 0 0 0 0 0 0 0 0 0 0 234836 4219 0 0 0 0 9291700 0 0 0 0 0 0 0 0 0 0 0 0 0 0 0 0 0 0 0 0 0 0 0 0 0 0 0 0 0 0 0 0 0 0 0 0 0 0 0 0 0 0 0 0 0 0 0 0 0 0 0 0 0 0 0 0 0 0 0 0 0 0 0 0 0 0 0 0 0 0 0 0 0 0 0 89827552 0 0 0
ctxt 205231364
btime 1669654930
processes 393433
procs_running 2
procs_blocked 0
softirq 284792972 185855939 20794414 453065 10425424 242528 0 34545007 24107880 492 8368223

cpu  478863 27741 948767 411962969 47794 0 505399 0 0 0
cpu0 86314 9504 149168 103094787 10990 0 105907 0 0 0
cpu1 196647 9081 473635 102586189 11680 0 171831 0 0 0
cpu2 101357 2509 172014 103146426 12686 0 120822 0 0 0
cpu3 94543 6646 153949 103135565 12436 0 106839 0 0 0
intr 9042222931 0 0 1924377 81 0 502555 19967041 0 0 0 7238016 0 0 0 0 0 0 0 0 0 0 0 0 0 0 0 0 0 0 0 0 0 0 0 0 0 0 0 0 0 0 0 0 0 0 0 0 0 0 0 0 4221401358 0 0 0 0 0 0 0 0 302870 0 242539 0 0 0 0 0 0 0 0 0 0 0 396317978 1 0 0 0 0 0 0 0 0 0 0 0 0 0 0 0 0 0 0 0 0 0 0 234836 4219 0 0 0 0 9291715 0 0 0 0 0 0 0 0 0 0 0 0 0 0 0 0 0 0 0 0 0 0 0 0 0 0 0 0 0 0 0 0 0 0 0 0 0 0 0 0 0 0 0 0 0 0 0 0 0 0 0 0 0 0 0 0 0 0 0 0 0 0 0 0 0 0 0 0 0 0 0 0 0 0 0 89828049 0 0 0
ctxt 205232374
btime 1669654930
processes 393433
procs_running 2
procs_blocked 0
softirq 284793295 185856063 20794430 453065 10425480 242528 0 34545092 24107911 492 8368234

cpu  478863 27741 948770 411963162 47794 0 505399 0 0 0
cpu0 86314 9504 149168 103094836 10990 0 105907 0 0 0
cpu1 196647 9081 473638 102586234 11680 0 171831 0 0 0
cpu2 101357 2509 172014 103146475 12686 0 120822 0 0 0
cpu3 94543 6646 153949 103135615 12436 0 106839 0 0 0
intr 9042227774 0 0 1924381 81 0 502555 19967074 0 0 0 7238021 0 0 0 0 0 0 0 0 0 0 0 0 0 0 0 0 0 0 0 0 0 0 0 0 0 0 0 0 0 0 0 0 0 0 0 0 0 0 0 0 4221405451 0 0 0 0 0 0 0 0 302871 0 242539 0 0 0 0 0 0 0 0 0 0 0 396318191 1 0 0 0 0 0 0 0 0 0 0 0 0 0 0 0 0 0 0 0 0 0 0 234836 4219 0 0 0 0 9291730 0 0 0 0 0 0 0 0 0 0 0 0 0 0 0 0 0 0 0 0 0 0 0 0 0 0 0 0 0 0 0 0 0 0 0 0 0 0 0 0 0 0 0 0 0 0 0 0 0 0 0 0 0 0 0 0 0 0 0 0 0 0 0 0 0 0 0 0 0 0 0 0 0 0 0 89828533 0 0 0
ctxt 205233378
btime 1669654930
processes 393433
procs_running 3
procs_blocked 0
softirq 284793506 185856148 20794442 453065 10425510 242528 0 34545141 24107935 492 8368245

cpu  478864 27741 948772 411963355 47794 0 505400 0 0 0
cpu0 86314 9504 149168 103094886 10990 0 105907 0 0 0
cpu1 196648 9081 473640 102586280 11680 0 171831 0 0 0
cpu2 101357 2509 172014 103146524 12686 0 120822 0 0 0
cpu3 94544 6646 153949 103135663 12436 0 106839 0 0 0
intr 9042232566 0 0 1924385 81 0 502555 19967109 0 0 0 7238026 0 0 0 0 0 0 0 0 0 0 0 0 0 0 0 0 0 0 0 0 0 0 0 0 0 0 0 0 0 0 0 0 0 0 0 0 0 0 0 0 4221409496 0 0 0 0 0 0 0 0 302872 0 242539 0 0 0 0 0 0 0 0 0 0 0 396318364 1 0 0 0 0 0 0 0 0 0 0 0 0 0 0 0 0 0 0 0 0 0 0 234836 4219 0 0 0 0 9291762 0 0 0 0 0 0 0 0 0 0 0 0 0 0 0 0 0 0 0 0 0 0 0 0 0 0 0 0 0 0 0 0 0 0 0 0 0 0 0 0 0 0 0 0 0 0 0 0 0 0 0 0 0 0 0 0 0 0 0 0 0 0 0 0 0 0 0 0 0 0 0 0 0 0 0 89829026 0 0 0
ctxt 205234414
btime 1669654930
processes 393433
procs_running 2
procs_blocked 0
softirq 284793705 185856207 20794459 453065 10425533 242528 0 34545197 24107964 492 8368260

cpu  478865 27741 948773 411963546 47794 0 505400 0 0 0
cpu0 86314 9504 149168 103094935 10990 0 105907 0 0 0
cpu1 196648 9081 473641 102586325 11680 0 171832 0 0 0
cpu2 101357 2509 172014 103146573 12686 0 120822 0 0 0
cpu3 94544 6646 153949 103135712 12436 0 106839 0 0 0
intr 9042237559 0 0 1924393 81 0 502555 19967159 0 0 0 7238031 0 0 0 0 0 0 0 0 0 0 0 0 0 0 0 0 0 0 0 0 0 0 0 0 0 0 0 0 0 0 0 0 0 0 0 0 0 0 0 0 4221413639 0 0 0 0 0 0 0 0 302873 0 242539 0 0 0 0 0 0 0 0 0 0 0 396318622 1 0 0 0 0 0 0 0 0 0 0 0 0 0 0 0 0 0 0 0 0 0 0 234836 4219 0 0 0 0 9291794 0 0 0 0 0 0 0 0 0 0 0 0 0 0 0 0 0 0 0 0 0 0 0 0 0 0 0 0 0 0 0 0 0 0 0 0 0 0 0 0 0 0 0 0 0 0 0 0 0 0 0 0 0 0 0 0 0 0 0 0 0 0 0 0 0 0 0 0 0 0 0 0 0 0 0 89829522 0 0 0
ctxt 205235475
btime 1669654930
processes 393433
procs_running 2
procs_blocked 0
softirq 284794051 185856350 20794474 453065 10425585 242528 0 34545291 24107994 492 8368272

cpu  478866 27741 948774 411963740 47794 0 505400 0 0 0
cpu0 86314 9504 149168 103094984 10990 0 105907 0 0 0
cpu1 196649 9081 473642 102586371 11680 0 171832 0 0 0
cpu2 101357 2509 172014 103146623 12686 0 120822 0 0 0
cpu3 94544 6646 153949 103135761 12436 0 106839 0 0 0
intr 9042242223 0 0 1924398 81 0 502555 19967174 0 0 0 7238036 0 0 0 0 0 0 0 0 0 0 0 0 0 0 0 0 0 0 0 0 0 0 0 0 0 0 0 0 0 0 0 0 0 0 0 0 0 0 0 0 4221417642 0 0 0 0 0 0 0 0 302874 0 242539 0 0 0 0 0 0 0 0 0 0 0 396318750 1 0 0 0 0 0 0 0 0 0 0 0 0 0 0 0 0 0 0 0 0 0 0 234836 4219 0 0 0 0 9291809 0 0 0 0 0 0 0 0 0 0 0 0 0 0 0 0 0 0 0 0 0 0 0 0 0 0 0 0 0 0 0 0 0 0 0 0 0 0 0 0 0 0 0 0 0 0 0 0 0 0 0 0 0 0 0 0 0 0 0 0 0 0 0 0 0 0 0 0 0 0 0 0 0 0 0 89830013 0 0 0
ctxt 205236457
btime 1669654930
processes 393433
procs_running 2
procs_blocked 0
softirq 284794116 185856350 20794489 453066 10425586 242528 0 34545305 24108015 492 8368285

cpu  478866 27741 948778 411963933 47794 0 505400 0 0 0
cpu0 86314 9504 149168 103095034 10990 0 105907 0 0 0
cpu1 196649 9081 473645 102586416 11680 0 171832 0 0 0
cpu2 101357 2509 172014 103146672 12686 0 120822 0 0 0
cpu3 94544 6646 153949 103135810 12436 0 106839 0 0 0
intr 9042247178 0 0 1924402 81 0 502555 19967220 0 0 0 7238041 0 0 0 0 0 0 0 0 0 0 0 0 0 0 0 0 0 0 0 0 0 0 0 0 0 0 0 0 0 0 0 0 0 0 0 0 0 0 0 0 4221421779 0 0 0 0 0 0 0 0 302875 0 242539 0 0 0 0 0 0 0 0 0 0 0 396319013 1 0 0 0 0 0 0 0 0 0 0 0 0 0 0 0 0 0 0 0 0 0 0 234836 4219 0 0 0 0 9291824 0 0 0 0 0 0 0 0 0 0 0 0 0 0 0 0 0 0 0 0 0 0 0 0 0 0 0 0 0 0 0 0 0 0 0 0 0 0 0 0 0 0 0 0 0 0 0 0 0 0 0 0 0 0 0 0 0 0 0 0 0 0 0 0 0 0 0 0 0 0 0 0 0 0 0 89830499 0 0 0
ctxt 205237492
btime 1669654930
processes 393433
procs_running 2
procs_blocked 0
softirq 284794451 185856476 20794505 453066 10425649 242528 0 34545397 24108042 492 8368296

cpu  478866 27741 948780 411964125 47794 0 505400 0 0 0
cpu0 86314 9504 149168 103095083 10990 0 105907 0 0 0
cpu1 196649 9081 473647 102586461 11680 0 171832 0 0 0
cpu2 101357 2509 172015 103146721 12686 0 120822 0 0 0
cpu3 94544 6646 153949 103135859 12436 0 106839 0 0 0
intr 9042252078 0 0 1924408 81 0 502555 19967252 0 0 0 7238046 0 0 0 0 0 0 0 0 0 0 0 0 0 0 0 0 0 0 0 0 0 0 0 0 0 0 0 0 0 0 0 0 0 0 0 0 0 0 0 0 4221425901 0 0 0 0 0 0 0 0 302876 0 242539 0 0 0 0 0 0 0 0 0 0 0 396319247 1 0 0 0 0 0 0 0 0 0 0 0 0 0 0 0 0 0 0 0 0 0 0 234836 4219 0 0 0 0 9291839 0 0 0 0 0 0 0 0 0 0 0 0 0 0 0 0 0 0 0 0 0 0 0 0 0 0 0 0 0 0 0 0 0 0 0 0 0 0 0 0 0 0 0 0 0 0 0 0 0 0 0 0 0 0 0 0 0 0 0 0 0 0 0 0 0 0 0 0 0 0 0 0 0 0 0 89830982 0 0 0
ctxt 205238494
btime 1669654930
processes 393433
procs_running 2
procs_blocked 0
softirq 284794747 185856587 20794518 453066 10425705 242528 0 34545480 24108063 492 8368308

cpu  478866 27741 948783 411964319 47794 0 505400 0 0 0
cpu0 86314 9504 149168 103095132 10990 0 105907 0 0 0
cpu1 196650 9081 473650 102586506 11680 0 171832 0 0 0
cpu2 101357 2509 172015 103146770 12686 0 120822 0 0 0
cpu3 94544 6646 153949 103135908 12436 0 106839 0 0 0
intr 9042256785 0 0 1924410 81 0 502555 19967275 0 0 0 7238051 0 0 0 0 0 0 0 0 0 0 0 0 0 0 0 0 0 0 0 0 0 0 0 0 0 0 0 0 0 0 0 0 0 0 0 0 0 0 0 0 4221429922 0 0 0 0 0 0 0 0 302877 0 242539 0 0 0 0 0 0 0 0 0 0 0 396319400 1 0 0 0 0 0 0 0 0 0 0 0 0 0 0 0 0 0 0 0 0 0 0 234836 4219 0 0 0 0 9291854 0 0 0 0 0 0 0 0 0 0 0 0 0 0 0 0 0 0 0 0 0 0 0 0 0 0 0 0 0 0 0 0 0 0 0 0 0 0 0 0 0 0 0 0 0 0 0 0 0 0 0 0 0 0 0 0 0 0 0 0 0 0 0 0 0 0 0 0 0 0 0 0 0 0 0 89831469 0 0 0
ctxt 205239480
btime 1669654930
processes 393433
procs_running 2
procs_blocked 0
softirq 284794820 185856595 20794530 453066 10425706 242528 0 34545494 24108089 492 8368320

cpu  478866 27741 948786 411964511 47794 0 505401 0 0 0
cpu0 86314 9504 149168 103095181 10990 0 105907 0 0 0
cpu1 196650 9081 473652 102586552 11680 0 171832 0 0 0
cpu2 101357 2509 172015 103146819 12686 0 120822 0 0 0
cpu3 94544 6646 153949 103135957 12436 0 106839 0 0 0
intr 9042261703 0 0 1924419 81 0 502555 19967307 0 0 0 7238056 0 0 0 0 0 0 0 0 0 0 0 0 0 0 0 0 0 0 0 0 0 0 0 0 0 0 0 0 0 0 0 0 0 0 0 0 0 0 0 0 4221434050 0 0 0 0 0 0 0 0 302878 0 242539 0 0 0 0 0 0 0 0 0 0 0 396319638 1 0 0 0 0 0 0 0 0 0 0 0 0 0 0 0 0 0 0 0 0 0 0 234836 4219 0 0 0 0 9291869 0 0 0 0 0 0 0 0 0 0 0 0 0 0 0 0 0 0 0 0 0 0 0 0 0 0 0 0 0 0 0 0 0 0 0 0 0 0 0 0 0 0 0 0 0 0 0 0 0 0 0 0 0 0 0 0 0 0 0 0 0 0 0 0 0 0 0 0 0 0 0 0 0 0 0 89831960 0 0 0
ctxt 205240496
btime 1669654930
processes 393433
procs_running 2
procs_blocked 0
softirq 284795157 185856731 20794545 453066 10425762 242528 0 34545585 24108115 492 8368333

cpu  478867 27741 948788 411964703 47794 0 505402 0 0 0
cpu0 86314 9504 149168 103095231 10990 0 105907 0 0 0
cpu1 196650 9081 473654 102586596 11680 0 171833 0 0 0
cpu2 101357 2509 172016 103146868 12686 0 120822 0 0 0
cpu3 94544 6646 153949 103136006 12436 0 106839 0 0 0
intr 9042266654 0 0 1924425 81 0 502555 19967344 0 0 0 7238061 0 0 0 0 0 0 0 0 0 0 0 0 0 0 0 0 0 0 0 0 0 0 0 0 0 0 0 0 0 0 0 0 0 0 0 0 0 0 0 0 4221438189 0 0 0 0 0 0 0 0 302879 0 242539 0 0 0 0 0 0 0 0 0 0 0 396319900 1 0 0 0 0 0 0 0 0 0 0 0 0 0 0 0 0 0 0 0 0 0 0 234836 4219 0 0 0 0 9291884 0 0 0 0 0 0 0 0 0 0 0 0 0 0 0 0 0 0 0 0 0 0 0 0 0 0 0 0 0 0 0 0 0 0 0 0 0 0 0 0 0 0 0 0 0 0 0 0 0 0 0 0 0 0 0 0 0 0 0 0 0 0 0 0 0 0 0 0 0 0 0 0 0 0 0 89832445 0 0 0
ctxt 205241495
btime 1669654930
processes 393433
procs_running 2
procs_blocked 0
softirq 284795497 185856866 20794559 453066 10425817 242528 0 34545680 24108144 492 8368345

cpu  478867 27741 948790 411964897 47794 0 505402 0 0 0
cpu0 86314 9504 149168 103095280 10990 0 105907 0 0 0
cpu1 196650 9081 473656 102586642 11680 0 171833 0 0 0
cpu2 101357 2509 172016 103146917 12686 0 120822 0 0 0
cpu3 94544 6646 153949 103136056 12436 0 106839 0 0 0
intr 9042271315 0 0 1924427 81 0 502555 19967362 0 0 0 7238066 0 0 0 0 0 0 0 0 0 0 0 0 0 0 0 0 0 0 0 0 0 0 0 0 0 0 0 0 0 0 0 0 0 0 0 0 0 0 0 0 4221442193 0 0 0 0 0 0 0 0 302880 0 242539 0 0 0 0 0 0 0 0 0 0 0 396320028 1 0 0 0 0 0 0 0 0 0 0 0 0 0 0 0 0 0 0 0 0 0 0 234836 4219 0 0 0 0 9291899 0 0 0 0 0 0 0 0 0 0 0 0 0 0 0 0 0 0 0 0 0 0 0 0 0 0 0 0 0 0 0 0 0 0 0 0 0 0 0 0 0 0 0 0 0 0 0 0 0 0 0 0 0 0 0 0 0 0 0 0 0 0 0 0 0 0 0 0 0 0 0 0 0 0 0 89832935 0 0 0
ctxt 205242473
btime 1669654930
processes 393433
procs_running 3
procs_blocked 0
softirq 284795559 185856866 20794572 453066 10425818 242528 0 34545694 24108166 492 8368357

cpu  478868 27741 948794 411965089 47794 0 505402 0 0 0
cpu0 86314 9504 149168 103095329 10990 0 105907 0 0 0
cpu1 196651 9081 473660 102586687 11680 0 171833 0 0 0
cpu2 101357 2509 172016 103146966 12686 0 120822 0 0 0
cpu3 94544 6646 153950 103136105 12436 0 106839 0 0 0
intr 9042276274 0 0 1924435 81 0 502555 19967400 0 0 0 7238071 0 0 0 0 0 0 0 0 0 0 0 0 0 0 0 0 0 0 0 0 0 0 0 0 0 0 0 0 0 0 0 0 0 0 0 0 0 0 0 0 4221446334 0 0 0 0 0 0 0 0 302881 0 242539 0 0 0 0 0 0 0 0 0 0 0 396320288 1 0 0 0 0 0 0 0 0 0 0 0 0 0 0 0 0 0 0 0 0 0 0 234836 4219 0 0 0 0 9291914 0 0 0 0 0 0 0 0 0 0 0 0 0 0 0 0 0 0 0 0 0 0 0 0 0 0 0 0 0 0 0 0 0 0 0 0 0 0 0 0 0 0 0 0 0 0 0 0 0 0 0 0 0 0 0 0 0 0 0 0 0 0 0 0 0 0 0 0 0 0 0 0 0 0 0 89833425 0 0 0
ctxt 205243491
btime 1669654930
processes 393433
procs_running 2
procs_blocked 0
softirq 284795906 185857017 20794585 453066 10425875 242528 0 34545779 24108194 492 8368370

cpu  478869 27741 948796 411965283 47794 0 505402 0 0 0
cpu0 86314 9504 149168 103095379 10990 0 105907 0 0 0
cpu1 196652 9081 473660 102586733 11680 0 171833 0 0 0
cpu2 101357 2509 172016 103147016 12686 0 120822 0 0 0
cpu3 94544 6646 153950 103136154 12436 0 106839 0 0 0
intr 9042280937 0 0 1924440 81 0 502555 19967418 0 0 0 7238076 0 0 0 0 0 0 0 0 0 0 0 0 0 0 0 0 0 0 0 0 0 0 0 0 0 0 0 0 0 0 0 0 0 0 0 0 0 0 0 0 4221450338 0 0 0 0 0 0 0 0 302882 0 242539 0 0 0 0 0 0 0 0 0 0 0 396320416 1 0 0 0 0 0 0 0 0 0 0 0 0 0 0 0 0 0 0 0 0 0 0 234836 4219 0 0 0 0 9291929 0 0 0 0 0 0 0 0 0 0 0 0 0 0 0 0 0 0 0 0 0 0 0 0 0 0 0 0 0 0 0 0 0 0 0 0 0 0 0 0 0 0 0 0 0 0 0 0 0 0 0 0 0 0 0 0 0 0 0 0 0 0 0 0 0 0 0 0 0 0 0 0 0 0 0 89833912 0 0 0
ctxt 205244472
btime 1669654930
processes 393433
procs_running 2
procs_blocked 0
softirq 284795971 185857017 20794601 453066 10425876 242528 0 34545793 24108215 492 8368383

cpu  478869 27741 948799 411965474 47794 0 505402 0 0 0
cpu0 86314 9504 149168 103095428 10990 0 105907 0 0 0
cpu1 196652 9081 473663 102586778 11680 0 171833 0 0 0
cpu2 101357 2509 172016 103147065 12686 0 120822 0 0 0
cpu3 94544 6646 153950 103136203 12436 0 106839 0 0 0
intr 9042285907 0 0 1924444 81 0 502555 19967465 0 0 0 7238081 0 0 0 0 0 0 0 0 0 0 0 0 0 0 0 0 0 0 0 0 0 0 0 0 0 0 0 0 0 0 0 0 0 0 0 0 0 0 0 0 4221454478 0 0 0 0 0 0 0 0 302883 0 242539 0 0 0 0 0 0 0 0 0 0 0 396320669 1 0 0 0 0 0 0 0 0 0 0 0 0 0 0 0 0 0 0 0 0 0 0 234836 4219 0 0 0 0 9291961 0 0 0 0 0 0 0 0 0 0 0 0 0 0 0 0 0 0 0 0 0 0 0 0 0 0 0 0 0 0 0 0 0 0 0 0 0 0 0 0 0 0 0 0 0 0 0 0 0 0 0 0 0 0 0 0 0 0 0 0 0 0 0 0 0 0 0 0 0 0 0 0 0 0 0 89834400 0 0 0
ctxt 205245514
btime 1669654930
processes 393433
procs_running 2
procs_blocked 0
softirq 284796294 185857141 20794617 453066 10425927 242528 0 34545880 24108246 492 8368397

cpu  478870 27741 948800 411965666 47794 0 505403 0 0 0
cpu0 86314 9504 149168 103095477 10990 0 105907 0 0 0
cpu1 196653 9081 473665 102586823 11680 0 171833 0 0 0
cpu2 101357 2509 172016 103147113 12686 0 120822 0 0 0
cpu3 94544 6646 153950 103136252 12436 0 106840 0 0 0
intr 9042290852 0 0 1924456 81 0 502555 19967507 0 0 0 7238086 0 0 0 0 0 0 0 0 0 0 0 0 0 0 0 0 0 0 0 0 0 0 0 0 0 0 0 0 0 0 0 0 0 0 0 0 0 0 0 0 4221458601 0 0 0 0 0 0 0 0 302884 0 242539 0 0 0 0 0 0 0 0 0 0 0 396320907 1 0 0 0 0 0 0 0 0 0 0 0 0 0 0 0 0 0 0 0 0 0 0 234836 4219 0 0 0 0 9291985 0 0 0 0 0 0 0 0 0 0 0 0 0 0 0 0 0 0 0 0 0 0 0 0 0 0 0 0 0 0 0 0 0 0 0 0 0 0 0 0 0 0 0 0 0 0 0 0 0 0 0 0 0 0 0 0 0 0 0 0 0 0 0 0 0 0 0 0 0 0 0 0 0 0 0 89834900 0 0 0
ctxt 205246544
btime 1669654930
processes 393433
procs_running 2
procs_blocked 0
softirq 284796625 185857274 20794634 453067 10425979 242528 0 34545967 24108274 492 8368410

cpu  478870 27741 948802 411965860 47794 0 505403 0 0 0
cpu0 86314 9504 149168 103095526 10990 0 105907 0 0 0
cpu1 196653 9081 473666 102586869 11680 0 171833 0 0 0
cpu2 101357 2509 172017 103147163 12686 0 120822 0 0 0
cpu3 94544 6646 153950 103136301 12436 0 106840 0 0 0
intr 9042295560 0 0 1924460 81 0 502555 19967531 0 0 0 7238091 0 0 0 0 0 0 0 0 0 0 0 0 0 0 0 0 0 0 0 0 0 0 0 0 0 0 0 0 0 0 0 0 0 0 0 0 0 0 0 0 4221462621 0 0 0 0 0 0 0 0 302885 0 242539 0 0 0 0 0 0 0 0 0 0 0 396321061 1 0 0 0 0 0 0 0 0 0 0 0 0 0 0 0 0 0 0 0 0 0 0 234836 4219 0 0 0 0 9292000 0 0 0 0 0 0 0 0 0 0 0 0 0 0 0 0 0 0 0 0 0 0 0 0 0 0 0 0 0 0 0 0 0 0 0 0 0 0 0 0 0 0 0 0 0 0 0 0 0 0 0 0 0 0 0 0 0 0 0 0 0 0 0 0 0 0 0 0 0 0 0 0 0 0 0 89835385 0 0 0
ctxt 205247540
btime 1669654930
processes 393433
procs_running 2
procs_blocked 0
softirq 284796692 185857282 20794646 453067 10425980 242528 0 34545982 24108294 492 8368421

cpu  478870 27741 948804 411966054 47794 0 505404 0 0 0
cpu0 86314 9504 149168 103095576 10990 0 105907 0 0 0
cpu1 196653 9081 473668 102586914 11680 0 171833 0 0 0
cpu2 101357 2509 172017 103147212 12686 0 120822 0 0 0
cpu3 94544 6646 153950 103136350 12436 0 106840 0 0 0
intr 9042300226 0 0 1924465 81 0 502555 19967550 0 0 0 7238096 0 0 0 0 0 0 0 0 0 0 0 0 0 0 0 0 0 0 0 0 0 0 0 0 0 0 0 0 0 0 0 0 0 0 0 0 0 0 0 0 4221466625 0 0 0 0 0 0 0 0 302886 0 242539 0 0 0 0 0 0 0 0 0 0 0 396321187 1 0 0 0 0 0 0 0 0 0 0 0 0 0 0 0 0 0 0 0 0 0 0 234836 4219 0 0 0 0 9292015 0 0 0 0 0 0 0 0 0 0 0 0 0 0 0 0 0 0 0 0 0 0 0 0 0 0 0 0 0 0 0 0 0 0 0 0 0 0 0 0 0 0 0 0 0 0 0 0 0 0 0 0 0 0 0 0 0 0 0 0 0 0 0 0 0 0 0 0 0 0 0 0 0 0 0 89835876 0 0 0
ctxt 205248521
btime 1669654930
processes 393433
procs_running 2
procs_blocked 0
softirq 284796754 185857282 20794659 453067 10425981 242528 0 34545996 24108316 492 8368433

cpu  478871 27741 948806 411966247 47794 0 505404 0 0 0
cpu0 86314 9504 149168 103095625 10990 0 105907 0 0 0
cpu1 196654 9081 473669 102586960 11680 0 171833 0 0 0
cpu2 101357 2509 172017 103147261 12686 0 120822 0 0 0
cpu3 94544 6646 153950 103136400 12436 0 106840 0 0 0
intr 9042304937 0 0 1924469 81 0 502555 19967573 0 0 0 7238101 0 0 0 0 0 0 0 0 0 0 0 0 0 0 0 0 0 0 0 0 0 0 0 0 0 0 0 0 0 0 0 0 0 0 0 0 0 0 0 0 4221470645 0 0 0 0 0 0 0 0 302887 0 242539 0 0 0 0 0 0 0 0 0 0 0 396321340 1 0 0 0 0 0 0 0 0 0 0 0 0 0 0 0 0 0 0 0 0 0 0 234836 4219 0 0 0 0 9292030 0 0 0 0 0 0 0 0 0 0 0 0 0 0 0 0 0 0 0 0 0 0 0 0 0 0 0 0 0 0 0 0 0 0 0 0 0 0 0 0 0 0 0 0 0 0 0 0 0 0 0 0 0 0 0 0 0 0 0 0 0 0 0 0 0 0 0 0 0 0 0 0 0 0 0 89836366 0 0 0
ctxt 205249518
btime 1669654930
processes 393433
procs_running 2
procs_blocked 0
softirq 284796825 185857290 20794673 453067 10425982 242528 0 34546011 24108338 492 8368444

cpu  478871 27741 948807 411966441 47794 0 505404 0 0 0
cpu0 86314 9504 149168 103095674 10990 0 105907 0 0 0
cpu1 196654 9081 473670 102587006 11680 0 171833 0 0 0
cpu2 101357 2509 172017 103147311 12686 0 120822 0 0 0
cpu3 94544 6646 153950 103136449 12436 0 106840 0 0 0
intr 9042309594 0 0 1924469 81 0 502555 19967588 0 0 0 7238106 0 0 0 0 0 0 0 0 0 0 0 0 0 0 0 0 0 0 0 0 0 0 0 0 0 0 0 0 0 0 0 0 0 0 0 0 0 0 0 0 4221474648 0 0 0 0 0 0 0 0 302888 0 242539 0 0 0 0 0 0 0 0 0 0 0 396321468 1 0 0 0 0 0 0 0 0 0 0 0 0 0 0 0 0 0 0 0 0 0 0 234836 4219 0 0 0 0 9292045 0 0 0 0 0 0 0 0 0 0 0 0 0 0 0 0 0 0 0 0 0 0 0 0 0 0 0 0 0 0 0 0 0 0 0 0 0 0 0 0 0 0 0 0 0 0 0 0 0 0 0 0 0 0 0 0 0 0 0 0 0 0 0 0 0 0 0 0 0 0 0 0 0 0 0 89836855 0 0 0
ctxt 205250500
btime 1669654930
processes 393433
procs_running 2
procs_blocked 0
softirq 284796890 185857290 20794687 453067 10425983 242528 0 34546025 24108361 492 8368457

cpu  478874 27741 948815 411966627 47794 0 505404 0 0 0
cpu0 86315 9504 149169 103095722 10990 0 105907 0 0 0
cpu1 196655 9081 473674 102587051 11680 0 171833 0 0 0
cpu2 101358 2509 172019 103147357 12686 0 120822 0 0 0
cpu3 94545 6646 153952 103136496 12436 0 106840 0 0 0
intr 9042314486 0 0 1924479 81 0 502568 19967662 0 0 0 7238111 0 0 0 0 0 0 0 0 0 0 0 0 0 0 0 0 0 0 0 0 0 0 0 0 0 0 0 0 0 0 0 0 0 0 0 0 0 0 0 0 4221478667 0 0 0 0 0 0 0 0 302889 0 242539 0 0 0 0 0 0 0 0 0 0 0 396321622 1 0 0 0 0 0 0 0 0 0 0 0 0 0 0 0 0 0 0 0 0 0 0 234836 4219 0 0 0 0 9292077 0 0 0 0 0 0 0 0 0 0 0 0 0 0 0 0 0 0 0 0 0 0 0 0 0 0 0 0 0 0 0 0 0 0 0 0 0 0 0 0 0 0 0 0 0 0 0 0 0 0 0 0 0 0 0 0 0 0 0 0 0 0 0 0 0 0 0 0 0 0 0 0 0 0 0 89837439 0 0 0
ctxt 205251643
btime 1669654930
processes 393444
procs_running 2
procs_blocked 0
softirq 284797102 185857298 20794720 453067 10425986 242528 0 34546052 24108428 492 8368531

cpu  478874 27741 948817 411966820 47794 0 505404 0 0 0
cpu0 86315 9504 149169 103095771 10990 0 105907 0 0 0
cpu1 196655 9081 473676 102587096 11680 0 171833 0 0 0
cpu2 101358 2509 172019 103147406 12686 0 120822 0 0 0
cpu3 94545 6646 153952 103136545 12436 0 106840 0 0 0
intr 9042319183 0 0 1924484 81 0 502568 19967693 0 0 0 7238116 0 0 0 0 0 0 0 0 0 0 0 0 0 0 0 0 0 0 0 0 0 0 0 0 0 0 0 0 0 0 0 0 0 0 0 0 0 0 0 0 4221482671 0 0 0 0 0 0 0 0 302890 0 242539 0 0 0 0 0 0 0 0 0 0 0 396321750 1 0 0 0 0 0 0 0 0 0 0 0 0 0 0 0 0 0 0 0 0 0 0 234836 4219 0 0 0 0 9292099 0 0 0 0 0 0 0 0 0 0 0 0 0 0 0 0 0 0 0 0 0 0 0 0 0 0 0 0 0 0 0 0 0 0 0 0 0 0 0 0 0 0 0 0 0 0 0 0 0 0 0 0 0 0 0 0 0 0 0 0 0 0 0 0 0 0 0 0 0 0 0 0 0 0 0 89837940 0 0 0
ctxt 205252658
btime 1669654930
processes 393444
procs_running 2
procs_blocked 0
softirq 284797192 185857298 20794738 453067 10425987 242528 0 34546072 24108459 492 8368551

cpu  478875 27741 948819 411967014 47794 0 505404 0 0 0
cpu0 86315 9504 149169 103095820 10990 0 105907 0 0 0
cpu1 196656 9081 473678 102587142 11680 0 171833 0 0 0
cpu2 101358 2509 172020 103147456 12686 0 120822 0 0 0
cpu3 94545 6646 153952 103136594 12436 0 106840 0 0 0
intr 9042323912 0 0 1924488 81 0 502568 19967728 0 0 0 7238121 0 0 0 0 0 0 0 0 0 0 0 0 0 0 0 0 0 0 0 0 0 0 0 0 0 0 0 0 0 0 0 0 0 0 0 0 0 0 0 0 4221486691 0 0 0 0 0 0 0 0 302891 0 242539 0 0 0 0 0 0 0 0 0 0 0 396321903 1 0 0 0 0 0 0 0 0 0 0 0 0 0 0 0 0 0 0 0 0 0 0 234836 4219 0 0 0 0 9292121 0 0 0 0 0 0 0 0 0 0 0 0 0 0 0 0 0 0 0 0 0 0 0 0 0 0 0 0 0 0 0 0 0 0 0 0 0 0 0 0 0 0 0 0 0 0 0 0 0 0 0 0 0 0 0 0 0 0 0 0 0 0 0 0 0 0 0 0 0 0 0 0 0 0 0 89838431 0 0 0
ctxt 205253670
btime 1669654930
processes 393444
procs_running 3
procs_blocked 0
softirq 284797272 185857306 20794752 453067 10425989 242528 0 34546091 24108484 492 8368563

cpu  478875 27741 948821 411967207 47794 0 505404 0 0 0
cpu0 86315 9504 149169 103095870 10990 0 105907 0 0 0
cpu1 196656 9081 473679 102587188 11680 0 171833 0 0 0
cpu2 101358 2509 172020 103147505 12686 0 120822 0 0 0
cpu3 94545 6646 153952 103136644 12436 0 106840 0 0 0
intr 9042328582 0 0 1924492 81 0 502568 19967748 0 0 0 7238126 0 0 0 0 0 0 0 0 0 0 0 0 0 0 0 0 0 0 0 0 0 0 0 0 0 0 0 0 0 0 0 0 0 0 0 0 0 0 0 0 4221490695 0 0 0 0 0 0 0 0 302892 0 242539 0 0 0 0 0 0 0 0 0 0 0 396322031 1 0 0 0 0 0 0 0 0 0 0 0 0 0 0 0 0 0 0 0 0 0 0 234836 4219 0 0 0 0 9292136 0 0 0 0 0 0 0 0 0 0 0 0 0 0 0 0 0 0 0 0 0 0 0 0 0 0 0 0 0 0 0 0 0 0 0 0 0 0 0 0 0 0 0 0 0 0 0 0 0 0 0 0 0 0 0 0 0 0 0 0 0 0 0 0 0 0 0 0 0 0 0 0 0 0 0 89838923 0 0 0
ctxt 205254661
btime 1669654930
processes 393444
procs_running 2
procs_blocked 0
softirq 284797335 185857306 20794766 453067 10425990 242528 0 34546105 24108507 492 8368574

cpu  478876 27741 948822 411967401 47794 0 505404 0 0 0
cpu0 86315 9504 149169 103095919 10990 0 105907 0 0 0
cpu1 196657 9081 473681 102587233 11680 0 171833 0 0 0
cpu2 101358 2509 172020 103147554 12686 0 120822 0 0 0
cpu3 94545 6646 153952 103136693 12436 0 106840 0 0 0
intr 9042333315 0 0 1924496 81 0 502568 19967783 0 0 0 7238131 0 0 0 0 0 0 0 0 0 0 0 0 0 0 0 0 0 0 0 0 0 0 0 0 0 0 0 0 0 0 0 0 0 0 0 0 0 0 0 0 4221494716 0 0 0 0 0 0 0 0 302893 0 242539 0 0 0 0 0 0 0 0 0 0 0 396322184 1 0 0 0 0 0 0 0 0 0 0 0 0 0 0 0 0 0 0 0 0 0 0 234836 4219 0 0 0 0 9292158 0 0 0 0 0 0 0 0 0 0 0 0 0 0 0 0 0 0 0 0 0 0 0 0 0 0 0 0 0 0 0 0 0 0 0 0 0 0 0 0 0 0 0 0 0 0 0 0 0 0 0 0 0 0 0 0 0 0 0 0 0 0 0 0 0 0 0 0 0 0 0 0 0 0 0 89839414 0 0 0
ctxt 205255681
btime 1669654930
processes 393444
procs_running 2
procs_blocked 0
softirq 284797414 185857314 20794781 453067 10425992 242528 0 34546126 24108528 492 8368586

cpu  478876 27741 948825 411967594 47794 0 505404 0 0 0
cpu0 86315 9504 149169 103095968 10990 0 105907 0 0 0
cpu1 196657 9081 473684 102587279 11680 0 171833 0 0 0
cpu2 101358 2509 172020 103147603 12686 0 120822 0 0 0
cpu3 94545 6646 153952 103136742 12436 0 106840 0 0 0
intr 9042337980 0 0 1924497 81 0 502568 19967799 0 0 0 7238136 0 0 0 0 0 0 0 0 0 0 0 0 0 0 0 0 0 0 0 0 0 0 0 0 0 0 0 0 0 0 0 0 0 0 0 0 0 0 0 0 4221498720 0 0 0 0 0 0 0 0 302894 0 242539 0 0 0 0 0 0 0 0 0 0 0 396322312 1 0 0 0 0 0 0 0 0 0 0 0 0 0 0 0 0 0 0 0 0 0 0 234836 4219 0 0 0 0 9292173 0 0 0 0 0 0 0 0 0 0 0 0 0 0 0 0 0 0 0 0 0 0 0 0 0 0 0 0 0 0 0 0 0 0 0 0 0 0 0 0 0 0 0 0 0 0 0 0 0 0 0 0 0 0 0 0 0 0 0 0 0 0 0 0 0 0 0 0 0 0 0 0 0 0 0 89839910 0 0 0
ctxt 205256673
btime 1669654930
processes 393444
procs_running 2
procs_blocked 0
softirq 284797485 185857314 20794798 453068 10425993 242528 0 34546140 24108554 492 8368598

cpu  478876 27741 948828 411967788 47794 0 505404 0 0 0
cpu0 86315 9504 149169 103096017 10990 0 105907 0 0 0
cpu1 196657 9081 473686 102587325 11680 0 171833 0 0 0
cpu2 101358 2509 172020 103147653 12686 0 120822 0 0 0
cpu3 94545 6646 153952 103136791 12436 0 106840 0 0 0
intr 9042342680 0 0 1924497 81 0 502568 19967819 0 0 0 7238141 0 0 0 0 0 0 0 0 0 0 0 0 0 0 0 0 0 0 0 0 0 0 0 0 0 0 0 0 0 0 0 0 0 0 0 0 0 0 0 0 4221502738 0 0 0 0 0 0 0 0 302895 0 242539 0 0 0 0 0 0 0 0 0 0 0 396322465 1 0 0 0 0 0 0 0 0 0 0 0 0 0 0 0 0 0 0 0 0 0 0 234836 4219 0 0 0 0 9292188 0 0 0 0 0 0 0 0 0 0 0 0 0 0 0 0 0 0 0 0 0 0 0 0 0 0 0 0 0 0 0 0 0 0 0 0 0 0 0 0 0 0 0 0 0 0 0 0 0 0 0 0 0 0 0 0 0 0 0 0 0 0 0 0 0 0 0 0 0 0 0 0 0 0 0 89840398 0 0 0
ctxt 205257666
btime 1669654930
processes 393444
procs_running 2
procs_blocked 0
softirq 284797555 185857322 20794811 453068 10425994 242528 0 34546153 24108578 492 8368609

cpu  478877 27741 948830 411967981 47794 0 505404 0 0 0
cpu0 86315 9504 149169 103096066 10990 0 105907 0 0 0
cpu1 196658 9081 473688 102587371 11680 0 171833 0 0 0
cpu2 101358 2509 172020 103147702 12686 0 120822 0 0 0
cpu3 94545 6646 153952 103136841 12436 0 106840 0 0 0
intr 9042347335 0 0 1924497 81 0 502568 19967835 0 0 0 7238145 0 0 0 0 0 0 0 0 0 0 0 0 0 0 0 0 0 0 0 0 0 0 0 0 0 0 0 0 0 0 0 0 0 0 0 0 0 0 0 0 4221506742 0 0 0 0 0 0 0 0 302896 0 242539 0 0 0 0 0 0 0 0 0 0 0 396322593 1 0 0 0 0 0 0 0 0 0 0 0 0 0 0 0 0 0 0 0 0 0 0 234836 4219 0 0 0 0 9292203 0 0 0 0 0 0 0 0 0 0 0 0 0 0 0 0 0 0 0 0 0 0 0 0 0 0 0 0 0 0 0 0 0 0 0 0 0 0 0 0 0 0 0 0 0 0 0 0 0 0 0 0 0 0 0 0 0 0 0 0 0 0 0 0 0 0 0 0 0 0 0 0 0 0 0 89840885 0 0 0
ctxt 205258654
btime 1669654930
processes 393444
procs_running 2
procs_blocked 0
softirq 284797617 185857322 20794826 453068 10425995 242528 0 34546167 24108599 492 8368620

cpu  478878 27741 948830 411968175 47794 0 505404 0 0 0
cpu0 86315 9504 149169 103096115 10990 0 105907 0 0 0
cpu1 196658 9081 473688 102587417 11680 0 171833 0 0 0
cpu2 101358 2509 172020 103147751 12686 0 120822 0 0 0
cpu3 94545 6646 153952 103136890 12436 0 106840 0 0 0
intr 9042352031 0 0 1924497 81 0 502568 19967852 0 0 0 7238150 0 0 0 0 0 0 0 0 0 0 0 0 0 0 0 0 0 0 0 0 0 0 0 0 0 0 0 0 0 0 0 0 0 0 0 0 0 0 0 0 4221510763 0 0 0 0 0 0 0 0 302897 0 242539 0 0 0 0 0 0 0 0 0 0 0 396322746 1 0 0 0 0 0 0 0 0 0 0 0 0 0 0 0 0 0 0 0 0 0 0 234836 4219 0 0 0 0 9292218 0 0 0 0 0 0 0 0 0 0 0 0 0 0 0 0 0 0 0 0 0 0 0 0 0 0 0 0 0 0 0 0 0 0 0 0 0 0 0 0 0 0 0 0 0 0 0 0 0 0 0 0 0 0 0 0 0 0 0 0 0 0 0 0 0 0 0 0 0 0 0 0 0 0 0 89841369 0 0 0
ctxt 205259646
btime 1669654930
processes 393444
procs_running 2
procs_blocked 0
softirq 284797682 185857330 20794838 453068 10425996 242528 0 34546182 24108617 492 8368631

cpu  478878 27741 948832 411968368 47794 0 505404 0 0 0
cpu0 86315 9504 149169 103096164 10990 0 105908 0 0 0
cpu1 196659 9081 473690 102587463 11680 0 171833 0 0 0
cpu2 101358 2509 172020 103147801 12686 0 120822 0 0 0
cpu3 94545 6646 153952 103136939 12436 0 106840 0 0 0
intr 9042356690 0 0 1924498 81 0 502568 19967867 0 0 0 7238155 0 0 0 0 0 0 0 0 0 0 0 0 0 0 0 0 0 0 0 0 0 0 0 0 0 0 0 0 0 0 0 0 0 0 0 0 0 0 0 0 4221514767 0 0 0 0 0 0 0 0 302898 0 242539 0 0 0 0 0 0 0 0 0 0 0 396322874 1 0 0 0 0 0 0 0 0 0 0 0 0 0 0 0 0 0 0 0 0 0 0 234836 4219 0 0 0 0 9292233 0 0 0 0 0 0 0 0 0 0 0 0 0 0 0 0 0 0 0 0 0 0 0 0 0 0 0 0 0 0 0 0 0 0 0 0 0 0 0 0 0 0 0 0 0 0 0 0 0 0 0 0 0 0 0 0 0 0 0 0 0 0 0 0 0 0 0 0 0 0 0 0 0 0 0 89841859 0 0 0
ctxt 205260634
btime 1669654930
processes 393444
procs_running 1
procs_blocked 0
softirq 284797747 185857330 20794853 453068 10425997 242528 0 34546196 24108639 492 8368644

cpu  478878 27741 948832 411968562 47794 0 505404 0 0 0
cpu0 86315 9504 149169 103096213 10990 0 105908 0 0 0
cpu1 196659 9081 473690 102587508 11680 0 171833 0 0 0
cpu2 101358 2509 172020 103147850 12686 0 120822 0 0 0
cpu3 94545 6646 153952 103136989 12436 0 106840 0 0 0
intr 9042361397 0 0 1924498 81 0 502568 19967890 0 0 0 7238160 0 0 0 0 0 0 0 0 0 0 0 0 0 0 0 0 0 0 0 0 0 0 0 0 0 0 0 0 0 0 0 0 0 0 0 0 0 0 0 0 4221518791 0 0 0 0 0 0 0 0 302899 0 242539 0 0 0 0 0 0 0 0 0 0 0 396323028 1 0 0 0 0 0 0 0 0 0 0 0 0 0 0 0 0 0 0 0 0 0 0 234836 4219 0 0 0 0 9292248 0 0 0 0 0 0 0 0 0 0 0 0 0 0 0 0 0 0 0 0 0 0 0 0 0 0 0 0 0 0 0 0 0 0 0 0 0 0 0 0 0 0 0 0 0 0 0 0 0 0 0 0 0 0 0 0 0 0 0 0 0 0 0 0 0 0 0 0 0 0 0 0 0 0 0 89842344 0 0 0
ctxt 205261626
btime 1669654930
processes 393444
procs_running 1
procs_blocked 0
softirq 284797815 185857338 20794866 453068 10425998 242528 0 34546211 24108659 492 8368655

cpu  478879 27741 948834 411968755 47794 0 505404 0 0 0
cpu0 86315 9504 149169 103096262 10990 0 105908 0 0 0
cpu1 196660 9081 473692 102587554 11680 0 171833 0 0 0
cpu2 101358 2509 172020 103147899 12686 0 120822 0 0 0
cpu3 94545 6646 153952 103137038 12436 0 106840 0 0 0
intr 9042366057 0 0 1924502 81 0 502568 19967909 0 0 0 7238165 0 0 0 0 0 0 0 0 0 0 0 0 0 0 0 0 0 0 0 0 0 0 0 0 0 0 0 0 0 0 0 0 0 0 0 0 0 0 0 0 4221522786 0 0 0 0 0 0 0 0 302900 0 242539 0 0 0 0 0 0 0 0 0 0 0 396323156 1 0 0 0 0 0 0 0 0 0 0 0 0 0 0 0 0 0 0 0 0 0 0 234836 4219 0 0 0 0 9292263 0 0 0 0 0 0 0 0 0 0 0 0 0 0 0 0 0 0 0 0 0 0 0 0 0 0 0 0 0 0 0 0 0 0 0 0 0 0 0 0 0 0 0 0 0 0 0 0 0 0 0 0 0 0 0 0 0 0 0 0 0 0 0 0 0 0 0 0 0 0 0 0 0 0 0 89842838 0 0 0
ctxt 205262621
btime 1669654930
processes 393444
procs_running 1
procs_blocked 0
softirq 284797877 185857338 20794879 453068 10425999 242528 0 34546225 24108682 492 8368666

cpu  478880 27741 948836 411968949 47794 0 505404 0 0 0
cpu0 86315 9504 149169 103096312 10990 0 105908 0 0 0
cpu1 196660 9081 473694 102587600 11680 0 171833 0 0 0
cpu2 101358 2509 172020 103147948 12686 0 120822 0 0 0
cpu3 94545 6646 153952 103137087 12436 0 106840 0 0 0
intr 9042370768 0 0 1924502 81 0 502568 19967930 0 0 0 7238170 0 0 0 0 0 0 0 0 0 0 0 0 0 0 0 0 0 0 0 0 0 0 0 0 0 0 0 0 0 0 0 0 0 0 0 0 0 0 0 0 4221526811 0 0 0 0 0 0 0 0 302901 0 242539 0 0 0 0 0 0 0 0 0 0 0 396323308 1 0 0 0 0 0 0 0 0 0 0 0 0 0 0 0 0 0 0 0 0 0 0 234836 4219 0 0 0 0 9292278 0 0 0 0 0 0 0 0 0 0 0 0 0 0 0 0 0 0 0 0 0 0 0 0 0 0 0 0 0 0 0 0 0 0 0 0 0 0 0 0 0 0 0 0 0 0 0 0 0 0 0 0 0 0 0 0 0 0 0 0 0 0 0 0 0 0 0 0 0 0 0 0 0 0 0 89843328 0 0 0
ctxt 205263621
btime 1669654930
processes 393444
procs_running 1
procs_blocked 0
softirq 284797947 185857346 20794891 453068 10426000 242528 0 34546238 24108707 492 8368677

cpu  478880 27741 948838 411969142 47794 0 505404 0 0 0
cpu0 86315 9504 149169 103096361 10990 0 105908 0 0 0
cpu1 196661 9081 473696 102587646 11680 0 171833 0 0 0
cpu2 101358 2509 172020 103147997 12686 0 120822 0 0 0
cpu3 94545 6646 153952 103137137 12436 0 106840 0 0 0
intr 9042375425 0 0 1924503 81 0 502568 19967949 0 0 0 7238175 0 0 0 0 0 0 0 0 0 0 0 0 0 0 0 0 0 0 0 0 0 0 0 0 0 0 0 0 0 0 0 0 0 0 0 0 0 0 0 0 4221530808 0 0 0 0 0 0 0 0 302902 0 242539 0 0 0 0 0 0 0 0 0 0 0 396323436 1 0 0 0 0 0 0 0 0 0 0 0 0 0 0 0 0 0 0 0 0 0 0 234836 4219 0 0 0 0 9292293 0 0 0 0 0 0 0 0 0 0 0 0 0 0 0 0 0 0 0 0 0 0 0 0 0 0 0 0 0 0 0 0 0 0 0 0 0 0 0 0 0 0 0 0 0 0 0 0 0 0 0 0 0 0 0 0 0 0 0 0 0 0 0 0 0 0 0 0 0 0 0 0 0 0 0 89843820 0 0 0
ctxt 205264605
btime 1669654930
processes 393444
procs_running 1
procs_blocked 0
softirq 284798017 185857346 20794906 453068 10426001 242528 0 34546252 24108735 492 8368689

cpu  478881 27741 948840 411969336 47794 0 505404 0 0 0
cpu0 86315 9504 149169 103096410 10990 0 105908 0 0 0
cpu1 196661 9081 473698 102587692 11680 0 171833 0 0 0
cpu2 101358 2509 172020 103148046 12686 0 120822 0 0 0
cpu3 94545 6646 153952 103137186 12436 0 106840 0 0 0
intr 9042380077 0 0 1924503 81 0 502568 19967966 0 0 0 7238180 0 0 0 0 0 0 0 0 0 0 0 0 0 0 0 0 0 0 0 0 0 0 0 0 0 0 0 0 0 0 0 0 0 0 0 0 0 0 0 0 4221534805 0 0 0 0 0 0 0 0 302903 0 242539 0 0 0 0 0 0 0 0 0 0 0 396323566 1 0 0 0 0 0 0 0 0 0 0 0 0 0 0 0 0 0 0 0 0 0 0 234836 4219 0 0 0 0 9292308 0 0 0 0 0 0 0 0 0 0 0 0 0 0 0 0 0 0 0 0 0 0 0 0 0 0 0 0 0 0 0 0 0 0 0 0 0 0 0 0 0 0 0 0 0 0 0 0 0 0 0 0 0 0 0 0 0 0 0 0 0 0 0 0 0 0 0 0 0 0 0 0 0 0 0 89844308 0 0 0
ctxt 205265587
btime 1669654930
processes 393444
procs_running 1
procs_blocked 0
softirq 284798076 185857346 20794920 453068 10426002 242528 0 34546265 24108755 492 8368700

cpu  478882 27741 948843 411969529 47794 0 505404 0 0 0
cpu0 86315 9504 149169 103096460 10990 0 105908 0 0 0
cpu1 196662 9081 473700 102587738 11680 0 171833 0 0 0
cpu2 101358 2509 172021 103148095 12686 0 120822 0 0 0
cpu3 94545 6646 153952 103137235 12436 0 106840 0 0 0
intr 9042384813 0 0 1924503 81 0 502568 19967997 0 0 0 7238185 0 0 0 0 0 0 0 0 0 0 0 0 0 0 0 0 0 0 0 0 0 0 0 0 0 0 0 0 0 0 0 0 0 0 0 0 0 0 0 0 4221538832 0 0 0 0 0 0 0 0 302904 0 242539 0 0 0 0 0 0 0 0 0 0 0 396323717 1 0 0 0 0 0 0 0 0 0 0 0 0 0 0 0 0 0 0 0 0 0 0 234836 4219 0 0 0 0 9292332 0 0 0 0 0 0 0 0 0 0 0 0 0 0 0 0 0 0 0 0 0 0 0 0 0 0 0 0 0 0 0 0 0 0 0 0 0 0 0 0 0 0 0 0 0 0 0 0 0 0 0 0 0 0 0 0 0 0 0 0 0 0 0 0 0 0 0 0 0 0 0 0 0 0 0 89844804 0 0 0
ctxt 205266623
btime 1669654930
processes 393444
procs_running 1
procs_blocked 0
softirq 284798170 185857354 20794937 453069 10426004 242528 0 34546288 24108783 492 8368715

cpu  478882 27741 948845 411969723 47794 0 505404 0 0 0
cpu0 86315 9504 149169 103096509 10990 0 105908 0 0 0
cpu1 196662 9081 473702 102587784 11680 0 171833 0 0 0
cpu2 101359 2509 172021 103148144 12686 0 120822 0 0 0
cpu3 94545 6646 153952 103137284 12436 0 106840 0 0 0
intr 9042389483 0 0 1924507 81 0 502568 19968014 0 0 0 7238190 0 0 0 0 0 0 0 0 0 0 0 0 0 0 0 0 0 0 0 0 0 0 0 0 0 0 0 0 0 0 0 0 0 0 0 0 0 0 0 0 4221542835 0 0 0 0 0 0 0 0 302905 0 242539 0 0 0 0 0 0 0 0 0 0 0 396323847 1 0 0 0 0 0 0 0 0 0 0 0 0 0 0 0 0 0 0 0 0 0 0 234836 4219 0 0 0 0 9292347 0 0 0 0 0 0 0 0 0 0 0 0 0 0 0 0 0 0 0 0 0 0 0 0 0 0 0 0 0 0 0 0 0 0 0 0 0 0 0 0 0 0 0 0 0 0 0 0 0 0 0 0 0 0 0 0 0 0 0 0 0 0 0 0 0 0 0 0 0 0 0 0 0 0 0 89845299 0 0 0
ctxt 205267609
btime 1669654930
processes 393444
procs_running 1
procs_blocked 0
softirq 284798235 185857354 20794952 453069 10426005 242528 0 34546301 24108807 492 8368727

cpu  478883 27741 948847 411969916 47794 0 505404 0 0 0
cpu0 86315 9504 149169 103096559 10990 0 105908 0 0 0
cpu1 196663 9081 473703 102587830 11680 0 171833 0 0 0
cpu2 101359 2509 172021 103148193 12686 0 120822 0 0 0
cpu3 94545 6646 153952 103137334 12436 0 106840 0 0 0
intr 9042394206 0 0 1924512 81 0 502568 19968038 0 0 0 7238195 0 0 0 0 0 0 0 0 0 0 0 0 0 0 0 0 0 0 0 0 0 0 0 0 0 0 0 0 0 0 0 0 0 0 0 0 0 0 0 0 4221546855 0 0 0 0 0 0 0 0 302906 0 242539 0 0 0 0 0 0 0 0 0 0 0 396323999 1 0 0 0 0 0 0 0 0 0 0 0 0 0 0 0 0 0 0 0 0 0 0 234836 4219 0 0 0 0 9292362 0 0 0 0 0 0 0 0 0 0 0 0 0 0 0 0 0 0 0 0 0 0 0 0 0 0 0 0 0 0 0 0 0 0 0 0 0 0 0 0 0 0 0 0 0 0 0 0 0 0 0 0 0 0 0 0 0 0 0 0 0 0 0 0 0 0 0 0 0 0 0 0 0 0 0 89845800 0 0 0
ctxt 205268629
btime 1669654930
processes 393444
procs_running 1
procs_blocked 0
softirq 284798319 185857363 20794968 453069 10426006 242528 0 34546317 24108836 492 8368740

cpu  478884 27741 948849 411970110 47794 0 505404 0 0 0
cpu0 86315 9504 149169 103096608 10990 0 105908 0 0 0
cpu1 196664 9081 473705 102587875 11680 0 171833 0 0 0
cpu2 101359 2509 172021 103148242 12686 0 120822 0 0 0
cpu3 94545 6646 153952 103137383 12436 0 106840 0 0 0
intr 9042398866 0 0 1924512 81 0 502568 19968056 0 0 0 7238200 0 0 0 0 0 0 0 0 0 0 0 0 0 0 0 0 0 0 0 0 0 0 0 0 0 0 0 0 0 0 0 0 0 0 0 0 0 0 0 0 4221550859 0 0 0 0 0 0 0 0 302907 0 242539 0 0 0 0 0 0 0 0 0 0 0 396324127 1 0 0 0 0 0 0 0 0 0 0 0 0 0 0 0 0 0 0 0 0 0 0 234836 4219 0 0 0 0 9292377 0 0 0 0 0 0 0 0 0 0 0 0 0 0 0 0 0 0 0 0 0 0 0 0 0 0 0 0 0 0 0 0 0 0 0 0 0 0 0 0 0 0 0 0 0 0 0 0 0 0 0 0 0 0 0 0 0 0 0 0 0 0 0 0 0 0 0 0 0 0 0 0 0 0 0 89846288 0 0 0
ctxt 205269611
btime 1669654930
processes 393444
procs_running 1
procs_blocked 0
softirq 284798379 185857363 20794981 453069 10426007 242528 0 34546330 24108858 492 8368751

cpu  478884 27741 948850 411970303 47794 0 505404 0 0 0
cpu0 86315 9504 149169 103096657 10990 0 105908 0 0 0
cpu1 196664 9081 473706 102587921 11680 0 171833 0 0 0
cpu2 101359 2509 172021 103148291 12686 0 120822 0 0 0
cpu3 94545 6646 153953 103137432 12436 0 106840 0 0 0
intr 9042403571 0 0 1924512 81 0 502568 19968079 0 0 0 7238205 0 0 0 0 0 0 0 0 0 0 0 0 0 0 0 0 0 0 0 0 0 0 0 0 0 0 0 0 0 0 0 0 0 0 0 0 0 0 0 0 4221554880 0 0 0 0 0 0 0 0 302908 0 242539 0 0 0 0 0 0 0 0 0 0 0 396324279 1 0 0 0 0 0 0 0 0 0 0 0 0 0 0 0 0 0 0 0 0 0 0 234836 4219 0 0 0 0 9292392 0 0 0 0 0 0 0 0 0 0 0 0 0 0 0 0 0 0 0 0 0 0 0 0 0 0 0 0 0 0 0 0 0 0 0 0 0 0 0 0 0 0 0 0 0 0 0 0 0 0 0 0 0 0 0 0 0 0 0 0 0 0 0 0 0 0 0 0 0 0 0 0 0 0 0 89846777 0 0 0
ctxt 205270624
btime 1669654930
processes 393444
procs_running 1
procs_blocked 0
softirq 284798456 185857371 20794996 453069 10426008 242528 0 34546344 24108884 492 8368764

cpu  478885 27741 948852 411970496 47794 0 505404 0 0 0
cpu0 86315 9504 149169 103096707 10990 0 105908 0 0 0
cpu1 196665 9081 473708 102587967 11680 0 171833 0 0 0
cpu2 101359 2509 172021 103148340 12686 0 120822 0 0 0
cpu3 94545 6646 153953 103137481 12436 0 106840 0 0 0
intr 9042408234 0 0 1924512 81 0 502568 19968098 0 0 0 7238210 0 0 0 0 0 0 0 0 0 0 0 0 0 0 0 0 0 0 0 0 0 0 0 0 0 0 0 0 0 0 0 0 0 0 0 0 0 0 0 0 4221558883 0 0 0 0 0 0 0 0 302909 0 242539 0 0 0 0 0 0 0 0 0 0 0 396324409 1 0 0 0 0 0 0 0 0 0 0 0 0 0 0 0 0 0 0 0 0 0 0 234836 4219 0 0 0 0 9292407 0 0 0 0 0 0 0 0 0 0 0 0 0 0 0 0 0 0 0 0 0 0 0 0 0 0 0 0 0 0 0 0 0 0 0 0 0 0 0 0 0 0 0 0 0 0 0 0 0 0 0 0 0 0 0 0 0 0 0 0 0 0 0 0 0 0 0 0 0 0 0 0 0 0 0 89847268 0 0 0
ctxt 205271610
btime 1669654930
processes 393444
procs_running 1
procs_blocked 0
softirq 284798524 185857371 20795009 453069 10426009 242528 0 34546357 24108907 492 8368782

cpu  478885 27741 948854 411970689 47794 0 505404 0 0 0
cpu0 86315 9504 149169 103096756 10990 0 105908 0 0 0
cpu1 196665 9081 473709 102588013 11680 0 171833 0 0 0
cpu2 101359 2509 172021 103148388 12686 0 120822 0 0 0
cpu3 94545 6646 153953 103137531 12436 0 106840 0 0 0
intr 9042412956 0 0 1924517 81 0 502568 19968127 0 0 0 7238215 0 0 0 0 0 0 0 0 0 0 0 0 0 0 0 0 0 0 0 0 0 0 0 0 0 0 0 0 0 0 0 0 0 0 0 0 0 0 0 0 4221562904 0 0 0 0 0 0 0 0 302910 0 242539 0 0 0 0 0 0 0 0 0 0 0 396324560 1 0 0 0 0 0 0 0 0 0 0 0 0 0 0 0 0 0 0 0 0 0 0 234836 4219 0 0 0 0 9292422 0 0 0 0 0 0 0 0 0 0 0 0 0 0 0 0 0 0 0 0 0 0 0 0 0 0 0 0 0 0 0 0 0 0 0 0 0 0 0 0 0 0 0 0 0 0 0 0 0 0 0 0 0 0 0 0 0 0 0 0 0 0 0 0 0 0 0 0 0 0 0 0 0 0 0 89847762 0 0 0
ctxt 205272629
btime 1669654930
processes 393444
procs_running 2
procs_blocked 0
softirq 284798599 185857379 20795024 453069 10426010 242528 0 34546373 24108930 492 8368794

cpu  478886 27741 948856 411970883 47794 0 505404 0 0 0
cpu0 86315 9504 149169 103096806 10990 0 105908 0 0 0
cpu1 196666 9081 473710 102588059 11680 0 171833 0 0 0
cpu2 101359 2509 172022 103148437 12686 0 120822 0 0 0
cpu3 94545 6646 153953 103137580 12436 0 106840 0 0 0
intr 9042417610 0 0 1924517 81 0 502568 19968145 0 0 0 7238220 0 0 0 0 0 0 0 0 0 0 0 0 0 0 0 0 0 0 0 0 0 0 0 0 0 0 0 0 0 0 0 0 0 0 0 0 0 0 0 0 4221566901 0 0 0 0 0 0 0 0 302911 0 242539 0 0 0 0 0 0 0 0 0 0 0 396324690 1 0 0 0 0 0 0 0 0 0 0 0 0 0 0 0 0 0 0 0 0 0 0 234836 4219 0 0 0 0 9292437 0 0 0 0 0 0 0 0 0 0 0 0 0 0 0 0 0 0 0 0 0 0 0 0 0 0 0 0 0 0 0 0 0 0 0 0 0 0 0 0 0 0 0 0 0 0 0 0 0 0 0 0 0 0 0 0 0 0 0 0 0 0 0 0 0 0 0 0 0 0 0 0 0 0 0 89848250 0 0 0
ctxt 205273614
btime 1669654930
processes 393444
procs_running 1
procs_blocked 0
softirq 284798658 185857379 20795037 453069 10426011 242528 0 34546386 24108951 492 8368805

cpu  478887 27741 948859 411971075 47794 0 505404 0 0 0
cpu0 86315 9504 149169 103096855 10990 0 105908 0 0 0
cpu1 196666 9081 473713 102588104 11680 0 171833 0 0 0
cpu2 101359 2509 172022 103148486 12686 0 120823 0 0 0
cpu3 94546 6646 153954 103137628 12436 0 106840 0 0 0
intr 9042422463 0 0 1924525 81 0 502568 19968219 0 0 0 7238225 0 0 0 0 0 0 0 0 0 0 0 0 0 0 0 0 0 0 0 0 0 0 0 0 0 0 0 0 0 0 0 0 0 0 0 0 0 0 0 0 4221570931 0 0 0 0 0 0 0 0 302912 0 242539 0 0 0 0 0 0 0 0 0 0 0 396324841 1 0 0 0 0 0 0 0 0 0 0 0 0 0 0 0 0 0 0 0 0 0 0 234836 4219 0 0 0 0 9292514 0 0 0 0 0 0 0 0 0 0 0 0 0 0 0 0 0 0 0 0 0 0 0 0 0 0 0 0 0 0 0 0 0 0 0 0 0 0 0 0 0 0 0 0 0 0 0 0 0 0 0 0 0 0 0 0 0 0 0 0 0 0 0 0 0 0 0 0 0 0 0 0 0 0 0 89848757 0 0 0
ctxt 205274760
btime 1669654930
processes 393444
procs_running 1
procs_blocked 0
softirq 284798794 185857387 20795055 453069 10426018 242528 0 34546447 24108981 492 8368817

cpu  478888 27741 948861 411971268 47794 0 505404 0 0 0
cpu0 86315 9504 149169 103096904 10990 0 105908 0 0 0
cpu1 196667 9081 473714 102588150 11680 0 171833 0 0 0
cpu2 101359 2509 172022 103148535 12686 0 120823 0 0 0
cpu3 94546 6646 153955 103137676 12436 0 106840 0 0 0
intr 9042427269 0 0 1924525 81 0 502568 19968295 0 0 0 7238230 0 0 0 0 0 0 0 0 0 0 0 0 0 0 0 0 0 0 0 0 0 0 0 0 0 0 0 0 0 0 0 0 0 0 0 0 0 0 0 0 4221574932 0 0 0 0 0 0 0 0 302913 0 242539 0 0 0 0 0 0 0 0 0 0 0 396324971 1 0 0 0 0 0 0 0 0 0 0 0 0 0 0 0 0 0 0 0 0 0 0 234836 4219 0 0 0 0 9292604 0 0 0 0 0 0 0 0 0 0 0 0 0 0 0 0 0 0 0 0 0 0 0 0 0 0 0 0 0 0 0 0 0 0 0 0 0 0 0 0 0 0 0 0 0 0 0 0 0 0 0 0 0 0 0 0 0 0 0 0 0 0 0 0 0 0 0 0 0 0 0 0 0 0 0 89849260 0 0 0
ctxt 205275908
btime 1669654930
processes 393444
procs_running 1
procs_blocked 0
softirq 284798937 185857387 20795076 453069 10426026 242528 0 34546519 24109010 492 8368830
