cpu  845528 38662 1416836 526144069 113481 0 3094246 0 0 0
cpu0 117574 9541 202478 131792491 30611 0 737610 0 0 0
cpu1 454609 11232 770844 130662447 23446 0 864143 0 0 0
cpu2 139330 4072 232876 131850814 30855 0 758876 0 0 0
cpu3 134013 13816 210637 131838315 28568 0 733616 0 0 0
intr 12169862991 0 0 2636606 81 0 746920 34742867 0 0 0 9407088 0 0 0 0 0 0 0 0 0 0 0 0 0 0 0 0 0 0 0 0 0 0 0 0 0 0 0 0 0 0 0 0 0 0 0 0 0 0 0 0 2587850101 0 0 0 0 0 0 0 0 853459 0 443751 0 0 0 0 0 0 0 0 0 0 0 739790641 1 0 0 0 0 0 0 0 0 0 0 0 0 0 0 0 0 0 0 0 0 0 0 435986 4219 0 0 0 0 18851276 0 0 0 0 0 0 0 0 0 0 0 0 0 0 0 0 0 0 0 0 0 0 0 0 0 0 0 0 0 0 0 0 0 0 0 0 0 0 0 0 0 0 0 0 0 0 0 0 0 0 0 0 0 0 0 0 0 0 0 0 0 0 0 0 0 0 0 0 0 0 0 0 0 0 0 184165404 0 0 0
ctxt 390534173
btime 1669654930
processes 560834
procs_running 1
procs_blocked 0
softirq 1020123794 711036801 32163869 741740 81095739 443679 0 125747459 42533650 588 26360269

cpu  845528 38662 1416836 526144266 113481 0 3094247 0 0 0
cpu0 117574 9541 202478 131792541 30611 0 737610 0 0 0
cpu1 454609 11232 770844 130662496 23446 0 864143 0 0 0
cpu2 139330 4072 232876 131850863 30855 0 758876 0 0 0
cpu3 134013 13816 210637 131838365 28568 0 733616 0 0 0
intr 12169867201 0 0 2636607 81 0 746920 34742888 0 0 0 9407092 0 0 0 0 0 0 0 0 0 0 0 0 0 0 0 0 0 0 0 0 0 0 0 0 0 0 0 0 0 0 0 0 0 0 0 0 0 0 0 0 2587854106 0 0 0 0 0 0 0 0 853460 0 443751 0 0 0 0 0 0 0 0 0 0 0 739790771 1 0 0 0 0 0 0 0 0 0 0 0 0 0 0 0 0 0 0 0 0 0 0 435986 4219 0 0 0 0 18851291 0 0 0 0 0 0 0 0 0 0 0 0 0 0 0 0 0 0 0 0 0 0 0 0 0 0 0 0 0 0 0 0 0 0 0 0 0 0 0 0 0 0 0 0 0 0 0 0 0 0 0 0 0 0 0 0 0 0 0 0 0 0 0 0 0 0 0 0 0 0 0 0 0 0 0 184165437 0 0 0
ctxt 390534254
btime 1669654930
processes 560834
procs_running 1
procs_blocked 0
softirq 1020123856 711036801 32163885 741740 81095740 443679 0 125747473 42533669 588 26360281

cpu  845528 38662 1416836 526144464 113481 0 3094247 0 0 0
cpu0 117574 9541 202478 131792590 30611 0 737610 0 0 0
cpu1 454610 11232 770844 130662545 23446 0 864143 0 0 0
cpu2 139330 4072 232876 131850912 30855 0 758876 0 0 0
cpu3 134013 13816 210637 131838414 28568 0 733616 0 0 0
intr 12169871449 0 0 2636607 81 0 746920 34742913 0 0 0 9407096 0 0 0 0 0 0 0 0 0 0 0 0 0 0 0 0 0 0 0 0 0 0 0 0 0 0 0 0 0 0 0 0 0 0 0 0 0 0 0 0 2587858132 0 0 0 0 0 0 0 0 853461 0 443751 0 0 0 0 0 0 0 0 0 0 0 739790923 1 0 0 0 0 0 0 0 0 0 0 0 0 0 0 0 0 0 0 0 0 0 0 435986 4219 0 0 0 0 18851306 0 0 0 0 0 0 0 0 0 0 0 0 0 0 0 0 0 0 0 0 0 0 0 0 0 0 0 0 0 0 0 0 0 0 0 0 0 0 0 0 0 0 0 0 0 0 0 0 0 0 0 0 0 0 0 0 0 0 0 0 0 0 0 0 0 0 0 0 0 0 0 0 0 0 0 184165462 0 0 0
ctxt 390534340
btime 1669654930
processes 560834
procs_running 1
procs_blocked 0
softirq 1020123917 711036809 32163898 741740 81095741 443679 0 125747486 42533685 588 26360291

cpu  845528 38662 1416836 526144661 113481 0 3094247 0 0 0
cpu0 117574 9541 202478 131792640 30611 0 737610 0 0 0
cpu1 454610 11232 770844 130662594 23446 0 864143 0 0 0
cpu2 139330 4072 232876 131850962 30855 0 758876 0 0 0
cpu3 134013 13816 210637 131838463 28568 0 733616 0 0 0
intr 12169875639 0 0 2636607 81 0 746920 34742934 0 0 0 9407100 0 0 0 0 0 0 0 0 0 0 0 0 0 0 0 0 0 0 0 0 0 0 0 0 0 0 0 0 0 0 0 0 0 0 0 0 0 0 0 0 2587862128 0 0 0 0 0 0 0 0 853462 0 443751 0 0 0 0 0 0 0 0 0 0 0 739791053 1 0 0 0 0 0 0 0 0 0 0 0 0 0 0 0 0 0 0 0 0 0 0 435986 4219 0 0 0 0 18851321 0 0 0 0 0 0 0 0 0 0 0 0 0 0 0 0 0 0 0 0 0 0 0 0 0 0 0 0 0 0 0 0 0 0 0 0 0 0 0 0 0 0 0 0 0 0 0 0 0 0 0 0 0 0 0 0 0 0 0 0 0 0 0 0 0 0 0 0 0 0 0 0 0 0 0 184165485 0 0 0
ctxt 390534418
btime 1669654930
processes 560834
procs_running 1
procs_blocked 0
softirq 1020123968 711036809 32163910 741740 81095742 443679 0 125747500 42533700 588 26360300

cpu  845528 38662 1416836 526144858 113481 0 3094247 0 0 0
cpu0 117574 9541 202478 131792689 30611 0 737610 0 0 0
cpu1 454610 11232 770844 130662644 23446 0 864143 0 0 0
cpu2 139330 4072 232876 131851011 30855 0 758876 0 0 0
cpu3 134013 13816 210637 131838513 28568 0 733616 0 0 0
intr 12169879899 0 0 2636607 81 0 746920 34742963 0 0 0 9407104 0 0 0 0 0 0 0 0 0 0 0 0 0 0 0 0 0 0 0 0 0 0 0 0 0 0 0 0 0 0 0 0 0 0 0 0 0 0 0 0 2587866158 0 0 0 0 0 0 0 0 853463 0 443751 0 0 0 0 0 0 0 0 0 0 0 739791205 1 0 0 0 0 0 0 0 0 0 0 0 0 0 0 0 0 0 0 0 0 0 0 435986 4219 0 0 0 0 18851336 0 0 0 0 0 0 0 0 0 0 0 0 0 0 0 0 0 0 0 0 0 0 0 0 0 0 0 0 0 0 0 0 0 0 0 0 0 0 0 0 0 0 0 0 0 0 0 0 0 0 0 0 0 0 0 0 0 0 0 0 0 0 0 0 0 0 0 0 0 0 0 0 0 0 0 184165514 0 0 0
ctxt 390534515
btime 1669654930
processes 560834
procs_running 1
procs_blocked 0
softirq 1020124030 711036817 32163923 741740 81095743 443679 0 125747515 42533715 588 26360310

cpu  845529 38662 1416837 526145055 113481 0 3094247 0 0 0
cpu0 117574 9541 202478 131792739 30611 0 737610 0 0 0
cpu1 454610 11232 770845 130662693 23446 0 864143 0 0 0
cpu2 139330 4072 232876 131851060 30855 0 758876 0 0 0
cpu3 134013 13816 210637 131838562 28568 0 733616 0 0 0
intr 12169884102 0 0 2636608 81 0 746920 34742984 0 0 0 9407108 0 0 0 0 0 0 0 0 0 0 0 0 0 0 0 0 0 0 0 0 0 0 0 0 0 0 0 0 0 0 0 0 0 0 0 0 0 0 0 0 2587870162 0 0 0 0 0 0 0 0 853464 0 443751 0 0 0 0 0 0 0 0 0 0 0 739791335 1 0 0 0 0 0 0 0 0 0 0 0 0 0 0 0 0 0 0 0 0 0 0 435986 4219 0 0 0 0 18851351 0 0 0 0 0 0 0 0 0 0 0 0 0 0 0 0 0 0 0 0 0 0 0 0 0 0 0 0 0 0 0 0 0 0 0 0 0 0 0 0 0 0 0 0 0 0 0 0 0 0 0 0 0 0 0 0 0 0 0 0 0 0 0 0 0 0 0 0 0 0 0 0 0 0 0 184165541 0 0 0
ctxt 390534597
btime 1669654930
processes 560834
procs_running 1
procs_blocked 0
softirq 1020124085 711036817 32163937 741741 81095744 443679 0 125747529 42533730 588 26360320

cpu  845529 38662 1416837 526145252 113481 0 3094247 0 0 0
cpu0 117574 9541 202478 131792788 30611 0 737610 0 0 0
cpu1 454610 11232 770845 130662742 23446 0 864143 0 0 0
cpu2 139331 4072 232876 131851109 30855 0 758876 0 0 0
cpu3 134013 13816 210637 131838612 28568 0 733616 0 0 0
intr 12169888343 0 0 2636608 81 0 746920 34743008 0 0 0 9407111 0 0 0 0 0 0 0 0 0 0 0 0 0 0 0 0 0 0 0 0 0 0 0 0 0 0 0 0 0 0 0 0 0 0 0 0 0 0 0 0 2587874181 0 0 0 0 0 0 0 0 853465 0 443751 0 0 0 0 0 0 0 0 0 0 0 739791487 1 0 0 0 0 0 0 0 0 0 0 0 0 0 0 0 0 0 0 0 0 0 0 435986 4219 0 0 0 0 18851366 0 0 0 0 0 0 0 0 0 0 0 0 0 0 0 0 0 0 0 0 0 0 0 0 0 0 0 0 0 0 0 0 0 0 0 0 0 0 0 0 0 0 0 0 0 0 0 0 0 0 0 0 0 0 0 0 0 0 0 0 0 0 0 0 0 0 0 0 0 0 0 0 0 0 0 184165568 0 0 0
ctxt 390534688
btime 1669654930
processes 560834
procs_running 1
procs_blocked 0
softirq 1020124144 711036825 32163949 741741 81095745 443679 0 125747543 42533744 588 26360330

cpu  845533 38662 1416840 526145441 113481 0 3094247 0 0 0
cpu0 117576 9541 202479 131792835 30611 0 737610 0 0 0
cpu1 454612 11232 770846 130662789 23446 0 864143 0 0 0
cpu2 139331 4072 232876 131851157 30855 0 758876 0 0 0
cpu3 134014 13816 210637 131838658 28568 0 733616 0 0 0
intr 12169892715 0 0 2636612 81 0 746933 34743077 0 0 0 9407115 0 0 0 0 0 0 0 0 0 0 0 0 0 0 0 0 0 0 0 0 0 0 0 0 0 0 0 0 0 0 0 0 0 0 0 0 0 0 0 0 2587878177 0 0 0 0 0 0 0 0 853466 0 443751 0 0 0 0 0 0 0 0 0 0 0 739791617 1 0 0 0 0 0 0 0 0 0 0 0 0 0 0 0 0 0 0 0 0 0 0 435986 4219 0 0 0 0 18851400 0 0 0 0 0 0 0 0 0 0 0 0 0 0 0 0 0 0 0 0 0 0 0 0 0 0 0 0 0 0 0 0 0 0 0 0 0 0 0 0 0 0 0 0 0 0 0 0 0 0 0 0 0 0 0 0 0 0 0 0 0 0 0 0 0 0 0 0 0 0 0 0 0 0 0 184165689 0 0 0
ctxt 390534927
btime 1669654930
processes 560845
procs_running 2
procs_blocked 0
softirq 1020124348 711036825 32163980 741741 81095748 443679 0 125747571 42533810 588 26360406

cpu  845533 38662 1416840 526145639 113481 0 3094247 0 0 0
cpu0 117576 9541 202479 131792885 30611 0 737610 0 0 0
cpu1 454612 11232 770847 130662838 23446 0 864143 0 0 0
cpu2 139331 4072 232876 131851206 30855 0 758876 0 0 0
cpu3 134014 13816 210637 131838708 28568 0 733616 0 0 0
intr 12169896965 0 0 2636612 81 0 746934 34743103 0 0 0 9407118 0 0 0 0 0 0 0 0 0 0 0 0 0 0 0 0 0 0 0 0 0 0 0 0 0 0 0 0 0 0 0 0 0 0 0 0 0 0 0 0 2587882206 0 0 0 0 0 0 0 0 853467 0 443751 0 0 0 0 0 0 0 0 0 0 0 739791767 1 0 0 0 0 0 0 0 0 0 0 0 0 0 0 0 0 0 0 0 0 0 0 435986 4219 0 0 0 0 18851415 0 0 0 0 0 0 0 0 0 0 0 0 0 0 0 0 0 0 0 0 0 0 0 0 0 0 0 0 0 0 0 0 0 0 0 0 0 0 0 0 0 0 0 0 0 0 0 0 0 0 0 0 0 0 0 0 0 0 0 0 0 0 0 0 0 0 0 0 0 0 0 0 0 0 0 184165713 0 0 0
ctxt 390535012
btime 1669654930
processes 560845
procs_running 1
procs_blocked 0
softirq 1020124412 711036833 32163993 741741 81095749 443679 0 125747585 42533827 588 26360417

cpu  845533 38662 1416841 526145835 113481 0 3094247 0 0 0
cpu0 117576 9541 202479 131792934 30611 0 737610 0 0 0
cpu1 454612 11232 770847 130662887 23446 0 864143 0 0 0
cpu2 139331 4072 232876 131851255 30855 0 758876 0 0 0
cpu3 134014 13816 210637 131838757 28568 0 733616 0 0 0
intr 12169901163 0 0 2636613 81 0 746934 34743124 0 0 0 9407122 0 0 0 0 0 0 0 0 0 0 0 0 0 0 0 0 0 0 0 0 0 0 0 0 0 0 0 0 0 0 0 0 0 0 0 0 0 0 0 0 2587886202 0 0 0 0 0 0 0 0 853468 0 443751 0 0 0 0 0 0 0 0 0 0 0 739791897 1 0 0 0 0 0 0 0 0 0 0 0 0 0 0 0 0 0 0 0 0 0 0 435986 4219 0 0 0 0 18851432 0 0 0 0 0 0 0 0 0 0 0 0 0 0 0 0 0 0 0 0 0 0 0 0 0 0 0 0 0 0 0 0 0 0 0 0 0 0 0 0 0 0 0 0 0 0 0 0 0 0 0 0 0 0 0 0 0 0 0 0 0 0 0 0 0 0 0 0 0 0 0 0 0 0 0 184165741 0 0 0
ctxt 390535099
btime 1669654930
processes 560845
procs_running 1
procs_blocked 0
softirq 1020124470 711036833 32164006 741741 81095751 443679 0 125747600 42533844 588 26360428

cpu  845533 38662 1416842 526146033 113481 0 3094247 0 0 0
cpu0 117576 9541 202479 131792984 30611 0 737610 0 0 0
cpu1 454612 11232 770848 130662937 23446 0 864143 0 0 0
cpu2 139331 4072 232877 131851304 30855 0 758876 0 0 0
cpu3 134014 13816 210637 131838806 28568 0 733616 0 0 0
intr 12169905416 0 0 2636613 81 0 746934 34743149 0 0 0 9407126 0 0 0 0 0 0 0 0 0 0 0 0 0 0 0 0 0 0 0 0 0 0 0 0 0 0 0 0 0 0 0 0 0 0 0 0 0 0 0 0 2587890231 0 0 0 0 0 0 0 0 853469 0 443751 0 0 0 0 0 0 0 0 0 0 0 739792049 1 0 0 0 0 0 0 0 0 0 0 0 0 0 0 0 0 0 0 0 0 0 0 435986 4219 0 0 0 0 18851447 0 0 0 0 0 0 0 0 0 0 0 0 0 0 0 0 0 0 0 0 0 0 0 0 0 0 0 0 0 0 0 0 0 0 0 0 0 0 0 0 0 0 0 0 0 0 0 0 0 0 0 0 0 0 0 0 0 0 0 0 0 0 0 0 0 0 0 0 0 0 0 0 0 0 0 184165769 0 0 0
ctxt 390535188
btime 1669654930
processes 560845
procs_running 1
procs_blocked 0
softirq 1020124540 711036841 32164021 741741 81095752 443679 0 125747615 42533863 588 26360440

cpu  845534 38662 1416842 526146230 113481 0 3094247 0 0 0
cpu0 117576 9541 202479 131793033 30611 0 737610 0 0 0
cpu1 454612 11232 770848 130662986 23446 0 864144 0 0 0
cpu2 139331 4072 232878 131851354 30855 0 758876 0 0 0
cpu3 134014 13816 210637 131838856 28568 0 733616 0 0 0
intr 12169909612 0 0 2636613 81 0 746934 34743171 0 0 0 9407129 0 0 0 0 0 0 0 0 0 0 0 0 0 0 0 0 0 0 0 0 0 0 0 0 0 0 0 0 0 0 0 0 0 0 0 0 0 0 0 0 2587894227 0 0 0 0 0 0 0 0 853470 0 443751 0 0 0 0 0 0 0 0 0 0 0 739792179 1 0 0 0 0 0 0 0 0 0 0 0 0 0 0 0 0 0 0 0 0 0 0 435986 4219 0 0 0 0 18851464 0 0 0 0 0 0 0 0 0 0 0 0 0 0 0 0 0 0 0 0 0 0 0 0 0 0 0 0 0 0 0 0 0 0 0 0 0 0 0 0 0 0 0 0 0 0 0 0 0 0 0 0 0 0 0 0 0 0 0 0 0 0 0 0 0 0 0 0 0 0 0 0 0 0 0 184165796 0 0 0
ctxt 390535265
btime 1669654930
processes 560845
procs_running 1
procs_blocked 0
softirq 1020124600 711036841 32164035 741741 81095754 443679 0 125747630 42533880 588 26360452

cpu  845534 38662 1416843 526146427 113481 0 3094247 0 0 0
cpu0 117576 9541 202479 131793082 30611 0 737610 0 0 0
cpu1 454612 11232 770848 130663035 23446 0 864144 0 0 0
cpu2 139331 4072 232878 131851403 30855 0 758876 0 0 0
cpu3 134014 13816 210637 131838905 28568 0 733616 0 0 0
intr 12169913870 0 0 2636613 81 0 746934 34743197 0 0 0 9407134 0 0 0 0 0 0 0 0 0 0 0 0 0 0 0 0 0 0 0 0 0 0 0 0 0 0 0 0 0 0 0 0 0 0 0 0 0 0 0 0 2587898257 0 0 0 0 0 0 0 0 853471 0 443751 0 0 0 0 0 0 0 0 0 0 0 739792331 1 0 0 0 0 0 0 0 0 0 0 0 0 0 0 0 0 0 0 0 0 0 0 435986 4219 0 0 0 0 18851479 0 0 0 0 0 0 0 0 0 0 0 0 0 0 0 0 0 0 0 0 0 0 0 0 0 0 0 0 0 0 0 0 0 0 0 0 0 0 0 0 0 0 0 0 0 0 0 0 0 0 0 0 0 0 0 0 0 0 0 0 0 0 0 0 0 0 0 0 0 0 0 0 0 0 0 184165825 0 0 0
ctxt 390535356
btime 1669654930
processes 560845
procs_running 1
procs_blocked 0
softirq 1020124669 711036849 32164050 741741 81095755 443679 0 125747644 42533900 588 26360463

cpu  845534 38662 1416843 526146624 113481 0 3094247 0 0 0
cpu0 117576 9541 202479 131793132 30611 0 737610 0 0 0
cpu1 454612 11232 770848 130663084 23446 0 864144 0 0 0
cpu2 139331 4072 232878 131851452 30855 0 758876 0 0 0
cpu3 134014 13816 210637 131838954 28568 0 733616 0 0 0
intr 12169918069 0 0 2636614 81 0 746934 34743219 0 0 0 9407138 0 0 0 0 0 0 0 0 0 0 0 0 0 0 0 0 0 0 0 0 0 0 0 0 0 0 0 0 0 0 0 0 0 0 0 0 0 0 0 0 2587902253 0 0 0 0 0 0 0 0 853472 0 443751 0 0 0 0 0 0 0 0 0 0 0 739792461 1 0 0 0 0 0 0 0 0 0 0 0 0 0 0 0 0 0 0 0 0 0 0 435986 4219 0 0 0 0 18851494 0 0 0 0 0 0 0 0 0 0 0 0 0 0 0 0 0 0 0 0 0 0 0 0 0 0 0 0 0 0 0 0 0 0 0 0 0 0 0 0 0 0 0 0 0 0 0 0 0 0 0 0 0 0 0 0 0 0 0 0 0 0 0 0 0 0 0 0 0 0 0 0 0 0 0 184165854 0 0 0
ctxt 390535436
btime 1669654930
processes 560845
procs_running 1
procs_blocked 0
softirq 1020124724 711036849 32164062 741741 81095756 443679 0 125747658 42533917 588 26360474

cpu  845534 38662 1416844 526146820 113481 0 3094247 0 0 0
cpu0 117576 9541 202480 131793180 30611 0 737610 0 0 0
cpu1 454612 11232 770848 130663133 23446 0 864144 0 0 0
cpu2 139331 4072 232878 131851501 30855 0 758876 0 0 0
cpu3 134014 13816 210637 131839004 28568 0 733616 0 0 0
intr 12169922381 0 0 2636614 81 0 746934 34743267 0 0 0 9407142 0 0 0 0 0 0 0 0 0 0 0 0 0 0 0 0 0 0 0 0 0 0 0 0 0 0 0 0 0 0 0 0 0 0 0 0 0 0 0 0 2587906275 0 0 0 0 0 0 0 0 853473 0 443771 0 0 0 0 0 0 0 0 0 0 0 739792613 1 0 0 0 0 0 0 0 0 0 0 0 0 0 0 0 0 0 0 0 0 0 0 436006 4219 0 0 0 0 18851509 0 0 0 0 0 0 0 0 0 0 0 0 0 0 0 0 0 0 0 0 0 0 0 0 0 0 0 0 0 0 0 0 0 0 0 0 0 0 0 0 0 0 0 0 0 0 0 0 0 0 0 0 0 0 0 0 0 0 0 0 0 0 0 0 0 0 0 0 0 0 0 0 0 0 0 184165885 0 0 0
ctxt 390535676
btime 1669654930
processes 560845
procs_running 1
procs_blocked 0
softirq 1020124879 711036857 32164078 741741 81095757 443699 0 125747732 42533940 588 26360487

cpu  845534 38662 1416844 526147017 113481 0 3094247 0 0 0
cpu0 117576 9541 202480 131793230 30611 0 737610 0 0 0
cpu1 454612 11232 770848 130663183 23446 0 864144 0 0 0
cpu2 139331 4072 232878 131851550 30855 0 758876 0 0 0
cpu3 134014 13816 210637 131839053 28568 0 733616 0 0 0
intr 12169926581 0 0 2636614 81 0 746934 34743286 0 0 0 9407146 0 0 0 0 0 0 0 0 0 0 0 0 0 0 0 0 0 0 0 0 0 0 0 0 0 0 0 0 0 0 0 0 0 0 0 0 0 0 0 0 2587910279 0 0 0 0 0 0 0 0 853474 0 443771 0 0 0 0 0 0 0 0 0 0 0 739792743 1 0 0 0 0 0 0 0 0 0 0 0 0 0 0 0 0 0 0 0 0 0 0 436006 4219 0 0 0 0 18851524 0 0 0 0 0 0 0 0 0 0 0 0 0 0 0 0 0 0 0 0 0 0 0 0 0 0 0 0 0 0 0 0 0 0 0 0 0 0 0 0 0 0 0 0 0 0 0 0 0 0 0 0 0 0 0 0 0 0 0 0 0 0 0 0 0 0 0 0 0 0 0 0 0 0 0 184165912 0 0 0
ctxt 390535756
btime 1669654930
processes 560845
procs_running 1
procs_blocked 0
softirq 1020124928 711036857 32164090 741742 81095758 443699 0 125747746 42533952 588 26360496

cpu  845534 38662 1416845 526147214 113481 0 3094247 0 0 0
cpu0 117576 9541 202480 131793279 30611 0 737610 0 0 0
cpu1 454612 11232 770849 130663232 23446 0 864144 0 0 0
cpu2 139331 4072 232878 131851599 30855 0 758876 0 0 0
cpu3 134014 13816 210637 131839103 28568 0 733616 0 0 0
intr 12169930835 0 0 2636618 81 0 746934 34743314 0 0 0 9407149 0 0 0 0 0 0 0 0 0 0 0 0 0 0 0 0 0 0 0 0 0 0 0 0 0 0 0 0 0 0 0 0 0 0 0 0 0 0 0 0 2587914299 0 0 0 0 0 0 0 0 853475 0 443771 0 0 0 0 0 0 0 0 0 0 0 739792895 1 0 0 0 0 0 0 0 0 0 0 0 0 0 0 0 0 0 0 0 0 0 0 436006 4219 0 0 0 0 18851539 0 0 0 0 0 0 0 0 0 0 0 0 0 0 0 0 0 0 0 0 0 0 0 0 0 0 0 0 0 0 0 0 0 0 0 0 0 0 0 0 0 0 0 0 0 0 0 0 0 0 0 0 0 0 0 0 0 0 0 0 0 0 0 0 0 0 0 0 0 0 0 0 0 0 0 184165943 0 0 0
ctxt 390535849
btime 1669654930
processes 560845
procs_running 1
procs_blocked 0
softirq 1020124987 711036865 32164103 741742 81095759 443699 0 125747759 42533966 588 26360506

cpu  845534 38662 1416845 526147411 113481 0 3094247 0 0 0
cpu0 117576 9541 202480 131793328 30611 0 737610 0 0 0
cpu1 454612 11232 770849 130663281 23446 0 864144 0 0 0
cpu2 139331 4072 232878 131851648 30855 0 758876 0 0 0
cpu3 134014 13816 210637 131839152 28568 0 733616 0 0 0
intr 12169935044 0 0 2636619 81 0 746934 34743336 0 0 0 9407154 0 0 0 0 0 0 0 0 0 0 0 0 0 0 0 0 0 0 0 0 0 0 0 0 0 0 0 0 0 0 0 0 0 0 0 0 0 0 0 0 2587918303 0 0 0 0 0 0 0 0 853476 0 443771 0 0 0 0 0 0 0 0 0 0 0 739793025 1 0 0 0 0 0 0 0 0 0 0 0 0 0 0 0 0 0 0 0 0 0 0 436006 4219 0 0 0 0 18851554 0 0 0 0 0 0 0 0 0 0 0 0 0 0 0 0 0 0 0 0 0 0 0 0 0 0 0 0 0 0 0 0 0 0 0 0 0 0 0 0 0 0 0 0 0 0 0 0 0 0 0 0 0 0 0 0 0 0 0 0 0 0 0 0 0 0 0 0 0 0 0 0 0 0 0 184165974 0 0 0
ctxt 390535938
btime 1669654930
processes 560845
procs_running 1
procs_blocked 0
softirq 1020125040 711036865 32164117 741742 81095760 443699 0 125747773 42533981 588 26360515

cpu  845534 38662 1416846 526147608 113481 0 3094247 0 0 0
cpu0 117576 9541 202480 131793378 30611 0 737610 0 0 0
cpu1 454612 11232 770849 130663330 23446 0 864144 0 0 0
cpu2 139331 4072 232879 131851697 30855 0 758876 0 0 0
cpu3 134014 13816 210637 131839201 28568 0 733616 0 0 0
intr 12169939286 0 0 2636619 81 0 746934 34743364 0 0 0 9407157 0 0 0 0 0 0 0 0 0 0 0 0 0 0 0 0 0 0 0 0 0 0 0 0 0 0 0 0 0 0 0 0 0 0 0 0 0 0 0 0 2587922321 0 0 0 0 0 0 0 0 853477 0 443771 0 0 0 0 0 0 0 0 0 0 0 739793177 1 0 0 0 0 0 0 0 0 0 0 0 0 0 0 0 0 0 0 0 0 0 0 436006 4219 0 0 0 0 18851569 0 0 0 0 0 0 0 0 0 0 0 0 0 0 0 0 0 0 0 0 0 0 0 0 0 0 0 0 0 0 0 0 0 0 0 0 0 0 0 0 0 0 0 0 0 0 0 0 0 0 0 0 0 0 0 0 0 0 0 0 0 0 0 0 0 0 0 0 0 0 0 0 0 0 0 184165999 0 0 0
ctxt 390536028
btime 1669654930
processes 560845
procs_running 1
procs_blocked 0
softirq 1020125098 711036873 32164128 741742 81095761 443699 0 125747787 42533995 588 26360525

cpu  845534 38662 1416846 526147804 113481 0 3094247 0 0 0
cpu0 117576 9541 202480 131793427 30611 0 737610 0 0 0
cpu1 454612 11232 770849 130663379 23446 0 864144 0 0 0
cpu2 139332 4072 232879 131851746 30855 0 758876 0 0 0
cpu3 134014 13816 210637 131839251 28568 0 733616 0 0 0
intr 12169943561 0 0 2636619 81 0 746934 34743406 0 0 0 9407161 0 0 0 0 0 0 0 0 0 0 0 0 0 0 0 0 0 0 0 0 0 0 0 0 0 0 0 0 0 0 0 0 0 0 0 0 0 0 0 0 2587926325 0 0 0 0 0 0 0 0 853478 0 443771 0 0 0 0 0 0 0 0 0 0 0 739793307 1 0 0 0 0 0 0 0 0 0 0 0 0 0 0 0 0 0 0 0 0 0 0 436006 4219 0 0 0 0 18851604 0 0 0 0 0 0 0 0 0 0 0 0 0 0 0 0 0 0 0 0 0 0 0 0 0 0 0 0 0 0 0 0 0 0 0 0 0 0 0 0 0 0 0 0 0 0 0 0 0 0 0 0 0 0 0 0 0 0 0 0 0 0 0 0 0 0 0 0 0 0 0 0 0 0 0 184166058 0 0 0
ctxt 390536176
btime 1669654930
processes 560845
procs_running 1
procs_blocked 0
softirq 1020125195 711036873 32164147 741742 81095763 443699 0 125747818 42534022 588 26360543

cpu  845534 38662 1416847 526148001 113481 0 3094247 0 0 0
cpu0 117576 9541 202480 131793476 30611 0 737610 0 0 0
cpu1 454612 11232 770850 130663428 23446 0 864144 0 0 0
cpu2 139332 4072 232879 131851795 30855 0 758876 0 0 0
cpu3 134014 13816 210637 131839300 28568 0 733616 0 0 0
intr 12169947831 0 0 2636619 81 0 746934 34743441 0 0 0 9407166 0 0 0 0 0 0 0 0 0 0 0 0 0 0 0 0 0 0 0 0 0 0 0 0 0 0 0 0 0 0 0 0 0 0 0 0 0 0 0 0 2587930345 0 0 0 0 0 0 0 0 853479 0 443771 0 0 0 0 0 0 0 0 0 0 0 739793459 1 0 0 0 0 0 0 0 0 0 0 0 0 0 0 0 0 0 0 0 0 0 0 436006 4219 0 0 0 0 18851628 0 0 0 0 0 0 0 0 0 0 0 0 0 0 0 0 0 0 0 0 0 0 0 0 0 0 0 0 0 0 0 0 0 0 0 0 0 0 0 0 0 0 0 0 0 0 0 0 0 0 0 0 0 0 0 0 0 0 0 0 0 0 0 0 0 0 0 0 0 0 0 0 0 0 0 184166091 0 0 0
ctxt 390536302
btime 1669654930
processes 560845
procs_running 1
procs_blocked 0
softirq 1020125263 711036881 32164159 741742 81095765 443699 0 125747838 42534037 588 26360554

cpu  845534 38662 1416847 526148198 113481 0 3094247 0 0 0
cpu0 117576 9541 202480 131793526 30611 0 737610 0 0 0
cpu1 454612 11232 770850 130663477 23446 0 864144 0 0 0
cpu2 139332 4072 232879 131851844 30855 0 758876 0 0 0
cpu3 134014 13816 210637 131839350 28568 0 733616 0 0 0
intr 12169952034 0 0 2636620 81 0 746934 34743460 0 0 0 9407169 0 0 0 0 0 0 0 0 0 0 0 0 0 0 0 0 0 0 0 0 0 0 0 0 0 0 0 0 0 0 0 0 0 0 0 0 0 0 0 0 2587934349 0 0 0 0 0 0 0 0 853480 0 443771 0 0 0 0 0 0 0 0 0 0 0 739793589 1 0 0 0 0 0 0 0 0 0 0 0 0 0 0 0 0 0 0 0 0 0 0 436006 4219 0 0 0 0 18851643 0 0 0 0 0 0 0 0 0 0 0 0 0 0 0 0 0 0 0 0 0 0 0 0 0 0 0 0 0 0 0 0 0 0 0 0 0 0 0 0 0 0 0 0 0 0 0 0 0 0 0 0 0 0 0 0 0 0 0 0 0 0 0 0 0 0 0 0 0 0 0 0 0 0 0 184166121 0 0 0
ctxt 390536382
btime 1669654930
processes 560845
procs_running 1
procs_blocked 0
softirq 1020125317 711036881 32164173 741742 81095766 443699 0 125747852 42534052 588 26360564

cpu  845534 38662 1416847 526148395 113481 0 3094247 0 0 0
cpu0 117576 9541 202480 131793575 30611 0 737610 0 0 0
cpu1 454612 11232 770850 130663527 23446 0 864144 0 0 0
cpu2 139332 4072 232879 131851893 30855 0 758876 0 0 0
cpu3 134014 13816 210637 131839399 28568 0 733616 0 0 0
intr 12169956280 0 0 2636620 81 0 746934 34743488 0 0 0 9407172 0 0 0 0 0 0 0 0 0 0 0 0 0 0 0 0 0 0 0 0 0 0 0 0 0 0 0 0 0 0 0 0 0 0 0 0 0 0 0 0 2587938367 0 0 0 0 0 0 0 0 853481 0 443771 0 0 0 0 0 0 0 0 0 0 0 739793741 1 0 0 0 0 0 0 0 0 0 0 0 0 0 0 0 0 0 0 0 0 0 0 436006 4219 0 0 0 0 18851658 0 0 0 0 0 0 0 0 0 0 0 0 0 0 0 0 0 0 0 0 0 0 0 0 0 0 0 0 0 0 0 0 0 0 0 0 0 0 0 0 0 0 0 0 0 0 0 0 0 0 0 0 0 0 0 0 0 0 0 0 0 0 0 0 0 0 0 0 0 0 0 0 0 0 0 184166150 0 0 0
ctxt 390536483
btime 1669654930
processes 560845
procs_running 1
procs_blocked 0
softirq 1020125374 711036889 32164184 741742 81095767 443699 0 125747865 42534066 588 26360574

cpu  845534 38662 1416847 526148592 113481 0 3094247 0 0 0
cpu0 117576 9541 202480 131793624 30611 0 737610 0 0 0
cpu1 454612 11232 770850 130663576 23446 0 864144 0 0 0
cpu2 139332 4072 232879 131851942 30855 0 758876 0 0 0
cpu3 134014 13816 210637 131839448 28568 0 733616 0 0 0
intr 12169960481 0 0 2636620 81 0 746934 34743508 0 0 0 9407175 0 0 0 0 0 0 0 0 0 0 0 0 0 0 0 0 0 0 0 0 0 0 0 0 0 0 0 0 0 0 0 0 0 0 0 0 0 0 0 0 2587942371 0 0 0 0 0 0 0 0 853482 0 443771 0 0 0 0 0 0 0 0 0 0 0 739793871 1 0 0 0 0 0 0 0 0 0 0 0 0 0 0 0 0 0 0 0 0 0 0 436006 4219 0 0 0 0 18851673 0 0 0 0 0 0 0 0 0 0 0 0 0 0 0 0 0 0 0 0 0 0 0 0 0 0 0 0 0 0 0 0 0 0 0 0 0 0 0 0 0 0 0 0 0 0 0 0 0 0 0 0 0 0 0 0 0 0 0 0 0 0 0 0 0 0 0 0 0 0 0 0 0 0 0 184166178 0 0 0
ctxt 390536559
btime 1669654930
processes 560845
procs_running 1
procs_blocked 0
softirq 1020125426 711036889 32164197 741742 81095768 443699 0 125747879 42534080 588 26360584

cpu  845534 38662 1416848 526148756 113481 0 3094278 0 0 0
cpu0 117576 9541 202480 131793666 30611 0 737616 0 0 0
cpu1 454612 11232 770850 130663617 23446 0 864152 0 0 0
cpu2 139332 4072 232879 131851983 30855 0 758885 0 0 0
cpu3 134014 13816 210637 131839489 28568 0 733624 0 0 0
intr 12169971637 0 0 2636626 81 0 746935 34743543 0 0 0 9407180 0 0 0 0 0 0 0 0 0 0 0 0 0 0 0 0 0 0 0 0 0 0 0 0 0 0 0 0 0 0 0 0 0 0 0 0 0 0 0 0 2587949765 0 0 0 0 0 0 0 0 853483 0 443771 0 0 0 0 0 0 0 0 0 0 0 739797210 1 0 0 0 0 0 0 0 0 0 0 0 0 0 0 0 0 0 0 0 0 0 0 436006 4219 0 0 0 0 18851688 0 0 0 0 0 0 0 0 0 0 0 0 0 0 0 0 0 0 0 0 0 0 0 0 0 0 0 0 0 0 0 0 0 0 0 0 0 0 0 0 0 0 0 0 0 0 0 0 0 0 0 0 0 0 0 0 0 0 0 0 0 0 0 0 0 0 0 0 0 0 0 0 0 0 0 184166542 0 0 0
ctxt 390536863
btime 1669654930
processes 560845
procs_running 1
procs_blocked 0
softirq 1020135659 711040122 32164255 741742 81098969 443699 0 125751253 42534252 588 26360779

cpu  845535 38662 1416848 526148907 113481 0 3094322 0 0 0
cpu0 117576 9541 202480 131793704 30611 0 737631 0 0 0
cpu1 454612 11232 770850 130663655 23446 0 864162 0 0 0
cpu2 139332 4072 232879 131852020 30855 0 758898 0 0 0
cpu3 134014 13816 210637 131839527 28568 0 733630 0 0 0
intr 12169986121 0 0 2636635 81 0 746935 34743570 0 0 0 9407185 0 0 0 0 0 0 0 0 0 0 0 0 0 0 0 0 0 0 0 0 0 0 0 0 0 0 0 0 0 0 0 0 0 0 0 0 0 0 0 0 2587958765 0 0 0 0 0 0 0 0 853484 0 443771 0 0 0 0 0 0 0 0 0 0 0 739802121 1 0 0 0 0 0 0 0 0 0 0 0 0 0 0 0 0 0 0 0 0 0 0 436006 4219 0 0 0 0 18851703 0 0 0 0 0 0 0 0 0 0 0 0 0 0 0 0 0 0 0 0 0 0 0 0 0 0 0 0 0 0 0 0 0 0 0 0 0 0 0 0 0 0 0 0 0 0 0 0 0 0 0 0 0 0 0 0 0 0 0 0 0 0 0 0 0 0 0 0 0 0 0 0 0 0 0 184167058 0 0 0
ctxt 390537239
btime 1669654930
processes 560845
procs_running 1
procs_blocked 0
softirq 1020150866 711044943 32164335 741743 81103768 443699 0 125756261 42534500 588 26361029

cpu  845535 38662 1416848 526149058 113481 0 3094366 0 0 0
cpu0 117576 9541 202480 131793742 30611 0 737642 0 0 0
cpu1 454612 11232 770851 130663693 23446 0 864173 0 0 0
cpu2 139332 4072 232880 131852058 30855 0 758912 0 0 0
cpu3 134014 13816 210637 131839565 28568 0 733638 0 0 0
intr 12170000665 0 0 2636643 81 0 746935 34743606 0 0 0 9407190 0 0 0 0 0 0 0 0 0 0 0 0 0 0 0 0 0 0 0 0 0 0 0 0 0 0 0 0 0 0 0 0 0 0 0 0 0 0 0 0 2587967798 0 0 0 0 0 0 0 0 853485 0 443771 0 0 0 0 0 0 0 0 0 0 0 739807045 1 0 0 0 0 0 0 0 0 0 0 0 0 0 0 0 0 0 0 0 0 0 0 436006 4219 0 0 0 0 18851718 0 0 0 0 0 0 0 0 0 0 0 0 0 0 0 0 0 0 0 0 0 0 0 0 0 0 0 0 0 0 0 0 0 0 0 0 0 0 0 0 0 0 0 0 0 0 0 0 0 0 0 0 0 0 0 0 0 0 0 0 0 0 0 0 0 0 0 0 0 0 0 0 0 0 0 184167575 0 0 0
ctxt 390537629
btime 1669654930
processes 560845
procs_running 1
procs_blocked 0
softirq 1020166123 711049773 32164424 741743 81108566 443699 0 125761283 42534746 588 26361301

cpu  845535 38662 1416848 526149209 113481 0 3094411 0 0 0
cpu0 117576 9541 202480 131793779 30611 0 737652 0 0 0
cpu1 454612 11232 770851 130663730 23446 0 864184 0 0 0
cpu2 139332 4072 232880 131852095 30855 0 758924 0 0 0
cpu3 134014 13816 210637 131839603 28568 0 733650 0 0 0
intr 12170015161 0 0 2636653 81 0 746935 34743641 0 0 0 9407195 0 0 0 0 0 0 0 0 0 0 0 0 0 0 0 0 0 0 0 0 0 0 0 0 0 0 0 0 0 0 0 0 0 0 0 0 0 0 0 0 2587976797 0 0 0 0 0 0 0 0 853486 0 443771 0 0 0 0 0 0 0 0 0 0 0 739811961 1 0 0 0 0 0 0 0 0 0 0 0 0 0 0 0 0 0 0 0 0 0 0 436006 4219 0 0 0 0 18851733 0 0 0 0 0 0 0 0 0 0 0 0 0 0 0 0 0 0 0 0 0 0 0 0 0 0 0 0 0 0 0 0 0 0 0 0 0 0 0 0 0 0 0 0 0 0 0 0 0 0 0 0 0 0 0 0 0 0 0 0 0 0 0 0 0 0 0 0 0 0 0 0 0 0 0 184168093 0 0 0
ctxt 390538005
btime 1669654930
processes 560845
procs_running 1
procs_blocked 0
softirq 1020181336 711054596 32164502 741743 81113367 443699 0 125766288 42534992 588 26361561

cpu  845535 38662 1416849 526149360 113481 0 3094458 0 0 0
cpu0 117576 9541 202480 131793817 30611 0 737666 0 0 0
cpu1 454612 11232 770851 130663768 23446 0 864194 0 0 0
cpu2 139332 4072 232880 131852133 30855 0 758936 0 0 0
cpu3 134014 13816 210637 131839640 28568 0 733661 0 0 0
intr 12170029733 0 0 2636663 81 0 746935 34743677 0 0 0 9407200 0 0 0 0 0 0 0 0 0 0 0 0 0 0 0 0 0 0 0 0 0 0 0 0 0 0 0 0 0 0 0 0 0 0 0 0 0 0 0 0 2587985854 0 0 0 0 0 0 0 0 853487 0 443771 0 0 0 0 0 0 0 0 0 0 0 739816891 1 0 0 0 0 0 0 0 0 0 0 0 0 0 0 0 0 0 0 0 0 0 0 436006 4219 0 0 0 0 18851748 0 0 0 0 0 0 0 0 0 0 0 0 0 0 0 0 0 0 0 0 0 0 0 0 0 0 0 0 0 0 0 0 0 0 0 0 0 0 0 0 0 0 0 0 0 0 0 0 0 0 0 0 0 0 0 0 0 0 0 0 0 0 0 0 0 0 0 0 0 0 0 0 0 0 0 184168611 0 0 0
ctxt 390538408
btime 1669654930
processes 560845
procs_running 1
procs_blocked 0
softirq 1020196619 711059447 32164586 741743 81118168 443699 0 125771321 42535235 588 26361832

cpu  845535 38662 1416850 526149511 113481 0 3094503 0 0 0
cpu0 117576 9541 202480 131793855 30611 0 737675 0 0 0
cpu1 454612 11232 770851 130663805 23446 0 864205 0 0 0
cpu2 139332 4072 232880 131852170 30855 0 758947 0 0 0
cpu3 134014 13816 210637 131839678 28568 0 733675 0 0 0
intr 12170044238 0 0 2636672 81 0 746935 34743707 0 0 0 9407205 0 0 0 0 0 0 0 0 0 0 0 0 0 0 0 0 0 0 0 0 0 0 0 0 0 0 0 0 0 0 0 0 0 0 0 0 0 0 0 0 2587994868 0 0 0 0 0 0 0 0 853488 0 443771 0 0 0 0 0 0 0 0 0 0 0 739821801 1 0 0 0 0 0 0 0 0 0 0 0 0 0 0 0 0 0 0 0 0 0 0 436006 4219 0 0 0 0 18851763 0 0 0 0 0 0 0 0 0 0 0 0 0 0 0 0 0 0 0 0 0 0 0 0 0 0 0 0 0 0 0 0 0 0 0 0 0 0 0 0 0 0 0 0 0 0 0 0 0 0 0 0 0 0 0 0 0 0 0 0 0 0 0 0 0 0 0 0 0 0 0 0 0 0 0 184169131 0 0 0
ctxt 390538804
btime 1669654930
processes 560845
procs_running 1
procs_blocked 0
softirq 1020211858 711064269 32164667 741743 81122962 443699 0 125776342 42535479 588 26362109

cpu  845535 38662 1416850 526149662 113481 0 3094548 0 0 0
cpu0 117576 9541 202480 131793893 30611 0 737687 0 0 0
cpu1 454612 11232 770852 130663843 23446 0 864215 0 0 0
cpu2 139332 4072 232880 131852208 30855 0 758956 0 0 0
cpu3 134014 13816 210637 131839716 28568 0 733690 0 0 0
intr 12170058746 0 0 2636678 81 0 746935 34743735 0 0 0 9407209 0 0 0 0 0 0 0 0 0 0 0 0 0 0 0 0 0 0 0 0 0 0 0 0 0 0 0 0 0 0 0 0 0 0 0 0 0 0 0 0 2588003885 0 0 0 0 0 0 0 0 853489 0 443771 0 0 0 0 0 0 0 0 0 0 0 739826725 1 0 0 0 0 0 0 0 0 0 0 0 0 0 0 0 0 0 0 0 0 0 0 436006 4219 0 0 0 0 18851778 0 0 0 0 0 0 0 0 0 0 0 0 0 0 0 0 0 0 0 0 0 0 0 0 0 0 0 0 0 0 0 0 0 0 0 0 0 0 0 0 0 0 0 0 0 0 0 0 0 0 0 0 0 0 0 0 0 0 0 0 0 0 0 0 0 0 0 0 0 0 0 0 0 0 0 184169645 0 0 0
ctxt 390539169
btime 1669654930
processes 560845
procs_running 1
procs_blocked 0
softirq 1020227085 711069098 32164743 741743 81127756 443699 0 125781346 42535726 588 26362386

cpu  845535 38662 1416850 526149813 113481 0 3094593 0 0 0
cpu0 117576 9541 202480 131793931 30611 0 737698 0 0 0
cpu1 454613 11232 770852 130663881 23446 0 864225 0 0 0
cpu2 139332 4072 232880 131852247 30855 0 758968 0 0 0
cpu3 134014 13816 210637 131839754 28568 0 733700 0 0 0
intr 12170073248 0 0 2636686 81 0 746935 34743767 0 0 0 9407214 0 0 0 0 0 0 0 0 0 0 0 0 0 0 0 0 0 0 0 0 0 0 0 0 0 0 0 0 0 0 0 0 0 0 0 0 0 0 0 0 2588012895 0 0 0 0 0 0 0 0 853490 0 443771 0 0 0 0 0 0 0 0 0 0 0 739831643 1 0 0 0 0 0 0 0 0 0 0 0 0 0 0 0 0 0 0 0 0 0 0 436006 4219 0 0 0 0 18851793 0 0 0 0 0 0 0 0 0 0 0 0 0 0 0 0 0 0 0 0 0 0 0 0 0 0 0 0 0 0 0 0 0 0 0 0 0 0 0 0 0 0 0 0 0 0 0 0 0 0 0 0 0 0 0 0 0 0 0 0 0 0 0 0 0 0 0 0 0 0 0 0 0 0 0 184170158 0 0 0
ctxt 390539558
btime 1669654930
processes 560845
procs_running 2
procs_blocked 0
softirq 1020242308 711073927 32164817 741743 81132554 443699 0 125786355 42535971 588 26362654

cpu  845536 38662 1416850 526149964 113481 0 3094639 0 0 0
cpu0 117576 9541 202480 131793969 30611 0 737710 0 0 0
cpu1 454613 11232 770852 130663918 23446 0 864231 0 0 0
cpu2 139332 4072 232880 131852284 30855 0 758983 0 0 0
cpu3 134014 13816 210637 131839791 28568 0 733713 0 0 0
intr 12170087741 0 0 2636696 81 0 746935 34743801 0 0 0 9407219 0 0 0 0 0 0 0 0 0 0 0 0 0 0 0 0 0 0 0 0 0 0 0 0 0 0 0 0 0 0 0 0 0 0 0 0 0 0 0 0 2588021888 0 0 0 0 0 0 0 0 853491 0 443771 0 0 0 0 0 0 0 0 0 0 0 739836561 1 0 0 0 0 0 0 0 0 0 0 0 0 0 0 0 0 0 0 0 0 0 0 436006 4219 0 0 0 0 18851808 0 0 0 0 0 0 0 0 0 0 0 0 0 0 0 0 0 0 0 0 0 0 0 0 0 0 0 0 0 0 0 0 0 0 0 0 0 0 0 0 0 0 0 0 0 0 0 0 0 0 0 0 0 0 0 0 0 0 0 0 0 0 0 0 0 0 0 0 0 0 0 0 0 0 0 184170674 0 0 0
ctxt 390539951
btime 1669654930
processes 560845
procs_running 1
procs_blocked 0
softirq 1020257501 711078756 32164899 741743 81137343 443699 0 125791332 42536218 588 26362923

cpu  845536 38662 1416851 526150115 113481 0 3094684 0 0 0
cpu0 117576 9541 202480 131794006 30611 0 737721 0 0 0
cpu1 454613 11232 770852 130663956 23446 0 864244 0 0 0
cpu2 139332 4072 232880 131852322 30855 0 758996 0 0 0
cpu3 134014 13816 210637 131839829 28568 0 733721 0 0 0
intr 12170102264 0 0 2636707 81 0 746935 34743829 0 0 0 9407224 0 0 0 0 0 0 0 0 0 0 0 0 0 0 0 0 0 0 0 0 0 0 0 0 0 0 0 0 0 0 0 0 0 0 0 0 0 0 0 0 2588030918 0 0 0 0 0 0 0 0 853492 0 443771 0 0 0 0 0 0 0 0 0 0 0 739841478 1 0 0 0 0 0 0 0 0 0 0 0 0 0 0 0 0 0 0 0 0 0 0 436006 4219 0 0 0 0 18851823 0 0 0 0 0 0 0 0 0 0 0 0 0 0 0 0 0 0 0 0 0 0 0 0 0 0 0 0 0 0 0 0 0 0 0 0 0 0 0 0 0 0 0 0 0 0 0 0 0 0 0 0 0 0 0 0 0 0 0 0 0 0 0 0 0 0 0 0 0 0 0 0 0 0 0 184171193 0 0 0
ctxt 390540338
btime 1669654930
processes 560845
procs_running 1
procs_blocked 0
softirq 1020272774 711083615 32164982 741743 81142133 443699 0 125796348 42536463 588 26363203

cpu  845536 38662 1416851 526150266 113481 0 3094726 0 0 0
cpu0 117576 9541 202480 131794044 30611 0 737730 0 0 0
cpu1 454613 11232 770852 130663994 23446 0 864256 0 0 0
cpu2 139332 4072 232880 131852360 30855 0 759008 0 0 0
cpu3 134014 13816 210637 131839867 28568 0 733731 0 0 0
intr 12170116777 0 0 2636717 81 0 746935 34743864 0 0 0 9407229 0 0 0 0 0 0 0 0 0 0 0 0 0 0 0 0 0 0 0 0 0 0 0 0 0 0 0 0 0 0 0 0 0 0 0 0 0 0 0 0 2588039921 0 0 0 0 0 0 0 0 853493 0 443772 0 0 0 0 0 0 0 0 0 0 0 739846402 1 0 0 0 0 0 0 0 0 0 0 0 0 0 0 0 0 0 0 0 0 0 0 436007 4219 0 0 0 0 18851838 0 0 0 0 0 0 0 0 0 0 0 0 0 0 0 0 0 0 0 0 0 0 0 0 0 0 0 0 0 0 0 0 0 0 0 0 0 0 0 0 0 0 0 0 0 0 0 0 0 0 0 0 0 0 0 0 0 0 0 0 0 0 0 0 0 0 0 0 0 0 0 0 0 0 0 184171708 0 0 0
ctxt 390540719
btime 1669654930
processes 560845
procs_running 1
procs_blocked 0
softirq 1020287983 711088445 32165054 741743 81146930 443700 0 125801359 42536704 588 26363460

cpu  845536 38662 1416852 526150416 113481 0 3094771 0 0 0
cpu0 117576 9541 202480 131794081 30611 0 737742 0 0 0
cpu1 454613 11232 770852 130664031 23446 0 864266 0 0 0
cpu2 139332 4072 232880 131852397 30855 0 759022 0 0 0
cpu3 134014 13816 210638 131839905 28568 0 733741 0 0 0
intr 12170131244 0 0 2636727 81 0 746935 34743895 0 0 0 9407234 0 0 0 0 0 0 0 0 0 0 0 0 0 0 0 0 0 0 0 0 0 0 0 0 0 0 0 0 0 0 0 0 0 0 0 0 0 0 0 0 2588048896 0 0 0 0 0 0 0 0 853494 0 443772 0 0 0 0 0 0 0 0 0 0 0 739851311 1 0 0 0 0 0 0 0 0 0 0 0 0 0 0 0 0 0 0 0 0 0 0 436007 4219 0 0 0 0 18851859 0 0 0 0 0 0 0 0 0 0 0 0 0 0 0 0 0 0 0 0 0 0 0 0 0 0 0 0 0 0 0 0 0 0 0 0 0 0 0 0 0 0 0 0 0 0 0 0 0 0 0 0 0 0 0 0 0 0 0 0 0 0 0 0 0 0 0 0 0 0 0 0 0 0 0 184172224 0 0 0
ctxt 390541104
btime 1669654930
processes 560845
procs_running 1
procs_blocked 0
softirq 1020303183 711093286 32165138 741744 81151714 443700 0 125806352 42536948 588 26363713

cpu  845536 38662 1416852 526150567 113481 0 3094816 0 0 0
cpu0 117576 9541 202480 131794118 30611 0 737751 0 0 0
cpu1 454614 11232 770852 130664069 23446 0 864275 0 0 0
cpu2 139332 4072 232880 131852435 30855 0 759033 0 0 0
cpu3 134014 13816 210638 131839943 28568 0 733755 0 0 0
intr 12170145768 0 0 2636737 81 0 746935 34743929 0 0 0 9407239 0 0 0 0 0 0 0 0 0 0 0 0 0 0 0 0 0 0 0 0 0 0 0 0 0 0 0 0 0 0 0 0 0 0 0 0 0 0 0 0 2588057913 0 0 0 0 0 0 0 0 853495 0 443772 0 0 0 0 0 0 0 0 0 0 0 739856242 1 0 0 0 0 0 0 0 0 0 0 0 0 0 0 0 0 0 0 0 0 0 0 436007 4219 0 0 0 0 18851874 0 0 0 0 0 0 0 0 0 0 0 0 0 0 0 0 0 0 0 0 0 0 0 0 0 0 0 0 0 0 0 0 0 0 0 0 0 0 0 0 0 0 0 0 0 0 0 0 0 0 0 0 0 0 0 0 0 0 0 0 0 0 0 0 0 0 0 0 0 0 0 0 0 0 0 184172739 0 0 0
ctxt 390541493
btime 1669654930
processes 560845
procs_running 2
procs_blocked 0
softirq 1020318403 711098113 32165218 741744 81156516 443700 0 125811376 42537191 588 26363957

cpu  845536 38662 1416853 526150718 113481 0 3094857 0 0 0
cpu0 117576 9541 202481 131794156 30611 0 737760 0 0 0
cpu1 454614 11232 770852 130664107 23446 0 864286 0 0 0
cpu2 139332 4072 232880 131852473 30855 0 759046 0 0 0
cpu3 134014 13816 210638 131839980 28568 0 733764 0 0 0
intr 12170160272 0 0 2636752 81 0 746935 34743957 0 0 0 9407244 0 0 0 0 0 0 0 0 0 0 0 0 0 0 0 0 0 0 0 0 0 0 0 0 0 0 0 0 0 0 0 0 0 0 0 0 0 0 0 0 2588066907 0 0 0 0 0 0 0 0 853496 0 443772 0 0 0 0 0 0 0 0 0 0 0 739861163 1 0 0 0 0 0 0 0 0 0 0 0 0 0 0 0 0 0 0 0 0 0 0 436007 4219 0 0 0 0 18851889 0 0 0 0 0 0 0 0 0 0 0 0 0 0 0 0 0 0 0 0 0 0 0 0 0 0 0 0 0 0 0 0 0 0 0 0 0 0 0 0 0 0 0 0 0 0 0 0 0 0 0 0 0 0 0 0 0 0 0 0 0 0 0 0 0 0 0 0 0 0 0 0 0 0 0 184173261 0 0 0
ctxt 390541873
btime 1669654930
processes 560845
procs_running 1
procs_blocked 0
softirq 1020333623 711102937 32165298 741744 81161316 443700 0 125816390 42537438 588 26364212

cpu  845536 38662 1416854 526150868 113481 0 3094896 0 0 0
cpu0 117576 9541 202481 131794194 30611 0 737771 0 0 0
cpu1 454614 11232 770852 130664144 23446 0 864294 0 0 0
cpu2 139332 4072 232881 131852510 30855 0 759057 0 0 0
cpu3 134014 13816 210638 131840018 28568 0 733772 0 0 0
intr 12170174786 0 0 2636762 81 0 746935 34743987 0 0 0 9407249 0 0 0 0 0 0 0 0 0 0 0 0 0 0 0 0 0 0 0 0 0 0 0 0 0 0 0 0 0 0 0 0 0 0 0 0 0 0 0 0 2588075927 0 0 0 0 0 0 0 0 853497 0 443772 0 0 0 0 0 0 0 0 0 0 0 739866081 1 0 0 0 0 0 0 0 0 0 0 0 0 0 0 0 0 0 0 0 0 0 0 436007 4219 0 0 0 0 18851904 0 0 0 0 0 0 0 0 0 0 0 0 0 0 0 0 0 0 0 0 0 0 0 0 0 0 0 0 0 0 0 0 0 0 0 0 0 0 0 0 0 0 0 0 0 0 0 0 0 0 0 0 0 0 0 0 0 0 0 0 0 0 0 0 0 0 0 0 0 0 0 0 0 0 0 184173777 0 0 0
ctxt 390542257
btime 1669654930
processes 560845
procs_running 1
procs_blocked 0
softirq 1020348829 711107772 32165392 741744 81166091 443700 0 125821400 42537669 588 26364473

cpu  845536 38662 1416854 526151008 113481 0 3094950 0 0 0
cpu0 117576 9541 202481 131794229 30611 0 737784 0 0 0
cpu1 454614 11232 770852 130664179 23446 0 864305 0 0 0
cpu2 139332 4072 232881 131852544 30855 0 759072 0 0 0
cpu3 134014 13816 210638 131840054 28568 0 733787 0 0 0
intr 12170189374 0 0 2636766 81 0 746935 34744025 0 0 0 9407254 0 0 0 0 0 0 0 0 0 0 0 0 0 0 0 0 0 0 0 0 0 0 0 0 0 0 0 0 0 0 0 0 0 0 0 0 0 0 0 0 2588085009 0 0 0 0 0 0 0 0 853498 0 443772 0 0 0 0 0 0 0 0 0 0 0 739870996 1 0 0 0 0 0 0 0 0 0 0 0 0 0 0 0 0 0 0 0 0 0 0 436007 4219 0 0 0 0 18851936 0 0 0 0 0 0 0 0 0 0 0 0 0 0 0 0 0 0 0 0 0 0 0 0 0 0 0 0 0 0 0 0 0 0 0 0 0 0 0 0 0 0 0 0 0 0 0 0 0 0 0 0 0 0 0 0 0 0 0 0 0 0 0 0 0 0 0 0 0 0 0 0 0 0 0 184174289 0 0 0
ctxt 390542670
btime 1669654930
processes 560845
procs_running 1
procs_blocked 0
softirq 1020364145 711112630 32165478 741744 81170880 443700 0 125826472 42537918 588 26364735

cpu  845536 38662 1416854 526151144 113481 0 3095006 0 0 0
cpu0 117576 9541 202481 131794264 30611 0 737798 0 0 0
cpu1 454614 11232 770852 130664213 23446 0 864317 0 0 0
cpu2 139332 4072 232881 131852578 30855 0 759091 0 0 0
cpu3 134014 13816 210638 131840088 28568 0 733798 0 0 0
intr 12170203972 0 0 2636766 81 0 746935 34744079 0 0 0 9407259 0 0 0 0 0 0 0 0 0 0 0 0 0 0 0 0 0 0 0 0 0 0 0 0 0 0 0 0 0 0 0 0 0 0 0 0 0 0 0 0 2588094081 0 0 0 0 0 0 0 0 853499 0 443772 0 0 0 0 0 0 0 0 0 0 0 739875910 1 0 0 0 0 0 0 0 0 0 0 0 0 0 0 0 0 0 0 0 0 0 0 436007 4219 0 0 0 0 18851979 0 0 0 0 0 0 0 0 0 0 0 0 0 0 0 0 0 0 0 0 0 0 0 0 0 0 0 0 0 0 0 0 0 0 0 0 0 0 0 0 0 0 0 0 0 0 0 0 0 0 0 0 0 0 0 0 0 0 0 0 0 0 0 0 0 0 0 0 0 0 0 0 0 0 0 184174795 0 0 0
ctxt 390543150
btime 1669654930
processes 560845
procs_running 1
procs_blocked 0
softirq 1020379451 711117475 32165564 741744 81175642 443700 0 125831547 42538167 588 26365024

cpu  845536 38662 1416854 526151282 113481 0 3095061 0 0 0
cpu0 117576 9541 202481 131794297 30611 0 737813 0 0 0
cpu1 454614 11232 770852 130664248 23446 0 864329 0 0 0
cpu2 139332 4072 232881 131852613 30855 0 759106 0 0 0
cpu3 134014 13816 210638 131840122 28568 0 733812 0 0 0
intr 12170218543 0 0 2636767 81 0 746935 34744108 0 0 0 9407264 0 0 0 0 0 0 0 0 0 0 0 0 0 0 0 0 0 0 0 0 0 0 0 0 0 0 0 0 0 0 0 0 0 0 0 0 0 0 0 0 2588103184 0 0 0 0 0 0 0 0 853500 0 443772 0 0 0 0 0 0 0 0 0 0 0 739880818 1 0 0 0 0 0 0 0 0 0 0 0 0 0 0 0 0 0 0 0 0 0 0 436007 4219 0 0 0 0 18851994 0 0 0 0 0 0 0 0 0 0 0 0 0 0 0 0 0 0 0 0 0 0 0 0 0 0 0 0 0 0 0 0 0 0 0 0 0 0 0 0 0 0 0 0 0 0 0 0 0 0 0 0 0 0 0 0 0 0 0 0 0 0 0 0 0 0 0 0 0 0 0 0 0 0 0 184175303 0 0 0
ctxt 390543570
btime 1669654930
processes 560845
procs_running 2
procs_blocked 0
softirq 1020394786 711122327 32165645 741744 81180424 443700 0 125836632 42538416 588 26365310

cpu  845536 38662 1416856 526151414 113482 0 3095117 0 0 0
cpu0 117576 9541 202482 131794330 30612 0 737823 0 0 0
cpu1 454614 11232 770852 130664281 23446 0 864346 0 0 0
cpu2 139332 4072 232882 131852646 30855 0 759120 0 0 0
cpu3 134014 13816 210639 131840155 28568 0 733826 0 0 0
intr 12170233309 0 0 2636767 81 0 746936 34744228 0 0 0 9407269 0 0 0 0 0 0 0 0 0 0 0 0 0 0 0 0 0 0 0 0 0 0 0 0 0 0 0 0 0 0 0 0 0 0 0 0 0 0 0 0 2588112264 0 0 0 0 0 0 0 0 853501 0 443794 0 0 0 0 0 0 0 0 0 0 0 739885718 1 0 0 0 0 0 0 0 0 0 0 0 0 0 0 0 0 0 0 0 0 0 0 436029 4219 0 0 0 0 18852101 0 0 0 0 0 0 0 0 0 0 0 0 0 0 0 0 0 0 0 0 0 0 0 0 0 0 0 0 0 0 0 0 0 0 0 0 0 0 0 0 0 0 0 0 0 0 0 0 0 0 0 0 0 0 0 0 0 0 0 0 0 0 0 0 0 0 0 0 0 0 0 0 0 0 0 184175816 0 0 0
ctxt 390544399
btime 1669654930
processes 560846
procs_running 2
procs_blocked 0
softirq 1020410219 711127180 32165739 741744 81185165 443722 0 125841801 42538662 588 26365618

cpu  845537 38662 1416856 526151551 113482 0 3095174 0 0 0
cpu0 117576 9541 202482 131794364 30612 0 737837 0 0 0
cpu1 454614 11232 770852 130664316 23446 0 864360 0 0 0
cpu2 139332 4072 232882 131852681 30855 0 759134 0 0 0
cpu3 134014 13816 210639 131840189 28568 0 733842 0 0 0
intr 12170247971 0 0 2636767 81 0 746936 34744302 0 0 0 9407274 0 0 0 0 0 0 0 0 0 0 0 0 0 0 0 0 0 0 0 0 0 0 0 0 0 0 0 0 0 0 0 0 0 0 0 0 0 0 0 0 2588121349 0 0 0 0 0 0 0 0 853502 0 443794 0 0 0 0 0 0 0 0 0 0 0 739890636 1 0 0 0 0 0 0 0 0 0 0 0 0 0 0 0 0 0 0 0 0 0 0 436029 4219 0 0 0 0 18852163 0 0 0 0 0 0 0 0 0 0 0 0 0 0 0 0 0 0 0 0 0 0 0 0 0 0 0 0 0 0 0 0 0 0 0 0 0 0 0 0 0 0 0 0 0 0 0 0 0 0 0 0 0 0 0 0 0 0 0 0 0 0 0 0 0 0 0 0 0 0 0 0 0 0 0 184176330 0 0 0
ctxt 390544930
btime 1669654930
processes 560846
procs_running 1
procs_blocked 0
softirq 1020425537 711132047 32165830 741744 81189917 443722 0 125846870 42538912 588 26365907

cpu  845537 38662 1416857 526151688 113482 0 3095230 0 0 0
cpu0 117576 9541 202483 131794398 30612 0 737850 0 0 0
cpu1 454614 11232 770852 130664350 23446 0 864374 0 0 0
cpu2 139332 4072 232882 131852716 30855 0 759148 0 0 0
cpu3 134014 13816 210639 131840223 28568 0 733857 0 0 0
intr 12170262580 0 0 2636767 81 0 746936 34744351 0 0 0 9407279 0 0 0 0 0 0 0 0 0 0 0 0 0 0 0 0 0 0 0 0 0 0 0 0 0 0 0 0 0 0 0 0 0 0 0 0 0 0 0 0 2588130436 0 0 0 0 0 0 0 0 853503 0 443794 0 0 0 0 0 0 0 0 0 0 0 739895546 1 0 0 0 0 0 0 0 0 0 0 0 0 0 0 0 0 0 0 0 0 0 0 436029 4219 0 0 0 0 18852209 0 0 0 0 0 0 0 0 0 0 0 0 0 0 0 0 0 0 0 0 0 0 0 0 0 0 0 0 0 0 0 0 0 0 0 0 0 0 0 0 0 0 0 0 0 0 0 0 0 0 0 0 0 0 0 0 0 0 0 0 0 0 0 0 0 0 0 0 0 0 0 0 0 0 0 184176841 0 0 0
ctxt 390545409
btime 1669654930
processes 560846
procs_running 1
procs_blocked 0
softirq 1020440839 711136893 32165918 741744 81194686 443722 0 125851956 42539157 588 26366175

cpu  845538 38662 1416857 526151828 113482 0 3095283 0 0 0
cpu0 117576 9541 202483 131794433 30612 0 737867 0 0 0
cpu1 454614 11232 770852 130664385 23446 0 864386 0 0 0
cpu2 139332 4072 232882 131852750 30855 0 759160 0 0 0
cpu3 134015 13816 210639 131840258 28568 0 733869 0 0 0
intr 12170277141 0 0 2636767 81 0 746936 34744375 0 0 0 9407284 0 0 0 0 0 0 0 0 0 0 0 0 0 0 0 0 0 0 0 0 0 0 0 0 0 0 0 0 0 0 0 0 0 0 0 0 0 0 0 0 2588139525 0 0 0 0 0 0 0 0 853504 0 443794 0 0 0 0 0 0 0 0 0 0 0 739900462 1 0 0 0 0 0 0 0 0 0 0 0 0 0 0 0 0 0 0 0 0 0 0 436029 4219 0 0 0 0 18852224 0 0 0 0 0 0 0 0 0 0 0 0 0 0 0 0 0 0 0 0 0 0 0 0 0 0 0 0 0 0 0 0 0 0 0 0 0 0 0 0 0 0 0 0 0 0 0 0 0 0 0 0 0 0 0 0 0 0 0 0 0 0 0 0 0 0 0 0 0 0 0 0 0 0 0 184177351 0 0 0
ctxt 390545834
btime 1669654930
processes 560846
procs_running 1
procs_blocked 0
softirq 1020456165 711141790 32166007 741744 81199443 443722 0 125857014 42539408 588 26366449

cpu  845538 38662 1416858 526152020 113482 0 3095288 0 0 0
cpu0 117576 9541 202484 131794481 30612 0 737868 0 0 0
cpu1 454614 11232 770853 130664433 23446 0 864387 0 0 0
cpu2 139332 4072 232882 131852798 30855 0 759161 0 0 0
cpu3 134015 13816 210639 131840306 28568 0 733871 0 0 0
intr 12170282476 0 0 2636772 81 0 746937 34744416 0 0 0 9407287 0 0 0 0 0 0 0 0 0 0 0 0 0 0 0 0 0 0 0 0 0 0 0 0 0 0 0 0 0 0 0 0 0 0 0 0 0 0 0 0 2588144042 0 0 0 0 0 0 0 0 853505 0 443794 0 0 0 0 0 0 0 0 0 0 0 739901082 1 0 0 0 0 0 0 0 0 0 0 0 0 0 0 0 0 0 0 0 0 0 0 436029 4219 0 0 0 0 18852261 0 0 0 0 0 0 0 0 0 0 0 0 0 0 0 0 0 0 0 0 0 0 0 0 0 0 0 0 0 0 0 0 0 0 0 0 0 0 0 0 0 0 0 0 0 0 0 0 0 0 0 0 0 0 0 0 0 0 0 0 0 0 0 0 0 0 0 0 0 0 0 0 0 0 0 184177459 0 0 0
ctxt 390546011
btime 1669654930
processes 560846
procs_running 1
procs_blocked 0
softirq 1020457832 711142286 32166037 741744 81199937 443722 0 125857554 42539466 588 26366498

cpu  845538 38662 1416859 526152217 113482 0 3095288 0 0 0
cpu0 117576 9541 202484 131794530 30612 0 737868 0 0 0
cpu1 454614 11232 770853 130664482 23446 0 864387 0 0 0
cpu2 139332 4072 232882 131852847 30855 0 759161 0 0 0
cpu3 134015 13816 210639 131840356 28568 0 733871 0 0 0
intr 12170286739 0 0 2636772 81 0 746937 34744445 0 0 0 9407291 0 0 0 0 0 0 0 0 0 0 0 0 0 0 0 0 0 0 0 0 0 0 0 0 0 0 0 0 0 0 0 0 0 0 0 0 0 0 0 0 2588148063 0 0 0 0 0 0 0 0 853506 0 443794 0 0 0 0 0 0 0 0 0 0 0 739901236 1 0 0 0 0 0 0 0 0 0 0 0 0 0 0 0 0 0 0 0 0 0 0 436029 4219 0 0 0 0 18852276 0 0 0 0 0 0 0 0 0 0 0 0 0 0 0 0 0 0 0 0 0 0 0 0 0 0 0 0 0 0 0 0 0 0 0 0 0 0 0 0 0 0 0 0 0 0 0 0 0 0 0 0 0 0 0 0 0 0 0 0 0 0 0 0 0 0 0 0 0 0 0 0 0 0 0 184177498 0 0 0
ctxt 390546123
btime 1669654930
processes 560846
procs_running 1
procs_blocked 0
softirq 1020457910 711142294 32166052 741745 81199938 443722 0 125857569 42539486 588 26366516

cpu  845538 38662 1416860 526152414 113482 0 3095288 0 0 0
cpu0 117576 9541 202484 131794579 30612 0 737868 0 0 0
cpu1 454614 11232 770854 130664532 23446 0 864387 0 0 0
cpu2 139332 4072 232882 131852897 30855 0 759161 0 0 0
cpu3 134015 13816 210639 131840405 28568 0 733871 0 0 0
intr 12170290939 0 0 2636772 81 0 746937 34744461 0 0 0 9407294 0 0 0 0 0 0 0 0 0 0 0 0 0 0 0 0 0 0 0 0 0 0 0 0 0 0 0 0 0 0 0 0 0 0 0 0 0 0 0 0 2588152066 0 0 0 0 0 0 0 0 853507 0 443794 0 0 0 0 0 0 0 0 0 0 0 739901364 1 0 0 0 0 0 0 0 0 0 0 0 0 0 0 0 0 0 0 0 0 0 0 436029 4219 0 0 0 0 18852291 0 0 0 0 0 0 0 0 0 0 0 0 0 0 0 0 0 0 0 0 0 0 0 0 0 0 0 0 0 0 0 0 0 0 0 0 0 0 0 0 0 0 0 0 0 0 0 0 0 0 0 0 0 0 0 0 0 0 0 0 0 0 0 0 0 0 0 0 0 0 0 0 0 0 0 184177531 0 0 0
ctxt 390546199
btime 1669654930
processes 560846
procs_running 1
procs_blocked 0
softirq 1020457974 711142294 32166068 741745 81199939 443722 0 125857583 42539507 588 26366528

cpu  845538 38662 1416861 526152610 113482 0 3095288 0 0 0
cpu0 117576 9541 202484 131794629 30612 0 737868 0 0 0
cpu1 454614 11232 770854 130664581 23446 0 864387 0 0 0
cpu2 139332 4072 232882 131852946 30855 0 759161 0 0 0
cpu3 134015 13816 210640 131840453 28568 0 733871 0 0 0
intr 12170295195 0 0 2636772 81 0 746937 34744487 0 0 0 9407298 0 0 0 0 0 0 0 0 0 0 0 0 0 0 0 0 0 0 0 0 0 0 0 0 0 0 0 0 0 0 0 0 0 0 0 0 0 0 0 0 2588156087 0 0 0 0 0 0 0 0 853508 0 443794 0 0 0 0 0 0 0 0 0 0 0 739901518 1 0 0 0 0 0 0 0 0 0 0 0 0 0 0 0 0 0 0 0 0 0 0 436029 4219 0 0 0 0 18852306 0 0 0 0 0 0 0 0 0 0 0 0 0 0 0 0 0 0 0 0 0 0 0 0 0 0 0 0 0 0 0 0 0 0 0 0 0 0 0 0 0 0 0 0 0 0 0 0 0 0 0 0 0 0 0 0 0 0 0 0 0 0 0 0 0 0 0 0 0 0 0 0 0 0 0 184177566 0 0 0
ctxt 390546306
btime 1669654930
processes 560846
procs_running 1
procs_blocked 0
softirq 1020458047 711142302 32166083 741745 81199940 443722 0 125857599 42539527 588 26366541

cpu  845538 38662 1416861 526152807 113483 0 3095288 0 0 0
cpu0 117576 9541 202484 131794677 30612 0 737868 0 0 0
cpu1 454614 11232 770854 130664631 23446 0 864387 0 0 0
cpu2 139332 4072 232882 131852995 30855 0 759161 0 0 0
cpu3 134015 13816 210640 131840502 28568 0 733871 0 0 0
intr 12170299421 0 0 2636773 81 0 746937 34744512 0 0 0 9407302 0 0 0 0 0 0 0 0 0 0 0 0 0 0 0 0 0 0 0 0 0 0 0 0 0 0 0 0 0 0 0 0 0 0 0 0 0 0 0 0 2588160091 0 0 0 0 0 0 0 0 853509 0 443797 0 0 0 0 0 0 0 0 0 0 0 739901646 1 0 0 0 0 0 0 0 0 0 0 0 0 0 0 0 0 0 0 0 0 0 0 436032 4219 0 0 0 0 18852321 0 0 0 0 0 0 0 0 0 0 0 0 0 0 0 0 0 0 0 0 0 0 0 0 0 0 0 0 0 0 0 0 0 0 0 0 0 0 0 0 0 0 0 0 0 0 0 0 0 0 0 0 0 0 0 0 0 0 0 0 0 0 0 0 0 0 0 0 0 0 0 0 0 0 0 184177608 0 0 0
ctxt 390546444
btime 1669654930
processes 560846
procs_running 1
procs_blocked 0
softirq 1020458130 711142302 32166100 741745 81199941 443725 0 125857622 42539549 588 26366558

cpu  845538 38662 1416862 526153003 113483 0 3095288 0 0 0
cpu0 117576 9541 202484 131794726 30612 0 737868 0 0 0
cpu1 454614 11232 770855 130664680 23446 0 864387 0 0 0
cpu2 139332 4072 232882 131853044 30855 0 759161 0 0 0
cpu3 134015 13816 210640 131840552 28568 0 733871 0 0 0
intr 12170303668 0 0 2636773 81 0 746937 34744539 0 0 0 9407306 0 0 0 0 0 0 0 0 0 0 0 0 0 0 0 0 0 0 0 0 0 0 0 0 0 0 0 0 0 0 0 0 0 0 0 0 0 0 0 0 2588164110 0 0 0 0 0 0 0 0 853510 0 443797 0 0 0 0 0 0 0 0 0 0 0 739901798 1 0 0 0 0 0 0 0 0 0 0 0 0 0 0 0 0 0 0 0 0 0 0 436032 4219 0 0 0 0 18852336 0 0 0 0 0 0 0 0 0 0 0 0 0 0 0 0 0 0 0 0 0 0 0 0 0 0 0 0 0 0 0 0 0 0 0 0 0 0 0 0 0 0 0 0 0 0 0 0 0 0 0 0 0 0 0 0 0 0 0 0 0 0 0 0 0 0 0 0 0 0 0 0 0 0 0 184177637 0 0 0
ctxt 390546549
btime 1669654930
processes 560846
procs_running 1
procs_blocked 0
softirq 1020458192 711142310 32166113 741745 81199942 443725 0 125857635 42539565 588 26366569

cpu  845538 38662 1416862 526153201 113483 0 3095289 0 0 0
cpu0 117576 9541 202484 131794775 30612 0 737868 0 0 0
cpu1 454614 11232 770855 130664730 23446 0 864388 0 0 0
cpu2 139332 4072 232882 131853093 30855 0 759161 0 0 0
cpu3 134015 13816 210640 131840601 28568 0 733871 0 0 0
intr 12170307866 0 0 2636773 81 0 746937 34744559 0 0 0 9407310 0 0 0 0 0 0 0 0 0 0 0 0 0 0 0 0 0 0 0 0 0 0 0 0 0 0 0 0 0 0 0 0 0 0 0 0 0 0 0 0 2588168115 0 0 0 0 0 0 0 0 853511 0 443797 0 0 0 0 0 0 0 0 0 0 0 739901926 1 0 0 0 0 0 0 0 0 0 0 0 0 0 0 0 0 0 0 0 0 0 0 436032 4219 0 0 0 0 18852351 0 0 0 0 0 0 0 0 0 0 0 0 0 0 0 0 0 0 0 0 0 0 0 0 0 0 0 0 0 0 0 0 0 0 0 0 0 0 0 0 0 0 0 0 0 0 0 0 0 0 0 0 0 0 0 0 0 0 0 0 0 0 0 0 0 0 0 0 0 0 0 0 0 0 0 184177663 0 0 0
ctxt 390546630
btime 1669654930
processes 560846
procs_running 1
procs_blocked 0
softirq 1020458246 711142310 32166125 741745 81199943 443725 0 125857649 42539580 588 26366581

cpu  845538 38662 1416862 526153397 113483 0 3095289 0 0 0
cpu0 117576 9541 202484 131794825 30612 0 737868 0 0 0
cpu1 454614 11232 770855 130664779 23446 0 864388 0 0 0
cpu2 139332 4072 232882 131853142 30855 0 759161 0 0 0
cpu3 134015 13816 210640 131840651 28568 0 733871 0 0 0
intr 12170312122 0 0 2636773 81 0 746938 34744588 0 0 0 9407315 0 0 0 0 0 0 0 0 0 0 0 0 0 0 0 0 0 0 0 0 0 0 0 0 0 0 0 0 0 0 0 0 0 0 0 0 0 0 0 0 2588172139 0 0 0 0 0 0 0 0 853512 0 443797 0 0 0 0 0 0 0 0 0 0 0 739902079 1 0 0 0 0 0 0 0 0 0 0 0 0 0 0 0 0 0 0 0 0 0 0 436032 4219 0 0 0 0 18852366 0 0 0 0 0 0 0 0 0 0 0 0 0 0 0 0 0 0 0 0 0 0 0 0 0 0 0 0 0 0 0 0 0 0 0 0 0 0 0 0 0 0 0 0 0 0 0 0 0 0 0 0 0 0 0 0 0 0 0 0 0 0 0 0 0 0 0 0 0 0 0 0 0 0 0 184177691 0 0 0
ctxt 390546739
btime 1669654930
processes 560846
procs_running 1
procs_blocked 0
softirq 1020458311 711142318 32166138 741745 81199944 443725 0 125857663 42539597 588 26366593

cpu  845538 38662 1416862 526153594 113483 0 3095289 0 0 0
cpu0 117576 9541 202484 131794874 30612 0 737868 0 0 0
cpu1 454614 11232 770855 130664828 23446 0 864388 0 0 0
cpu2 139332 4072 232882 131853191 30855 0 759161 0 0 0
cpu3 134015 13816 210640 131840700 28568 0 733871 0 0 0
intr 12170316319 0 0 2636774 81 0 746938 34744608 0 0 0 9407319 0 0 0 0 0 0 0 0 0 0 0 0 0 0 0 0 0 0 0 0 0 0 0 0 0 0 0 0 0 0 0 0 0 0 0 0 0 0 0 0 2588176134 0 0 0 0 0 0 0 0 853513 0 443797 0 0 0 0 0 0 0 0 0 0 0 739902207 1 0 0 0 0 0 0 0 0 0 0 0 0 0 0 0 0 0 0 0 0 0 0 436032 4219 0 0 0 0 18852381 0 0 0 0 0 0 0 0 0 0 0 0 0 0 0 0 0 0 0 0 0 0 0 0 0 0 0 0 0 0 0 0 0 0 0 0 0 0 0 0 0 0 0 0 0 0 0 0 0 0 0 0 0 0 0 0 0 0 0 0 0 0 0 0 0 0 0 0 0 0 0 0 0 0 0 184177723 0 0 0
ctxt 390546830
btime 1669654930
processes 560846
procs_running 1
procs_blocked 0
softirq 1020458372 711142318 32166154 741745 81199945 443725 0 125857677 42539615 588 26366605

cpu  845538 38662 1416862 526153791 113483 0 3095289 0 0 0
cpu0 117576 9541 202484 131794923 30612 0 737868 0 0 0
cpu1 454614 11232 770855 130664878 23446 0 864388 0 0 0
cpu2 139332 4072 232882 131853240 30855 0 759161 0 0 0
cpu3 134015 13816 210640 131840749 28568 0 733871 0 0 0
intr 12170320573 0 0 2636774 81 0 746938 34744632 0 0 0 9407323 0 0 0 0 0 0 0 0 0 0 0 0 0 0 0 0 0 0 0 0 0 0 0 0 0 0 0 0 0 0 0 0 0 0 0 0 0 0 0 0 2588180162 0 0 0 0 0 0 0 0 853514 0 443797 0 0 0 0 0 0 0 0 0 0 0 739902361 1 0 0 0 0 0 0 0 0 0 0 0 0 0 0 0 0 0 0 0 0 0 0 436032 4219 0 0 0 0 18852396 0 0 0 0 0 0 0 0 0 0 0 0 0 0 0 0 0 0 0 0 0 0 0 0 0 0 0 0 0 0 0 0 0 0 0 0 0 0 0 0 0 0 0 0 0 0 0 0 0 0 0 0 0 0 0 0 0 0 0 0 0 0 0 0 0 0 0 0 0 0 0 0 0 0 0 184177752 0 0 0
ctxt 390546934
btime 1669654930
processes 560846
procs_running 1
procs_blocked 0
softirq 1020458434 711142326 32166167 741745 81199946 443725 0 125857691 42539630 588 26366616

cpu  845538 38662 1416863 526153988 113483 0 3095289 0 0 0
cpu0 117576 9541 202485 131794972 30612 0 737868 0 0 0
cpu1 454614 11232 770856 130664927 23446 0 864388 0 0 0
cpu2 139332 4072 232882 131853289 30855 0 759161 0 0 0
cpu3 134015 13816 210640 131840798 28568 0 733871 0 0 0
intr 12170324768 0 0 2636774 81 0 746938 34744653 0 0 0 9407327 0 0 0 0 0 0 0 0 0 0 0 0 0 0 0 0 0 0 0 0 0 0 0 0 0 0 0 0 0 0 0 0 0 0 0 0 0 0 0 0 2588184158 0 0 0 0 0 0 0 0 853515 0 443797 0 0 0 0 0 0 0 0 0 0 0 739902489 1 0 0 0 0 0 0 0 0 0 0 0 0 0 0 0 0 0 0 0 0 0 0 436032 4219 0 0 0 0 18852411 0 0 0 0 0 0 0 0 0 0 0 0 0 0 0 0 0 0 0 0 0 0 0 0 0 0 0 0 0 0 0 0 0 0 0 0 0 0 0 0 0 0 0 0 0 0 0 0 0 0 0 0 0 0 0 0 0 0 0 0 0 0 0 0 0 0 0 0 0 0 0 0 0 0 0 184177782 0 0 0
ctxt 390547014
btime 1669654930
processes 560846
procs_running 1
procs_blocked 0
softirq 1020458499 711142326 32166183 741745 81199947 443725 0 125857705 42539650 588 26366630

cpu  845538 38662 1416863 526154185 113483 0 3095289 0 0 0
cpu0 117576 9541 202485 131795022 30612 0 737868 0 0 0
cpu1 454614 11232 770856 130664976 23446 0 864388 0 0 0
cpu2 139332 4072 232882 131853338 30855 0 759161 0 0 0
cpu3 134015 13816 210640 131840848 28568 0 733871 0 0 0
intr 12170329030 0 0 2636778 81 0 746938 34744681 0 0 0 9407330 0 0 0 0 0 0 0 0 0 0 0 0 0 0 0 0 0 0 0 0 0 0 0 0 0 0 0 0 0 0 0 0 0 0 0 0 0 0 0 0 2588188182 0 0 0 0 0 0 0 0 853516 0 443797 0 0 0 0 0 0 0 0 0 0 0 739902642 1 0 0 0 0 0 0 0 0 0 0 0 0 0 0 0 0 0 0 0 0 0 0 436032 4219 0 0 0 0 18852426 0 0 0 0 0 0 0 0 0 0 0 0 0 0 0 0 0 0 0 0 0 0 0 0 0 0 0 0 0 0 0 0 0 0 0 0 0 0 0 0 0 0 0 0 0 0 0 0 0 0 0 0 0 0 0 0 0 0 0 0 0 0 0 0 0 0 0 0 0 0 0 0 0 0 0 184177815 0 0 0
ctxt 390547109
btime 1669654930
processes 560846
procs_running 1
procs_blocked 0
softirq 1020458567 711142334 32166199 741746 81199948 443725 0 125857718 42539668 588 26366641

cpu  845538 38662 1416864 526154382 113483 0 3095289 0 0 0
cpu0 117576 9541 202485 131795071 30612 0 737868 0 0 0
cpu1 454614 11232 770856 130665026 23446 0 864388 0 0 0
cpu2 139332 4072 232882 131853387 30855 0 759161 0 0 0
cpu3 134015 13816 210640 131840897 28568 0 733871 0 0 0
intr 12170333227 0 0 2636779 81 0 746938 34744702 0 0 0 9407333 0 0 0 0 0 0 0 0 0 0 0 0 0 0 0 0 0 0 0 0 0 0 0 0 0 0 0 0 0 0 0 0 0 0 0 0 0 0 0 0 2588192178 0 0 0 0 0 0 0 0 853517 0 443797 0 0 0 0 0 0 0 0 0 0 0 739902770 1 0 0 0 0 0 0 0 0 0 0 0 0 0 0 0 0 0 0 0 0 0 0 436032 4219 0 0 0 0 18852441 0 0 0 0 0 0 0 0 0 0 0 0 0 0 0 0 0 0 0 0 0 0 0 0 0 0 0 0 0 0 0 0 0 0 0 0 0 0 0 0 0 0 0 0 0 0 0 0 0 0 0 0 0 0 0 0 0 0 0 0 0 0 0 0 0 0 0 0 0 0 0 0 0 0 0 184177847 0 0 0
ctxt 390547197
btime 1669654930
processes 560846
procs_running 1
procs_blocked 0
softirq 1020458630 711142334 32166216 741746 81199949 443725 0 125857732 42539686 588 26366654

cpu  845538 38662 1416864 526154579 113483 0 3095289 0 0 0
cpu0 117576 9541 202485 131795120 30612 0 737868 0 0 0
cpu1 454614 11232 770856 130665075 23446 0 864388 0 0 0
cpu2 139332 4072 232882 131853436 30855 0 759161 0 0 0
cpu3 134015 13816 210640 131840946 28568 0 733871 0 0 0
intr 12170337478 0 0 2636779 81 0 746938 34744729 0 0 0 9407336 0 0 0 0 0 0 0 0 0 0 0 0 0 0 0 0 0 0 0 0 0 0 0 0 0 0 0 0 0 0 0 0 0 0 0 0 0 0 0 0 2588196204 0 0 0 0 0 0 0 0 853518 0 443797 0 0 0 0 0 0 0 0 0 0 0 739902923 1 0 0 0 0 0 0 0 0 0 0 0 0 0 0 0 0 0 0 0 0 0 0 436032 4219 0 0 0 0 18852456 0 0 0 0 0 0 0 0 0 0 0 0 0 0 0 0 0 0 0 0 0 0 0 0 0 0 0 0 0 0 0 0 0 0 0 0 0 0 0 0 0 0 0 0 0 0 0 0 0 0 0 0 0 0 0 0 0 0 0 0 0 0 0 0 0 0 0 0 0 0 0 0 0 0 0 184177873 0 0 0
ctxt 390547288
btime 1669654930
processes 560846
procs_running 1
procs_blocked 0
softirq 1020458695 711142342 32166230 741746 81199950 443725 0 125857745 42539702 588 26366667

cpu  845538 38662 1416864 526154776 113483 0 3095289 0 0 0
cpu0 117576 9541 202485 131795169 30612 0 737868 0 0 0
cpu1 454614 11232 770856 130665125 23446 0 864388 0 0 0
cpu2 139332 4072 232882 131853485 30855 0 759161 0 0 0
cpu3 134015 13816 210640 131840996 28568 0 733871 0 0 0
intr 12170341679 0 0 2636779 81 0 746938 34744753 0 0 0 9407340 0 0 0 0 0 0 0 0 0 0 0 0 0 0 0 0 0 0 0 0 0 0 0 0 0 0 0 0 0 0 0 0 0 0 0 0 0 0 0 0 2588200200 0 0 0 0 0 0 0 0 853519 0 443797 0 0 0 0 0 0 0 0 0 0 0 739903051 1 0 0 0 0 0 0 0 0 0 0 0 0 0 0 0 0 0 0 0 0 0 0 436032 4219 0 0 0 0 18852475 0 0 0 0 0 0 0 0 0 0 0 0 0 0 0 0 0 0 0 0 0 0 0 0 0 0 0 0 0 0 0 0 0 0 0 0 0 0 0 0 0 0 0 0 0 0 0 0 0 0 0 0 0 0 0 0 0 0 0 0 0 0 0 0 0 0 0 0 0 0 0 0 0 0 0 184177902 0 0 0
ctxt 390547382
btime 1669654930
processes 560846
procs_running 1
procs_blocked 0
softirq 1020458757 711142342 32166244 741746 81199952 443725 0 125857762 42539718 588 26366680

cpu  845538 38662 1416864 526154973 113483 0 3095289 0 0 0
cpu0 117576 9541 202485 131795218 30613 0 737868 0 0 0
cpu1 454614 11232 770856 130665174 23446 0 864388 0 0 0
cpu2 139332 4072 232882 131853534 30855 0 759161 0 0 0
cpu3 134015 13816 210640 131841045 28568 0 733871 0 0 0
intr 12170345944 0 0 2636779 81 0 746938 34744781 0 0 0 9407344 0 0 0 0 0 0 0 0 0 0 0 0 0 0 0 0 0 0 0 0 0 0 0 0 0 0 0 0 0 0 0 0 0 0 0 0 0 0 0 0 2588204232 0 0 0 0 0 0 0 0 853520 0 443799 0 0 0 0 0 0 0 0 0 0 0 739903204 1 0 0 0 0 0 0 0 0 0 0 0 0 0 0 0 0 0 0 0 0 0 0 436034 4219 0 0 0 0 18852490 0 0 0 0 0 0 0 0 0 0 0 0 0 0 0 0 0 0 0 0 0 0 0 0 0 0 0 0 0 0 0 0 0 0 0 0 0 0 0 0 0 0 0 0 0 0 0 0 0 0 0 0 0 0 0 0 0 0 0 0 0 0 0 0 0 0 0 0 0 0 0 0 0 0 0 184177930 0 0 0
ctxt 390547501
btime 1669654930
processes 560846
procs_running 1
procs_blocked 0
softirq 1020458831 711142350 32166259 741746 81199953 443727 0 125857784 42539733 588 26366691

cpu  845538 38662 1416864 526155170 113483 0 3095289 0 0 0
cpu0 117576 9541 202485 131795267 30613 0 737868 0 0 0
cpu1 454614 11232 770856 130665224 23446 0 864388 0 0 0
cpu2 139332 4072 232882 131853583 30855 0 759161 0 0 0
cpu3 134015 13816 210640 131841094 28568 0 733871 0 0 0
intr 12170350145 0 0 2636780 81 0 746938 34744804 0 0 0 9407348 0 0 0 0 0 0 0 0 0 0 0 0 0 0 0 0 0 0 0 0 0 0 0 0 0 0 0 0 0 0 0 0 0 0 0 0 0 0 0 0 2588208229 0 0 0 0 0 0 0 0 853521 0 443799 0 0 0 0 0 0 0 0 0 0 0 739903332 1 0 0 0 0 0 0 0 0 0 0 0 0 0 0 0 0 0 0 0 0 0 0 436034 4219 0 0 0 0 18852505 0 0 0 0 0 0 0 0 0 0 0 0 0 0 0 0 0 0 0 0 0 0 0 0 0 0 0 0 0 0 0 0 0 0 0 0 0 0 0 0 0 0 0 0 0 0 0 0 0 0 0 0 0 0 0 0 0 0 0 0 0 0 0 0 0 0 0 0 0 0 0 0 0 0 0 184177963 0 0 0
ctxt 390547592
btime 1669654930
processes 560846
procs_running 1
procs_blocked 0
softirq 1020458892 711142350 32166277 741746 81199954 443727 0 125857798 42539749 588 26366703

cpu  845538 38662 1416864 526155367 113483 0 3095289 0 0 0
cpu0 117576 9541 202485 131795317 30613 0 737868 0 0 0
cpu1 454614 11232 770856 130665273 23446 0 864388 0 0 0
cpu2 139332 4072 232882 131853632 30855 0 759161 0 0 0
cpu3 134015 13816 210640 131841143 28568 0 733871 0 0 0
intr 12170354400 0 0 2636780 81 0 746938 34744827 0 0 0 9407352 0 0 0 0 0 0 0 0 0 0 0 0 0 0 0 0 0 0 0 0 0 0 0 0 0 0 0 0 0 0 0 0 0 0 0 0 0 0 0 0 2588212257 0 0 0 0 0 0 0 0 853522 0 443799 0 0 0 0 0 0 0 0 0 0 0 739903486 1 0 0 0 0 0 0 0 0 0 0 0 0 0 0 0 0 0 0 0 0 0 0 436034 4219 0 0 0 0 18852520 0 0 0 0 0 0 0 0 0 0 0 0 0 0 0 0 0 0 0 0 0 0 0 0 0 0 0 0 0 0 0 0 0 0 0 0 0 0 0 0 0 0 0 0 0 0 0 0 0 0 0 0 0 0 0 0 0 0 0 0 0 0 0 0 0 0 0 0 0 0 0 0 0 0 0 184177993 0 0 0
ctxt 390547691
btime 1669654930
processes 560846
procs_running 1
procs_blocked 0
softirq 1020458959 711142358 32166293 741746 81199955 443727 0 125857811 42539766 588 26366715

cpu  845539 38662 1416864 526155564 113483 0 3095289 0 0 0
cpu0 117576 9541 202485 131795366 30613 0 737868 0 0 0
cpu1 454614 11232 770856 130665322 23446 0 864388 0 0 0
cpu2 139332 4072 232882 131853681 30855 0 759161 0 0 0
cpu3 134016 13816 210640 131841192 28568 0 733871 0 0 0
intr 12170358634 0 0 2636780 81 0 746938 34744865 0 0 0 9407356 0 0 0 0 0 0 0 0 0 0 0 0 0 0 0 0 0 0 0 0 0 0 0 0 0 0 0 0 0 0 0 0 0 0 0 0 0 0 0 0 2588216252 0 0 0 0 0 0 0 0 853523 0 443799 0 0 0 0 0 0 0 0 0 0 0 739903614 1 0 0 0 0 0 0 0 0 0 0 0 0 0 0 0 0 0 0 0 0 0 0 436034 4219 0 0 0 0 18852552 0 0 0 0 0 0 0 0 0 0 0 0 0 0 0 0 0 0 0 0 0 0 0 0 0 0 0 0 0 0 0 0 0 0 0 0 0 0 0 0 0 0 0 0 0 0 0 0 0 0 0 0 0 0 0 0 0 0 0 0 0 0 0 0 0 0 0 0 0 0 0 0 0 0 0 184178028 0 0 0
ctxt 390547820
btime 1669654930
processes 560846
procs_running 1
procs_blocked 0
softirq 1020459043 711142358 32166309 741746 81199958 443727 0 125857839 42539785 588 26366733

cpu  845539 38662 1416864 526155761 113483 0 3095289 0 0 0
cpu0 117576 9541 202485 131795415 30613 0 737868 0 0 0
cpu1 454614 11232 770856 130665372 23446 0 864388 0 0 0
cpu2 139332 4072 232882 131853730 30855 0 759161 0 0 0
cpu3 134016 13816 210640 131841242 28568 0 733871 0 0 0
intr 12170362884 0 0 2636780 81 0 746938 34744887 0 0 0 9407359 0 0 0 0 0 0 0 0 0 0 0 0 0 0 0 0 0 0 0 0 0 0 0 0 0 0 0 0 0 0 0 0 0 0 0 0 0 0 0 0 2588220282 0 0 0 0 0 0 0 0 853524 0 443799 0 0 0 0 0 0 0 0 0 0 0 739903768 1 0 0 0 0 0 0 0 0 0 0 0 0 0 0 0 0 0 0 0 0 0 0 436034 4219 0 0 0 0 18852567 0 0 0 0 0 0 0 0 0 0 0 0 0 0 0 0 0 0 0 0 0 0 0 0 0 0 0 0 0 0 0 0 0 0 0 0 0 0 0 0 0 0 0 0 0 0 0 0 0 0 0 0 0 0 0 0 0 0 0 0 0 0 0 0 0 0 0 0 0 0 0 0 0 0 0 184178054 0 0 0
ctxt 390547912
btime 1669654930
processes 560846
procs_running 1
procs_blocked 0
softirq 1020459108 711142366 32166323 741746 81199959 443727 0 125857854 42539800 588 26366745

cpu  845539 38662 1416864 526155958 113483 0 3095289 0 0 0
cpu0 117576 9541 202485 131795464 30613 0 737868 0 0 0
cpu1 454614 11232 770856 130665421 23446 0 864388 0 0 0
cpu2 139332 4072 232882 131853779 30855 0 759161 0 0 0
cpu3 134016 13816 210640 131841291 28568 0 733871 0 0 0
intr 12170367081 0 0 2636781 81 0 746938 34744908 0 0 0 9407363 0 0 0 0 0 0 0 0 0 0 0 0 0 0 0 0 0 0 0 0 0 0 0 0 0 0 0 0 0 0 0 0 0 0 0 0 0 0 0 0 2588224278 0 0 0 0 0 0 0 0 853525 0 443799 0 0 0 0 0 0 0 0 0 0 0 739903896 1 0 0 0 0 0 0 0 0 0 0 0 0 0 0 0 0 0 0 0 0 0 0 436034 4219 0 0 0 0 18852582 0 0 0 0 0 0 0 0 0 0 0 0 0 0 0 0 0 0 0 0 0 0 0 0 0 0 0 0 0 0 0 0 0 0 0 0 0 0 0 0 0 0 0 0 0 0 0 0 0 0 0 0 0 0 0 0 0 0 0 0 0 0 0 0 0 0 0 0 0 0 0 0 0 0 0 184178085 0 0 0
ctxt 390548006
btime 1669654930
processes 560846
procs_running 1
procs_blocked 0
softirq 1020459165 711142366 32166339 741746 81199960 443727 0 125857868 42539815 588 26366756

cpu  845539 38662 1416864 526156155 113483 0 3095289 0 0 0
cpu0 117576 9541 202485 131795514 30613 0 737868 0 0 0
cpu1 454614 11232 770856 130665471 23446 0 864388 0 0 0
cpu2 139332 4072 232882 131853828 30855 0 759161 0 0 0
cpu3 134016 13816 210640 131841340 28568 0 733871 0 0 0
intr 12170371334 0 0 2636781 81 0 746938 34744935 0 0 0 9407368 0 0 0 0 0 0 0 0 0 0 0 0 0 0 0 0 0 0 0 0 0 0 0 0 0 0 0 0 0 0 0 0 0 0 0 0 0 0 0 0 2588228305 0 0 0 0 0 0 0 0 853526 0 443799 0 0 0 0 0 0 0 0 0 0 0 739904049 1 0 0 0 0 0 0 0 0 0 0 0 0 0 0 0 0 0 0 0 0 0 0 436034 4219 0 0 0 0 18852597 0 0 0 0 0 0 0 0 0 0 0 0 0 0 0 0 0 0 0 0 0 0 0 0 0 0 0 0 0 0 0 0 0 0 0 0 0 0 0 0 0 0 0 0 0 0 0 0 0 0 0 0 0 0 0 0 0 0 0 0 0 0 0 0 0 0 0 0 0 0 0 0 0 0 0 184178110 0 0 0
ctxt 390548104
btime 1669654930
processes 560846
procs_running 1
procs_blocked 0
softirq 1020459224 711142374 32166352 741746 81199961 443727 0 125857881 42539829 588 26366766

cpu  845539 38662 1416865 526156352 113483 0 3095289 0 0 0
cpu0 117576 9541 202485 131795563 30613 0 737868 0 0 0
cpu1 454614 11232 770856 130665521 23446 0 864388 0 0 0
cpu2 139332 4072 232882 131853877 30855 0 759161 0 0 0
cpu3 134016 13816 210640 131841389 28568 0 733871 0 0 0
intr 12170375525 0 0 2636781 81 0 746938 34744954 0 0 0 9407372 0 0 0 0 0 0 0 0 0 0 0 0 0 0 0 0 0 0 0 0 0 0 0 0 0 0 0 0 0 0 0 0 0 0 0 0 0 0 0 0 2588232300 0 0 0 0 0 0 0 0 853527 0 443799 0 0 0 0 0 0 0 0 0 0 0 739904177 1 0 0 0 0 0 0 0 0 0 0 0 0 0 0 0 0 0 0 0 0 0 0 436034 4219 0 0 0 0 18852612 0 0 0 0 0 0 0 0 0 0 0 0 0 0 0 0 0 0 0 0 0 0 0 0 0 0 0 0 0 0 0 0 0 0 0 0 0 0 0 0 0 0 0 0 0 0 0 0 0 0 0 0 0 0 0 0 0 0 0 0 0 0 0 0 0 0 0 0 0 0 0 0 0 0 0 184178138 0 0 0
ctxt 390548191
btime 1669654930
processes 560846
procs_running 1
procs_blocked 0
softirq 1020459279 711142374 32166365 741746 81199962 443727 0 125857895 42539845 588 26366777

cpu  845539 38662 1416865 526156549 113483 0 3095289 0 0 0
cpu0 117576 9541 202485 131795612 30613 0 737868 0 0 0
cpu1 454614 11232 770856 130665570 23446 0 864388 0 0 0
cpu2 139332 4072 232882 131853926 30855 0 759161 0 0 0
cpu3 134016 13816 210640 131841439 28568 0 733871 0 0 0
intr 12170379773 0 0 2636781 81 0 746938 34744978 0 0 0 9407376 0 0 0 0 0 0 0 0 0 0 0 0 0 0 0 0 0 0 0 0 0 0 0 0 0 0 0 0 0 0 0 0 0 0 0 0 0 0 0 0 2588236326 0 0 0 0 0 0 0 0 853528 0 443799 0 0 0 0 0 0 0 0 0 0 0 739904330 1 0 0 0 0 0 0 0 0 0 0 0 0 0 0 0 0 0 0 0 0 0 0 436034 4219 0 0 0 0 18852627 0 0 0 0 0 0 0 0 0 0 0 0 0 0 0 0 0 0 0 0 0 0 0 0 0 0 0 0 0 0 0 0 0 0 0 0 0 0 0 0 0 0 0 0 0 0 0 0 0 0 0 0 0 0 0 0 0 0 0 0 0 0 0 0 0 0 0 0 0 0 0 0 0 0 0 184178163 0 0 0
ctxt 390548283
btime 1669654930
processes 560846
procs_running 1
procs_blocked 0
softirq 1020459339 711142382 32166377 741747 81199963 443727 0 125857908 42539859 588 26366788

cpu  845539 38662 1416865 526156746 113483 0 3095289 0 0 0
cpu0 117576 9541 202485 131795661 30613 0 737868 0 0 0
cpu1 454614 11232 770856 130665620 23446 0 864388 0 0 0
cpu2 139332 4072 232882 131853975 30855 0 759161 0 0 0
cpu3 134016 13816 210641 131841488 28568 0 733871 0 0 0
intr 12170383964 0 0 2636782 81 0 746938 34744998 0 0 0 9407379 0 0 0 0 0 0 0 0 0 0 0 0 0 0 0 0 0 0 0 0 0 0 0 0 0 0 0 0 0 0 0 0 0 0 0 0 0 0 0 0 2588240322 0 0 0 0 0 0 0 0 853529 0 443799 0 0 0 0 0 0 0 0 0 0 0 739904458 1 0 0 0 0 0 0 0 0 0 0 0 0 0 0 0 0 0 0 0 0 0 0 436034 4219 0 0 0 0 18852642 0 0 0 0 0 0 0 0 0 0 0 0 0 0 0 0 0 0 0 0 0 0 0 0 0 0 0 0 0 0 0 0 0 0 0 0 0 0 0 0 0 0 0 0 0 0 0 0 0 0 0 0 0 0 0 0 0 0 0 0 0 0 0 0 0 0 0 0 0 0 0 0 0 0 0 184178191 0 0 0
ctxt 390548362
btime 1669654930
processes 560846
procs_running 1
procs_blocked 0
softirq 1020459394 711142382 32166391 741747 81199964 443727 0 125857922 42539874 588 26366799

cpu  845539 38662 1416865 526156943 113483 0 3095289 0 0 0
cpu0 117576 9541 202485 131795711 30613 0 737868 0 0 0
cpu1 454614 11232 770856 130665669 23446 0 864388 0 0 0
cpu2 139332 4072 232882 131854024 30855 0 759161 0 0 0
cpu3 134016 13816 210641 131841537 28568 0 733871 0 0 0
intr 12170388213 0 0 2636782 81 0 746938 34745020 0 0 0 9407382 0 0 0 0 0 0 0 0 0 0 0 0 0 0 0 0 0 0 0 0 0 0 0 0 0 0 0 0 0 0 0 0 0 0 0 0 0 0 0 0 2588244349 0 0 0 0 0 0 0 0 853530 0 443799 0 0 0 0 0 0 0 0 0 0 0 739904612 1 0 0 0 0 0 0 0 0 0 0 0 0 0 0 0 0 0 0 0 0 0 0 436034 4219 0 0 0 0 18852657 0 0 0 0 0 0 0 0 0 0 0 0 0 0 0 0 0 0 0 0 0 0 0 0 0 0 0 0 0 0 0 0 0 0 0 0 0 0 0 0 0 0 0 0 0 0 0 0 0 0 0 0 0 0 0 0 0 0 0 0 0 0 0 0 0 0 0 0 0 0 0 0 0 0 0 184178218 0 0 0
ctxt 390548452
btime 1669654930
processes 560846
procs_running 1
procs_blocked 0
softirq 1020459458 711142390 32166406 741747 81199965 443727 0 125857936 42539889 588 26366810

cpu  845539 38662 1416866 526157140 113483 0 3095289 0 0 0
cpu0 117576 9541 202485 131795760 30613 0 737868 0 0 0
cpu1 454614 11232 770856 130665719 23446 0 864388 0 0 0
cpu2 139332 4072 232882 131854073 30855 0 759161 0 0 0
cpu3 134016 13816 210641 131841587 28568 0 733871 0 0 0
intr 12170392415 0 0 2636782 81 0 746938 34745039 0 0 0 9407385 0 0 0 0 0 0 0 0 0 0 0 0 0 0 0 0 0 0 0 0 0 0 0 0 0 0 0 0 0 0 0 0 0 0 0 0 0 0 0 0 2588248353 0 0 0 0 0 0 0 0 853531 0 443799 0 0 0 0 0 0 0 0 0 0 0 739904739 1 0 0 0 0 0 0 0 0 0 0 0 0 0 0 0 0 0 0 0 0 0 0 436034 4219 0 0 0 0 18852672 0 0 0 0 0 0 0 0 0 0 0 0 0 0 0 0 0 0 0 0 0 0 0 0 0 0 0 0 0 0 0 0 0 0 0 0 0 0 0 0 0 0 0 0 0 0 0 0 0 0 0 0 0 0 0 0 0 0 0 0 0 0 0 0 0 0 0 0 0 0 0 0 0 0 0 184178252 0 0 0
ctxt 390548538
btime 1669654930
processes 560846
procs_running 1
procs_blocked 0
softirq 1020459519 711142390 32166422 741747 81199966 443727 0 125857950 42539907 588 26366822

cpu  845539 38662 1416867 526157337 113483 0 3095289 0 0 0
cpu0 117576 9541 202485 131795809 30613 0 737868 0 0 0
cpu1 454614 11232 770857 130665768 23446 0 864388 0 0 0
cpu2 139332 4072 232883 131854122 30855 0 759161 0 0 0
cpu3 134016 13816 210641 131841636 28568 0 733871 0 0 0
intr 12170396672 0 0 2636782 81 0 746938 34745065 0 0 0 9407389 0 0 0 0 0 0 0 0 0 0 0 0 0 0 0 0 0 0 0 0 0 0 0 0 0 0 0 0 0 0 0 0 0 0 0 0 0 0 0 0 2588252373 0 0 0 0 0 0 0 0 853532 0 443799 0 0 0 0 0 0 0 0 0 0 0 739904891 1 0 0 0 0 0 0 0 0 0 0 0 0 0 0 0 0 0 0 0 0 0 0 436034 4219 0 0 0 0 18852687 0 0 0 0 0 0 0 0 0 0 0 0 0 0 0 0 0 0 0 0 0 0 0 0 0 0 0 0 0 0 0 0 0 0 0 0 0 0 0 0 0 0 0 0 0 0 0 0 0 0 0 0 0 0 0 0 0 0 0 0 0 0 0 0 0 0 0 0 0 0 0 0 0 0 0 184178290 0 0 0
ctxt 390548648
btime 1669654930
processes 560846
procs_running 1
procs_blocked 0
softirq 1020459589 711142398 32166437 741747 81199967 443727 0 125857964 42539927 588 26366834

cpu  845539 38662 1416868 526157534 113483 0 3095290 0 0 0
cpu0 117576 9541 202485 131795859 30613 0 737868 0 0 0
cpu1 454614 11232 770857 130665818 23446 0 864388 0 0 0
cpu2 139332 4072 232883 131854171 30855 0 759161 0 0 0
cpu3 134016 13816 210641 131841685 28568 0 733871 0 0 0
intr 12170400878 0 0 2636783 81 0 746938 34745084 0 0 0 9407393 0 0 0 0 0 0 0 0 0 0 0 0 0 0 0 0 0 0 0 0 0 0 0 0 0 0 0 0 0 0 0 0 0 0 0 0 0 0 0 0 2588256377 0 0 0 0 0 0 0 0 853533 0 443799 0 0 0 0 0 0 0 0 0 0 0 739905020 1 0 0 0 0 0 0 0 0 0 0 0 0 0 0 0 0 0 0 0 0 0 0 436034 4219 0 0 0 0 18852702 0 0 0 0 0 0 0 0 0 0 0 0 0 0 0 0 0 0 0 0 0 0 0 0 0 0 0 0 0 0 0 0 0 0 0 0 0 0 0 0 0 0 0 0 0 0 0 0 0 0 0 0 0 0 0 0 0 0 0 0 0 0 0 0 0 0 0 0 0 0 0 0 0 0 0 184178324 0 0 0
ctxt 390548732
btime 1669654930
processes 560846
procs_running 1
procs_blocked 0
softirq 1020459654 711142398 32166454 741747 81199968 443727 0 125857978 42539948 588 26366846
