cpu  546642 32099 1148822 450912588 93749 0 1114436 0 0 0
cpu0 93222 9522 161369 112906608 25600 0 248700 0 0 0
cpu1 237559 10210 634242 112096653 19031 0 347832 0 0 0
cpu2 110844 2833 185794 112958850 25267 0 270541 0 0 0
cpu3 105017 9534 167416 112950475 23850 0 247362 0 0 0
intr 10007322145 0 0 2232992 81 0 567914 23441022 0 0 0 7957575 0 0 0 0 0 0 0 0 0 0 0 0 0 0 0 0 0 0 0 0 0 0 0 0 0 0 0 0 0 0 0 0 0 0 0 0 0 0 0 0 777685194 0 0 0 0 0 0 0 0 422430 0 296772 0 0 0 0 0 0 0 0 0 0 0 461299394 1 0 0 0 0 0 0 0 0 0 0 0 0 0 0 0 0 0 0 0 0 0 0 288987 4219 0 0 0 0 11232287 0 0 0 0 0 0 0 0 0 0 0 0 0 0 0 0 0 0 0 0 0 0 0 0 0 0 0 0 0 0 0 0 0 0 0 0 0 0 0 0 0 0 0 0 0 0 0 0 0 0 0 0 0 0 0 0 0 0 0 0 0 0 0 0 0 0 0 0 0 0 0 0 0 0 0 131958686 0 0 0
ctxt 289589985
btime 1669654930
processes 439965
procs_running 1
procs_blocked 0
softirq 377327304 260474277 23476770 638457 13623448 296740 0 41747806 27477231 557 9592018

cpu  546643 32099 1148823 450912782 93749 0 1114436 0 0 0
cpu0 93222 9522 161369 112906658 25600 0 248700 0 0 0
cpu1 237559 10210 634244 112096699 19031 0 347832 0 0 0
cpu2 110844 2833 185794 112958899 25267 0 270541 0 0 0
cpu3 105017 9534 167416 112950525 23850 0 247362 0 0 0
intr 10007326806 0 0 2232996 81 0 567914 23441041 0 0 0 7957580 0 0 0 0 0 0 0 0 0 0 0 0 0 0 0 0 0 0 0 0 0 0 0 0 0 0 0 0 0 0 0 0 0 0 0 0 0 0 0 0 777689199 0 0 0 0 0 0 0 0 422431 0 296772 0 0 0 0 0 0 0 0 0 0 0 461299522 1 0 0 0 0 0 0 0 0 0 0 0 0 0 0 0 0 0 0 0 0 0 0 288987 4219 0 0 0 0 11232300 0 0 0 0 0 0 0 0 0 0 0 0 0 0 0 0 0 0 0 0 0 0 0 0 0 0 0 0 0 0 0 0 0 0 0 0 0 0 0 0 0 0 0 0 0 0 0 0 0 0 0 0 0 0 0 0 0 0 0 0 0 0 0 0 0 0 0 0 0 0 0 0 0 0 0 131959172 0 0 0
ctxt 289590959
btime 1669654930
processes 439965
procs_running 1
procs_blocked 0
softirq 377327363 260474277 23476783 638457 13623449 296740 0 41747818 27477254 557 9592028

cpu  546644 32099 1148824 450912976 93749 0 1114436 0 0 0
cpu0 93222 9522 161369 112906707 25600 0 248700 0 0 0
cpu1 237560 10210 634244 112096745 19031 0 347832 0 0 0
cpu2 110844 2833 185794 112958949 25267 0 270541 0 0 0
cpu3 105017 9534 167416 112950574 23850 0 247362 0 0 0
intr 10007331597 0 0 2232997 81 0 567914 23441092 0 0 0 7957585 0 0 0 0 0 0 0 0 0 0 0 0 0 0 0 0 0 0 0 0 0 0 0 0 0 0 0 0 0 0 0 0 0 0 0 0 0 0 0 0 777693227 0 0 0 0 0 0 0 0 422432 0 296772 0 0 0 0 0 0 0 0 0 0 0 461299676 1 0 0 0 0 0 0 0 0 0 0 0 0 0 0 0 0 0 0 0 0 0 0 288987 4219 0 0 0 0 11232342 0 0 0 0 0 0 0 0 0 0 0 0 0 0 0 0 0 0 0 0 0 0 0 0 0 0 0 0 0 0 0 0 0 0 0 0 0 0 0 0 0 0 0 0 0 0 0 0 0 0 0 0 0 0 0 0 0 0 0 0 0 0 0 0 0 0 0 0 0 0 0 0 0 0 0 131959681 0 0 0
ctxt 289592035
btime 1669654930
processes 439965
procs_running 1
procs_blocked 0
softirq 377327489 260474285 23476808 638457 13623450 296740 0 41747855 27477291 557 9592046

cpu  546645 32099 1148827 450913169 93749 0 1114436 0 0 0
cpu0 93222 9522 161369 112906756 25600 0 248700 0 0 0
cpu1 237560 10210 634247 112096790 19031 0 347832 0 0 0
cpu2 110844 2833 185794 112958998 25267 0 270541 0 0 0
cpu3 105017 9534 167416 112950623 23850 0 247362 0 0 0
intr 10007336249 0 0 2232997 81 0 567914 23441111 0 0 0 7957590 0 0 0 0 0 0 0 0 0 0 0 0 0 0 0 0 0 0 0 0 0 0 0 0 0 0 0 0 0 0 0 0 0 0 0 0 0 0 0 0 777697222 0 0 0 0 0 0 0 0 422433 0 296772 0 0 0 0 0 0 0 0 0 0 0 461299804 1 0 0 0 0 0 0 0 0 0 0 0 0 0 0 0 0 0 0 0 0 0 0 288987 4219 0 0 0 0 11232357 0 0 0 0 0 0 0 0 0 0 0 0 0 0 0 0 0 0 0 0 0 0 0 0 0 0 0 0 0 0 0 0 0 0 0 0 0 0 0 0 0 0 0 0 0 0 0 0 0 0 0 0 0 0 0 0 0 0 0 0 0 0 0 0 0 0 0 0 0 0 0 0 0 0 0 131960171 0 0 0
ctxt 289593019
btime 1669654930
processes 439965
procs_running 1
procs_blocked 0
softirq 377327557 260474285 23476823 638457 13623451 296740 0 41747869 27477320 557 9592055

cpu  546646 32099 1148829 450913362 93749 0 1114436 0 0 0
cpu0 93222 9522 161370 112906805 25600 0 248700 0 0 0
cpu1 237561 10210 634249 112096836 19031 0 347832 0 0 0
cpu2 110845 2833 185794 112959047 25267 0 270541 0 0 0
cpu3 105017 9534 167416 112950673 23850 0 247362 0 0 0
intr 10007341019 0 0 2233001 81 0 567914 23441152 0 0 0 7957595 0 0 0 0 0 0 0 0 0 0 0 0 0 0 0 0 0 0 0 0 0 0 0 0 0 0 0 0 0 0 0 0 0 0 0 0 0 0 0 0 777701250 0 0 0 0 0 0 0 0 422434 0 296772 0 0 0 0 0 0 0 0 0 0 0 461299958 1 0 0 0 0 0 0 0 0 0 0 0 0 0 0 0 0 0 0 0 0 0 0 288987 4219 0 0 0 0 11232393 0 0 0 0 0 0 0 0 0 0 0 0 0 0 0 0 0 0 0 0 0 0 0 0 0 0 0 0 0 0 0 0 0 0 0 0 0 0 0 0 0 0 0 0 0 0 0 0 0 0 0 0 0 0 0 0 0 0 0 0 0 0 0 0 0 0 0 0 0 0 0 0 0 0 0 131960671 0 0 0
ctxt 289594071
btime 1669654930
processes 439965
procs_running 1
procs_blocked 0
softirq 377327654 260474293 23476838 638457 13623454 296740 0 41747900 27477351 557 9592064

cpu  546646 32099 1148831 450913555 93749 0 1114436 0 0 0
cpu0 93222 9522 161370 112906854 25600 0 248700 0 0 0
cpu1 237561 10210 634251 112096882 19031 0 347832 0 0 0
cpu2 110845 2833 185794 112959096 25267 0 270541 0 0 0
cpu3 105017 9534 167416 112950722 23850 0 247362 0 0 0
intr 10007345673 0 0 2233001 81 0 567914 23441171 0 0 0 7957600 0 0 0 0 0 0 0 0 0 0 0 0 0 0 0 0 0 0 0 0 0 0 0 0 0 0 0 0 0 0 0 0 0 0 0 0 0 0 0 0 777705245 0 0 0 0 0 0 0 0 422435 0 296772 0 0 0 0 0 0 0 0 0 0 0 461300086 1 0 0 0 0 0 0 0 0 0 0 0 0 0 0 0 0 0 0 0 0 0 0 288987 4219 0 0 0 0 11232408 0 0 0 0 0 0 0 0 0 0 0 0 0 0 0 0 0 0 0 0 0 0 0 0 0 0 0 0 0 0 0 0 0 0 0 0 0 0 0 0 0 0 0 0 0 0 0 0 0 0 0 0 0 0 0 0 0 0 0 0 0 0 0 0 0 0 0 0 0 0 0 0 0 0 0 131961161 0 0 0
ctxt 289595066
btime 1669654930
processes 439965
procs_running 1
procs_blocked 0
softirq 377327717 260474293 23476852 638457 13623455 296740 0 41747914 27477376 557 9592073

cpu  546647 32099 1148832 450913749 93749 0 1114436 0 0 0
cpu0 93222 9522 161370 112906903 25600 0 248700 0 0 0
cpu1 237561 10210 634251 112096928 19031 0 347832 0 0 0
cpu2 110846 2833 185794 112959145 25267 0 270541 0 0 0
cpu3 105017 9534 167416 112950771 23850 0 247362 0 0 0
intr 10007350446 0 0 2233005 81 0 567914 23441221 0 0 0 7957605 0 0 0 0 0 0 0 0 0 0 0 0 0 0 0 0 0 0 0 0 0 0 0 0 0 0 0 0 0 0 0 0 0 0 0 0 0 0 0 0 777709274 0 0 0 0 0 0 0 0 422436 0 296772 0 0 0 0 0 0 0 0 0 0 0 461300240 1 0 0 0 0 0 0 0 0 0 0 0 0 0 0 0 0 0 0 0 0 0 0 288987 4219 0 0 0 0 11232444 0 0 0 0 0 0 0 0 0 0 0 0 0 0 0 0 0 0 0 0 0 0 0 0 0 0 0 0 0 0 0 0 0 0 0 0 0 0 0 0 0 0 0 0 0 0 0 0 0 0 0 0 0 0 0 0 0 0 0 0 0 0 0 0 0 0 0 0 0 0 0 0 0 0 0 131961656 0 0 0
ctxt 289596127
btime 1669654930
processes 439965
procs_running 1
procs_blocked 0
softirq 377327811 260474301 23476867 638457 13623458 296740 0 41747946 27477403 557 9592082

cpu  546648 32099 1148835 450913942 93749 0 1114436 0 0 0
cpu0 93222 9522 161370 112906952 25600 0 248700 0 0 0
cpu1 237562 10210 634254 112096974 19031 0 347832 0 0 0
cpu2 110846 2833 185794 112959194 25267 0 270541 0 0 0
cpu3 105017 9534 167416 112950821 23850 0 247362 0 0 0
intr 10007355107 0 0 2233006 81 0 567914 23441240 0 0 0 7957610 0 0 0 0 0 0 0 0 0 0 0 0 0 0 0 0 0 0 0 0 0 0 0 0 0 0 0 0 0 0 0 0 0 0 0 0 0 0 0 0 777713276 0 0 0 0 0 0 0 0 422437 0 296772 0 0 0 0 0 0 0 0 0 0 0 461300368 1 0 0 0 0 0 0 0 0 0 0 0 0 0 0 0 0 0 0 0 0 0 0 288987 4219 0 0 0 0 11232459 0 0 0 0 0 0 0 0 0 0 0 0 0 0 0 0 0 0 0 0 0 0 0 0 0 0 0 0 0 0 0 0 0 0 0 0 0 0 0 0 0 0 0 0 0 0 0 0 0 0 0 0 0 0 0 0 0 0 0 0 0 0 0 0 0 0 0 0 0 0 0 0 0 0 0 131962145 0 0 0
ctxt 289597106
btime 1669654930
processes 439965
procs_running 1
procs_blocked 0
softirq 377327880 260474301 23476883 638457 13623459 296740 0 41747960 27477431 557 9592092

cpu  546649 32099 1148836 450914136 93749 0 1114436 0 0 0
cpu0 93222 9522 161370 112907001 25600 0 248700 0 0 0
cpu1 237562 10210 634255 112097020 19031 0 347832 0 0 0
cpu2 110846 2833 185794 112959243 25267 0 270541 0 0 0
cpu3 105017 9534 167416 112950870 23850 0 247362 0 0 0
intr 10007359825 0 0 2233010 81 0 567914 23441270 0 0 0 7957615 0 0 0 0 0 0 0 0 0 0 0 0 0 0 0 0 0 0 0 0 0 0 0 0 0 0 0 0 0 0 0 0 0 0 0 0 0 0 0 0 777717298 0 0 0 0 0 0 0 0 422438 0 296772 0 0 0 0 0 0 0 0 0 0 0 461300522 1 0 0 0 0 0 0 0 0 0 0 0 0 0 0 0 0 0 0 0 0 0 0 288987 4219 0 0 0 0 11232474 0 0 0 0 0 0 0 0 0 0 0 0 0 0 0 0 0 0 0 0 0 0 0 0 0 0 0 0 0 0 0 0 0 0 0 0 0 0 0 0 0 0 0 0 0 0 0 0 0 0 0 0 0 0 0 0 0 0 0 0 0 0 0 0 0 0 0 0 0 0 0 0 0 0 0 131962633 0 0 0
ctxt 289598111
btime 1669654930
processes 439965
procs_running 1
procs_blocked 0
softirq 377327947 260474309 23476897 638457 13623460 296740 0 41747973 27477453 557 9592101

cpu  546650 32099 1148837 450914328 93750 0 1114436 0 0 0
cpu0 93222 9522 161370 112907050 25600 0 248700 0 0 0
cpu1 237563 10210 634256 112097066 19031 0 347832 0 0 0
cpu2 110847 2833 185794 112959291 25268 0 270541 0 0 0
cpu3 105017 9534 167416 112950919 23850 0 247362 0 0 0
intr 10007364505 0 0 2233010 81 0 567914 23441296 0 0 0 7957620 0 0 0 0 0 0 0 0 0 0 0 0 0 0 0 0 0 0 0 0 0 0 0 0 0 0 0 0 0 0 0 0 0 0 0 0 0 0 0 0 777721299 0 0 0 0 0 0 0 0 422439 0 296774 0 0 0 0 0 0 0 0 0 0 0 461300650 1 0 0 0 0 0 0 0 0 0 0 0 0 0 0 0 0 0 0 0 0 0 0 288989 4219 0 0 0 0 11232489 0 0 0 0 0 0 0 0 0 0 0 0 0 0 0 0 0 0 0 0 0 0 0 0 0 0 0 0 0 0 0 0 0 0 0 0 0 0 0 0 0 0 0 0 0 0 0 0 0 0 0 0 0 0 0 0 0 0 0 0 0 0 0 0 0 0 0 0 0 0 0 0 0 0 0 131963133 0 0 0
ctxt 289599131
btime 1669654930
processes 439965
procs_running 1
procs_blocked 0
softirq 377328039 260474309 23476916 638458 13623461 296742 0 41747993 27477485 557 9592118

cpu  546651 32099 1148838 450914521 93750 0 1114437 0 0 0
cpu0 93222 9522 161370 112907099 25600 0 248701 0 0 0
cpu1 237564 10210 634257 112097112 19031 0 347832 0 0 0
cpu2 110847 2833 185794 112959340 25268 0 270541 0 0 0
cpu3 105017 9534 167416 112950969 23850 0 247362 0 0 0
intr 10007369252 0 0 2233018 81 0 567914 23441337 0 0 0 7957625 0 0 0 0 0 0 0 0 0 0 0 0 0 0 0 0 0 0 0 0 0 0 0 0 0 0 0 0 0 0 0 0 0 0 0 0 0 0 0 0 777725318 0 0 0 0 0 0 0 0 422440 0 296774 0 0 0 0 0 0 0 0 0 0 0 461300804 1 0 0 0 0 0 0 0 0 0 0 0 0 0 0 0 0 0 0 0 0 0 0 288989 4219 0 0 0 0 11232514 0 0 0 0 0 0 0 0 0 0 0 0 0 0 0 0 0 0 0 0 0 0 0 0 0 0 0 0 0 0 0 0 0 0 0 0 0 0 0 0 0 0 0 0 0 0 0 0 0 0 0 0 0 0 0 0 0 0 0 0 0 0 0 0 0 0 0 0 0 0 0 0 0 0 0 131963626 0 0 0
ctxt 289600165
btime 1669654930
processes 439965
procs_running 1
procs_blocked 0
softirq 377328117 260474317 23476930 638458 13623463 296742 0 41748013 27477508 557 9592129

cpu  546652 32099 1148839 450914715 93750 0 1114437 0 0 0
cpu0 93222 9522 161370 112907148 25600 0 248701 0 0 0
cpu1 237564 10210 634258 112097158 19031 0 347832 0 0 0
cpu2 110848 2833 185794 112959389 25268 0 270541 0 0 0
cpu3 105017 9534 167416 112951018 23850 0 247362 0 0 0
intr 10007373914 0 0 2233019 81 0 567914 23441359 0 0 0 7957630 0 0 0 0 0 0 0 0 0 0 0 0 0 0 0 0 0 0 0 0 0 0 0 0 0 0 0 0 0 0 0 0 0 0 0 0 0 0 0 0 777729322 0 0 0 0 0 0 0 0 422441 0 296774 0 0 0 0 0 0 0 0 0 0 0 461300932 1 0 0 0 0 0 0 0 0 0 0 0 0 0 0 0 0 0 0 0 0 0 0 288989 4219 0 0 0 0 11232529 0 0 0 0 0 0 0 0 0 0 0 0 0 0 0 0 0 0 0 0 0 0 0 0 0 0 0 0 0 0 0 0 0 0 0 0 0 0 0 0 0 0 0 0 0 0 0 0 0 0 0 0 0 0 0 0 0 0 0 0 0 0 0 0 0 0 0 0 0 0 0 0 0 0 0 131964113 0 0 0
ctxt 289601157
btime 1669654930
processes 439965
procs_running 1
procs_blocked 0
softirq 377328178 260474317 23476944 638458 13623464 296742 0 41748027 27477530 557 9592139

cpu  546652 32099 1148842 450914908 93750 0 1114437 0 0 0
cpu0 93222 9522 161370 112907197 25600 0 248701 0 0 0
cpu1 237564 10210 634260 112097203 19031 0 347832 0 0 0
cpu2 110848 2833 185794 112959438 25268 0 270541 0 0 0
cpu3 105017 9534 167416 112951067 23850 0 247362 0 0 0
intr 10007378657 0 0 2233019 81 0 567914 23441395 0 0 0 7957635 0 0 0 0 0 0 0 0 0 0 0 0 0 0 0 0 0 0 0 0 0 0 0 0 0 0 0 0 0 0 0 0 0 0 0 0 0 0 0 0 777733344 0 0 0 0 0 0 0 0 422442 0 296774 0 0 0 0 0 0 0 0 0 0 0 461301086 1 0 0 0 0 0 0 0 0 0 0 0 0 0 0 0 0 0 0 0 0 0 0 288989 4219 0 0 0 0 11232557 0 0 0 0 0 0 0 0 0 0 0 0 0 0 0 0 0 0 0 0 0 0 0 0 0 0 0 0 0 0 0 0 0 0 0 0 0 0 0 0 0 0 0 0 0 0 0 0 0 0 0 0 0 0 0 0 0 0 0 0 0 0 0 0 0 0 0 0 0 0 0 0 0 0 0 131964610 0 0 0
ctxt 289602189
btime 1669654930
processes 439965
procs_running 1
procs_blocked 0
softirq 377328270 260474325 23476961 638458 13623466 296742 0 41748053 27477559 557 9592149

cpu  546653 32099 1148844 450915102 93750 0 1114437 0 0 0
cpu0 93222 9522 161370 112907247 25600 0 248701 0 0 0
cpu1 237564 10210 634262 112097249 19031 0 347832 0 0 0
cpu2 110848 2833 185794 112959488 25268 0 270541 0 0 0
cpu3 105017 9534 167416 112951117 23850 0 247362 0 0 0
intr 10007383348 0 0 2233023 81 0 567914 23441426 0 0 0 7957640 0 0 0 0 0 0 0 0 0 0 0 0 0 0 0 0 0 0 0 0 0 0 0 0 0 0 0 0 0 0 0 0 0 0 0 0 0 0 0 0 777737348 0 0 0 0 0 0 0 0 422443 0 296774 0 0 0 0 0 0 0 0 0 0 0 461301214 1 0 0 0 0 0 0 0 0 0 0 0 0 0 0 0 0 0 0 0 0 0 0 288989 4219 0 0 0 0 11232577 0 0 0 0 0 0 0 0 0 0 0 0 0 0 0 0 0 0 0 0 0 0 0 0 0 0 0 0 0 0 0 0 0 0 0 0 0 0 0 0 0 0 0 0 0 0 0 0 0 0 0 0 0 0 0 0 0 0 0 0 0 0 0 0 0 0 0 0 0 0 0 0 0 0 0 131965107 0 0 0
ctxt 289603197
btime 1669654930
processes 439965
procs_running 1
procs_blocked 0
softirq 377328344 260474325 23476977 638458 13623467 296742 0 41748072 27477587 557 9592159

cpu  546654 32099 1148846 450915295 93750 0 1114437 0 0 0
cpu0 93222 9522 161370 112907296 25600 0 248701 0 0 0
cpu1 237565 10210 634265 112097295 19031 0 347832 0 0 0
cpu2 110849 2833 185794 112959537 25268 0 270541 0 0 0
cpu3 105017 9534 167416 112951166 23850 0 247362 0 0 0
intr 10007388086 0 0 2233027 81 0 567914 23441462 0 0 0 7957645 0 0 0 0 0 0 0 0 0 0 0 0 0 0 0 0 0 0 0 0 0 0 0 0 0 0 0 0 0 0 0 0 0 0 0 0 0 0 0 0 777741370 0 0 0 0 0 0 0 0 422444 0 296774 0 0 0 0 0 0 0 0 0 0 0 461301368 1 0 0 0 0 0 0 0 0 0 0 0 0 0 0 0 0 0 0 0 0 0 0 288989 4219 0 0 0 0 11232597 0 0 0 0 0 0 0 0 0 0 0 0 0 0 0 0 0 0 0 0 0 0 0 0 0 0 0 0 0 0 0 0 0 0 0 0 0 0 0 0 0 0 0 0 0 0 0 0 0 0 0 0 0 0 0 0 0 0 0 0 0 0 0 0 0 0 0 0 0 0 0 0 0 0 0 131965604 0 0 0
ctxt 289604218
btime 1669654930
processes 439965
procs_running 1
procs_blocked 0
softirq 377328426 260474333 23476992 638458 13623468 296742 0 41748091 27477616 557 9592169

cpu  546654 32099 1148848 450915489 93750 0 1114437 0 0 0
cpu0 93222 9522 161370 112907345 25600 0 248701 0 0 0
cpu1 237565 10210 634267 112097341 19031 0 347832 0 0 0
cpu2 110849 2833 185794 112959586 25268 0 270541 0 0 0
cpu3 105017 9534 167416 112951216 23850 0 247362 0 0 0
intr 10007392772 0 0 2233028 81 0 567914 23441493 0 0 0 7957650 0 0 0 0 0 0 0 0 0 0 0 0 0 0 0 0 0 0 0 0 0 0 0 0 0 0 0 0 0 0 0 0 0 0 0 0 0 0 0 0 777745373 0 0 0 0 0 0 0 0 422445 0 296774 0 0 0 0 0 0 0 0 0 0 0 461301494 1 0 0 0 0 0 0 0 0 0 0 0 0 0 0 0 0 0 0 0 0 0 0 288989 4219 0 0 0 0 11232621 0 0 0 0 0 0 0 0 0 0 0 0 0 0 0 0 0 0 0 0 0 0 0 0 0 0 0 0 0 0 0 0 0 0 0 0 0 0 0 0 0 0 0 0 0 0 0 0 0 0 0 0 0 0 0 0 0 0 0 0 0 0 0 0 0 0 0 0 0 0 0 0 0 0 0 131966099 0 0 0
ctxt 289605231
btime 1669654930
processes 439965
procs_running 1
procs_blocked 0
softirq 377328502 260474333 23477010 638458 13623469 296742 0 41748112 27477641 557 9592180

cpu  546655 32099 1148850 450915682 93750 0 1114437 0 0 0
cpu0 93222 9522 161370 112907394 25600 0 248701 0 0 0
cpu1 237565 10210 634269 112097387 19031 0 347832 0 0 0
cpu2 110850 2833 185794 112959635 25268 0 270541 0 0 0
cpu3 105017 9534 167416 112951265 23850 0 247362 0 0 0
intr 10007397495 0 0 2233032 81 0 567914 23441524 0 0 0 7957655 0 0 0 0 0 0 0 0 0 0 0 0 0 0 0 0 0 0 0 0 0 0 0 0 0 0 0 0 0 0 0 0 0 0 0 0 0 0 0 0 777749395 0 0 0 0 0 0 0 0 422446 0 296774 0 0 0 0 0 0 0 0 0 0 0 461301648 1 0 0 0 0 0 0 0 0 0 0 0 0 0 0 0 0 0 0 0 0 0 0 288989 4219 0 0 0 0 11232636 0 0 0 0 0 0 0 0 0 0 0 0 0 0 0 0 0 0 0 0 0 0 0 0 0 0 0 0 0 0 0 0 0 0 0 0 0 0 0 0 0 0 0 0 0 0 0 0 0 0 0 0 0 0 0 0 0 0 0 0 0 0 0 0 0 0 0 0 0 0 0 0 0 0 0 131966590 0 0 0
ctxt 289606233
btime 1669654930
processes 439965
procs_running 1
procs_blocked 0
softirq 377328574 260474341 23477023 638458 13623470 296742 0 41748126 27477667 557 9592190

cpu  546656 32099 1148852 450915876 93750 0 1114437 0 0 0
cpu0 93222 9522 161370 112907443 25600 0 248701 0 0 0
cpu1 237566 10210 634271 112097433 19031 0 347832 0 0 0
cpu2 110850 2833 185794 112959684 25268 0 270541 0 0 0
cpu3 105017 9534 167416 112951314 23850 0 247362 0 0 0
intr 10007402158 0 0 2233032 81 0 567914 23441549 0 0 0 7957660 0 0 0 0 0 0 0 0 0 0 0 0 0 0 0 0 0 0 0 0 0 0 0 0 0 0 0 0 0 0 0 0 0 0 0 0 0 0 0 0 777753398 0 0 0 0 0 0 0 0 422447 0 296774 0 0 0 0 0 0 0 0 0 0 0 461301776 1 0 0 0 0 0 0 0 0 0 0 0 0 0 0 0 0 0 0 0 0 0 0 288989 4219 0 0 0 0 11232651 0 0 0 0 0 0 0 0 0 0 0 0 0 0 0 0 0 0 0 0 0 0 0 0 0 0 0 0 0 0 0 0 0 0 0 0 0 0 0 0 0 0 0 0 0 0 0 0 0 0 0 0 0 0 0 0 0 0 0 0 0 0 0 0 0 0 0 0 0 0 0 0 0 0 0 131967075 0 0 0
ctxt 289607219
btime 1669654930
processes 439965
procs_running 1
procs_blocked 0
softirq 377328634 260474341 23477035 638458 13623471 296742 0 41748140 27477690 557 9592200

cpu  546656 32099 1148855 450916069 93750 0 1114437 0 0 0
cpu0 93222 9522 161370 112907492 25600 0 248701 0 0 0
cpu1 237566 10210 634274 112097479 19031 0 347832 0 0 0
cpu2 110850 2833 185794 112959733 25268 0 270541 0 0 0
cpu3 105017 9534 167416 112951364 23850 0 247362 0 0 0
intr 10007406897 0 0 2233036 81 0 567914 23441588 0 0 0 7957664 0 0 0 0 0 0 0 0 0 0 0 0 0 0 0 0 0 0 0 0 0 0 0 0 0 0 0 0 0 0 0 0 0 0 0 0 0 0 0 0 777757419 0 0 0 0 0 0 0 0 422448 0 296774 0 0 0 0 0 0 0 0 0 0 0 461301930 1 0 0 0 0 0 0 0 0 0 0 0 0 0 0 0 0 0 0 0 0 0 0 288989 4219 0 0 0 0 11232671 0 0 0 0 0 0 0 0 0 0 0 0 0 0 0 0 0 0 0 0 0 0 0 0 0 0 0 0 0 0 0 0 0 0 0 0 0 0 0 0 0 0 0 0 0 0 0 0 0 0 0 0 0 0 0 0 0 0 0 0 0 0 0 0 0 0 0 0 0 0 0 0 0 0 0 131967571 0 0 0
ctxt 289608242
btime 1669654930
processes 439965
procs_running 1
procs_blocked 0
softirq 377328715 260474349 23477052 638458 13623472 296742 0 41748159 27477715 557 9592211

cpu  546657 32099 1148857 450916263 93750 0 1114437 0 0 0
cpu0 93222 9522 161370 112907542 25600 0 248701 0 0 0
cpu1 237566 10210 634276 112097525 19031 0 347832 0 0 0
cpu2 110851 2833 185794 112959782 25268 0 270541 0 0 0
cpu3 105017 9534 167416 112951413 23850 0 247362 0 0 0
intr 10007411568 0 0 2233037 81 0 567914 23441612 0 0 0 7957669 0 0 0 0 0 0 0 0 0 0 0 0 0 0 0 0 0 0 0 0 0 0 0 0 0 0 0 0 0 0 0 0 0 0 0 0 0 0 0 0 777761423 0 0 0 0 0 0 0 0 422449 0 296774 0 0 0 0 0 0 0 0 0 0 0 461302058 1 0 0 0 0 0 0 0 0 0 0 0 0 0 0 0 0 0 0 0 0 0 0 288989 4219 0 0 0 0 11232686 0 0 0 0 0 0 0 0 0 0 0 0 0 0 0 0 0 0 0 0 0 0 0 0 0 0 0 0 0 0 0 0 0 0 0 0 0 0 0 0 0 0 0 0 0 0 0 0 0 0 0 0 0 0 0 0 0 0 0 0 0 0 0 0 0 0 0 0 0 0 0 0 0 0 0 131968064 0 0 0
ctxt 289609239
btime 1669654930
processes 439965
procs_running 1
procs_blocked 0
softirq 377328783 260474349 23477066 638458 13623473 296742 0 41748173 27477742 557 9592223

cpu  546658 32099 1148858 450916456 93750 0 1114437 0 0 0
cpu0 93222 9522 161370 112907591 25600 0 248701 0 0 0
cpu1 237566 10210 634277 112097570 19031 0 347832 0 0 0
cpu2 110851 2833 185794 112959831 25268 0 270541 0 0 0
cpu3 105017 9534 167416 112951463 23850 0 247362 0 0 0
intr 10007416274 0 0 2233037 81 0 567914 23441641 0 0 0 7957674 0 0 0 0 0 0 0 0 0 0 0 0 0 0 0 0 0 0 0 0 0 0 0 0 0 0 0 0 0 0 0 0 0 0 0 0 0 0 0 0 777765442 0 0 0 0 0 0 0 0 422450 0 296774 0 0 0 0 0 0 0 0 0 0 0 461302212 1 0 0 0 0 0 0 0 0 0 0 0 0 0 0 0 0 0 0 0 0 0 0 288989 4219 0 0 0 0 11232701 0 0 0 0 0 0 0 0 0 0 0 0 0 0 0 0 0 0 0 0 0 0 0 0 0 0 0 0 0 0 0 0 0 0 0 0 0 0 0 0 0 0 0 0 0 0 0 0 0 0 0 0 0 0 0 0 0 0 0 0 0 0 0 0 0 0 0 0 0 0 0 0 0 0 0 131968548 0 0 0
ctxt 289610248
btime 1669654930
processes 439965
procs_running 1
procs_blocked 0
softirq 377328854 260474357 23477081 638458 13623474 296742 0 41748187 27477765 557 9592233

cpu  546659 32099 1148860 450916650 93750 0 1114437 0 0 0
cpu0 93222 9522 161370 112907640 25600 0 248701 0 0 0
cpu1 237567 10210 634278 112097616 19031 0 347832 0 0 0
cpu2 110852 2833 185794 112959880 25268 0 270541 0 0 0
cpu3 105017 9534 167416 112951512 23850 0 247362 0 0 0
intr 10007420976 0 0 2233037 81 0 567914 23441675 0 0 0 7957679 0 0 0 0 0 0 0 0 0 0 0 0 0 0 0 0 0 0 0 0 0 0 0 0 0 0 0 0 0 0 0 0 0 0 0 0 0 0 0 0 777769445 0 0 0 0 0 0 0 0 422451 0 296774 0 0 0 0 0 0 0 0 0 0 0 461302340 1 0 0 0 0 0 0 0 0 0 0 0 0 0 0 0 0 0 0 0 0 0 0 288989 4219 0 0 0 0 11232733 0 0 0 0 0 0 0 0 0 0 0 0 0 0 0 0 0 0 0 0 0 0 0 0 0 0 0 0 0 0 0 0 0 0 0 0 0 0 0 0 0 0 0 0 0 0 0 0 0 0 0 0 0 0 0 0 0 0 0 0 0 0 0 0 0 0 0 0 0 0 0 0 0 0 0 131969046 0 0 0
ctxt 289611271
btime 1669654930
processes 439965
procs_running 1
procs_blocked 0
softirq 377328949 260474357 23477101 638459 13623476 296742 0 41748214 27477798 557 9592245

cpu  546660 32099 1148862 450916842 93750 0 1114437 0 0 0
cpu0 93222 9522 161370 112907688 25600 0 248701 0 0 0
cpu1 237568 10210 634280 112097662 19031 0 347832 0 0 0
cpu2 110852 2833 185794 112959929 25268 0 270541 0 0 0
cpu3 105017 9534 167416 112951561 23850 0 247362 0 0 0
intr 10007425739 0 0 2233037 81 0 567914 23441720 0 0 0 7957684 0 0 0 0 0 0 0 0 0 0 0 0 0 0 0 0 0 0 0 0 0 0 0 0 0 0 0 0 0 0 0 0 0 0 0 0 0 0 0 0 777773465 0 0 0 0 0 0 0 0 422452 0 296774 0 0 0 0 0 0 0 0 0 0 0 461302494 1 0 0 0 0 0 0 0 0 0 0 0 0 0 0 0 0 0 0 0 0 0 0 288989 4219 0 0 0 0 11232780 0 0 0 0 0 0 0 0 0 0 0 0 0 0 0 0 0 0 0 0 0 0 0 0 0 0 0 0 0 0 0 0 0 0 0 0 0 0 0 0 0 0 0 0 0 0 0 0 0 0 0 0 0 0 0 0 0 0 0 0 0 0 0 0 0 0 0 0 0 0 0 0 0 0 0 131969538 0 0 0
ctxt 289612334
btime 1669654930
processes 439965
procs_running 1
procs_blocked 0
softirq 377329051 260474365 23477119 638459 13623480 296742 0 41748250 27477824 557 9592255

cpu  546661 32099 1148862 450917035 93750 0 1114437 0 0 0
cpu0 93222 9522 161370 112907737 25600 0 248701 0 0 0
cpu1 237569 10210 634281 112097708 19031 0 347832 0 0 0
cpu2 110852 2833 185794 112959978 25268 0 270541 0 0 0
cpu3 105017 9534 167416 112951611 23850 0 247362 0 0 0
intr 10007430495 0 0 2233038 81 0 567914 23441774 0 0 0 7957689 0 0 0 0 0 0 0 0 0 0 0 0 0 0 0 0 0 0 0 0 0 0 0 0 0 0 0 0 0 0 0 0 0 0 0 0 0 0 0 0 777777469 0 0 0 0 0 0 0 0 422453 0 296774 0 0 0 0 0 0 0 0 0 0 0 461302622 1 0 0 0 0 0 0 0 0 0 0 0 0 0 0 0 0 0 0 0 0 0 0 288989 4219 0 0 0 0 11232845 0 0 0 0 0 0 0 0 0 0 0 0 0 0 0 0 0 0 0 0 0 0 0 0 0 0 0 0 0 0 0 0 0 0 0 0 0 0 0 0 0 0 0 0 0 0 0 0 0 0 0 0 0 0 0 0 0 0 0 0 0 0 0 0 0 0 0 0 0 0 0 0 0 0 0 131970036 0 0 0
ctxt 289613421
btime 1669654930
processes 439965
procs_running 1
procs_blocked 0
softirq 377329168 260474365 23477136 638459 13623486 296742 0 41748303 27477853 557 9592267

cpu  546662 32099 1148865 450917227 93750 0 1114437 0 0 0
cpu0 93222 9522 161371 112907786 25600 0 248701 0 0 0
cpu1 237570 10210 634283 112097753 19031 0 347832 0 0 0
cpu2 110853 2833 185794 112960027 25268 0 270541 0 0 0
cpu3 105017 9534 167416 112951659 23850 0 247362 0 0 0
intr 10007435458 0 0 2233044 81 0 567914 23441819 0 0 0 7957694 0 0 0 0 0 0 0 0 0 0 0 0 0 0 0 0 0 0 0 0 0 0 0 0 0 0 0 0 0 0 0 0 0 0 0 0 0 0 0 0 777781587 0 0 0 0 0 0 0 0 422454 0 296774 0 0 0 0 0 0 0 0 0 0 0 461302871 1 0 0 0 0 0 0 0 0 0 0 0 0 0 0 0 0 0 0 0 0 0 0 288989 4219 0 0 0 0 11232882 0 0 0 0 0 0 0 0 0 0 0 0 0 0 0 0 0 0 0 0 0 0 0 0 0 0 0 0 0 0 0 0 0 0 0 0 0 0 0 0 0 0 0 0 0 0 0 0 0 0 0 0 0 0 0 0 0 0 0 0 0 0 0 0 0 0 0 0 0 0 0 0 0 0 0 131970538 0 0 0
ctxt 289614484
btime 1669654930
processes 439965
procs_running 1
procs_blocked 0
softirq 377329497 260474582 23477153 638459 13623491 296742 0 41748348 27477886 557 9592279

cpu  546663 32099 1148868 450917419 93750 0 1114437 0 0 0
cpu0 93222 9522 161372 112907834 25600 0 248701 0 0 0
cpu1 237570 10210 634285 112097799 19031 0 347832 0 0 0
cpu2 110853 2833 185794 112960076 25268 0 270541 0 0 0
cpu3 105017 9534 167416 112951708 23850 0 247362 0 0 0
intr 10007440270 0 0 2233050 81 0 567914 23441894 0 0 0 7957699 0 0 0 0 0 0 0 0 0 0 0 0 0 0 0 0 0 0 0 0 0 0 0 0 0 0 0 0 0 0 0 0 0 0 0 0 0 0 0 0 777785583 0 0 0 0 0 0 0 0 422455 0 296774 0 0 0 0 0 0 0 0 0 0 0 461302999 1 0 0 0 0 0 0 0 0 0 0 0 0 0 0 0 0 0 0 0 0 0 0 288989 4219 0 0 0 0 11232974 0 0 0 0 0 0 0 0 0 0 0 0 0 0 0 0 0 0 0 0 0 0 0 0 0 0 0 0 0 0 0 0 0 0 0 0 0 0 0 0 0 0 0 0 0 0 0 0 0 0 0 0 0 0 0 0 0 0 0 0 0 0 0 0 0 0 0 0 0 0 0 0 0 0 0 131971047 0 0 0
ctxt 289615628
btime 1669654930
processes 439965
procs_running 1
procs_blocked 0
softirq 377329640 260474582 23477171 638459 13623500 296742 0 41748418 27477916 557 9592295

cpu  546663 32099 1148870 450917612 93750 0 1114437 0 0 0
cpu0 93222 9522 161372 112907882 25600 0 248701 0 0 0
cpu1 237570 10210 634286 112097845 19031 0 347832 0 0 0
cpu2 110854 2833 185794 112960125 25268 0 270541 0 0 0
cpu3 105017 9534 167416 112951758 23850 0 247362 0 0 0
intr 10007445048 0 0 2233054 81 0 567914 23441939 0 0 0 7957704 0 0 0 0 0 0 0 0 0 0 0 0 0 0 0 0 0 0 0 0 0 0 0 0 0 0 0 0 0 0 0 0 0 0 0 0 0 0 0 0 777789610 0 0 0 0 0 0 0 0 422456 0 296774 0 0 0 0 0 0 0 0 0 0 0 461303153 1 0 0 0 0 0 0 0 0 0 0 0 0 0 0 0 0 0 0 0 0 0 0 288989 4219 0 0 0 0 11233012 0 0 0 0 0 0 0 0 0 0 0 0 0 0 0 0 0 0 0 0 0 0 0 0 0 0 0 0 0 0 0 0 0 0 0 0 0 0 0 0 0 0 0 0 0 0 0 0 0 0 0 0 0 0 0 0 0 0 0 0 0 0 0 0 0 0 0 0 0 0 0 0 0 0 0 131971551 0 0 0
ctxt 289616702
btime 1669654930
processes 439965
procs_running 1
procs_blocked 0
softirq 377329738 260474590 23477187 638459 13623503 296742 0 41748449 27477944 557 9592307

cpu  546664 32099 1148872 450917804 93750 0 1114437 0 0 0
cpu0 93222 9522 161372 112907931 25600 0 248701 0 0 0
cpu1 237570 10210 634288 112097890 19031 0 347832 0 0 0
cpu2 110854 2833 185794 112960174 25268 0 270541 0 0 0
cpu3 105017 9534 167416 112951807 23850 0 247362 0 0 0
intr 10007449907 0 0 2233059 81 0 567914 23441971 0 0 0 7957709 0 0 0 0 0 0 0 0 0 0 0 0 0 0 0 0 0 0 0 0 0 0 0 0 0 0 0 0 0 0 0 0 0 0 0 0 0 0 0 0 777793690 0 0 0 0 0 0 0 0 422457 0 296774 0 0 0 0 0 0 0 0 0 0 0 461303361 1 0 0 0 0 0 0 0 0 0 0 0 0 0 0 0 0 0 0 0 0 0 0 288989 4219 0 0 0 0 11233041 0 0 0 0 0 0 0 0 0 0 0 0 0 0 0 0 0 0 0 0 0 0 0 0 0 0 0 0 0 0 0 0 0 0 0 0 0 0 0 0 0 0 0 0 0 0 0 0 0 0 0 0 0 0 0 0 0 0 0 0 0 0 0 0 0 0 0 0 0 0 0 0 0 0 0 131972051 0 0 0
ctxt 289617730
btime 1669654930
processes 439965
procs_running 2
procs_blocked 0
softirq 377330002 260474762 23477204 638459 13623507 296742 0 41748480 27477973 557 9592318

cpu  546665 32099 1148875 450917997 93750 0 1114438 0 0 0
cpu0 93222 9522 161373 112907980 25600 0 248701 0 0 0
cpu1 237570 10210 634290 112097936 19031 0 347832 0 0 0
cpu2 110854 2833 185794 112960224 25268 0 270541 0 0 0
cpu3 105017 9534 167416 112951856 23850 0 247362 0 0 0
intr 10007454667 0 0 2233063 81 0 567914 23442010 0 0 0 7957714 0 0 0 0 0 0 0 0 0 0 0 0 0 0 0 0 0 0 0 0 0 0 0 0 0 0 0 0 0 0 0 0 0 0 0 0 0 0 0 0 777797718 0 0 0 0 0 0 0 0 422458 0 296774 0 0 0 0 0 0 0 0 0 0 0 461303515 1 0 0 0 0 0 0 0 0 0 0 0 0 0 0 0 0 0 0 0 0 0 0 288989 4219 0 0 0 0 11233070 0 0 0 0 0 0 0 0 0 0 0 0 0 0 0 0 0 0 0 0 0 0 0 0 0 0 0 0 0 0 0 0 0 0 0 0 0 0 0 0 0 0 0 0 0 0 0 0 0 0 0 0 0 0 0 0 0 0 0 0 0 0 0 0 0 0 0 0 0 0 0 0 0 0 0 131972550 0 0 0
ctxt 289618774
btime 1669654930
processes 439965
procs_running 1
procs_blocked 0
softirq 377330096 260474770 23477222 638459 13623509 296742 0 41748505 27478003 557 9592329

cpu  546666 32099 1148876 450918190 93750 0 1114438 0 0 0
cpu0 93222 9522 161373 112908029 25600 0 248701 0 0 0
cpu1 237572 10210 634292 112097982 19031 0 347832 0 0 0
cpu2 110855 2833 185794 112960272 25268 0 270541 0 0 0
cpu3 105017 9534 167416 112951905 23850 0 247362 0 0 0
intr 10007459495 0 0 2233063 81 0 567914 23442032 0 0 0 7957719 0 0 0 0 0 0 0 0 0 0 0 0 0 0 0 0 0 0 0 0 0 0 0 0 0 0 0 0 0 0 0 0 0 0 0 0 0 0 0 0 777801810 0 0 0 0 0 0 0 0 422459 0 296774 0 0 0 0 0 0 0 0 0 0 0 461303734 1 0 0 0 0 0 0 0 0 0 0 0 0 0 0 0 0 0 0 0 0 0 0 288989 4219 0 0 0 0 11233085 0 0 0 0 0 0 0 0 0 0 0 0 0 0 0 0 0 0 0 0 0 0 0 0 0 0 0 0 0 0 0 0 0 0 0 0 0 0 0 0 0 0 0 0 0 0 0 0 0 0 0 0 0 0 0 0 0 0 0 0 0 0 0 0 0 0 0 0 0 0 0 0 0 0 0 131973038 0 0 0
ctxt 289619759
btime 1669654930
processes 439965
procs_running 3
procs_blocked 0
softirq 377330310 260474913 23477235 638459 13623512 296742 0 41748523 27478028 557 9592341

cpu  546667 32099 1148880 450918382 93750 0 1114438 0 0 0
cpu0 93222 9522 161373 112908077 25600 0 248701 0 0 0
cpu1 237572 10210 634294 112098028 19031 0 347832 0 0 0
cpu2 110855 2833 185794 112960321 25268 0 270541 0 0 0
cpu3 105017 9534 167416 112951955 23850 0 247362 0 0 0
intr 10007464327 0 0 2233069 81 0 567914 23442091 0 0 0 7957724 0 0 0 0 0 0 0 0 0 0 0 0 0 0 0 0 0 0 0 0 0 0 0 0 0 0 0 0 0 0 0 0 0 0 0 0 0 0 0 0 777805834 0 0 0 0 0 0 0 0 422460 0 296774 0 0 0 0 0 0 0 0 0 0 0 461303890 1 0 0 0 0 0 0 0 0 0 0 0 0 0 0 0 0 0 0 0 0 0 0 288989 4219 0 0 0 0 11233142 0 0 0 0 0 0 0 0 0 0 0 0 0 0 0 0 0 0 0 0 0 0 0 0 0 0 0 0 0 0 0 0 0 0 0 0 0 0 0 0 0 0 0 0 0 0 0 0 0 0 0 0 0 0 0 0 0 0 0 0 0 0 0 0 0 0 0 0 0 0 0 0 0 0 0 131973547 0 0 0
ctxt 289620866
btime 1669654930
processes 439965
procs_running 1
procs_blocked 0
softirq 377330467 260474935 23477258 638459 13623516 296742 0 41748583 27478064 557 9592353

cpu  546669 32099 1148881 450918575 93750 0 1114438 0 0 0
cpu0 93222 9522 161374 112908127 25600 0 248702 0 0 0
cpu1 237573 10210 634296 112098073 19031 0 347832 0 0 0
cpu2 110856 2833 185794 112960370 25268 0 270541 0 0 0
cpu3 105017 9534 167416 112952004 23850 0 247362 0 0 0
intr 10007469009 0 0 2233076 81 0 567914 23442115 0 0 0 7957729 0 0 0 0 0 0 0 0 0 0 0 0 0 0 0 0 0 0 0 0 0 0 0 0 0 0 0 0 0 0 0 0 0 0 0 0 0 0 0 0 777809835 0 0 0 0 0 0 0 0 422461 0 296774 0 0 0 0 0 0 0 0 0 0 0 461304018 1 0 0 0 0 0 0 0 0 0 0 0 0 0 0 0 0 0 0 0 0 0 0 288989 4219 0 0 0 0 11233157 0 0 0 0 0 0 0 0 0 0 0 0 0 0 0 0 0 0 0 0 0 0 0 0 0 0 0 0 0 0 0 0 0 0 0 0 0 0 0 0 0 0 0 0 0 0 0 0 0 0 0 0 0 0 0 0 0 0 0 0 0 0 0 0 0 0 0 0 0 0 0 0 0 0 0 131974048 0 0 0
ctxt 289621861
btime 1669654930
processes 439965
procs_running 1
procs_blocked 0
softirq 377330543 260474935 23477276 638460 13623517 296742 0 41748596 27478095 557 9592365

cpu  546669 32099 1148883 450918767 93750 0 1114438 0 0 0
cpu0 93222 9522 161374 112908175 25600 0 248702 0 0 0
cpu1 237573 10210 634298 112098119 19031 0 347832 0 0 0
cpu2 110856 2833 185794 112960418 25268 0 270541 0 0 0
cpu3 105017 9534 167416 112952053 23850 0 247362 0 0 0
intr 10007473963 0 0 2233078 81 0 567914 23442172 0 0 0 7957734 0 0 0 0 0 0 0 0 0 0 0 0 0 0 0 0 0 0 0 0 0 0 0 0 0 0 0 0 0 0 0 0 0 0 0 0 0 0 0 0 777813940 0 0 0 0 0 0 0 0 422463 0 296774 0 0 0 0 0 0 0 0 0 0 0 461304253 1 0 0 0 0 0 0 0 0 0 0 0 0 0 0 0 0 0 0 0 0 0 0 288989 4219 0 0 0 0 11233206 0 0 0 0 0 0 0 0 0 0 0 0 0 0 0 0 0 0 0 0 0 0 0 0 0 0 0 0 0 0 0 0 0 0 0 0 0 0 0 0 0 0 0 0 0 0 0 0 0 0 0 0 0 0 0 0 0 0 0 0 0 0 0 0 0 0 0 0 0 0 0 0 0 0 0 131974548 0 0 0
ctxt 289622954
btime 1669654930
processes 439965
procs_running 1
procs_blocked 0
softirq 377330796 260475070 23477297 638460 13623522 296742 0 41748644 27478127 557 9592377

cpu  546670 32099 1148885 450918961 93750 0 1114438 0 0 0
cpu0 93222 9522 161374 112908224 25600 0 248702 0 0 0
cpu1 237574 10210 634299 112098165 19031 0 347832 0 0 0
cpu2 110856 2833 185794 112960467 25268 0 270541 0 0 0
cpu3 105018 9534 167416 112952103 23850 0 247362 0 0 0
intr 10007478648 0 0 2233080 81 0 567914 23442196 0 0 0 7957739 0 0 0 0 0 0 0 0 0 0 0 0 0 0 0 0 0 0 0 0 0 0 0 0 0 0 0 0 0 0 0 0 0 0 0 0 0 0 0 0 777817946 0 0 0 0 0 0 0 0 422464 0 296774 0 0 0 0 0 0 0 0 0 0 0 461304383 1 0 0 0 0 0 0 0 0 0 0 0 0 0 0 0 0 0 0 0 0 0 0 288989 4219 0 0 0 0 11233221 0 0 0 0 0 0 0 0 0 0 0 0 0 0 0 0 0 0 0 0 0 0 0 0 0 0 0 0 0 0 0 0 0 0 0 0 0 0 0 0 0 0 0 0 0 0 0 0 0 0 0 0 0 0 0 0 0 0 0 0 0 0 0 0 0 0 0 0 0 0 0 0 0 0 0 131975050 0 0 0
ctxt 289623952
btime 1669654930
processes 439965
procs_running 1
procs_blocked 0
softirq 377330871 260475072 23477311 638460 13623524 296742 0 41748659 27478157 557 9592389

cpu  546672 32099 1148886 450919154 93750 0 1114438 0 0 0
cpu0 93222 9522 161374 112908273 25600 0 248702 0 0 0
cpu1 237575 10210 634300 112098211 19031 0 347832 0 0 0
cpu2 110856 2833 185794 112960516 25268 0 270541 0 0 0
cpu3 105018 9534 167416 112952152 23850 0 247362 0 0 0
intr 10007483416 0 0 2233084 81 0 567914 23442242 0 0 0 7957744 0 0 0 0 0 0 0 0 0 0 0 0 0 0 0 0 0 0 0 0 0 0 0 0 0 0 0 0 0 0 0 0 0 0 0 0 0 0 0 0 777821967 0 0 0 0 0 0 0 0 422465 0 296774 0 0 0 0 0 0 0 0 0 0 0 461304537 1 0 0 0 0 0 0 0 0 0 0 0 0 0 0 0 0 0 0 0 0 0 0 288989 4219 0 0 0 0 11233259 0 0 0 0 0 0 0 0 0 0 0 0 0 0 0 0 0 0 0 0 0 0 0 0 0 0 0 0 0 0 0 0 0 0 0 0 0 0 0 0 0 0 0 0 0 0 0 0 0 0 0 0 0 0 0 0 0 0 0 0 0 0 0 0 0 0 0 0 0 0 0 0 0 0 0 131975549 0 0 0
ctxt 289625020
btime 1669654930
processes 439965
procs_running 1
procs_blocked 0
softirq 377330975 260475080 23477331 638460 13623526 296742 0 41748691 27478187 557 9592401

cpu  546673 32099 1148888 450919347 93750 0 1114438 0 0 0
cpu0 93222 9522 161374 112908322 25600 0 248702 0 0 0
cpu1 237576 10210 634301 112098256 19031 0 347832 0 0 0
cpu2 110856 2833 185795 112960565 25268 0 270541 0 0 0
cpu3 105018 9534 167416 112952201 23850 0 247362 0 0 0
intr 10007488282 0 0 2233093 81 0 567914 23442271 0 0 0 7957749 0 0 0 0 0 0 0 0 0 0 0 0 0 0 0 0 0 0 0 0 0 0 0 0 0 0 0 0 0 0 0 0 0 0 0 0 0 0 0 0 777826054 0 0 0 0 0 0 0 0 422466 0 296774 0 0 0 0 0 0 0 0 0 0 0 461304747 1 0 0 0 0 0 0 0 0 0 0 0 0 0 0 0 0 0 0 0 0 0 0 288989 4219 0 0 0 0 11233279 0 0 0 0 0 0 0 0 0 0 0 0 0 0 0 0 0 0 0 0 0 0 0 0 0 0 0 0 0 0 0 0 0 0 0 0 0 0 0 0 0 0 0 0 0 0 0 0 0 0 0 0 0 0 0 0 0 0 0 0 0 0 0 0 0 0 0 0 0 0 0 0 0 0 0 131976053 0 0 0
ctxt 289626050
btime 1669654930
processes 439965
procs_running 1
procs_blocked 0
softirq 377331266 260475272 23477348 638460 13623531 296742 0 41748728 27478215 557 9592413

cpu  546673 32099 1148889 450919540 93750 0 1114438 0 0 0
cpu0 93222 9522 161374 112908371 25600 0 248702 0 0 0
cpu1 237576 10210 634302 112098302 19031 0 347832 0 0 0
cpu2 110857 2833 185795 112960614 25268 0 270541 0 0 0
cpu3 105018 9534 167416 112952250 23850 0 247362 0 0 0
intr 10007493042 0 0 2233097 81 0 567914 23442311 0 0 0 7957754 0 0 0 0 0 0 0 0 0 0 0 0 0 0 0 0 0 0 0 0 0 0 0 0 0 0 0 0 0 0 0 0 0 0 0 0 0 0 0 0 777830076 0 0 0 0 0 0 0 0 422467 0 296774 0 0 0 0 0 0 0 0 0 0 0 461304899 1 0 0 0 0 0 0 0 0 0 0 0 0 0 0 0 0 0 0 0 0 0 0 288989 4219 0 0 0 0 11233318 0 0 0 0 0 0 0 0 0 0 0 0 0 0 0 0 0 0 0 0 0 0 0 0 0 0 0 0 0 0 0 0 0 0 0 0 0 0 0 0 0 0 0 0 0 0 0 0 0 0 0 0 0 0 0 0 0 0 0 0 0 0 0 0 0 0 0 0 0 0 0 0 0 0 0 131976551 0 0 0
ctxt 289627116
btime 1669654930
processes 439965
procs_running 1
procs_blocked 0
softirq 377331373 260475280 23477369 638460 13623533 296742 0 41748763 27478239 557 9592430

cpu  546673 32099 1148892 450919733 93750 0 1114438 0 0 0
cpu0 93222 9522 161375 112908421 25600 0 248702 0 0 0
cpu1 237576 10210 634304 112098348 19031 0 347832 0 0 0
cpu2 110857 2833 185796 112960663 25268 0 270541 0 0 0
cpu3 105018 9534 167416 112952300 23850 0 247362 0 0 0
intr 10007497702 0 0 2233097 81 0 567914 23442330 0 0 0 7957759 0 0 0 0 0 0 0 0 0 0 0 0 0 0 0 0 0 0 0 0 0 0 0 0 0 0 0 0 0 0 0 0 0 0 0 0 0 0 0 0 777834078 0 0 0 0 0 0 0 0 422468 0 296774 0 0 0 0 0 0 0 0 0 0 0 461305027 1 0 0 0 0 0 0 0 0 0 0 0 0 0 0 0 0 0 0 0 0 0 0 288989 4219 0 0 0 0 11233333 0 0 0 0 0 0 0 0 0 0 0 0 0 0 0 0 0 0 0 0 0 0 0 0 0 0 0 0 0 0 0 0 0 0 0 0 0 0 0 0 0 0 0 0 0 0 0 0 0 0 0 0 0 0 0 0 0 0 0 0 0 0 0 0 0 0 0 0 0 0 0 0 0 0 0 131977042 0 0 0
ctxt 289628108
btime 1669654930
processes 439965
procs_running 1
procs_blocked 0
softirq 377331437 260475280 23477381 638460 13623534 296742 0 41748776 27478264 557 9592443

cpu  546674 32099 1148895 450919926 93750 0 1114438 0 0 0
cpu0 93222 9522 161375 112908469 25600 0 248702 0 0 0
cpu1 237577 10210 634307 112098394 19031 0 347832 0 0 0
cpu2 110857 2833 185796 112960712 25268 0 270541 0 0 0
cpu3 105018 9534 167416 112952349 23850 0 247362 0 0 0
intr 10007502567 0 0 2233101 81 0 567914 23442352 0 0 0 7957764 0 0 0 0 0 0 0 0 0 0 0 0 0 0 0 0 0 0 0 0 0 0 0 0 0 0 0 0 0 0 0 0 0 0 0 0 0 0 0 0 777838174 0 0 0 0 0 0 0 0 422469 0 296774 0 0 0 0 0 0 0 0 0 0 0 461305253 1 0 0 0 0 0 0 0 0 0 0 0 0 0 0 0 0 0 0 0 0 0 0 288989 4219 0 0 0 0 11233348 0 0 0 0 0 0 0 0 0 0 0 0 0 0 0 0 0 0 0 0 0 0 0 0 0 0 0 0 0 0 0 0 0 0 0 0 0 0 0 0 0 0 0 0 0 0 0 0 0 0 0 0 0 0 0 0 0 0 0 0 0 0 0 0 0 0 0 0 0 0 0 0 0 0 0 131977537 0 0 0
ctxt 289629112
btime 1669654930
processes 439965
procs_running 1
procs_blocked 0
softirq 377331707 260475461 23477397 638460 13623537 296742 0 41748802 27478295 557 9592456

cpu  546675 32099 1148897 450920119 93750 0 1114438 0 0 0
cpu0 93222 9522 161375 112908518 25600 0 248702 0 0 0
cpu1 237577 10210 634309 112098439 19031 0 347832 0 0 0
cpu2 110858 2833 185796 112960761 25268 0 270541 0 0 0
cpu3 105018 9534 167416 112952398 23850 0 247362 0 0 0
intr 10007507294 0 0 2233102 81 0 567914 23442384 0 0 0 7957769 0 0 0 0 0 0 0 0 0 0 0 0 0 0 0 0 0 0 0 0 0 0 0 0 0 0 0 0 0 0 0 0 0 0 0 0 0 0 0 0 777842194 0 0 0 0 0 0 0 0 422470 0 296774 0 0 0 0 0 0 0 0 0 0 0 461305405 1 0 0 0 0 0 0 0 0 0 0 0 0 0 0 0 0 0 0 0 0 0 0 288989 4219 0 0 0 0 11233372 0 0 0 0 0 0 0 0 0 0 0 0 0 0 0 0 0 0 0 0 0 0 0 0 0 0 0 0 0 0 0 0 0 0 0 0 0 0 0 0 0 0 0 0 0 0 0 0 0 0 0 0 0 0 0 0 0 0 0 0 0 0 0 0 0 0 0 0 0 0 0 0 0 0 0 131978029 0 0 0
ctxt 289630131
btime 1669654930
processes 439965
procs_running 1
procs_blocked 0
softirq 377331796 260475469 23477415 638460 13623538 296742 0 41748822 27478324 557 9592469

cpu  546676 32099 1148898 450920313 93750 0 1114438 0 0 0
cpu0 93222 9522 161375 112908568 25600 0 248702 0 0 0
cpu1 237577 10210 634310 112098485 19031 0 347832 0 0 0
cpu2 110858 2833 185796 112960810 25268 0 270541 0 0 0
cpu3 105018 9534 167416 112952448 23850 0 247362 0 0 0
intr 10007511957 0 0 2233102 81 0 567914 23442404 0 0 0 7957774 0 0 0 0 0 0 0 0 0 0 0 0 0 0 0 0 0 0 0 0 0 0 0 0 0 0 0 0 0 0 0 0 0 0 0 0 0 0 0 0 777846198 0 0 0 0 0 0 0 0 422471 0 296774 0 0 0 0 0 0 0 0 0 0 0 461305535 1 0 0 0 0 0 0 0 0 0 0 0 0 0 0 0 0 0 0 0 0 0 0 288989 4219 0 0 0 0 11233387 0 0 0 0 0 0 0 0 0 0 0 0 0 0 0 0 0 0 0 0 0 0 0 0 0 0 0 0 0 0 0 0 0 0 0 0 0 0 0 0 0 0 0 0 0 0 0 0 0 0 0 0 0 0 0 0 0 0 0 0 0 0 0 0 0 0 0 0 0 0 0 0 0 0 0 131978517 0 0 0
ctxt 289631119
btime 1669654930
processes 439965
procs_running 1
procs_blocked 0
softirq 377331863 260475469 23477429 638460 13623539 296742 0 41748836 27478350 557 9592481

cpu  546677 32099 1148900 450920505 93750 0 1114438 0 0 0
cpu0 93222 9522 161375 112908616 25600 0 248702 0 0 0
cpu1 237578 10210 634312 112098531 19031 0 347832 0 0 0
cpu2 110858 2833 185796 112960859 25268 0 270541 0 0 0
cpu3 105018 9534 167416 112952497 23850 0 247362 0 0 0
intr 10007516849 0 0 2233106 81 0 567914 23442430 0 0 0 7957779 0 0 0 0 0 0 0 0 0 0 0 0 0 0 0 0 0 0 0 0 0 0 0 0 0 0 0 0 0 0 0 0 0 0 0 0 0 0 0 0 777850310 0 0 0 0 0 0 0 0 422472 0 296774 0 0 0 0 0 0 0 0 0 0 0 461305775 1 0 0 0 0 0 0 0 0 0 0 0 0 0 0 0 0 0 0 0 0 0 0 288989 4219 0 0 0 0 11233402 0 0 0 0 0 0 0 0 0 0 0 0 0 0 0 0 0 0 0 0 0 0 0 0 0 0 0 0 0 0 0 0 0 0 0 0 0 0 0 0 0 0 0 0 0 0 0 0 0 0 0 0 0 0 0 0 0 0 0 0 0 0 0 0 0 0 0 0 0 0 0 0 0 0 0 131979006 0 0 0
ctxt 289632128
btime 1669654930
processes 439965
procs_running 1
procs_blocked 0
softirq 377332065 260475594 23477444 638460 13623542 296742 0 41748859 27478375 557 9592492

cpu  546678 32099 1148902 450920699 93750 0 1114438 0 0 0
cpu0 93222 9522 161375 112908666 25600 0 248702 0 0 0
cpu1 237578 10210 634314 112098577 19031 0 347832 0 0 0
cpu2 110859 2833 185796 112960908 25268 0 270541 0 0 0
cpu3 105018 9534 167416 112952546 23850 0 247362 0 0 0
intr 10007521510 0 0 2233106 81 0 567914 23442447 0 0 0 7957784 0 0 0 0 0 0 0 0 0 0 0 0 0 0 0 0 0 0 0 0 0 0 0 0 0 0 0 0 0 0 0 0 0 0 0 0 0 0 0 0 777854313 0 0 0 0 0 0 0 0 422473 0 296774 0 0 0 0 0 0 0 0 0 0 0 461305905 1 0 0 0 0 0 0 0 0 0 0 0 0 0 0 0 0 0 0 0 0 0 0 288989 4219 0 0 0 0 11233417 0 0 0 0 0 0 0 0 0 0 0 0 0 0 0 0 0 0 0 0 0 0 0 0 0 0 0 0 0 0 0 0 0 0 0 0 0 0 0 0 0 0 0 0 0 0 0 0 0 0 0 0 0 0 0 0 0 0 0 0 0 0 0 0 0 0 0 0 0 0 0 0 0 0 0 131979497 0 0 0
ctxt 289633116
btime 1669654930
processes 439965
procs_running 1
procs_blocked 0
softirq 377332133 260475594 23477458 638460 13623543 296742 0 41748873 27478403 557 9592503

cpu  546678 32099 1148904 450920892 93750 0 1114438 0 0 0
cpu0 93222 9522 161375 112908715 25600 0 248702 0 0 0
cpu1 237579 10210 634316 112098623 19031 0 347832 0 0 0
cpu2 110859 2833 185796 112960957 25268 0 270541 0 0 0
cpu3 105018 9534 167416 112952596 23850 0 247362 0 0 0
intr 10007526214 0 0 2233107 81 0 567914 23442470 0 0 0 7957789 0 0 0 0 0 0 0 0 0 0 0 0 0 0 0 0 0 0 0 0 0 0 0 0 0 0 0 0 0 0 0 0 0 0 0 0 0 0 0 0 777858330 0 0 0 0 0 0 0 0 422474 0 296774 0 0 0 0 0 0 0 0 0 0 0 461306057 1 0 0 0 0 0 0 0 0 0 0 0 0 0 0 0 0 0 0 0 0 0 0 288989 4219 0 0 0 0 11233432 0 0 0 0 0 0 0 0 0 0 0 0 0 0 0 0 0 0 0 0 0 0 0 0 0 0 0 0 0 0 0 0 0 0 0 0 0 0 0 0 0 0 0 0 0 0 0 0 0 0 0 0 0 0 0 0 0 0 0 0 0 0 0 0 0 0 0 0 0 0 0 0 0 0 0 131979986 0 0 0
ctxt 289634119
btime 1669654930
processes 439965
procs_running 1
procs_blocked 0
softirq 377332212 260475602 23477474 638461 13623544 296742 0 41748886 27478432 557 9592514

cpu  546678 32099 1148907 450921085 93750 0 1114438 0 0 0
cpu0 93222 9522 161375 112908764 25600 0 248702 0 0 0
cpu1 237579 10210 634318 112098668 19031 0 347832 0 0 0
cpu2 110859 2833 185796 112961007 25268 0 270541 0 0 0
cpu3 105018 9534 167416 112952645 23850 0 247362 0 0 0
intr 10007530882 0 0 2233107 81 0 567914 23442490 0 0 0 7957794 0 0 0 0 0 0 0 0 0 0 0 0 0 0 0 0 0 0 0 0 0 0 0 0 0 0 0 0 0 0 0 0 0 0 0 0 0 0 0 0 777862334 0 0 0 0 0 0 0 0 422475 0 296774 0 0 0 0 0 0 0 0 0 0 0 461306187 1 0 0 0 0 0 0 0 0 0 0 0 0 0 0 0 0 0 0 0 0 0 0 288989 4219 0 0 0 0 11233447 0 0 0 0 0 0 0 0 0 0 0 0 0 0 0 0 0 0 0 0 0 0 0 0 0 0 0 0 0 0 0 0 0 0 0 0 0 0 0 0 0 0 0 0 0 0 0 0 0 0 0 0 0 0 0 0 0 0 0 0 0 0 0 0 0 0 0 0 0 0 0 0 0 0 0 131980479 0 0 0
ctxt 289635117
btime 1669654930
processes 439965
procs_running 1
procs_blocked 0
softirq 377332278 260475602 23477488 638461 13623545 296742 0 41748900 27478457 557 9592526

cpu  546679 32099 1148908 450921279 93750 0 1114438 0 0 0
cpu0 93222 9522 161375 112908813 25600 0 248702 0 0 0
cpu1 237579 10210 634319 112098714 19031 0 347832 0 0 0
cpu2 110860 2833 185796 112961056 25268 0 270541 0 0 0
cpu3 105018 9534 167416 112952694 23850 0 247362 0 0 0
intr 10007535594 0 0 2233107 81 0 567914 23442515 0 0 0 7957799 0 0 0 0 0 0 0 0 0 0 0 0 0 0 0 0 0 0 0 0 0 0 0 0 0 0 0 0 0 0 0 0 0 0 0 0 0 0 0 0 777866356 0 0 0 0 0 0 0 0 422476 0 296774 0 0 0 0 0 0 0 0 0 0 0 461306339 1 0 0 0 0 0 0 0 0 0 0 0 0 0 0 0 0 0 0 0 0 0 0 288989 4219 0 0 0 0 11233462 0 0 0 0 0 0 0 0 0 0 0 0 0 0 0 0 0 0 0 0 0 0 0 0 0 0 0 0 0 0 0 0 0 0 0 0 0 0 0 0 0 0 0 0 0 0 0 0 0 0 0 0 0 0 0 0 0 0 0 0 0 0 0 0 0 0 0 0 0 0 0 0 0 0 0 131980971 0 0 0
ctxt 289636126
btime 1669654930
processes 439965
procs_running 1
procs_blocked 0
softirq 377332354 260475610 23477502 638461 13623546 296742 0 41748913 27478485 557 9592538

cpu  546679 32099 1148910 450921472 93750 0 1114438 0 0 0
cpu0 93222 9522 161375 112908862 25600 0 248702 0 0 0
cpu1 237579 10210 634321 112098760 19031 0 347832 0 0 0
cpu2 110860 2833 185796 112961105 25268 0 270541 0 0 0
cpu3 105018 9534 167417 112952743 23850 0 247362 0 0 0
intr 10007540251 0 0 2233107 81 0 567914 23442539 0 0 0 7957804 0 0 0 0 0 0 0 0 0 0 0 0 0 0 0 0 0 0 0 0 0 0 0 0 0 0 0 0 0 0 0 0 0 0 0 0 0 0 0 0 777870351 0 0 0 0 0 0 0 0 422477 0 296774 0 0 0 0 0 0 0 0 0 0 0 461306469 1 0 0 0 0 0 0 0 0 0 0 0 0 0 0 0 0 0 0 0 0 0 0 288989 4219 0 0 0 0 11233477 0 0 0 0 0 0 0 0 0 0 0 0 0 0 0 0 0 0 0 0 0 0 0 0 0 0 0 0 0 0 0 0 0 0 0 0 0 0 0 0 0 0 0 0 0 0 0 0 0 0 0 0 0 0 0 0 0 0 0 0 0 0 0 0 0 0 0 0 0 0 0 0 0 0 0 131981458 0 0 0
ctxt 289637115
btime 1669654930
processes 439965
procs_running 1
procs_blocked 0
softirq 377332418 260475610 23477515 638461 13623547 296742 0 41748927 27478510 557 9592549

cpu  546682 32099 1148918 450921657 93750 0 1114439 0 0 0
cpu0 93222 9522 161380 112908909 25600 0 248702 0 0 0
cpu1 237579 10210 634322 112098805 19031 0 347832 0 0 0
cpu2 110861 2833 185797 112961152 25268 0 270541 0 0 0
cpu3 105018 9534 167417 112952791 23850 0 247363 0 0 0
intr 10007545144 0 0 2233112 81 0 567927 23442617 0 0 0 7957809 0 0 0 0 0 0 0 0 0 0 0 0 0 0 0 0 0 0 0 0 0 0 0 0 0 0 0 0 0 0 0 0 0 0 0 0 0 0 0 0 777874375 0 0 0 0 0 0 0 0 422478 0 296774 0 0 0 0 0 0 0 0 0 0 0 461306621 1 0 0 0 0 0 0 0 0 0 0 0 0 0 0 0 0 0 0 0 0 0 0 288989 4219 0 0 0 0 11233513 0 0 0 0 0 0 0 0 0 0 0 0 0 0 0 0 0 0 0 0 0 0 0 0 0 0 0 0 0 0 0 0 0 0 0 0 0 0 0 0 0 0 0 0 0 0 0 0 0 0 0 0 0 0 0 0 0 0 0 0 0 0 0 0 0 0 0 0 0 0 0 0 0 0 0 131982037 0 0 0
ctxt 289638289
btime 1669654930
processes 439976
procs_running 1
procs_blocked 0
softirq 377332646 260475618 23477552 638461 13623550 296742 0 41748956 27478589 557 9592621

cpu  546682 32099 1148919 450921851 93750 0 1114439 0 0 0
cpu0 93222 9522 161380 112908958 25600 0 248702 0 0 0
cpu1 237579 10210 634324 112098851 19031 0 347832 0 0 0
cpu2 110862 2833 185797 112961201 25268 0 270541 0 0 0
cpu3 105018 9534 167417 112952840 23850 0 247363 0 0 0
intr 10007549868 0 0 2233116 81 0 567927 23442657 0 0 0 7957814 0 0 0 0 0 0 0 0 0 0 0 0 0 0 0 0 0 0 0 0 0 0 0 0 0 0 0 0 0 0 0 0 0 0 0 0 0 0 0 0 777878379 0 0 0 0 0 0 0 0 422479 0 296774 0 0 0 0 0 0 0 0 0 0 0 461306751 1 0 0 0 0 0 0 0 0 0 0 0 0 0 0 0 0 0 0 0 0 0 0 288989 4219 0 0 0 0 11233547 0 0 0 0 0 0 0 0 0 0 0 0 0 0 0 0 0 0 0 0 0 0 0 0 0 0 0 0 0 0 0 0 0 0 0 0 0 0 0 0 0 0 0 0 0 0 0 0 0 0 0 0 0 0 0 0 0 0 0 0 0 0 0 0 0 0 0 0 0 0 0 0 0 0 0 131982543 0 0 0
ctxt 289639333
btime 1669654930
processes 439976
procs_running 1
procs_blocked 0
softirq 377332746 260475618 23477570 638461 13623553 296742 0 41748985 27478622 557 9592638

cpu  546684 32099 1148919 450922044 93750 0 1114439 0 0 0
cpu0 93222 9522 161380 112909007 25600 0 248702 0 0 0
cpu1 237580 10210 634324 112098897 19031 0 347832 0 0 0
cpu2 110862 2833 185797 112961249 25268 0 270541 0 0 0
cpu3 105018 9534 167417 112952889 23850 0 247363 0 0 0
intr 10007554587 0 0 2233116 81 0 567927 23442690 0 0 0 7957819 0 0 0 0 0 0 0 0 0 0 0 0 0 0 0 0 0 0 0 0 0 0 0 0 0 0 0 0 0 0 0 0 0 0 0 0 0 0 0 0 777882397 0 0 0 0 0 0 0 0 422480 0 296774 0 0 0 0 0 0 0 0 0 0 0 461306903 1 0 0 0 0 0 0 0 0 0 0 0 0 0 0 0 0 0 0 0 0 0 0 288989 4219 0 0 0 0 11233569 0 0 0 0 0 0 0 0 0 0 0 0 0 0 0 0 0 0 0 0 0 0 0 0 0 0 0 0 0 0 0 0 0 0 0 0 0 0 0 0 0 0 0 0 0 0 0 0 0 0 0 0 0 0 0 0 0 0 0 0 0 0 0 0 0 0 0 0 0 0 0 0 0 0 0 131983031 0 0 0
ctxt 289640359
btime 1669654930
processes 439976
procs_running 1
procs_blocked 0
softirq 377332832 260475626 23477586 638461 13623555 296742 0 41749007 27478648 557 9592650

cpu  546684 32099 1148921 450922237 93750 0 1114439 0 0 0
cpu0 93222 9522 161380 112909056 25600 0 248702 0 0 0
cpu1 237580 10210 634325 112098943 19031 0 347832 0 0 0
cpu2 110863 2833 185797 112961298 25268 0 270541 0 0 0
cpu3 105018 9534 167417 112952939 23850 0 247363 0 0 0
intr 10007559306 0 0 2233116 81 0 567927 23442733 0 0 0 7957824 0 0 0 0 0 0 0 0 0 0 0 0 0 0 0 0 0 0 0 0 0 0 0 0 0 0 0 0 0 0 0 0 0 0 0 0 0 0 0 0 777886401 0 0 0 0 0 0 0 0 422481 0 296774 0 0 0 0 0 0 0 0 0 0 0 461307033 1 0 0 0 0 0 0 0 0 0 0 0 0 0 0 0 0 0 0 0 0 0 0 288989 4219 0 0 0 0 11233608 0 0 0 0 0 0 0 0 0 0 0 0 0 0 0 0 0 0 0 0 0 0 0 0 0 0 0 0 0 0 0 0 0 0 0 0 0 0 0 0 0 0 0 0 0 0 0 0 0 0 0 0 0 0 0 0 0 0 0 0 0 0 0 0 0 0 0 0 0 0 0 0 0 0 0 131983528 0 0 0
ctxt 289641407
btime 1669654930
processes 439976
procs_running 1
procs_blocked 0
softirq 377332924 260475626 23477603 638461 13623557 296742 0 41749040 27478676 557 9592662

cpu  546685 32099 1148923 450922430 93750 0 1114439 0 0 0
cpu0 93222 9522 161380 112909105 25600 0 248702 0 0 0
cpu1 237580 10210 634327 112098989 19031 0 347832 0 0 0
cpu2 110863 2833 185797 112961347 25268 0 270541 0 0 0
cpu3 105018 9534 167417 112952988 23850 0 247363 0 0 0
intr 10007564063 0 0 2233121 81 0 567927 23442779 0 0 0 7957828 0 0 0 0 0 0 0 0 0 0 0 0 0 0 0 0 0 0 0 0 0 0 0 0 0 0 0 0 0 0 0 0 0 0 0 0 0 0 0 0 777890420 0 0 0 0 0 0 0 0 422482 0 296774 0 0 0 0 0 0 0 0 0 0 0 461307185 1 0 0 0 0 0 0 0 0 0 0 0 0 0 0 0 0 0 0 0 0 0 0 288989 4219 0 0 0 0 11233639 0 0 0 0 0 0 0 0 0 0 0 0 0 0 0 0 0 0 0 0 0 0 0 0 0 0 0 0 0 0 0 0 0 0 0 0 0 0 0 0 0 0 0 0 0 0 0 0 0 0 0 0 0 0 0 0 0 0 0 0 0 0 0 0 0 0 0 0 0 0 0 0 0 0 0 131984028 0 0 0
ctxt 289642447
btime 1669654930
processes 439976
procs_running 2
procs_blocked 0
softirq 377333025 260475634 23477623 638461 13623559 296742 0 41749066 27478707 557 9592676

cpu  546686 32099 1148926 450922622 93750 0 1114439 0 0 0
cpu0 93222 9522 161381 112909153 25600 0 248702 0 0 0
cpu1 237581 10210 634328 112099035 19031 0 347832 0 0 0
cpu2 110863 2833 185798 112961396 25268 0 270541 0 0 0
cpu3 105018 9534 167417 112953037 23850 0 247363 0 0 0
intr 10007568895 0 0 2233125 81 0 567928 23442855 0 0 0 7957833 0 0 0 0 0 0 0 0 0 0 0 0 0 0 0 0 0 0 0 0 0 0 0 0 0 0 0 0 0 0 0 0 0 0 0 0 0 0 0 0 777894424 0 0 0 0 0 0 0 0 422483 0 296799 0 0 0 0 0 0 0 0 0 0 0 461307315 1 0 0 0 0 0 0 0 0 0 0 0 0 0 0 0 0 0 0 0 0 0 0 289014 4219 0 0 0 0 11233694 0 0 0 0 0 0 0 0 0 0 0 0 0 0 0 0 0 0 0 0 0 0 0 0 0 0 0 0 0 0 0 0 0 0 0 0 0 0 0 0 0 0 0 0 0 0 0 0 0 0 0 0 0 0 0 0 0 0 0 0 0 0 0 0 0 0 0 0 0 0 0 0 0 0 0 131984533 0 0 0
ctxt 289643721
btime 1669654930
processes 439976
procs_running 1
procs_blocked 0
softirq 377333235 260475634 23477641 638461 13623564 296767 0 41749184 27478740 557 9592687

cpu  546687 32099 1148927 450922815 93750 0 1114439 0 0 0
cpu0 93222 9522 161381 112909201 25600 0 248702 0 0 0
cpu1 237581 10210 634330 112099081 19031 0 347832 0 0 0
cpu2 110864 2833 185798 112961445 25268 0 270541 0 0 0
cpu3 105018 9534 167417 112953087 23850 0 247363 0 0 0
intr 10007573684 0 0 2233125 81 0 567928 23442909 0 0 0 7957838 0 0 0 0 0 0 0 0 0 0 0 0 0 0 0 0 0 0 0 0 0 0 0 0 0 0 0 0 0 0 0 0 0 0 0 0 0 0 0 0 777898453 0 0 0 0 0 0 0 0 422484 0 296799 0 0 0 0 0 0 0 0 0 0 0 461307467 1 0 0 0 0 0 0 0 0 0 0 0 0 0 0 0 0 0 0 0 0 0 0 289014 4219 0 0 0 0 11233739 0 0 0 0 0 0 0 0 0 0 0 0 0 0 0 0 0 0 0 0 0 0 0 0 0 0 0 0 0 0 0 0 0 0 0 0 0 0 0 0 0 0 0 0 0 0 0 0 0 0 0 0 0 0 0 0 0 0 0 0 0 0 0 0 0 0 0 0 0 0 0 0 0 0 0 131985036 0 0 0
ctxt 289644799
btime 1669654930
processes 439976
procs_running 1
procs_blocked 0
softirq 377333350 260475642 23477661 638462 13623567 296767 0 41749223 27478772 557 9592699

cpu  546689 32099 1148930 450923007 93750 0 1114439 0 0 0
cpu0 93223 9522 161382 112909250 25600 0 248702 0 0 0
cpu1 237582 10210 634332 112099126 19031 0 347832 0 0 0
cpu2 110864 2833 185798 112961494 25268 0 270541 0 0 0
cpu3 105018 9534 167417 112953136 23850 0 247363 0 0 0
intr 10007578471 0 0 2233125 81 0 567928 23442983 0 0 0 7957843 0 0 0 0 0 0 0 0 0 0 0 0 0 0 0 0 0 0 0 0 0 0 0 0 0 0 0 0 0 0 0 0 0 0 0 0 0 0 0 0 777902449 0 0 0 0 0 0 0 0 422485 0 296799 0 0 0 0 0 0 0 0 0 0 0 461307597 1 0 0 0 0 0 0 0 0 0 0 0 0 0 0 0 0 0 0 0 0 0 0 289014 4219 0 0 0 0 11233819 0 0 0 0 0 0 0 0 0 0 0 0 0 0 0 0 0 0 0 0 0 0 0 0 0 0 0 0 0 0 0 0 0 0 0 0 0 0 0 0 0 0 0 0 0 0 0 0 0 0 0 0 0 0 0 0 0 0 0 0 0 0 0 0 0 0 0 0 0 0 0 0 0 0 0 131985537 0 0 0
ctxt 289645918
btime 1669654930
processes 439976
procs_running 1
procs_blocked 0
softirq 377333481 260475642 23477677 638462 13623576 296767 0 41749286 27478804 557 9592710

cpu  546690 32099 1148932 450923199 93750 0 1114439 0 0 0
cpu0 93223 9522 161383 112909298 25600 0 248702 0 0 0
cpu1 237582 10210 634334 112099172 19031 0 347832 0 0 0
cpu2 110864 2833 185798 112961543 25268 0 270541 0 0 0
cpu3 105018 9534 167417 112953185 23850 0 247363 0 0 0
intr 10007583332 0 0 2233130 81 0 567928 23443069 0 0 0 7957848 0 0 0 0 0 0 0 0 0 0 0 0 0 0 0 0 0 0 0 0 0 0 0 0 0 0 0 0 0 0 0 0 0 0 0 0 0 0 0 0 777906469 0 0 0 0 0 0 0 0 422486 0 296799 0 0 0 0 0 0 0 0 0 0 0 461307749 1 0 0 0 0 0 0 0 0 0 0 0 0 0 0 0 0 0 0 0 0 0 0 289014 4219 0 0 0 0 11233905 0 0 0 0 0 0 0 0 0 0 0 0 0 0 0 0 0 0 0 0 0 0 0 0 0 0 0 0 0 0 0 0 0 0 0 0 0 0 0 0 0 0 0 0 0 0 0 0 0 0 0 0 0 0 0 0 0 0 0 0 0 0 0 0 0 0 0 0 0 0 0 0 0 0 0 131986043 0 0 0
ctxt 289647074
btime 1669654930
processes 439976
procs_running 1
procs_blocked 0
softirq 377333626 260475650 23477695 638462 13623585 296767 0 41749352 27478836 557 9592722

cpu  546690 32099 1148935 450923392 93750 0 1114440 0 0 0
cpu0 93223 9522 161383 112909346 25600 0 248703 0 0 0
cpu1 237583 10210 634335 112099218 19031 0 347832 0 0 0
cpu2 110864 2833 185798 112961592 25268 0 270541 0 0 0
cpu3 105018 9534 167417 112953234 23850 0 247363 0 0 0
intr 10007588054 0 0 2233130 81 0 567928 23443112 0 0 0 7957853 0 0 0 0 0 0 0 0 0 0 0 0 0 0 0 0 0 0 0 0 0 0 0 0 0 0 0 0 0 0 0 0 0 0 0 0 0 0 0 0 777910473 0 0 0 0 0 0 0 0 422487 0 296799 0 0 0 0 0 0 0 0 0 0 0 461307879 1 0 0 0 0 0 0 0 0 0 0 0 0 0 0 0 0 0 0 0 0 0 0 289014 4219 0 0 0 0 11233943 0 0 0 0 0 0 0 0 0 0 0 0 0 0 0 0 0 0 0 0 0 0 0 0 0 0 0 0 0 0 0 0 0 0 0 0 0 0 0 0 0 0 0 0 0 0 0 0 0 0 0 0 0 0 0 0 0 0 0 0 0 0 0 0 0 0 0 0 0 0 0 0 0 0 0 131986544 0 0 0
ctxt 289648127
btime 1669654930
processes 439976
procs_running 1
procs_blocked 0
softirq 377333715 260475650 23477710 638462 13623588 296767 0 41749383 27478864 557 9592734

cpu  546690 32099 1148938 450923585 93750 0 1114440 0 0 0
cpu0 93223 9522 161383 112909395 25600 0 248703 0 0 0
cpu1 237583 10210 634338 112099263 19031 0 347832 0 0 0
cpu2 110865 2833 185798 112961641 25268 0 270541 0 0 0
cpu3 105018 9534 167417 112953284 23850 0 247363 0 0 0
intr 10007592785 0 0 2233134 81 0 567928 23443144 0 0 0 7957858 0 0 0 0 0 0 0 0 0 0 0 0 0 0 0 0 0 0 0 0 0 0 0 0 0 0 0 0 0 0 0 0 0 0 0 0 0 0 0 0 777914492 0 0 0 0 0 0 0 0 422488 0 296799 0 0 0 0 0 0 0 0 0 0 0 461308031 1 0 0 0 0 0 0 0 0 0 0 0 0 0 0 0 0 0 0 0 0 0 0 289014 4219 0 0 0 0 11233966 0 0 0 0 0 0 0 0 0 0 0 0 0 0 0 0 0 0 0 0 0 0 0 0 0 0 0 0 0 0 0 0 0 0 0 0 0 0 0 0 0 0 0 0 0 0 0 0 0 0 0 0 0 0 0 0 0 0 0 0 0 0 0 0 0 0 0 0 0 0 0 0 0 0 0 131987039 0 0 0
ctxt 289649150
btime 1669654930
processes 439976
procs_running 1
procs_blocked 0
softirq 377333800 260475658 23477724 638462 13623590 296767 0 41749403 27478892 557 9592747

cpu  546691 32099 1148941 450923778 93750 0 1114440 0 0 0
cpu0 93223 9522 161384 112909445 25600 0 248703 0 0 0
cpu1 237583 10210 634340 112099309 19031 0 347832 0 0 0
cpu2 110865 2833 185799 112961690 25268 0 270541 0 0 0
cpu3 105018 9534 167417 112953333 23850 0 247363 0 0 0
intr 10007597454 0 0 2233134 81 0 567928 23443168 0 0 0 7957863 0 0 0 0 0 0 0 0 0 0 0 0 0 0 0 0 0 0 0 0 0 0 0 0 0 0 0 0 0 0 0 0 0 0 0 0 0 0 0 0 777918495 0 0 0 0 0 0 0 0 422489 0 296799 0 0 0 0 0 0 0 0 0 0 0 461308159 1 0 0 0 0 0 0 0 0 0 0 0 0 0 0 0 0 0 0 0 0 0 0 289014 4219 0 0 0 0 11233981 0 0 0 0 0 0 0 0 0 0 0 0 0 0 0 0 0 0 0 0 0 0 0 0 0 0 0 0 0 0 0 0 0 0 0 0 0 0 0 0 0 0 0 0 0 0 0 0 0 0 0 0 0 0 0 0 0 0 0 0 0 0 0 0 0 0 0 0 0 0 0 0 0 0 0 131987531 0 0 0
ctxt 289650148
btime 1669654930
processes 439976
procs_running 1
procs_blocked 0
softirq 377333865 260475658 23477737 638462 13623591 296767 0 41749417 27478916 557 9592760

cpu  546692 32099 1148943 450923971 93750 0 1114440 0 0 0
cpu0 93224 9522 161384 112909494 25600 0 248703 0 0 0
cpu1 237583 10210 634342 112099355 19031 0 347832 0 0 0
cpu2 110866 2833 185799 112961739 25268 0 270541 0 0 0
cpu3 105018 9534 167417 112953382 23850 0 247363 0 0 0
intr 10007602241 0 0 2233139 81 0 567928 23443220 0 0 0 7957868 0 0 0 0 0 0 0 0 0 0 0 0 0 0 0 0 0 0 0 0 0 0 0 0 0 0 0 0 0 0 0 0 0 0 0 0 0 0 0 0 777922522 0 0 0 0 0 0 0 0 422490 0 296799 0 0 0 0 0 0 0 0 0 0 0 461308311 1 0 0 0 0 0 0 0 0 0 0 0 0 0 0 0 0 0 0 0 0 0 0 289014 4219 0 0 0 0 11234027 0 0 0 0 0 0 0 0 0 0 0 0 0 0 0 0 0 0 0 0 0 0 0 0 0 0 0 0 0 0 0 0 0 0 0 0 0 0 0 0 0 0 0 0 0 0 0 0 0 0 0 0 0 0 0 0 0 0 0 0 0 0 0 0 0 0 0 0 0 0 0 0 0 0 0 131988032 0 0 0
ctxt 289651216
btime 1669654930
processes 439976
procs_running 2
procs_blocked 0
softirq 377333971 260475666 23477752 638462 13623595 296767 0 41749455 27478945 557 9592772

cpu  546694 32099 1148946 450924163 93750 0 1114440 0 0 0
cpu0 93224 9522 161384 112909542 25600 0 248703 0 0 0
cpu1 237584 10210 634344 112099401 19031 0 347832 0 0 0
cpu2 110866 2833 185799 112961787 25268 0 270541 0 0 0
cpu3 105018 9534 167417 112953432 23850 0 247363 0 0 0
intr 10007606996 0 0 2233139 81 0 567928 23443282 0 0 0 7957873 0 0 0 0 0 0 0 0 0 0 0 0 0 0 0 0 0 0 0 0 0 0 0 0 0 0 0 0 0 0 0 0 0 0 0 0 0 0 0 0 777926518 0 0 0 0 0 0 0 0 422491 0 296799 0 0 0 0 0 0 0 0 0 0 0 461308441 1 0 0 0 0 0 0 0 0 0 0 0 0 0 0 0 0 0 0 0 0 0 0 289014 4219 0 0 0 0 11234091 0 0 0 0 0 0 0 0 0 0 0 0 0 0 0 0 0 0 0 0 0 0 0 0 0 0 0 0 0 0 0 0 0 0 0 0 0 0 0 0 0 0 0 0 0 0 0 0 0 0 0 0 0 0 0 0 0 0 0 0 0 0 0 0 0 0 0 0 0 0 0 0 0 0 0 131988528 0 0 0
ctxt 289652314
btime 1669654930
processes 439976
procs_running 1
procs_blocked 0
softirq 377334089 260475666 23477768 638462 13623602 296767 0 41749508 27478975 557 9592784

cpu  546694 32099 1148948 450924356 93750 0 1114440 0 0 0
cpu0 93224 9522 161384 112909591 25600 0 248703 0 0 0
cpu1 237584 10210 634347 112099446 19031 0 347832 0 0 0
cpu2 110866 2833 185799 112961836 25268 0 270541 0 0 0
cpu3 105018 9534 167417 112953481 23850 0 247363 0 0 0
intr 10007611869 0 0 2233143 81 0 567928 23443367 0 0 0 7957878 0 0 0 0 0 0 0 0 0 0 0 0 0 0 0 0 0 0 0 0 0 0 0 0 0 0 0 0 0 0 0 0 0 0 0 0 0 0 0 0 777930550 0 0 0 0 0 0 0 0 422492 0 296799 0 0 0 0 0 0 0 0 0 0 0 461308593 1 0 0 0 0 0 0 0 0 0 0 0 0 0 0 0 0 0 0 0 0 0 0 289014 4219 0 0 0 0 11234184 0 0 0 0 0 0 0 0 0 0 0 0 0 0 0 0 0 0 0 0 0 0 0 0 0 0 0 0 0 0 0 0 0 0 0 0 0 0 0 0 0 0 0 0 0 0 0 0 0 0 0 0 0 0 0 0 0 0 0 0 0 0 0 0 0 0 0 0 0 0 0 0 0 0 0 131989032 0 0 0
ctxt 289653478
btime 1669654930
processes 439976
procs_running 4
procs_blocked 0
softirq 377334234 260475674 23477785 638462 13623611 296767 0 41749579 27479003 557 9592796

cpu  546695 32099 1148950 450924549 93750 0 1114440 0 0 0
cpu0 93224 9522 161384 112909640 25600 0 248703 0 0 0
cpu1 237584 10210 634348 112099492 19031 0 347832 0 0 0
cpu2 110867 2833 185799 112961885 25268 0 270541 0 0 0
cpu3 105018 9534 167418 112953530 23850 0 247363 0 0 0
intr 10007616561 0 0 2233147 81 0 567928 23443395 0 0 0 7957883 0 0 0 0 0 0 0 0 0 0 0 0 0 0 0 0 0 0 0 0 0 0 0 0 0 0 0 0 0 0 0 0 0 0 0 0 0 0 0 0 777934549 0 0 0 0 0 0 0 0 422493 0 296800 0 0 0 0 0 0 0 0 0 0 0 461308723 1 0 0 0 0 0 0 0 0 0 0 0 0 0 0 0 0 0 0 0 0 0 0 289015 4219 0 0 0 0 11234206 0 0 0 0 0 0 0 0 0 0 0 0 0 0 0 0 0 0 0 0 0 0 0 0 0 0 0 0 0 0 0 0 0 0 0 0 0 0 0 0 0 0 0 0 0 0 0 0 0 0 0 0 0 0 0 0 0 0 0 0 0 0 0 0 0 0 0 0 0 0 0 0 0 0 0 131989530 0 0 0
ctxt 289654493
btime 1669654930
processes 439976
procs_running 1
procs_blocked 0
softirq 377334322 260475674 23477803 638462 13623614 296768 0 41749603 27479033 557 9592808

cpu  546696 32099 1148952 450924742 93750 0 1114440 0 0 0
cpu0 93224 9522 161384 112909689 25600 0 248703 0 0 0
cpu1 237585 10210 634350 112099538 19031 0 347832 0 0 0
cpu2 110867 2833 185799 112961934 25268 0 270541 0 0 0
cpu3 105018 9534 167418 112953579 23850 0 247363 0 0 0
intr 10007621338 0 0 2233152 81 0 567928 23443445 0 0 0 7957888 0 0 0 0 0 0 0 0 0 0 0 0 0 0 0 0 0 0 0 0 0 0 0 0 0 0 0 0 0 0 0 0 0 0 0 0 0 0 0 0 777938569 0 0 0 0 0 0 0 0 422494 0 296800 0 0 0 0 0 0 0 0 0 0 0 461308875 1 0 0 0 0 0 0 0 0 0 0 0 0 0 0 0 0 0 0 0 0 0 0 289015 4219 0 0 0 0 11234252 0 0 0 0 0 0 0 0 0 0 0 0 0 0 0 0 0 0 0 0 0 0 0 0 0 0 0 0 0 0 0 0 0 0 0 0 0 0 0 0 0 0 0 0 0 0 0 0 0 0 0 0 0 0 0 0 0 0 0 0 0 0 0 0 0 0 0 0 0 0 0 0 0 0 0 131990028 0 0 0
ctxt 289655564
btime 1669654930
processes 439976
procs_running 1
procs_blocked 0
softirq 377334436 260475682 23477822 638463 13623617 296768 0 41749641 27479064 557 9592822

cpu  546697 32099 1148954 450924936 93750 0 1114440 0 0 0
cpu0 93224 9522 161384 112909739 25600 0 248703 0 0 0
cpu1 237585 10210 634352 112099583 19031 0 347832 0 0 0
cpu2 110868 2833 185799 112961983 25268 0 270541 0 0 0
cpu3 105018 9534 167418 112953629 23850 0 247363 0 0 0
intr 10007626012 0 0 2233156 81 0 567928 23443464 0 0 0 7957893 0 0 0 0 0 0 0 0 0 0 0 0 0 0 0 0 0 0 0 0 0 0 0 0 0 0 0 0 0 0 0 0 0 0 0 0 0 0 0 0 777942573 0 0 0 0 0 0 0 0 422495 0 296800 0 0 0 0 0 0 0 0 0 0 0 461309005 1 0 0 0 0 0 0 0 0 0 0 0 0 0 0 0 0 0 0 0 0 0 0 289015 4219 0 0 0 0 11234267 0 0 0 0 0 0 0 0 0 0 0 0 0 0 0 0 0 0 0 0 0 0 0 0 0 0 0 0 0 0 0 0 0 0 0 0 0 0 0 0 0 0 0 0 0 0 0 0 0 0 0 0 0 0 0 0 0 0 0 0 0 0 0 0 0 0 0 0 0 0 0 0 0 0 0 131990524 0 0 0
ctxt 289656552
btime 1669654930
processes 439976
procs_running 1
procs_blocked 0
softirq 377334508 260475682 23477837 638463 13623618 296768 0 41749654 27479094 557 9592835

cpu  546698 32099 1148957 450925128 93750 0 1114440 0 0 0
cpu0 93224 9522 161384 112909788 25600 0 248703 0 0 0
cpu1 237586 10210 634355 112099629 19031 0 347832 0 0 0
cpu2 110868 2833 185799 112962032 25268 0 270541 0 0 0
cpu3 105018 9534 167418 112953678 23850 0 247363 0 0 0
intr 10007630781 0 0 2233162 81 0 567929 23443510 0 0 0 7957898 0 0 0 0 0 0 0 0 0 0 0 0 0 0 0 0 0 0 0 0 0 0 0 0 0 0 0 0 0 0 0 0 0 0 0 0 0 0 0 0 777946594 0 0 0 0 0 0 0 0 422496 0 296800 0 0 0 0 0 0 0 0 0 0 0 461309157 1 0 0 0 0 0 0 0 0 0 0 0 0 0 0 0 0 0 0 0 0 0 0 289015 4219 0 0 0 0 11234305 0 0 0 0 0 0 0 0 0 0 0 0 0 0 0 0 0 0 0 0 0 0 0 0 0 0 0 0 0 0 0 0 0 0 0 0 0 0 0 0 0 0 0 0 0 0 0 0 0 0 0 0 0 0 0 0 0 0 0 0 0 0 0 0 0 0 0 0 0 0 0 0 0 0 0 131991022 0 0 0
ctxt 289657607
btime 1669654930
processes 439976
procs_running 1
procs_blocked 0
softirq 377334611 260475690 23477854 638463 13623621 296768 0 41749687 27479124 557 9592847

cpu  546699 32099 1148961 450925322 93750 0 1114440 0 0 0
cpu0 93224 9522 161384 112909837 25600 0 248703 0 0 0
cpu1 237586 10210 634358 112099675 19031 0 347832 0 0 0
cpu2 110869 2833 185799 112962081 25268 0 270541 0 0 0
cpu3 105018 9534 167418 112953727 23850 0 247363 0 0 0
intr 10007635489 0 0 2233168 81 0 567929 23443544 0 0 0 7957903 0 0 0 0 0 0 0 0 0 0 0 0 0 0 0 0 0 0 0 0 0 0 0 0 0 0 0 0 0 0 0 0 0 0 0 0 0 0 0 0 777950598 0 0 0 0 0 0 0 0 422497 0 296800 0 0 0 0 0 0 0 0 0 0 0 461309287 1 0 0 0 0 0 0 0 0 0 0 0 0 0 0 0 0 0 0 0 0 0 0 289015 4219 0 0 0 0 11234329 0 0 0 0 0 0 0 0 0 0 0 0 0 0 0 0 0 0 0 0 0 0 0 0 0 0 0 0 0 0 0 0 0 0 0 0 0 0 0 0 0 0 0 0 0 0 0 0 0 0 0 0 0 0 0 0 0 0 0 0 0 0 0 0 0 0 0 0 0 0 0 0 0 0 0 131991527 0 0 0
ctxt 289658626
btime 1669654930
processes 439976
procs_running 1
procs_blocked 0
softirq 377334690 260475690 23477869 638463 13623622 296768 0 41749707 27479154 557 9592860

cpu  546699 32099 1148964 450925515 93750 0 1114440 0 0 0
cpu0 93224 9522 161384 112909886 25600 0 248703 0 0 0
cpu1 237586 10210 634361 112099721 19031 0 347832 0 0 0
cpu2 110869 2833 185800 112962130 25268 0 270541 0 0 0
cpu3 105018 9534 167418 112953777 23850 0 247363 0 0 0
intr 10007640214 0 0 2233173 81 0 567929 23443572 0 0 0 7957908 0 0 0 0 0 0 0 0 0 0 0 0 0 0 0 0 0 0 0 0 0 0 0 0 0 0 0 0 0 0 0 0 0 0 0 0 0 0 0 0 777954620 0 0 0 0 0 0 0 0 422498 0 296800 0 0 0 0 0 0 0 0 0 0 0 461309439 1 0 0 0 0 0 0 0 0 0 0 0 0 0 0 0 0 0 0 0 0 0 0 289015 4219 0 0 0 0 11234344 0 0 0 0 0 0 0 0 0 0 0 0 0 0 0 0 0 0 0 0 0 0 0 0 0 0 0 0 0 0 0 0 0 0 0 0 0 0 0 0 0 0 0 0 0 0 0 0 0 0 0 0 0 0 0 0 0 0 0 0 0 0 0 0 0 0 0 0 0 0 0 0 0 0 0 131992023 0 0 0
ctxt 289659643
btime 1669654930
processes 439976
procs_running 1
procs_blocked 0
softirq 377334768 260475698 23477884 638463 13623623 296768 0 41749722 27479181 557 9592872

cpu  546700 32099 1148965 450925709 93750 0 1114440 0 0 0
cpu0 93224 9522 161384 112909935 25600 0 248703 0 0 0
cpu1 237586 10210 634362 112099767 19031 0 347832 0 0 0
cpu2 110869 2833 185800 112962179 25268 0 270541 0 0 0
cpu3 105019 9534 167418 112953826 23850 0 247363 0 0 0
intr 10007644920 0 0 2233177 81 0 567929 23443607 0 0 0 7957913 0 0 0 0 0 0 0 0 0 0 0 0 0 0 0 0 0 0 0 0 0 0 0 0 0 0 0 0 0 0 0 0 0 0 0 0 0 0 0 0 777958624 0 0 0 0 0 0 0 0 422499 0 296800 0 0 0 0 0 0 0 0 0 0 0 461309569 1 0 0 0 0 0 0 0 0 0 0 0 0 0 0 0 0 0 0 0 0 0 0 289015 4219 0 0 0 0 11234377 0 0 0 0 0 0 0 0 0 0 0 0 0 0 0 0 0 0 0 0 0 0 0 0 0 0 0 0 0 0 0 0 0 0 0 0 0 0 0 0 0 0 0 0 0 0 0 0 0 0 0 0 0 0 0 0 0 0 0 0 0 0 0 0 0 0 0 0 0 0 0 0 0 0 0 131992518 0 0 0
ctxt 289660672
btime 1669654930
processes 439976
procs_running 1
procs_blocked 0
softirq 377334850 260475698 23477901 638463 13623625 296768 0 41749748 27479206 557 9592884

cpu  546700 32099 1148967 450925902 93750 0 1114440 0 0 0
cpu0 93224 9522 161384 112909984 25600 0 248703 0 0 0
cpu1 237586 10210 634364 112099813 19031 0 347832 0 0 0
cpu2 110869 2833 185800 112962228 25268 0 270541 0 0 0
cpu3 105019 9534 167418 112953875 23850 0 247363 0 0 0
intr 10007649641 0 0 2233181 81 0 567929 23443638 0 0 0 7957918 0 0 0 0 0 0 0 0 0 0 0 0 0 0 0 0 0 0 0 0 0 0 0 0 0 0 0 0 0 0 0 0 0 0 0 0 0 0 0 0 777962643 0 0 0 0 0 0 0 0 422500 0 296800 0 0 0 0 0 0 0 0 0 0 0 461309721 1 0 0 0 0 0 0 0 0 0 0 0 0 0 0 0 0 0 0 0 0 0 0 289015 4219 0 0 0 0 11234392 0 0 0 0 0 0 0 0 0 0 0 0 0 0 0 0 0 0 0 0 0 0 0 0 0 0 0 0 0 0 0 0 0 0 0 0 0 0 0 0 0 0 0 0 0 0 0 0 0 0 0 0 0 0 0 0 0 0 0 0 0 0 0 0 0 0 0 0 0 0 0 0 0 0 0 131993012 0 0 0
ctxt 289661681
btime 1669654930
processes 439976
procs_running 1
procs_blocked 0
softirq 377334934 260475706 23477918 638463 13623626 296768 0 41749763 27479236 557 9592897

cpu  546701 32099 1148969 450926096 93750 0 1114440 0 0 0
cpu0 93224 9522 161384 112910034 25600 0 248703 0 0 0
cpu1 237586 10210 634366 112099859 19031 0 347832 0 0 0
cpu2 110869 2833 185800 112962278 25268 0 270541 0 0 0
cpu3 105020 9534 167418 112953924 23850 0 247363 0 0 0
intr 10007654336 0 0 2233185 81 0 567929 23443670 0 0 0 7957923 0 0 0 0 0 0 0 0 0 0 0 0 0 0 0 0 0 0 0 0 0 0 0 0 0 0 0 0 0 0 0 0 0 0 0 0 0 0 0 0 777966647 0 0 0 0 0 0 0 0 422501 0 296800 0 0 0 0 0 0 0 0 0 0 0 461309851 1 0 0 0 0 0 0 0 0 0 0 0 0 0 0 0 0 0 0 0 0 0 0 289015 4219 0 0 0 0 11234416 0 0 0 0 0 0 0 0 0 0 0 0 0 0 0 0 0 0 0 0 0 0 0 0 0 0 0 0 0 0 0 0 0 0 0 0 0 0 0 0 0 0 0 0 0 0 0 0 0 0 0 0 0 0 0 0 0 0 0 0 0 0 0 0 0 0 0 0 0 0 0 0 0 0 0 131993507 0 0 0
ctxt 289662686
btime 1669654930
processes 439976
procs_running 1
procs_blocked 0
softirq 377335009 260475706 23477933 638463 13623628 296768 0 41749784 27479262 557 9592908

cpu  546701 32099 1148969 450926288 93750 0 1114441 0 0 0
cpu0 93224 9522 161384 112910082 25600 0 248703 0 0 0
cpu1 237586 10210 634366 112099904 19031 0 347832 0 0 0
cpu2 110869 2833 185800 112962327 25268 0 270541 0 0 0
cpu3 105020 9534 167418 112953973 23850 0 247363 0 0 0
intr 10007659099 0 0 2233190 81 0 567929 23443716 0 0 0 7957928 0 0 0 0 0 0 0 0 0 0 0 0 0 0 0 0 0 0 0 0 0 0 0 0 0 0 0 0 0 0 0 0 0 0 0 0 0 0 0 0 777970666 0 0 0 0 0 0 0 0 422502 0 296800 0 0 0 0 0 0 0 0 0 0 0 461310003 1 0 0 0 0 0 0 0 0 0 0 0 0 0 0 0 0 0 0 0 0 0 0 289015 4219 0 0 0 0 11234454 0 0 0 0 0 0 0 0 0 0 0 0 0 0 0 0 0 0 0 0 0 0 0 0 0 0 0 0 0 0 0 0 0 0 0 0 0 0 0 0 0 0 0 0 0 0 0 0 0 0 0 0 0 0 0 0 0 0 0 0 0 0 0 0 0 0 0 0 0 0 0 0 0 0 0 131994003 0 0 0
ctxt 289663744
btime 1669654930
processes 439976
procs_running 1
procs_blocked 0
softirq 377335109 260475714 23477951 638463 13623631 296768 0 41749815 27479289 557 9592921

cpu  546702 32099 1148972 450926482 93750 0 1114441 0 0 0
cpu0 93224 9522 161385 112910132 25600 0 248703 0 0 0
cpu1 237587 10210 634368 112099950 19031 0 347832 0 0 0
cpu2 110869 2833 185800 112962377 25268 0 270541 0 0 0
cpu3 105020 9534 167418 112954022 23850 0 247363 0 0 0
intr 10007663788 0 0 2233198 81 0 567929 23443740 0 0 0 7957933 0 0 0 0 0 0 0 0 0 0 0 0 0 0 0 0 0 0 0 0 0 0 0 0 0 0 0 0 0 0 0 0 0 0 0 0 0 0 0 0 777974670 0 0 0 0 0 0 0 0 422503 0 296800 0 0 0 0 0 0 0 0 0 0 0 461310133 1 0 0 0 0 0 0 0 0 0 0 0 0 0 0 0 0 0 0 0 0 0 0 289015 4219 0 0 0 0 11234469 0 0 0 0 0 0 0 0 0 0 0 0 0 0 0 0 0 0 0 0 0 0 0 0 0 0 0 0 0 0 0 0 0 0 0 0 0 0 0 0 0 0 0 0 0 0 0 0 0 0 0 0 0 0 0 0 0 0 0 0 0 0 0 0 0 0 0 0 0 0 0 0 0 0 0 131994506 0 0 0
ctxt 289664745
btime 1669654930
processes 439976
procs_running 1
procs_blocked 0
softirq 377335179 260475714 23477966 638463 13623632 296768 0 41749828 27479318 557 9592933

cpu  546704 32099 1148972 450926675 93750 0 1114441 0 0 0
cpu0 93224 9522 161385 112910180 25600 0 248703 0 0 0
cpu1 237588 10210 634369 112099996 19031 0 347832 0 0 0
cpu2 110869 2833 185800 112962426 25268 0 270541 0 0 0
cpu3 105021 9534 167418 112954071 23850 0 247363 0 0 0
intr 10007668510 0 0 2233202 81 0 567929 23443771 0 0 0 7957938 0 0 0 0 0 0 0 0 0 0 0 0 0 0 0 0 0 0 0 0 0 0 0 0 0 0 0 0 0 0 0 0 0 0 0 0 0 0 0 0 777978686 0 0 0 0 0 0 0 0 422504 0 296800 0 0 0 0 0 0 0 0 0 0 0 461310285 1 0 0 0 0 0 0 0 0 0 0 0 0 0 0 0 0 0 0 0 0 0 0 289015 4219 0 0 0 0 11234489 0 0 0 0 0 0 0 0 0 0 0 0 0 0 0 0 0 0 0 0 0 0 0 0 0 0 0 0 0 0 0 0 0 0 0 0 0 0 0 0 0 0 0 0 0 0 0 0 0 0 0 0 0 0 0 0 0 0 0 0 0 0 0 0 0 0 0 0 0 0 0 0 0 0 0 131994998 0 0 0
ctxt 289665761
btime 1669654930
processes 439976
procs_running 1
procs_blocked 0
softirq 377335264 260475722 23477983 638464 13623633 296768 0 41749848 27479343 557 9592946

cpu  546704 32099 1148975 450926869 93750 0 1114441 0 0 0
cpu0 93224 9522 161386 112910230 25600 0 248703 0 0 0
cpu1 237588 10210 634371 112100042 19031 0 347832 0 0 0
cpu2 110869 2833 185800 112962476 25268 0 270541 0 0 0
cpu3 105021 9534 167418 112954120 23850 0 247363 0 0 0
intr 10007673194 0 0 2233206 81 0 567929 23443796 0 0 0 7957943 0 0 0 0 0 0 0 0 0 0 0 0 0 0 0 0 0 0 0 0 0 0 0 0 0 0 0 0 0 0 0 0 0 0 0 0 0 0 0 0 777982690 0 0 0 0 0 0 0 0 422505 0 296800 0 0 0 0 0 0 0 0 0 0 0 461310415 1 0 0 0 0 0 0 0 0 0 0 0 0 0 0 0 0 0 0 0 0 0 0 289015 4219 0 0 0 0 11234504 0 0 0 0 0 0 0 0 0 0 0 0 0 0 0 0 0 0 0 0 0 0 0 0 0 0 0 0 0 0 0 0 0 0 0 0 0 0 0 0 0 0 0 0 0 0 0 0 0 0 0 0 0 0 0 0 0 0 0 0 0 0 0 0 0 0 0 0 0 0 0 0 0 0 0 131995498 0 0 0
ctxt 289666757
btime 1669654930
processes 439976
procs_running 1
procs_blocked 0
softirq 377335331 260475722 23477997 638464 13623634 296768 0 41749861 27479370 557 9592958
