cpu  816997 36845 1370303 506059365 109026 0 2557581 0 0 0
cpu0 111005 9541 191802 126774680 29630 0 601155 0 0 0
cpu1 447247 10657 758561 125637126 22368 0 733465 0 0 0
cpu2 131524 2862 220254 126828760 29480 0 626789 0 0 0
cpu3 127220 13783 199685 126818797 27546 0 596171 0 0 0
intr 11605629701 0 0 2562242 81 0 699939 31764298 0 0 0 9030135 0 0 0 0 0 0 0 0 0 0 0 0 0 0 0 0 0 0 0 0 0 0 0 0 0 0 0 0 0 0 0 0 0 0 0 0 0 0 0 0 2109775217 0 0 0 0 0 0 0 0 741658 0 408675 0 0 0 0 0 0 0 0 0 0 0 667838091 1 0 0 0 0 0 0 0 0 0 0 0 0 0 0 0 0 0 0 0 0 0 0 400910 4219 0 0 0 0 16811159 0 0 0 0 0 0 0 0 0 0 0 0 0 0 0 0 0 0 0 0 0 0 0 0 0 0 0 0 0 0 0 0 0 0 0 0 0 0 0 0 0 0 0 0 0 0 0 0 0 0 0 0 0 0 0 0 0 0 0 0 0 0 0 0 0 0 0 0 0 0 0 0 0 0 0 175658485 0 0 0
ctxt 374896807
btime 1669654930
processes 529155
procs_running 2
procs_blocked 0
softirq 851924270 596046402 29766149 731865 62191716 408606 0 103084505 38335200 588 21359239

cpu  816997 36845 1370304 506059560 109026 0 2557581 0 0 0
cpu0 111005 9541 191803 126774729 29630 0 601155 0 0 0
cpu1 447247 10657 758561 125637175 22368 0 733465 0 0 0
cpu2 131524 2862 220254 126828809 29480 0 626789 0 0 0
cpu3 127220 13783 199685 126818846 27546 0 596171 0 0 0
intr 11605634034 0 0 2562245 81 0 699942 31764341 0 0 0 9030139 0 0 0 0 0 0 0 0 0 0 0 0 0 0 0 0 0 0 0 0 0 0 0 0 0 0 0 0 0 0 0 0 0 0 0 0 0 0 0 0 2109779245 0 0 0 0 0 0 0 0 741659 0 408675 0 0 0 0 0 0 0 0 0 0 0 667838243 1 0 0 0 0 0 0 0 0 0 0 0 0 0 0 0 0 0 0 0 0 0 0 400910 4219 0 0 0 0 16811181 0 0 0 0 0 0 0 0 0 0 0 0 0 0 0 0 0 0 0 0 0 0 0 0 0 0 0 0 0 0 0 0 0 0 0 0 0 0 0 0 0 0 0 0 0 0 0 0 0 0 0 0 0 0 0 0 0 0 0 0 0 0 0 0 0 0 0 0 0 0 0 0 0 0 0 175658562 0 0 0
ctxt 374896952
btime 1669654930
processes 529157
procs_running 1
procs_blocked 0
softirq 851924409 596046410 29766169 731865 62191717 408606 0 103084526 38335245 588 21359283

cpu  816998 36845 1370304 506059757 109026 0 2557581 0 0 0
cpu0 111005 9541 191803 126774778 29630 0 601155 0 0 0
cpu1 447247 10657 758561 125637224 22368 0 733465 0 0 0
cpu2 131524 2862 220254 126828859 29480 0 626789 0 0 0
cpu3 127221 13783 199685 126818895 27546 0 596171 0 0 0
intr 11605638280 0 0 2562245 81 0 699942 31764380 0 0 0 9030143 0 0 0 0 0 0 0 0 0 0 0 0 0 0 0 0 0 0 0 0 0 0 0 0 0 0 0 0 0 0 0 0 0 0 0 0 0 0 0 0 2109783249 0 0 0 0 0 0 0 0 741660 0 408675 0 0 0 0 0 0 0 0 0 0 0 667838369 1 0 0 0 0 0 0 0 0 0 0 0 0 0 0 0 0 0 0 0 0 0 0 400910 4219 0 0 0 0 16811220 0 0 0 0 0 0 0 0 0 0 0 0 0 0 0 0 0 0 0 0 0 0 0 0 0 0 0 0 0 0 0 0 0 0 0 0 0 0 0 0 0 0 0 0 0 0 0 0 0 0 0 0 0 0 0 0 0 0 0 0 0 0 0 0 0 0 0 0 0 0 0 0 0 0 0 175658595 0 0 0
ctxt 374897082
btime 1669654930
processes 529157
procs_running 1
procs_blocked 0
softirq 851924494 596046410 29766188 731865 62191720 408606 0 103084559 38335265 588 21359293

cpu  816998 36845 1370305 506059954 109026 0 2557581 0 0 0
cpu0 111005 9541 191803 126774827 29630 0 601155 0 0 0
cpu1 447247 10657 758561 125637274 22368 0 733465 0 0 0
cpu2 131524 2862 220255 126828908 29480 0 626789 0 0 0
cpu3 127221 13783 199686 126818944 27546 0 596171 0 0 0
intr 11605642574 0 0 2562245 81 0 699942 31764420 0 0 0 9030147 0 0 0 0 0 0 0 0 0 0 0 0 0 0 0 0 0 0 0 0 0 0 0 0 0 0 0 0 0 0 0 0 0 0 0 0 0 0 0 0 2109787268 0 0 0 0 0 0 0 0 741662 0 408675 0 0 0 0 0 0 0 0 0 0 0 667838521 1 0 0 0 0 0 0 0 0 0 0 0 0 0 0 0 0 0 0 0 0 0 0 400910 4219 0 0 0 0 16811263 0 0 0 0 0 0 0 0 0 0 0 0 0 0 0 0 0 0 0 0 0 0 0 0 0 0 0 0 0 0 0 0 0 0 0 0 0 0 0 0 0 0 0 0 0 0 0 0 0 0 0 0 0 0 0 0 0 0 0 0 0 0 0 0 0 0 0 0 0 0 0 0 0 0 0 175658629 0 0 0
ctxt 374897221
btime 1669654930
processes 529157
procs_running 1
procs_blocked 0
softirq 851924591 596046418 29766205 731865 62191724 408606 0 103084595 38335287 588 21359303

cpu  816998 36845 1370305 506060151 109026 0 2557581 0 0 0
cpu0 111005 9541 191803 126774877 29630 0 601155 0 0 0
cpu1 447247 10657 758561 125637323 22368 0 733465 0 0 0
cpu2 131524 2862 220255 126828957 29480 0 626789 0 0 0
cpu3 127221 13783 199686 126818992 27546 0 596171 0 0 0
intr 11605646793 0 0 2562245 81 0 699942 31764446 0 0 0 9030151 0 0 0 0 0 0 0 0 0 0 0 0 0 0 0 0 0 0 0 0 0 0 0 0 0 0 0 0 0 0 0 0 0 0 0 0 0 0 0 0 2109791272 0 0 0 0 0 0 0 0 741663 0 408675 0 0 0 0 0 0 0 0 0 0 0 667838649 1 0 0 0 0 0 0 0 0 0 0 0 0 0 0 0 0 0 0 0 0 0 0 400910 4219 0 0 0 0 16811285 0 0 0 0 0 0 0 0 0 0 0 0 0 0 0 0 0 0 0 0 0 0 0 0 0 0 0 0 0 0 0 0 0 0 0 0 0 0 0 0 0 0 0 0 0 0 0 0 0 0 0 0 0 0 0 0 0 0 0 0 0 0 0 0 0 0 0 0 0 0 0 0 0 0 0 175658663 0 0 0
ctxt 374897323
btime 1669654930
processes 529157
procs_running 1
procs_blocked 0
softirq 851924658 596046418 29766222 731865 62191726 408606 0 103084614 38335307 588 21359312

cpu  816998 36845 1370305 506060348 109026 0 2557582 0 0 0
cpu0 111005 9541 191803 126774926 29630 0 601155 0 0 0
cpu1 447247 10657 758561 125637372 22368 0 733465 0 0 0
cpu2 131524 2862 220255 126829006 29480 0 626789 0 0 0
cpu3 127222 13783 199686 126819041 27546 0 596172 0 0 0
intr 11605651042 0 0 2562246 81 0 699942 31764470 0 0 0 9030155 0 0 0 0 0 0 0 0 0 0 0 0 0 0 0 0 0 0 0 0 0 0 0 0 0 0 0 0 0 0 0 0 0 0 0 0 0 0 0 0 2109795292 0 0 0 0 0 0 0 0 741664 0 408675 0 0 0 0 0 0 0 0 0 0 0 667838802 1 0 0 0 0 0 0 0 0 0 0 0 0 0 0 0 0 0 0 0 0 0 0 400910 4219 0 0 0 0 16811300 0 0 0 0 0 0 0 0 0 0 0 0 0 0 0 0 0 0 0 0 0 0 0 0 0 0 0 0 0 0 0 0 0 0 0 0 0 0 0 0 0 0 0 0 0 0 0 0 0 0 0 0 0 0 0 0 0 0 0 0 0 0 0 0 0 0 0 0 0 0 0 0 0 0 0 175658694 0 0 0
ctxt 374897420
btime 1669654930
processes 529157
procs_running 1
procs_blocked 0
softirq 851924726 596046426 29766239 731865 62191727 408606 0 103084628 38335326 588 21359321

cpu  816999 36845 1370305 506060545 109026 0 2557582 0 0 0
cpu0 111005 9541 191803 126774976 29630 0 601155 0 0 0
cpu1 447247 10657 758561 125637422 22368 0 733465 0 0 0
cpu2 131524 2862 220255 126829056 29480 0 626789 0 0 0
cpu3 127222 13783 199686 126819090 27546 0 596172 0 0 0
intr 11605655245 0 0 2562246 81 0 699942 31764491 0 0 0 9030159 0 0 0 0 0 0 0 0 0 0 0 0 0 0 0 0 0 0 0 0 0 0 0 0 0 0 0 0 0 0 0 0 0 0 0 0 0 0 0 0 2109799295 0 0 0 0 0 0 0 0 741665 0 408675 0 0 0 0 0 0 0 0 0 0 0 667838930 1 0 0 0 0 0 0 0 0 0 0 0 0 0 0 0 0 0 0 0 0 0 0 400910 4219 0 0 0 0 16811315 0 0 0 0 0 0 0 0 0 0 0 0 0 0 0 0 0 0 0 0 0 0 0 0 0 0 0 0 0 0 0 0 0 0 0 0 0 0 0 0 0 0 0 0 0 0 0 0 0 0 0 0 0 0 0 0 0 0 0 0 0 0 0 0 0 0 0 0 0 0 0 0 0 0 0 175658724 0 0 0
ctxt 374897509
btime 1669654930
processes 529157
procs_running 1
procs_blocked 0
softirq 851924788 596046426 29766256 731866 62191728 408606 0 103084642 38335345 588 21359331

cpu  816999 36845 1370306 506060742 109026 0 2557582 0 0 0
cpu0 111005 9541 191803 126775025 29630 0 601155 0 0 0
cpu1 447247 10657 758561 125637471 22368 0 733465 0 0 0
cpu2 131524 2862 220255 126829105 29480 0 626789 0 0 0
cpu3 127222 13783 199686 126819139 27546 0 596172 0 0 0
intr 11605659496 0 0 2562246 81 0 699942 31764515 0 0 0 9030163 0 0 0 0 0 0 0 0 0 0 0 0 0 0 0 0 0 0 0 0 0 0 0 0 0 0 0 0 0 0 0 0 0 0 0 0 0 0 0 0 2109803316 0 0 0 0 0 0 0 0 741666 0 408675 0 0 0 0 0 0 0 0 0 0 0 667839083 1 0 0 0 0 0 0 0 0 0 0 0 0 0 0 0 0 0 0 0 0 0 0 400910 4219 0 0 0 0 16811330 0 0 0 0 0 0 0 0 0 0 0 0 0 0 0 0 0 0 0 0 0 0 0 0 0 0 0 0 0 0 0 0 0 0 0 0 0 0 0 0 0 0 0 0 0 0 0 0 0 0 0 0 0 0 0 0 0 0 0 0 0 0 0 0 0 0 0 0 0 0 0 0 0 0 0 175658758 0 0 0
ctxt 374897617
btime 1669654930
processes 529157
procs_running 1
procs_blocked 0
softirq 851924853 596046434 29766270 731866 62191729 408606 0 103084656 38335364 588 21359340

cpu  816999 36845 1370306 506060939 109026 0 2557582 0 0 0
cpu0 111005 9541 191803 126775075 29630 0 601155 0 0 0
cpu1 447247 10657 758561 125637520 22368 0 733465 0 0 0
cpu2 131524 2862 220255 126829154 29480 0 626789 0 0 0
cpu3 127222 13783 199686 126819189 27546 0 596172 0 0 0
intr 11605663690 0 0 2562246 81 0 699942 31764532 0 0 0 9030167 0 0 0 0 0 0 0 0 0 0 0 0 0 0 0 0 0 0 0 0 0 0 0 0 0 0 0 0 0 0 0 0 0 0 0 0 0 0 0 0 2109807319 0 0 0 0 0 0 0 0 741667 0 408675 0 0 0 0 0 0 0 0 0 0 0 667839211 1 0 0 0 0 0 0 0 0 0 0 0 0 0 0 0 0 0 0 0 0 0 0 400910 4219 0 0 0 0 16811345 0 0 0 0 0 0 0 0 0 0 0 0 0 0 0 0 0 0 0 0 0 0 0 0 0 0 0 0 0 0 0 0 0 0 0 0 0 0 0 0 0 0 0 0 0 0 0 0 0 0 0 0 0 0 0 0 0 0 0 0 0 0 0 0 0 0 0 0 0 0 0 0 0 0 0 175658784 0 0 0
ctxt 374897698
btime 1669654930
processes 529157
procs_running 1
procs_blocked 0
softirq 851924905 596046434 29766282 731866 62191730 408606 0 103084670 38335380 588 21359349

cpu  816999 36845 1370306 506061136 109026 0 2557582 0 0 0
cpu0 111005 9541 191803 126775124 29630 0 601155 0 0 0
cpu1 447247 10657 758561 125637569 22368 0 733465 0 0 0
cpu2 131524 2862 220255 126829204 29480 0 626789 0 0 0
cpu3 127222 13783 199686 126819238 27546 0 596172 0 0 0
intr 11605667886 0 0 2562247 81 0 699942 31764548 0 0 0 9030171 0 0 0 0 0 0 0 0 0 0 0 0 0 0 0 0 0 0 0 0 0 0 0 0 0 0 0 0 0 0 0 0 0 0 0 0 0 0 0 0 2109811315 0 0 0 0 0 0 0 0 741668 0 408675 0 0 0 0 0 0 0 0 0 0 0 667839341 1 0 0 0 0 0 0 0 0 0 0 0 0 0 0 0 0 0 0 0 0 0 0 400910 4219 0 0 0 0 16811360 0 0 0 0 0 0 0 0 0 0 0 0 0 0 0 0 0 0 0 0 0 0 0 0 0 0 0 0 0 0 0 0 0 0 0 0 0 0 0 0 0 0 0 0 0 0 0 0 0 0 0 0 0 0 0 0 0 0 0 0 0 0 0 0 0 0 0 0 0 0 0 0 0 0 0 175658817 0 0 0
ctxt 374897791
btime 1669654930
processes 529157
procs_running 1
procs_blocked 0
softirq 851924967 596046434 29766299 731866 62191731 408606 0 103084683 38335400 588 21359360

cpu  817000 36845 1370306 506061333 109026 0 2557582 0 0 0
cpu0 111005 9541 191803 126775173 29630 0 601155 0 0 0
cpu1 447247 10657 758561 125637618 22368 0 733465 0 0 0
cpu2 131524 2862 220255 126829253 29480 0 626789 0 0 0
cpu3 127223 13783 199686 126819287 27546 0 596172 0 0 0
intr 11605672137 0 0 2562247 81 0 699942 31764571 0 0 0 9030175 0 0 0 0 0 0 0 0 0 0 0 0 0 0 0 0 0 0 0 0 0 0 0 0 0 0 0 0 0 0 0 0 0 0 0 0 0 0 0 0 2109815342 0 0 0 0 0 0 0 0 741669 0 408675 0 0 0 0 0 0 0 0 0 0 0 667839493 1 0 0 0 0 0 0 0 0 0 0 0 0 0 0 0 0 0 0 0 0 0 0 400910 4219 0 0 0 0 16811375 0 0 0 0 0 0 0 0 0 0 0 0 0 0 0 0 0 0 0 0 0 0 0 0 0 0 0 0 0 0 0 0 0 0 0 0 0 0 0 0 0 0 0 0 0 0 0 0 0 0 0 0 0 0 0 0 0 0 0 0 0 0 0 0 0 0 0 0 0 0 0 0 0 0 0 175658845 0 0 0
ctxt 374897887
btime 1669654930
processes 529157
procs_running 1
procs_blocked 0
softirq 851925033 596046442 29766313 731866 62191732 408606 0 103084699 38335416 588 21359371

cpu  817000 36845 1370306 506061530 109026 0 2557582 0 0 0
cpu0 111005 9541 191803 126775223 29630 0 601155 0 0 0
cpu1 447247 10657 758561 125637668 22368 0 733465 0 0 0
cpu2 131524 2862 220255 126829302 29480 0 626789 0 0 0
cpu3 127223 13783 199687 126819336 27546 0 596172 0 0 0
intr 11605676330 0 0 2562247 81 0 699942 31764588 0 0 0 9030179 0 0 0 0 0 0 0 0 0 0 0 0 0 0 0 0 0 0 0 0 0 0 0 0 0 0 0 0 0 0 0 0 0 0 0 0 0 0 0 0 2109819338 0 0 0 0 0 0 0 0 741670 0 408675 0 0 0 0 0 0 0 0 0 0 0 667839623 1 0 0 0 0 0 0 0 0 0 0 0 0 0 0 0 0 0 0 0 0 0 0 400910 4219 0 0 0 0 16811390 0 0 0 0 0 0 0 0 0 0 0 0 0 0 0 0 0 0 0 0 0 0 0 0 0 0 0 0 0 0 0 0 0 0 0 0 0 0 0 0 0 0 0 0 0 0 0 0 0 0 0 0 0 0 0 0 0 0 0 0 0 0 0 0 0 0 0 0 0 0 0 0 0 0 0 175658876 0 0 0
ctxt 374897972
btime 1669654930
processes 529157
procs_running 1
procs_blocked 0
softirq 851925088 596046442 29766326 731866 62191733 408606 0 103084712 38335433 588 21359382

cpu  817000 36845 1370306 506061727 109026 0 2557582 0 0 0
cpu0 111005 9541 191803 126775272 29630 0 601155 0 0 0
cpu1 447247 10657 758561 125637717 22368 0 733465 0 0 0
cpu2 131524 2862 220255 126829352 29480 0 626789 0 0 0
cpu3 127224 13783 199687 126819385 27546 0 596172 0 0 0
intr 11605680573 0 0 2562247 81 0 699942 31764604 0 0 0 9030184 0 0 0 0 0 0 0 0 0 0 0 0 0 0 0 0 0 0 0 0 0 0 0 0 0 0 0 0 0 0 0 0 0 0 0 0 0 0 0 0 2109823366 0 0 0 0 0 0 0 0 741671 0 408675 0 0 0 0 0 0 0 0 0 0 0 667839773 1 0 0 0 0 0 0 0 0 0 0 0 0 0 0 0 0 0 0 0 0 0 0 400910 4219 0 0 0 0 16811405 0 0 0 0 0 0 0 0 0 0 0 0 0 0 0 0 0 0 0 0 0 0 0 0 0 0 0 0 0 0 0 0 0 0 0 0 0 0 0 0 0 0 0 0 0 0 0 0 0 0 0 0 0 0 0 0 0 0 0 0 0 0 0 0 0 0 0 0 0 0 0 0 0 0 0 175658904 0 0 0
ctxt 374898065
btime 1669654930
processes 529157
procs_running 1
procs_blocked 0
softirq 851925155 596046450 29766341 731866 62191734 408606 0 103084727 38335450 588 21359393

cpu  817001 36845 1370307 506061924 109026 0 2557582 0 0 0
cpu0 111005 9541 191803 126775322 29630 0 601155 0 0 0
cpu1 447247 10657 758561 125637766 22368 0 733465 0 0 0
cpu2 131524 2862 220255 126829401 29480 0 626789 0 0 0
cpu3 127224 13783 199687 126819434 27546 0 596172 0 0 0
intr 11605684768 0 0 2562248 81 0 699942 31764618 0 0 0 9030188 0 0 0 0 0 0 0 0 0 0 0 0 0 0 0 0 0 0 0 0 0 0 0 0 0 0 0 0 0 0 0 0 0 0 0 0 0 0 0 0 2109827361 0 0 0 0 0 0 0 0 741672 0 408675 0 0 0 0 0 0 0 0 0 0 0 667839903 1 0 0 0 0 0 0 0 0 0 0 0 0 0 0 0 0 0 0 0 0 0 0 400910 4219 0 0 0 0 16811420 0 0 0 0 0 0 0 0 0 0 0 0 0 0 0 0 0 0 0 0 0 0 0 0 0 0 0 0 0 0 0 0 0 0 0 0 0 0 0 0 0 0 0 0 0 0 0 0 0 0 0 0 0 0 0 0 0 0 0 0 0 0 0 0 0 0 0 0 0 0 0 0 0 0 0 175658938 0 0 0
ctxt 374898148
btime 1669654930
processes 529157
procs_running 1
procs_blocked 0
softirq 851925218 596046450 29766357 731866 62191735 408606 0 103084740 38335471 588 21359405

cpu  817001 36845 1370307 506062121 109026 0 2557582 0 0 0
cpu0 111005 9541 191803 126775371 29630 0 601155 0 0 0
cpu1 447247 10657 758561 125637815 22368 0 733465 0 0 0
cpu2 131524 2862 220255 126829450 29480 0 626789 0 0 0
cpu3 127224 13783 199687 126819483 27546 0 596172 0 0 0
intr 11605689023 0 0 2562248 81 0 699942 31764641 0 0 0 9030191 0 0 0 0 0 0 0 0 0 0 0 0 0 0 0 0 0 0 0 0 0 0 0 0 0 0 0 0 0 0 0 0 0 0 0 0 0 0 0 0 2109831391 0 0 0 0 0 0 0 0 741673 0 408675 0 0 0 0 0 0 0 0 0 0 0 667840053 1 0 0 0 0 0 0 0 0 0 0 0 0 0 0 0 0 0 0 0 0 0 0 400910 4219 0 0 0 0 16811435 0 0 0 0 0 0 0 0 0 0 0 0 0 0 0 0 0 0 0 0 0 0 0 0 0 0 0 0 0 0 0 0 0 0 0 0 0 0 0 0 0 0 0 0 0 0 0 0 0 0 0 0 0 0 0 0 0 0 0 0 0 0 0 0 0 0 0 0 0 0 0 0 0 0 0 175658971 0 0 0
ctxt 374898255
btime 1669654930
processes 529157
procs_running 1
procs_blocked 0
softirq 851925290 596046458 29766373 731866 62191736 408606 0 103084756 38335491 588 21359416

cpu  817002 36845 1370307 506062318 109026 0 2557582 0 0 0
cpu0 111005 9541 191803 126775420 29630 0 601155 0 0 0
cpu1 447247 10657 758561 125637864 22368 0 733465 0 0 0
cpu2 131524 2862 220255 126829500 29480 0 626789 0 0 0
cpu3 127225 13783 199687 126819532 27546 0 596172 0 0 0
intr 11605693220 0 0 2562248 81 0 699942 31764656 0 0 0 9030195 0 0 0 0 0 0 0 0 0 0 0 0 0 0 0 0 0 0 0 0 0 0 0 0 0 0 0 0 0 0 0 0 0 0 0 0 0 0 0 0 2109835388 0 0 0 0 0 0 0 0 741674 0 408675 0 0 0 0 0 0 0 0 0 0 0 667840183 1 0 0 0 0 0 0 0 0 0 0 0 0 0 0 0 0 0 0 0 0 0 0 400910 4219 0 0 0 0 16811450 0 0 0 0 0 0 0 0 0 0 0 0 0 0 0 0 0 0 0 0 0 0 0 0 0 0 0 0 0 0 0 0 0 0 0 0 0 0 0 0 0 0 0 0 0 0 0 0 0 0 0 0 0 0 0 0 0 0 0 0 0 0 0 0 0 0 0 0 0 0 0 0 0 0 0 175659007 0 0 0
ctxt 374898349
btime 1669654930
processes 529157
procs_running 1
procs_blocked 0
softirq 851925346 596046458 29766387 731866 62191737 408606 0 103084769 38335508 588 21359427

cpu  817002 36845 1370307 506062515 109026 0 2557582 0 0 0
cpu0 111005 9541 191803 126775470 29630 0 601155 0 0 0
cpu1 447247 10657 758561 125637914 22368 0 733465 0 0 0
cpu2 131524 2862 220255 126829549 29480 0 626789 0 0 0
cpu3 127225 13783 199687 126819581 27546 0 596172 0 0 0
intr 11605697473 0 0 2562248 81 0 699942 31764677 0 0 0 9030199 0 0 0 0 0 0 0 0 0 0 0 0 0 0 0 0 0 0 0 0 0 0 0 0 0 0 0 0 0 0 0 0 0 0 0 0 0 0 0 0 2109839415 0 0 0 0 0 0 0 0 741675 0 408675 0 0 0 0 0 0 0 0 0 0 0 667840334 1 0 0 0 0 0 0 0 0 0 0 0 0 0 0 0 0 0 0 0 0 0 0 400910 4219 0 0 0 0 16811465 0 0 0 0 0 0 0 0 0 0 0 0 0 0 0 0 0 0 0 0 0 0 0 0 0 0 0 0 0 0 0 0 0 0 0 0 0 0 0 0 0 0 0 0 0 0 0 0 0 0 0 0 0 0 0 0 0 0 0 0 0 0 0 0 0 0 0 0 0 0 0 0 0 0 0 175659040 0 0 0
ctxt 374898454
btime 1669654930
processes 529157
procs_running 1
procs_blocked 0
softirq 851925421 596046466 29766405 731867 62191738 408606 0 103084785 38335528 588 21359438

cpu  817002 36845 1370307 506062712 109026 0 2557582 0 0 0
cpu0 111005 9541 191803 126775519 29630 0 601155 0 0 0
cpu1 447247 10657 758561 125637963 22368 0 733465 0 0 0
cpu2 131524 2862 220255 126829598 29480 0 626789 0 0 0
cpu3 127226 13783 199687 126819630 27546 0 596172 0 0 0
intr 11605701675 0 0 2562253 81 0 699942 31764696 0 0 0 9030203 0 0 0 0 0 0 0 0 0 0 0 0 0 0 0 0 0 0 0 0 0 0 0 0 0 0 0 0 0 0 0 0 0 0 0 0 0 0 0 0 2109843411 0 0 0 0 0 0 0 0 741676 0 408675 0 0 0 0 0 0 0 0 0 0 0 667840464 1 0 0 0 0 0 0 0 0 0 0 0 0 0 0 0 0 0 0 0 0 0 0 400910 4219 0 0 0 0 16811480 0 0 0 0 0 0 0 0 0 0 0 0 0 0 0 0 0 0 0 0 0 0 0 0 0 0 0 0 0 0 0 0 0 0 0 0 0 0 0 0 0 0 0 0 0 0 0 0 0 0 0 0 0 0 0 0 0 0 0 0 0 0 0 0 0 0 0 0 0 0 0 0 0 0 0 175659072 0 0 0
ctxt 374898546
btime 1669654930
processes 529157
procs_running 1
procs_blocked 0
softirq 851925475 596046466 29766419 731867 62191739 408606 0 103084798 38335544 588 21359448

cpu  817003 36845 1370307 506062909 109026 0 2557582 0 0 0
cpu0 111005 9541 191803 126775568 29630 0 601155 0 0 0
cpu1 447247 10657 758561 125638012 22368 0 733465 0 0 0
cpu2 131524 2862 220255 126829648 29480 0 626789 0 0 0
cpu3 127226 13783 199687 126819679 27546 0 596172 0 0 0
intr 11605705919 0 0 2562253 81 0 699942 31764716 0 0 0 9030208 0 0 0 0 0 0 0 0 0 0 0 0 0 0 0 0 0 0 0 0 0 0 0 0 0 0 0 0 0 0 0 0 0 0 0 0 0 0 0 0 2109847438 0 0 0 0 0 0 0 0 741677 0 408675 0 0 0 0 0 0 0 0 0 0 0 667840615 1 0 0 0 0 0 0 0 0 0 0 0 0 0 0 0 0 0 0 0 0 0 0 400910 4219 0 0 0 0 16811495 0 0 0 0 0 0 0 0 0 0 0 0 0 0 0 0 0 0 0 0 0 0 0 0 0 0 0 0 0 0 0 0 0 0 0 0 0 0 0 0 0 0 0 0 0 0 0 0 0 0 0 0 0 0 0 0 0 0 0 0 0 0 0 0 0 0 0 0 0 0 0 0 0 0 0 175659098 0 0 0
ctxt 374898645
btime 1669654930
processes 529157
procs_running 1
procs_blocked 0
softirq 851925538 596046474 29766433 731867 62191740 408606 0 103084812 38335560 588 21359458

cpu  817003 36845 1370307 506063106 109026 0 2557582 0 0 0
cpu0 111005 9541 191803 126775618 29630 0 601155 0 0 0
cpu1 447247 10657 758561 125638062 22368 0 733465 0 0 0
cpu2 131524 2862 220255 126829697 29480 0 626789 0 0 0
cpu3 127226 13783 199687 126819728 27546 0 596172 0 0 0
intr 11605710115 0 0 2562253 81 0 699942 31764732 0 0 0 9030211 0 0 0 0 0 0 0 0 0 0 0 0 0 0 0 0 0 0 0 0 0 0 0 0 0 0 0 0 0 0 0 0 0 0 0 0 0 0 0 0 2109851441 0 0 0 0 0 0 0 0 741678 0 408675 0 0 0 0 0 0 0 0 0 0 0 667840745 1 0 0 0 0 0 0 0 0 0 0 0 0 0 0 0 0 0 0 0 0 0 0 400910 4219 0 0 0 0 16811510 0 0 0 0 0 0 0 0 0 0 0 0 0 0 0 0 0 0 0 0 0 0 0 0 0 0 0 0 0 0 0 0 0 0 0 0 0 0 0 0 0 0 0 0 0 0 0 0 0 0 0 0 0 0 0 0 0 0 0 0 0 0 0 0 0 0 0 0 0 0 0 0 0 0 0 175659125 0 0 0
ctxt 374898724
btime 1669654930
processes 529157
procs_running 1
procs_blocked 0
softirq 851925594 596046474 29766446 731867 62191741 408606 0 103084825 38335577 588 21359470

cpu  817003 36845 1370308 506063303 109026 0 2557582 0 0 0
cpu0 111005 9541 191803 126775667 29630 0 601155 0 0 0
cpu1 447247 10657 758561 125638111 22368 0 733465 0 0 0
cpu2 131524 2862 220255 126829746 29480 0 626789 0 0 0
cpu3 127226 13783 199688 126819777 27546 0 596172 0 0 0
intr 11605714357 0 0 2562253 81 0 699942 31764753 0 0 0 9030216 0 0 0 0 0 0 0 0 0 0 0 0 0 0 0 0 0 0 0 0 0 0 0 0 0 0 0 0 0 0 0 0 0 0 0 0 0 0 0 0 2109855461 0 0 0 0 0 0 0 0 741679 0 408675 0 0 0 0 0 0 0 0 0 0 0 667840896 1 0 0 0 0 0 0 0 0 0 0 0 0 0 0 0 0 0 0 0 0 0 0 400910 4219 0 0 0 0 16811525 0 0 0 0 0 0 0 0 0 0 0 0 0 0 0 0 0 0 0 0 0 0 0 0 0 0 0 0 0 0 0 0 0 0 0 0 0 0 0 0 0 0 0 0 0 0 0 0 0 0 0 0 0 0 0 0 0 0 0 0 0 0 0 0 0 0 0 0 0 0 0 0 0 0 0 175659154 0 0 0
ctxt 374898820
btime 1669654930
processes 529157
procs_running 1
procs_blocked 0
softirq 851925661 596046482 29766461 731867 62191742 408606 0 103084839 38335595 588 21359481

cpu  817004 36845 1370308 506063500 109026 0 2557582 0 0 0
cpu0 111005 9541 191803 126775717 29630 0 601155 0 0 0
cpu1 447247 10657 758561 125638160 22368 0 733465 0 0 0
cpu2 131524 2862 220255 126829796 29480 0 626789 0 0 0
cpu3 127227 13783 199688 126819826 27546 0 596172 0 0 0
intr 11605718547 0 0 2562254 81 0 699942 31764768 0 0 0 9030220 0 0 0 0 0 0 0 0 0 0 0 0 0 0 0 0 0 0 0 0 0 0 0 0 0 0 0 0 0 0 0 0 0 0 0 0 0 0 0 0 2109859457 0 0 0 0 0 0 0 0 741680 0 408675 0 0 0 0 0 0 0 0 0 0 0 667841026 1 0 0 0 0 0 0 0 0 0 0 0 0 0 0 0 0 0 0 0 0 0 0 400910 4219 0 0 0 0 16811540 0 0 0 0 0 0 0 0 0 0 0 0 0 0 0 0 0 0 0 0 0 0 0 0 0 0 0 0 0 0 0 0 0 0 0 0 0 0 0 0 0 0 0 0 0 0 0 0 0 0 0 0 0 0 0 0 0 0 0 0 0 0 0 0 0 0 0 0 0 0 0 0 0 0 0 175659182 0 0 0
ctxt 374898900
btime 1669654930
processes 529157
procs_running 1
procs_blocked 0
softirq 851925717 596046482 29766476 731867 62191743 408606 0 103084852 38335611 588 21359492

cpu  817004 36845 1370308 506063697 109026 0 2557582 0 0 0
cpu0 111005 9541 191803 126775766 29630 0 601155 0 0 0
cpu1 447247 10657 758561 125638209 22368 0 733465 0 0 0
cpu2 131524 2862 220255 126829845 29480 0 626789 0 0 0
cpu3 127227 13783 199688 126819875 27546 0 596172 0 0 0
intr 11605722798 0 0 2562254 81 0 699942 31764790 0 0 0 9030224 0 0 0 0 0 0 0 0 0 0 0 0 0 0 0 0 0 0 0 0 0 0 0 0 0 0 0 0 0 0 0 0 0 0 0 0 0 0 0 0 2109863485 0 0 0 0 0 0 0 0 741681 0 408675 0 0 0 0 0 0 0 0 0 0 0 667841178 1 0 0 0 0 0 0 0 0 0 0 0 0 0 0 0 0 0 0 0 0 0 0 400910 4219 0 0 0 0 16811555 0 0 0 0 0 0 0 0 0 0 0 0 0 0 0 0 0 0 0 0 0 0 0 0 0 0 0 0 0 0 0 0 0 0 0 0 0 0 0 0 0 0 0 0 0 0 0 0 0 0 0 0 0 0 0 0 0 0 0 0 0 0 0 0 0 0 0 0 0 0 0 0 0 0 0 175659212 0 0 0
ctxt 374899003
btime 1669654930
processes 529157
procs_running 1
procs_blocked 0
softirq 851925785 596046490 29766491 731867 62191744 408606 0 103084867 38335629 588 21359503

cpu  817004 36845 1370308 506063894 109026 0 2557582 0 0 0
cpu0 111005 9541 191803 126775815 29630 0 601155 0 0 0
cpu1 447247 10657 758561 125638258 22368 0 733465 0 0 0
cpu2 131524 2862 220255 126829894 29480 0 626789 0 0 0
cpu3 127228 13783 199688 126819924 27546 0 596172 0 0 0
intr 11605727005 0 0 2562254 81 0 699942 31764812 0 0 0 9030228 0 0 0 0 0 0 0 0 0 0 0 0 0 0 0 0 0 0 0 0 0 0 0 0 0 0 0 0 0 0 0 0 0 0 0 0 0 0 0 0 2109867481 0 0 0 0 0 0 0 0 741682 0 408675 0 0 0 0 0 0 0 0 0 0 0 667841306 1 0 0 0 0 0 0 0 0 0 0 0 0 0 0 0 0 0 0 0 0 0 0 400910 4219 0 0 0 0 16811580 0 0 0 0 0 0 0 0 0 0 0 0 0 0 0 0 0 0 0 0 0 0 0 0 0 0 0 0 0 0 0 0 0 0 0 0 0 0 0 0 0 0 0 0 0 0 0 0 0 0 0 0 0 0 0 0 0 0 0 0 0 0 0 0 0 0 0 0 0 0 0 0 0 0 0 175659242 0 0 0
ctxt 374899100
btime 1669654930
processes 529157
procs_running 1
procs_blocked 0
softirq 851925849 596046490 29766505 731867 62191746 408606 0 103084887 38335646 588 21359514

cpu  817005 36845 1370308 506064091 109026 0 2557582 0 0 0
cpu0 111005 9541 191803 126775865 29630 0 601155 0 0 0
cpu1 447247 10657 758561 125638308 22368 0 733465 0 0 0
cpu2 131524 2862 220255 126829943 29480 0 626789 0 0 0
cpu3 127228 13783 199688 126819974 27546 0 596172 0 0 0
intr 11605731259 0 0 2562254 81 0 699942 31764840 0 0 0 9030231 0 0 0 0 0 0 0 0 0 0 0 0 0 0 0 0 0 0 0 0 0 0 0 0 0 0 0 0 0 0 0 0 0 0 0 0 0 0 0 0 2109871509 0 0 0 0 0 0 0 0 741683 0 408675 0 0 0 0 0 0 0 0 0 0 0 667841457 1 0 0 0 0 0 0 0 0 0 0 0 0 0 0 0 0 0 0 0 0 0 0 400910 4219 0 0 0 0 16811595 0 0 0 0 0 0 0 0 0 0 0 0 0 0 0 0 0 0 0 0 0 0 0 0 0 0 0 0 0 0 0 0 0 0 0 0 0 0 0 0 0 0 0 0 0 0 0 0 0 0 0 0 0 0 0 0 0 0 0 0 0 0 0 0 0 0 0 0 0 0 0 0 0 0 0 175659270 0 0 0
ctxt 374899202
btime 1669654930
processes 529157
procs_running 1
procs_blocked 0
softirq 851925915 596046498 29766520 731867 62191747 408606 0 103084901 38335663 588 21359525

cpu  817005 36845 1370308 506064288 109026 0 2557582 0 0 0
cpu0 111005 9541 191803 126775914 29630 0 601155 0 0 0
cpu1 447247 10657 758561 125638357 22368 0 733465 0 0 0
cpu2 131524 2862 220255 126829993 29480 0 626789 0 0 0
cpu3 127228 13783 199688 126820023 27546 0 596172 0 0 0
intr 11605735451 0 0 2562255 81 0 699942 31764857 0 0 0 9030235 0 0 0 0 0 0 0 0 0 0 0 0 0 0 0 0 0 0 0 0 0 0 0 0 0 0 0 0 0 0 0 0 0 0 0 0 0 0 0 0 2109875505 0 0 0 0 0 0 0 0 741684 0 408675 0 0 0 0 0 0 0 0 0 0 0 667841587 1 0 0 0 0 0 0 0 0 0 0 0 0 0 0 0 0 0 0 0 0 0 0 400910 4219 0 0 0 0 16811610 0 0 0 0 0 0 0 0 0 0 0 0 0 0 0 0 0 0 0 0 0 0 0 0 0 0 0 0 0 0 0 0 0 0 0 0 0 0 0 0 0 0 0 0 0 0 0 0 0 0 0 0 0 0 0 0 0 0 0 0 0 0 0 0 0 0 0 0 0 0 0 0 0 0 0 175659299 0 0 0
ctxt 374899288
btime 1669654930
processes 529157
procs_running 1
procs_blocked 0
softirq 851925973 596046498 29766535 731867 62191748 408606 0 103084914 38335680 588 21359537

cpu  817006 36845 1370308 506064485 109026 0 2557582 0 0 0
cpu0 111005 9541 191803 126775964 29630 0 601155 0 0 0
cpu1 447247 10657 758561 125638406 22368 0 733465 0 0 0
cpu2 131524 2862 220255 126830042 29480 0 626789 0 0 0
cpu3 127229 13783 199688 126820072 27546 0 596172 0 0 0
intr 11605739705 0 0 2562255 81 0 699942 31764881 0 0 0 9030239 0 0 0 0 0 0 0 0 0 0 0 0 0 0 0 0 0 0 0 0 0 0 0 0 0 0 0 0 0 0 0 0 0 0 0 0 0 0 0 0 2109879533 0 0 0 0 0 0 0 0 741685 0 408675 0 0 0 0 0 0 0 0 0 0 0 667841739 1 0 0 0 0 0 0 0 0 0 0 0 0 0 0 0 0 0 0 0 0 0 0 400910 4219 0 0 0 0 16811625 0 0 0 0 0 0 0 0 0 0 0 0 0 0 0 0 0 0 0 0 0 0 0 0 0 0 0 0 0 0 0 0 0 0 0 0 0 0 0 0 0 0 0 0 0 0 0 0 0 0 0 0 0 0 0 0 0 0 0 0 0 0 0 0 0 0 0 0 0 0 0 0 0 0 0 175659328 0 0 0
ctxt 374899392
btime 1669654930
processes 529157
procs_running 1
procs_blocked 0
softirq 851926040 596046506 29766550 731867 62191749 408606 0 103084929 38335697 588 21359548

cpu  817006 36845 1370308 506064682 109026 0 2557582 0 0 0
cpu0 111005 9541 191803 126776013 29630 0 601155 0 0 0
cpu1 447247 10657 758561 125638455 22368 0 733465 0 0 0
cpu2 131524 2862 220255 126830092 29480 0 626789 0 0 0
cpu3 127229 13783 199688 126820120 27546 0 596172 0 0 0
intr 11605743898 0 0 2562255 81 0 699942 31764898 0 0 0 9030243 0 0 0 0 0 0 0 0 0 0 0 0 0 0 0 0 0 0 0 0 0 0 0 0 0 0 0 0 0 0 0 0 0 0 0 0 0 0 0 0 2109883529 0 0 0 0 0 0 0 0 741686 0 408675 0 0 0 0 0 0 0 0 0 0 0 667841869 1 0 0 0 0 0 0 0 0 0 0 0 0 0 0 0 0 0 0 0 0 0 0 400910 4219 0 0 0 0 16811640 0 0 0 0 0 0 0 0 0 0 0 0 0 0 0 0 0 0 0 0 0 0 0 0 0 0 0 0 0 0 0 0 0 0 0 0 0 0 0 0 0 0 0 0 0 0 0 0 0 0 0 0 0 0 0 0 0 0 0 0 0 0 0 0 0 0 0 0 0 0 0 0 0 0 0 175659359 0 0 0
ctxt 374899481
btime 1669654930
processes 529157
procs_running 1
procs_blocked 0
softirq 851926096 596046506 29766564 731868 62191750 408606 0 103084942 38335713 588 21359559

cpu  817006 36845 1370308 506064879 109026 0 2557582 0 0 0
cpu0 111005 9541 191803 126776062 29630 0 601155 0 0 0
cpu1 447247 10657 758561 125638505 22368 0 733465 0 0 0
cpu2 131524 2862 220255 126830141 29480 0 626789 0 0 0
cpu3 127230 13783 199688 126820169 27546 0 596172 0 0 0
intr 11605748150 0 0 2562255 81 0 699942 31764921 0 0 0 9030247 0 0 0 0 0 0 0 0 0 0 0 0 0 0 0 0 0 0 0 0 0 0 0 0 0 0 0 0 0 0 0 0 0 0 0 0 0 0 0 0 2109887557 0 0 0 0 0 0 0 0 741687 0 408675 0 0 0 0 0 0 0 0 0 0 0 667842021 1 0 0 0 0 0 0 0 0 0 0 0 0 0 0 0 0 0 0 0 0 0 0 400910 4219 0 0 0 0 16811655 0 0 0 0 0 0 0 0 0 0 0 0 0 0 0 0 0 0 0 0 0 0 0 0 0 0 0 0 0 0 0 0 0 0 0 0 0 0 0 0 0 0 0 0 0 0 0 0 0 0 0 0 0 0 0 0 0 0 0 0 0 0 0 0 0 0 0 0 0 0 0 0 0 0 0 175659387 0 0 0
ctxt 374899576
btime 1669654930
processes 529157
procs_running 1
procs_blocked 0
softirq 851926163 596046514 29766579 731868 62191751 408606 0 103084957 38335731 588 21359569

cpu  817007 36845 1370308 506065076 109026 0 2557582 0 0 0
cpu0 111005 9541 191803 126776112 29630 0 601155 0 0 0
cpu1 447247 10657 758561 125638554 22368 0 733465 0 0 0
cpu2 131524 2862 220255 126830190 29480 0 626789 0 0 0
cpu3 127230 13783 199688 126820218 27546 0 596172 0 0 0
intr 11605752339 0 0 2562256 81 0 699942 31764937 0 0 0 9030249 0 0 0 0 0 0 0 0 0 0 0 0 0 0 0 0 0 0 0 0 0 0 0 0 0 0 0 0 0 0 0 0 0 0 0 0 0 0 0 0 2109891553 0 0 0 0 0 0 0 0 741688 0 408675 0 0 0 0 0 0 0 0 0 0 0 667842151 1 0 0 0 0 0 0 0 0 0 0 0 0 0 0 0 0 0 0 0 0 0 0 400910 4219 0 0 0 0 16811670 0 0 0 0 0 0 0 0 0 0 0 0 0 0 0 0 0 0 0 0 0 0 0 0 0 0 0 0 0 0 0 0 0 0 0 0 0 0 0 0 0 0 0 0 0 0 0 0 0 0 0 0 0 0 0 0 0 0 0 0 0 0 0 0 0 0 0 0 0 0 0 0 0 0 0 175659416 0 0 0
ctxt 374899656
btime 1669654930
processes 529157
procs_running 1
procs_blocked 0
softirq 851926216 596046514 29766593 731868 62191752 408606 0 103084970 38335746 588 21359579

cpu  817007 36845 1370308 506065273 109026 0 2557582 0 0 0
cpu0 111005 9541 191803 126776161 29630 0 601155 0 0 0
cpu1 447247 10657 758561 125638603 22368 0 733465 0 0 0
cpu2 131524 2862 220255 126830240 29480 0 626789 0 0 0
cpu3 127230 13783 199688 126820268 27546 0 596172 0 0 0
intr 11605756591 0 0 2562256 81 0 699942 31764962 0 0 0 9030253 0 0 0 0 0 0 0 0 0 0 0 0 0 0 0 0 0 0 0 0 0 0 0 0 0 0 0 0 0 0 0 0 0 0 0 0 0 0 0 0 2109895582 0 0 0 0 0 0 0 0 741689 0 408675 0 0 0 0 0 0 0 0 0 0 0 667842302 1 0 0 0 0 0 0 0 0 0 0 0 0 0 0 0 0 0 0 0 0 0 0 400910 4219 0 0 0 0 16811685 0 0 0 0 0 0 0 0 0 0 0 0 0 0 0 0 0 0 0 0 0 0 0 0 0 0 0 0 0 0 0 0 0 0 0 0 0 0 0 0 0 0 0 0 0 0 0 0 0 0 0 0 0 0 0 0 0 0 0 0 0 0 0 0 0 0 0 0 0 0 0 0 0 0 0 175659443 0 0 0
ctxt 374899754
btime 1669654930
processes 529157
procs_running 1
procs_blocked 0
softirq 851926280 596046522 29766606 731868 62191753 408606 0 103084986 38335762 588 21359589

cpu  817008 36845 1370308 506065470 109026 0 2557582 0 0 0
cpu0 111005 9541 191803 126776211 29630 0 601155 0 0 0
cpu1 447247 10657 758561 125638652 22368 0 733465 0 0 0
cpu2 131524 2862 220255 126830289 29480 0 626789 0 0 0
cpu3 127231 13783 199688 126820316 27546 0 596172 0 0 0
intr 11605760784 0 0 2562256 81 0 699942 31764980 0 0 0 9030257 0 0 0 0 0 0 0 0 0 0 0 0 0 0 0 0 0 0 0 0 0 0 0 0 0 0 0 0 0 0 0 0 0 0 0 0 0 0 0 0 2109899578 0 0 0 0 0 0 0 0 741690 0 408675 0 0 0 0 0 0 0 0 0 0 0 667842432 1 0 0 0 0 0 0 0 0 0 0 0 0 0 0 0 0 0 0 0 0 0 0 400910 4219 0 0 0 0 16811700 0 0 0 0 0 0 0 0 0 0 0 0 0 0 0 0 0 0 0 0 0 0 0 0 0 0 0 0 0 0 0 0 0 0 0 0 0 0 0 0 0 0 0 0 0 0 0 0 0 0 0 0 0 0 0 0 0 0 0 0 0 0 0 0 0 0 0 0 0 0 0 0 0 0 0 175659471 0 0 0
ctxt 374899836
btime 1669654930
processes 529157
procs_running 1
procs_blocked 0
softirq 851926331 596046522 29766618 731868 62191754 408606 0 103084999 38335778 588 21359598

cpu  817008 36845 1370308 506065667 109026 0 2557582 0 0 0
cpu0 111005 9541 191803 126776260 29630 0 601155 0 0 0
cpu1 447247 10657 758561 125638701 22368 0 733465 0 0 0
cpu2 131524 2862 220255 126830338 29480 0 626789 0 0 0
cpu3 127231 13783 199688 126820365 27546 0 596172 0 0 0
intr 11605765036 0 0 2562256 81 0 699942 31765002 0 0 0 9030261 0 0 0 0 0 0 0 0 0 0 0 0 0 0 0 0 0 0 0 0 0 0 0 0 0 0 0 0 0 0 0 0 0 0 0 0 0 0 0 0 2109903606 0 0 0 0 0 0 0 0 741691 0 408675 0 0 0 0 0 0 0 0 0 0 0 667842583 1 0 0 0 0 0 0 0 0 0 0 0 0 0 0 0 0 0 0 0 0 0 0 400910 4219 0 0 0 0 16811715 0 0 0 0 0 0 0 0 0 0 0 0 0 0 0 0 0 0 0 0 0 0 0 0 0 0 0 0 0 0 0 0 0 0 0 0 0 0 0 0 0 0 0 0 0 0 0 0 0 0 0 0 0 0 0 0 0 0 0 0 0 0 0 0 0 0 0 0 0 0 0 0 0 0 0 175659503 0 0 0
ctxt 374899933
btime 1669654930
processes 529157
procs_running 1
procs_blocked 0
softirq 851926401 596046530 29766633 731868 62191755 408606 0 103085015 38335797 588 21359609

cpu  817008 36845 1370308 506065864 109026 0 2557582 0 0 0
cpu0 111005 9541 191803 126776310 29630 0 601155 0 0 0
cpu1 447247 10657 758561 125638750 22368 0 733465 0 0 0
cpu2 131524 2862 220255 126830388 29480 0 626789 0 0 0
cpu3 127232 13783 199688 126820414 27546 0 596172 0 0 0
intr 11605769229 0 0 2562257 81 0 699942 31765020 0 0 0 9030264 0 0 0 0 0 0 0 0 0 0 0 0 0 0 0 0 0 0 0 0 0 0 0 0 0 0 0 0 0 0 0 0 0 0 0 0 0 0 0 0 2109907602 0 0 0 0 0 0 0 0 741692 0 408675 0 0 0 0 0 0 0 0 0 0 0 667842713 1 0 0 0 0 0 0 0 0 0 0 0 0 0 0 0 0 0 0 0 0 0 0 400910 4219 0 0 0 0 16811730 0 0 0 0 0 0 0 0 0 0 0 0 0 0 0 0 0 0 0 0 0 0 0 0 0 0 0 0 0 0 0 0 0 0 0 0 0 0 0 0 0 0 0 0 0 0 0 0 0 0 0 0 0 0 0 0 0 0 0 0 0 0 0 0 0 0 0 0 0 0 0 0 0 0 0 175659532 0 0 0
ctxt 374900016
btime 1669654930
processes 529157
procs_running 1
procs_blocked 0
softirq 851926456 596046530 29766646 731868 62191756 408606 0 103085028 38335814 588 21359620

cpu  817009 36845 1370308 506066061 109026 0 2557582 0 0 0
cpu0 111005 9541 191803 126776359 29630 0 601155 0 0 0
cpu1 447247 10657 758561 125638800 22368 0 733465 0 0 0
cpu2 131524 2862 220255 126830437 29480 0 626789 0 0 0
cpu3 127232 13783 199688 126820464 27546 0 596172 0 0 0
intr 11605773476 0 0 2562257 81 0 699942 31765039 0 0 0 9030268 0 0 0 0 0 0 0 0 0 0 0 0 0 0 0 0 0 0 0 0 0 0 0 0 0 0 0 0 0 0 0 0 0 0 0 0 0 0 0 0 2109911631 0 0 0 0 0 0 0 0 741693 0 408675 0 0 0 0 0 0 0 0 0 0 0 667842864 1 0 0 0 0 0 0 0 0 0 0 0 0 0 0 0 0 0 0 0 0 0 0 400910 4219 0 0 0 0 16811745 0 0 0 0 0 0 0 0 0 0 0 0 0 0 0 0 0 0 0 0 0 0 0 0 0 0 0 0 0 0 0 0 0 0 0 0 0 0 0 0 0 0 0 0 0 0 0 0 0 0 0 0 0 0 0 0 0 0 0 0 0 0 0 0 0 0 0 0 0 0 0 0 0 0 0 175659560 0 0 0
ctxt 374900117
btime 1669654930
processes 529157
procs_running 1
procs_blocked 0
softirq 851926526 596046538 29766661 731868 62191757 408606 0 103085046 38335831 588 21359631

cpu  817009 36845 1370308 506066257 109026 0 2557583 0 0 0
cpu0 111005 9541 191803 126776408 29630 0 601156 0 0 0
cpu1 447247 10657 758561 125638849 22368 0 733465 0 0 0
cpu2 131524 2862 220255 126830486 29480 0 626790 0 0 0
cpu3 127232 13783 199688 126820513 27546 0 596172 0 0 0
intr 11605777830 0 0 2562257 81 0 699942 31765057 0 0 0 9030271 0 0 0 0 0 0 0 0 0 0 0 0 0 0 0 0 0 0 0 0 0 0 0 0 0 0 0 0 0 0 0 0 0 0 0 0 0 0 0 0 2109915701 0 0 0 0 0 0 0 0 741694 0 408675 0 0 0 0 0 0 0 0 0 0 0 667843058 1 0 0 0 0 0 0 0 0 0 0 0 0 0 0 0 0 0 0 0 0 0 0 400910 4219 0 0 0 0 16811760 0 0 0 0 0 0 0 0 0 0 0 0 0 0 0 0 0 0 0 0 0 0 0 0 0 0 0 0 0 0 0 0 0 0 0 0 0 0 0 0 0 0 0 0 0 0 0 0 0 0 0 0 0 0 0 0 0 0 0 0 0 0 0 0 0 0 0 0 0 0 0 0 0 0 0 175659613 0 0 0
ctxt 374900211
btime 1669654930
processes 529157
procs_running 1
procs_blocked 0
softirq 851926807 596046609 29766677 731868 62191819 408606 0 103085123 38335859 588 21359658

cpu  817010 36845 1370309 506066454 109026 0 2557583 0 0 0
cpu0 111005 9541 191803 126776457 29630 0 601156 0 0 0
cpu1 447247 10657 758561 125638898 22368 0 733465 0 0 0
cpu2 131524 2862 220255 126830535 29480 0 626790 0 0 0
cpu3 127232 13783 199688 126820562 27546 0 596172 0 0 0
intr 11605782123 0 0 2562257 81 0 699942 31765099 0 0 0 9030275 0 0 0 0 0 0 0 0 0 0 0 0 0 0 0 0 0 0 0 0 0 0 0 0 0 0 0 0 0 0 0 0 0 0 0 0 0 0 0 0 2109919724 0 0 0 0 0 0 0 0 741695 0 408675 0 0 0 0 0 0 0 0 0 0 0 667843209 1 0 0 0 0 0 0 0 0 0 0 0 0 0 0 0 0 0 0 0 0 0 0 400910 4219 0 0 0 0 16811796 0 0 0 0 0 0 0 0 0 0 0 0 0 0 0 0 0 0 0 0 0 0 0 0 0 0 0 0 0 0 0 0 0 0 0 0 0 0 0 0 0 0 0 0 0 0 0 0 0 0 0 0 0 0 0 0 0 0 0 0 0 0 0 0 0 0 0 0 0 0 0 0 0 0 0 175659649 0 0 0
ctxt 374900356
btime 1669654930
processes 529157
procs_running 1
procs_blocked 0
softirq 851926903 596046617 29766695 731868 62191822 408606 0 103085154 38335883 588 21359670

cpu  817010 36845 1370310 506066651 109026 0 2557583 0 0 0
cpu0 111005 9541 191804 126776506 29630 0 601156 0 0 0
cpu1 447247 10657 758561 125638947 22368 0 733465 0 0 0
cpu2 131524 2862 220255 126830585 29480 0 626790 0 0 0
cpu3 127232 13783 199688 126820611 27546 0 596172 0 0 0
intr 11605786322 0 0 2562258 81 0 699942 31765119 0 0 0 9030279 0 0 0 0 0 0 0 0 0 0 0 0 0 0 0 0 0 0 0 0 0 0 0 0 0 0 0 0 0 0 0 0 0 0 0 0 0 0 0 0 2109923719 0 0 0 0 0 0 0 0 741696 0 408675 0 0 0 0 0 0 0 0 0 0 0 667843339 1 0 0 0 0 0 0 0 0 0 0 0 0 0 0 0 0 0 0 0 0 0 0 400910 4219 0 0 0 0 16811811 0 0 0 0 0 0 0 0 0 0 0 0 0 0 0 0 0 0 0 0 0 0 0 0 0 0 0 0 0 0 0 0 0 0 0 0 0 0 0 0 0 0 0 0 0 0 0 0 0 0 0 0 0 0 0 0 0 0 0 0 0 0 0 0 0 0 0 0 0 0 0 0 0 0 0 175659681 0 0 0
ctxt 374900439
btime 1669654930
processes 529157
procs_running 1
procs_blocked 0
softirq 851926962 596046617 29766709 731868 62191823 408606 0 103085167 38335902 588 21359682

cpu  817010 36845 1370310 506066848 109026 0 2557583 0 0 0
cpu0 111005 9541 191804 126776555 29630 0 601156 0 0 0
cpu1 447247 10657 758561 125638996 22368 0 733465 0 0 0
cpu2 131524 2862 220255 126830634 29480 0 626790 0 0 0
cpu3 127232 13783 199688 126820661 27546 0 596172 0 0 0
intr 11605790582 0 0 2562262 81 0 699942 31765143 0 0 0 9030283 0 0 0 0 0 0 0 0 0 0 0 0 0 0 0 0 0 0 0 0 0 0 0 0 0 0 0 0 0 0 0 0 0 0 0 0 0 0 0 0 2109927746 0 0 0 0 0 0 0 0 741697 0 408675 0 0 0 0 0 0 0 0 0 0 0 667843490 1 0 0 0 0 0 0 0 0 0 0 0 0 0 0 0 0 0 0 0 0 0 0 400910 4219 0 0 0 0 16811826 0 0 0 0 0 0 0 0 0 0 0 0 0 0 0 0 0 0 0 0 0 0 0 0 0 0 0 0 0 0 0 0 0 0 0 0 0 0 0 0 0 0 0 0 0 0 0 0 0 0 0 0 0 0 0 0 0 0 0 0 0 0 0 0 0 0 0 0 0 0 0 0 0 0 0 175659715 0 0 0
ctxt 374900545
btime 1669654930
processes 529157
procs_running 1
procs_blocked 0
softirq 851927029 596046625 29766724 731869 62191824 408606 0 103085181 38335920 588 21359692

cpu  817010 36845 1370310 506067045 109026 0 2557583 0 0 0
cpu0 111006 9541 191804 126776604 29630 0 601156 0 0 0
cpu1 447247 10657 758561 125639045 22368 0 733465 0 0 0
cpu2 131524 2862 220255 126830683 29480 0 626790 0 0 0
cpu3 127232 13783 199688 126820710 27546 0 596172 0 0 0
intr 11605794776 0 0 2562262 81 0 699942 31765164 0 0 0 9030286 0 0 0 0 0 0 0 0 0 0 0 0 0 0 0 0 0 0 0 0 0 0 0 0 0 0 0 0 0 0 0 0 0 0 0 0 0 0 0 0 2109931742 0 0 0 0 0 0 0 0 741698 0 408675 0 0 0 0 0 0 0 0 0 0 0 667843620 1 0 0 0 0 0 0 0 0 0 0 0 0 0 0 0 0 0 0 0 0 0 0 400910 4219 0 0 0 0 16811841 0 0 0 0 0 0 0 0 0 0 0 0 0 0 0 0 0 0 0 0 0 0 0 0 0 0 0 0 0 0 0 0 0 0 0 0 0 0 0 0 0 0 0 0 0 0 0 0 0 0 0 0 0 0 0 0 0 0 0 0 0 0 0 0 0 0 0 0 0 0 0 0 0 0 0 175659744 0 0 0
ctxt 374900624
btime 1669654930
processes 529157
procs_running 1
procs_blocked 0
softirq 851927086 596046625 29766737 731869 62191825 408606 0 103085194 38335938 588 21359704

cpu  817011 36845 1370310 506067242 109026 0 2557583 0 0 0
cpu0 111006 9541 191804 126776653 29630 0 601156 0 0 0
cpu1 447247 10657 758561 125639095 22368 0 733465 0 0 0
cpu2 131524 2862 220255 126830732 29480 0 626790 0 0 0
cpu3 127232 13783 199688 126820760 27546 0 596172 0 0 0
intr 11605799030 0 0 2562262 81 0 699942 31765187 0 0 0 9030290 0 0 0 0 0 0 0 0 0 0 0 0 0 0 0 0 0 0 0 0 0 0 0 0 0 0 0 0 0 0 0 0 0 0 0 0 0 0 0 0 2109935770 0 0 0 0 0 0 0 0 741699 0 408675 0 0 0 0 0 0 0 0 0 0 0 667843771 1 0 0 0 0 0 0 0 0 0 0 0 0 0 0 0 0 0 0 0 0 0 0 400910 4219 0 0 0 0 16811856 0 0 0 0 0 0 0 0 0 0 0 0 0 0 0 0 0 0 0 0 0 0 0 0 0 0 0 0 0 0 0 0 0 0 0 0 0 0 0 0 0 0 0 0 0 0 0 0 0 0 0 0 0 0 0 0 0 0 0 0 0 0 0 0 0 0 0 0 0 0 0 0 0 0 0 175659776 0 0 0
ctxt 374900723
btime 1669654930
processes 529157
procs_running 1
procs_blocked 0
softirq 851927156 596046633 29766752 731869 62191826 408606 0 103085209 38335958 588 21359715

cpu  817011 36845 1370310 506067439 109026 0 2557583 0 0 0
cpu0 111006 9541 191804 126776702 29630 0 601156 0 0 0
cpu1 447247 10657 758561 125639144 22368 0 733465 0 0 0
cpu2 131524 2862 220255 126830782 29480 0 626790 0 0 0
cpu3 127232 13783 199688 126820809 27546 0 596172 0 0 0
intr 11605803234 0 0 2562263 81 0 699942 31765207 0 0 0 9030294 0 0 0 0 0 0 0 0 0 0 0 0 0 0 0 0 0 0 0 0 0 0 0 0 0 0 0 0 0 0 0 0 0 0 0 0 0 0 0 0 2109939774 0 0 0 0 0 0 0 0 741700 0 408675 0 0 0 0 0 0 0 0 0 0 0 667843901 1 0 0 0 0 0 0 0 0 0 0 0 0 0 0 0 0 0 0 0 0 0 0 400910 4219 0 0 0 0 16811871 0 0 0 0 0 0 0 0 0 0 0 0 0 0 0 0 0 0 0 0 0 0 0 0 0 0 0 0 0 0 0 0 0 0 0 0 0 0 0 0 0 0 0 0 0 0 0 0 0 0 0 0 0 0 0 0 0 0 0 0 0 0 0 0 0 0 0 0 0 0 0 0 0 0 0 175659805 0 0 0
ctxt 374900803
btime 1669654930
processes 529157
procs_running 1
procs_blocked 0
softirq 851927210 596046633 29766765 731869 62191827 408606 0 103085222 38335975 588 21359725

cpu  817011 36845 1370311 506067636 109026 0 2557583 0 0 0
cpu0 111006 9541 191805 126776751 29630 0 601156 0 0 0
cpu1 447247 10657 758562 125639193 22368 0 733465 0 0 0
cpu2 131524 2862 220255 126830831 29480 0 626790 0 0 0
cpu3 127232 13783 199688 126820859 27546 0 596172 0 0 0
intr 11605807482 0 0 2562263 81 0 699942 31765233 0 0 0 9030298 0 0 0 0 0 0 0 0 0 0 0 0 0 0 0 0 0 0 0 0 0 0 0 0 0 0 0 0 0 0 0 0 0 0 0 0 0 0 0 0 2109943795 0 0 0 0 0 0 0 0 741701 0 408675 0 0 0 0 0 0 0 0 0 0 0 667844053 1 0 0 0 0 0 0 0 0 0 0 0 0 0 0 0 0 0 0 0 0 0 0 400910 4219 0 0 0 0 16811886 0 0 0 0 0 0 0 0 0 0 0 0 0 0 0 0 0 0 0 0 0 0 0 0 0 0 0 0 0 0 0 0 0 0 0 0 0 0 0 0 0 0 0 0 0 0 0 0 0 0 0 0 0 0 0 0 0 0 0 0 0 0 0 0 0 0 0 0 0 0 0 0 0 0 0 175659834 0 0 0
ctxt 374900901
btime 1669654930
processes 529157
procs_running 1
procs_blocked 0
softirq 851927279 596046641 29766779 731869 62191828 408606 0 103085239 38335993 588 21359736

cpu  817012 36845 1370312 506067833 109026 0 2557583 0 0 0
cpu0 111007 9541 191805 126776800 29630 0 601156 0 0 0
cpu1 447247 10657 758562 125639242 22368 0 733465 0 0 0
cpu2 131524 2862 220255 126830881 29480 0 626790 0 0 0
cpu3 127232 13783 199688 126820908 27546 0 596172 0 0 0
intr 11605811678 0 0 2562263 81 0 699942 31765255 0 0 0 9030300 0 0 0 0 0 0 0 0 0 0 0 0 0 0 0 0 0 0 0 0 0 0 0 0 0 0 0 0 0 0 0 0 0 0 0 0 0 0 0 0 2109947791 0 0 0 0 0 0 0 0 741702 0 408675 0 0 0 0 0 0 0 0 0 0 0 667844183 1 0 0 0 0 0 0 0 0 0 0 0 0 0 0 0 0 0 0 0 0 0 0 400910 4219 0 0 0 0 16811905 0 0 0 0 0 0 0 0 0 0 0 0 0 0 0 0 0 0 0 0 0 0 0 0 0 0 0 0 0 0 0 0 0 0 0 0 0 0 0 0 0 0 0 0 0 0 0 0 0 0 0 0 0 0 0 0 0 0 0 0 0 0 0 0 0 0 0 0 0 0 0 0 0 0 0 175659860 0 0 0
ctxt 374900983
btime 1669654930
processes 529157
procs_running 1
procs_blocked 0
softirq 851927334 596046641 29766790 731869 62191830 408606 0 103085255 38336009 588 21359746

cpu  817012 36845 1370312 506068030 109026 0 2557583 0 0 0
cpu0 111007 9541 191805 126776849 29630 0 601156 0 0 0
cpu1 447247 10657 758562 125639292 22368 0 733465 0 0 0
cpu2 131524 2862 220255 126830930 29480 0 626790 0 0 0
cpu3 127232 13783 199688 126820957 27546 0 596172 0 0 0
intr 11605815924 0 0 2562263 81 0 699942 31765277 0 0 0 9030303 0 0 0 0 0 0 0 0 0 0 0 0 0 0 0 0 0 0 0 0 0 0 0 0 0 0 0 0 0 0 0 0 0 0 0 0 0 0 0 0 2109951817 0 0 0 0 0 0 0 0 741703 0 408675 0 0 0 0 0 0 0 0 0 0 0 667844334 1 0 0 0 0 0 0 0 0 0 0 0 0 0 0 0 0 0 0 0 0 0 0 400910 4219 0 0 0 0 16811920 0 0 0 0 0 0 0 0 0 0 0 0 0 0 0 0 0 0 0 0 0 0 0 0 0 0 0 0 0 0 0 0 0 0 0 0 0 0 0 0 0 0 0 0 0 0 0 0 0 0 0 0 0 0 0 0 0 0 0 0 0 0 0 0 0 0 0 0 0 0 0 0 0 0 0 175659888 0 0 0
ctxt 374901073
btime 1669654930
processes 529157
procs_running 1
procs_blocked 0
softirq 851927401 596046649 29766804 731869 62191831 408606 0 103085270 38336027 588 21359757

cpu  817012 36845 1370312 506068226 109026 0 2557584 0 0 0
cpu0 111008 9541 191805 126776898 29630 0 601156 0 0 0
cpu1 447247 10657 758562 125639341 22368 0 733465 0 0 0
cpu2 131524 2862 220255 126830979 29480 0 626790 0 0 0
cpu3 127232 13783 199688 126821006 27546 0 596172 0 0 0
intr 11605820285 0 0 2562264 81 0 699942 31765298 0 0 0 9030307 0 0 0 0 0 0 0 0 0 0 0 0 0 0 0 0 0 0 0 0 0 0 0 0 0 0 0 0 0 0 0 0 0 0 0 0 0 0 0 0 2109955891 0 0 0 0 0 0 0 0 741704 0 408675 0 0 0 0 0 0 0 0 0 0 0 667844526 1 0 0 0 0 0 0 0 0 0 0 0 0 0 0 0 0 0 0 0 0 0 0 400910 4219 0 0 0 0 16811935 0 0 0 0 0 0 0 0 0 0 0 0 0 0 0 0 0 0 0 0 0 0 0 0 0 0 0 0 0 0 0 0 0 0 0 0 0 0 0 0 0 0 0 0 0 0 0 0 0 0 0 0 0 0 0 0 0 0 0 0 0 0 0 0 0 0 0 0 0 0 0 0 0 0 0 175659941 0 0 0
ctxt 374901164
btime 1669654930
processes 529157
procs_running 1
procs_blocked 0
softirq 851927685 596046721 29766818 731869 62191893 408606 0 103085349 38336056 588 21359785

cpu  817013 36845 1370312 506068423 109026 0 2557584 0 0 0
cpu0 111008 9541 191805 126776948 29630 0 601156 0 0 0
cpu1 447247 10657 758563 125639390 22368 0 733465 0 0 0
cpu2 131524 2862 220255 126831028 29480 0 626790 0 0 0
cpu3 127232 13783 199688 126821056 27546 0 596172 0 0 0
intr 11605824562 0 0 2562264 81 0 699942 31765334 0 0 0 9030311 0 0 0 0 0 0 0 0 0 0 0 0 0 0 0 0 0 0 0 0 0 0 0 0 0 0 0 0 0 0 0 0 0 0 0 0 0 0 0 0 2109959912 0 0 0 0 0 0 0 0 741705 0 408675 0 0 0 0 0 0 0 0 0 0 0 667844677 1 0 0 0 0 0 0 0 0 0 0 0 0 0 0 0 0 0 0 0 0 0 0 400910 4219 0 0 0 0 16811963 0 0 0 0 0 0 0 0 0 0 0 0 0 0 0 0 0 0 0 0 0 0 0 0 0 0 0 0 0 0 0 0 0 0 0 0 0 0 0 0 0 0 0 0 0 0 0 0 0 0 0 0 0 0 0 0 0 0 0 0 0 0 0 0 0 0 0 0 0 0 0 0 0 0 0 175659977 0 0 0
ctxt 374901286
btime 1669654930
processes 529157
procs_running 1
procs_blocked 0
softirq 851927772 596046729 29766833 731869 62191895 408606 0 103085374 38336080 588 21359798

cpu  817014 36845 1370313 506068620 109026 0 2557584 0 0 0
cpu0 111008 9541 191805 126776997 29630 0 601156 0 0 0
cpu1 447247 10657 758563 125639439 22368 0 733465 0 0 0
cpu2 131524 2862 220255 126831078 29480 0 626790 0 0 0
cpu3 127232 13783 199689 126821105 27546 0 596172 0 0 0
intr 11605828764 0 0 2562264 81 0 699942 31765353 0 0 0 9030315 0 0 0 0 0 0 0 0 0 0 0 0 0 0 0 0 0 0 0 0 0 0 0 0 0 0 0 0 0 0 0 0 0 0 0 0 0 0 0 0 2109963916 0 0 0 0 0 0 0 0 741706 0 408675 0 0 0 0 0 0 0 0 0 0 0 667844807 1 0 0 0 0 0 0 0 0 0 0 0 0 0 0 0 0 0 0 0 0 0 0 400910 4219 0 0 0 0 16811978 0 0 0 0 0 0 0 0 0 0 0 0 0 0 0 0 0 0 0 0 0 0 0 0 0 0 0 0 0 0 0 0 0 0 0 0 0 0 0 0 0 0 0 0 0 0 0 0 0 0 0 0 0 0 0 0 0 0 0 0 0 0 0 0 0 0 0 0 0 0 0 0 0 0 0 175660006 0 0 0
ctxt 374901364
btime 1669654930
processes 529157
procs_running 1
procs_blocked 0
softirq 851927832 596046729 29766846 731869 62191896 408606 0 103085388 38336099 588 21359811

cpu  817014 36845 1370314 506068817 109026 0 2557584 0 0 0
cpu0 111008 9541 191805 126777046 29630 0 601156 0 0 0
cpu1 447247 10657 758563 125639488 22368 0 733465 0 0 0
cpu2 131524 2862 220255 126831127 29480 0 626790 0 0 0
cpu3 127232 13783 199689 126821154 27546 0 596172 0 0 0
intr 11605833046 0 0 2562264 81 0 699942 31765388 0 0 0 9030319 0 0 0 0 0 0 0 0 0 0 0 0 0 0 0 0 0 0 0 0 0 0 0 0 0 0 0 0 0 0 0 0 0 0 0 0 0 0 0 0 2109967937 0 0 0 0 0 0 0 0 741707 0 408675 0 0 0 0 0 0 0 0 0 0 0 667844958 1 0 0 0 0 0 0 0 0 0 0 0 0 0 0 0 0 0 0 0 0 0 0 400910 4219 0 0 0 0 16812006 0 0 0 0 0 0 0 0 0 0 0 0 0 0 0 0 0 0 0 0 0 0 0 0 0 0 0 0 0 0 0 0 0 0 0 0 0 0 0 0 0 0 0 0 0 0 0 0 0 0 0 0 0 0 0 0 0 0 0 0 0 0 0 0 0 0 0 0 0 0 0 0 0 0 0 175660048 0 0 0
ctxt 374901490
btime 1669654930
processes 529157
procs_running 1
procs_blocked 0
softirq 851927929 596046737 29766862 731869 62191898 408606 0 103085415 38336126 588 21359828

cpu  817014 36845 1370314 506069014 109026 0 2557584 0 0 0
cpu0 111009 9541 191805 126777095 29630 0 601156 0 0 0
cpu1 447247 10657 758563 125639538 22368 0 733465 0 0 0
cpu2 131524 2862 220255 126831176 29480 0 626790 0 0 0
cpu3 127232 13783 199689 126821204 27546 0 596172 0 0 0
intr 11605837242 0 0 2562265 81 0 699942 31765406 0 0 0 9030323 0 0 0 0 0 0 0 0 0 0 0 0 0 0 0 0 0 0 0 0 0 0 0 0 0 0 0 0 0 0 0 0 0 0 0 0 0 0 0 0 2109971933 0 0 0 0 0 0 0 0 741708 0 408675 0 0 0 0 0 0 0 0 0 0 0 667845088 1 0 0 0 0 0 0 0 0 0 0 0 0 0 0 0 0 0 0 0 0 0 0 400910 4219 0 0 0 0 16812021 0 0 0 0 0 0 0 0 0 0 0 0 0 0 0 0 0 0 0 0 0 0 0 0 0 0 0 0 0 0 0 0 0 0 0 0 0 0 0 0 0 0 0 0 0 0 0 0 0 0 0 0 0 0 0 0 0 0 0 0 0 0 0 0 0 0 0 0 0 0 0 0 0 0 0 175660079 0 0 0
ctxt 374901570
btime 1669654930
processes 529157
procs_running 1
procs_blocked 0
softirq 851927992 596046737 29766877 731870 62191899 408606 0 103085429 38336146 588 21359840

cpu  817014 36845 1370314 506069211 109026 0 2557584 0 0 0
cpu0 111009 9541 191805 126777144 29630 0 601156 0 0 0
cpu1 447247 10657 758563 125639587 22368 0 733465 0 0 0
cpu2 131524 2862 220255 126831226 29480 0 626790 0 0 0
cpu3 127232 13783 199689 126821253 27546 0 596172 0 0 0
intr 11605841507 0 0 2562265 81 0 699942 31765431 0 0 0 9030327 0 0 0 0 0 0 0 0 0 0 0 0 0 0 0 0 0 0 0 0 0 0 0 0 0 0 0 0 0 0 0 0 0 0 0 0 0 0 0 0 2109975962 0 0 0 0 0 0 0 0 741709 0 408675 0 0 0 0 0 0 0 0 0 0 0 667845240 1 0 0 0 0 0 0 0 0 0 0 0 0 0 0 0 0 0 0 0 0 0 0 400910 4219 0 0 0 0 16812036 0 0 0 0 0 0 0 0 0 0 0 0 0 0 0 0 0 0 0 0 0 0 0 0 0 0 0 0 0 0 0 0 0 0 0 0 0 0 0 0 0 0 0 0 0 0 0 0 0 0 0 0 0 0 0 0 0 0 0 0 0 0 0 0 0 0 0 0 0 0 0 0 0 0 0 175660118 0 0 0
ctxt 374901670
btime 1669654930
processes 529157
procs_running 1
procs_blocked 0
softirq 851928075 596046746 29766893 731870 62191901 408606 0 103085444 38336171 588 21359856

cpu  817015 36845 1370314 506069408 109026 0 2557584 0 0 0
cpu0 111010 9541 191805 126777193 29630 0 601156 0 0 0
cpu1 447247 10657 758563 125639636 22368 0 733465 0 0 0
cpu2 131524 2862 220255 126831275 29480 0 626790 0 0 0
cpu3 127232 13783 199689 126821302 27546 0 596172 0 0 0
intr 11605845734 0 0 2562265 81 0 699942 31765456 0 0 0 9030331 0 0 0 0 0 0 0 0 0 0 0 0 0 0 0 0 0 0 0 0 0 0 0 0 0 0 0 0 0 0 0 0 0 0 0 0 0 0 0 0 2109979965 0 0 0 0 0 0 0 0 741710 0 408675 0 0 0 0 0 0 0 0 0 0 0 667845370 1 0 0 0 0 0 0 0 0 0 0 0 0 0 0 0 0 0 0 0 0 0 0 400910 4219 0 0 0 0 16812058 0 0 0 0 0 0 0 0 0 0 0 0 0 0 0 0 0 0 0 0 0 0 0 0 0 0 0 0 0 0 0 0 0 0 0 0 0 0 0 0 0 0 0 0 0 0 0 0 0 0 0 0 0 0 0 0 0 0 0 0 0 0 0 0 0 0 0 0 0 0 0 0 0 0 0 175660159 0 0 0
ctxt 374901777
btime 1669654930
processes 529157
procs_running 1
procs_blocked 0
softirq 851928155 596046746 29766911 731870 62191902 408606 0 103085464 38336196 588 21359872

cpu  817015 36845 1370315 506069605 109026 0 2557584 0 0 0
cpu0 111010 9541 191805 126777242 29630 0 601156 0 0 0
cpu1 447247 10657 758564 125639685 22368 0 733465 0 0 0
cpu2 131524 2862 220255 126831325 29480 0 626790 0 0 0
cpu3 127232 13783 199690 126821351 27546 0 596172 0 0 0
intr 11605849927 0 0 2562265 81 0 699942 31765474 0 0 0 9030335 0 0 0 0 0 0 0 0 0 0 0 0 0 0 0 0 0 0 0 0 0 0 0 0 0 0 0 0 0 0 0 0 0 0 0 0 0 0 0 0 2109983962 0 0 0 0 0 0 0 0 741711 0 408675 0 0 0 0 0 0 0 0 0 0 0 667845498 1 0 0 0 0 0 0 0 0 0 0 0 0 0 0 0 0 0 0 0 0 0 0 400910 4219 0 0 0 0 16812073 0 0 0 0 0 0 0 0 0 0 0 0 0 0 0 0 0 0 0 0 0 0 0 0 0 0 0 0 0 0 0 0 0 0 0 0 0 0 0 0 0 0 0 0 0 0 0 0 0 0 0 0 0 0 0 0 0 0 0 0 0 0 0 0 0 0 0 0 0 0 0 0 0 0 0 175660190 0 0 0
ctxt 374901847
btime 1669654930
processes 529157
procs_running 1
procs_blocked 0
softirq 851928212 596046746 29766924 731870 62191903 408606 0 103085477 38336215 588 21359883

cpu  817015 36845 1370315 506069802 109026 0 2557584 0 0 0
cpu0 111010 9541 191805 126777291 29630 0 601156 0 0 0
cpu1 447247 10657 758564 125639735 22368 0 733465 0 0 0
cpu2 131524 2862 220255 126831374 29480 0 626790 0 0 0
cpu3 127232 13783 199690 126821401 27546 0 596172 0 0 0
intr 11605854194 0 0 2562266 81 0 699942 31765502 0 0 0 9030339 0 0 0 0 0 0 0 0 0 0 0 0 0 0 0 0 0 0 0 0 0 0 0 0 0 0 0 0 0 0 0 0 0 0 0 0 0 0 0 0 2109987989 0 0 0 0 0 0 0 0 741712 0 408675 0 0 0 0 0 0 0 0 0 0 0 667845651 1 0 0 0 0 0 0 0 0 0 0 0 0 0 0 0 0 0 0 0 0 0 0 400910 4219 0 0 0 0 16812088 0 0 0 0 0 0 0 0 0 0 0 0 0 0 0 0 0 0 0 0 0 0 0 0 0 0 0 0 0 0 0 0 0 0 0 0 0 0 0 0 0 0 0 0 0 0 0 0 0 0 0 0 0 0 0 0 0 0 0 0 0 0 0 0 0 0 0 0 0 0 0 0 0 0 0 175660228 0 0 0
ctxt 374901955
btime 1669654930
processes 529157
procs_running 1
procs_blocked 0
softirq 851928292 596046754 29766942 731870 62191904 408606 0 103085493 38336238 588 21359897

cpu  817015 36845 1370316 506069999 109026 0 2557584 0 0 0
cpu0 111010 9541 191805 126777340 29630 0 601156 0 0 0
cpu1 447247 10657 758564 125639784 22368 0 733465 0 0 0
cpu2 131524 2862 220256 126831423 29480 0 626790 0 0 0
cpu3 127232 13783 199690 126821450 27546 0 596172 0 0 0
intr 11605858418 0 0 2562266 81 0 699942 31765532 0 0 0 9030343 0 0 0 0 0 0 0 0 0 0 0 0 0 0 0 0 0 0 0 0 0 0 0 0 0 0 0 0 0 0 0 0 0 0 0 0 0 0 0 0 2109991986 0 0 0 0 0 0 0 0 741713 0 408675 0 0 0 0 0 0 0 0 0 0 0 667845779 1 0 0 0 0 0 0 0 0 0 0 0 0 0 0 0 0 0 0 0 0 0 0 400910 4219 0 0 0 0 16812118 0 0 0 0 0 0 0 0 0 0 0 0 0 0 0 0 0 0 0 0 0 0 0 0 0 0 0 0 0 0 0 0 0 0 0 0 0 0 0 0 0 0 0 0 0 0 0 0 0 0 0 0 0 0 0 0 0 0 0 0 0 0 0 0 0 0 0 0 0 0 0 0 0 0 0 175660262 0 0 0
ctxt 374902063
btime 1669654930
processes 529157
procs_running 1
procs_blocked 0
softirq 851928371 596046754 29766957 731870 62191906 408606 0 103085518 38336260 588 21359912

cpu  817016 36845 1370316 506070195 109026 0 2557584 0 0 0
cpu0 111010 9541 191805 126777389 29630 0 601156 0 0 0
cpu1 447247 10657 758564 125639833 22368 0 733465 0 0 0
cpu2 131524 2862 220256 126831473 29480 0 626790 0 0 0
cpu3 127232 13783 199690 126821499 27546 0 596172 0 0 0
intr 11605862665 0 0 2562266 81 0 699942 31765556 0 0 0 9030347 0 0 0 0 0 0 0 0 0 0 0 0 0 0 0 0 0 0 0 0 0 0 0 0 0 0 0 0 0 0 0 0 0 0 0 0 0 0 0 0 2109996004 0 0 0 0 0 0 0 0 741714 0 408675 0 0 0 0 0 0 0 0 0 0 0 667845933 1 0 0 0 0 0 0 0 0 0 0 0 0 0 0 0 0 0 0 0 0 0 0 400910 4219 0 0 0 0 16812133 0 0 0 0 0 0 0 0 0 0 0 0 0 0 0 0 0 0 0 0 0 0 0 0 0 0 0 0 0 0 0 0 0 0 0 0 0 0 0 0 0 0 0 0 0 0 0 0 0 0 0 0 0 0 0 0 0 0 0 0 0 0 0 0 0 0 0 0 0 0 0 0 0 0 0 175660292 0 0 0
ctxt 374902164
btime 1669654930
processes 529157
procs_running 1
procs_blocked 0
softirq 851928441 596046762 29766972 731870 62191907 408606 0 103085532 38336279 588 21359925

cpu  817016 36845 1370316 506070393 109026 0 2557584 0 0 0
cpu0 111011 9541 191805 126777438 29630 0 601156 0 0 0
cpu1 447247 10657 758564 125639882 22368 0 733465 0 0 0
cpu2 131524 2862 220256 126831522 29480 0 626790 0 0 0
cpu3 127232 13783 199690 126821549 27546 0 596172 0 0 0
intr 11605866863 0 0 2562266 81 0 699942 31765574 0 0 0 9030351 0 0 0 0 0 0 0 0 0 0 0 0 0 0 0 0 0 0 0 0 0 0 0 0 0 0 0 0 0 0 0 0 0 0 0 0 0 0 0 0 2110000009 0 0 0 0 0 0 0 0 741715 0 408675 0 0 0 0 0 0 0 0 0 0 0 667846061 1 0 0 0 0 0 0 0 0 0 0 0 0 0 0 0 0 0 0 0 0 0 0 400910 4219 0 0 0 0 16812148 0 0 0 0 0 0 0 0 0 0 0 0 0 0 0 0 0 0 0 0 0 0 0 0 0 0 0 0 0 0 0 0 0 0 0 0 0 0 0 0 0 0 0 0 0 0 0 0 0 0 0 0 0 0 0 0 0 0 0 0 0 0 0 0 0 0 0 0 0 0 0 0 0 0 0 175660320 0 0 0
ctxt 374902239
btime 1669654930
processes 529157
procs_running 1
procs_blocked 0
softirq 851928494 596046762 29766984 731870 62191908 408606 0 103085545 38336295 588 21359936

cpu  817016 36845 1370316 506070589 109026 0 2557584 0 0 0
cpu0 111011 9541 191805 126777487 29630 0 601156 0 0 0
cpu1 447247 10657 758564 125639932 22368 0 733465 0 0 0
cpu2 131524 2862 220256 126831571 29480 0 626790 0 0 0
cpu3 127232 13783 199690 126821598 27546 0 596172 0 0 0
intr 11605871119 0 0 2562267 81 0 699942 31765601 0 0 0 9030355 0 0 0 0 0 0 0 0 0 0 0 0 0 0 0 0 0 0 0 0 0 0 0 0 0 0 0 0 0 0 0 0 0 0 0 0 0 0 0 0 2110004029 0 0 0 0 0 0 0 0 741716 0 408675 0 0 0 0 0 0 0 0 0 0 0 667846214 1 0 0 0 0 0 0 0 0 0 0 0 0 0 0 0 0 0 0 0 0 0 0 400910 4219 0 0 0 0 16812163 0 0 0 0 0 0 0 0 0 0 0 0 0 0 0 0 0 0 0 0 0 0 0 0 0 0 0 0 0 0 0 0 0 0 0 0 0 0 0 0 0 0 0 0 0 0 0 0 0 0 0 0 0 0 0 0 0 0 0 0 0 0 0 0 0 0 0 0 0 0 0 0 0 0 0 175660354 0 0 0
ctxt 374902352
btime 1669654930
processes 529157
procs_running 1
procs_blocked 0
softirq 851928569 596046770 29767000 731870 62191909 408606 0 103085561 38336314 588 21359951

cpu  817017 36845 1370316 506070786 109026 0 2557584 0 0 0
cpu0 111012 9541 191805 126777536 29630 0 601156 0 0 0
cpu1 447247 10657 758564 125639981 22368 0 733465 0 0 0
cpu2 131524 2862 220256 126831621 29480 0 626790 0 0 0
cpu3 127232 13783 199690 126821647 27546 0 596172 0 0 0
intr 11605875329 0 0 2562271 81 0 699942 31765624 0 0 0 9030359 0 0 0 0 0 0 0 0 0 0 0 0 0 0 0 0 0 0 0 0 0 0 0 0 0 0 0 0 0 0 0 0 0 0 0 0 0 0 0 0 2110008033 0 0 0 0 0 0 0 0 741717 0 408675 0 0 0 0 0 0 0 0 0 0 0 667846342 1 0 0 0 0 0 0 0 0 0 0 0 0 0 0 0 0 0 0 0 0 0 0 400910 4219 0 0 0 0 16812178 0 0 0 0 0 0 0 0 0 0 0 0 0 0 0 0 0 0 0 0 0 0 0 0 0 0 0 0 0 0 0 0 0 0 0 0 0 0 0 0 0 0 0 0 0 0 0 0 0 0 0 0 0 0 0 0 0 0 0 0 0 0 0 0 0 0 0 0 0 0 0 0 0 0 0 175660385 0 0 0
ctxt 374902432
btime 1669654930
processes 529157
procs_running 1
procs_blocked 0
softirq 851928624 596046770 29767013 731870 62191910 408606 0 103085574 38336330 588 21359963

cpu  817017 36845 1370316 506070983 109026 0 2557584 0 0 0
cpu0 111012 9541 191806 126777585 29630 0 601156 0 0 0
cpu1 447247 10657 758564 125640030 22368 0 733465 0 0 0
cpu2 131524 2862 220256 126831670 29480 0 626790 0 0 0
cpu3 127232 13783 199690 126821697 27546 0 596172 0 0 0
intr 11605879582 0 0 2562271 81 0 699942 31765650 0 0 0 9030363 0 0 0 0 0 0 0 0 0 0 0 0 0 0 0 0 0 0 0 0 0 0 0 0 0 0 0 0 0 0 0 0 0 0 0 0 0 0 0 0 2110012053 0 0 0 0 0 0 0 0 741718 0 408675 0 0 0 0 0 0 0 0 0 0 0 667846496 1 0 0 0 0 0 0 0 0 0 0 0 0 0 0 0 0 0 0 0 0 0 0 400910 4219 0 0 0 0 16812193 0 0 0 0 0 0 0 0 0 0 0 0 0 0 0 0 0 0 0 0 0 0 0 0 0 0 0 0 0 0 0 0 0 0 0 0 0 0 0 0 0 0 0 0 0 0 0 0 0 0 0 0 0 0 0 0 0 0 0 0 0 0 0 0 0 0 0 0 0 0 0 0 0 0 0 175660419 0 0 0
ctxt 374902535
btime 1669654930
processes 529157
procs_running 1
procs_blocked 0
softirq 851928696 596046778 29767029 731870 62191911 408606 0 103085588 38336349 588 21359977

cpu  817018 36845 1370316 506071180 109026 0 2557584 0 0 0
cpu0 111012 9541 191806 126777634 29630 0 601156 0 0 0
cpu1 447247 10657 758564 125640080 22368 0 733465 0 0 0
cpu2 131524 2862 220256 126831719 29480 0 626790 0 0 0
cpu3 127232 13783 199690 126821746 27546 0 596172 0 0 0
intr 11605883787 0 0 2562271 81 0 699942 31765670 0 0 0 9030366 0 0 0 0 0 0 0 0 0 0 0 0 0 0 0 0 0 0 0 0 0 0 0 0 0 0 0 0 0 0 0 0 0 0 0 0 0 0 0 0 2110016057 0 0 0 0 0 0 0 0 741719 0 408675 0 0 0 0 0 0 0 0 0 0 0 667846624 1 0 0 0 0 0 0 0 0 0 0 0 0 0 0 0 0 0 0 0 0 0 0 400910 4219 0 0 0 0 16812208 0 0 0 0 0 0 0 0 0 0 0 0 0 0 0 0 0 0 0 0 0 0 0 0 0 0 0 0 0 0 0 0 0 0 0 0 0 0 0 0 0 0 0 0 0 0 0 0 0 0 0 0 0 0 0 0 0 0 0 0 0 0 0 0 0 0 0 0 0 0 0 0 0 0 0 175660453 0 0 0
ctxt 374902622
btime 1669654930
processes 529157
procs_running 1
procs_blocked 0
softirq 851928757 596046778 29767043 731871 62191912 408606 0 103085601 38336369 588 21359989

cpu  817018 36845 1370317 506071377 109026 0 2557584 0 0 0
cpu0 111012 9541 191806 126777683 29630 0 601156 0 0 0
cpu1 447248 10657 758564 125640129 22368 0 733465 0 0 0
cpu2 131524 2862 220256 126831769 29480 0 626790 0 0 0
cpu3 127232 13783 199690 126821795 27546 0 596172 0 0 0
intr 11605888035 0 0 2562272 81 0 699942 31765692 0 0 0 9030369 0 0 0 0 0 0 0 0 0 0 0 0 0 0 0 0 0 0 0 0 0 0 0 0 0 0 0 0 0 0 0 0 0 0 0 0 0 0 0 0 2110020076 0 0 0 0 0 0 0 0 741720 0 408675 0 0 0 0 0 0 0 0 0 0 0 667846778 1 0 0 0 0 0 0 0 0 0 0 0 0 0 0 0 0 0 0 0 0 0 0 400910 4219 0 0 0 0 16812223 0 0 0 0 0 0 0 0 0 0 0 0 0 0 0 0 0 0 0 0 0 0 0 0 0 0 0 0 0 0 0 0 0 0 0 0 0 0 0 0 0 0 0 0 0 0 0 0 0 0 0 0 0 0 0 0 0 0 0 0 0 0 0 0 0 0 0 0 0 0 0 0 0 0 0 175660486 0 0 0
ctxt 374902716
btime 1669654930
processes 529157
procs_running 1
procs_blocked 0
softirq 851928830 596046786 29767058 731871 62191913 408606 0 103085616 38336391 588 21360001

cpu  817018 36845 1370318 506071575 109026 0 2557584 0 0 0
cpu0 111013 9541 191807 126777732 29630 0 601156 0 0 0
cpu1 447248 10657 758564 125640178 22368 0 733465 0 0 0
cpu2 131524 2862 220256 126831818 29480 0 626790 0 0 0
cpu3 127232 13783 199690 126821845 27546 0 596172 0 0 0
intr 11605892239 0 0 2562272 81 0 699942 31765714 0 0 0 9030374 0 0 0 0 0 0 0 0 0 0 0 0 0 0 0 0 0 0 0 0 0 0 0 0 0 0 0 0 0 0 0 0 0 0 0 0 0 0 0 0 2110024080 0 0 0 0 0 0 0 0 741721 0 408675 0 0 0 0 0 0 0 0 0 0 0 667846906 1 0 0 0 0 0 0 0 0 0 0 0 0 0 0 0 0 0 0 0 0 0 0 400910 4219 0 0 0 0 16812238 0 0 0 0 0 0 0 0 0 0 0 0 0 0 0 0 0 0 0 0 0 0 0 0 0 0 0 0 0 0 0 0 0 0 0 0 0 0 0 0 0 0 0 0 0 0 0 0 0 0 0 0 0 0 0 0 0 0 0 0 0 0 0 0 0 0 0 0 0 0 0 0 0 0 0 175660515 0 0 0
ctxt 374902796
btime 1669654930
processes 529157
procs_running 1
procs_blocked 0
softirq 851928888 596046786 29767071 731871 62191914 408606 0 103085629 38336410 588 21360013

cpu  817018 36845 1370319 506071771 109026 0 2557584 0 0 0
cpu0 111013 9541 191808 126777781 29630 0 601156 0 0 0
cpu1 447248 10657 758564 125640228 22368 0 733465 0 0 0
cpu2 131524 2862 220256 126831867 29480 0 626790 0 0 0
cpu3 127232 13783 199690 126821894 27546 0 596172 0 0 0
intr 11605896497 0 0 2562272 81 0 699942 31765744 0 0 0 9030378 0 0 0 0 0 0 0 0 0 0 0 0 0 0 0 0 0 0 0 0 0 0 0 0 0 0 0 0 0 0 0 0 0 0 0 0 0 0 0 0 2110028099 0 0 0 0 0 0 0 0 741722 0 408675 0 0 0 0 0 0 0 0 0 0 0 667847059 1 0 0 0 0 0 0 0 0 0 0 0 0 0 0 0 0 0 0 0 0 0 0 400910 4219 0 0 0 0 16812257 0 0 0 0 0 0 0 0 0 0 0 0 0 0 0 0 0 0 0 0 0 0 0 0 0 0 0 0 0 0 0 0 0 0 0 0 0 0 0 0 0 0 0 0 0 0 0 0 0 0 0 0 0 0 0 0 0 0 0 0 0 0 0 0 0 0 0 0 0 0 0 0 0 0 0 175660547 0 0 0
ctxt 374902911
btime 1669654930
processes 529157
procs_running 1
procs_blocked 0
softirq 851928962 596046794 29767085 731871 62191916 408606 0 103085646 38336431 588 21360025

cpu  817019 36845 1370319 506071968 109026 0 2557584 0 0 0
cpu0 111013 9541 191808 126777830 29630 0 601156 0 0 0
cpu1 447248 10657 758564 125640277 22368 0 733465 0 0 0
cpu2 131524 2862 220256 126831917 29480 0 626790 0 0 0
cpu3 127232 13783 199690 126821944 27546 0 596172 0 0 0
intr 11605900688 0 0 2562272 81 0 699942 31765762 0 0 0 9030382 0 0 0 0 0 0 0 0 0 0 0 0 0 0 0 0 0 0 0 0 0 0 0 0 0 0 0 0 0 0 0 0 0 0 0 0 0 0 0 0 2110032096 0 0 0 0 0 0 0 0 741723 0 408675 0 0 0 0 0 0 0 0 0 0 0 667847187 1 0 0 0 0 0 0 0 0 0 0 0 0 0 0 0 0 0 0 0 0 0 0 400910 4219 0 0 0 0 16812272 0 0 0 0 0 0 0 0 0 0 0 0 0 0 0 0 0 0 0 0 0 0 0 0 0 0 0 0 0 0 0 0 0 0 0 0 0 0 0 0 0 0 0 0 0 0 0 0 0 0 0 0 0 0 0 0 0 0 0 0 0 0 0 0 0 0 0 0 0 0 0 0 0 0 0 175660575 0 0 0
ctxt 374902986
btime 1669654930
processes 529157
procs_running 1
procs_blocked 0
softirq 851929017 596046794 29767097 731871 62191917 408606 0 103085659 38336448 588 21360037

cpu  817019 36845 1370319 506072165 109026 0 2557584 0 0 0
cpu0 111014 9541 191808 126777879 29630 0 601156 0 0 0
cpu1 447248 10657 758564 125640326 22368 0 733465 0 0 0
cpu2 131524 2862 220256 126831966 29480 0 626790 0 0 0
cpu3 127232 13783 199690 126821993 27546 0 596172 0 0 0
intr 11605904946 0 0 2562273 81 0 699942 31765787 0 0 0 9030386 0 0 0 0 0 0 0 0 0 0 0 0 0 0 0 0 0 0 0 0 0 0 0 0 0 0 0 0 0 0 0 0 0 0 0 0 0 0 0 0 2110036122 0 0 0 0 0 0 0 0 741724 0 408675 0 0 0 0 0 0 0 0 0 0 0 667847341 1 0 0 0 0 0 0 0 0 0 0 0 0 0 0 0 0 0 0 0 0 0 0 400910 4219 0 0 0 0 16812287 0 0 0 0 0 0 0 0 0 0 0 0 0 0 0 0 0 0 0 0 0 0 0 0 0 0 0 0 0 0 0 0 0 0 0 0 0 0 0 0 0 0 0 0 0 0 0 0 0 0 0 0 0 0 0 0 0 0 0 0 0 0 0 0 0 0 0 0 0 0 0 0 0 0 0 175660607 0 0 0
ctxt 374903090
btime 1669654930
processes 529157
procs_running 1
procs_blocked 0
softirq 851929088 596046802 29767112 731871 62191918 408606 0 103085674 38336468 588 21360049

cpu  817020 36845 1370319 506072362 109026 0 2557584 0 0 0
cpu0 111014 9541 191808 126777928 29630 0 601156 0 0 0
cpu1 447248 10657 758564 125640375 22368 0 733465 0 0 0
cpu2 131524 2862 220256 126832015 29480 0 626790 0 0 0
cpu3 127232 13783 199690 126822042 27546 0 596172 0 0 0
intr 11605909139 0 0 2562273 81 0 699942 31765808 0 0 0 9030390 0 0 0 0 0 0 0 0 0 0 0 0 0 0 0 0 0 0 0 0 0 0 0 0 0 0 0 0 0 0 0 0 0 0 0 0 0 0 0 0 2110040117 0 0 0 0 0 0 0 0 741725 0 408675 0 0 0 0 0 0 0 0 0 0 0 667847467 1 0 0 0 0 0 0 0 0 0 0 0 0 0 0 0 0 0 0 0 0 0 0 400910 4219 0 0 0 0 16812302 0 0 0 0 0 0 0 0 0 0 0 0 0 0 0 0 0 0 0 0 0 0 0 0 0 0 0 0 0 0 0 0 0 0 0 0 0 0 0 0 0 0 0 0 0 0 0 0 0 0 0 0 0 0 0 0 0 0 0 0 0 0 0 0 0 0 0 0 0 0 0 0 0 0 0 175660637 0 0 0
ctxt 374903177
btime 1669654930
processes 529157
procs_running 1
procs_blocked 0
softirq 851929147 596046802 29767126 731871 62191919 408606 0 103085687 38336486 588 21360062

cpu  817020 36845 1370319 506072559 109026 0 2557584 0 0 0
cpu0 111014 9541 191808 126777977 29630 0 601156 0 0 0
cpu1 447248 10657 758564 125640425 22368 0 733465 0 0 0
cpu2 131524 2862 220256 126832065 29480 0 626790 0 0 0
cpu3 127232 13783 199690 126822092 27546 0 596172 0 0 0
intr 11605913394 0 0 2562273 81 0 699942 31765833 0 0 0 9030394 0 0 0 0 0 0 0 0 0 0 0 0 0 0 0 0 0 0 0 0 0 0 0 0 0 0 0 0 0 0 0 0 0 0 0 0 0 0 0 0 2110044145 0 0 0 0 0 0 0 0 741726 0 408675 0 0 0 0 0 0 0 0 0 0 0 667847620 1 0 0 0 0 0 0 0 0 0 0 0 0 0 0 0 0 0 0 0 0 0 0 400910 4219 0 0 0 0 16812317 0 0 0 0 0 0 0 0 0 0 0 0 0 0 0 0 0 0 0 0 0 0 0 0 0 0 0 0 0 0 0 0 0 0 0 0 0 0 0 0 0 0 0 0 0 0 0 0 0 0 0 0 0 0 0 0 0 0 0 0 0 0 0 0 0 0 0 0 0 0 0 0 0 0 0 175660666 0 0 0
ctxt 374903281
btime 1669654930
processes 529157
procs_running 1
procs_blocked 0
softirq 851929212 596046810 29767139 731871 62191920 408606 0 103085701 38336504 588 21360073

cpu  817020 36845 1370320 506072756 109026 0 2557584 0 0 0
cpu0 111014 9541 191808 126778026 29630 0 601156 0 0 0
cpu1 447248 10657 758564 125640474 22368 0 733465 0 0 0
cpu2 131524 2862 220256 126832114 29480 0 626790 0 0 0
cpu3 127232 13783 199690 126822141 27546 0 596172 0 0 0
intr 11605917586 0 0 2562273 81 0 699942 31765854 0 0 0 9030397 0 0 0 0 0 0 0 0 0 0 0 0 0 0 0 0 0 0 0 0 0 0 0 0 0 0 0 0 0 0 0 0 0 0 0 0 0 0 0 0 2110048141 0 0 0 0 0 0 0 0 741727 0 408675 0 0 0 0 0 0 0 0 0 0 0 667847748 1 0 0 0 0 0 0 0 0 0 0 0 0 0 0 0 0 0 0 0 0 0 0 400910 4219 0 0 0 0 16812332 0 0 0 0 0 0 0 0 0 0 0 0 0 0 0 0 0 0 0 0 0 0 0 0 0 0 0 0 0 0 0 0 0 0 0 0 0 0 0 0 0 0 0 0 0 0 0 0 0 0 0 0 0 0 0 0 0 0 0 0 0 0 0 0 0 0 0 0 0 0 0 0 0 0 0 175660695 0 0 0
ctxt 374903360
btime 1669654930
processes 529157
procs_running 1
procs_blocked 0
softirq 851929268 596046810 29767151 731871 62191921 408606 0 103085714 38336522 588 21360085

cpu  817020 36845 1370320 506072953 109026 0 2557584 0 0 0
cpu0 111015 9541 191808 126778075 29630 0 601156 0 0 0
cpu1 447248 10657 758564 125640524 22368 0 733465 0 0 0
cpu2 131524 2862 220256 126832163 29480 0 626790 0 0 0
cpu3 127232 13783 199690 126822190 27546 0 596172 0 0 0
intr 11605921839 0 0 2562274 81 0 699942 31765874 0 0 0 9030401 0 0 0 0 0 0 0 0 0 0 0 0 0 0 0 0 0 0 0 0 0 0 0 0 0 0 0 0 0 0 0 0 0 0 0 0 0 0 0 0 2110052169 0 0 0 0 0 0 0 0 741728 0 408675 0 0 0 0 0 0 0 0 0 0 0 667847901 1 0 0 0 0 0 0 0 0 0 0 0 0 0 0 0 0 0 0 0 0 0 0 400910 4219 0 0 0 0 16812347 0 0 0 0 0 0 0 0 0 0 0 0 0 0 0 0 0 0 0 0 0 0 0 0 0 0 0 0 0 0 0 0 0 0 0 0 0 0 0 0 0 0 0 0 0 0 0 0 0 0 0 0 0 0 0 0 0 0 0 0 0 0 0 0 0 0 0 0 0 0 0 0 0 0 0 175660726 0 0 0
ctxt 374903454
btime 1669654930
processes 529157
procs_running 1
procs_blocked 0
softirq 851929336 596046818 29767166 731871 62191922 408606 0 103085728 38336542 588 21360095

cpu  817021 36845 1370320 506073150 109026 0 2557584 0 0 0
cpu0 111015 9541 191808 126778124 29630 0 601156 0 0 0
cpu1 447248 10657 758564 125640573 22368 0 733465 0 0 0
cpu2 131524 2862 220256 126832213 29480 0 626790 0 0 0
cpu3 127232 13783 199690 126822240 27546 0 596172 0 0 0
intr 11605926033 0 0 2562274 81 0 699942 31765896 0 0 0 9030404 0 0 0 0 0 0 0 0 0 0 0 0 0 0 0 0 0 0 0 0 0 0 0 0 0 0 0 0 0 0 0 0 0 0 0 0 0 0 0 0 2110056165 0 0 0 0 0 0 0 0 741729 0 408675 0 0 0 0 0 0 0 0 0 0 0 667848029 1 0 0 0 0 0 0 0 0 0 0 0 0 0 0 0 0 0 0 0 0 0 0 400910 4219 0 0 0 0 16812362 0 0 0 0 0 0 0 0 0 0 0 0 0 0 0 0 0 0 0 0 0 0 0 0 0 0 0 0 0 0 0 0 0 0 0 0 0 0 0 0 0 0 0 0 0 0 0 0 0 0 0 0 0 0 0 0 0 0 0 0 0 0 0 0 0 0 0 0 0 0 0 0 0 0 0 175660755 0 0 0
ctxt 374903539
btime 1669654930
processes 529157
procs_running 1
procs_blocked 0
softirq 851929392 596046818 29767179 731872 62191923 408606 0 103085741 38336560 588 21360105

cpu  817021 36845 1370320 506073347 109026 0 2557584 0 0 0
cpu0 111016 9541 191808 126778173 29630 0 601156 0 0 0
cpu1 447248 10657 758564 125640622 22368 0 733465 0 0 0
cpu2 131524 2862 220256 126832262 29480 0 626790 0 0 0
cpu3 127232 13783 199690 126822289 27546 0 596172 0 0 0
intr 11605930290 0 0 2562274 81 0 699942 31765922 0 0 0 9030408 0 0 0 0 0 0 0 0 0 0 0 0 0 0 0 0 0 0 0 0 0 0 0 0 0 0 0 0 0 0 0 0 0 0 0 0 0 0 0 0 2110060192 0 0 0 0 0 0 0 0 741730 0 408675 0 0 0 0 0 0 0 0 0 0 0 667848183 1 0 0 0 0 0 0 0 0 0 0 0 0 0 0 0 0 0 0 0 0 0 0 400910 4219 0 0 0 0 16812377 0 0 0 0 0 0 0 0 0 0 0 0 0 0 0 0 0 0 0 0 0 0 0 0 0 0 0 0 0 0 0 0 0 0 0 0 0 0 0 0 0 0 0 0 0 0 0 0 0 0 0 0 0 0 0 0 0 0 0 0 0 0 0 0 0 0 0 0 0 0 0 0 0 0 0 175660785 0 0 0
ctxt 374903641
btime 1669654930
processes 529157
procs_running 1
procs_blocked 0
softirq 851929458 596046826 29767193 731872 62191924 408606 0 103085755 38336579 588 21360115

cpu  817022 36845 1370320 506073544 109026 0 2557584 0 0 0
cpu0 111016 9541 191808 126778222 29630 0 601156 0 0 0
cpu1 447248 10657 758564 125640671 22368 0 733465 0 0 0
cpu2 131524 2862 220256 126832312 29480 0 626790 0 0 0
cpu3 127232 13783 199690 126822338 27546 0 596172 0 0 0
intr 11605934484 0 0 2562274 81 0 699942 31765942 0 0 0 9030411 0 0 0 0 0 0 0 0 0 0 0 0 0 0 0 0 0 0 0 0 0 0 0 0 0 0 0 0 0 0 0 0 0 0 0 0 0 0 0 0 2110064189 0 0 0 0 0 0 0 0 741731 0 408675 0 0 0 0 0 0 0 0 0 0 0 667848311 1 0 0 0 0 0 0 0 0 0 0 0 0 0 0 0 0 0 0 0 0 0 0 400910 4219 0 0 0 0 16812392 0 0 0 0 0 0 0 0 0 0 0 0 0 0 0 0 0 0 0 0 0 0 0 0 0 0 0 0 0 0 0 0 0 0 0 0 0 0 0 0 0 0 0 0 0 0 0 0 0 0 0 0 0 0 0 0 0 0 0 0 0 0 0 0 0 0 0 0 0 0 0 0 0 0 0 175660815 0 0 0
ctxt 374903728
btime 1669654930
processes 529157
procs_running 1
procs_blocked 0
softirq 851929511 596046826 29767205 731872 62191925 408606 0 103085768 38336596 588 21360125

cpu  817022 36845 1370320 506073741 109026 0 2557584 0 0 0
cpu0 111016 9541 191808 126778271 29630 0 601156 0 0 0
cpu1 447248 10657 758565 125640720 22368 0 733465 0 0 0
cpu2 131524 2862 220256 126832361 29480 0 626790 0 0 0
cpu3 127232 13783 199690 126822388 27546 0 596172 0 0 0
intr 11605938816 0 0 2562275 81 0 699942 31765993 0 0 0 9030416 0 0 0 0 0 0 0 0 0 0 0 0 0 0 0 0 0 0 0 0 0 0 0 0 0 0 0 0 0 0 0 0 0 0 0 0 0 0 0 0 2110068217 0 0 0 0 0 0 0 0 741732 0 408675 0 0 0 0 0 0 0 0 0 0 0 667848464 1 0 0 0 0 0 0 0 0 0 0 0 0 0 0 0 0 0 0 0 0 0 0 400910 4219 0 0 0 0 16812448 0 0 0 0 0 0 0 0 0 0 0 0 0 0 0 0 0 0 0 0 0 0 0 0 0 0 0 0 0 0 0 0 0 0 0 0 0 0 0 0 0 0 0 0 0 0 0 0 0 0 0 0 0 0 0 0 0 0 0 0 0 0 0 0 0 0 0 0 0 0 0 0 0 0 0 175660851 0 0 0
ctxt 374903898
btime 1669654930
processes 529157
procs_running 1
procs_blocked 0
softirq 851929617 596046834 29767221 731872 62191930 408606 0 103085812 38336619 588 21360135

cpu  817022 36845 1370322 506073936 109026 0 2557584 0 0 0
cpu0 111016 9541 191809 126778320 29630 0 601156 0 0 0
cpu1 447248 10657 758565 125640768 22368 0 733465 0 0 0
cpu2 131524 2862 220257 126832410 29480 0 626790 0 0 0
cpu3 127232 13783 199690 126822437 27546 0 596172 0 0 0
intr 11605943130 0 0 2562275 81 0 699942 31766058 0 0 0 9030420 0 0 0 0 0 0 0 0 0 0 0 0 0 0 0 0 0 0 0 0 0 0 0 0 0 0 0 0 0 0 0 0 0 0 0 0 0 0 0 0 2110072215 0 0 0 0 0 0 0 0 741733 0 408675 0 0 0 0 0 0 0 0 0 0 0 667848592 1 0 0 0 0 0 0 0 0 0 0 0 0 0 0 0 0 0 0 0 0 0 0 400910 4219 0 0 0 0 16812523 0 0 0 0 0 0 0 0 0 0 0 0 0 0 0 0 0 0 0 0 0 0 0 0 0 0 0 0 0 0 0 0 0 0 0 0 0 0 0 0 0 0 0 0 0 0 0 0 0 0 0 0 0 0 0 0 0 0 0 0 0 0 0 0 0 0 0 0 0 0 0 0 0 0 0 175660895 0 0 0
ctxt 374904118
btime 1669654930
processes 529157
procs_running 1
procs_blocked 0
softirq 851929738 596046834 29767238 731872 62191937 408606 0 103085873 38336642 588 21360148
