cpu  640212 32099 1221258 456965702 97172 0 1279216 0 0 0
cpu0 95267 9522 165320 114463543 26663 0 284636 0 0 0
cpu1 324539 10210 694117 113475617 19431 0 405811 0 0 0
cpu2 113140 2833 190300 114516427 26310 0 306884 0 0 0
cpu3 107264 9534 171520 114510114 24767 0 281885 0 0 0
intr 10213873701 0 0 2336260 81 0 583272 24531992 0 0 0 8098641 0 0 0 0 0 0 0 0 0 0 0 0 0 0 0 0 0 0 0 0 0 0 0 0 0 0 0 0 0 0 0 0 0 0 0 0 0 0 0 0 936590204 0 0 0 0 0 0 0 0 464526 0 317315 0 0 0 0 0 0 0 0 0 0 0 491248644 1 0 0 0 0 0 0 0 0 0 0 0 0 0 0 0 0 0 0 0 0 0 0 309550 4219 0 0 0 0 11907346 0 0 0 0 0 0 0 0 0 0 0 0 0 0 0 0 0 0 0 0 0 0 0 0 0 0 0 0 0 0 0 0 0 0 0 0 0 0 0 0 0 0 0 0 0 0 0 0 0 0 0 0 0 0 0 0 0 0 0 0 0 0 0 0 0 0 0 0 0 0 0 0 0 0 0 147547059 0 0 0
ctxt 321585912
btime 1669654930
processes 450035
procs_running 2
procs_blocked 0
softirq 441878623 313726739 24041987 701103 17007441 317261 0 47619743 28436845 557 10026947

cpu  640213 32099 1221260 456965897 97172 0 1279216 0 0 0
cpu0 95268 9522 165320 114463593 26663 0 284636 0 0 0
cpu1 324540 10210 694119 113475663 19431 0 405811 0 0 0
cpu2 113140 2833 190300 114516476 26310 0 306884 0 0 0
cpu3 107264 9534 171520 114510164 24767 0 281885 0 0 0
intr 10213878381 0 0 2336264 81 0 583272 24532012 0 0 0 8098646 0 0 0 0 0 0 0 0 0 0 0 0 0 0 0 0 0 0 0 0 0 0 0 0 0 0 0 0 0 0 0 0 0 0 0 0 0 0 0 0 936594217 0 0 0 0 0 0 0 0 464527 0 317315 0 0 0 0 0 0 0 0 0 0 0 491248774 1 0 0 0 0 0 0 0 0 0 0 0 0 0 0 0 0 0 0 0 0 0 0 309550 4219 0 0 0 0 11907361 0 0 0 0 0 0 0 0 0 0 0 0 0 0 0 0 0 0 0 0 0 0 0 0 0 0 0 0 0 0 0 0 0 0 0 0 0 0 0 0 0 0 0 0 0 0 0 0 0 0 0 0 0 0 0 0 0 0 0 0 0 0 0 0 0 0 0 0 0 0 0 0 0 0 0 147547552 0 0 0
ctxt 321586895
btime 1669654930
processes 450035
procs_running 2
procs_blocked 0
softirq 441878687 313726739 24042000 701103 17007442 317261 0 47619757 28436872 557 10026956

cpu  640214 32099 1221262 456966090 97172 0 1279216 0 0 0
cpu0 95268 9522 165320 114463642 26663 0 284636 0 0 0
cpu1 324542 10210 694121 113475708 19431 0 405811 0 0 0
cpu2 113140 2833 190300 114516526 26310 0 306884 0 0 0
cpu3 107264 9534 171520 114510213 24767 0 281885 0 0 0
intr 10213883091 0 0 2336269 81 0 583272 24532033 0 0 0 8098651 0 0 0 0 0 0 0 0 0 0 0 0 0 0 0 0 0 0 0 0 0 0 0 0 0 0 0 0 0 0 0 0 0 0 0 0 0 0 0 0 936598238 0 0 0 0 0 0 0 0 464528 0 317315 0 0 0 0 0 0 0 0 0 0 0 491248926 1 0 0 0 0 0 0 0 0 0 0 0 0 0 0 0 0 0 0 0 0 0 0 309550 4219 0 0 0 0 11907376 0 0 0 0 0 0 0 0 0 0 0 0 0 0 0 0 0 0 0 0 0 0 0 0 0 0 0 0 0 0 0 0 0 0 0 0 0 0 0 0 0 0 0 0 0 0 0 0 0 0 0 0 0 0 0 0 0 0 0 0 0 0 0 0 0 0 0 0 0 0 0 0 0 0 0 147548040 0 0 0
ctxt 321587896
btime 1669654930
processes 450035
procs_running 1
procs_blocked 0
softirq 441878760 313726747 24042015 701103 17007443 317261 0 47619772 28436898 557 10026964

cpu  640216 32099 1221264 456966284 97172 0 1279216 0 0 0
cpu0 95268 9522 165320 114463691 26663 0 284636 0 0 0
cpu1 324543 10210 694122 113475754 19431 0 405811 0 0 0
cpu2 113140 2833 190300 114516575 26310 0 306884 0 0 0
cpu3 107264 9534 171520 114510262 24767 0 281885 0 0 0
intr 10213887761 0 0 2336273 81 0 583272 24532050 0 0 0 8098656 0 0 0 0 0 0 0 0 0 0 0 0 0 0 0 0 0 0 0 0 0 0 0 0 0 0 0 0 0 0 0 0 0 0 0 0 0 0 0 0 936602243 0 0 0 0 0 0 0 0 464529 0 317315 0 0 0 0 0 0 0 0 0 0 0 491249056 1 0 0 0 0 0 0 0 0 0 0 0 0 0 0 0 0 0 0 0 0 0 0 309550 4219 0 0 0 0 11907391 0 0 0 0 0 0 0 0 0 0 0 0 0 0 0 0 0 0 0 0 0 0 0 0 0 0 0 0 0 0 0 0 0 0 0 0 0 0 0 0 0 0 0 0 0 0 0 0 0 0 0 0 0 0 0 0 0 0 0 0 0 0 0 0 0 0 0 0 0 0 0 0 0 0 0 147548534 0 0 0
ctxt 321588885
btime 1669654930
processes 450035
procs_running 1
procs_blocked 0
softirq 441878824 313726747 24042029 701103 17007444 317261 0 47619786 28436923 557 10026974

cpu  640216 32099 1221266 456966477 97172 0 1279216 0 0 0
cpu0 95268 9522 165320 114463740 26663 0 284636 0 0 0
cpu1 324543 10210 694124 113475800 19431 0 405811 0 0 0
cpu2 113140 2833 190300 114516624 26310 0 306884 0 0 0
cpu3 107264 9534 171520 114510312 24767 0 281885 0 0 0
intr 10213892492 0 0 2336277 81 0 583272 24532083 0 0 0 8098661 0 0 0 0 0 0 0 0 0 0 0 0 0 0 0 0 0 0 0 0 0 0 0 0 0 0 0 0 0 0 0 0 0 0 0 0 0 0 0 0 936606265 0 0 0 0 0 0 0 0 464530 0 317315 0 0 0 0 0 0 0 0 0 0 0 491249208 1 0 0 0 0 0 0 0 0 0 0 0 0 0 0 0 0 0 0 0 0 0 0 309550 4219 0 0 0 0 11907416 0 0 0 0 0 0 0 0 0 0 0 0 0 0 0 0 0 0 0 0 0 0 0 0 0 0 0 0 0 0 0 0 0 0 0 0 0 0 0 0 0 0 0 0 0 0 0 0 0 0 0 0 0 0 0 0 0 0 0 0 0 0 0 0 0 0 0 0 0 0 0 0 0 0 0 147549023 0 0 0
ctxt 321589896
btime 1669654930
processes 450035
procs_running 2
procs_blocked 0
softirq 441878901 313726755 24042042 701103 17007446 317261 0 47619806 28436949 557 10026982

cpu  640216 32099 1221268 456966671 97172 0 1279216 0 0 0
cpu0 95268 9522 165320 114463789 26663 0 284636 0 0 0
cpu1 324543 10210 694127 113475846 19431 0 405811 0 0 0
cpu2 113140 2833 190300 114516673 26310 0 306884 0 0 0
cpu3 107264 9534 171520 114510361 24767 0 281885 0 0 0
intr 10213897199 0 0 2336281 81 0 583272 24532116 0 0 0 8098666 0 0 0 0 0 0 0 0 0 0 0 0 0 0 0 0 0 0 0 0 0 0 0 0 0 0 0 0 0 0 0 0 0 0 0 0 0 0 0 0 936610262 0 0 0 0 0 0 0 0 464531 0 317315 0 0 0 0 0 0 0 0 0 0 0 491249338 1 0 0 0 0 0 0 0 0 0 0 0 0 0 0 0 0 0 0 0 0 0 0 309550 4219 0 0 0 0 11907452 0 0 0 0 0 0 0 0 0 0 0 0 0 0 0 0 0 0 0 0 0 0 0 0 0 0 0 0 0 0 0 0 0 0 0 0 0 0 0 0 0 0 0 0 0 0 0 0 0 0 0 0 0 0 0 0 0 0 0 0 0 0 0 0 0 0 0 0 0 0 0 0 0 0 0 147549524 0 0 0
ctxt 321590929
btime 1669654930
processes 450035
procs_running 2
procs_blocked 0
softirq 441879001 313726755 24042060 701104 17007448 317261 0 47619836 28436981 557 10026999

cpu  640216 32099 1221271 456966864 97172 0 1279216 0 0 0
cpu0 95268 9522 165321 114463838 26663 0 284636 0 0 0
cpu1 324543 10210 694129 113475892 19431 0 405811 0 0 0
cpu2 113140 2833 190300 114516722 26310 0 306884 0 0 0
cpu3 107264 9534 171520 114510411 24767 0 281885 0 0 0
intr 10213901921 0 0 2336286 81 0 583272 24532143 0 0 0 8098671 0 0 0 0 0 0 0 0 0 0 0 0 0 0 0 0 0 0 0 0 0 0 0 0 0 0 0 0 0 0 0 0 0 0 0 0 0 0 0 0 936614280 0 0 0 0 0 0 0 0 464532 0 317315 0 0 0 0 0 0 0 0 0 0 0 491249490 1 0 0 0 0 0 0 0 0 0 0 0 0 0 0 0 0 0 0 0 0 0 0 309550 4219 0 0 0 0 11907471 0 0 0 0 0 0 0 0 0 0 0 0 0 0 0 0 0 0 0 0 0 0 0 0 0 0 0 0 0 0 0 0 0 0 0 0 0 0 0 0 0 0 0 0 0 0 0 0 0 0 0 0 0 0 0 0 0 0 0 0 0 0 0 0 0 0 0 0 0 0 0 0 0 0 0 147550019 0 0 0
ctxt 321591933
btime 1669654930
processes 450035
procs_running 1
procs_blocked 0
softirq 441879082 313726763 24042074 701104 17007450 317261 0 47619853 28437008 557 10027012

cpu  640217 32099 1221274 456967058 97172 0 1279217 0 0 0
cpu0 95268 9522 165321 114463887 26663 0 284636 0 0 0
cpu1 324544 10210 694132 113475937 19431 0 405811 0 0 0
cpu2 113140 2833 190300 114516772 26310 0 306884 0 0 0
cpu3 107264 9534 171520 114510460 24767 0 281885 0 0 0
intr 10213906587 0 0 2336290 81 0 583272 24532157 0 0 0 8098676 0 0 0 0 0 0 0 0 0 0 0 0 0 0 0 0 0 0 0 0 0 0 0 0 0 0 0 0 0 0 0 0 0 0 0 0 0 0 0 0 936618285 0 0 0 0 0 0 0 0 464533 0 317315 0 0 0 0 0 0 0 0 0 0 0 491249620 1 0 0 0 0 0 0 0 0 0 0 0 0 0 0 0 0 0 0 0 0 0 0 309550 4219 0 0 0 0 11907486 0 0 0 0 0 0 0 0 0 0 0 0 0 0 0 0 0 0 0 0 0 0 0 0 0 0 0 0 0 0 0 0 0 0 0 0 0 0 0 0 0 0 0 0 0 0 0 0 0 0 0 0 0 0 0 0 0 0 0 0 0 0 0 0 0 0 0 0 0 0 0 0 0 0 0 147550511 0 0 0
ctxt 321592918
btime 1669654930
processes 450035
procs_running 1
procs_blocked 0
softirq 441879144 313726763 24042087 701104 17007451 317261 0 47619867 28437033 557 10027021

cpu  640217 32099 1221277 456967251 97172 0 1279217 0 0 0
cpu0 95268 9522 165321 114463936 26663 0 284636 0 0 0
cpu1 324544 10210 694134 113475983 19431 0 405811 0 0 0
cpu2 113140 2833 190300 114516821 26310 0 306884 0 0 0
cpu3 107264 9534 171520 114510510 24767 0 281885 0 0 0
intr 10213911297 0 0 2336294 81 0 583272 24532179 0 0 0 8098681 0 0 0 0 0 0 0 0 0 0 0 0 0 0 0 0 0 0 0 0 0 0 0 0 0 0 0 0 0 0 0 0 0 0 0 0 0 0 0 0 936622305 0 0 0 0 0 0 0 0 464534 0 317315 0 0 0 0 0 0 0 0 0 0 0 491249772 1 0 0 0 0 0 0 0 0 0 0 0 0 0 0 0 0 0 0 0 0 0 0 309550 4219 0 0 0 0 11907501 0 0 0 0 0 0 0 0 0 0 0 0 0 0 0 0 0 0 0 0 0 0 0 0 0 0 0 0 0 0 0 0 0 0 0 0 0 0 0 0 0 0 0 0 0 0 0 0 0 0 0 0 0 0 0 0 0 0 0 0 0 0 0 0 0 0 0 0 0 0 0 0 0 0 0 147551003 0 0 0
ctxt 321593913
btime 1669654930
processes 450035
procs_running 1
procs_blocked 0
softirq 441879213 313726771 24042100 701104 17007452 317261 0 47619881 28437058 557 10027029

cpu  640218 32099 1221278 456967445 97172 0 1279217 0 0 0
cpu0 95268 9522 165321 114463985 26663 0 284636 0 0 0
cpu1 324545 10210 694136 113476029 19431 0 405811 0 0 0
cpu2 113140 2833 190300 114516870 26310 0 306884 0 0 0
cpu3 107264 9534 171520 114510559 24767 0 281885 0 0 0
intr 10213915965 0 0 2336298 81 0 583272 24532198 0 0 0 8098686 0 0 0 0 0 0 0 0 0 0 0 0 0 0 0 0 0 0 0 0 0 0 0 0 0 0 0 0 0 0 0 0 0 0 0 0 0 0 0 0 936626309 0 0 0 0 0 0 0 0 464535 0 317315 0 0 0 0 0 0 0 0 0 0 0 491249902 1 0 0 0 0 0 0 0 0 0 0 0 0 0 0 0 0 0 0 0 0 0 0 309550 4219 0 0 0 0 11907516 0 0 0 0 0 0 0 0 0 0 0 0 0 0 0 0 0 0 0 0 0 0 0 0 0 0 0 0 0 0 0 0 0 0 0 0 0 0 0 0 0 0 0 0 0 0 0 0 0 0 0 0 0 0 0 0 0 0 0 0 0 0 0 0 0 0 0 0 0 0 0 0 0 0 0 147551492 0 0 0
ctxt 321594900
btime 1669654930
processes 450035
procs_running 1
procs_blocked 0
softirq 441879271 313726771 24042112 701104 17007453 317261 0 47619895 28437080 557 10027038

cpu  640218 32099 1221279 456967639 97172 0 1279217 0 0 0
cpu0 95268 9522 165321 114464034 26663 0 284636 0 0 0
cpu1 324545 10210 694137 113476075 19431 0 405811 0 0 0
cpu2 113140 2833 190300 114516919 26310 0 306884 0 0 0
cpu3 107264 9534 171520 114510608 24767 0 281885 0 0 0
intr 10213920674 0 0 2336303 81 0 583272 24532224 0 0 0 8098690 0 0 0 0 0 0 0 0 0 0 0 0 0 0 0 0 0 0 0 0 0 0 0 0 0 0 0 0 0 0 0 0 0 0 0 0 0 0 0 0 936630328 0 0 0 0 0 0 0 0 464536 0 317315 0 0 0 0 0 0 0 0 0 0 0 491250054 1 0 0 0 0 0 0 0 0 0 0 0 0 0 0 0 0 0 0 0 0 0 0 309550 4219 0 0 0 0 11907531 0 0 0 0 0 0 0 0 0 0 0 0 0 0 0 0 0 0 0 0 0 0 0 0 0 0 0 0 0 0 0 0 0 0 0 0 0 0 0 0 0 0 0 0 0 0 0 0 0 0 0 0 0 0 0 0 0 0 0 0 0 0 0 0 0 0 0 0 0 0 0 0 0 0 0 147551980 0 0 0
ctxt 321595900
btime 1669654930
processes 450035
procs_running 2
procs_blocked 0
softirq 441879338 313726779 24042126 701104 17007454 317261 0 47619908 28437102 557 10027047

cpu  640218 32099 1221281 456967833 97172 0 1279217 0 0 0
cpu0 95268 9522 165321 114464083 26663 0 284636 0 0 0
cpu1 324545 10210 694139 113476121 19431 0 405811 0 0 0
cpu2 113140 2833 190300 114516969 26310 0 306884 0 0 0
cpu3 107264 9534 171520 114510658 24767 0 281885 0 0 0
intr 10213925337 0 0 2336307 81 0 583272 24532240 0 0 0 8098695 0 0 0 0 0 0 0 0 0 0 0 0 0 0 0 0 0 0 0 0 0 0 0 0 0 0 0 0 0 0 0 0 0 0 0 0 0 0 0 0 936634332 0 0 0 0 0 0 0 0 464537 0 317315 0 0 0 0 0 0 0 0 0 0 0 491250184 1 0 0 0 0 0 0 0 0 0 0 0 0 0 0 0 0 0 0 0 0 0 0 309550 4219 0 0 0 0 11907546 0 0 0 0 0 0 0 0 0 0 0 0 0 0 0 0 0 0 0 0 0 0 0 0 0 0 0 0 0 0 0 0 0 0 0 0 0 0 0 0 0 0 0 0 0 0 0 0 0 0 0 0 0 0 0 0 0 0 0 0 0 0 0 0 0 0 0 0 0 0 0 0 0 0 0 147552466 0 0 0
ctxt 321596888
btime 1669654930
processes 450035
procs_running 1
procs_blocked 0
softirq 441879396 313726779 24042139 701104 17007455 317261 0 47619922 28437122 557 10027057

cpu  640218 32099 1221284 456968026 97172 0 1279217 0 0 0
cpu0 95268 9522 165321 114464132 26663 0 284636 0 0 0
cpu1 324545 10210 694142 113476167 19431 0 405811 0 0 0
cpu2 113140 2833 190300 114517018 26310 0 306884 0 0 0
cpu3 107264 9534 171520 114510707 24767 0 281885 0 0 0
intr 10213930050 0 0 2336311 81 0 583272 24532262 0 0 0 8098700 0 0 0 0 0 0 0 0 0 0 0 0 0 0 0 0 0 0 0 0 0 0 0 0 0 0 0 0 0 0 0 0 0 0 0 0 0 0 0 0 936638354 0 0 0 0 0 0 0 0 464538 0 317315 0 0 0 0 0 0 0 0 0 0 0 491250336 1 0 0 0 0 0 0 0 0 0 0 0 0 0 0 0 0 0 0 0 0 0 0 309550 4219 0 0 0 0 11907561 0 0 0 0 0 0 0 0 0 0 0 0 0 0 0 0 0 0 0 0 0 0 0 0 0 0 0 0 0 0 0 0 0 0 0 0 0 0 0 0 0 0 0 0 0 0 0 0 0 0 0 0 0 0 0 0 0 0 0 0 0 0 0 0 0 0 0 0 0 0 0 0 0 0 0 147552960 0 0 0
ctxt 321597893
btime 1669654930
processes 450035
procs_running 2
procs_blocked 0
softirq 441879469 313726787 24042152 701104 17007456 317261 0 47619937 28437148 557 10027067

cpu  640218 32099 1221286 456968220 97172 0 1279217 0 0 0
cpu0 95268 9522 165321 114464182 26663 0 284636 0 0 0
cpu1 324545 10210 694144 113476213 19431 0 405811 0 0 0
cpu2 113140 2833 190300 114517067 26310 0 306884 0 0 0
cpu3 107264 9534 171520 114510757 24767 0 281885 0 0 0
intr 10213934728 0 0 2336315 81 0 583272 24532281 0 0 0 8098705 0 0 0 0 0 0 0 0 0 0 0 0 0 0 0 0 0 0 0 0 0 0 0 0 0 0 0 0 0 0 0 0 0 0 0 0 0 0 0 0 936642360 0 0 0 0 0 0 0 0 464539 0 317315 0 0 0 0 0 0 0 0 0 0 0 491250466 1 0 0 0 0 0 0 0 0 0 0 0 0 0 0 0 0 0 0 0 0 0 0 309550 4219 0 0 0 0 11907576 0 0 0 0 0 0 0 0 0 0 0 0 0 0 0 0 0 0 0 0 0 0 0 0 0 0 0 0 0 0 0 0 0 0 0 0 0 0 0 0 0 0 0 0 0 0 0 0 0 0 0 0 0 0 0 0 0 0 0 0 0 0 0 0 0 0 0 0 0 0 0 0 0 0 0 147553457 0 0 0
ctxt 321598892
btime 1669654930
processes 450035
procs_running 1
procs_blocked 0
softirq 441879535 313726787 24042166 701104 17007457 317261 0 47619951 28437174 557 10027078

cpu  640219 32099 1221288 456968413 97172 0 1279217 0 0 0
cpu0 95268 9522 165321 114464231 26663 0 284636 0 0 0
cpu1 324546 10210 694146 113476258 19431 0 405811 0 0 0
cpu2 113140 2833 190300 114517116 26310 0 306884 0 0 0
cpu3 107264 9534 171520 114510806 24767 0 281885 0 0 0
intr 10213939435 0 0 2336319 81 0 583272 24532301 0 0 0 8098710 0 0 0 0 0 0 0 0 0 0 0 0 0 0 0 0 0 0 0 0 0 0 0 0 0 0 0 0 0 0 0 0 0 0 0 0 0 0 0 0 936646381 0 0 0 0 0 0 0 0 464540 0 317315 0 0 0 0 0 0 0 0 0 0 0 491250618 1 0 0 0 0 0 0 0 0 0 0 0 0 0 0 0 0 0 0 0 0 0 0 309550 4219 0 0 0 0 11907591 0 0 0 0 0 0 0 0 0 0 0 0 0 0 0 0 0 0 0 0 0 0 0 0 0 0 0 0 0 0 0 0 0 0 0 0 0 0 0 0 0 0 0 0 0 0 0 0 0 0 0 0 0 0 0 0 0 0 0 0 0 0 0 0 0 0 0 0 0 0 0 0 0 0 0 147553947 0 0 0
ctxt 321599890
btime 1669654930
processes 450035
procs_running 2
procs_blocked 0
softirq 441879605 313726795 24042180 701104 17007458 317261 0 47619965 28437197 557 10027088

cpu  640220 32099 1221290 456968607 97172 0 1279217 0 0 0
cpu0 95268 9522 165321 114464280 26663 0 284636 0 0 0
cpu1 324547 10210 694148 113476304 19431 0 405811 0 0 0
cpu2 113140 2833 190300 114517166 26310 0 306884 0 0 0
cpu3 107264 9534 171520 114510856 24767 0 281885 0 0 0
intr 10213944095 0 0 2336324 81 0 583272 24532316 0 0 0 8098715 0 0 0 0 0 0 0 0 0 0 0 0 0 0 0 0 0 0 0 0 0 0 0 0 0 0 0 0 0 0 0 0 0 0 0 0 0 0 0 0 936650377 0 0 0 0 0 0 0 0 464541 0 317315 0 0 0 0 0 0 0 0 0 0 0 491250746 1 0 0 0 0 0 0 0 0 0 0 0 0 0 0 0 0 0 0 0 0 0 0 309550 4219 0 0 0 0 11907606 0 0 0 0 0 0 0 0 0 0 0 0 0 0 0 0 0 0 0 0 0 0 0 0 0 0 0 0 0 0 0 0 0 0 0 0 0 0 0 0 0 0 0 0 0 0 0 0 0 0 0 0 0 0 0 0 0 0 0 0 0 0 0 0 0 0 0 0 0 0 0 0 0 0 0 147554441 0 0 0
ctxt 321600883
btime 1669654930
processes 450035
procs_running 1
procs_blocked 0
softirq 441879671 313726795 24042194 701104 17007459 317261 0 47619979 28437221 557 10027101

cpu  640221 32099 1221292 456968801 97172 0 1279217 0 0 0
cpu0 95268 9522 165321 114464329 26663 0 284636 0 0 0
cpu1 324548 10210 694150 113476350 19431 0 405811 0 0 0
cpu2 113140 2833 190301 114517215 26310 0 306884 0 0 0
cpu3 107264 9534 171520 114510905 24767 0 281885 0 0 0
intr 10213948823 0 0 2336332 81 0 583272 24532338 0 0 0 8098720 0 0 0 0 0 0 0 0 0 0 0 0 0 0 0 0 0 0 0 0 0 0 0 0 0 0 0 0 0 0 0 0 0 0 0 0 0 0 0 0 936654404 0 0 0 0 0 0 0 0 464542 0 317315 0 0 0 0 0 0 0 0 0 0 0 491250898 1 0 0 0 0 0 0 0 0 0 0 0 0 0 0 0 0 0 0 0 0 0 0 309550 4219 0 0 0 0 11907621 0 0 0 0 0 0 0 0 0 0 0 0 0 0 0 0 0 0 0 0 0 0 0 0 0 0 0 0 0 0 0 0 0 0 0 0 0 0 0 0 0 0 0 0 0 0 0 0 0 0 0 0 0 0 0 0 0 0 0 0 0 0 0 0 0 0 0 0 0 0 0 0 0 0 0 147554939 0 0 0
ctxt 321601885
btime 1669654930
processes 450035
procs_running 1
procs_blocked 0
softirq 441879747 313726803 24042209 701104 17007460 317261 0 47619992 28437248 557 10027113

cpu  640221 32099 1221294 456968994 97172 0 1279217 0 0 0
cpu0 95268 9522 165321 114464377 26663 0 284636 0 0 0
cpu1 324548 10210 694151 113476396 19431 0 405811 0 0 0
cpu2 113140 2833 190301 114517264 26310 0 306884 0 0 0
cpu3 107264 9534 171520 114510955 24767 0 281885 0 0 0
intr 10213953483 0 0 2336336 81 0 583272 24532357 0 0 0 8098725 0 0 0 0 0 0 0 0 0 0 0 0 0 0 0 0 0 0 0 0 0 0 0 0 0 0 0 0 0 0 0 0 0 0 0 0 0 0 0 0 936658400 0 0 0 0 0 0 0 0 464543 0 317315 0 0 0 0 0 0 0 0 0 0 0 491251028 1 0 0 0 0 0 0 0 0 0 0 0 0 0 0 0 0 0 0 0 0 0 0 309550 4219 0 0 0 0 11907636 0 0 0 0 0 0 0 0 0 0 0 0 0 0 0 0 0 0 0 0 0 0 0 0 0 0 0 0 0 0 0 0 0 0 0 0 0 0 0 0 0 0 0 0 0 0 0 0 0 0 0 0 0 0 0 0 0 0 0 0 0 0 0 0 0 0 0 0 0 0 0 0 0 0 0 147555429 0 0 0
ctxt 321602880
btime 1669654930
processes 450035
procs_running 1
procs_blocked 0
softirq 441879808 313726803 24042222 701105 17007461 317261 0 47620006 28437268 557 10027125

cpu  640221 32099 1221297 456969188 97172 0 1279217 0 0 0
cpu0 95268 9522 165321 114464426 26663 0 284636 0 0 0
cpu1 324548 10210 694154 113476442 19431 0 405811 0 0 0
cpu2 113140 2833 190301 114517314 26310 0 306884 0 0 0
cpu3 107264 9534 171520 114511004 24767 0 281885 0 0 0
intr 10213958202 0 0 2336340 81 0 583273 24532381 0 0 0 8098730 0 0 0 0 0 0 0 0 0 0 0 0 0 0 0 0 0 0 0 0 0 0 0 0 0 0 0 0 0 0 0 0 0 0 0 0 0 0 0 0 936662427 0 0 0 0 0 0 0 0 464544 0 317315 0 0 0 0 0 0 0 0 0 0 0 491251180 1 0 0 0 0 0 0 0 0 0 0 0 0 0 0 0 0 0 0 0 0 0 0 309550 4219 0 0 0 0 11907651 0 0 0 0 0 0 0 0 0 0 0 0 0 0 0 0 0 0 0 0 0 0 0 0 0 0 0 0 0 0 0 0 0 0 0 0 0 0 0 0 0 0 0 0 0 0 0 0 0 0 0 0 0 0 0 0 0 0 0 0 0 0 0 0 0 0 0 0 0 0 0 0 0 0 0 147555919 0 0 0
ctxt 321603877
btime 1669654930
processes 450035
procs_running 1
procs_blocked 0
softirq 441879879 313726811 24042234 701105 17007462 317261 0 47620019 28437293 557 10027137

cpu  640221 32099 1221299 456969381 97172 0 1279217 0 0 0
cpu0 95268 9522 165321 114464475 26663 0 284636 0 0 0
cpu1 324548 10210 694156 113476488 19431 0 405811 0 0 0
cpu2 113140 2833 190301 114517363 26310 0 306884 0 0 0
cpu3 107264 9534 171520 114511054 24767 0 281885 0 0 0
intr 10213962863 0 0 2336345 81 0 583273 24532397 0 0 0 8098735 0 0 0 0 0 0 0 0 0 0 0 0 0 0 0 0 0 0 0 0 0 0 0 0 0 0 0 0 0 0 0 0 0 0 0 0 0 0 0 0 936666423 0 0 0 0 0 0 0 0 464545 0 317315 0 0 0 0 0 0 0 0 0 0 0 491251310 1 0 0 0 0 0 0 0 0 0 0 0 0 0 0 0 0 0 0 0 0 0 0 309550 4219 0 0 0 0 11907666 0 0 0 0 0 0 0 0 0 0 0 0 0 0 0 0 0 0 0 0 0 0 0 0 0 0 0 0 0 0 0 0 0 0 0 0 0 0 0 0 0 0 0 0 0 0 0 0 0 0 0 0 0 0 0 0 0 0 0 0 0 0 0 0 0 0 0 0 0 0 0 0 0 0 0 147556413 0 0 0
ctxt 321604868
btime 1669654930
processes 450035
procs_running 2
procs_blocked 0
softirq 441879946 313726811 24042249 701105 17007463 317261 0 47620033 28437317 557 10027150

cpu  640221 32099 1221301 456969575 97172 0 1279218 0 0 0
cpu0 95268 9522 165321 114464525 26663 0 284636 0 0 0
cpu1 324548 10210 694158 113476534 19431 0 405811 0 0 0
cpu2 113140 2833 190301 114517412 26310 0 306884 0 0 0
cpu3 107264 9534 171520 114511103 24767 0 281885 0 0 0
intr 10213967576 0 0 2336345 81 0 583273 24532420 0 0 0 8098740 0 0 0 0 0 0 0 0 0 0 0 0 0 0 0 0 0 0 0 0 0 0 0 0 0 0 0 0 0 0 0 0 0 0 0 0 0 0 0 0 936670450 0 0 0 0 0 0 0 0 464546 0 317315 0 0 0 0 0 0 0 0 0 0 0 491251462 1 0 0 0 0 0 0 0 0 0 0 0 0 0 0 0 0 0 0 0 0 0 0 309550 4219 0 0 0 0 11907681 0 0 0 0 0 0 0 0 0 0 0 0 0 0 0 0 0 0 0 0 0 0 0 0 0 0 0 0 0 0 0 0 0 0 0 0 0 0 0 0 0 0 0 0 0 0 0 0 0 0 0 0 0 0 0 0 0 0 0 0 0 0 0 0 0 0 0 0 0 0 0 0 0 0 0 147556902 0 0 0
ctxt 321605867
btime 1669654930
processes 450035
procs_running 2
procs_blocked 0
softirq 441880020 313726819 24042263 701105 17007464 317261 0 47620046 28437343 557 10027162

cpu  640222 32099 1221304 456969768 97172 0 1279218 0 0 0
cpu0 95268 9522 165321 114464574 26663 0 284636 0 0 0
cpu1 324549 10210 694161 113476579 19431 0 405811 0 0 0
cpu2 113140 2833 190301 114517461 26310 0 306884 0 0 0
cpu3 107264 9534 171520 114511153 24767 0 281885 0 0 0
intr 10213972229 0 0 2336345 81 0 583273 24532435 0 0 0 8098745 0 0 0 0 0 0 0 0 0 0 0 0 0 0 0 0 0 0 0 0 0 0 0 0 0 0 0 0 0 0 0 0 0 0 0 0 0 0 0 0 936674446 0 0 0 0 0 0 0 0 464547 0 317315 0 0 0 0 0 0 0 0 0 0 0 491251592 1 0 0 0 0 0 0 0 0 0 0 0 0 0 0 0 0 0 0 0 0 0 0 309550 4219 0 0 0 0 11907696 0 0 0 0 0 0 0 0 0 0 0 0 0 0 0 0 0 0 0 0 0 0 0 0 0 0 0 0 0 0 0 0 0 0 0 0 0 0 0 0 0 0 0 0 0 0 0 0 0 0 0 0 0 0 0 0 0 0 0 0 0 0 0 0 0 0 0 0 0 0 0 0 0 0 0 147557394 0 0 0
ctxt 321606854
btime 1669654930
processes 450035
procs_running 2
procs_blocked 0
softirq 441880086 313726819 24042276 701105 17007465 317261 0 47620060 28437369 557 10027174

cpu  640223 32099 1221307 456969962 97172 0 1279218 0 0 0
cpu0 95268 9522 165321 114464623 26663 0 284636 0 0 0
cpu1 324550 10210 694164 113476625 19431 0 405811 0 0 0
cpu2 113140 2833 190302 114517510 26310 0 306884 0 0 0
cpu3 107264 9534 171520 114511202 24767 0 281885 0 0 0
intr 10213976941 0 0 2336345 81 0 583273 24532455 0 0 0 8098750 0 0 0 0 0 0 0 0 0 0 0 0 0 0 0 0 0 0 0 0 0 0 0 0 0 0 0 0 0 0 0 0 0 0 0 0 0 0 0 0 936678471 0 0 0 0 0 0 0 0 464548 0 317315 0 0 0 0 0 0 0 0 0 0 0 491251744 1 0 0 0 0 0 0 0 0 0 0 0 0 0 0 0 0 0 0 0 0 0 0 309550 4219 0 0 0 0 11907711 0 0 0 0 0 0 0 0 0 0 0 0 0 0 0 0 0 0 0 0 0 0 0 0 0 0 0 0 0 0 0 0 0 0 0 0 0 0 0 0 0 0 0 0 0 0 0 0 0 0 0 0 0 0 0 0 0 0 0 0 0 0 0 0 0 0 0 0 0 0 0 0 0 0 0 147557888 0 0 0
ctxt 321607851
btime 1669654930
processes 450035
procs_running 3
procs_blocked 0
softirq 441880168 313726827 24042293 701105 17007466 317261 0 47620073 28437399 557 10027187

cpu  640225 32099 1221309 456970152 97172 0 1279218 0 0 0
cpu0 95268 9522 165321 114464671 26663 0 284636 0 0 0
cpu1 324552 10210 694165 113476669 19431 0 405811 0 0 0
cpu2 113140 2833 190302 114517559 26310 0 306884 0 0 0
cpu3 107264 9534 171520 114511251 24767 0 281885 0 0 0
intr 10213981842 0 0 2336350 81 0 583273 24532475 0 0 0 8098755 0 0 0 0 0 0 0 0 0 0 0 0 0 0 0 0 0 0 0 0 0 0 0 0 0 0 0 0 0 0 0 0 0 0 0 0 0 0 0 0 936682589 0 0 0 0 0 0 0 0 464549 0 317315 0 0 0 0 0 0 0 0 0 0 0 491251988 1 0 0 0 0 0 0 0 0 0 0 0 0 0 0 0 0 0 0 0 0 0 0 309550 4219 0 0 0 0 11907735 0 0 0 0 0 0 0 0 0 0 0 0 0 0 0 0 0 0 0 0 0 0 0 0 0 0 0 0 0 0 0 0 0 0 0 0 0 0 0 0 0 0 0 0 0 0 0 0 0 0 0 0 0 0 0 0 0 0 0 0 0 0 0 0 0 0 0 0 0 0 0 0 0 0 0 147558373 0 0 0
ctxt 321608830
btime 1669654930
processes 450035
procs_running 2
procs_blocked 0
softirq 441880537 313726963 24042311 701105 17007522 317261 0 47620189 28437427 557 10027202

cpu  640225 32099 1221312 456970346 97172 0 1279218 0 0 0
cpu0 95268 9522 165321 114464721 26663 0 284636 0 0 0
cpu1 324552 10210 694168 113476715 19431 0 405811 0 0 0
cpu2 113140 2833 190302 114517608 26310 0 306884 0 0 0
cpu3 107264 9534 171520 114511301 24767 0 281885 0 0 0
intr 10213986513 0 0 2336350 81 0 583273 24532493 0 0 0 8098760 0 0 0 0 0 0 0 0 0 0 0 0 0 0 0 0 0 0 0 0 0 0 0 0 0 0 0 0 0 0 0 0 0 0 0 0 0 0 0 0 936686593 0 0 0 0 0 0 0 0 464550 0 317315 0 0 0 0 0 0 0 0 0 0 0 491252116 1 0 0 0 0 0 0 0 0 0 0 0 0 0 0 0 0 0 0 0 0 0 0 309550 4219 0 0 0 0 11907759 0 0 0 0 0 0 0 0 0 0 0 0 0 0 0 0 0 0 0 0 0 0 0 0 0 0 0 0 0 0 0 0 0 0 0 0 0 0 0 0 0 0 0 0 0 0 0 0 0 0 0 0 0 0 0 0 0 0 0 0 0 0 0 0 0 0 0 0 0 0 0 0 0 0 0 147558862 0 0 0
ctxt 321609818
btime 1669654930
processes 450035
procs_running 2
procs_blocked 0
softirq 441880610 313726963 24042323 701105 17007524 317261 0 47620209 28437454 557 10027214

cpu  640226 32099 1221315 456970539 97172 0 1279218 0 0 0
cpu0 95268 9522 165321 114464770 26663 0 284636 0 0 0
cpu1 324552 10210 694170 113476761 19431 0 405811 0 0 0
cpu2 113140 2833 190302 114517657 26310 0 306884 0 0 0
cpu3 107264 9534 171520 114511350 24767 0 281885 0 0 0
intr 10213991217 0 0 2336350 81 0 583273 24532511 0 0 0 8098765 0 0 0 0 0 0 0 0 0 0 0 0 0 0 0 0 0 0 0 0 0 0 0 0 0 0 0 0 0 0 0 0 0 0 0 0 0 0 0 0 936690612 0 0 0 0 0 0 0 0 464551 0 317315 0 0 0 0 0 0 0 0 0 0 0 491252270 1 0 0 0 0 0 0 0 0 0 0 0 0 0 0 0 0 0 0 0 0 0 0 309550 4219 0 0 0 0 11907774 0 0 0 0 0 0 0 0 0 0 0 0 0 0 0 0 0 0 0 0 0 0 0 0 0 0 0 0 0 0 0 0 0 0 0 0 0 0 0 0 0 0 0 0 0 0 0 0 0 0 0 0 0 0 0 0 0 0 0 0 0 0 0 0 0 0 0 0 0 0 0 0 0 0 0 147559355 0 0 0
ctxt 321610822
btime 1669654930
processes 450035
procs_running 2
procs_blocked 0
softirq 441880690 313726971 24042339 701105 17007525 317261 0 47620224 28437482 557 10027226

cpu  640226 32099 1221318 456970733 97172 0 1279218 0 0 0
cpu0 95268 9522 165321 114464819 26663 0 284636 0 0 0
cpu1 324553 10210 694173 113476807 19431 0 405811 0 0 0
cpu2 113140 2833 190303 114517707 26310 0 306884 0 0 0
cpu3 107264 9534 171520 114511400 24767 0 281885 0 0 0
intr 10213995877 0 0 2336350 81 0 583273 24532527 0 0 0 8098770 0 0 0 0 0 0 0 0 0 0 0 0 0 0 0 0 0 0 0 0 0 0 0 0 0 0 0 0 0 0 0 0 0 0 0 0 0 0 0 0 936694616 0 0 0 0 0 0 0 0 464552 0 317315 0 0 0 0 0 0 0 0 0 0 0 491252398 1 0 0 0 0 0 0 0 0 0 0 0 0 0 0 0 0 0 0 0 0 0 0 309550 4219 0 0 0 0 11907789 0 0 0 0 0 0 0 0 0 0 0 0 0 0 0 0 0 0 0 0 0 0 0 0 0 0 0 0 0 0 0 0 0 0 0 0 0 0 0 0 0 0 0 0 0 0 0 0 0 0 0 0 0 0 0 0 0 0 0 0 0 0 0 0 0 0 0 0 0 0 0 0 0 0 0 147559844 0 0 0
ctxt 321611800
btime 1669654930
processes 450035
procs_running 2
procs_blocked 0
softirq 441880754 313726971 24042351 701105 17007526 317261 0 47620237 28437509 557 10027237

cpu  640226 32099 1221319 456970926 97172 0 1279218 0 0 0
cpu0 95268 9522 165321 114464868 26663 0 284636 0 0 0
cpu1 324553 10210 694174 113476852 19431 0 405811 0 0 0
cpu2 113140 2833 190303 114517756 26310 0 306884 0 0 0
cpu3 107264 9534 171520 114511449 24767 0 281885 0 0 0
intr 10214000580 0 0 2336351 81 0 583273 24532543 0 0 0 8098775 0 0 0 0 0 0 0 0 0 0 0 0 0 0 0 0 0 0 0 0 0 0 0 0 0 0 0 0 0 0 0 0 0 0 0 0 0 0 0 0 936698636 0 0 0 0 0 0 0 0 464553 0 317315 0 0 0 0 0 0 0 0 0 0 0 491252552 1 0 0 0 0 0 0 0 0 0 0 0 0 0 0 0 0 0 0 0 0 0 0 309550 4219 0 0 0 0 11907804 0 0 0 0 0 0 0 0 0 0 0 0 0 0 0 0 0 0 0 0 0 0 0 0 0 0 0 0 0 0 0 0 0 0 0 0 0 0 0 0 0 0 0 0 0 0 0 0 0 0 0 0 0 0 0 0 0 0 0 0 0 0 0 0 0 0 0 0 0 0 0 0 0 0 0 147560336 0 0 0
ctxt 321612803
btime 1669654930
processes 450035
procs_running 2
procs_blocked 0
softirq 441880833 313726979 24042367 701106 17007527 317261 0 47620251 28437537 557 10027248

cpu  640227 32099 1221320 456971120 97172 0 1279218 0 0 0
cpu0 95268 9522 165322 114464917 26663 0 284636 0 0 0
cpu1 324554 10210 694175 113476898 19431 0 405811 0 0 0
cpu2 113140 2833 190303 114517805 26310 0 306884 0 0 0
cpu3 107264 9534 171520 114511498 24767 0 281885 0 0 0
intr 10214005226 0 0 2336351 81 0 583273 24532555 0 0 0 8098780 0 0 0 0 0 0 0 0 0 0 0 0 0 0 0 0 0 0 0 0 0 0 0 0 0 0 0 0 0 0 0 0 0 0 0 0 0 0 0 0 936702632 0 0 0 0 0 0 0 0 464554 0 317315 0 0 0 0 0 0 0 0 0 0 0 491252680 1 0 0 0 0 0 0 0 0 0 0 0 0 0 0 0 0 0 0 0 0 0 0 309550 4219 0 0 0 0 11907819 0 0 0 0 0 0 0 0 0 0 0 0 0 0 0 0 0 0 0 0 0 0 0 0 0 0 0 0 0 0 0 0 0 0 0 0 0 0 0 0 0 0 0 0 0 0 0 0 0 0 0 0 0 0 0 0 0 0 0 0 0 0 0 0 0 0 0 0 0 0 0 0 0 0 0 147560825 0 0 0
ctxt 321613774
btime 1669654930
processes 450035
procs_running 2
procs_blocked 0
softirq 441880897 313726979 24042381 701106 17007528 317261 0 47620264 28437562 557 10027259

cpu  640228 32099 1221321 456971313 97172 0 1279218 0 0 0
cpu0 95268 9522 165322 114464966 26663 0 284636 0 0 0
cpu1 324555 10210 694175 113476944 19431 0 405811 0 0 0
cpu2 113140 2833 190304 114517854 26310 0 306884 0 0 0
cpu3 107264 9534 171520 114511548 24767 0 281885 0 0 0
intr 10214009939 0 0 2336351 81 0 583273 24532577 0 0 0 8098785 0 0 0 0 0 0 0 0 0 0 0 0 0 0 0 0 0 0 0 0 0 0 0 0 0 0 0 0 0 0 0 0 0 0 0 0 0 0 0 0 936706661 0 0 0 0 0 0 0 0 464555 0 317315 0 0 0 0 0 0 0 0 0 0 0 491252834 1 0 0 0 0 0 0 0 0 0 0 0 0 0 0 0 0 0 0 0 0 0 0 309550 4219 0 0 0 0 11907834 0 0 0 0 0 0 0 0 0 0 0 0 0 0 0 0 0 0 0 0 0 0 0 0 0 0 0 0 0 0 0 0 0 0 0 0 0 0 0 0 0 0 0 0 0 0 0 0 0 0 0 0 0 0 0 0 0 0 0 0 0 0 0 0 0 0 0 0 0 0 0 0 0 0 0 147561313 0 0 0
ctxt 321614776
btime 1669654930
processes 450035
procs_running 2
procs_blocked 0
softirq 441880969 313726987 24042396 701106 17007529 317261 0 47620278 28437586 557 10027269

cpu  640228 32099 1221324 456971507 97172 0 1279218 0 0 0
cpu0 95268 9522 165322 114465015 26663 0 284636 0 0 0
cpu1 324555 10210 694178 113476990 19431 0 405811 0 0 0
cpu2 113140 2833 190304 114517903 26310 0 306884 0 0 0
cpu3 107264 9534 171520 114511597 24767 0 281885 0 0 0
intr 10214014592 0 0 2336351 81 0 583273 24532594 0 0 0 8098790 0 0 0 0 0 0 0 0 0 0 0 0 0 0 0 0 0 0 0 0 0 0 0 0 0 0 0 0 0 0 0 0 0 0 0 0 0 0 0 0 936710658 0 0 0 0 0 0 0 0 464556 0 317315 0 0 0 0 0 0 0 0 0 0 0 491252962 1 0 0 0 0 0 0 0 0 0 0 0 0 0 0 0 0 0 0 0 0 0 0 309550 4219 0 0 0 0 11907849 0 0 0 0 0 0 0 0 0 0 0 0 0 0 0 0 0 0 0 0 0 0 0 0 0 0 0 0 0 0 0 0 0 0 0 0 0 0 0 0 0 0 0 0 0 0 0 0 0 0 0 0 0 0 0 0 0 0 0 0 0 0 0 0 0 0 0 0 0 0 0 0 0 0 0 147561802 0 0 0
ctxt 321615754
btime 1669654930
processes 450035
procs_running 2
procs_blocked 0
softirq 441881032 313726987 24042408 701106 17007530 317261 0 47620291 28437611 557 10027281

cpu  640230 32099 1221326 456971700 97172 0 1279218 0 0 0
cpu0 95268 9522 165322 114465064 26663 0 284636 0 0 0
cpu1 324556 10210 694179 113477035 19431 0 405811 0 0 0
cpu2 113140 2833 190304 114517953 26310 0 306884 0 0 0
cpu3 107264 9534 171520 114511647 24767 0 281885 0 0 0
intr 10214019299 0 0 2336352 81 0 583273 24532614 0 0 0 8098795 0 0 0 0 0 0 0 0 0 0 0 0 0 0 0 0 0 0 0 0 0 0 0 0 0 0 0 0 0 0 0 0 0 0 0 0 0 0 0 0 936714678 0 0 0 0 0 0 0 0 464557 0 317315 0 0 0 0 0 0 0 0 0 0 0 491253116 1 0 0 0 0 0 0 0 0 0 0 0 0 0 0 0 0 0 0 0 0 0 0 309550 4219 0 0 0 0 11907864 0 0 0 0 0 0 0 0 0 0 0 0 0 0 0 0 0 0 0 0 0 0 0 0 0 0 0 0 0 0 0 0 0 0 0 0 0 0 0 0 0 0 0 0 0 0 0 0 0 0 0 0 0 0 0 0 0 0 0 0 0 0 0 0 0 0 0 0 0 0 0 0 0 0 0 147562293 0 0 0
ctxt 321616746
btime 1669654930
processes 450035
procs_running 2
procs_blocked 0
softirq 441881109 313726995 24042423 701106 17007531 317261 0 47620305 28437638 557 10027293

cpu  640230 32099 1221328 456971894 97172 0 1279218 0 0 0
cpu0 95268 9522 165322 114465113 26663 0 284636 0 0 0
cpu1 324556 10210 694181 113477081 19431 0 405811 0 0 0
cpu2 113140 2833 190305 114518002 26310 0 306884 0 0 0
cpu3 107264 9534 171520 114511696 24767 0 281885 0 0 0
intr 10214023956 0 0 2336352 81 0 583273 24532628 0 0 0 8098800 0 0 0 0 0 0 0 0 0 0 0 0 0 0 0 0 0 0 0 0 0 0 0 0 0 0 0 0 0 0 0 0 0 0 0 0 0 0 0 0 936718684 0 0 0 0 0 0 0 0 464558 0 317315 0 0 0 0 0 0 0 0 0 0 0 491253244 1 0 0 0 0 0 0 0 0 0 0 0 0 0 0 0 0 0 0 0 0 0 0 309550 4219 0 0 0 0 11907879 0 0 0 0 0 0 0 0 0 0 0 0 0 0 0 0 0 0 0 0 0 0 0 0 0 0 0 0 0 0 0 0 0 0 0 0 0 0 0 0 0 0 0 0 0 0 0 0 0 0 0 0 0 0 0 0 0 0 0 0 0 0 0 0 0 0 0 0 0 0 0 0 0 0 0 147562781 0 0 0
ctxt 321617719
btime 1669654930
processes 450035
procs_running 2
procs_blocked 0
softirq 441881174 313726995 24042436 701106 17007532 317261 0 47620318 28437663 557 10027306

cpu  640230 32099 1221330 456972087 97172 0 1279218 0 0 0
cpu0 95268 9522 165322 114465162 26663 0 284636 0 0 0
cpu1 324556 10210 694183 113477127 19431 0 405811 0 0 0
cpu2 113140 2833 190305 114518051 26310 0 306884 0 0 0
cpu3 107264 9534 171520 114511746 24767 0 281885 0 0 0
intr 10214028664 0 0 2336352 81 0 583273 24532650 0 0 0 8098805 0 0 0 0 0 0 0 0 0 0 0 0 0 0 0 0 0 0 0 0 0 0 0 0 0 0 0 0 0 0 0 0 0 0 0 0 0 0 0 0 936722704 0 0 0 0 0 0 0 0 464559 0 317315 0 0 0 0 0 0 0 0 0 0 0 491253398 1 0 0 0 0 0 0 0 0 0 0 0 0 0 0 0 0 0 0 0 0 0 0 309550 4219 0 0 0 0 11907894 0 0 0 0 0 0 0 0 0 0 0 0 0 0 0 0 0 0 0 0 0 0 0 0 0 0 0 0 0 0 0 0 0 0 0 0 0 0 0 0 0 0 0 0 0 0 0 0 0 0 0 0 0 0 0 0 0 0 0 0 0 0 0 0 0 0 0 0 0 0 0 0 0 0 0 147563274 0 0 0
ctxt 321618731
btime 1669654930
processes 450035
procs_running 2
procs_blocked 0
softirq 441881246 313727003 24042450 701106 17007533 317261 0 47620332 28437686 557 10027318

cpu  640231 32099 1221332 456972281 97172 0 1279218 0 0 0
cpu0 95268 9522 165322 114465211 26663 0 284636 0 0 0
cpu1 324557 10210 694184 113477173 19431 0 405811 0 0 0
cpu2 113140 2833 190305 114518100 26310 0 306884 0 0 0
cpu3 107264 9534 171520 114511795 24767 0 281885 0 0 0
intr 10214033323 0 0 2336352 81 0 583273 24532667 0 0 0 8098810 0 0 0 0 0 0 0 0 0 0 0 0 0 0 0 0 0 0 0 0 0 0 0 0 0 0 0 0 0 0 0 0 0 0 0 0 0 0 0 0 936726709 0 0 0 0 0 0 0 0 464560 0 317315 0 0 0 0 0 0 0 0 0 0 0 491253526 1 0 0 0 0 0 0 0 0 0 0 0 0 0 0 0 0 0 0 0 0 0 0 309550 4219 0 0 0 0 11907909 0 0 0 0 0 0 0 0 0 0 0 0 0 0 0 0 0 0 0 0 0 0 0 0 0 0 0 0 0 0 0 0 0 0 0 0 0 0 0 0 0 0 0 0 0 0 0 0 0 0 0 0 0 0 0 0 0 0 0 0 0 0 0 0 0 0 0 0 0 0 0 0 0 0 0 147563761 0 0 0
ctxt 321619706
btime 1669654930
processes 450035
procs_running 2
procs_blocked 0
softirq 441881308 313727003 24042462 701106 17007534 317261 0 47620345 28437710 557 10027330

cpu  640234 32099 1221333 456972471 97172 0 1279219 0 0 0
cpu0 95268 9522 165322 114465259 26663 0 284636 0 0 0
cpu1 324560 10210 694185 113477217 19431 0 405812 0 0 0
cpu2 113141 2833 190305 114518149 26310 0 306884 0 0 0
cpu3 107264 9534 171520 114511844 24767 0 281885 0 0 0
intr 10214038273 0 0 2336357 81 0 583273 24532693 0 0 0 8098815 0 0 0 0 0 0 0 0 0 0 0 0 0 0 0 0 0 0 0 0 0 0 0 0 0 0 0 0 0 0 0 0 0 0 0 0 0 0 0 0 936730859 0 0 0 0 0 0 0 0 464561 0 317315 0 0 0 0 0 0 0 0 0 0 0 491253792 1 0 0 0 0 0 0 0 0 0 0 0 0 0 0 0 0 0 0 0 0 0 0 309550 4219 0 0 0 0 11907924 0 0 0 0 0 0 0 0 0 0 0 0 0 0 0 0 0 0 0 0 0 0 0 0 0 0 0 0 0 0 0 0 0 0 0 0 0 0 0 0 0 0 0 0 0 0 0 0 0 0 0 0 0 0 0 0 0 0 0 0 0 0 0 0 0 0 0 0 0 0 0 0 0 0 0 147564242 0 0 0
ctxt 321620682
btime 1669654930
processes 450035
procs_running 2
procs_blocked 0
softirq 441881669 313727139 24042478 701106 17007589 317261 0 47620458 28437739 557 10027342

cpu  640234 32099 1221334 456972665 97172 0 1279219 0 0 0
cpu0 95268 9522 165322 114465309 26663 0 284636 0 0 0
cpu1 324560 10210 694186 113477263 19431 0 405812 0 0 0
cpu2 113141 2833 190305 114518198 26310 0 306884 0 0 0
cpu3 107264 9534 171520 114511894 24767 0 281885 0 0 0
intr 10214042917 0 0 2336357 81 0 583273 24532708 0 0 0 8098820 0 0 0 0 0 0 0 0 0 0 0 0 0 0 0 0 0 0 0 0 0 0 0 0 0 0 0 0 0 0 0 0 0 0 0 0 0 0 0 0 936734856 0 0 0 0 0 0 0 0 464562 0 317315 0 0 0 0 0 0 0 0 0 0 0 491253918 1 0 0 0 0 0 0 0 0 0 0 0 0 0 0 0 0 0 0 0 0 0 0 309550 4219 0 0 0 0 11907939 0 0 0 0 0 0 0 0 0 0 0 0 0 0 0 0 0 0 0 0 0 0 0 0 0 0 0 0 0 0 0 0 0 0 0 0 0 0 0 0 0 0 0 0 0 0 0 0 0 0 0 0 0 0 0 0 0 0 0 0 0 0 0 0 0 0 0 0 0 0 0 0 0 0 0 147564728 0 0 0
ctxt 321621658
btime 1669654930
processes 450035
procs_running 2
procs_blocked 0
softirq 441881727 313727139 24042489 701106 17007590 317261 0 47620471 28437760 557 10027354

cpu  640234 32099 1221336 456972858 97172 0 1279219 0 0 0
cpu0 95268 9522 165322 114465358 26663 0 284636 0 0 0
cpu1 324560 10210 694187 113477309 19431 0 405812 0 0 0
cpu2 113141 2833 190306 114518247 26310 0 306884 0 0 0
cpu3 107264 9534 171520 114511943 24767 0 281885 0 0 0
intr 10214047640 0 0 2336361 81 0 583273 24532732 0 0 0 8098825 0 0 0 0 0 0 0 0 0 0 0 0 0 0 0 0 0 0 0 0 0 0 0 0 0 0 0 0 0 0 0 0 0 0 0 0 0 0 0 0 936738884 0 0 0 0 0 0 0 0 464563 0 317315 0 0 0 0 0 0 0 0 0 0 0 491254072 1 0 0 0 0 0 0 0 0 0 0 0 0 0 0 0 0 0 0 0 0 0 0 309550 4219 0 0 0 0 11907954 0 0 0 0 0 0 0 0 0 0 0 0 0 0 0 0 0 0 0 0 0 0 0 0 0 0 0 0 0 0 0 0 0 0 0 0 0 0 0 0 0 0 0 0 0 0 0 0 0 0 0 0 0 0 0 0 0 0 0 0 0 0 0 0 0 0 0 0 0 0 0 0 0 0 0 147565219 0 0 0
ctxt 321622660
btime 1669654930
processes 450035
procs_running 2
procs_blocked 0
softirq 441881807 313727147 24042506 701107 17007591 317261 0 47620486 28437786 557 10027366

cpu  640235 32099 1221337 456973052 97172 0 1279219 0 0 0
cpu0 95268 9522 165322 114465407 26663 0 284636 0 0 0
cpu1 324561 10210 694188 113477354 19431 0 405812 0 0 0
cpu2 113141 2833 190306 114518296 26310 0 306884 0 0 0
cpu3 107264 9534 171520 114511993 24767 0 281885 0 0 0
intr 10214052288 0 0 2336361 81 0 583273 24532747 0 0 0 8098830 0 0 0 0 0 0 0 0 0 0 0 0 0 0 0 0 0 0 0 0 0 0 0 0 0 0 0 0 0 0 0 0 0 0 0 0 0 0 0 0 936742881 0 0 0 0 0 0 0 0 464564 0 317315 0 0 0 0 0 0 0 0 0 0 0 491254200 1 0 0 0 0 0 0 0 0 0 0 0 0 0 0 0 0 0 0 0 0 0 0 309550 4219 0 0 0 0 11907969 0 0 0 0 0 0 0 0 0 0 0 0 0 0 0 0 0 0 0 0 0 0 0 0 0 0 0 0 0 0 0 0 0 0 0 0 0 0 0 0 0 0 0 0 0 0 0 0 0 0 0 0 0 0 0 0 0 0 0 0 0 0 0 0 0 0 0 0 0 0 0 0 0 0 0 147565706 0 0 0
ctxt 321623641
btime 1669654930
processes 450035
procs_running 2
procs_blocked 0
softirq 441881866 313727147 24042519 701107 17007592 317261 0 47620499 28437808 557 10027376

cpu  640235 32099 1221339 456973245 97172 0 1279219 0 0 0
cpu0 95268 9522 165322 114465455 26663 0 284636 0 0 0
cpu1 324561 10210 694190 113477400 19431 0 405812 0 0 0
cpu2 113141 2833 190306 114518346 26310 0 306884 0 0 0
cpu3 107264 9534 171520 114512042 24767 0 281885 0 0 0
intr 10214057000 0 0 2336362 81 0 583273 24532767 0 0 0 8098834 0 0 0 0 0 0 0 0 0 0 0 0 0 0 0 0 0 0 0 0 0 0 0 0 0 0 0 0 0 0 0 0 0 0 0 0 0 0 0 0 936746907 0 0 0 0 0 0 0 0 464565 0 317315 0 0 0 0 0 0 0 0 0 0 0 491254354 1 0 0 0 0 0 0 0 0 0 0 0 0 0 0 0 0 0 0 0 0 0 0 309550 4219 0 0 0 0 11907984 0 0 0 0 0 0 0 0 0 0 0 0 0 0 0 0 0 0 0 0 0 0 0 0 0 0 0 0 0 0 0 0 0 0 0 0 0 0 0 0 0 0 0 0 0 0 0 0 0 0 0 0 0 0 0 0 0 0 0 0 0 0 0 0 0 0 0 0 0 0 0 0 0 0 0 147566197 0 0 0
ctxt 321624643
btime 1669654930
processes 450035
procs_running 2
procs_blocked 0
softirq 441881945 313727155 24042536 701107 17007593 317261 0 47620514 28437834 557 10027388

cpu  640235 32099 1221342 456973439 97172 0 1279219 0 0 0
cpu0 95268 9522 165322 114465504 26663 0 284636 0 0 0
cpu1 324561 10210 694192 113477446 19431 0 405812 0 0 0
cpu2 113141 2833 190306 114518395 26310 0 306884 0 0 0
cpu3 107264 9534 171520 114512092 24767 0 281885 0 0 0
intr 10214061650 0 0 2336362 81 0 583273 24532785 0 0 0 8098839 0 0 0 0 0 0 0 0 0 0 0 0 0 0 0 0 0 0 0 0 0 0 0 0 0 0 0 0 0 0 0 0 0 0 0 0 0 0 0 0 936750903 0 0 0 0 0 0 0 0 464566 0 317315 0 0 0 0 0 0 0 0 0 0 0 491254482 1 0 0 0 0 0 0 0 0 0 0 0 0 0 0 0 0 0 0 0 0 0 0 309550 4219 0 0 0 0 11907999 0 0 0 0 0 0 0 0 0 0 0 0 0 0 0 0 0 0 0 0 0 0 0 0 0 0 0 0 0 0 0 0 0 0 0 0 0 0 0 0 0 0 0 0 0 0 0 0 0 0 0 0 0 0 0 0 0 0 0 0 0 0 0 0 0 0 0 0 0 0 0 0 0 0 0 147566683 0 0 0
ctxt 321625621
btime 1669654930
processes 450035
procs_running 2
procs_blocked 0
softirq 441882004 313727155 24042546 701107 17007594 317261 0 47620527 28437858 557 10027399

cpu  640236 32099 1221344 456973632 97172 0 1279219 0 0 0
cpu0 95268 9522 165323 114465553 26663 0 284636 0 0 0
cpu1 324562 10210 694194 113477492 19431 0 405812 0 0 0
cpu2 113141 2833 190306 114518444 26310 0 306884 0 0 0
cpu3 107264 9534 171520 114512141 24767 0 281885 0 0 0
intr 10214066351 0 0 2336362 81 0 583273 24532804 0 0 0 8098844 0 0 0 0 0 0 0 0 0 0 0 0 0 0 0 0 0 0 0 0 0 0 0 0 0 0 0 0 0 0 0 0 0 0 0 0 0 0 0 0 936754922 0 0 0 0 0 0 0 0 464567 0 317315 0 0 0 0 0 0 0 0 0 0 0 491254636 1 0 0 0 0 0 0 0 0 0 0 0 0 0 0 0 0 0 0 0 0 0 0 309550 4219 0 0 0 0 11908014 0 0 0 0 0 0 0 0 0 0 0 0 0 0 0 0 0 0 0 0 0 0 0 0 0 0 0 0 0 0 0 0 0 0 0 0 0 0 0 0 0 0 0 0 0 0 0 0 0 0 0 0 0 0 0 0 0 0 0 0 0 0 0 0 0 0 0 0 0 0 0 0 0 0 0 147567171 0 0 0
ctxt 321626615
btime 1669654930
processes 450035
procs_running 2
procs_blocked 0
softirq 441882076 313727163 24042560 701107 17007595 317261 0 47620541 28437881 557 10027411

cpu  640236 32099 1221346 456973826 97172 0 1279219 0 0 0
cpu0 95268 9522 165323 114465602 26663 0 284636 0 0 0
cpu1 324562 10210 694195 113477538 19431 0 405812 0 0 0
cpu2 113141 2833 190307 114518493 26310 0 306884 0 0 0
cpu3 107264 9534 171520 114512191 24767 0 281885 0 0 0
intr 10214071006 0 0 2336362 81 0 583273 24532819 0 0 0 8098849 0 0 0 0 0 0 0 0 0 0 0 0 0 0 0 0 0 0 0 0 0 0 0 0 0 0 0 0 0 0 0 0 0 0 0 0 0 0 0 0 936758927 0 0 0 0 0 0 0 0 464568 0 317315 0 0 0 0 0 0 0 0 0 0 0 491254764 1 0 0 0 0 0 0 0 0 0 0 0 0 0 0 0 0 0 0 0 0 0 0 309550 4219 0 0 0 0 11908029 0 0 0 0 0 0 0 0 0 0 0 0 0 0 0 0 0 0 0 0 0 0 0 0 0 0 0 0 0 0 0 0 0 0 0 0 0 0 0 0 0 0 0 0 0 0 0 0 0 0 0 0 0 0 0 0 0 0 0 0 0 0 0 0 0 0 0 0 0 0 0 0 0 0 0 147567658 0 0 0
ctxt 321627592
btime 1669654930
processes 450035
procs_running 2
procs_blocked 0
softirq 441882143 313727163 24042574 701107 17007596 317261 0 47620555 28437905 557 10027425

cpu  640236 32099 1221347 456974019 97172 0 1279219 0 0 0
cpu0 95268 9522 165323 114465651 26663 0 284636 0 0 0
cpu1 324562 10210 694196 113477584 19431 0 405812 0 0 0
cpu2 113141 2833 190307 114518542 26310 0 306884 0 0 0
cpu3 107264 9534 171520 114512240 24767 0 281885 0 0 0
intr 10214075705 0 0 2336363 81 0 583273 24532838 0 0 0 8098854 0 0 0 0 0 0 0 0 0 0 0 0 0 0 0 0 0 0 0 0 0 0 0 0 0 0 0 0 0 0 0 0 0 0 0 0 0 0 0 0 936762945 0 0 0 0 0 0 0 0 464569 0 317315 0 0 0 0 0 0 0 0 0 0 0 491254918 1 0 0 0 0 0 0 0 0 0 0 0 0 0 0 0 0 0 0 0 0 0 0 309550 4219 0 0 0 0 11908044 0 0 0 0 0 0 0 0 0 0 0 0 0 0 0 0 0 0 0 0 0 0 0 0 0 0 0 0 0 0 0 0 0 0 0 0 0 0 0 0 0 0 0 0 0 0 0 0 0 0 0 0 0 0 0 0 0 0 0 0 0 0 0 0 0 0 0 0 0 0 0 0 0 0 0 147568144 0 0 0
ctxt 321628591
btime 1669654930
processes 450035
procs_running 2
procs_blocked 0
softirq 441882209 313727171 24042587 701107 17007597 317261 0 47620569 28437924 557 10027436

cpu  640236 32099 1221350 456974212 97172 0 1279219 0 0 0
cpu0 95268 9522 165323 114465700 26663 0 284636 0 0 0
cpu1 324562 10210 694198 113477629 19431 0 405812 0 0 0
cpu2 113141 2833 190308 114518592 26310 0 306884 0 0 0
cpu3 107264 9534 171520 114512289 24767 0 281885 0 0 0
intr 10214080393 0 0 2336363 81 0 583274 24532868 0 0 0 8098859 0 0 0 0 0 0 0 0 0 0 0 0 0 0 0 0 0 0 0 0 0 0 0 0 0 0 0 0 0 0 0 0 0 0 0 0 0 0 0 0 936766947 0 0 0 0 0 0 0 0 464570 0 317315 0 0 0 0 0 0 0 0 0 0 0 491255046 1 0 0 0 0 0 0 0 0 0 0 0 0 0 0 0 0 0 0 0 0 0 0 309550 4219 0 0 0 0 11908074 0 0 0 0 0 0 0 0 0 0 0 0 0 0 0 0 0 0 0 0 0 0 0 0 0 0 0 0 0 0 0 0 0 0 0 0 0 0 0 0 0 0 0 0 0 0 0 0 0 0 0 0 0 0 0 0 0 0 0 0 0 0 0 0 0 0 0 0 0 0 0 0 0 0 0 147568634 0 0 0
ctxt 321629601
btime 1669654930
processes 450035
procs_running 1
procs_blocked 0
softirq 441882290 313727171 24042604 701107 17007599 317261 0 47620595 28437949 557 10027447

cpu  640236 32099 1221351 456974406 97172 0 1279219 0 0 0
cpu0 95268 9522 165323 114465749 26663 0 284636 0 0 0
cpu1 324562 10210 694199 113477675 19431 0 405812 0 0 0
cpu2 113141 2833 190308 114518641 26310 0 306884 0 0 0
cpu3 107264 9534 171520 114512339 24767 0 281885 0 0 0
intr 10214085114 0 0 2336367 81 0 583274 24532894 0 0 0 8098864 0 0 0 0 0 0 0 0 0 0 0 0 0 0 0 0 0 0 0 0 0 0 0 0 0 0 0 0 0 0 0 0 0 0 0 0 0 0 0 0 936770973 0 0 0 0 0 0 0 0 464571 0 317315 0 0 0 0 0 0 0 0 0 0 0 491255200 1 0 0 0 0 0 0 0 0 0 0 0 0 0 0 0 0 0 0 0 0 0 0 309550 4219 0 0 0 0 11908089 0 0 0 0 0 0 0 0 0 0 0 0 0 0 0 0 0 0 0 0 0 0 0 0 0 0 0 0 0 0 0 0 0 0 0 0 0 0 0 0 0 0 0 0 0 0 0 0 0 0 0 0 0 0 0 0 0 0 0 0 0 0 0 0 0 0 0 0 0 0 0 0 0 0 0 147569124 0 0 0
ctxt 321630608
btime 1669654930
processes 450035
procs_running 1
procs_blocked 0
softirq 441882359 313727179 24042619 701107 17007600 317261 0 47620608 28437970 557 10027458

cpu  640236 32099 1221352 456974600 97172 0 1279219 0 0 0
cpu0 95268 9522 165323 114465798 26663 0 284636 0 0 0
cpu1 324562 10210 694200 113477721 19431 0 405812 0 0 0
cpu2 113141 2833 190308 114518690 26310 0 306884 0 0 0
cpu3 107264 9534 171520 114512388 24767 0 281885 0 0 0
intr 10214089769 0 0 2336371 81 0 583274 24532915 0 0 0 8098869 0 0 0 0 0 0 0 0 0 0 0 0 0 0 0 0 0 0 0 0 0 0 0 0 0 0 0 0 0 0 0 0 0 0 0 0 0 0 0 0 936774970 0 0 0 0 0 0 0 0 464572 0 317315 0 0 0 0 0 0 0 0 0 0 0 491255328 1 0 0 0 0 0 0 0 0 0 0 0 0 0 0 0 0 0 0 0 0 0 0 309550 4219 0 0 0 0 11908104 0 0 0 0 0 0 0 0 0 0 0 0 0 0 0 0 0 0 0 0 0 0 0 0 0 0 0 0 0 0 0 0 0 0 0 0 0 0 0 0 0 0 0 0 0 0 0 0 0 0 0 0 0 0 0 0 0 0 0 0 0 0 0 0 0 0 0 0 0 0 0 0 0 0 0 147569610 0 0 0
ctxt 321631597
btime 1669654930
processes 450035
procs_running 2
procs_blocked 0
softirq 441882417 313727179 24042632 701107 17007601 317261 0 47620622 28437988 557 10027470

cpu  640236 32099 1221354 456974793 97172 0 1279219 0 0 0
cpu0 95268 9522 165323 114465847 26663 0 284636 0 0 0
cpu1 324562 10210 694202 113477767 19431 0 405812 0 0 0
cpu2 113141 2833 190308 114518740 26310 0 306884 0 0 0
cpu3 107264 9534 171520 114512438 24767 0 281885 0 0 0
intr 10214094523 0 0 2336376 81 0 583274 24532953 0 0 0 8098874 0 0 0 0 0 0 0 0 0 0 0 0 0 0 0 0 0 0 0 0 0 0 0 0 0 0 0 0 0 0 0 0 0 0 0 0 0 0 0 0 936778994 0 0 0 0 0 0 0 0 464573 0 317315 0 0 0 0 0 0 0 0 0 0 0 491255482 1 0 0 0 0 0 0 0 0 0 0 0 0 0 0 0 0 0 0 0 0 0 0 309550 4219 0 0 0 0 11908136 0 0 0 0 0 0 0 0 0 0 0 0 0 0 0 0 0 0 0 0 0 0 0 0 0 0 0 0 0 0 0 0 0 0 0 0 0 0 0 0 0 0 0 0 0 0 0 0 0 0 0 0 0 0 0 0 0 0 0 0 0 0 0 0 0 0 0 0 0 0 0 0 0 0 0 147570103 0 0 0
ctxt 321632636
btime 1669654930
processes 450035
procs_running 1
procs_blocked 0
softirq 441882507 313727187 24042649 701108 17007603 317261 0 47620649 28438012 557 10027481

cpu  640237 32099 1221356 456974986 97172 0 1279219 0 0 0
cpu0 95268 9522 165323 114465896 26663 0 284636 0 0 0
cpu1 324563 10210 694204 113477813 19431 0 405812 0 0 0
cpu2 113141 2833 190308 114518789 26310 0 306884 0 0 0
cpu3 107264 9534 171520 114512487 24767 0 281885 0 0 0
intr 10214099216 0 0 2336380 81 0 583274 24532981 0 0 0 8098879 0 0 0 0 0 0 0 0 0 0 0 0 0 0 0 0 0 0 0 0 0 0 0 0 0 0 0 0 0 0 0 0 0 0 0 0 0 0 0 0 936782996 0 0 0 0 0 0 0 0 464574 0 317315 0 0 0 0 0 0 0 0 0 0 0 491255610 1 0 0 0 0 0 0 0 0 0 0 0 0 0 0 0 0 0 0 0 0 0 0 309550 4219 0 0 0 0 11908168 0 0 0 0 0 0 0 0 0 0 0 0 0 0 0 0 0 0 0 0 0 0 0 0 0 0 0 0 0 0 0 0 0 0 0 0 0 0 0 0 0 0 0 0 0 0 0 0 0 0 0 0 0 0 0 0 0 0 0 0 0 0 0 0 0 0 0 0 0 0 0 0 0 0 0 147570596 0 0 0
ctxt 321633647
btime 1669654930
processes 450035
procs_running 1
procs_blocked 0
softirq 441882593 313727187 24042666 701108 17007605 317261 0 47620677 28438038 557 10027494

cpu  640237 32099 1221358 456975180 97172 0 1279219 0 0 0
cpu0 95268 9522 165323 114465945 26663 0 284636 0 0 0
cpu1 324563 10210 694206 113477858 19431 0 405812 0 0 0
cpu2 113141 2833 190308 114518838 26310 0 306884 0 0 0
cpu3 107264 9534 171520 114512537 24767 0 281885 0 0 0
intr 10214103959 0 0 2336384 81 0 583274 24533018 0 0 0 8098884 0 0 0 0 0 0 0 0 0 0 0 0 0 0 0 0 0 0 0 0 0 0 0 0 0 0 0 0 0 0 0 0 0 0 0 0 0 0 0 0 936787015 0 0 0 0 0 0 0 0 464575 0 317315 0 0 0 0 0 0 0 0 0 0 0 491255764 1 0 0 0 0 0 0 0 0 0 0 0 0 0 0 0 0 0 0 0 0 0 0 309550 4219 0 0 0 0 11908200 0 0 0 0 0 0 0 0 0 0 0 0 0 0 0 0 0 0 0 0 0 0 0 0 0 0 0 0 0 0 0 0 0 0 0 0 0 0 0 0 0 0 0 0 0 0 0 0 0 0 0 0 0 0 0 0 0 0 0 0 0 0 0 0 0 0 0 0 0 0 0 0 0 0 0 147571088 0 0 0
ctxt 321634676
btime 1669654930
processes 450035
procs_running 1
procs_blocked 0
softirq 441882685 313727195 24042681 701108 17007607 317261 0 47620705 28438064 557 10027507

cpu  640238 32099 1221360 456975373 97172 0 1279219 0 0 0
cpu0 95268 9522 165323 114465994 26663 0 284636 0 0 0
cpu1 324564 10210 694208 113477904 19431 0 405812 0 0 0
cpu2 113141 2833 190309 114518887 26310 0 306885 0 0 0
cpu3 107264 9534 171520 114512586 24767 0 281885 0 0 0
intr 10214108661 0 0 2336388 81 0 583274 24533049 0 0 0 8098889 0 0 0 0 0 0 0 0 0 0 0 0 0 0 0 0 0 0 0 0 0 0 0 0 0 0 0 0 0 0 0 0 0 0 0 0 0 0 0 0 936791019 0 0 0 0 0 0 0 0 464576 0 317315 0 0 0 0 0 0 0 0 0 0 0 491255892 1 0 0 0 0 0 0 0 0 0 0 0 0 0 0 0 0 0 0 0 0 0 0 309550 4219 0 0 0 0 11908232 0 0 0 0 0 0 0 0 0 0 0 0 0 0 0 0 0 0 0 0 0 0 0 0 0 0 0 0 0 0 0 0 0 0 0 0 0 0 0 0 0 0 0 0 0 0 0 0 0 0 0 0 0 0 0 0 0 0 0 0 0 0 0 0 0 0 0 0 0 0 0 0 0 0 0 147571584 0 0 0
ctxt 321635693
btime 1669654930
processes 450035
procs_running 1
procs_blocked 0
softirq 441882771 313727195 24042696 701108 17007609 317261 0 47620733 28438094 557 10027518

cpu  640238 32099 1221364 456975566 97172 0 1279219 0 0 0
cpu0 95268 9522 165323 114466043 26663 0 284636 0 0 0
cpu1 324564 10210 694211 113477950 19431 0 405812 0 0 0
cpu2 113141 2833 190309 114518936 26310 0 306885 0 0 0
cpu3 107264 9534 171520 114512636 24767 0 281885 0 0 0
intr 10214113415 0 0 2336393 81 0 583274 24533089 0 0 0 8098894 0 0 0 0 0 0 0 0 0 0 0 0 0 0 0 0 0 0 0 0 0 0 0 0 0 0 0 0 0 0 0 0 0 0 0 0 0 0 0 0 936795040 0 0 0 0 0 0 0 0 464577 0 317315 0 0 0 0 0 0 0 0 0 0 0 491256046 1 0 0 0 0 0 0 0 0 0 0 0 0 0 0 0 0 0 0 0 0 0 0 309550 4219 0 0 0 0 11908264 0 0 0 0 0 0 0 0 0 0 0 0 0 0 0 0 0 0 0 0 0 0 0 0 0 0 0 0 0 0 0 0 0 0 0 0 0 0 0 0 0 0 0 0 0 0 0 0 0 0 0 0 0 0 0 0 0 0 0 0 0 0 0 0 0 0 0 0 0 0 0 0 0 0 0 147572081 0 0 0
ctxt 321636729
btime 1669654930
processes 450035
procs_running 1
procs_blocked 0
softirq 441882864 313727203 24042712 701108 17007611 317261 0 47620761 28438122 557 10027529

cpu  640239 32099 1221366 456975760 97172 0 1279219 0 0 0
cpu0 95268 9522 165323 114466092 26663 0 284636 0 0 0
cpu1 324564 10210 694214 113477996 19431 0 405812 0 0 0
cpu2 113141 2833 190309 114518986 26310 0 306885 0 0 0
cpu3 107264 9534 171520 114512685 24767 0 281885 0 0 0
intr 10214118118 0 0 2336397 81 0 583274 24533124 0 0 0 8098899 0 0 0 0 0 0 0 0 0 0 0 0 0 0 0 0 0 0 0 0 0 0 0 0 0 0 0 0 0 0 0 0 0 0 0 0 0 0 0 0 936799044 0 0 0 0 0 0 0 0 464578 0 317315 0 0 0 0 0 0 0 0 0 0 0 491256174 1 0 0 0 0 0 0 0 0 0 0 0 0 0 0 0 0 0 0 0 0 0 0 309550 4219 0 0 0 0 11908296 0 0 0 0 0 0 0 0 0 0 0 0 0 0 0 0 0 0 0 0 0 0 0 0 0 0 0 0 0 0 0 0 0 0 0 0 0 0 0 0 0 0 0 0 0 0 0 0 0 0 0 0 0 0 0 0 0 0 0 0 0 0 0 0 0 0 0 0 0 0 0 0 0 0 0 147572574 0 0 0
ctxt 321637748
btime 1669654930
processes 450035
procs_running 1
procs_blocked 0
softirq 441882946 313727203 24042727 701108 17007613 317261 0 47620789 28438148 557 10027540

cpu  640239 32099 1221368 456975953 97172 0 1279219 0 0 0
cpu0 95268 9522 165323 114466141 26663 0 284636 0 0 0
cpu1 324564 10210 694216 113478042 19431 0 405812 0 0 0
cpu2 113141 2833 190309 114519035 26310 0 306885 0 0 0
cpu3 107264 9534 171520 114512734 24767 0 281885 0 0 0
intr 10214122860 0 0 2336401 81 0 583274 24533161 0 0 0 8098904 0 0 0 0 0 0 0 0 0 0 0 0 0 0 0 0 0 0 0 0 0 0 0 0 0 0 0 0 0 0 0 0 0 0 0 0 0 0 0 0 936803063 0 0 0 0 0 0 0 0 464579 0 317315 0 0 0 0 0 0 0 0 0 0 0 491256328 1 0 0 0 0 0 0 0 0 0 0 0 0 0 0 0 0 0 0 0 0 0 0 309550 4219 0 0 0 0 11908328 0 0 0 0 0 0 0 0 0 0 0 0 0 0 0 0 0 0 0 0 0 0 0 0 0 0 0 0 0 0 0 0 0 0 0 0 0 0 0 0 0 0 0 0 0 0 0 0 0 0 0 0 0 0 0 0 0 0 0 0 0 0 0 0 0 0 0 0 0 0 0 0 0 0 0 147573066 0 0 0
ctxt 321638778
btime 1669654930
processes 450035
procs_running 1
procs_blocked 0
softirq 441883032 313727211 24042741 701108 17007615 317261 0 47620816 28438173 557 10027550

cpu  640240 32099 1221370 456976147 97172 0 1279219 0 0 0
cpu0 95268 9522 165323 114466191 26663 0 284636 0 0 0
cpu1 324565 10210 694218 113478088 19431 0 405812 0 0 0
cpu2 113141 2833 190309 114519084 26310 0 306885 0 0 0
cpu3 107264 9534 171520 114512784 24767 0 281885 0 0 0
intr 10214127546 0 0 2336405 81 0 583274 24533188 0 0 0 8098909 0 0 0 0 0 0 0 0 0 0 0 0 0 0 0 0 0 0 0 0 0 0 0 0 0 0 0 0 0 0 0 0 0 0 0 0 0 0 0 0 936807068 0 0 0 0 0 0 0 0 464580 0 317315 0 0 0 0 0 0 0 0 0 0 0 491256456 1 0 0 0 0 0 0 0 0 0 0 0 0 0 0 0 0 0 0 0 0 0 0 309550 4219 0 0 0 0 11908348 0 0 0 0 0 0 0 0 0 0 0 0 0 0 0 0 0 0 0 0 0 0 0 0 0 0 0 0 0 0 0 0 0 0 0 0 0 0 0 0 0 0 0 0 0 0 0 0 0 0 0 0 0 0 0 0 0 0 0 0 0 0 0 0 0 0 0 0 0 0 0 0 0 0 0 147573562 0 0 0
ctxt 321639775
btime 1669654930
processes 450035
procs_running 2
procs_blocked 0
softirq 441883103 313727211 24042756 701108 17007616 317261 0 47620835 28438198 557 10027561

cpu  640241 32099 1221372 456976341 97172 0 1279219 0 0 0
cpu0 95268 9522 165323 114466240 26663 0 284636 0 0 0
cpu1 324566 10210 694219 113478133 19431 0 405812 0 0 0
cpu2 113141 2833 190309 114519133 26310 0 306885 0 0 0
cpu3 107264 9534 171520 114512833 24767 0 281885 0 0 0
intr 10214132272 0 0 2336410 81 0 583274 24533217 0 0 0 8098914 0 0 0 0 0 0 0 0 0 0 0 0 0 0 0 0 0 0 0 0 0 0 0 0 0 0 0 0 0 0 0 0 0 0 0 0 0 0 0 0 936811089 0 0 0 0 0 0 0 0 464581 0 317315 0 0 0 0 0 0 0 0 0 0 0 491256610 1 0 0 0 0 0 0 0 0 0 0 0 0 0 0 0 0 0 0 0 0 0 0 309550 4219 0 0 0 0 11908363 0 0 0 0 0 0 0 0 0 0 0 0 0 0 0 0 0 0 0 0 0 0 0 0 0 0 0 0 0 0 0 0 0 0 0 0 0 0 0 0 0 0 0 0 0 0 0 0 0 0 0 0 0 0 0 0 0 0 0 0 0 0 0 0 0 0 0 0 0 0 0 0 0 0 0 147574058 0 0 0
ctxt 321640779
btime 1669654930
processes 450035
procs_running 1
procs_blocked 0
softirq 441883177 313727219 24042770 701108 17007617 317261 0 47620850 28438222 557 10027573

cpu  640242 32099 1221373 456976534 97172 0 1279219 0 0 0
cpu0 95268 9522 165323 114466289 26663 0 284636 0 0 0
cpu1 324567 10210 694220 113478179 19431 0 405812 0 0 0
cpu2 113141 2833 190310 114519182 26310 0 306885 0 0 0
cpu3 107264 9534 171520 114512883 24767 0 281885 0 0 0
intr 10214136932 0 0 2336410 81 0 583274 24533239 0 0 0 8098919 0 0 0 0 0 0 0 0 0 0 0 0 0 0 0 0 0 0 0 0 0 0 0 0 0 0 0 0 0 0 0 0 0 0 0 0 0 0 0 0 936815093 0 0 0 0 0 0 0 0 464582 0 317315 0 0 0 0 0 0 0 0 0 0 0 491256738 1 0 0 0 0 0 0 0 0 0 0 0 0 0 0 0 0 0 0 0 0 0 0 309550 4219 0 0 0 0 11908378 0 0 0 0 0 0 0 0 0 0 0 0 0 0 0 0 0 0 0 0 0 0 0 0 0 0 0 0 0 0 0 0 0 0 0 0 0 0 0 0 0 0 0 0 0 0 0 0 0 0 0 0 0 0 0 0 0 0 0 0 0 0 0 0 0 0 0 0 0 0 0 0 0 0 0 147574542 0 0 0
ctxt 321641757
btime 1669654930
processes 450035
procs_running 1
procs_blocked 0
softirq 441883241 313727219 24042783 701108 17007618 317261 0 47620864 28438246 557 10027585

cpu  640242 32099 1221375 456976728 97172 0 1279219 0 0 0
cpu0 95268 9522 165323 114466339 26663 0 284636 0 0 0
cpu1 324567 10210 694222 113478225 19431 0 405812 0 0 0
cpu2 113141 2833 190310 114519230 26310 0 306885 0 0 0
cpu3 107264 9534 171520 114512932 24767 0 281885 0 0 0
intr 10214141662 0 0 2336418 81 0 583274 24533270 0 0 0 8098924 0 0 0 0 0 0 0 0 0 0 0 0 0 0 0 0 0 0 0 0 0 0 0 0 0 0 0 0 0 0 0 0 0 0 0 0 0 0 0 0 936819113 0 0 0 0 0 0 0 0 464583 0 317315 0 0 0 0 0 0 0 0 0 0 0 491256890 1 0 0 0 0 0 0 0 0 0 0 0 0 0 0 0 0 0 0 0 0 0 0 309550 4219 0 0 0 0 11908393 0 0 0 0 0 0 0 0 0 0 0 0 0 0 0 0 0 0 0 0 0 0 0 0 0 0 0 0 0 0 0 0 0 0 0 0 0 0 0 0 0 0 0 0 0 0 0 0 0 0 0 0 0 0 0 0 0 0 0 0 0 0 0 0 0 0 0 0 0 0 0 0 0 0 0 147575041 0 0 0
ctxt 321642761
btime 1669654930
processes 450035
procs_running 1
procs_blocked 0
softirq 441883317 313727227 24042797 701108 17007619 317261 0 47620878 28438273 557 10027597

cpu  640242 32099 1221378 456976921 97172 0 1279219 0 0 0
cpu0 95268 9522 165323 114466388 26663 0 284636 0 0 0
cpu1 324567 10210 694224 113478271 19431 0 405812 0 0 0
cpu2 113141 2833 190310 114519279 26310 0 306885 0 0 0
cpu3 107264 9534 171520 114512982 24767 0 281885 0 0 0
intr 10214146322 0 0 2336418 81 0 583274 24533294 0 0 0 8098929 0 0 0 0 0 0 0 0 0 0 0 0 0 0 0 0 0 0 0 0 0 0 0 0 0 0 0 0 0 0 0 0 0 0 0 0 0 0 0 0 936823117 0 0 0 0 0 0 0 0 464584 0 317315 0 0 0 0 0 0 0 0 0 0 0 491257018 1 0 0 0 0 0 0 0 0 0 0 0 0 0 0 0 0 0 0 0 0 0 0 309550 4219 0 0 0 0 11908408 0 0 0 0 0 0 0 0 0 0 0 0 0 0 0 0 0 0 0 0 0 0 0 0 0 0 0 0 0 0 0 0 0 0 0 0 0 0 0 0 0 0 0 0 0 0 0 0 0 0 0 0 0 0 0 0 0 0 0 0 0 0 0 0 0 0 0 0 0 0 0 0 0 0 0 147575524 0 0 0
ctxt 321643742
btime 1669654930
processes 450035
procs_running 2
procs_blocked 0
softirq 441883380 313727227 24042810 701108 17007620 317261 0 47620892 28438296 557 10027609

cpu  640242 32099 1221380 456977115 97172 0 1279219 0 0 0
cpu0 95268 9522 165323 114466437 26663 0 284636 0 0 0
cpu1 324567 10210 694226 113478317 19431 0 405812 0 0 0
cpu2 113141 2833 190310 114519328 26310 0 306885 0 0 0
cpu3 107264 9534 171520 114513031 24767 0 281885 0 0 0
intr 10214151037 0 0 2336419 81 0 583274 24533320 0 0 0 8098934 0 0 0 0 0 0 0 0 0 0 0 0 0 0 0 0 0 0 0 0 0 0 0 0 0 0 0 0 0 0 0 0 0 0 0 0 0 0 0 0 936827138 0 0 0 0 0 0 0 0 464585 0 317315 0 0 0 0 0 0 0 0 0 0 0 491257172 1 0 0 0 0 0 0 0 0 0 0 0 0 0 0 0 0 0 0 0 0 0 0 309550 4219 0 0 0 0 11908423 0 0 0 0 0 0 0 0 0 0 0 0 0 0 0 0 0 0 0 0 0 0 0 0 0 0 0 0 0 0 0 0 0 0 0 0 0 0 0 0 0 0 0 0 0 0 0 0 0 0 0 0 0 0 0 0 0 0 0 0 0 0 0 0 0 0 0 0 0 0 0 0 0 0 0 147576016 0 0 0
ctxt 321644751
btime 1669654930
processes 450035
procs_running 1
procs_blocked 0
softirq 441883458 313727235 24042826 701109 17007621 317261 0 47620905 28438322 557 10027622

cpu  640242 32099 1221384 456977308 97172 0 1279219 0 0 0
cpu0 95268 9522 165323 114466487 26663 0 284636 0 0 0
cpu1 324567 10210 694229 113478363 19431 0 405812 0 0 0
cpu2 113141 2833 190311 114519377 26310 0 306885 0 0 0
cpu3 107264 9534 171520 114513080 24767 0 281885 0 0 0
intr 10214155711 0 0 2336423 81 0 583274 24533345 0 0 0 8098939 0 0 0 0 0 0 0 0 0 0 0 0 0 0 0 0 0 0 0 0 0 0 0 0 0 0 0 0 0 0 0 0 0 0 0 0 0 0 0 0 936831142 0 0 0 0 0 0 0 0 464586 0 317315 0 0 0 0 0 0 0 0 0 0 0 491257300 1 0 0 0 0 0 0 0 0 0 0 0 0 0 0 0 0 0 0 0 0 0 0 309550 4219 0 0 0 0 11908438 0 0 0 0 0 0 0 0 0 0 0 0 0 0 0 0 0 0 0 0 0 0 0 0 0 0 0 0 0 0 0 0 0 0 0 0 0 0 0 0 0 0 0 0 0 0 0 0 0 0 0 0 0 0 0 0 0 0 0 0 0 0 0 0 0 0 0 0 0 0 0 0 0 0 0 147576508 0 0 0
ctxt 321645745
btime 1669654930
processes 450035
procs_running 1
procs_blocked 0
softirq 441883523 313727235 24042839 701109 17007622 317261 0 47620919 28438346 557 10027635

cpu  640242 32099 1221386 456977502 97172 0 1279219 0 0 0
cpu0 95268 9522 165323 114466536 26663 0 284636 0 0 0
cpu1 324568 10210 694232 113478408 19431 0 405812 0 0 0
cpu2 113141 2833 190312 114519426 26310 0 306885 0 0 0
cpu3 107264 9534 171520 114513130 24767 0 281885 0 0 0
intr 10214160434 0 0 2336427 81 0 583274 24533373 0 0 0 8098944 0 0 0 0 0 0 0 0 0 0 0 0 0 0 0 0 0 0 0 0 0 0 0 0 0 0 0 0 0 0 0 0 0 0 0 0 0 0 0 0 936835164 0 0 0 0 0 0 0 0 464587 0 317315 0 0 0 0 0 0 0 0 0 0 0 491257454 1 0 0 0 0 0 0 0 0 0 0 0 0 0 0 0 0 0 0 0 0 0 0 309550 4219 0 0 0 0 11908453 0 0 0 0 0 0 0 0 0 0 0 0 0 0 0 0 0 0 0 0 0 0 0 0 0 0 0 0 0 0 0 0 0 0 0 0 0 0 0 0 0 0 0 0 0 0 0 0 0 0 0 0 0 0 0 0 0 0 0 0 0 0 0 0 0 0 0 0 0 0 0 0 0 0 0 147577003 0 0 0
ctxt 321646755
btime 1669654930
processes 450035
procs_running 1
procs_blocked 0
softirq 441883599 313727243 24042853 701109 17007623 317261 0 47620933 28438372 557 10027648

cpu  640242 32099 1221389 456977695 97172 0 1279219 0 0 0
cpu0 95268 9522 165323 114466585 26663 0 284636 0 0 0
cpu1 324568 10210 694233 113478454 19431 0 405812 0 0 0
cpu2 113141 2833 190312 114519475 26310 0 306885 0 0 0
cpu3 107264 9534 171520 114513179 24767 0 281885 0 0 0
intr 10214165095 0 0 2336427 81 0 583274 24533394 0 0 0 8098949 0 0 0 0 0 0 0 0 0 0 0 0 0 0 0 0 0 0 0 0 0 0 0 0 0 0 0 0 0 0 0 0 0 0 0 0 0 0 0 0 936839166 0 0 0 0 0 0 0 0 464588 0 317315 0 0 0 0 0 0 0 0 0 0 0 491257582 1 0 0 0 0 0 0 0 0 0 0 0 0 0 0 0 0 0 0 0 0 0 0 309550 4219 0 0 0 0 11908468 0 0 0 0 0 0 0 0 0 0 0 0 0 0 0 0 0 0 0 0 0 0 0 0 0 0 0 0 0 0 0 0 0 0 0 0 0 0 0 0 0 0 0 0 0 0 0 0 0 0 0 0 0 0 0 0 0 0 0 0 0 0 0 0 0 0 0 0 0 0 0 0 0 0 0 147577489 0 0 0
ctxt 321647740
btime 1669654930
processes 450035
procs_running 1
procs_blocked 0
softirq 441883665 313727243 24042866 701109 17007624 317261 0 47620947 28438398 557 10027660

cpu  640242 32099 1221392 456977889 97172 0 1279219 0 0 0
cpu0 95268 9522 165323 114466634 26663 0 284636 0 0 0
cpu1 324568 10210 694236 113478500 19431 0 405812 0 0 0
cpu2 113141 2833 190312 114519524 26310 0 306885 0 0 0
cpu3 107264 9534 171520 114513229 24767 0 281885 0 0 0
intr 10214169806 0 0 2336428 81 0 583274 24533421 0 0 0 8098954 0 0 0 0 0 0 0 0 0 0 0 0 0 0 0 0 0 0 0 0 0 0 0 0 0 0 0 0 0 0 0 0 0 0 0 0 0 0 0 0 936843185 0 0 0 0 0 0 0 0 464589 0 317315 0 0 0 0 0 0 0 0 0 0 0 491257736 1 0 0 0 0 0 0 0 0 0 0 0 0 0 0 0 0 0 0 0 0 0 0 309550 4219 0 0 0 0 11908483 0 0 0 0 0 0 0 0 0 0 0 0 0 0 0 0 0 0 0 0 0 0 0 0 0 0 0 0 0 0 0 0 0 0 0 0 0 0 0 0 0 0 0 0 0 0 0 0 0 0 0 0 0 0 0 0 0 0 0 0 0 0 0 0 0 0 0 0 0 0 0 0 0 0 0 147577980 0 0 0
ctxt 321648744
btime 1669654930
processes 450035
procs_running 1
procs_blocked 0
softirq 441883742 313727251 24042881 701109 17007625 317261 0 47620961 28438424 557 10027673

cpu  640244 32099 1221394 456978082 97172 0 1279219 0 0 0
cpu0 95268 9522 165323 114466684 26663 0 284636 0 0 0
cpu1 324569 10210 694237 113478546 19431 0 405812 0 0 0
cpu2 113141 2833 190313 114519573 26310 0 306885 0 0 0
cpu3 107264 9534 171520 114513278 24767 0 281885 0 0 0
intr 10214174490 0 0 2336428 81 0 583274 24533449 0 0 0 8098959 0 0 0 0 0 0 0 0 0 0 0 0 0 0 0 0 0 0 0 0 0 0 0 0 0 0 0 0 0 0 0 0 0 0 0 0 0 0 0 0 936847189 0 0 0 0 0 0 0 0 464590 0 317315 0 0 0 0 0 0 0 0 0 0 0 491257864 1 0 0 0 0 0 0 0 0 0 0 0 0 0 0 0 0 0 0 0 0 0 0 309550 4219 0 0 0 0 11908502 0 0 0 0 0 0 0 0 0 0 0 0 0 0 0 0 0 0 0 0 0 0 0 0 0 0 0 0 0 0 0 0 0 0 0 0 0 0 0 0 0 0 0 0 0 0 0 0 0 0 0 0 0 0 0 0 0 0 0 0 0 0 0 0 0 0 0 0 0 0 0 0 0 0 0 147578477 0 0 0
ctxt 321649752
btime 1669654930
processes 450035
procs_running 1
procs_blocked 0
softirq 441883828 313727251 24042898 701109 17007627 317261 0 47620978 28438453 557 10027694

cpu  640246 32099 1221400 456978268 97172 0 1279219 0 0 0
cpu0 95268 9522 165324 114466730 26663 0 284636 0 0 0
cpu1 324570 10210 694240 113478591 19431 0 405812 0 0 0
cpu2 113141 2833 190314 114519621 26310 0 306885 0 0 0
cpu3 107266 9534 171521 114513325 24767 0 281885 0 0 0
intr 10214179356 0 0 2336434 81 0 583287 24533517 0 0 0 8098964 0 0 0 0 0 0 0 0 0 0 0 0 0 0 0 0 0 0 0 0 0 0 0 0 0 0 0 0 0 0 0 0 0 0 0 0 0 0 0 0 936851209 0 0 0 0 0 0 0 0 464591 0 317315 0 0 0 0 0 0 0 0 0 0 0 491258019 1 0 0 0 0 0 0 0 0 0 0 0 0 0 0 0 0 0 0 0 0 0 0 309550 4219 0 0 0 0 11908534 0 0 0 0 0 0 0 0 0 0 0 0 0 0 0 0 0 0 0 0 0 0 0 0 0 0 0 0 0 0 0 0 0 0 0 0 0 0 0 0 0 0 0 0 0 0 0 0 0 0 0 0 0 0 0 0 0 0 0 0 0 0 0 0 0 0 0 0 0 0 0 0 0 0 0 147579045 0 0 0
ctxt 321650893
btime 1669654930
processes 450046
procs_running 1
procs_blocked 0
softirq 441884042 313727260 24042928 701109 17007630 317261 0 47621005 28438531 557 10027761

cpu  640248 32099 1221401 456978462 97172 0 1279219 0 0 0
cpu0 95268 9522 165324 114466780 26663 0 284636 0 0 0
cpu1 324571 10210 694241 113478637 19431 0 405812 0 0 0
cpu2 113141 2833 190314 114519670 26310 0 306885 0 0 0
cpu3 107266 9534 171521 114513374 24767 0 281885 0 0 0
intr 10214184026 0 0 2336436 81 0 583288 24533538 0 0 0 8098969 0 0 0 0 0 0 0 0 0 0 0 0 0 0 0 0 0 0 0 0 0 0 0 0 0 0 0 0 0 0 0 0 0 0 0 0 0 0 0 0 936855213 0 0 0 0 0 0 0 0 464592 0 317315 0 0 0 0 0 0 0 0 0 0 0 491258147 1 0 0 0 0 0 0 0 0 0 0 0 0 0 0 0 0 0 0 0 0 0 0 309550 4219 0 0 0 0 11908549 0 0 0 0 0 0 0 0 0 0 0 0 0 0 0 0 0 0 0 0 0 0 0 0 0 0 0 0 0 0 0 0 0 0 0 0 0 0 0 0 0 0 0 0 0 0 0 0 0 0 0 0 0 0 0 0 0 0 0 0 0 0 0 0 0 0 0 0 0 0 0 0 0 0 0 147579537 0 0 0
ctxt 321651885
btime 1669654930
processes 450047
procs_running 1
procs_blocked 0
softirq 441884111 313727260 24042942 701109 17007631 317261 0 47621019 28438558 557 10027774

cpu  640248 32099 1221403 456978655 97172 0 1279219 0 0 0
cpu0 95268 9522 165324 114466829 26663 0 284636 0 0 0
cpu1 324571 10210 694243 113478682 19431 0 405812 0 0 0
cpu2 113141 2833 190314 114519719 26310 0 306885 0 0 0
cpu3 107266 9534 171521 114513423 24767 0 281885 0 0 0
intr 10214188716 0 0 2336437 81 0 583288 24533571 0 0 0 8098974 0 0 0 0 0 0 0 0 0 0 0 0 0 0 0 0 0 0 0 0 0 0 0 0 0 0 0 0 0 0 0 0 0 0 0 0 0 0 0 0 936859209 0 0 0 0 0 0 0 0 464593 0 317315 0 0 0 0 0 0 0 0 0 0 0 491258277 1 0 0 0 0 0 0 0 0 0 0 0 0 0 0 0 0 0 0 0 0 0 0 309550 4219 0 0 0 0 11908573 0 0 0 0 0 0 0 0 0 0 0 0 0 0 0 0 0 0 0 0 0 0 0 0 0 0 0 0 0 0 0 0 0 0 0 0 0 0 0 0 0 0 0 0 0 0 0 0 0 0 0 0 0 0 0 0 0 0 0 0 0 0 0 0 0 0 0 0 0 0 0 0 0 0 0 147580037 0 0 0
ctxt 321652905
btime 1669654930
processes 450047
procs_running 1
procs_blocked 0
softirq 441884202 313727260 24042962 701109 17007633 317261 0 47621039 28438589 557 10027792

cpu  640248 32099 1221406 456978849 97172 0 1279219 0 0 0
cpu0 95268 9522 165324 114466879 26663 0 284636 0 0 0
cpu1 324571 10210 694246 113478728 19431 0 405812 0 0 0
cpu2 113141 2833 190314 114519768 26310 0 306885 0 0 0
cpu3 107266 9534 171521 114513473 24767 0 281885 0 0 0
intr 10214193442 0 0 2336441 81 0 583288 24533599 0 0 0 8098979 0 0 0 0 0 0 0 0 0 0 0 0 0 0 0 0 0 0 0 0 0 0 0 0 0 0 0 0 0 0 0 0 0 0 0 0 0 0 0 0 936863234 0 0 0 0 0 0 0 0 464594 0 317315 0 0 0 0 0 0 0 0 0 0 0 491258429 1 0 0 0 0 0 0 0 0 0 0 0 0 0 0 0 0 0 0 0 0 0 0 309550 4219 0 0 0 0 11908588 0 0 0 0 0 0 0 0 0 0 0 0 0 0 0 0 0 0 0 0 0 0 0 0 0 0 0 0 0 0 0 0 0 0 0 0 0 0 0 0 0 0 0 0 0 0 0 0 0 0 0 0 0 0 0 0 0 0 0 0 0 0 0 0 0 0 0 0 0 0 0 0 0 0 0 147580532 0 0 0
ctxt 321653915
btime 1669654930
processes 450047
procs_running 1
procs_blocked 0
softirq 441884282 313727268 24042978 701109 17007634 317261 0 47621053 28438617 557 10027805

cpu  640248 32099 1221407 456979042 97172 0 1279219 0 0 0
cpu0 95268 9522 165324 114466928 26663 0 284636 0 0 0
cpu1 324572 10210 694246 113478774 19431 0 405812 0 0 0
cpu2 113141 2833 190315 114519816 26310 0 306885 0 0 0
cpu3 107266 9534 171521 114513522 24767 0 281885 0 0 0
intr 10214198155 0 0 2336441 81 0 583288 24533643 0 0 0 8098983 0 0 0 0 0 0 0 0 0 0 0 0 0 0 0 0 0 0 0 0 0 0 0 0 0 0 0 0 0 0 0 0 0 0 0 0 0 0 0 0 936867230 0 0 0 0 0 0 0 0 464595 0 317315 0 0 0 0 0 0 0 0 0 0 0 491258559 1 0 0 0 0 0 0 0 0 0 0 0 0 0 0 0 0 0 0 0 0 0 0 309550 4219 0 0 0 0 11908627 0 0 0 0 0 0 0 0 0 0 0 0 0 0 0 0 0 0 0 0 0 0 0 0 0 0 0 0 0 0 0 0 0 0 0 0 0 0 0 0 0 0 0 0 0 0 0 0 0 0 0 0 0 0 0 0 0 0 0 0 0 0 0 0 0 0 0 0 0 0 0 0 0 0 0 147581032 0 0 0
ctxt 321654962
btime 1669654930
processes 450047
procs_running 3
procs_blocked 0
softirq 441884384 313727268 24042998 701110 17007637 317261 0 47621085 28438650 557 10027818

cpu  640249 32099 1221412 456979235 97172 0 1279219 0 0 0
cpu0 95268 9522 165324 114466977 26663 0 284636 0 0 0
cpu1 324572 10210 694250 113478820 19431 0 405812 0 0 0
cpu2 113141 2833 190316 114519865 26310 0 306885 0 0 0
cpu3 107266 9534 171521 114513571 24767 0 281885 0 0 0
intr 10214202877 0 0 2336441 81 0 583288 24533666 0 0 0 8098988 0 0 0 0 0 0 0 0 0 0 0 0 0 0 0 0 0 0 0 0 0 0 0 0 0 0 0 0 0 0 0 0 0 0 0 0 0 0 0 0 936871259 0 0 0 0 0 0 0 0 464596 0 317315 0 0 0 0 0 0 0 0 0 0 0 491258711 1 0 0 0 0 0 0 0 0 0 0 0 0 0 0 0 0 0 0 0 0 0 0 309550 4219 0 0 0 0 11908642 0 0 0 0 0 0 0 0 0 0 0 0 0 0 0 0 0 0 0 0 0 0 0 0 0 0 0 0 0 0 0 0 0 0 0 0 0 0 0 0 0 0 0 0 0 0 0 0 0 0 0 0 0 0 0 0 0 0 0 0 0 0 0 0 0 0 0 0 0 0 0 0 0 0 0 147581528 0 0 0
ctxt 321655963
btime 1669654930
processes 450047
procs_running 1
procs_blocked 0
softirq 441884466 313727276 24043014 701110 17007638 317261 0 47621099 28438681 557 10027830

cpu  640249 32099 1221414 456979429 97172 0 1279219 0 0 0
cpu0 95268 9522 165324 114467027 26663 0 284636 0 0 0
cpu1 324572 10210 694252 113478866 19431 0 405812 0 0 0
cpu2 113141 2833 190316 114519914 26310 0 306885 0 0 0
cpu3 107266 9534 171521 114513620 24767 0 281885 0 0 0
intr 10214207528 0 0 2336442 81 0 583288 24533686 0 0 0 8098993 0 0 0 0 0 0 0 0 0 0 0 0 0 0 0 0 0 0 0 0 0 0 0 0 0 0 0 0 0 0 0 0 0 0 0 0 0 0 0 0 936875255 0 0 0 0 0 0 0 0 464597 0 317315 0 0 0 0 0 0 0 0 0 0 0 491258841 1 0 0 0 0 0 0 0 0 0 0 0 0 0 0 0 0 0 0 0 0 0 0 309550 4219 0 0 0 0 11908657 0 0 0 0 0 0 0 0 0 0 0 0 0 0 0 0 0 0 0 0 0 0 0 0 0 0 0 0 0 0 0 0 0 0 0 0 0 0 0 0 0 0 0 0 0 0 0 0 0 0 0 0 0 0 0 0 0 0 0 0 0 0 0 0 0 0 0 0 0 0 0 0 0 0 0 147582015 0 0 0
ctxt 321656948
btime 1669654930
processes 450047
procs_running 1
procs_blocked 0
softirq 441884523 313727276 24043027 701110 17007639 317261 0 47621112 28438700 557 10027841

cpu  640250 32099 1221416 456979622 97172 0 1279219 0 0 0
cpu0 95268 9522 165324 114467076 26663 0 284636 0 0 0
cpu1 324574 10210 694254 113478912 19431 0 405812 0 0 0
cpu2 113141 2833 190316 114519963 26310 0 306885 0 0 0
cpu3 107266 9534 171521 114513670 24767 0 281885 0 0 0
intr 10214212244 0 0 2336442 81 0 583288 24533713 0 0 0 8098998 0 0 0 0 0 0 0 0 0 0 0 0 0 0 0 0 0 0 0 0 0 0 0 0 0 0 0 0 0 0 0 0 0 0 0 0 0 0 0 0 936879281 0 0 0 0 0 0 0 0 464598 0 317315 0 0 0 0 0 0 0 0 0 0 0 491258993 1 0 0 0 0 0 0 0 0 0 0 0 0 0 0 0 0 0 0 0 0 0 0 309550 4219 0 0 0 0 11908672 0 0 0 0 0 0 0 0 0 0 0 0 0 0 0 0 0 0 0 0 0 0 0 0 0 0 0 0 0 0 0 0 0 0 0 0 0 0 0 0 0 0 0 0 0 0 0 0 0 0 0 0 0 0 0 0 0 0 0 0 0 0 0 0 0 0 0 0 0 0 0 0 0 0 0 147582501 0 0 0
ctxt 321657948
btime 1669654930
processes 450047
procs_running 1
procs_blocked 0
softirq 441884600 313727284 24043041 701110 17007640 317261 0 47621127 28438727 557 10027853

cpu  640250 32099 1221418 456979816 97172 0 1279219 0 0 0
cpu0 95268 9522 165324 114467125 26663 0 284636 0 0 0
cpu1 324574 10210 694256 113478958 19431 0 405812 0 0 0
cpu2 113141 2833 190317 114520012 26310 0 306885 0 0 0
cpu3 107266 9534 171521 114513719 24767 0 281885 0 0 0
intr 10214216896 0 0 2336442 81 0 583288 24533730 0 0 0 8099003 0 0 0 0 0 0 0 0 0 0 0 0 0 0 0 0 0 0 0 0 0 0 0 0 0 0 0 0 0 0 0 0 0 0 0 0 0 0 0 0 936883278 0 0 0 0 0 0 0 0 464599 0 317315 0 0 0 0 0 0 0 0 0 0 0 491259123 1 0 0 0 0 0 0 0 0 0 0 0 0 0 0 0 0 0 0 0 0 0 0 309550 4219 0 0 0 0 11908687 0 0 0 0 0 0 0 0 0 0 0 0 0 0 0 0 0 0 0 0 0 0 0 0 0 0 0 0 0 0 0 0 0 0 0 0 0 0 0 0 0 0 0 0 0 0 0 0 0 0 0 0 0 0 0 0 0 0 0 0 0 0 0 0 0 0 0 0 0 0 0 0 0 0 0 147582991 0 0 0
ctxt 321658925
btime 1669654930
processes 450047
procs_running 2
procs_blocked 0
softirq 441884662 313727284 24043054 701110 17007641 317261 0 47621140 28438751 557 10027864

cpu  640251 32099 1221422 456980009 97172 0 1279219 0 0 0
cpu0 95268 9522 165324 114467175 26663 0 284636 0 0 0
cpu1 324574 10210 694258 113479003 19431 0 405812 0 0 0
cpu2 113142 2833 190318 114520061 26310 0 306885 0 0 0
cpu3 107266 9534 171521 114513769 24767 0 281885 0 0 0
intr 10214221646 0 0 2336442 81 0 583288 24533771 0 0 0 8099008 0 0 0 0 0 0 0 0 0 0 0 0 0 0 0 0 0 0 0 0 0 0 0 0 0 0 0 0 0 0 0 0 0 0 0 0 0 0 0 0 936887304 0 0 0 0 0 0 0 0 464600 0 317315 0 0 0 0 0 0 0 0 0 0 0 491259275 1 0 0 0 0 0 0 0 0 0 0 0 0 0 0 0 0 0 0 0 0 0 0 309550 4219 0 0 0 0 11908717 0 0 0 0 0 0 0 0 0 0 0 0 0 0 0 0 0 0 0 0 0 0 0 0 0 0 0 0 0 0 0 0 0 0 0 0 0 0 0 0 0 0 0 0 0 0 0 0 0 0 0 0 0 0 0 0 0 0 0 0 0 0 0 0 0 0 0 0 0 0 0 0 0 0 0 147583484 0 0 0
ctxt 321659960
btime 1669654930
processes 450047
procs_running 1
procs_blocked 0
softirq 441884764 313727292 24043071 701110 17007643 317261 0 47621167 28438782 557 10027881
