cpu  642751 32099 1225418 457361376 97235 0 1279479 0 0 0
cpu0 95347 9522 165457 114564629 26669 0 284674 0 0 0
cpu1 326690 10210 697693 113568298 19449 0 405961 0 0 0
cpu2 113325 2833 190582 114617312 26348 0 306921 0 0 0
cpu3 107388 9534 171685 114611136 24767 0 281922 0 0 0
intr 10223669554 0 0 2343700 81 0 584031 24589132 0 0 0 8108561 0 0 0 0 0 0 0 0 0 0 0 0 0 0 0 0 0 0 0 0 0 0 0 0 0 0 0 0 0 0 0 0 0 0 0 0 0 0 0 0 944907214 0 0 0 0 0 0 0 0 466858 0 318009 0 0 0 0 0 0 0 0 0 0 0 491608586 1 0 0 0 0 0 0 0 0 0 0 0 0 0 0 0 0 0 0 0 0 0 0 310244 4219 0 0 0 0 11946055 0 0 0 0 0 0 0 0 0 0 0 0 0 0 0 0 0 0 0 0 0 0 0 0 0 0 0 0 0 0 0 0 0 0 0 0 0 0 0 0 0 0 0 0 0 0 0 0 0 0 0 0 0 0 0 0 0 0 0 0 0 0 0 0 0 0 0 0 0 0 0 0 0 0 0 148548274 0 0 0
ctxt 323627480
btime 1669654930
processes 450539
procs_running 2
procs_blocked 0
softirq 442179814 313836188 24072113 701296 17016326 317955 0 47693587 28489991 557 10051801

cpu  642751 32099 1225420 457361570 97235 0 1279479 0 0 0
cpu0 95347 9522 165458 114564679 26669 0 284674 0 0 0
cpu1 326690 10210 697695 113568344 19449 0 405961 0 0 0
cpu2 113325 2833 190582 114617361 26348 0 306921 0 0 0
cpu3 107388 9534 171685 114611186 24767 0 281922 0 0 0
intr 10223674271 0 0 2343702 81 0 584031 24589152 0 0 0 8108566 0 0 0 0 0 0 0 0 0 0 0 0 0 0 0 0 0 0 0 0 0 0 0 0 0 0 0 0 0 0 0 0 0 0 0 0 0 0 0 0 944911248 0 0 0 0 0 0 0 0 466859 0 318009 0 0 0 0 0 0 0 0 0 0 0 491608738 1 0 0 0 0 0 0 0 0 0 0 0 0 0 0 0 0 0 0 0 0 0 0 310244 4219 0 0 0 0 11946070 0 0 0 0 0 0 0 0 0 0 0 0 0 0 0 0 0 0 0 0 0 0 0 0 0 0 0 0 0 0 0 0 0 0 0 0 0 0 0 0 0 0 0 0 0 0 0 0 0 0 0 0 0 0 0 0 0 0 0 0 0 0 0 0 0 0 0 0 0 0 0 0 0 0 0 148548761 0 0 0
ctxt 323628468
btime 1669654930
processes 450539
procs_running 2
procs_blocked 0
softirq 442179881 313836196 24072126 701296 17016327 317955 0 47693601 28490014 557 10051809

cpu  642752 32099 1225423 457361763 97235 0 1279479 0 0 0
cpu0 95347 9522 165458 114564728 26669 0 284674 0 0 0
cpu1 326690 10210 697697 113568389 19450 0 405961 0 0 0
cpu2 113325 2833 190582 114617410 26348 0 306921 0 0 0
cpu3 107388 9534 171685 114611235 24767 0 281922 0 0 0
intr 10223678941 0 0 2343706 81 0 584031 24589169 0 0 0 8108571 0 0 0 0 0 0 0 0 0 0 0 0 0 0 0 0 0 0 0 0 0 0 0 0 0 0 0 0 0 0 0 0 0 0 0 0 0 0 0 0 944915244 0 0 0 0 0 0 0 0 466860 0 318011 0 0 0 0 0 0 0 0 0 0 0 491608868 1 0 0 0 0 0 0 0 0 0 0 0 0 0 0 0 0 0 0 0 0 0 0 310246 4219 0 0 0 0 11946085 0 0 0 0 0 0 0 0 0 0 0 0 0 0 0 0 0 0 0 0 0 0 0 0 0 0 0 0 0 0 0 0 0 0 0 0 0 0 0 0 0 0 0 0 0 0 0 0 0 0 0 0 0 0 0 0 0 0 0 0 0 0 0 0 0 0 0 0 0 0 0 0 0 0 0 148549258 0 0 0
ctxt 323629463
btime 1669654930
processes 450539
procs_running 2
procs_blocked 0
softirq 442179958 313836196 24072141 701296 17016328 317957 0 47693621 28490042 557 10051820

cpu  642752 32099 1225424 457361956 97235 0 1279479 0 0 0
cpu0 95347 9522 165458 114564777 26669 0 284674 0 0 0
cpu1 326691 10210 697698 113568435 19450 0 405961 0 0 0
cpu2 113325 2833 190582 114617459 26348 0 306921 0 0 0
cpu3 107388 9534 171685 114611284 24767 0 281922 0 0 0
intr 10223683681 0 0 2343706 81 0 584031 24589202 0 0 0 8108576 0 0 0 0 0 0 0 0 0 0 0 0 0 0 0 0 0 0 0 0 0 0 0 0 0 0 0 0 0 0 0 0 0 0 0 0 0 0 0 0 944919266 0 0 0 0 0 0 0 0 466861 0 318011 0 0 0 0 0 0 0 0 0 0 0 491609020 1 0 0 0 0 0 0 0 0 0 0 0 0 0 0 0 0 0 0 0 0 0 0 310246 4219 0 0 0 0 11946117 0 0 0 0 0 0 0 0 0 0 0 0 0 0 0 0 0 0 0 0 0 0 0 0 0 0 0 0 0 0 0 0 0 0 0 0 0 0 0 0 0 0 0 0 0 0 0 0 0 0 0 0 0 0 0 0 0 0 0 0 0 0 0 0 0 0 0 0 0 0 0 0 0 0 0 148549753 0 0 0
ctxt 323630492
btime 1669654930
processes 450539
procs_running 2
procs_blocked 0
softirq 442180052 313836204 24072157 701296 17016330 317957 0 47693648 28490072 557 10051831

cpu  642752 32099 1225427 457362149 97235 0 1279479 0 0 0
cpu0 95347 9522 165458 114564826 26669 0 284674 0 0 0
cpu1 326691 10210 697700 113568481 19450 0 405961 0 0 0
cpu2 113325 2833 190583 114617508 26348 0 306921 0 0 0
cpu3 107388 9534 171685 114611333 24767 0 281922 0 0 0
intr 10223688404 0 0 2343707 81 0 584031 24589242 0 0 0 8108581 0 0 0 0 0 0 0 0 0 0 0 0 0 0 0 0 0 0 0 0 0 0 0 0 0 0 0 0 0 0 0 0 0 0 0 0 0 0 0 0 944923270 0 0 0 0 0 0 0 0 466862 0 318011 0 0 0 0 0 0 0 0 0 0 0 491609150 1 0 0 0 0 0 0 0 0 0 0 0 0 0 0 0 0 0 0 0 0 0 0 310246 4219 0 0 0 0 11946158 0 0 0 0 0 0 0 0 0 0 0 0 0 0 0 0 0 0 0 0 0 0 0 0 0 0 0 0 0 0 0 0 0 0 0 0 0 0 0 0 0 0 0 0 0 0 0 0 0 0 0 0 0 0 0 0 0 0 0 0 0 0 0 0 0 0 0 0 0 0 0 0 0 0 0 148550254 0 0 0
ctxt 323631527
btime 1669654930
processes 450539
procs_running 2
procs_blocked 0
softirq 442180157 313836204 24072175 701296 17016333 317957 0 47693684 28490108 557 10051843

cpu  642753 32099 1225431 457362343 97235 0 1279479 0 0 0
cpu0 95347 9522 165458 114564875 26669 0 284674 0 0 0
cpu1 326692 10210 697704 113568526 19450 0 405961 0 0 0
cpu2 113325 2833 190583 114617557 26348 0 306921 0 0 0
cpu3 107388 9534 171685 114611383 24767 0 281922 0 0 0
intr 10223693103 0 0 2343707 81 0 584031 24589262 0 0 0 8108586 0 0 0 0 0 0 0 0 0 0 0 0 0 0 0 0 0 0 0 0 0 0 0 0 0 0 0 0 0 0 0 0 0 0 0 0 0 0 0 0 944927289 0 0 0 0 0 0 0 0 466863 0 318011 0 0 0 0 0 0 0 0 0 0 0 491609302 1 0 0 0 0 0 0 0 0 0 0 0 0 0 0 0 0 0 0 0 0 0 0 310246 4219 0 0 0 0 11946173 0 0 0 0 0 0 0 0 0 0 0 0 0 0 0 0 0 0 0 0 0 0 0 0 0 0 0 0 0 0 0 0 0 0 0 0 0 0 0 0 0 0 0 0 0 0 0 0 0 0 0 0 0 0 0 0 0 0 0 0 0 0 0 0 0 0 0 0 0 0 0 0 0 0 0 148550740 0 0 0
ctxt 323632513
btime 1669654930
processes 450539
procs_running 2
procs_blocked 0
softirq 442180229 313836212 24072188 701296 17016334 317957 0 47693697 28490134 557 10051854

cpu  642754 32099 1225432 457362536 97235 0 1279479 0 0 0
cpu0 95347 9522 165458 114564924 26669 0 284674 0 0 0
cpu1 326692 10210 697705 113568572 19450 0 405961 0 0 0
cpu2 113325 2833 190583 114617606 26348 0 306921 0 0 0
cpu3 107388 9534 171685 114611432 24767 0 281922 0 0 0
intr 10223697806 0 0 2343709 81 0 584031 24589295 0 0 0 8108591 0 0 0 0 0 0 0 0 0 0 0 0 0 0 0 0 0 0 0 0 0 0 0 0 0 0 0 0 0 0 0 0 0 0 0 0 0 0 0 0 944931294 0 0 0 0 0 0 0 0 466864 0 318011 0 0 0 0 0 0 0 0 0 0 0 491609432 1 0 0 0 0 0 0 0 0 0 0 0 0 0 0 0 0 0 0 0 0 0 0 310246 4219 0 0 0 0 11946209 0 0 0 0 0 0 0 0 0 0 0 0 0 0 0 0 0 0 0 0 0 0 0 0 0 0 0 0 0 0 0 0 0 0 0 0 0 0 0 0 0 0 0 0 0 0 0 0 0 0 0 0 0 0 0 0 0 0 0 0 0 0 0 0 0 0 0 0 0 0 0 0 0 0 0 148551232 0 0 0
ctxt 323633537
btime 1669654930
processes 450539
procs_running 2
procs_blocked 0
softirq 442180318 313836212 24072205 701296 17016337 317957 0 47693728 28490160 557 10051866

cpu  642754 32099 1225435 457362730 97235 0 1279479 0 0 0
cpu0 95347 9522 165458 114564974 26669 0 284674 0 0 0
cpu1 326693 10210 697708 113568618 19450 0 405961 0 0 0
cpu2 113325 2833 190583 114617655 26348 0 306921 0 0 0
cpu3 107388 9534 171685 114611481 24767 0 281922 0 0 0
intr 10223702531 0 0 2343711 81 0 584031 24589318 0 0 0 8108596 0 0 0 0 0 0 0 0 0 0 0 0 0 0 0 0 0 0 0 0 0 0 0 0 0 0 0 0 0 0 0 0 0 0 0 0 0 0 0 0 944935323 0 0 0 0 0 0 0 0 466865 0 318011 0 0 0 0 0 0 0 0 0 0 0 491609584 1 0 0 0 0 0 0 0 0 0 0 0 0 0 0 0 0 0 0 0 0 0 0 310246 4219 0 0 0 0 11946224 0 0 0 0 0 0 0 0 0 0 0 0 0 0 0 0 0 0 0 0 0 0 0 0 0 0 0 0 0 0 0 0 0 0 0 0 0 0 0 0 0 0 0 0 0 0 0 0 0 0 0 0 0 0 0 0 0 0 0 0 0 0 0 0 0 0 0 0 0 0 0 0 0 0 0 148551730 0 0 0
ctxt 323634536
btime 1669654930
processes 450539
procs_running 2
procs_blocked 0
softirq 442180400 313836220 24072220 701296 17016338 317957 0 47693743 28490191 557 10051878

cpu  642755 32099 1225437 457362923 97235 0 1279479 0 0 0
cpu0 95347 9522 165458 114565023 26669 0 284674 0 0 0
cpu1 326694 10210 697709 113568664 19450 0 405961 0 0 0
cpu2 113325 2833 190584 114617704 26348 0 306921 0 0 0
cpu3 107388 9534 171685 114611531 24767 0 281922 0 0 0
intr 10223707190 0 0 2343712 81 0 584031 24589334 0 0 0 8108601 0 0 0 0 0 0 0 0 0 0 0 0 0 0 0 0 0 0 0 0 0 0 0 0 0 0 0 0 0 0 0 0 0 0 0 0 0 0 0 0 944939319 0 0 0 0 0 0 0 0 466866 0 318011 0 0 0 0 0 0 0 0 0 0 0 491609714 1 0 0 0 0 0 0 0 0 0 0 0 0 0 0 0 0 0 0 0 0 0 0 310246 4219 0 0 0 0 11946239 0 0 0 0 0 0 0 0 0 0 0 0 0 0 0 0 0 0 0 0 0 0 0 0 0 0 0 0 0 0 0 0 0 0 0 0 0 0 0 0 0 0 0 0 0 0 0 0 0 0 0 0 0 0 0 0 0 0 0 0 0 0 0 0 0 0 0 0 0 0 0 0 0 0 0 148552224 0 0 0
ctxt 323635519
btime 1669654930
processes 450539
procs_running 2
procs_blocked 0
softirq 442180467 313836220 24072233 701296 17016339 317957 0 47693757 28490220 557 10051888

cpu  642755 32099 1225440 457363117 97235 0 1279480 0 0 0
cpu0 95347 9522 165459 114565072 26669 0 284674 0 0 0
cpu1 326694 10210 697711 113568710 19450 0 405961 0 0 0
cpu2 113325 2833 190584 114617753 26348 0 306922 0 0 0
cpu3 107388 9534 171685 114611580 24767 0 281922 0 0 0
intr 10223711909 0 0 2343716 81 0 584031 24589358 0 0 0 8108606 0 0 0 0 0 0 0 0 0 0 0 0 0 0 0 0 0 0 0 0 0 0 0 0 0 0 0 0 0 0 0 0 0 0 0 0 0 0 0 0 944943345 0 0 0 0 0 0 0 0 466867 0 318011 0 0 0 0 0 0 0 0 0 0 0 491609866 1 0 0 0 0 0 0 0 0 0 0 0 0 0 0 0 0 0 0 0 0 0 0 310246 4219 0 0 0 0 11946254 0 0 0 0 0 0 0 0 0 0 0 0 0 0 0 0 0 0 0 0 0 0 0 0 0 0 0 0 0 0 0 0 0 0 0 0 0 0 0 0 0 0 0 0 0 0 0 0 0 0 0 0 0 0 0 0 0 0 0 0 0 0 0 0 0 0 0 0 0 0 0 0 0 0 0 148552718 0 0 0
ctxt 323636514
btime 1669654930
processes 450539
procs_running 2
procs_blocked 0
softirq 442180541 313836228 24072247 701296 17016340 317957 0 47693770 28490247 557 10051899

cpu  642756 32099 1225444 457363310 97235 0 1279480 0 0 0
cpu0 95347 9522 165459 114565121 26669 0 284674 0 0 0
cpu1 326694 10210 697714 113568756 19450 0 405961 0 0 0
cpu2 113325 2833 190584 114617802 26348 0 306922 0 0 0
cpu3 107388 9534 171686 114611629 24767 0 281922 0 0 0
intr 10223716566 0 0 2343716 81 0 584031 24589375 0 0 0 8108611 0 0 0 0 0 0 0 0 0 0 0 0 0 0 0 0 0 0 0 0 0 0 0 0 0 0 0 0 0 0 0 0 0 0 0 0 0 0 0 0 944947341 0 0 0 0 0 0 0 0 466868 0 318011 0 0 0 0 0 0 0 0 0 0 0 491609996 1 0 0 0 0 0 0 0 0 0 0 0 0 0 0 0 0 0 0 0 0 0 0 310246 4219 0 0 0 0 11946269 0 0 0 0 0 0 0 0 0 0 0 0 0 0 0 0 0 0 0 0 0 0 0 0 0 0 0 0 0 0 0 0 0 0 0 0 0 0 0 0 0 0 0 0 0 0 0 0 0 0 0 0 0 0 0 0 0 0 0 0 0 0 0 0 0 0 0 0 0 0 0 0 0 0 0 148553210 0 0 0
ctxt 323637494
btime 1669654930
processes 450539
procs_running 2
procs_blocked 0
softirq 442180616 313836228 24072262 701297 17016341 317957 0 47693784 28490277 557 10051913

cpu  642756 32099 1225446 457363504 97235 0 1279480 0 0 0
cpu0 95347 9522 165459 114565170 26669 0 284674 0 0 0
cpu1 326695 10210 697715 113568802 19450 0 405961 0 0 0
cpu2 113326 2833 190584 114617851 26348 0 306922 0 0 0
cpu3 107388 9534 171686 114611679 24767 0 281922 0 0 0
intr 10223721316 0 0 2343716 81 0 584031 24589412 0 0 0 8108616 0 0 0 0 0 0 0 0 0 0 0 0 0 0 0 0 0 0 0 0 0 0 0 0 0 0 0 0 0 0 0 0 0 0 0 0 0 0 0 0 944951371 0 0 0 0 0 0 0 0 466869 0 318011 0 0 0 0 0 0 0 0 0 0 0 491610148 1 0 0 0 0 0 0 0 0 0 0 0 0 0 0 0 0 0 0 0 0 0 0 310246 4219 0 0 0 0 11946299 0 0 0 0 0 0 0 0 0 0 0 0 0 0 0 0 0 0 0 0 0 0 0 0 0 0 0 0 0 0 0 0 0 0 0 0 0 0 0 0 0 0 0 0 0 0 0 0 0 0 0 0 0 0 0 0 0 0 0 0 0 0 0 0 0 0 0 0 0 0 0 0 0 0 0 148553705 0 0 0
ctxt 323638516
btime 1669654930
processes 450539
procs_running 2
procs_blocked 0
softirq 442180719 313836236 24072278 701297 17016343 317957 0 47693812 28490308 557 10051931

cpu  642756 32099 1225449 457363697 97235 0 1279480 0 0 0
cpu0 95347 9522 165460 114565219 26669 0 284674 0 0 0
cpu1 326695 10210 697717 113568848 19450 0 405961 0 0 0
cpu2 113326 2833 190585 114617900 26348 0 306922 0 0 0
cpu3 107388 9534 171686 114611728 24767 0 281922 0 0 0
intr 10223725970 0 0 2343717 81 0 584031 24589431 0 0 0 8108621 0 0 0 0 0 0 0 0 0 0 0 0 0 0 0 0 0 0 0 0 0 0 0 0 0 0 0 0 0 0 0 0 0 0 0 0 0 0 0 0 944955367 0 0 0 0 0 0 0 0 466870 0 318011 0 0 0 0 0 0 0 0 0 0 0 491610278 1 0 0 0 0 0 0 0 0 0 0 0 0 0 0 0 0 0 0 0 0 0 0 310246 4219 0 0 0 0 11946314 0 0 0 0 0 0 0 0 0 0 0 0 0 0 0 0 0 0 0 0 0 0 0 0 0 0 0 0 0 0 0 0 0 0 0 0 0 0 0 0 0 0 0 0 0 0 0 0 0 0 0 0 0 0 0 0 0 0 0 0 0 0 0 0 0 0 0 0 0 0 0 0 0 0 0 148554192 0 0 0
ctxt 323639500
btime 1669654930
processes 450539
procs_running 2
procs_blocked 0
softirq 442180782 313836236 24072293 701297 17016344 317957 0 47693826 28490331 557 10051941

cpu  642756 32099 1225451 457363891 97235 0 1279480 0 0 0
cpu0 95347 9522 165460 114565269 26669 0 284674 0 0 0
cpu1 326695 10210 697718 113568894 19450 0 405961 0 0 0
cpu2 113326 2833 190585 114617950 26348 0 306922 0 0 0
cpu3 107388 9534 171687 114611777 24767 0 281922 0 0 0
intr 10223730712 0 0 2343717 81 0 584031 24589469 0 0 0 8108626 0 0 0 0 0 0 0 0 0 0 0 0 0 0 0 0 0 0 0 0 0 0 0 0 0 0 0 0 0 0 0 0 0 0 0 0 0 0 0 0 944959393 0 0 0 0 0 0 0 0 466871 0 318011 0 0 0 0 0 0 0 0 0 0 0 491610430 1 0 0 0 0 0 0 0 0 0 0 0 0 0 0 0 0 0 0 0 0 0 0 310246 4219 0 0 0 0 11946344 0 0 0 0 0 0 0 0 0 0 0 0 0 0 0 0 0 0 0 0 0 0 0 0 0 0 0 0 0 0 0 0 0 0 0 0 0 0 0 0 0 0 0 0 0 0 0 0 0 0 0 0 0 0 0 0 0 0 0 0 0 0 0 0 0 0 0 0 0 0 0 0 0 0 0 148554682 0 0 0
ctxt 323640523
btime 1669654930
processes 450539
procs_running 2
procs_blocked 0
softirq 442180876 313836244 24072310 701297 17016346 317957 0 47693851 28490357 557 10051957

cpu  642757 32099 1225454 457364084 97235 0 1279480 0 0 0
cpu0 95347 9522 165460 114565318 26669 0 284674 0 0 0
cpu1 326695 10210 697720 113568939 19450 0 405961 0 0 0
cpu2 113326 2833 190585 114617999 26348 0 306922 0 0 0
cpu3 107388 9534 171687 114611827 24767 0 281922 0 0 0
intr 10223735375 0 0 2343717 81 0 584031 24589488 0 0 0 8108631 0 0 0 0 0 0 0 0 0 0 0 0 0 0 0 0 0 0 0 0 0 0 0 0 0 0 0 0 0 0 0 0 0 0 0 0 0 0 0 0 944963390 0 0 0 0 0 0 0 0 466872 0 318011 0 0 0 0 0 0 0 0 0 0 0 491610560 1 0 0 0 0 0 0 0 0 0 0 0 0 0 0 0 0 0 0 0 0 0 0 310246 4219 0 0 0 0 11946359 0 0 0 0 0 0 0 0 0 0 0 0 0 0 0 0 0 0 0 0 0 0 0 0 0 0 0 0 0 0 0 0 0 0 0 0 0 0 0 0 0 0 0 0 0 0 0 0 0 0 0 0 0 0 0 0 0 0 0 0 0 0 0 0 0 0 0 0 0 0 0 0 0 0 0 148555178 0 0 0
ctxt 323641510
btime 1669654930
processes 450539
procs_running 2
procs_blocked 0
softirq 442180953 313836244 24072325 701297 17016347 317957 0 47693865 28490386 557 10051975

cpu  642757 32099 1225456 457364278 97235 0 1279480 0 0 0
cpu0 95347 9522 165461 114565367 26669 0 284674 0 0 0
cpu1 326695 10210 697722 113568985 19450 0 405961 0 0 0
cpu2 113326 2833 190586 114618048 26348 0 306922 0 0 0
cpu3 107388 9534 171687 114611876 24767 0 281922 0 0 0
intr 10223740086 0 0 2343717 81 0 584031 24589511 0 0 0 8108636 0 0 0 0 0 0 0 0 0 0 0 0 0 0 0 0 0 0 0 0 0 0 0 0 0 0 0 0 0 0 0 0 0 0 0 0 0 0 0 0 944967416 0 0 0 0 0 0 0 0 466873 0 318011 0 0 0 0 0 0 0 0 0 0 0 491610712 1 0 0 0 0 0 0 0 0 0 0 0 0 0 0 0 0 0 0 0 0 0 0 310246 4219 0 0 0 0 11946374 0 0 0 0 0 0 0 0 0 0 0 0 0 0 0 0 0 0 0 0 0 0 0 0 0 0 0 0 0 0 0 0 0 0 0 0 0 0 0 0 0 0 0 0 0 0 0 0 0 0 0 0 0 0 0 0 0 0 0 0 0 0 0 0 0 0 0 0 0 0 0 0 0 0 0 148555666 0 0 0
ctxt 323642503
btime 1669654930
processes 450539
procs_running 2
procs_blocked 0
softirq 442181025 313836252 24072339 701297 17016348 317957 0 47693878 28490410 557 10051987

cpu  642757 32099 1225459 457364471 97235 0 1279480 0 0 0
cpu0 95347 9522 165461 114565416 26669 0 284674 0 0 0
cpu1 326695 10210 697724 113569031 19450 0 405961 0 0 0
cpu2 113326 2833 190586 114618097 26348 0 306922 0 0 0
cpu3 107388 9534 171687 114611925 24767 0 281922 0 0 0
intr 10223744747 0 0 2343718 81 0 584031 24589529 0 0 0 8108641 0 0 0 0 0 0 0 0 0 0 0 0 0 0 0 0 0 0 0 0 0 0 0 0 0 0 0 0 0 0 0 0 0 0 0 0 0 0 0 0 944971412 0 0 0 0 0 0 0 0 466874 0 318011 0 0 0 0 0 0 0 0 0 0 0 491610840 1 0 0 0 0 0 0 0 0 0 0 0 0 0 0 0 0 0 0 0 0 0 0 310246 4219 0 0 0 0 11946389 0 0 0 0 0 0 0 0 0 0 0 0 0 0 0 0 0 0 0 0 0 0 0 0 0 0 0 0 0 0 0 0 0 0 0 0 0 0 0 0 0 0 0 0 0 0 0 0 0 0 0 0 0 0 0 0 0 0 0 0 0 0 0 0 0 0 0 0 0 0 0 0 0 0 0 148556163 0 0 0
ctxt 323643488
btime 1669654930
processes 450539
procs_running 2
procs_blocked 0
softirq 442181099 313836252 24072354 701297 17016349 317957 0 47693892 28490442 557 10051999

cpu  642757 32099 1225461 457364665 97235 0 1279480 0 0 0
cpu0 95347 9522 165462 114565466 26669 0 284674 0 0 0
cpu1 326696 10210 697725 113569077 19450 0 405961 0 0 0
cpu2 113326 2833 190586 114618146 26348 0 306922 0 0 0
cpu3 107388 9534 171687 114611975 24767 0 281922 0 0 0
intr 10223749470 0 0 2343722 81 0 584031 24589553 0 0 0 8108646 0 0 0 0 0 0 0 0 0 0 0 0 0 0 0 0 0 0 0 0 0 0 0 0 0 0 0 0 0 0 0 0 0 0 0 0 0 0 0 0 944975439 0 0 0 0 0 0 0 0 466875 0 318011 0 0 0 0 0 0 0 0 0 0 0 491610992 1 0 0 0 0 0 0 0 0 0 0 0 0 0 0 0 0 0 0 0 0 0 0 310246 4219 0 0 0 0 11946404 0 0 0 0 0 0 0 0 0 0 0 0 0 0 0 0 0 0 0 0 0 0 0 0 0 0 0 0 0 0 0 0 0 0 0 0 0 0 0 0 0 0 0 0 0 0 0 0 0 0 0 0 0 0 0 0 0 0 0 0 0 0 0 0 0 0 0 0 0 0 0 0 0 0 0 148556659 0 0 0
ctxt 323644487
btime 1669654930
processes 450539
procs_running 2
procs_blocked 0
softirq 442181174 313836260 24072369 701297 17016350 317957 0 47693905 28490469 557 10052010

cpu  642758 32099 1225462 457364858 97235 0 1279480 0 0 0
cpu0 95347 9522 165462 114565515 26669 0 284674 0 0 0
cpu1 326697 10210 697726 113569123 19450 0 405961 0 0 0
cpu2 113326 2833 190586 114618195 26348 0 306922 0 0 0
cpu3 107388 9534 171687 114612024 24767 0 281922 0 0 0
intr 10223754128 0 0 2343722 81 0 584031 24589571 0 0 0 8108651 0 0 0 0 0 0 0 0 0 0 0 0 0 0 0 0 0 0 0 0 0 0 0 0 0 0 0 0 0 0 0 0 0 0 0 0 0 0 0 0 944979436 0 0 0 0 0 0 0 0 466876 0 318011 0 0 0 0 0 0 0 0 0 0 0 491611122 1 0 0 0 0 0 0 0 0 0 0 0 0 0 0 0 0 0 0 0 0 0 0 310246 4219 0 0 0 0 11946419 0 0 0 0 0 0 0 0 0 0 0 0 0 0 0 0 0 0 0 0 0 0 0 0 0 0 0 0 0 0 0 0 0 0 0 0 0 0 0 0 0 0 0 0 0 0 0 0 0 0 0 0 0 0 0 0 0 0 0 0 0 0 0 0 0 0 0 0 0 0 0 0 0 0 0 148557151 0 0 0
ctxt 323645471
btime 1669654930
processes 450539
procs_running 2
procs_blocked 0
softirq 442181244 313836260 24072383 701297 17016351 317957 0 47693919 28490498 557 10052022

cpu  642759 32099 1225466 457365052 97235 0 1279480 0 0 0
cpu0 95347 9522 165462 114565564 26669 0 284674 0 0 0
cpu1 326697 10210 697729 113569169 19450 0 405961 0 0 0
cpu2 113326 2833 190586 114618244 26348 0 306922 0 0 0
cpu3 107388 9534 171688 114612073 24767 0 281922 0 0 0
intr 10223758841 0 0 2343722 81 0 584031 24589595 0 0 0 8108655 0 0 0 0 0 0 0 0 0 0 0 0 0 0 0 0 0 0 0 0 0 0 0 0 0 0 0 0 0 0 0 0 0 0 0 0 0 0 0 0 944983462 0 0 0 0 0 0 0 0 466877 0 318011 0 0 0 0 0 0 0 0 0 0 0 491611274 1 0 0 0 0 0 0 0 0 0 0 0 0 0 0 0 0 0 0 0 0 0 0 310246 4219 0 0 0 0 11946434 0 0 0 0 0 0 0 0 0 0 0 0 0 0 0 0 0 0 0 0 0 0 0 0 0 0 0 0 0 0 0 0 0 0 0 0 0 0 0 0 0 0 0 0 0 0 0 0 0 0 0 0 0 0 0 0 0 0 0 0 0 0 0 0 0 0 0 0 0 0 0 0 0 0 0 148557641 0 0 0
ctxt 323646464
btime 1669654930
processes 450539
procs_running 2
procs_blocked 0
softirq 442181322 313836268 24072398 701297 17016352 317957 0 47693932 28490527 557 10052034

cpu  642760 32099 1225469 457365245 97235 0 1279480 0 0 0
cpu0 95347 9522 165462 114565613 26669 0 284674 0 0 0
cpu1 326698 10210 697730 113569215 19450 0 405961 0 0 0
cpu2 113326 2833 190587 114618293 26348 0 306922 0 0 0
cpu3 107388 9534 171688 114612123 24767 0 281922 0 0 0
intr 10223763544 0 0 2343727 81 0 584031 24589628 0 0 0 8108660 0 0 0 0 0 0 0 0 0 0 0 0 0 0 0 0 0 0 0 0 0 0 0 0 0 0 0 0 0 0 0 0 0 0 0 0 0 0 0 0 944987458 0 0 0 0 0 0 0 0 466878 0 318011 0 0 0 0 0 0 0 0 0 0 0 491611404 1 0 0 0 0 0 0 0 0 0 0 0 0 0 0 0 0 0 0 0 0 0 0 310246 4219 0 0 0 0 11946466 0 0 0 0 0 0 0 0 0 0 0 0 0 0 0 0 0 0 0 0 0 0 0 0 0 0 0 0 0 0 0 0 0 0 0 0 0 0 0 0 0 0 0 0 0 0 0 0 0 0 0 0 0 0 0 0 0 0 0 0 0 0 0 0 0 0 0 0 0 0 0 0 0 0 0 148558142 0 0 0
ctxt 323647488
btime 1669654930
processes 450539
procs_running 2
procs_blocked 0
softirq 442181414 313836268 24072418 701298 17016354 317957 0 47693959 28490557 557 10052046

cpu  642760 32099 1225471 457365439 97235 0 1279480 0 0 0
cpu0 95347 9522 165462 114565662 26669 0 284674 0 0 0
cpu1 326698 10210 697732 113569261 19450 0 405961 0 0 0
cpu2 113326 2833 190587 114618342 26348 0 306922 0 0 0
cpu3 107388 9534 171688 114612172 24767 0 281922 0 0 0
intr 10223768255 0 0 2343727 81 0 584031 24589654 0 0 0 8108665 0 0 0 0 0 0 0 0 0 0 0 0 0 0 0 0 0 0 0 0 0 0 0 0 0 0 0 0 0 0 0 0 0 0 0 0 0 0 0 0 944991484 0 0 0 0 0 0 0 0 466879 0 318011 0 0 0 0 0 0 0 0 0 0 0 491611556 1 0 0 0 0 0 0 0 0 0 0 0 0 0 0 0 0 0 0 0 0 0 0 310246 4219 0 0 0 0 11946481 0 0 0 0 0 0 0 0 0 0 0 0 0 0 0 0 0 0 0 0 0 0 0 0 0 0 0 0 0 0 0 0 0 0 0 0 0 0 0 0 0 0 0 0 0 0 0 0 0 0 0 0 0 0 0 0 0 0 0 0 0 0 0 0 0 0 0 0 0 0 0 0 0 0 0 148558629 0 0 0
ctxt 323648487
btime 1669654930
processes 450539
procs_running 2
procs_blocked 0
softirq 442181483 313836276 24072431 701298 17016355 317957 0 47693972 28490580 557 10052057

cpu  642760 32099 1225474 457365632 97235 0 1279480 0 0 0
cpu0 95347 9522 165463 114565712 26669 0 284674 0 0 0
cpu1 326699 10210 697734 113569306 19450 0 405961 0 0 0
cpu2 113326 2833 190588 114618391 26348 0 306922 0 0 0
cpu3 107388 9534 171688 114612221 24767 0 281922 0 0 0
intr 10223772916 0 0 2343727 81 0 584031 24589673 0 0 0 8108670 0 0 0 0 0 0 0 0 0 0 0 0 0 0 0 0 0 0 0 0 0 0 0 0 0 0 0 0 0 0 0 0 0 0 0 0 0 0 0 0 944995480 0 0 0 0 0 0 0 0 466880 0 318011 0 0 0 0 0 0 0 0 0 0 0 491611686 1 0 0 0 0 0 0 0 0 0 0 0 0 0 0 0 0 0 0 0 0 0 0 310246 4219 0 0 0 0 11946496 0 0 0 0 0 0 0 0 0 0 0 0 0 0 0 0 0 0 0 0 0 0 0 0 0 0 0 0 0 0 0 0 0 0 0 0 0 0 0 0 0 0 0 0 0 0 0 0 0 0 0 0 0 0 0 0 0 0 0 0 0 0 0 0 0 0 0 0 0 0 0 0 0 0 0 148559124 0 0 0
ctxt 323649478
btime 1669654930
processes 450539
procs_running 3
procs_blocked 0
softirq 442181554 313836276 24072445 701298 17016356 317957 0 47693986 28490610 557 10052069

cpu  642761 32099 1225477 457365826 97235 0 1279480 0 0 0
cpu0 95348 9522 165463 114565761 26669 0 284674 0 0 0
cpu1 326699 10210 697736 113569352 19450 0 405961 0 0 0
cpu2 113326 2833 190588 114618440 26348 0 306922 0 0 0
cpu3 107388 9534 171689 114612271 24767 0 281922 0 0 0
intr 10223777632 0 0 2343727 81 0 584031 24589698 0 0 0 8108675 0 0 0 0 0 0 0 0 0 0 0 0 0 0 0 0 0 0 0 0 0 0 0 0 0 0 0 0 0 0 0 0 0 0 0 0 0 0 0 0 944999508 0 0 0 0 0 0 0 0 466881 0 318011 0 0 0 0 0 0 0 0 0 0 0 491611838 1 0 0 0 0 0 0 0 0 0 0 0 0 0 0 0 0 0 0 0 0 0 0 310246 4219 0 0 0 0 11946511 0 0 0 0 0 0 0 0 0 0 0 0 0 0 0 0 0 0 0 0 0 0 0 0 0 0 0 0 0 0 0 0 0 0 0 0 0 0 0 0 0 0 0 0 0 0 0 0 0 0 0 0 0 0 0 0 0 0 0 0 0 0 0 0 0 0 0 0 0 0 0 0 0 0 0 148559614 0 0 0
ctxt 323650473
btime 1669654930
processes 450539
procs_running 2
procs_blocked 0
softirq 442181628 313836284 24072460 701298 17016357 317957 0 47693999 28490636 557 10052080

cpu  642763 32099 1225480 457366017 97235 0 1279480 0 0 0
cpu0 95348 9522 165463 114565810 26669 0 284674 0 0 0
cpu1 326701 10210 697739 113569397 19450 0 405961 0 0 0
cpu2 113326 2833 190588 114618489 26348 0 306922 0 0 0
cpu3 107388 9534 171689 114612320 24767 0 281923 0 0 0
intr 10223782571 0 0 2343732 81 0 584031 24589728 0 0 0 8108680 0 0 0 0 0 0 0 0 0 0 0 0 0 0 0 0 0 0 0 0 0 0 0 0 0 0 0 0 0 0 0 0 0 0 0 0 0 0 0 0 945003640 0 0 0 0 0 0 0 0 466882 0 318011 0 0 0 0 0 0 0 0 0 0 0 491612091 1 0 0 0 0 0 0 0 0 0 0 0 0 0 0 0 0 0 0 0 0 0 0 310246 4219 0 0 0 0 11946536 0 0 0 0 0 0 0 0 0 0 0 0 0 0 0 0 0 0 0 0 0 0 0 0 0 0 0 0 0 0 0 0 0 0 0 0 0 0 0 0 0 0 0 0 0 0 0 0 0 0 0 0 0 0 0 0 0 0 0 0 0 0 0 0 0 0 0 0 0 0 0 0 0 0 0 148560102 0 0 0
ctxt 323651456
btime 1669654930
processes 450539
procs_running 2
procs_blocked 0
softirq 442181994 313836408 24072475 701298 17016421 317957 0 47694120 28490666 557 10052092

cpu  642764 32099 1225482 457366210 97235 0 1279480 0 0 0
cpu0 95348 9522 165463 114565859 26669 0 284674 0 0 0
cpu1 326702 10210 697740 113569443 19450 0 405961 0 0 0
cpu2 113326 2833 190588 114618538 26348 0 306922 0 0 0
cpu3 107388 9534 171689 114612369 24767 0 281923 0 0 0
intr 10223787229 0 0 2343732 81 0 584031 24589747 0 0 0 8108685 0 0 0 0 0 0 0 0 0 0 0 0 0 0 0 0 0 0 0 0 0 0 0 0 0 0 0 0 0 0 0 0 0 0 0 0 0 0 0 0 945007643 0 0 0 0 0 0 0 0 466883 0 318011 0 0 0 0 0 0 0 0 0 0 0 491612219 1 0 0 0 0 0 0 0 0 0 0 0 0 0 0 0 0 0 0 0 0 0 0 310246 4219 0 0 0 0 11946551 0 0 0 0 0 0 0 0 0 0 0 0 0 0 0 0 0 0 0 0 0 0 0 0 0 0 0 0 0 0 0 0 0 0 0 0 0 0 0 0 0 0 0 0 0 0 0 0 0 0 0 0 0 0 0 0 0 0 0 0 0 0 0 0 0 0 0 0 0 0 0 0 0 0 0 148560590 0 0 0
ctxt 323652437
btime 1669654930
processes 450539
procs_running 2
procs_blocked 0
softirq 442182058 313836408 24072489 701298 17016422 317957 0 47694133 28490689 557 10052105

cpu  642764 32099 1225483 457366403 97235 0 1279480 0 0 0
cpu0 95348 9522 165463 114565908 26669 0 284674 0 0 0
cpu1 326702 10210 697741 113569488 19450 0 405961 0 0 0
cpu2 113326 2833 190588 114618587 26348 0 306922 0 0 0
cpu3 107388 9534 171690 114612418 24767 0 281923 0 0 0
intr 10223791948 0 0 2343732 81 0 584031 24589776 0 0 0 8108690 0 0 0 0 0 0 0 0 0 0 0 0 0 0 0 0 0 0 0 0 0 0 0 0 0 0 0 0 0 0 0 0 0 0 0 0 0 0 0 0 945011663 0 0 0 0 0 0 0 0 466884 0 318011 0 0 0 0 0 0 0 0 0 0 0 491612373 1 0 0 0 0 0 0 0 0 0 0 0 0 0 0 0 0 0 0 0 0 0 0 310246 4219 0 0 0 0 11946566 0 0 0 0 0 0 0 0 0 0 0 0 0 0 0 0 0 0 0 0 0 0 0 0 0 0 0 0 0 0 0 0 0 0 0 0 0 0 0 0 0 0 0 0 0 0 0 0 0 0 0 0 0 0 0 0 0 0 0 0 0 0 0 0 0 0 0 0 0 0 0 0 0 0 0 148561084 0 0 0
ctxt 323653447
btime 1669654930
processes 450539
procs_running 2
procs_blocked 0
softirq 442182138 313836416 24072504 701298 17016423 317957 0 47694149 28490715 557 10052119

cpu  642766 32099 1225486 457366594 97235 0 1279480 0 0 0
cpu0 95348 9522 165463 114565957 26669 0 284674 0 0 0
cpu1 326704 10210 697743 113569533 19450 0 405961 0 0 0
cpu2 113326 2833 190589 114618636 26348 0 306922 0 0 0
cpu3 107388 9534 171690 114612467 24767 0 281923 0 0 0
intr 10223796855 0 0 2343736 81 0 584031 24589798 0 0 0 8108695 0 0 0 0 0 0 0 0 0 0 0 0 0 0 0 0 0 0 0 0 0 0 0 0 0 0 0 0 0 0 0 0 0 0 0 0 0 0 0 0 945015795 0 0 0 0 0 0 0 0 466885 0 318011 0 0 0 0 0 0 0 0 0 0 0 491612622 1 0 0 0 0 0 0 0 0 0 0 0 0 0 0 0 0 0 0 0 0 0 0 310246 4219 0 0 0 0 11946581 0 0 0 0 0 0 0 0 0 0 0 0 0 0 0 0 0 0 0 0 0 0 0 0 0 0 0 0 0 0 0 0 0 0 0 0 0 0 0 0 0 0 0 0 0 0 0 0 0 0 0 0 0 0 0 0 0 0 0 0 0 0 0 0 0 0 0 0 0 0 0 0 0 0 0 148561564 0 0 0
ctxt 323654397
btime 1669654930
processes 450539
procs_running 3
procs_blocked 0
softirq 442182515 313836555 24072517 701298 17016487 317957 0 47694267 28490743 557 10052134

cpu  642767 32099 1225488 457366788 97235 0 1279480 0 0 0
cpu0 95348 9522 165463 114566006 26669 0 284674 0 0 0
cpu1 326704 10210 697744 113569578 19450 0 405961 0 0 0
cpu2 113326 2833 190589 114618685 26348 0 306922 0 0 0
cpu3 107388 9534 171690 114612517 24767 0 281923 0 0 0
intr 10223801580 0 0 2343737 81 0 584031 24589827 0 0 0 8108700 0 0 0 0 0 0 0 0 0 0 0 0 0 0 0 0 0 0 0 0 0 0 0 0 0 0 0 0 0 0 0 0 0 0 0 0 0 0 0 0 945019822 0 0 0 0 0 0 0 0 466886 0 318011 0 0 0 0 0 0 0 0 0 0 0 491612776 1 0 0 0 0 0 0 0 0 0 0 0 0 0 0 0 0 0 0 0 0 0 0 310246 4219 0 0 0 0 11946596 0 0 0 0 0 0 0 0 0 0 0 0 0 0 0 0 0 0 0 0 0 0 0 0 0 0 0 0 0 0 0 0 0 0 0 0 0 0 0 0 0 0 0 0 0 0 0 0 0 0 0 0 0 0 0 0 0 0 0 0 0 0 0 0 0 0 0 0 0 0 0 0 0 0 0 148562056 0 0 0
ctxt 323655406
btime 1669654930
processes 450539
procs_running 2
procs_blocked 0
softirq 442182594 313836563 24072533 701298 17016488 317957 0 47694283 28490769 557 10052146

cpu  642767 32099 1225491 457366981 97235 0 1279480 0 0 0
cpu0 95348 9522 165464 114566055 26669 0 284674 0 0 0
cpu1 326705 10210 697747 113569624 19450 0 405961 0 0 0
cpu2 113326 2833 190590 114618734 26348 0 306922 0 0 0
cpu3 107388 9534 171690 114612566 24767 0 281923 0 0 0
intr 10223806242 0 0 2343741 81 0 584031 24589847 0 0 0 8108705 0 0 0 0 0 0 0 0 0 0 0 0 0 0 0 0 0 0 0 0 0 0 0 0 0 0 0 0 0 0 0 0 0 0 0 0 0 0 0 0 945023818 0 0 0 0 0 0 0 0 466887 0 318011 0 0 0 0 0 0 0 0 0 0 0 491612904 1 0 0 0 0 0 0 0 0 0 0 0 0 0 0 0 0 0 0 0 0 0 0 310246 4219 0 0 0 0 11946611 0 0 0 0 0 0 0 0 0 0 0 0 0 0 0 0 0 0 0 0 0 0 0 0 0 0 0 0 0 0 0 0 0 0 0 0 0 0 0 0 0 0 0 0 0 0 0 0 0 0 0 0 0 0 0 0 0 0 0 0 0 0 0 0 0 0 0 0 0 0 0 0 0 0 0 148562549 0 0 0
ctxt 323656383
btime 1669654930
processes 450539
procs_running 2
procs_blocked 0
softirq 442182661 313836563 24072546 701298 17016489 317957 0 47694296 28490796 557 10052159

cpu  642770 32099 1225493 457367172 97235 0 1279481 0 0 0
cpu0 95348 9522 165464 114566104 26669 0 284674 0 0 0
cpu1 326707 10210 697749 113569668 19450 0 405962 0 0 0
cpu2 113326 2833 190590 114618783 26348 0 306922 0 0 0
cpu3 107388 9534 171690 114612615 24767 0 281923 0 0 0
intr 10223811217 0 0 2343745 81 0 584031 24589874 0 0 0 8108710 0 0 0 0 0 0 0 0 0 0 0 0 0 0 0 0 0 0 0 0 0 0 0 0 0 0 0 0 0 0 0 0 0 0 0 0 0 0 0 0 945027978 0 0 0 0 0 0 0 0 466888 0 318011 0 0 0 0 0 0 0 0 0 0 0 491613180 1 0 0 0 0 0 0 0 0 0 0 0 0 0 0 0 0 0 0 0 0 0 0 310246 4219 0 0 0 0 11946626 0 0 0 0 0 0 0 0 0 0 0 0 0 0 0 0 0 0 0 0 0 0 0 0 0 0 0 0 0 0 0 0 0 0 0 0 0 0 0 0 0 0 0 0 0 0 0 0 0 0 0 0 0 0 0 0 0 0 0 0 0 0 0 0 0 0 0 0 0 0 0 0 0 0 0 148563036 0 0 0
ctxt 323657362
btime 1669654930
processes 450539
procs_running 2
procs_blocked 0
softirq 442183028 313836695 24072561 701299 17016551 317957 0 47694412 28490826 557 10052170

cpu  642770 32099 1225495 457367366 97235 0 1279481 0 0 0
cpu0 95348 9522 165464 114566154 26669 0 284674 0 0 0
cpu1 326707 10210 697751 113569714 19450 0 405962 0 0 0
cpu2 113326 2833 190590 114618832 26348 0 306922 0 0 0
cpu3 107388 9534 171690 114612664 24767 0 281923 0 0 0
intr 10223815869 0 0 2343745 81 0 584031 24589893 0 0 0 8108715 0 0 0 0 0 0 0 0 0 0 0 0 0 0 0 0 0 0 0 0 0 0 0 0 0 0 0 0 0 0 0 0 0 0 0 0 0 0 0 0 945031974 0 0 0 0 0 0 0 0 466889 0 318011 0 0 0 0 0 0 0 0 0 0 0 491613308 1 0 0 0 0 0 0 0 0 0 0 0 0 0 0 0 0 0 0 0 0 0 0 310246 4219 0 0 0 0 11946641 0 0 0 0 0 0 0 0 0 0 0 0 0 0 0 0 0 0 0 0 0 0 0 0 0 0 0 0 0 0 0 0 0 0 0 0 0 0 0 0 0 0 0 0 0 0 0 0 0 0 0 0 0 0 0 0 0 0 0 0 0 0 0 0 0 0 0 0 0 0 0 0 0 0 0 148563524 0 0 0
ctxt 323658339
btime 1669654930
processes 450539
procs_running 2
procs_blocked 0
softirq 442183092 313836695 24072575 701299 17016552 317957 0 47694425 28490851 557 10052181

cpu  642770 32099 1225498 457367559 97235 0 1279481 0 0 0
cpu0 95348 9522 165464 114566203 26669 0 284674 0 0 0
cpu1 326708 10210 697754 113569760 19450 0 405962 0 0 0
cpu2 113326 2833 190590 114618881 26348 0 306922 0 0 0
cpu3 107388 9534 171690 114612713 24767 0 281923 0 0 0
intr 10223820591 0 0 2343746 81 0 584031 24589919 0 0 0 8108720 0 0 0 0 0 0 0 0 0 0 0 0 0 0 0 0 0 0 0 0 0 0 0 0 0 0 0 0 0 0 0 0 0 0 0 0 0 0 0 0 945035998 0 0 0 0 0 0 0 0 466890 0 318011 0 0 0 0 0 0 0 0 0 0 0 491613462 1 0 0 0 0 0 0 0 0 0 0 0 0 0 0 0 0 0 0 0 0 0 0 310246 4219 0 0 0 0 11946656 0 0 0 0 0 0 0 0 0 0 0 0 0 0 0 0 0 0 0 0 0 0 0 0 0 0 0 0 0 0 0 0 0 0 0 0 0 0 0 0 0 0 0 0 0 0 0 0 0 0 0 0 0 0 0 0 0 0 0 0 0 0 0 0 0 0 0 0 0 0 0 0 0 0 0 148564019 0 0 0
ctxt 323659343
btime 1669654930
processes 450539
procs_running 2
procs_blocked 0
softirq 442183174 313836703 24072592 701299 17016553 317957 0 47694439 28490880 557 10052194

cpu  642783 32099 1225518 457367717 97235 0 1279482 0 0 0
cpu0 95351 9522 165470 114566242 26669 0 284674 0 0 0
cpu1 326711 10210 697756 113569799 19450 0 405962 0 0 0
cpu2 113329 2833 190595 114618920 26348 0 306922 0 0 0
cpu3 107391 9534 171695 114612754 24767 0 281923 0 0 0
intr 10223826053 0 0 2343750 81 0 584129 24590114 0 0 0 8108723 0 0 0 0 0 0 0 0 0 0 0 0 0 0 0 0 0 0 0 0 0 0 0 0 0 0 0 0 0 0 0 0 0 0 0 0 0 0 0 0 945040130 0 0 0 0 0 0 0 0 466891 0 318011 0 0 0 0 0 0 0 0 0 0 0 491613711 1 0 0 0 0 0 0 0 0 0 0 0 0 0 0 0 0 0 0 0 0 0 0 310246 4219 0 0 0 0 11946703 0 0 0 0 0 0 0 0 0 0 0 0 0 0 0 0 0 0 0 0 0 0 0 0 0 0 0 0 0 0 0 0 0 0 0 0 0 0 0 0 0 0 0 0 0 0 0 0 0 0 0 0 0 0 0 0 0 0 0 0 0 0 0 0 0 0 0 0 0 0 0 0 0 0 0 148564752 0 0 0
ctxt 323660918
btime 1669654930
processes 450599
procs_running 2
procs_blocked 0
softirq 442183973 313836837 24072652 701299 17016619 317957 0 47694583 28491059 557 10052410

cpu  642783 32099 1225518 457367911 97235 0 1279482 0 0 0
cpu0 95351 9522 165470 114566291 26669 0 284674 0 0 0
cpu1 326711 10210 697757 113569845 19450 0 405962 0 0 0
cpu2 113329 2833 190595 114618969 26348 0 306922 0 0 0
cpu3 107391 9534 171695 114612804 24767 0 281923 0 0 0
intr 10223830759 0 0 2343750 81 0 584129 24590137 0 0 0 8108723 0 0 0 0 0 0 0 0 0 0 0 0 0 0 0 0 0 0 0 0 0 0 0 0 0 0 0 0 0 0 0 0 0 0 0 0 0 0 0 0 945044157 0 0 0 0 0 0 0 0 466892 0 318011 0 0 0 0 0 0 0 0 0 0 0 491613865 1 0 0 0 0 0 0 0 0 0 0 0 0 0 0 0 0 0 0 0 0 0 0 310246 4219 0 0 0 0 11946718 0 0 0 0 0 0 0 0 0 0 0 0 0 0 0 0 0 0 0 0 0 0 0 0 0 0 0 0 0 0 0 0 0 0 0 0 0 0 0 0 0 0 0 0 0 0 0 0 0 0 0 0 0 0 0 0 0 0 0 0 0 0 0 0 0 0 0 0 0 0 0 0 0 0 0 148565238 0 0 0
ctxt 323661913
btime 1669654930
processes 450599
procs_running 2
procs_blocked 0
softirq 442184045 313836845 24072666 701299 17016620 317957 0 47694598 28491081 557 10052422

cpu  642783 32099 1225520 457368104 97235 0 1279482 0 0 0
cpu0 95351 9522 165471 114566340 26669 0 284674 0 0 0
cpu1 326711 10210 697758 113569891 19450 0 405962 0 0 0
cpu2 113329 2833 190595 114619018 26348 0 306922 0 0 0
cpu3 107391 9534 171695 114612853 24767 0 281923 0 0 0
intr 10223835418 0 0 2343750 81 0 584129 24590162 0 0 0 8108723 0 0 0 0 0 0 0 0 0 0 0 0 0 0 0 0 0 0 0 0 0 0 0 0 0 0 0 0 0 0 0 0 0 0 0 0 0 0 0 0 945048154 0 0 0 0 0 0 0 0 466893 0 318011 0 0 0 0 0 0 0 0 0 0 0 491613993 1 0 0 0 0 0 0 0 0 0 0 0 0 0 0 0 0 0 0 0 0 0 0 310246 4219 0 0 0 0 11946740 0 0 0 0 0 0 0 0 0 0 0 0 0 0 0 0 0 0 0 0 0 0 0 0 0 0 0 0 0 0 0 0 0 0 0 0 0 0 0 0 0 0 0 0 0 0 0 0 0 0 0 0 0 0 0 0 0 0 0 0 0 0 0 0 0 0 0 0 0 0 0 0 0 0 0 148565726 0 0 0
ctxt 323662904
btime 1669654930
processes 450599
procs_running 2
procs_blocked 0
softirq 442184114 313836845 24072680 701299 17016622 317957 0 47694617 28491103 557 10052434

cpu  642785 32099 1225525 457368283 97243 0 1279483 0 0 0
cpu0 95351 9522 165471 114566389 26669 0 284674 0 0 0
cpu1 326713 10210 697760 113569933 19451 0 405963 0 0 0
cpu2 113329 2833 190598 114619059 26354 0 306922 0 0 0
cpu3 107391 9534 171695 114612902 24767 0 281923 0 0 0
intr 10223840589 0 0 2343751 81 0 584131 24590251 0 0 0 8108723 0 0 0 0 0 0 0 0 0 0 0 0 0 0 0 0 0 0 0 0 0 0 0 0 0 0 0 0 0 0 0 0 0 0 0 0 0 0 0 0 945052318 0 0 0 0 0 0 0 0 466894 0 318075 0 0 0 0 0 0 0 0 0 0 0 491614270 1 0 0 0 0 0 0 0 0 0 0 0 0 0 0 0 0 0 0 0 0 0 0 310310 4219 0 0 0 0 11946755 0 0 0 0 0 0 0 0 0 0 0 0 0 0 0 0 0 0 0 0 0 0 0 0 0 0 0 0 0 0 0 0 0 0 0 0 0 0 0 0 0 0 0 0 0 0 0 0 0 0 0 0 0 0 0 0 0 0 0 0 0 0 0 0 0 0 0 0 0 0 0 0 0 0 0 148566219 0 0 0
ctxt 323664489
btime 1669654930
processes 450600
procs_running 2
procs_blocked 0
softirq 442184764 313836970 24072698 701299 17016684 318021 0 47694929 28491146 557 10052460

cpu  642786 32099 1225528 457368476 97243 0 1279483 0 0 0
cpu0 95351 9522 165471 114566438 26669 0 284674 0 0 0
cpu1 326714 10210 697762 113569979 19451 0 405963 0 0 0
cpu2 113329 2833 190598 114619108 26354 0 306922 0 0 0
cpu3 107391 9534 171695 114612951 24767 0 281923 0 0 0
intr 10223845251 0 0 2343751 81 0 584131 24590274 0 0 0 8108723 0 0 0 0 0 0 0 0 0 0 0 0 0 0 0 0 0 0 0 0 0 0 0 0 0 0 0 0 0 0 0 0 0 0 0 0 0 0 0 0 945056314 0 0 0 0 0 0 0 0 466895 0 318075 0 0 0 0 0 0 0 0 0 0 0 491614396 1 0 0 0 0 0 0 0 0 0 0 0 0 0 0 0 0 0 0 0 0 0 0 310310 4219 0 0 0 0 11946777 0 0 0 0 0 0 0 0 0 0 0 0 0 0 0 0 0 0 0 0 0 0 0 0 0 0 0 0 0 0 0 0 0 0 0 0 0 0 0 0 0 0 0 0 0 0 0 0 0 0 0 0 0 0 0 0 0 0 0 0 0 0 0 0 0 0 0 0 0 0 0 0 0 0 0 148566713 0 0 0
ctxt 323665477
btime 1669654930
processes 450600
procs_running 2
procs_blocked 0
softirq 442184848 313836970 24072716 701299 17016686 318021 0 47694949 28491176 557 10052474

cpu  642786 32099 1225529 457368670 97243 0 1279483 0 0 0
cpu0 95351 9522 165471 114566487 26669 0 284674 0 0 0
cpu1 326714 10210 697764 113570025 19451 0 405963 0 0 0
cpu2 113329 2833 190598 114619157 26354 0 306922 0 0 0
cpu3 107391 9534 171695 114613000 24767 0 281923 0 0 0
intr 10223849985 0 0 2343751 81 0 584131 24590309 0 0 0 8108723 0 0 0 0 0 0 0 0 0 0 0 0 0 0 0 0 0 0 0 0 0 0 0 0 0 0 0 0 0 0 0 0 0 0 0 0 0 0 0 0 945060343 0 0 0 0 0 0 0 0 466896 0 318075 0 0 0 0 0 0 0 0 0 0 0 491614550 1 0 0 0 0 0 0 0 0 0 0 0 0 0 0 0 0 0 0 0 0 0 0 310310 4219 0 0 0 0 11946801 0 0 0 0 0 0 0 0 0 0 0 0 0 0 0 0 0 0 0 0 0 0 0 0 0 0 0 0 0 0 0 0 0 0 0 0 0 0 0 0 0 0 0 0 0 0 0 0 0 0 0 0 0 0 0 0 0 0 0 0 0 0 0 0 0 0 0 0 0 0 0 0 0 0 0 148567204 0 0 0
ctxt 323666498
btime 1669654930
processes 450600
procs_running 2
procs_blocked 0
softirq 442184934 313836978 24072734 701299 17016687 318021 0 47694971 28491201 557 10052486

cpu  642789 32099 1225531 457368860 97243 0 1279483 0 0 0
cpu0 95352 9522 165471 114566536 26669 0 284674 0 0 0
cpu1 326716 10210 697766 113570068 19451 0 405963 0 0 0
cpu2 113329 2833 190598 114619205 26354 0 306922 0 0 0
cpu3 107391 9534 171695 114613049 24767 0 281923 0 0 0
intr 10223854866 0 0 2343751 81 0 584131 24590329 0 0 0 8108723 0 0 0 0 0 0 0 0 0 0 0 0 0 0 0 0 0 0 0 0 0 0 0 0 0 0 0 0 0 0 0 0 0 0 0 0 0 0 0 0 945064469 0 0 0 0 0 0 0 0 466897 0 318075 0 0 0 0 0 0 0 0 0 0 0 491614798 1 0 0 0 0 0 0 0 0 0 0 0 0 0 0 0 0 0 0 0 0 0 0 310310 4219 0 0 0 0 11946816 0 0 0 0 0 0 0 0 0 0 0 0 0 0 0 0 0 0 0 0 0 0 0 0 0 0 0 0 0 0 0 0 0 0 0 0 0 0 0 0 0 0 0 0 0 0 0 0 0 0 0 0 0 0 0 0 0 0 0 0 0 0 0 0 0 0 0 0 0 0 0 0 0 0 0 148567674 0 0 0
ctxt 323667442
btime 1669654930
processes 450600
procs_running 2
procs_blocked 0
softirq 442185288 313837099 24072747 701299 17016751 318021 0 47695093 28491224 557 10052497

cpu  642789 32099 1225532 457369057 97243 0 1279483 0 0 0
cpu0 95352 9522 165471 114566585 26669 0 284674 0 0 0
cpu1 326716 10210 697766 113570116 19451 0 405963 0 0 0
cpu2 113329 2833 190598 114619255 26354 0 306922 0 0 0
cpu3 107391 9534 171695 114613099 24767 0 281923 0 0 0
intr 10223859588 0 0 2343752 81 0 584131 24590354 0 0 0 8108723 0 0 0 0 0 0 0 0 0 0 0 0 0 0 0 0 0 0 0 0 0 0 0 0 0 0 0 0 0 0 0 0 0 0 0 0 0 0 0 0 945068494 0 0 0 0 0 0 0 0 466898 0 318075 0 0 0 0 0 0 0 0 0 0 0 491614952 1 0 0 0 0 0 0 0 0 0 0 0 0 0 0 0 0 0 0 0 0 0 0 310310 4219 0 0 0 0 11946831 0 0 0 0 0 0 0 0 0 0 0 0 0 0 0 0 0 0 0 0 0 0 0 0 0 0 0 0 0 0 0 0 0 0 0 0 0 0 0 0 0 0 0 0 0 0 0 0 0 0 0 0 0 0 0 0 0 0 0 0 0 0 0 0 0 0 0 0 0 0 0 0 0 0 0 148568175 0 0 0
ctxt 323668465
btime 1669654930
processes 450600
procs_running 2
procs_blocked 0
softirq 442185362 313837107 24072762 701300 17016752 318021 0 47695106 28491248 557 10052509

cpu  642789 32099 1225532 457369254 97243 0 1279483 0 0 0
cpu0 95352 9522 165471 114566635 26669 0 284674 0 0 0
cpu1 326716 10210 697766 113570164 19451 0 405963 0 0 0
cpu2 113329 2833 190598 114619304 26354 0 306922 0 0 0
cpu3 107391 9534 171695 114613149 24767 0 281923 0 0 0
intr 10223864250 0 0 2343752 81 0 584131 24590372 0 0 0 8108723 0 0 0 0 0 0 0 0 0 0 0 0 0 0 0 0 0 0 0 0 0 0 0 0 0 0 0 0 0 0 0 0 0 0 0 0 0 0 0 0 945072503 0 0 0 0 0 0 0 0 466899 0 318075 0 0 0 0 0 0 0 0 0 0 0 491615080 1 0 0 0 0 0 0 0 0 0 0 0 0 0 0 0 0 0 0 0 0 0 0 310310 4219 0 0 0 0 11946846 0 0 0 0 0 0 0 0 0 0 0 0 0 0 0 0 0 0 0 0 0 0 0 0 0 0 0 0 0 0 0 0 0 0 0 0 0 0 0 0 0 0 0 0 0 0 0 0 0 0 0 0 0 0 0 0 0 0 0 0 0 0 0 0 0 0 0 0 0 0 0 0 0 0 0 148568667 0 0 0
ctxt 323669463
btime 1669654930
processes 450600
procs_running 2
procs_blocked 0
softirq 442185417 313837107 24072775 701300 17016753 318021 0 47695120 28491264 557 10052520

cpu  642790 32099 1225532 457369449 97243 0 1279483 0 0 0
cpu0 95352 9522 165471 114566684 26669 0 284674 0 0 0
cpu1 326717 10210 697767 113570211 19451 0 405963 0 0 0
cpu2 113329 2833 190598 114619354 26354 0 306922 0 0 0
cpu3 107391 9534 171695 114613198 24767 0 281923 0 0 0
intr 10223869191 0 0 2343752 81 0 584131 24590398 0 0 0 8108723 0 0 0 0 0 0 0 0 0 0 0 0 0 0 0 0 0 0 0 0 0 0 0 0 0 0 0 0 0 0 0 0 0 0 0 0 0 0 0 0 945076644 0 0 0 0 0 0 0 0 466900 0 318075 0 0 0 0 0 0 0 0 0 0 0 491615355 1 0 0 0 0 0 0 0 0 0 0 0 0 0 0 0 0 0 0 0 0 0 0 310310 4219 0 0 0 0 11946861 0 0 0 0 0 0 0 0 0 0 0 0 0 0 0 0 0 0 0 0 0 0 0 0 0 0 0 0 0 0 0 0 0 0 0 0 0 0 0 0 0 0 0 0 0 0 0 0 0 0 0 0 0 0 0 0 0 0 0 0 0 0 0 0 0 0 0 0 0 0 0 0 0 0 0 148569150 0 0 0
ctxt 323670461
btime 1669654930
processes 450600
procs_running 2
procs_blocked 0
softirq 442185768 313837229 24072789 701300 17016818 318021 0 47695241 28491282 557 10052531

cpu  642790 32099 1225533 457369644 97243 0 1279483 0 0 0
cpu0 95352 9522 165471 114566734 26669 0 284674 0 0 0
cpu1 326718 10210 697768 113570258 19451 0 405963 0 0 0
cpu2 113329 2833 190598 114619403 26354 0 306922 0 0 0
cpu3 107391 9534 171695 114613248 24767 0 281923 0 0 0
intr 10223873856 0 0 2343754 81 0 584131 24590415 0 0 0 8108726 0 0 0 0 0 0 0 0 0 0 0 0 0 0 0 0 0 0 0 0 0 0 0 0 0 0 0 0 0 0 0 0 0 0 0 0 0 0 0 0 945080647 0 0 0 0 0 0 0 0 466901 0 318075 0 0 0 0 0 0 0 0 0 0 0 491615483 1 0 0 0 0 0 0 0 0 0 0 0 0 0 0 0 0 0 0 0 0 0 0 310310 4219 0 0 0 0 11946876 0 0 0 0 0 0 0 0 0 0 0 0 0 0 0 0 0 0 0 0 0 0 0 0 0 0 0 0 0 0 0 0 0 0 0 0 0 0 0 0 0 0 0 0 0 0 0 0 0 0 0 0 0 0 0 0 0 0 0 0 0 0 0 0 0 0 0 0 0 0 0 0 0 0 0 148569646 0 0 0
ctxt 323671462
btime 1669654930
processes 450600
procs_running 2
procs_blocked 0
softirq 442185832 313837229 24072804 701300 17016819 318021 0 47695255 28491303 557 10052544

cpu  642790 32099 1225535 457369836 97244 0 1279484 0 0 0
cpu0 95352 9522 165471 114566782 26669 0 284674 0 0 0
cpu1 326718 10210 697769 113570303 19452 0 405963 0 0 0
cpu2 113329 2833 190598 114619452 26354 0 306922 0 0 0
cpu3 107391 9534 171695 114613297 24767 0 281923 0 0 0
intr 10223878613 0 0 2343759 81 0 584131 24590456 0 0 0 8108731 0 0 0 0 0 0 0 0 0 0 0 0 0 0 0 0 0 0 0 0 0 0 0 0 0 0 0 0 0 0 0 0 0 0 0 0 0 0 0 0 945084666 0 0 0 0 0 0 0 0 466902 0 318078 0 0 0 0 0 0 0 0 0 0 0 491615637 1 0 0 0 0 0 0 0 0 0 0 0 0 0 0 0 0 0 0 0 0 0 0 310313 4219 0 0 0 0 11946901 0 0 0 0 0 0 0 0 0 0 0 0 0 0 0 0 0 0 0 0 0 0 0 0 0 0 0 0 0 0 0 0 0 0 0 0 0 0 0 0 0 0 0 0 0 0 0 0 0 0 0 0 0 0 0 0 0 0 0 0 0 0 0 0 0 0 0 0 0 0 0 0 0 0 0 148570147 0 0 0
ctxt 323672534
btime 1669654930
processes 450600
procs_running 2
procs_blocked 0
softirq 442185938 313837237 24072821 701300 17016821 318024 0 47695284 28491331 557 10052563

cpu  642792 32099 1225536 457370026 97244 0 1279484 0 0 0
cpu0 95352 9522 165471 114566831 26669 0 284674 0 0 0
cpu1 326720 10210 697770 113570347 19452 0 405964 0 0 0
cpu2 113329 2833 190598 114619501 26354 0 306922 0 0 0
cpu3 107391 9534 171695 114613346 24767 0 281923 0 0 0
intr 10223883509 0 0 2343761 81 0 584131 24590476 0 0 0 8108736 0 0 0 0 0 0 0 0 0 0 0 0 0 0 0 0 0 0 0 0 0 0 0 0 0 0 0 0 0 0 0 0 0 0 0 0 0 0 0 0 945088800 0 0 0 0 0 0 0 0 466903 0 318078 0 0 0 0 0 0 0 0 0 0 0 491615885 1 0 0 0 0 0 0 0 0 0 0 0 0 0 0 0 0 0 0 0 0 0 0 310313 4219 0 0 0 0 11946916 0 0 0 0 0 0 0 0 0 0 0 0 0 0 0 0 0 0 0 0 0 0 0 0 0 0 0 0 0 0 0 0 0 0 0 0 0 0 0 0 0 0 0 0 0 0 0 0 0 0 0 0 0 0 0 0 0 0 0 0 0 0 0 0 0 0 0 0 0 0 0 0 0 0 0 148570619 0 0 0
ctxt 323673481
btime 1669654930
processes 450600
procs_running 2
procs_blocked 0
softirq 442186297 313837366 24072834 701300 17016882 318024 0 47695406 28491353 557 10052575

cpu  642792 32099 1225539 457370220 97244 0 1279484 0 0 0
cpu0 95352 9522 165471 114566880 26669 0 284674 0 0 0
cpu1 326720 10210 697772 113570393 19452 0 405964 0 0 0
cpu2 113329 2833 190599 114619550 26354 0 306922 0 0 0
cpu3 107391 9534 171696 114613395 24767 0 281923 0 0 0
intr 10223888225 0 0 2343763 81 0 584131 24590502 0 0 0 8108741 0 0 0 0 0 0 0 0 0 0 0 0 0 0 0 0 0 0 0 0 0 0 0 0 0 0 0 0 0 0 0 0 0 0 0 0 0 0 0 0 945092819 0 0 0 0 0 0 0 0 466904 0 318078 0 0 0 0 0 0 0 0 0 0 0 491616039 1 0 0 0 0 0 0 0 0 0 0 0 0 0 0 0 0 0 0 0 0 0 0 310313 4219 0 0 0 0 11946931 0 0 0 0 0 0 0 0 0 0 0 0 0 0 0 0 0 0 0 0 0 0 0 0 0 0 0 0 0 0 0 0 0 0 0 0 0 0 0 0 0 0 0 0 0 0 0 0 0 0 0 0 0 0 0 0 0 0 0 0 0 0 0 0 0 0 0 0 0 0 0 0 0 0 0 148571112 0 0 0
ctxt 323674485
btime 1669654930
processes 450600
procs_running 2
procs_blocked 0
softirq 442186371 313837374 24072849 701300 17016883 318024 0 47695420 28491377 557 10052587

cpu  642792 32099 1225540 457370413 97244 0 1279484 0 0 0
cpu0 95352 9522 165471 114566930 26669 0 284674 0 0 0
cpu1 326720 10210 697772 113570439 19452 0 405964 0 0 0
cpu2 113329 2833 190599 114619599 26354 0 306922 0 0 0
cpu3 107391 9534 171696 114613445 24767 0 281923 0 0 0
intr 10223892882 0 0 2343763 81 0 584131 24590519 0 0 0 8108746 0 0 0 0 0 0 0 0 0 0 0 0 0 0 0 0 0 0 0 0 0 0 0 0 0 0 0 0 0 0 0 0 0 0 0 0 0 0 0 0 945096823 0 0 0 0 0 0 0 0 466905 0 318078 0 0 0 0 0 0 0 0 0 0 0 491616167 1 0 0 0 0 0 0 0 0 0 0 0 0 0 0 0 0 0 0 0 0 0 0 310313 4219 0 0 0 0 11946946 0 0 0 0 0 0 0 0 0 0 0 0 0 0 0 0 0 0 0 0 0 0 0 0 0 0 0 0 0 0 0 0 0 0 0 0 0 0 0 0 0 0 0 0 0 0 0 0 0 0 0 0 0 0 0 0 0 0 0 0 0 0 0 0 0 0 0 0 0 0 0 0 0 0 0 148571599 0 0 0
ctxt 323675471
btime 1669654930
processes 450600
procs_running 2
procs_blocked 0
softirq 442186430 313837374 24072862 701300 17016884 318024 0 47695434 28491396 557 10052599

cpu  642793 32099 1225543 457370607 97244 0 1279484 0 0 0
cpu0 95352 9522 165472 114566979 26669 0 284674 0 0 0
cpu1 326720 10210 697775 113570485 19452 0 405964 0 0 0
cpu2 113329 2833 190599 114619648 26354 0 306922 0 0 0
cpu3 107391 9534 171696 114613494 24767 0 281923 0 0 0
intr 10223897593 0 0 2343764 81 0 584131 24590545 0 0 0 8108751 0 0 0 0 0 0 0 0 0 0 0 0 0 0 0 0 0 0 0 0 0 0 0 0 0 0 0 0 0 0 0 0 0 0 0 0 0 0 0 0 945100841 0 0 0 0 0 0 0 0 466906 0 318078 0 0 0 0 0 0 0 0 0 0 0 491616321 1 0 0 0 0 0 0 0 0 0 0 0 0 0 0 0 0 0 0 0 0 0 0 310313 4219 0 0 0 0 11946961 0 0 0 0 0 0 0 0 0 0 0 0 0 0 0 0 0 0 0 0 0 0 0 0 0 0 0 0 0 0 0 0 0 0 0 0 0 0 0 0 0 0 0 0 0 0 0 0 0 0 0 0 0 0 0 0 0 0 0 0 0 0 0 0 0 0 0 0 0 0 0 0 0 0 0 148572090 0 0 0
ctxt 323676476
btime 1669654930
processes 450600
procs_running 2
procs_blocked 0
softirq 442186511 313837382 24072879 701300 17016885 318024 0 47695450 28491423 557 10052611

cpu  642793 32099 1225544 457370800 97244 0 1279484 0 0 0
cpu0 95352 9522 165472 114567028 26669 0 284674 0 0 0
cpu1 326721 10210 697776 113570531 19452 0 405964 0 0 0
cpu2 113329 2833 190599 114619697 26354 0 306922 0 0 0
cpu3 107391 9534 171696 114613543 24767 0 281923 0 0 0
intr 10223902277 0 0 2343764 81 0 584131 24590574 0 0 0 8108756 0 0 0 0 0 0 0 0 0 0 0 0 0 0 0 0 0 0 0 0 0 0 0 0 0 0 0 0 0 0 0 0 0 0 0 0 0 0 0 0 945104845 0 0 0 0 0 0 0 0 466907 0 318078 0 0 0 0 0 0 0 0 0 0 0 491616449 1 0 0 0 0 0 0 0 0 0 0 0 0 0 0 0 0 0 0 0 0 0 0 310313 4219 0 0 0 0 11946987 0 0 0 0 0 0 0 0 0 0 0 0 0 0 0 0 0 0 0 0 0 0 0 0 0 0 0 0 0 0 0 0 0 0 0 0 0 0 0 0 0 0 0 0 0 0 0 0 0 0 0 0 0 0 0 0 0 0 0 0 0 0 0 0 0 0 0 0 0 0 0 0 0 0 0 148572581 0 0 0
ctxt 323677480
btime 1669654930
processes 450600
procs_running 2
procs_blocked 0
softirq 442186592 313837382 24072896 701300 17016887 318024 0 47695473 28491451 557 10052622

cpu  642794 32099 1225546 457370994 97244 0 1279484 0 0 0
cpu0 95352 9522 165472 114567077 26669 0 284674 0 0 0
cpu1 326721 10210 697778 113570576 19452 0 405964 0 0 0
cpu2 113329 2833 190600 114619746 26354 0 306922 0 0 0
cpu3 107391 9534 171696 114613593 24767 0 281923 0 0 0
intr 10223906997 0 0 2343768 81 0 584131 24590602 0 0 0 8108761 0 0 0 0 0 0 0 0 0 0 0 0 0 0 0 0 0 0 0 0 0 0 0 0 0 0 0 0 0 0 0 0 0 0 0 0 0 0 0 0 945108866 0 0 0 0 0 0 0 0 466908 0 318078 0 0 0 0 0 0 0 0 0 0 0 491616603 1 0 0 0 0 0 0 0 0 0 0 0 0 0 0 0 0 0 0 0 0 0 0 310313 4219 0 0 0 0 11947002 0 0 0 0 0 0 0 0 0 0 0 0 0 0 0 0 0 0 0 0 0 0 0 0 0 0 0 0 0 0 0 0 0 0 0 0 0 0 0 0 0 0 0 0 0 0 0 0 0 0 0 0 0 0 0 0 0 0 0 0 0 0 0 0 0 0 0 0 0 0 0 0 0 0 0 148573073 0 0 0
ctxt 323678480
btime 1669654930
processes 450600
procs_running 2
procs_blocked 0
softirq 442186665 313837390 24072910 701300 17016888 318024 0 47695488 28491475 557 10052633

cpu  642794 32099 1225548 457371187 97244 0 1279484 0 0 0
cpu0 95352 9522 165472 114567126 26669 0 284674 0 0 0
cpu1 326721 10210 697780 113570622 19452 0 405964 0 0 0
cpu2 113329 2833 190600 114619795 26354 0 306922 0 0 0
cpu3 107391 9534 171696 114613642 24767 0 281923 0 0 0
intr 10223911658 0 0 2343768 81 0 584131 24590622 0 0 0 8108766 0 0 0 0 0 0 0 0 0 0 0 0 0 0 0 0 0 0 0 0 0 0 0 0 0 0 0 0 0 0 0 0 0 0 0 0 0 0 0 0 945112870 0 0 0 0 0 0 0 0 466909 0 318078 0 0 0 0 0 0 0 0 0 0 0 491616731 1 0 0 0 0 0 0 0 0 0 0 0 0 0 0 0 0 0 0 0 0 0 0 310313 4219 0 0 0 0 11947017 0 0 0 0 0 0 0 0 0 0 0 0 0 0 0 0 0 0 0 0 0 0 0 0 0 0 0 0 0 0 0 0 0 0 0 0 0 0 0 0 0 0 0 0 0 0 0 0 0 0 0 0 0 0 0 0 0 0 0 0 0 0 0 0 0 0 0 0 0 0 0 0 0 0 0 148573561 0 0 0
ctxt 323679463
btime 1669654930
processes 450600
procs_running 2
procs_blocked 0
softirq 442186731 313837390 24072922 701300 17016889 318024 0 47695502 28491500 557 10052647

cpu  642794 32099 1225550 457371380 97244 0 1279484 0 0 0
cpu0 95352 9522 165472 114567175 26669 0 284674 0 0 0
cpu1 326721 10210 697782 113570668 19452 0 405964 0 0 0
cpu2 113329 2833 190600 114619844 26354 0 306922 0 0 0
cpu3 107391 9534 171696 114613691 24767 0 281923 0 0 0
intr 10223916411 0 0 2343769 81 0 584131 24590660 0 0 0 8108771 0 0 0 0 0 0 0 0 0 0 0 0 0 0 0 0 0 0 0 0 0 0 0 0 0 0 0 0 0 0 0 0 0 0 0 0 0 0 0 0 945116888 0 0 0 0 0 0 0 0 466911 0 318078 0 0 0 0 0 0 0 0 0 0 0 491616885 1 0 0 0 0 0 0 0 0 0 0 0 0 0 0 0 0 0 0 0 0 0 0 310313 4219 0 0 0 0 11947055 0 0 0 0 0 0 0 0 0 0 0 0 0 0 0 0 0 0 0 0 0 0 0 0 0 0 0 0 0 0 0 0 0 0 0 0 0 0 0 0 0 0 0 0 0 0 0 0 0 0 0 0 0 0 0 0 0 0 0 0 0 0 0 0 0 0 0 0 0 0 0 0 0 0 0 148574058 0 0 0
ctxt 323680507
btime 1669654930
processes 450600
procs_running 2
procs_blocked 0
softirq 442186835 313837398 24072940 701301 17016892 318024 0 47695533 28491529 557 10052661

cpu  642794 32099 1225552 457371574 97244 0 1279484 0 0 0
cpu0 95352 9522 165472 114567225 26669 0 284674 0 0 0
cpu1 326722 10210 697784 113570714 19452 0 405964 0 0 0
cpu2 113329 2833 190600 114619894 26354 0 306922 0 0 0
cpu3 107391 9534 171696 114613740 24767 0 281923 0 0 0
intr 10223921070 0 0 2343769 81 0 584131 24590679 0 0 0 8108776 0 0 0 0 0 0 0 0 0 0 0 0 0 0 0 0 0 0 0 0 0 0 0 0 0 0 0 0 0 0 0 0 0 0 0 0 0 0 0 0 945120892 0 0 0 0 0 0 0 0 466912 0 318078 0 0 0 0 0 0 0 0 0 0 0 491617013 1 0 0 0 0 0 0 0 0 0 0 0 0 0 0 0 0 0 0 0 0 0 0 310313 4219 0 0 0 0 11947070 0 0 0 0 0 0 0 0 0 0 0 0 0 0 0 0 0 0 0 0 0 0 0 0 0 0 0 0 0 0 0 0 0 0 0 0 0 0 0 0 0 0 0 0 0 0 0 0 0 0 0 0 0 0 0 0 0 0 0 0 0 0 0 0 0 0 0 0 0 0 0 0 0 0 0 148574545 0 0 0
ctxt 323681487
btime 1669654930
processes 450600
procs_running 2
procs_blocked 0
softirq 442186899 313837398 24072954 701301 17016893 318024 0 47695547 28491553 557 10052672

cpu  642794 32099 1225555 457371767 97244 0 1279484 0 0 0
cpu0 95352 9522 165472 114567274 26669 0 284674 0 0 0
cpu1 326722 10210 697786 113570760 19452 0 405964 0 0 0
cpu2 113329 2833 190600 114619943 26354 0 306922 0 0 0
cpu3 107391 9534 171696 114613789 24767 0 281923 0 0 0
intr 10223925840 0 0 2343769 81 0 584131 24590729 0 0 0 8108781 0 0 0 0 0 0 0 0 0 0 0 0 0 0 0 0 0 0 0 0 0 0 0 0 0 0 0 0 0 0 0 0 0 0 0 0 0 0 0 0 945124910 0 0 0 0 0 0 0 0 466914 0 318078 0 0 0 0 0 0 0 0 0 0 0 491617167 1 0 0 0 0 0 0 0 0 0 0 0 0 0 0 0 0 0 0 0 0 0 0 310313 4219 0 0 0 0 11947113 0 0 0 0 0 0 0 0 0 0 0 0 0 0 0 0 0 0 0 0 0 0 0 0 0 0 0 0 0 0 0 0 0 0 0 0 0 0 0 0 0 0 0 0 0 0 0 0 0 0 0 0 0 0 0 0 0 0 0 0 0 0 0 0 0 0 0 0 0 0 0 0 0 0 0 148575042 0 0 0
ctxt 323682537
btime 1669654930
processes 450600
procs_running 1
procs_blocked 0
softirq 442187007 313837406 24072973 701301 17016896 318024 0 47695583 28491582 557 10052685

cpu  642795 32099 1225556 457371961 97244 0 1279484 0 0 0
cpu0 95352 9522 165472 114567323 26669 0 284674 0 0 0
cpu1 326722 10210 697787 113570806 19452 0 405964 0 0 0
cpu2 113329 2833 190600 114619992 26354 0 306922 0 0 0
cpu3 107391 9534 171696 114613839 24767 0 281924 0 0 0
intr 10223930504 0 0 2343769 81 0 584131 24590748 0 0 0 8108786 0 0 0 0 0 0 0 0 0 0 0 0 0 0 0 0 0 0 0 0 0 0 0 0 0 0 0 0 0 0 0 0 0 0 0 0 0 0 0 0 945128915 0 0 0 0 0 0 0 0 466915 0 318078 0 0 0 0 0 0 0 0 0 0 0 491617295 1 0 0 0 0 0 0 0 0 0 0 0 0 0 0 0 0 0 0 0 0 0 0 310313 4219 0 0 0 0 11947128 0 0 0 0 0 0 0 0 0 0 0 0 0 0 0 0 0 0 0 0 0 0 0 0 0 0 0 0 0 0 0 0 0 0 0 0 0 0 0 0 0 0 0 0 0 0 0 0 0 0 0 0 0 0 0 0 0 0 0 0 0 0 0 0 0 0 0 0 0 0 0 0 0 0 0 148575533 0 0 0
ctxt 323683520
btime 1669654930
processes 450600
procs_running 1
procs_blocked 0
softirq 442187073 313837406 24072987 701301 17016897 318024 0 47695597 28491607 557 10052697

cpu  642796 32099 1225558 457372154 97244 0 1279484 0 0 0
cpu0 95352 9522 165472 114567372 26669 0 284674 0 0 0
cpu1 326722 10210 697788 113570851 19453 0 405964 0 0 0
cpu2 113329 2833 190600 114620041 26354 0 306922 0 0 0
cpu3 107391 9534 171696 114613888 24767 0 281924 0 0 0
intr 10223935224 0 0 2343770 81 0 584131 24590777 0 0 0 8108791 0 0 0 0 0 0 0 0 0 0 0 0 0 0 0 0 0 0 0 0 0 0 0 0 0 0 0 0 0 0 0 0 0 0 0 0 0 0 0 0 945132935 0 0 0 0 0 0 0 0 466916 0 318080 0 0 0 0 0 0 0 0 0 0 0 491617449 1 0 0 0 0 0 0 0 0 0 0 0 0 0 0 0 0 0 0 0 0 0 0 310315 4219 0 0 0 0 11947143 0 0 0 0 0 0 0 0 0 0 0 0 0 0 0 0 0 0 0 0 0 0 0 0 0 0 0 0 0 0 0 0 0 0 0 0 0 0 0 0 0 0 0 0 0 0 0 0 0 0 0 0 0 0 0 0 0 0 0 0 0 0 0 0 0 0 0 0 0 0 0 0 0 0 0 148576025 0 0 0
ctxt 323684538
btime 1669654930
processes 450600
procs_running 1
procs_blocked 0
softirq 442187157 313837414 24073003 701301 17016898 318026 0 47695616 28491634 557 10052708

cpu  642796 32099 1225558 457372347 97244 0 1279484 0 0 0
cpu0 95352 9522 165472 114567421 26669 0 284674 0 0 0
cpu1 326723 10210 697789 113570897 19453 0 405964 0 0 0
cpu2 113329 2833 190600 114620091 26354 0 306922 0 0 0
cpu3 107391 9534 171696 114613937 24767 0 281924 0 0 0
intr 10223939886 0 0 2343770 81 0 584131 24590799 0 0 0 8108796 0 0 0 0 0 0 0 0 0 0 0 0 0 0 0 0 0 0 0 0 0 0 0 0 0 0 0 0 0 0 0 0 0 0 0 0 0 0 0 0 945136940 0 0 0 0 0 0 0 0 466917 0 318080 0 0 0 0 0 0 0 0 0 0 0 491617578 1 0 0 0 0 0 0 0 0 0 0 0 0 0 0 0 0 0 0 0 0 0 0 310315 4219 0 0 0 0 11947158 0 0 0 0 0 0 0 0 0 0 0 0 0 0 0 0 0 0 0 0 0 0 0 0 0 0 0 0 0 0 0 0 0 0 0 0 0 0 0 0 0 0 0 0 0 0 0 0 0 0 0 0 0 0 0 0 0 0 0 0 0 0 0 0 0 0 0 0 0 0 0 0 0 0 0 148576510 0 0 0
ctxt 323685524
btime 1669654930
processes 450600
procs_running 1
procs_blocked 0
softirq 442187222 313837415 24073018 701301 17016899 318026 0 47695631 28491656 557 10052719

cpu  642796 32099 1225561 457372541 97244 0 1279484 0 0 0
cpu0 95352 9522 165473 114567470 26669 0 284674 0 0 0
cpu1 326723 10210 697792 113570943 19453 0 405964 0 0 0
cpu2 113329 2833 190600 114620140 26354 0 306922 0 0 0
cpu3 107391 9534 171696 114613986 24767 0 281924 0 0 0
intr 10223944599 0 0 2343770 81 0 584131 24590825 0 0 0 8108801 0 0 0 0 0 0 0 0 0 0 0 0 0 0 0 0 0 0 0 0 0 0 0 0 0 0 0 0 0 0 0 0 0 0 0 0 0 0 0 0 945140957 0 0 0 0 0 0 0 0 466918 0 318080 0 0 0 0 0 0 0 0 0 0 0 491617730 1 0 0 0 0 0 0 0 0 0 0 0 0 0 0 0 0 0 0 0 0 0 0 310315 4219 0 0 0 0 11947173 0 0 0 0 0 0 0 0 0 0 0 0 0 0 0 0 0 0 0 0 0 0 0 0 0 0 0 0 0 0 0 0 0 0 0 0 0 0 0 0 0 0 0 0 0 0 0 0 0 0 0 0 0 0 0 0 0 0 0 0 0 0 0 0 0 0 0 0 0 0 0 0 0 0 0 148577006 0 0 0
ctxt 323686530
btime 1669654930
processes 450600
procs_running 1
procs_blocked 0
softirq 442187302 313837423 24073033 701301 17016900 318026 0 47695644 28491688 557 10052730

cpu  642797 32099 1225563 457372734 97244 0 1279484 0 0 0
cpu0 95352 9522 165473 114567519 26669 0 284674 0 0 0
cpu1 326724 10210 697793 113570989 19453 0 405964 0 0 0
cpu2 113329 2833 190600 114620190 26354 0 306922 0 0 0
cpu3 107391 9534 171696 114614035 24767 0 281924 0 0 0
intr 10223949298 0 0 2343770 81 0 584131 24590858 0 0 0 8108806 0 0 0 0 0 0 0 0 0 0 0 0 0 0 0 0 0 0 0 0 0 0 0 0 0 0 0 0 0 0 0 0 0 0 0 0 0 0 0 0 945144961 0 0 0 0 0 0 0 0 466919 0 318080 0 0 0 0 0 0 0 0 0 0 0 491617858 1 0 0 0 0 0 0 0 0 0 0 0 0 0 0 0 0 0 0 0 0 0 0 310315 4219 0 0 0 0 11947201 0 0 0 0 0 0 0 0 0 0 0 0 0 0 0 0 0 0 0 0 0 0 0 0 0 0 0 0 0 0 0 0 0 0 0 0 0 0 0 0 0 0 0 0 0 0 0 0 0 0 0 0 0 0 0 0 0 0 0 0 0 0 0 0 0 0 0 0 0 0 0 0 0 0 0 148577508 0 0 0
ctxt 323687551
btime 1669654930
processes 450600
procs_running 1
procs_blocked 0
softirq 442187396 313837423 24073052 701301 17016902 318026 0 47695669 28491721 557 10052745

cpu  642798 32099 1225565 457372928 97244 0 1279484 0 0 0
cpu0 95353 9522 165473 114567569 26669 0 284674 0 0 0
cpu1 326724 10210 697795 113571035 19453 0 405964 0 0 0
cpu2 113329 2833 190600 114620239 26354 0 306922 0 0 0
cpu3 107391 9534 171697 114614083 24767 0 281924 0 0 0
intr 10223954029 0 0 2343771 81 0 584131 24590883 0 0 0 8108810 0 0 0 0 0 0 0 0 0 0 0 0 0 0 0 0 0 0 0 0 0 0 0 0 0 0 0 0 0 0 0 0 0 0 0 0 0 0 0 0 945148990 0 0 0 0 0 0 0 0 466920 0 318080 0 0 0 0 0 0 0 0 0 0 0 491618012 1 0 0 0 0 0 0 0 0 0 0 0 0 0 0 0 0 0 0 0 0 0 0 310315 4219 0 0 0 0 11947216 0 0 0 0 0 0 0 0 0 0 0 0 0 0 0 0 0 0 0 0 0 0 0 0 0 0 0 0 0 0 0 0 0 0 0 0 0 0 0 0 0 0 0 0 0 0 0 0 0 0 0 0 0 0 0 0 0 0 0 0 0 0 0 0 0 0 0 0 0 0 0 0 0 0 0 148578009 0 0 0
ctxt 323688566
btime 1669654930
processes 450600
procs_running 1
procs_blocked 0
softirq 442187482 313837431 24073069 701301 17016903 318026 0 47695683 28491755 557 10052757

cpu  642798 32099 1225568 457373121 97244 0 1279484 0 0 0
cpu0 95353 9522 165473 114567618 26669 0 284674 0 0 0
cpu1 326724 10210 697797 113571081 19453 0 405964 0 0 0
cpu2 113329 2833 190600 114620288 26354 0 306922 0 0 0
cpu3 107391 9534 171697 114614133 24767 0 281924 0 0 0
intr 10223958691 0 0 2343771 81 0 584131 24590905 0 0 0 8108815 0 0 0 0 0 0 0 0 0 0 0 0 0 0 0 0 0 0 0 0 0 0 0 0 0 0 0 0 0 0 0 0 0 0 0 0 0 0 0 0 945152989 0 0 0 0 0 0 0 0 466921 0 318080 0 0 0 0 0 0 0 0 0 0 0 491618140 1 0 0 0 0 0 0 0 0 0 0 0 0 0 0 0 0 0 0 0 0 0 0 310315 4219 0 0 0 0 11947231 0 0 0 0 0 0 0 0 0 0 0 0 0 0 0 0 0 0 0 0 0 0 0 0 0 0 0 0 0 0 0 0 0 0 0 0 0 0 0 0 0 0 0 0 0 0 0 0 0 0 0 0 0 0 0 0 0 0 0 0 0 0 0 0 0 0 0 0 0 0 0 0 0 0 0 148578500 0 0 0
ctxt 323689555
btime 1669654930
processes 450600
procs_running 1
procs_blocked 0
softirq 442187547 313837431 24073083 701301 17016904 318026 0 47695697 28491780 557 10052768

cpu  642799 32099 1225569 457373314 97244 0 1279484 0 0 0
cpu0 95353 9522 165473 114567667 26669 0 284674 0 0 0
cpu1 326724 10210 697798 113571126 19453 0 405964 0 0 0
cpu2 113329 2833 190600 114620337 26354 0 306922 0 0 0
cpu3 107391 9534 171697 114614182 24767 0 281924 0 0 0
intr 10223963399 0 0 2343771 81 0 584131 24590933 0 0 0 8108820 0 0 0 0 0 0 0 0 0 0 0 0 0 0 0 0 0 0 0 0 0 0 0 0 0 0 0 0 0 0 0 0 0 0 0 0 0 0 0 0 945157009 0 0 0 0 0 0 0 0 466922 0 318080 0 0 0 0 0 0 0 0 0 0 0 491618294 1 0 0 0 0 0 0 0 0 0 0 0 0 0 0 0 0 0 0 0 0 0 0 310315 4219 0 0 0 0 11947246 0 0 0 0 0 0 0 0 0 0 0 0 0 0 0 0 0 0 0 0 0 0 0 0 0 0 0 0 0 0 0 0 0 0 0 0 0 0 0 0 0 0 0 0 0 0 0 0 0 0 0 0 0 0 0 0 0 0 0 0 0 0 0 0 0 0 0 0 0 0 0 0 0 0 0 148578985 0 0 0
ctxt 323690554
btime 1669654930
processes 450600
procs_running 1
procs_blocked 0
softirq 442187620 313837439 24073097 701302 17016905 318026 0 47695710 28491805 557 10052779

cpu  642800 32099 1225572 457373507 97244 0 1279484 0 0 0
cpu0 95353 9522 165473 114567716 26669 0 284674 0 0 0
cpu1 326725 10210 697800 113571172 19453 0 405964 0 0 0
cpu2 113330 2833 190600 114620386 26354 0 306922 0 0 0
cpu3 107391 9534 171698 114614231 24767 0 281924 0 0 0
intr 10223968137 0 0 2343771 81 0 584131 24590982 0 0 0 8108825 0 0 0 0 0 0 0 0 0 0 0 0 0 0 0 0 0 0 0 0 0 0 0 0 0 0 0 0 0 0 0 0 0 0 0 0 0 0 0 0 945161012 0 0 0 0 0 0 0 0 466923 0 318085 0 0 0 0 0 0 0 0 0 0 0 491618422 1 0 0 0 0 0 0 0 0 0 0 0 0 0 0 0 0 0 0 0 0 0 0 310320 4219 0 0 0 0 11947281 0 0 0 0 0 0 0 0 0 0 0 0 0 0 0 0 0 0 0 0 0 0 0 0 0 0 0 0 0 0 0 0 0 0 0 0 0 0 0 0 0 0 0 0 0 0 0 0 0 0 0 0 0 0 0 0 0 0 0 0 0 0 0 0 0 0 0 0 0 0 0 0 0 0 0 148579493 0 0 0
ctxt 323691645
btime 1669654930
processes 450600
procs_running 1
procs_blocked 0
softirq 442187747 313837439 24073119 701302 17016907 318031 0 47695756 28491843 557 10052793

cpu  642800 32099 1225574 457373700 97244 0 1279484 0 0 0
cpu0 95353 9522 165474 114567765 26669 0 284674 0 0 0
cpu1 326726 10210 697801 113571218 19453 0 405964 0 0 0
cpu2 113330 2833 190600 114620435 26354 0 306922 0 0 0
cpu3 107391 9534 171698 114614280 24767 0 281924 0 0 0
intr 10223972882 0 0 2343772 81 0 584131 24591020 0 0 0 8108830 0 0 0 0 0 0 0 0 0 0 0 0 0 0 0 0 0 0 0 0 0 0 0 0 0 0 0 0 0 0 0 0 0 0 0 0 0 0 0 0 945165030 0 0 0 0 0 0 0 0 466924 0 318085 0 0 0 0 0 0 0 0 0 0 0 491618576 1 0 0 0 0 0 0 0 0 0 0 0 0 0 0 0 0 0 0 0 0 0 0 310320 4219 0 0 0 0 11947305 0 0 0 0 0 0 0 0 0 0 0 0 0 0 0 0 0 0 0 0 0 0 0 0 0 0 0 0 0 0 0 0 0 0 0 0 0 0 0 0 0 0 0 0 0 0 0 0 0 0 0 0 0 0 0 0 0 0 0 0 0 0 0 0 0 0 0 0 0 0 0 0 0 0 0 148579997 0 0 0
ctxt 323692679
btime 1669654930
processes 450600
procs_running 1
procs_blocked 0
softirq 442187841 313837447 24073136 701302 17016909 318031 0 47695777 28491872 557 10052810

cpu  642800 32099 1225577 457373894 97244 0 1279485 0 0 0
cpu0 95353 9522 165474 114567814 26669 0 284674 0 0 0
cpu1 326726 10210 697804 113571264 19453 0 405964 0 0 0
cpu2 113330 2833 190600 114620484 26354 0 306922 0 0 0
cpu3 107391 9534 171698 114614330 24767 0 281924 0 0 0
intr 10223977558 0 0 2343776 81 0 584131 24591041 0 0 0 8108835 0 0 0 0 0 0 0 0 0 0 0 0 0 0 0 0 0 0 0 0 0 0 0 0 0 0 0 0 0 0 0 0 0 0 0 0 0 0 0 0 945169034 0 0 0 0 0 0 0 0 466925 0 318085 0 0 0 0 0 0 0 0 0 0 0 491618704 1 0 0 0 0 0 0 0 0 0 0 0 0 0 0 0 0 0 0 0 0 0 0 310320 4219 0 0 0 0 11947320 0 0 0 0 0 0 0 0 0 0 0 0 0 0 0 0 0 0 0 0 0 0 0 0 0 0 0 0 0 0 0 0 0 0 0 0 0 0 0 0 0 0 0 0 0 0 0 0 0 0 0 0 0 0 0 0 0 0 0 0 0 0 0 0 0 0 0 0 0 0 0 0 0 0 0 148580495 0 0 0
ctxt 323693665
btime 1669654930
processes 450600
procs_running 1
procs_blocked 0
softirq 442187913 313837447 24073151 701302 17016910 318031 0 47695791 28491901 557 10052823

cpu  642802 32099 1225579 457374087 97244 0 1279485 0 0 0
cpu0 95354 9522 165474 114567863 26669 0 284674 0 0 0
cpu1 326726 10210 697806 113571310 19453 0 405964 0 0 0
cpu2 113330 2833 190600 114620533 26354 0 306922 0 0 0
cpu3 107391 9534 171698 114614379 24767 0 281924 0 0 0
intr 10223982273 0 0 2343776 81 0 584131 24591072 0 0 0 8108840 0 0 0 0 0 0 0 0 0 0 0 0 0 0 0 0 0 0 0 0 0 0 0 0 0 0 0 0 0 0 0 0 0 0 0 0 0 0 0 0 945173053 0 0 0 0 0 0 0 0 466926 0 318085 0 0 0 0 0 0 0 0 0 0 0 491618858 1 0 0 0 0 0 0 0 0 0 0 0 0 0 0 0 0 0 0 0 0 0 0 310320 4219 0 0 0 0 11947335 0 0 0 0 0 0 0 0 0 0 0 0 0 0 0 0 0 0 0 0 0 0 0 0 0 0 0 0 0 0 0 0 0 0 0 0 0 0 0 0 0 0 0 0 0 0 0 0 0 0 0 0 0 0 0 0 0 0 0 0 0 0 0 0 0 0 0 0 0 0 0 0 0 0 0 148580985 0 0 0
ctxt 323694669
btime 1669654930
processes 450600
procs_running 1
procs_blocked 0
softirq 442187984 313837455 24073164 701302 17016911 318031 0 47695804 28491925 557 10052835

cpu  642802 32099 1225581 457374281 97244 0 1279485 0 0 0
cpu0 95354 9522 165474 114567913 26669 0 284674 0 0 0
cpu1 326726 10210 697808 113571356 19453 0 405964 0 0 0
cpu2 113330 2833 190600 114620582 26354 0 306922 0 0 0
cpu3 107391 9534 171698 114614428 24767 0 281924 0 0 0
intr 10223986933 0 0 2343776 81 0 584131 24591094 0 0 0 8108845 0 0 0 0 0 0 0 0 0 0 0 0 0 0 0 0 0 0 0 0 0 0 0 0 0 0 0 0 0 0 0 0 0 0 0 0 0 0 0 0 945177057 0 0 0 0 0 0 0 0 466927 0 318085 0 0 0 0 0 0 0 0 0 0 0 491618986 1 0 0 0 0 0 0 0 0 0 0 0 0 0 0 0 0 0 0 0 0 0 0 310320 4219 0 0 0 0 11947350 0 0 0 0 0 0 0 0 0 0 0 0 0 0 0 0 0 0 0 0 0 0 0 0 0 0 0 0 0 0 0 0 0 0 0 0 0 0 0 0 0 0 0 0 0 0 0 0 0 0 0 0 0 0 0 0 0 0 0 0 0 0 0 0 0 0 0 0 0 0 0 0 0 0 0 148581470 0 0 0
ctxt 323695652
btime 1669654930
processes 450600
procs_running 1
procs_blocked 0
softirq 442188045 313837455 24073178 701302 17016912 318031 0 47695818 28491945 557 10052847

cpu  642802 32099 1225583 457374474 97244 0 1279485 0 0 0
cpu0 95354 9522 165474 114567962 26669 0 284674 0 0 0
cpu1 326726 10210 697809 113571401 19453 0 405964 0 0 0
cpu2 113330 2833 190600 114620631 26354 0 306922 0 0 0
cpu3 107391 9534 171698 114614478 24767 0 281924 0 0 0
intr 10223991633 0 0 2343781 81 0 584131 24591130 0 0 0 8108850 0 0 0 0 0 0 0 0 0 0 0 0 0 0 0 0 0 0 0 0 0 0 0 0 0 0 0 0 0 0 0 0 0 0 0 0 0 0 0 0 945181053 0 0 0 0 0 0 0 0 466928 0 318085 0 0 0 0 0 0 0 0 0 0 0 491619116 1 0 0 0 0 0 0 0 0 0 0 0 0 0 0 0 0 0 0 0 0 0 0 310320 4219 0 0 0 0 11947380 0 0 0 0 0 0 0 0 0 0 0 0 0 0 0 0 0 0 0 0 0 0 0 0 0 0 0 0 0 0 0 0 0 0 0 0 0 0 0 0 0 0 0 0 0 0 0 0 0 0 0 0 0 0 0 0 0 0 0 0 0 0 0 0 0 0 0 0 0 0 0 0 0 0 0 148581967 0 0 0
ctxt 323696675
btime 1669654930
processes 450600
procs_running 1
procs_blocked 0
softirq 442188130 313837455 24073196 701302 17016914 318031 0 47695843 28491970 557 10052862

cpu  642802 32099 1225583 457374667 97244 0 1279485 0 0 0
cpu0 95354 9522 165474 114568011 26669 0 284674 0 0 0
cpu1 326727 10210 697809 113571448 19453 0 405964 0 0 0
cpu2 113330 2833 190600 114620680 26354 0 306922 0 0 0
cpu3 107391 9534 171698 114614527 24767 0 281924 0 0 0
intr 10223996358 0 0 2343785 81 0 584131 24591158 0 0 0 8108855 0 0 0 0 0 0 0 0 0 0 0 0 0 0 0 0 0 0 0 0 0 0 0 0 0 0 0 0 0 0 0 0 0 0 0 0 0 0 0 0 945185081 0 0 0 0 0 0 0 0 466929 0 318085 0 0 0 0 0 0 0 0 0 0 0 491619268 1 0 0 0 0 0 0 0 0 0 0 0 0 0 0 0 0 0 0 0 0 0 0 310320 4219 0 0 0 0 11947395 0 0 0 0 0 0 0 0 0 0 0 0 0 0 0 0 0 0 0 0 0 0 0 0 0 0 0 0 0 0 0 0 0 0 0 0 0 0 0 0 0 0 0 0 0 0 0 0 0 0 0 0 0 0 0 0 0 0 0 0 0 0 0 0 0 0 0 0 0 0 0 0 0 0 0 148582459 0 0 0
ctxt 323697686
btime 1669654930
processes 450600
procs_running 1
procs_blocked 0
softirq 442188197 313837463 24073210 701302 17016915 318031 0 47695857 28491989 557 10052873

cpu  642802 32099 1225584 457374861 97244 0 1279485 0 0 0
cpu0 95354 9522 165474 114568060 26669 0 284674 0 0 0
cpu1 326727 10210 697810 113571493 19453 0 405964 0 0 0
cpu2 113330 2833 190600 114620729 26354 0 306922 0 0 0
cpu3 107391 9534 171698 114614576 24767 0 281924 0 0 0
intr 10224001017 0 0 2343789 81 0 584131 24591179 0 0 0 8108860 0 0 0 0 0 0 0 0 0 0 0 0 0 0 0 0 0 0 0 0 0 0 0 0 0 0 0 0 0 0 0 0 0 0 0 0 0 0 0 0 945189077 0 0 0 0 0 0 0 0 466930 0 318085 0 0 0 0 0 0 0 0 0 0 0 491619398 1 0 0 0 0 0 0 0 0 0 0 0 0 0 0 0 0 0 0 0 0 0 0 310320 4219 0 0 0 0 11947410 0 0 0 0 0 0 0 0 0 0 0 0 0 0 0 0 0 0 0 0 0 0 0 0 0 0 0 0 0 0 0 0 0 0 0 0 0 0 0 0 0 0 0 0 0 0 0 0 0 0 0 0 0 0 0 0 0 0 0 0 0 0 0 0 0 0 0 0 0 0 0 0 0 0 0 148582946 0 0 0
ctxt 323698674
btime 1669654930
processes 450600
procs_running 1
procs_blocked 0
softirq 442188253 313837463 24073223 701302 17016916 318031 0 47695870 28492007 557 10052884

cpu  642802 32099 1225586 457375054 97244 0 1279485 0 0 0
cpu0 95354 9522 165474 114568110 26669 0 284674 0 0 0
cpu1 326727 10210 697812 113571539 19453 0 405964 0 0 0
cpu2 113330 2833 190600 114620778 26354 0 306922 0 0 0
cpu3 107391 9534 171698 114614626 24767 0 281924 0 0 0
intr 10224005761 0 0 2343789 81 0 584131 24591218 0 0 0 8108865 0 0 0 0 0 0 0 0 0 0 0 0 0 0 0 0 0 0 0 0 0 0 0 0 0 0 0 0 0 0 0 0 0 0 0 0 0 0 0 0 945193104 0 0 0 0 0 0 0 0 466931 0 318085 0 0 0 0 0 0 0 0 0 0 0 491619550 1 0 0 0 0 0 0 0 0 0 0 0 0 0 0 0 0 0 0 0 0 0 0 310320 4219 0 0 0 0 11947435 0 0 0 0 0 0 0 0 0 0 0 0 0 0 0 0 0 0 0 0 0 0 0 0 0 0 0 0 0 0 0 0 0 0 0 0 0 0 0 0 0 0 0 0 0 0 0 0 0 0 0 0 0 0 0 0 0 0 0 0 0 0 0 0 0 0 0 0 0 0 0 0 0 0 0 148583442 0 0 0
ctxt 323699700
btime 1669654930
processes 450600
procs_running 2
procs_blocked 0
softirq 442188343 313837471 24073240 701302 17016918 318031 0 47695891 28492034 557 10052899

cpu  642802 32099 1225588 457375247 97244 0 1279485 0 0 0
cpu0 95354 9522 165475 114568159 26669 0 284674 0 0 0
cpu1 326727 10210 697814 113571585 19453 0 405964 0 0 0
cpu2 113330 2833 190600 114620827 26354 0 306922 0 0 0
cpu3 107391 9534 171698 114614675 24767 0 281924 0 0 0
intr 10224010456 0 0 2343790 81 0 584131 24591253 0 0 0 8108870 0 0 0 0 0 0 0 0 0 0 0 0 0 0 0 0 0 0 0 0 0 0 0 0 0 0 0 0 0 0 0 0 0 0 0 0 0 0 0 0 945197100 0 0 0 0 0 0 0 0 466932 0 318085 0 0 0 0 0 0 0 0 0 0 0 491619680 1 0 0 0 0 0 0 0 0 0 0 0 0 0 0 0 0 0 0 0 0 0 0 310320 4219 0 0 0 0 11947467 0 0 0 0 0 0 0 0 0 0 0 0 0 0 0 0 0 0 0 0 0 0 0 0 0 0 0 0 0 0 0 0 0 0 0 0 0 0 0 0 0 0 0 0 0 0 0 0 0 0 0 0 0 0 0 0 0 0 0 0 0 0 0 0 0 0 0 0 0 0 0 0 0 0 0 148583936 0 0 0
ctxt 323700721
btime 1669654930
processes 450600
procs_running 1
procs_blocked 0
softirq 442188425 313837471 24073256 701302 17016920 318031 0 47695917 28492061 557 10052910

cpu  642802 32099 1225590 457375441 97244 0 1279485 0 0 0
cpu0 95354 9522 165475 114568208 26669 0 284674 0 0 0
cpu1 326727 10210 697816 113571631 19453 0 405964 0 0 0
cpu2 113330 2833 190600 114620877 26354 0 306922 0 0 0
cpu3 107391 9534 171699 114614724 24767 0 281924 0 0 0
intr 10224015178 0 0 2343790 81 0 584131 24591282 0 0 0 8108875 0 0 0 0 0 0 0 0 0 0 0 0 0 0 0 0 0 0 0 0 0 0 0 0 0 0 0 0 0 0 0 0 0 0 0 0 0 0 0 0 945201127 0 0 0 0 0 0 0 0 466933 0 318085 0 0 0 0 0 0 0 0 0 0 0 491619832 1 0 0 0 0 0 0 0 0 0 0 0 0 0 0 0 0 0 0 0 0 0 0 310320 4219 0 0 0 0 11947482 0 0 0 0 0 0 0 0 0 0 0 0 0 0 0 0 0 0 0 0 0 0 0 0 0 0 0 0 0 0 0 0 0 0 0 0 0 0 0 0 0 0 0 0 0 0 0 0 0 0 0 0 0 0 0 0 0 0 0 0 0 0 0 0 0 0 0 0 0 0 0 0 0 0 0 148584429 0 0 0
ctxt 323701731
btime 1669654930
processes 450600
procs_running 1
procs_blocked 0
softirq 442188508 313837479 24073274 701302 17016921 318031 0 47695931 28492092 557 10052921

cpu  642803 32099 1225592 457375634 97244 0 1279485 0 0 0
cpu0 95354 9522 165475 114568257 26669 0 284674 0 0 0
cpu1 326727 10210 697818 113571677 19453 0 405964 0 0 0
cpu2 113330 2833 190600 114620926 26354 0 306922 0 0 0
cpu3 107391 9534 171699 114614774 24767 0 281924 0 0 0
intr 10224019841 0 0 2343794 81 0 584131 24591307 0 0 0 8108880 0 0 0 0 0 0 0 0 0 0 0 0 0 0 0 0 0 0 0 0 0 0 0 0 0 0 0 0 0 0 0 0 0 0 0 0 0 0 0 0 945205121 0 0 0 0 0 0 0 0 466934 0 318085 0 0 0 0 0 0 0 0 0 0 0 491619962 1 0 0 0 0 0 0 0 0 0 0 0 0 0 0 0 0 0 0 0 0 0 0 310320 4219 0 0 0 0 11947497 0 0 0 0 0 0 0 0 0 0 0 0 0 0 0 0 0 0 0 0 0 0 0 0 0 0 0 0 0 0 0 0 0 0 0 0 0 0 0 0 0 0 0 0 0 0 0 0 0 0 0 0 0 0 0 0 0 0 0 0 0 0 0 0 0 0 0 0 0 0 0 0 0 0 0 148584918 0 0 0
ctxt 323702721
btime 1669654930
processes 450600
procs_running 1
procs_blocked 0
softirq 442188569 313837479 24073287 701303 17016922 318031 0 47695944 28492114 557 10052932
