cpu  764307 33748 1285366 468968003 101061 0 1586821 0 0 0
cpu0 99370 9522 172204 117501222 27644 0 360408 0 0 0
cpu1 434237 10210 736152 116362197 20420 0 490097 0 0 0
cpu2 118026 2833 198274 117558030 27273 0 379000 0 0 0
cpu3 112673 11183 178734 117546552 25721 0 357315 0 0 0
intr 10570065977 0 0 2425416 81 0 611608 26412548 0 0 0 8336100 0 0 0 0 0 0 0 0 0 0 0 0 0 0 0 0 0 0 0 0 0 0 0 0 0 0 0 0 0 0 0 0 0 0 0 0 0 0 0 0 1230080415 0 0 0 0 0 0 0 0 538820 0 345908 0 0 0 0 0 0 0 0 0 0 0 537639200 1 0 0 0 0 0 0 0 0 0 0 0 0 0 0 0 0 0 0 0 0 0 0 338143 4219 0 0 0 0 13204453 0 0 0 0 0 0 0 0 0 0 0 0 0 0 0 0 0 0 0 0 0 0 0 0 0 0 0 0 0 0 0 0 0 0 0 0 0 0 0 0 0 0 0 0 0 0 0 0 0 0 0 0 0 0 0 0 0 0 0 0 0 0 0 0 0 0 0 0 0 0 0 0 0 0 0 160194473 0 0 0
ctxt 346703825
btime 1669654930
processes 469226
procs_running 1
procs_blocked 0
softirq 548859627 389489269 25386688 713642 27882930 345847 0 62014219 30707230 557 12319245

cpu  764307 33748 1285367 468968200 101061 0 1586821 0 0 0
cpu0 99370 9522 172204 117501271 27644 0 360408 0 0 0
cpu1 434237 10210 736152 116362247 20420 0 490097 0 0 0
cpu2 118026 2833 198274 117558080 27273 0 379000 0 0 0
cpu3 112673 11183 178734 117546601 25721 0 357315 0 0 0
intr 10570070230 0 0 2425417 81 0 611609 26412583 0 0 0 8336104 0 0 0 0 0 0 0 0 0 0 0 0 0 0 0 0 0 0 0 0 0 0 0 0 0 0 0 0 0 0 0 0 0 0 0 0 0 0 0 0 1230084422 0 0 0 0 0 0 0 0 538821 0 345908 0 0 0 0 0 0 0 0 0 0 0 537639328 1 0 0 0 0 0 0 0 0 0 0 0 0 0 0 0 0 0 0 0 0 0 0 338143 4219 0 0 0 0 13204488 0 0 0 0 0 0 0 0 0 0 0 0 0 0 0 0 0 0 0 0 0 0 0 0 0 0 0 0 0 0 0 0 0 0 0 0 0 0 0 0 0 0 0 0 0 0 0 0 0 0 0 0 0 0 0 0 0 0 0 0 0 0 0 0 0 0 0 0 0 0 0 0 0 0 0 160194515 0 0 0
ctxt 346703941
btime 1669654930
processes 469226
procs_running 1
procs_blocked 0
softirq 548859719 389489269 25386707 713642 27882932 345847 0 62014248 30707259 557 12319258

cpu  764307 33748 1285367 468968397 101061 0 1586821 0 0 0
cpu0 99370 9522 172204 117501321 27644 0 360408 0 0 0
cpu1 434237 10210 736153 116362296 20420 0 490097 0 0 0
cpu2 118026 2833 198274 117558129 27273 0 379000 0 0 0
cpu3 112673 11183 178734 117546650 25721 0 357315 0 0 0
intr 10570074496 0 0 2425417 81 0 611609 26412614 0 0 0 8336109 0 0 0 0 0 0 0 0 0 0 0 0 0 0 0 0 0 0 0 0 0 0 0 0 0 0 0 0 0 0 0 0 0 0 0 0 0 0 0 0 1230088443 0 0 0 0 0 0 0 0 538822 0 345908 0 0 0 0 0 0 0 0 0 0 0 537639482 1 0 0 0 0 0 0 0 0 0 0 0 0 0 0 0 0 0 0 0 0 0 0 338143 4219 0 0 0 0 13204516 0 0 0 0 0 0 0 0 0 0 0 0 0 0 0 0 0 0 0 0 0 0 0 0 0 0 0 0 0 0 0 0 0 0 0 0 0 0 0 0 0 0 0 0 0 0 0 0 0 0 0 0 0 0 0 0 0 0 0 0 0 0 0 0 0 0 0 0 0 0 0 0 0 0 0 160194542 0 0 0
ctxt 346704063
btime 1669654930
processes 469226
procs_running 1
procs_blocked 0
softirq 548859795 389489277 25386723 713642 27882933 345847 0 62014274 30707278 557 12319264

cpu  764307 33748 1285368 468968594 101061 0 1586821 0 0 0
cpu0 99370 9522 172204 117501370 27644 0 360408 0 0 0
cpu1 434237 10210 736153 116362345 20420 0 490097 0 0 0
cpu2 118026 2833 198275 117558178 27273 0 379000 0 0 0
cpu3 112673 11183 178734 117546700 25721 0 357315 0 0 0
intr 10570078697 0 0 2425417 81 0 611609 26412634 0 0 0 8336112 0 0 0 0 0 0 0 0 0 0 0 0 0 0 0 0 0 0 0 0 0 0 0 0 0 0 0 0 0 0 0 0 0 0 0 0 0 0 0 0 1230092447 0 0 0 0 0 0 0 0 538823 0 345908 0 0 0 0 0 0 0 0 0 0 0 537639610 1 0 0 0 0 0 0 0 0 0 0 0 0 0 0 0 0 0 0 0 0 0 0 338143 4219 0 0 0 0 13204531 0 0 0 0 0 0 0 0 0 0 0 0 0 0 0 0 0 0 0 0 0 0 0 0 0 0 0 0 0 0 0 0 0 0 0 0 0 0 0 0 0 0 0 0 0 0 0 0 0 0 0 0 0 0 0 0 0 0 0 0 0 0 0 0 0 0 0 0 0 0 0 0 0 0 0 160194571 0 0 0
ctxt 346704137
btime 1669654930
processes 469226
procs_running 1
procs_blocked 0
softirq 548859852 389489277 25386737 713642 27882934 345847 0 62014287 30707296 557 12319275

cpu  764307 33748 1285369 468968791 101061 0 1586821 0 0 0
cpu0 99370 9522 172204 117501419 27644 0 360408 0 0 0
cpu1 434237 10210 736153 116362394 20420 0 490097 0 0 0
cpu2 118026 2833 198276 117558227 27273 0 379000 0 0 0
cpu3 112673 11183 178734 117546749 25721 0 357315 0 0 0
intr 10570082942 0 0 2425417 81 0 611609 26412657 0 0 0 8336116 0 0 0 0 0 0 0 0 0 0 0 0 0 0 0 0 0 0 0 0 0 0 0 0 0 0 0 0 0 0 0 0 0 0 0 0 0 0 0 0 1230096467 0 0 0 0 0 0 0 0 538824 0 345908 0 0 0 0 0 0 0 0 0 0 0 537639764 1 0 0 0 0 0 0 0 0 0 0 0 0 0 0 0 0 0 0 0 0 0 0 338143 4219 0 0 0 0 13204546 0 0 0 0 0 0 0 0 0 0 0 0 0 0 0 0 0 0 0 0 0 0 0 0 0 0 0 0 0 0 0 0 0 0 0 0 0 0 0 0 0 0 0 0 0 0 0 0 0 0 0 0 0 0 0 0 0 0 0 0 0 0 0 0 0 0 0 0 0 0 0 0 0 0 0 160194598 0 0 0
ctxt 346704229
btime 1669654930
processes 469226
procs_running 1
procs_blocked 0
softirq 548859917 389489285 25386751 713642 27882935 345847 0 62014301 30707314 557 12319285

cpu  764307 33748 1285369 468968988 101061 0 1586821 0 0 0
cpu0 99370 9522 172204 117501469 27644 0 360408 0 0 0
cpu1 434237 10210 736153 116362443 20420 0 490097 0 0 0
cpu2 118026 2833 198276 117558276 27273 0 379000 0 0 0
cpu3 112673 11183 178734 117546799 25721 0 357315 0 0 0
intr 10570087131 0 0 2425418 81 0 611609 26412673 0 0 0 8336119 0 0 0 0 0 0 0 0 0 0 0 0 0 0 0 0 0 0 0 0 0 0 0 0 0 0 0 0 0 0 0 0 0 0 0 0 0 0 0 0 1230100464 0 0 0 0 0 0 0 0 538825 0 345908 0 0 0 0 0 0 0 0 0 0 0 537639892 1 0 0 0 0 0 0 0 0 0 0 0 0 0 0 0 0 0 0 0 0 0 0 338143 4219 0 0 0 0 13204561 0 0 0 0 0 0 0 0 0 0 0 0 0 0 0 0 0 0 0 0 0 0 0 0 0 0 0 0 0 0 0 0 0 0 0 0 0 0 0 0 0 0 0 0 0 0 0 0 0 0 0 0 0 0 0 0 0 0 0 0 0 0 0 0 0 0 0 0 0 0 0 0 0 0 0 160194627 0 0 0
ctxt 346704303
btime 1669654930
processes 469226
procs_running 1
procs_blocked 0
softirq 548859975 389489285 25386766 713642 27882936 345847 0 62014314 30707333 557 12319295

cpu  764307 33748 1285369 468969185 101061 0 1586821 0 0 0
cpu0 99370 9522 172204 117501518 27644 0 360408 0 0 0
cpu1 434237 10210 736153 116362493 20420 0 490097 0 0 0
cpu2 118026 2833 198276 117558325 27273 0 379000 0 0 0
cpu3 112673 11183 178734 117546848 25721 0 357315 0 0 0
intr 10570091385 0 0 2425418 81 0 611609 26412697 0 0 0 8336123 0 0 0 0 0 0 0 0 0 0 0 0 0 0 0 0 0 0 0 0 0 0 0 0 0 0 0 0 0 0 0 0 0 0 0 0 0 0 0 0 1230104493 0 0 0 0 0 0 0 0 538826 0 345908 0 0 0 0 0 0 0 0 0 0 0 537640046 1 0 0 0 0 0 0 0 0 0 0 0 0 0 0 0 0 0 0 0 0 0 0 338143 4219 0 0 0 0 13204576 0 0 0 0 0 0 0 0 0 0 0 0 0 0 0 0 0 0 0 0 0 0 0 0 0 0 0 0 0 0 0 0 0 0 0 0 0 0 0 0 0 0 0 0 0 0 0 0 0 0 0 0 0 0 0 0 0 0 0 0 0 0 0 0 0 0 0 0 0 0 0 0 0 0 0 160194654 0 0 0
ctxt 346704391
btime 1669654930
processes 469226
procs_running 1
procs_blocked 0
softirq 548860044 389489293 25386781 713642 27882937 345847 0 62014328 30707353 557 12319306

cpu  764307 33748 1285369 468969382 101061 0 1586821 0 0 0
cpu0 99370 9522 172204 117501567 27644 0 360408 0 0 0
cpu1 434237 10210 736153 116362542 20420 0 490097 0 0 0
cpu2 118026 2833 198276 117558374 27273 0 379000 0 0 0
cpu3 112673 11183 178734 117546898 25721 0 357315 0 0 0
intr 10570095572 0 0 2425418 81 0 611609 26412717 0 0 0 8336126 0 0 0 0 0 0 0 0 0 0 0 0 0 0 0 0 0 0 0 0 0 0 0 0 0 0 0 0 0 0 0 0 0 0 0 0 0 0 0 0 1230108490 0 0 0 0 0 0 0 0 538827 0 345908 0 0 0 0 0 0 0 0 0 0 0 537640174 1 0 0 0 0 0 0 0 0 0 0 0 0 0 0 0 0 0 0 0 0 0 0 338143 4219 0 0 0 0 13204591 0 0 0 0 0 0 0 0 0 0 0 0 0 0 0 0 0 0 0 0 0 0 0 0 0 0 0 0 0 0 0 0 0 0 0 0 0 0 0 0 0 0 0 0 0 0 0 0 0 0 0 0 0 0 0 0 0 0 0 0 0 0 0 0 0 0 0 0 0 0 0 0 0 0 0 160194678 0 0 0
ctxt 346704462
btime 1669654930
processes 469226
procs_running 1
procs_blocked 0
softirq 548860093 389489293 25386793 713642 27882938 345847 0 62014341 30707368 557 12319314

cpu  764307 33748 1285370 468969579 101061 0 1586821 0 0 0
cpu0 99370 9522 172204 117501617 27644 0 360408 0 0 0
cpu1 434237 10210 736153 116362591 20420 0 490097 0 0 0
cpu2 118026 2833 198276 117558423 27273 0 379000 0 0 0
cpu3 112673 11183 178734 117546947 25721 0 357315 0 0 0
intr 10570099829 0 0 2425418 81 0 611609 26412740 0 0 0 8336129 0 0 0 0 0 0 0 0 0 0 0 0 0 0 0 0 0 0 0 0 0 0 0 0 0 0 0 0 0 0 0 0 0 0 0 0 0 0 0 0 1230112517 0 0 0 0 0 0 0 0 538828 0 345908 0 0 0 0 0 0 0 0 0 0 0 537640328 1 0 0 0 0 0 0 0 0 0 0 0 0 0 0 0 0 0 0 0 0 0 0 338143 4219 0 0 0 0 13204606 0 0 0 0 0 0 0 0 0 0 0 0 0 0 0 0 0 0 0 0 0 0 0 0 0 0 0 0 0 0 0 0 0 0 0 0 0 0 0 0 0 0 0 0 0 0 0 0 0 0 0 0 0 0 0 0 0 0 0 0 0 0 0 0 0 0 0 0 0 0 0 0 0 0 0 160194711 0 0 0
ctxt 346704563
btime 1669654930
processes 469226
procs_running 1
procs_blocked 0
softirq 548860164 389489301 25386809 713642 27882939 345847 0 62014355 30707389 557 12319325

cpu  764307 33748 1285370 468969776 101061 0 1586821 0 0 0
cpu0 99370 9522 172204 117501666 27644 0 360408 0 0 0
cpu1 434237 10210 736153 116362640 20420 0 490097 0 0 0
cpu2 118026 2833 198277 117558472 27273 0 379000 0 0 0
cpu3 112673 11183 178734 117546996 25721 0 357315 0 0 0
intr 10570104038 0 0 2425419 81 0 611609 26412762 0 0 0 8336132 0 0 0 0 0 0 0 0 0 0 0 0 0 0 0 0 0 0 0 0 0 0 0 0 0 0 0 0 0 0 0 0 0 0 0 0 0 0 0 0 1230116514 0 0 0 0 0 0 0 0 538829 0 345908 0 0 0 0 0 0 0 0 0 0 0 537640456 1 0 0 0 0 0 0 0 0 0 0 0 0 0 0 0 0 0 0 0 0 0 0 338143 4219 0 0 0 0 13204630 0 0 0 0 0 0 0 0 0 0 0 0 0 0 0 0 0 0 0 0 0 0 0 0 0 0 0 0 0 0 0 0 0 0 0 0 0 0 0 0 0 0 0 0 0 0 0 0 0 0 0 0 0 0 0 0 0 0 0 0 0 0 0 0 0 0 0 0 0 0 0 0 0 0 0 160194744 0 0 0
ctxt 346704656
btime 1669654930
processes 469226
procs_running 1
procs_blocked 0
softirq 548860232 389489301 25386824 713642 27882941 345847 0 62014376 30707409 557 12319335

cpu  764307 33748 1285371 468969973 101061 0 1586821 0 0 0
cpu0 99370 9522 172204 117501716 27644 0 360408 0 0 0
cpu1 434237 10210 736154 116362689 20420 0 490097 0 0 0
cpu2 118026 2833 198277 117558521 27273 0 379000 0 0 0
cpu3 112673 11183 178734 117547046 25721 0 357315 0 0 0
intr 10570108281 0 0 2425419 81 0 611609 26412784 0 0 0 8336134 0 0 0 0 0 0 0 0 0 0 0 0 0 0 0 0 0 0 0 0 0 0 0 0 0 0 0 0 0 0 0 0 0 0 0 0 0 0 0 0 1230120534 0 0 0 0 0 0 0 0 538830 0 345908 0 0 0 0 0 0 0 0 0 0 0 537640610 1 0 0 0 0 0 0 0 0 0 0 0 0 0 0 0 0 0 0 0 0 0 0 338143 4219 0 0 0 0 13204645 0 0 0 0 0 0 0 0 0 0 0 0 0 0 0 0 0 0 0 0 0 0 0 0 0 0 0 0 0 0 0 0 0 0 0 0 0 0 0 0 0 0 0 0 0 0 0 0 0 0 0 0 0 0 0 0 0 0 0 0 0 0 0 0 0 0 0 0 0 0 0 0 0 0 0 160194773 0 0 0
ctxt 346704756
btime 1669654930
processes 469226
procs_running 1
procs_blocked 0
softirq 548860302 389489309 25386839 713642 27882942 345847 0 62014391 30707429 557 12319346

cpu  764307 33748 1285371 468970171 101061 0 1586821 0 0 0
cpu0 99370 9522 172204 117501765 27644 0 360408 0 0 0
cpu1 434237 10210 736154 116362738 20420 0 490097 0 0 0
cpu2 118026 2833 198278 117558570 27273 0 379000 0 0 0
cpu3 112673 11183 178734 117547095 25721 0 357315 0 0 0
intr 10570112477 0 0 2425419 81 0 611609 26412802 0 0 0 8336137 0 0 0 0 0 0 0 0 0 0 0 0 0 0 0 0 0 0 0 0 0 0 0 0 0 0 0 0 0 0 0 0 0 0 0 0 0 0 0 0 1230124539 0 0 0 0 0 0 0 0 538831 0 345908 0 0 0 0 0 0 0 0 0 0 0 537640738 1 0 0 0 0 0 0 0 0 0 0 0 0 0 0 0 0 0 0 0 0 0 0 338143 4219 0 0 0 0 13204660 0 0 0 0 0 0 0 0 0 0 0 0 0 0 0 0 0 0 0 0 0 0 0 0 0 0 0 0 0 0 0 0 0 0 0 0 0 0 0 0 0 0 0 0 0 0 0 0 0 0 0 0 0 0 0 0 0 0 0 0 0 0 0 0 0 0 0 0 0 0 0 0 0 0 0 160194799 0 0 0
ctxt 346704824
btime 1669654930
processes 469226
procs_running 1
procs_blocked 0
softirq 548860355 389489309 25386852 713643 27882943 345847 0 62014404 30707445 557 12319355

cpu  764307 33748 1285371 468970368 101061 0 1586821 0 0 0
cpu0 99370 9522 172204 117501815 27644 0 360408 0 0 0
cpu1 434237 10210 736154 116362788 20420 0 490097 0 0 0
cpu2 118026 2833 198278 117558619 27273 0 379000 0 0 0
cpu3 112673 11183 178734 117547145 25721 0 357315 0 0 0
intr 10570116663 0 0 2425419 81 0 611609 26412820 0 0 0 8336140 0 0 0 0 0 0 0 0 0 0 0 0 0 0 0 0 0 0 0 0 0 0 0 0 0 0 0 0 0 0 0 0 0 0 0 0 0 0 0 0 1230128536 0 0 0 0 0 0 0 0 538832 0 345908 0 0 0 0 0 0 0 0 0 0 0 537640866 1 0 0 0 0 0 0 0 0 0 0 0 0 0 0 0 0 0 0 0 0 0 0 338143 4219 0 0 0 0 13204675 0 0 0 0 0 0 0 0 0 0 0 0 0 0 0 0 0 0 0 0 0 0 0 0 0 0 0 0 0 0 0 0 0 0 0 0 0 0 0 0 0 0 0 0 0 0 0 0 0 0 0 0 0 0 0 0 0 0 0 0 0 0 0 0 0 0 0 0 0 0 0 0 0 0 0 160194824 0 0 0
ctxt 346704896
btime 1669654930
processes 469226
procs_running 1
procs_blocked 0
softirq 548860408 389489309 25386864 713643 27882944 345847 0 62014418 30707461 557 12319365

cpu  764307 33748 1285372 468970565 101061 0 1586821 0 0 0
cpu0 99370 9522 172204 117501864 27644 0 360408 0 0 0
cpu1 434237 10210 736154 116362837 20420 0 490097 0 0 0
cpu2 118026 2833 198278 117558668 27273 0 379000 0 0 0
cpu3 112673 11183 178734 117547194 25721 0 357315 0 0 0
intr 10570120916 0 0 2425420 81 0 611609 26412842 0 0 0 8336144 0 0 0 0 0 0 0 0 0 0 0 0 0 0 0 0 0 0 0 0 0 0 0 0 0 0 0 0 0 0 0 0 0 0 0 0 0 0 0 0 1230132562 0 0 0 0 0 0 0 0 538833 0 345908 0 0 0 0 0 0 0 0 0 0 0 537641018 1 0 0 0 0 0 0 0 0 0 0 0 0 0 0 0 0 0 0 0 0 0 0 338143 4219 0 0 0 0 13204690 0 0 0 0 0 0 0 0 0 0 0 0 0 0 0 0 0 0 0 0 0 0 0 0 0 0 0 0 0 0 0 0 0 0 0 0 0 0 0 0 0 0 0 0 0 0 0 0 0 0 0 0 0 0 0 0 0 0 0 0 0 0 0 0 0 0 0 0 0 0 0 0 0 0 0 160194854 0 0 0
ctxt 346704986
btime 1669654930
processes 469226
procs_running 1
procs_blocked 0
softirq 548860478 389489317 25386878 713643 27882945 345847 0 62014431 30707481 557 12319379

cpu  764307 33748 1285372 468970762 101061 0 1586821 0 0 0
cpu0 99370 9522 172204 117501913 27644 0 360408 0 0 0
cpu1 434237 10210 736154 116362886 20420 0 490097 0 0 0
cpu2 118026 2833 198278 117558718 27273 0 379000 0 0 0
cpu3 112673 11183 178734 117547243 25721 0 357315 0 0 0
intr 10570125104 0 0 2425420 81 0 611609 26412860 0 0 0 8336148 0 0 0 0 0 0 0 0 0 0 0 0 0 0 0 0 0 0 0 0 0 0 0 0 0 0 0 0 0 0 0 0 0 0 0 0 0 0 0 0 1230136559 0 0 0 0 0 0 0 0 538834 0 345908 0 0 0 0 0 0 0 0 0 0 0 537641148 1 0 0 0 0 0 0 0 0 0 0 0 0 0 0 0 0 0 0 0 0 0 0 338143 4219 0 0 0 0 13204705 0 0 0 0 0 0 0 0 0 0 0 0 0 0 0 0 0 0 0 0 0 0 0 0 0 0 0 0 0 0 0 0 0 0 0 0 0 0 0 0 0 0 0 0 0 0 0 0 0 0 0 0 0 0 0 0 0 0 0 0 0 0 0 0 0 0 0 0 0 0 0 0 0 0 0 160194878 0 0 0
ctxt 346705060
btime 1669654930
processes 469226
procs_running 1
procs_blocked 0
softirq 548860530 389489317 25386891 713643 27882946 345847 0 62014445 30707496 557 12319388

cpu  764307 33748 1285372 468970958 101061 0 1586821 0 0 0
cpu0 99370 9522 172204 117501963 27644 0 360408 0 0 0
cpu1 434237 10210 736154 116362935 20420 0 490097 0 0 0
cpu2 118026 2833 198278 117558766 27273 0 379000 0 0 0
cpu3 112673 11183 178734 117547293 25721 0 357315 0 0 0
intr 10570129361 0 0 2425424 81 0 611609 26412888 0 0 0 8336151 0 0 0 0 0 0 0 0 0 0 0 0 0 0 0 0 0 0 0 0 0 0 0 0 0 0 0 0 0 0 0 0 0 0 0 0 0 0 0 0 1230140578 0 0 0 0 0 0 0 0 538835 0 345908 0 0 0 0 0 0 0 0 0 0 0 537641300 1 0 0 0 0 0 0 0 0 0 0 0 0 0 0 0 0 0 0 0 0 0 0 338143 4219 0 0 0 0 13204720 0 0 0 0 0 0 0 0 0 0 0 0 0 0 0 0 0 0 0 0 0 0 0 0 0 0 0 0 0 0 0 0 0 0 0 0 0 0 0 0 0 0 0 0 0 0 0 0 0 0 0 0 0 0 0 0 0 0 0 0 0 0 0 0 0 0 0 0 0 0 0 0 0 0 0 160194912 0 0 0
ctxt 346705164
btime 1669654930
processes 469226
procs_running 1
procs_blocked 0
softirq 548860594 389489325 25386904 713643 27882947 345847 0 62014459 30707513 557 12319399

cpu  764310 33748 1285376 468971148 101061 0 1586821 0 0 0
cpu0 99372 9522 172205 117502010 27644 0 360408 0 0 0
cpu1 434237 10210 736155 116362982 20420 0 490097 0 0 0
cpu2 118026 2833 198280 117558813 27273 0 379000 0 0 0
cpu3 112674 11183 178734 117547341 25721 0 357315 0 0 0
intr 10570133750 0 0 2425430 81 0 611622 26412953 0 0 0 8336156 0 0 0 0 0 0 0 0 0 0 0 0 0 0 0 0 0 0 0 0 0 0 0 0 0 0 0 0 0 0 0 0 0 0 0 0 0 0 0 0 1230144583 0 0 0 0 0 0 0 0 538836 0 345908 0 0 0 0 0 0 0 0 0 0 0 537641430 1 0 0 0 0 0 0 0 0 0 0 0 0 0 0 0 0 0 0 0 0 0 0 338143 4219 0 0 0 0 13204752 0 0 0 0 0 0 0 0 0 0 0 0 0 0 0 0 0 0 0 0 0 0 0 0 0 0 0 0 0 0 0 0 0 0 0 0 0 0 0 0 0 0 0 0 0 0 0 0 0 0 0 0 0 0 0 0 0 0 0 0 0 0 0 0 0 0 0 0 0 0 0 0 0 0 0 160195044 0 0 0
ctxt 346705400
btime 1669654930
processes 469237
procs_running 1
procs_blocked 0
softirq 548860800 389489325 25386936 713643 27882950 345847 0 62014486 30707589 557 12319467

cpu  764310 33748 1285376 468971345 101061 0 1586822 0 0 0
cpu0 99372 9522 172205 117502059 27644 0 360408 0 0 0
cpu1 434237 10210 736155 116363031 20420 0 490097 0 0 0
cpu2 118026 2833 198280 117558863 27273 0 379000 0 0 0
cpu3 112674 11183 178734 117547391 25721 0 357315 0 0 0
intr 10570138021 0 0 2425430 81 0 611622 26412987 0 0 0 8336159 0 0 0 0 0 0 0 0 0 0 0 0 0 0 0 0 0 0 0 0 0 0 0 0 0 0 0 0 0 0 0 0 0 0 0 0 0 0 0 0 1230148604 0 0 0 0 0 0 0 0 538837 0 345908 0 0 0 0 0 0 0 0 0 0 0 537641582 1 0 0 0 0 0 0 0 0 0 0 0 0 0 0 0 0 0 0 0 0 0 0 338143 4219 0 0 0 0 13204774 0 0 0 0 0 0 0 0 0 0 0 0 0 0 0 0 0 0 0 0 0 0 0 0 0 0 0 0 0 0 0 0 0 0 0 0 0 0 0 0 0 0 0 0 0 0 0 0 0 0 0 0 0 0 0 0 0 0 0 0 0 0 0 0 0 0 0 0 0 0 0 0 0 0 0 160195083 0 0 0
ctxt 346705521
btime 1669654930
processes 469237
procs_running 1
procs_blocked 0
softirq 548860889 389489333 25386953 713643 27882951 345847 0 62014508 30707612 557 12319485

cpu  764310 33748 1285377 468971542 101061 0 1586822 0 0 0
cpu0 99372 9522 172205 117502109 27644 0 360408 0 0 0
cpu1 434237 10210 736155 116363080 20420 0 490097 0 0 0
cpu2 118026 2833 198281 117558912 27273 0 379000 0 0 0
cpu3 112674 11183 178734 117547440 25721 0 357315 0 0 0
intr 10570142242 0 0 2425431 81 0 611622 26413012 0 0 0 8336163 0 0 0 0 0 0 0 0 0 0 0 0 0 0 0 0 0 0 0 0 0 0 0 0 0 0 0 0 0 0 0 0 0 0 0 0 0 0 0 0 1230152609 0 0 0 0 0 0 0 0 538838 0 345908 0 0 0 0 0 0 0 0 0 0 0 537641712 1 0 0 0 0 0 0 0 0 0 0 0 0 0 0 0 0 0 0 0 0 0 0 338143 4219 0 0 0 0 13204796 0 0 0 0 0 0 0 0 0 0 0 0 0 0 0 0 0 0 0 0 0 0 0 0 0 0 0 0 0 0 0 0 0 0 0 0 0 0 0 0 0 0 0 0 0 0 0 0 0 0 0 0 0 0 0 0 0 0 0 0 0 0 0 0 0 0 0 0 0 0 0 0 0 0 0 160195116 0 0 0
ctxt 346705615
btime 1669654930
processes 469237
procs_running 1
procs_blocked 0
softirq 548860959 389489333 25386970 713643 27882953 345847 0 62014528 30707631 557 12319497

cpu  764310 33748 1285377 468971739 101061 0 1586822 0 0 0
cpu0 99372 9522 172206 117502157 27644 0 360408 0 0 0
cpu1 434237 10210 736155 116363130 20420 0 490097 0 0 0
cpu2 118026 2833 198281 117558961 27273 0 379000 0 0 0
cpu3 112674 11183 178734 117547490 25721 0 357315 0 0 0
intr 10570146487 0 0 2425431 81 0 611622 26413040 0 0 0 8336166 0 0 0 0 0 0 0 0 0 0 0 0 0 0 0 0 0 0 0 0 0 0 0 0 0 0 0 0 0 0 0 0 0 0 0 0 0 0 0 0 1230156629 0 0 0 0 0 0 0 0 538839 0 345908 0 0 0 0 0 0 0 0 0 0 0 537641864 1 0 0 0 0 0 0 0 0 0 0 0 0 0 0 0 0 0 0 0 0 0 0 338143 4219 0 0 0 0 13204811 0 0 0 0 0 0 0 0 0 0 0 0 0 0 0 0 0 0 0 0 0 0 0 0 0 0 0 0 0 0 0 0 0 0 0 0 0 0 0 0 0 0 0 0 0 0 0 0 0 0 0 0 0 0 0 0 0 0 0 0 0 0 0 0 0 0 0 0 0 0 0 0 0 0 0 160195144 0 0 0
ctxt 346705716
btime 1669654930
processes 469237
procs_running 1
procs_blocked 0
softirq 548861021 389489341 25386985 713643 27882954 345847 0 62014541 30707645 557 12319508

cpu  764310 33748 1285378 468971936 101061 0 1586822 0 0 0
cpu0 99372 9522 172206 117502206 27644 0 360408 0 0 0
cpu1 434237 10210 736155 116363179 20420 0 490097 0 0 0
cpu2 118026 2833 198281 117559010 27273 0 379000 0 0 0
cpu3 112674 11183 178734 117547539 25721 0 357315 0 0 0
intr 10570150712 0 0 2425431 81 0 611622 26413070 0 0 0 8336170 0 0 0 0 0 0 0 0 0 0 0 0 0 0 0 0 0 0 0 0 0 0 0 0 0 0 0 0 0 0 0 0 0 0 0 0 0 0 0 0 1230160633 0 0 0 0 0 0 0 0 538840 0 345908 0 0 0 0 0 0 0 0 0 0 0 537641994 1 0 0 0 0 0 0 0 0 0 0 0 0 0 0 0 0 0 0 0 0 0 0 338143 4219 0 0 0 0 13204833 0 0 0 0 0 0 0 0 0 0 0 0 0 0 0 0 0 0 0 0 0 0 0 0 0 0 0 0 0 0 0 0 0 0 0 0 0 0 0 0 0 0 0 0 0 0 0 0 0 0 0 0 0 0 0 0 0 0 0 0 0 0 0 0 0 0 0 0 0 0 0 0 0 0 0 160195175 0 0 0
ctxt 346705815
btime 1669654930
processes 469237
procs_running 1
procs_blocked 0
softirq 548861089 389489341 25387001 713643 27882956 345847 0 62014561 30707665 557 12319518

cpu  764310 33748 1285379 468972132 101061 0 1586822 0 0 0
cpu0 99372 9522 172206 117502255 27644 0 360408 0 0 0
cpu1 434237 10210 736156 116363228 20420 0 490097 0 0 0
cpu2 118026 2833 198282 117559059 27273 0 379000 0 0 0
cpu3 112674 11183 178734 117547588 25721 0 357315 0 0 0
intr 10570154997 0 0 2425431 81 0 611622 26413109 0 0 0 8336173 0 0 0 0 0 0 0 0 0 0 0 0 0 0 0 0 0 0 0 0 0 0 0 0 0 0 0 0 0 0 0 0 0 0 0 0 0 0 0 0 1230164655 0 0 0 0 0 0 0 0 538841 0 345908 0 0 0 0 0 0 0 0 0 0 0 537642146 1 0 0 0 0 0 0 0 0 0 0 0 0 0 0 0 0 0 0 0 0 0 0 338143 4219 0 0 0 0 13204865 0 0 0 0 0 0 0 0 0 0 0 0 0 0 0 0 0 0 0 0 0 0 0 0 0 0 0 0 0 0 0 0 0 0 0 0 0 0 0 0 0 0 0 0 0 0 0 0 0 0 0 0 0 0 0 0 0 0 0 0 0 0 0 0 0 0 0 0 0 0 0 0 0 0 0 160195212 0 0 0
ctxt 346705950
btime 1669654930
processes 469237
procs_running 1
procs_blocked 0
softirq 548861180 389489349 25387019 713644 27882958 345847 0 62014588 30707688 557 12319530

cpu  764310 33748 1285379 468972329 101061 0 1586822 0 0 0
cpu0 99372 9522 172206 117502305 27644 0 360409 0 0 0
cpu1 434237 10210 736156 116363277 20420 0 490097 0 0 0
cpu2 118026 2833 198282 117559108 27273 0 379000 0 0 0
cpu3 112674 11183 178734 117547638 25721 0 357315 0 0 0
intr 10570159190 0 0 2425432 81 0 611622 26413129 0 0 0 8336176 0 0 0 0 0 0 0 0 0 0 0 0 0 0 0 0 0 0 0 0 0 0 0 0 0 0 0 0 0 0 0 0 0 0 0 0 0 0 0 0 1230168651 0 0 0 0 0 0 0 0 538842 0 345908 0 0 0 0 0 0 0 0 0 0 0 537642276 1 0 0 0 0 0 0 0 0 0 0 0 0 0 0 0 0 0 0 0 0 0 0 338143 4219 0 0 0 0 13204880 0 0 0 0 0 0 0 0 0 0 0 0 0 0 0 0 0 0 0 0 0 0 0 0 0 0 0 0 0 0 0 0 0 0 0 0 0 0 0 0 0 0 0 0 0 0 0 0 0 0 0 0 0 0 0 0 0 0 0 0 0 0 0 0 0 0 0 0 0 0 0 0 0 0 0 160195239 0 0 0
ctxt 346706029
btime 1669654930
processes 469237
procs_running 1
procs_blocked 0
softirq 548861234 389489349 25387032 713644 27882959 345847 0 62014602 30707703 557 12319541

cpu  764310 33748 1285379 468972526 101061 0 1586822 0 0 0
cpu0 99372 9522 172206 117502354 27644 0 360409 0 0 0
cpu1 434237 10210 736156 116363326 20420 0 490097 0 0 0
cpu2 118026 2833 198282 117559158 27273 0 379000 0 0 0
cpu3 112674 11183 178734 117547687 25721 0 357315 0 0 0
intr 10570163478 0 0 2425432 81 0 611622 26413170 0 0 0 8336180 0 0 0 0 0 0 0 0 0 0 0 0 0 0 0 0 0 0 0 0 0 0 0 0 0 0 0 0 0 0 0 0 0 0 0 0 0 0 0 0 1230172679 0 0 0 0 0 0 0 0 538843 0 345908 0 0 0 0 0 0 0 0 0 0 0 537642428 1 0 0 0 0 0 0 0 0 0 0 0 0 0 0 0 0 0 0 0 0 0 0 338143 4219 0 0 0 0 13204912 0 0 0 0 0 0 0 0 0 0 0 0 0 0 0 0 0 0 0 0 0 0 0 0 0 0 0 0 0 0 0 0 0 0 0 0 0 0 0 0 0 0 0 0 0 0 0 0 0 0 0 0 0 0 0 0 0 0 0 0 0 0 0 0 0 0 0 0 0 0 0 0 0 0 0 160195268 0 0 0
ctxt 346706157
btime 1669654930
processes 469237
procs_running 1
procs_blocked 0
softirq 548861316 389489357 25387048 713644 27882961 345847 0 62014629 30707722 557 12319551

cpu  764310 33748 1285380 468972723 101061 0 1586822 0 0 0
cpu0 99372 9522 172206 117502403 27644 0 360409 0 0 0
cpu1 434237 10210 736156 116363375 20420 0 490097 0 0 0
cpu2 118026 2833 198282 117559207 27273 0 379000 0 0 0
cpu3 112674 11183 178734 117547737 25721 0 357315 0 0 0
intr 10570167703 0 0 2425432 81 0 611622 26413204 0 0 0 8336183 0 0 0 0 0 0 0 0 0 0 0 0 0 0 0 0 0 0 0 0 0 0 0 0 0 0 0 0 0 0 0 0 0 0 0 0 0 0 0 0 1230176675 0 0 0 0 0 0 0 0 538844 0 345908 0 0 0 0 0 0 0 0 0 0 0 537642558 1 0 0 0 0 0 0 0 0 0 0 0 0 0 0 0 0 0 0 0 0 0 0 338143 4219 0 0 0 0 13204944 0 0 0 0 0 0 0 0 0 0 0 0 0 0 0 0 0 0 0 0 0 0 0 0 0 0 0 0 0 0 0 0 0 0 0 0 0 0 0 0 0 0 0 0 0 0 0 0 0 0 0 0 0 0 0 0 0 0 0 0 0 0 0 0 0 0 0 0 0 0 0 0 0 0 0 160195298 0 0 0
ctxt 346706264
btime 1669654930
processes 469237
procs_running 1
procs_blocked 0
softirq 548861393 389489357 25387064 713644 27882963 345847 0 62014657 30707742 557 12319562

cpu  764310 33748 1285380 468972920 101061 0 1586823 0 0 0
cpu0 99372 9522 172206 117502452 27644 0 360409 0 0 0
cpu1 434237 10210 736156 116363424 20420 0 490097 0 0 0
cpu2 118026 2833 198282 117559256 27273 0 379000 0 0 0
cpu3 112674 11183 178734 117547786 25721 0 357315 0 0 0
intr 10570172062 0 0 2425432 81 0 611622 26413244 0 0 0 8336186 0 0 0 0 0 0 0 0 0 0 0 0 0 0 0 0 0 0 0 0 0 0 0 0 0 0 0 0 0 0 0 0 0 0 0 0 0 0 0 0 1230180732 0 0 0 0 0 0 0 0 538845 0 345908 0 0 0 0 0 0 0 0 0 0 0 537642742 1 0 0 0 0 0 0 0 0 0 0 0 0 0 0 0 0 0 0 0 0 0 0 338143 4219 0 0 0 0 13204976 0 0 0 0 0 0 0 0 0 0 0 0 0 0 0 0 0 0 0 0 0 0 0 0 0 0 0 0 0 0 0 0 0 0 0 0 0 0 0 0 0 0 0 0 0 0 0 0 0 0 0 0 0 0 0 0 0 0 0 0 0 0 0 0 0 0 0 0 0 0 0 0 0 0 0 160195340 0 0 0
ctxt 346706401
btime 1669654930
processes 469237
procs_running 1
procs_blocked 0
softirq 548861580 389489446 25387083 713644 27882967 345847 0 62014686 30707768 557 12319582

cpu  764310 33748 1285380 468973116 101061 0 1586823 0 0 0
cpu0 99372 9522 172206 117502501 27644 0 360409 0 0 0
cpu1 434237 10210 736156 116363473 20420 0 490097 0 0 0
cpu2 118026 2833 198282 117559305 27273 0 379000 0 0 0
cpu3 112674 11183 178734 117547836 25721 0 357315 0 0 0
intr 10570176290 0 0 2425433 81 0 611622 26413276 0 0 0 8336189 0 0 0 0 0 0 0 0 0 0 0 0 0 0 0 0 0 0 0 0 0 0 0 0 0 0 0 0 0 0 0 0 0 0 0 0 0 0 0 0 1230184728 0 0 0 0 0 0 0 0 538846 0 345908 0 0 0 0 0 0 0 0 0 0 0 537642872 1 0 0 0 0 0 0 0 0 0 0 0 0 0 0 0 0 0 0 0 0 0 0 338143 4219 0 0 0 0 13205008 0 0 0 0 0 0 0 0 0 0 0 0 0 0 0 0 0 0 0 0 0 0 0 0 0 0 0 0 0 0 0 0 0 0 0 0 0 0 0 0 0 0 0 0 0 0 0 0 0 0 0 0 0 0 0 0 0 0 0 0 0 0 0 0 0 0 0 0 0 0 0 0 0 0 0 160195373 0 0 0
ctxt 346706511
btime 1669654930
processes 469237
procs_running 1
procs_blocked 0
softirq 548861656 389489446 25387099 713644 27882969 345847 0 62014714 30707787 557 12319593

cpu  764310 33748 1285380 468973313 101061 0 1586823 0 0 0
cpu0 99372 9522 172206 117502550 27644 0 360409 0 0 0
cpu1 434237 10210 736156 116363522 20420 0 490098 0 0 0
cpu2 118026 2833 198283 117559355 27273 0 379000 0 0 0
cpu3 112674 11183 178734 117547885 25721 0 357315 0 0 0
intr 10570180644 0 0 2425433 81 0 611622 26413318 0 0 0 8336193 0 0 0 0 0 0 0 0 0 0 0 0 0 0 0 0 0 0 0 0 0 0 0 0 0 0 0 0 0 0 0 0 0 0 0 0 0 0 0 0 1230188785 0 0 0 0 0 0 0 0 538847 0 345908 0 0 0 0 0 0 0 0 0 0 0 537643056 1 0 0 0 0 0 0 0 0 0 0 0 0 0 0 0 0 0 0 0 0 0 0 338143 4219 0 0 0 0 13205040 0 0 0 0 0 0 0 0 0 0 0 0 0 0 0 0 0 0 0 0 0 0 0 0 0 0 0 0 0 0 0 0 0 0 0 0 0 0 0 0 0 0 0 0 0 0 0 0 0 0 0 0 0 0 0 0 0 0 0 0 0 0 0 0 0 0 0 0 0 0 0 0 0 0 0 160195407 0 0 0
ctxt 346706649
btime 1669654930
processes 469237
procs_running 1
procs_blocked 0
softirq 548861878 389489578 25387116 713644 27882973 345847 0 62014743 30707811 557 12319609

cpu  764310 33748 1285381 468973509 101061 0 1586823 0 0 0
cpu0 99372 9522 172206 117502599 27644 0 360409 0 0 0
cpu1 434237 10210 736156 116363571 20420 0 490098 0 0 0
cpu2 118026 2833 198283 117559404 27273 0 379000 0 0 0
cpu3 112674 11183 178734 117547934 25721 0 357315 0 0 0
intr 10570184885 0 0 2425433 81 0 611622 26413358 0 0 0 8336197 0 0 0 0 0 0 0 0 0 0 0 0 0 0 0 0 0 0 0 0 0 0 0 0 0 0 0 0 0 0 0 0 0 0 0 0 0 0 0 0 1230192781 0 0 0 0 0 0 0 0 538848 0 345908 0 0 0 0 0 0 0 0 0 0 0 537643186 1 0 0 0 0 0 0 0 0 0 0 0 0 0 0 0 0 0 0 0 0 0 0 338143 4219 0 0 0 0 13205077 0 0 0 0 0 0 0 0 0 0 0 0 0 0 0 0 0 0 0 0 0 0 0 0 0 0 0 0 0 0 0 0 0 0 0 0 0 0 0 0 0 0 0 0 0 0 0 0 0 0 0 0 0 0 0 0 0 0 0 0 0 0 0 0 0 0 0 0 0 0 0 0 0 0 0 160195441 0 0 0
ctxt 346706778
btime 1669654930
processes 469237
procs_running 1
procs_blocked 0
softirq 548861959 389489578 25387132 713644 27882975 345847 0 62014776 30707832 557 12319618

cpu  764310 33748 1285382 468973706 101061 0 1586823 0 0 0
cpu0 99372 9522 172207 117502648 27644 0 360409 0 0 0
cpu1 434237 10210 736156 116363620 20420 0 490098 0 0 0
cpu2 118026 2833 198283 117559454 27273 0 379000 0 0 0
cpu3 112674 11183 178734 117547984 25721 0 357315 0 0 0
intr 10570189163 0 0 2425433 81 0 611622 26413394 0 0 0 8336201 0 0 0 0 0 0 0 0 0 0 0 0 0 0 0 0 0 0 0 0 0 0 0 0 0 0 0 0 0 0 0 0 0 0 0 0 0 0 0 0 1230196807 0 0 0 0 0 0 0 0 538849 0 345908 0 0 0 0 0 0 0 0 0 0 0 537643338 1 0 0 0 0 0 0 0 0 0 0 0 0 0 0 0 0 0 0 0 0 0 0 338143 4219 0 0 0 0 13205106 0 0 0 0 0 0 0 0 0 0 0 0 0 0 0 0 0 0 0 0 0 0 0 0 0 0 0 0 0 0 0 0 0 0 0 0 0 0 0 0 0 0 0 0 0 0 0 0 0 0 0 0 0 0 0 0 0 0 0 0 0 0 0 0 0 0 0 0 0 0 0 0 0 0 0 160195470 0 0 0
ctxt 346706907
btime 1669654930
processes 469237
procs_running 1
procs_blocked 0
softirq 548862032 389489586 25387144 713644 27882977 345847 0 62014799 30707848 557 12319630

cpu  764310 33748 1285383 468973903 101061 0 1586823 0 0 0
cpu0 99372 9522 172207 117502697 27644 0 360409 0 0 0
cpu1 434237 10210 736156 116363668 20420 0 490098 0 0 0
cpu2 118026 2833 198284 117559503 27273 0 379000 0 0 0
cpu3 112674 11183 178734 117548033 25721 0 357315 0 0 0
intr 10570193478 0 0 2425434 81 0 611622 26413435 0 0 0 8336205 0 0 0 0 0 0 0 0 0 0 0 0 0 0 0 0 0 0 0 0 0 0 0 0 0 0 0 0 0 0 0 0 0 0 0 0 0 0 0 0 1230200833 0 0 0 0 0 0 0 0 538850 0 345908 0 0 0 0 0 0 0 0 0 0 0 537643500 1 0 0 0 0 0 0 0 0 0 0 0 0 0 0 0 0 0 0 0 0 0 0 338143 4219 0 0 0 0 13205143 0 0 0 0 0 0 0 0 0 0 0 0 0 0 0 0 0 0 0 0 0 0 0 0 0 0 0 0 0 0 0 0 0 0 0 0 0 0 0 0 0 0 0 0 0 0 0 0 0 0 0 0 0 0 0 0 0 0 0 0 0 0 0 0 0 0 0 0 0 0 0 0 0 0 0 160195513 0 0 0
ctxt 346707042
btime 1669654930
processes 469237
procs_running 1
procs_blocked 0
softirq 548862225 389489676 25387163 713644 27882982 345847 0 62014834 30707875 557 12319647

cpu  764310 33748 1285383 468974099 101061 0 1586823 0 0 0
cpu0 99372 9522 172208 117502746 27644 0 360409 0 0 0
cpu1 434237 10210 736156 116363717 20420 0 490098 0 0 0
cpu2 118026 2833 198284 117559552 27273 0 379000 0 0 0
cpu3 112674 11183 178734 117548082 25721 0 357315 0 0 0
intr 10570197764 0 0 2425434 81 0 611622 26413470 0 0 0 8336209 0 0 0 0 0 0 0 0 0 0 0 0 0 0 0 0 0 0 0 0 0 0 0 0 0 0 0 0 0 0 0 0 0 0 0 0 0 0 0 0 1230204860 0 0 0 0 0 0 0 0 538851 0 345908 0 0 0 0 0 0 0 0 0 0 0 537643652 1 0 0 0 0 0 0 0 0 0 0 0 0 0 0 0 0 0 0 0 0 0 0 338143 4219 0 0 0 0 13205175 0 0 0 0 0 0 0 0 0 0 0 0 0 0 0 0 0 0 0 0 0 0 0 0 0 0 0 0 0 0 0 0 0 0 0 0 0 0 0 0 0 0 0 0 0 0 0 0 0 0 0 0 0 0 0 0 0 0 0 0 0 0 0 0 0 0 0 0 0 0 0 0 0 0 0 160195548 0 0 0
ctxt 346707189
btime 1669654930
processes 469237
procs_running 1
procs_blocked 0
softirq 548862316 389489684 25387183 713645 27882984 345847 0 62014864 30707895 557 12319657

cpu  764310 33748 1285384 468974296 101061 0 1586823 0 0 0
cpu0 99372 9522 172208 117502795 27644 0 360409 0 0 0
cpu1 434237 10210 736156 116363767 20420 0 490098 0 0 0
cpu2 118026 2833 198284 117559601 27273 0 379000 0 0 0
cpu3 112674 11183 178734 117548132 25721 0 357315 0 0 0
intr 10570201955 0 0 2425434 81 0 611622 26413489 0 0 0 8336213 0 0 0 0 0 0 0 0 0 0 0 0 0 0 0 0 0 0 0 0 0 0 0 0 0 0 0 0 0 0 0 0 0 0 0 0 0 0 0 0 1230208856 0 0 0 0 0 0 0 0 538852 0 345908 0 0 0 0 0 0 0 0 0 0 0 537643782 1 0 0 0 0 0 0 0 0 0 0 0 0 0 0 0 0 0 0 0 0 0 0 338143 4219 0 0 0 0 13205190 0 0 0 0 0 0 0 0 0 0 0 0 0 0 0 0 0 0 0 0 0 0 0 0 0 0 0 0 0 0 0 0 0 0 0 0 0 0 0 0 0 0 0 0 0 0 0 0 0 0 0 0 0 0 0 0 0 0 0 0 0 0 0 0 0 0 0 0 0 0 0 0 0 0 0 160195573 0 0 0
ctxt 346707258
btime 1669654930
processes 469237
procs_running 1
procs_blocked 0
softirq 548862367 389489684 25387195 713645 27882985 345847 0 62014877 30707910 557 12319667

cpu  764310 33748 1285384 468974492 101061 0 1586824 0 0 0
cpu0 99372 9522 172208 117502844 27644 0 360409 0 0 0
cpu1 434237 10210 736156 116363815 20420 0 490098 0 0 0
cpu2 118026 2833 198284 117559650 27273 0 379000 0 0 0
cpu3 112674 11183 178734 117548181 25721 0 357315 0 0 0
intr 10570206393 0 0 2425434 81 0 611622 26413566 0 0 0 8336217 0 0 0 0 0 0 0 0 0 0 0 0 0 0 0 0 0 0 0 0 0 0 0 0 0 0 0 0 0 0 0 0 0 0 0 0 0 0 0 0 1230212905 0 0 0 0 0 0 0 0 538853 0 345908 0 0 0 0 0 0 0 0 0 0 0 537643964 1 0 0 0 0 0 0 0 0 0 0 0 0 0 0 0 0 0 0 0 0 0 0 338143 4219 0 0 0 0 13205267 0 0 0 0 0 0 0 0 0 0 0 0 0 0 0 0 0 0 0 0 0 0 0 0 0 0 0 0 0 0 0 0 0 0 0 0 0 0 0 0 0 0 0 0 0 0 0 0 0 0 0 0 0 0 0 0 0 0 0 0 0 0 0 0 0 0 0 0 0 0 0 0 0 0 0 160195621 0 0 0
ctxt 346707501
btime 1669654930
processes 469237
procs_running 1
procs_blocked 0
softirq 548862635 389489803 25387217 713645 27882995 345847 0 62014943 30707940 557 12319688

cpu  764310 33748 1285384 468974688 101061 0 1586824 0 0 0
cpu0 99372 9522 172208 117502893 27644 0 360409 0 0 0
cpu1 434237 10210 736156 116363864 20420 0 490098 0 0 0
cpu2 118026 2833 198284 117559700 27273 0 379000 0 0 0
cpu3 112674 11183 178734 117548230 25721 0 357315 0 0 0
intr 10570210693 0 0 2425435 81 0 611623 26413626 0 0 0 8336221 0 0 0 0 0 0 0 0 0 0 0 0 0 0 0 0 0 0 0 0 0 0 0 0 0 0 0 0 0 0 0 0 0 0 0 0 0 0 0 0 1230216911 0 0 0 0 0 0 0 0 538854 0 345908 0 0 0 0 0 0 0 0 0 0 0 537644094 1 0 0 0 0 0 0 0 0 0 0 0 0 0 0 0 0 0 0 0 0 0 0 338143 4219 0 0 0 0 13205319 0 0 0 0 0 0 0 0 0 0 0 0 0 0 0 0 0 0 0 0 0 0 0 0 0 0 0 0 0 0 0 0 0 0 0 0 0 0 0 0 0 0 0 0 0 0 0 0 0 0 0 0 0 0 0 0 0 0 0 0 0 0 0 0 0 0 0 0 0 0 0 0 0 0 0 160195667 0 0 0
ctxt 346707667
btime 1669654930
processes 469237
procs_running 1
procs_blocked 0
softirq 548862750 389489803 25387237 713645 27882998 345847 0 62014987 30707972 557 12319704

cpu  764310 33748 1285385 468974885 101061 0 1586824 0 0 0
cpu0 99372 9522 172208 117502942 27644 0 360409 0 0 0
cpu1 434237 10210 736156 116363913 20420 0 490098 0 0 0
cpu2 118026 2833 198284 117559749 27273 0 379000 0 0 0
cpu3 112674 11183 178734 117548279 25721 0 357315 0 0 0
intr 10570214996 0 0 2425439 81 0 611623 26413664 0 0 0 8336225 0 0 0 0 0 0 0 0 0 0 0 0 0 0 0 0 0 0 0 0 0 0 0 0 0 0 0 0 0 0 0 0 0 0 0 0 0 0 0 0 1230220931 0 0 0 0 0 0 0 0 538855 0 345908 0 0 0 0 0 0 0 0 0 0 0 537644246 1 0 0 0 0 0 0 0 0 0 0 0 0 0 0 0 0 0 0 0 0 0 0 338143 4219 0 0 0 0 13205351 0 0 0 0 0 0 0 0 0 0 0 0 0 0 0 0 0 0 0 0 0 0 0 0 0 0 0 0 0 0 0 0 0 0 0 0 0 0 0 0 0 0 0 0 0 0 0 0 0 0 0 0 0 0 0 0 0 0 0 0 0 0 0 0 0 0 0 0 0 0 0 0 0 0 0 160195718 0 0 0
ctxt 346707820
btime 1669654930
processes 469237
procs_running 1
procs_blocked 0
softirq 548862857 389489811 25387256 713645 27883000 345847 0 62015016 30708000 557 12319725

cpu  764310 33748 1285385 468975081 101061 0 1586824 0 0 0
cpu0 99372 9522 172209 117502991 27644 0 360409 0 0 0
cpu1 434237 10210 736156 116363962 20420 0 490098 0 0 0
cpu2 118027 2833 198284 117559798 27273 0 379001 0 0 0
cpu3 112674 11183 178734 117548329 25721 0 357315 0 0 0
intr 10570219302 0 0 2425439 81 0 611623 26413696 0 0 0 8336229 0 0 0 0 0 0 0 0 0 0 0 0 0 0 0 0 0 0 0 0 0 0 0 0 0 0 0 0 0 0 0 0 0 0 0 0 0 0 0 0 1230224966 0 0 0 0 0 0 0 0 538856 0 345908 0 0 0 0 0 0 0 0 0 0 0 537644408 1 0 0 0 0 0 0 0 0 0 0 0 0 0 0 0 0 0 0 0 0 0 0 338143 4219 0 0 0 0 13205383 0 0 0 0 0 0 0 0 0 0 0 0 0 0 0 0 0 0 0 0 0 0 0 0 0 0 0 0 0 0 0 0 0 0 0 0 0 0 0 0 0 0 0 0 0 0 0 0 0 0 0 0 0 0 0 0 0 0 0 0 0 0 0 0 0 0 0 0 0 0 0 0 0 0 0 160195758 0 0 0
ctxt 346707945
btime 1669654930
processes 469237
procs_running 1
procs_blocked 0
softirq 548863086 389489952 25387272 713645 27883004 345847 0 62015044 30708025 557 12319740

cpu  764310 33748 1285386 468975278 101061 0 1586824 0 0 0
cpu0 99372 9522 172209 117503040 27644 0 360409 0 0 0
cpu1 434237 10210 736157 116364011 20420 0 490098 0 0 0
cpu2 118027 2833 198284 117559848 27273 0 379001 0 0 0
cpu3 112674 11183 178734 117548378 25721 0 357315 0 0 0
intr 10570223588 0 0 2425439 81 0 611623 26413738 0 0 0 8336233 0 0 0 0 0 0 0 0 0 0 0 0 0 0 0 0 0 0 0 0 0 0 0 0 0 0 0 0 0 0 0 0 0 0 0 0 0 0 0 0 1230228986 0 0 0 0 0 0 0 0 538857 0 345908 0 0 0 0 0 0 0 0 0 0 0 537644560 1 0 0 0 0 0 0 0 0 0 0 0 0 0 0 0 0 0 0 0 0 0 0 338143 4219 0 0 0 0 13205415 0 0 0 0 0 0 0 0 0 0 0 0 0 0 0 0 0 0 0 0 0 0 0 0 0 0 0 0 0 0 0 0 0 0 0 0 0 0 0 0 0 0 0 0 0 0 0 0 0 0 0 0 0 0 0 0 0 0 0 0 0 0 0 0 0 0 0 0 0 0 0 0 0 0 0 160195793 0 0 0
ctxt 346708089
btime 1669654930
processes 469237
procs_running 1
procs_blocked 0
softirq 548863172 389489960 25387288 713645 27883006 345847 0 62015072 30708045 557 12319752

cpu  764310 33748 1285386 468975474 101061 0 1586824 0 0 0
cpu0 99372 9522 172209 117503089 27644 0 360409 0 0 0
cpu1 434237 10210 736157 116364060 20420 0 490098 0 0 0
cpu2 118027 2833 198285 117559897 27273 0 379001 0 0 0
cpu3 112674 11183 178734 117548427 25721 0 357315 0 0 0
intr 10570227905 0 0 2425440 81 0 611623 26413774 0 0 0 8336237 0 0 0 0 0 0 0 0 0 0 0 0 0 0 0 0 0 0 0 0 0 0 0 0 0 0 0 0 0 0 0 0 0 0 0 0 0 0 0 0 1230233022 0 0 0 0 0 0 0 0 538858 0 345908 0 0 0 0 0 0 0 0 0 0 0 537644722 1 0 0 0 0 0 0 0 0 0 0 0 0 0 0 0 0 0 0 0 0 0 0 338143 4219 0 0 0 0 13205447 0 0 0 0 0 0 0 0 0 0 0 0 0 0 0 0 0 0 0 0 0 0 0 0 0 0 0 0 0 0 0 0 0 0 0 0 0 0 0 0 0 0 0 0 0 0 0 0 0 0 0 0 0 0 0 0 0 0 0 0 0 0 0 0 0 0 0 0 0 0 0 0 0 0 0 160195839 0 0 0
ctxt 346708220
btime 1669654930
processes 469237
procs_running 1
procs_blocked 0
softirq 548863332 389490022 25387305 713645 27883011 345847 0 62015102 30708072 557 12319771

cpu  764310 33748 1285386 468975671 101061 0 1586824 0 0 0
cpu0 99372 9522 172209 117503138 27644 0 360409 0 0 0
cpu1 434237 10210 736157 116364109 20420 0 490098 0 0 0
cpu2 118027 2833 198285 117559946 27273 0 379001 0 0 0
cpu3 112674 11183 178734 117548477 25721 0 357315 0 0 0
intr 10570232200 0 0 2425440 81 0 611623 26413822 0 0 0 8336241 0 0 0 0 0 0 0 0 0 0 0 0 0 0 0 0 0 0 0 0 0 0 0 0 0 0 0 0 0 0 0 0 0 0 0 0 0 0 0 0 1230237041 0 0 0 0 0 0 0 0 538859 0 345908 0 0 0 0 0 0 0 0 0 0 0 537644874 1 0 0 0 0 0 0 0 0 0 0 0 0 0 0 0 0 0 0 0 0 0 0 338143 4219 0 0 0 0 13205484 0 0 0 0 0 0 0 0 0 0 0 0 0 0 0 0 0 0 0 0 0 0 0 0 0 0 0 0 0 0 0 0 0 0 0 0 0 0 0 0 0 0 0 0 0 0 0 0 0 0 0 0 0 0 0 0 0 0 0 0 0 0 0 0 0 0 0 0 0 0 0 0 0 0 0 160195872 0 0 0
ctxt 346708374
btime 1669654930
processes 469237
procs_running 1
procs_blocked 0
softirq 548863429 389490030 25387324 713645 27883013 345847 0 62015137 30708094 557 12319782

cpu  764310 33748 1285387 468975868 101061 0 1586824 0 0 0
cpu0 99372 9522 172209 117503187 27644 0 360409 0 0 0
cpu1 434237 10210 736157 116364158 20420 0 490098 0 0 0
cpu2 118027 2833 198285 117559996 27273 0 379001 0 0 0
cpu3 112674 11183 178734 117548526 25721 0 357315 0 0 0
intr 10570236437 0 0 2425440 81 0 611623 26413857 0 0 0 8336245 0 0 0 0 0 0 0 0 0 0 0 0 0 0 0 0 0 0 0 0 0 0 0 0 0 0 0 0 0 0 0 0 0 0 0 0 0 0 0 0 1230241046 0 0 0 0 0 0 0 0 538860 0 345908 0 0 0 0 0 0 0 0 0 0 0 537645004 1 0 0 0 0 0 0 0 0 0 0 0 0 0 0 0 0 0 0 0 0 0 0 338143 4219 0 0 0 0 13205516 0 0 0 0 0 0 0 0 0 0 0 0 0 0 0 0 0 0 0 0 0 0 0 0 0 0 0 0 0 0 0 0 0 0 0 0 0 0 0 0 0 0 0 0 0 0 0 0 0 0 0 0 0 0 0 0 0 0 0 0 0 0 0 0 0 0 0 0 0 0 0 0 0 0 0 160195903 0 0 0
ctxt 346708489
btime 1669654930
processes 469237
procs_running 1
procs_blocked 0
softirq 548863505 389490030 25387339 713645 27883015 345847 0 62015164 30708115 557 12319793

cpu  764310 33748 1285387 468976064 101061 0 1586825 0 0 0
cpu0 99372 9522 172210 117503236 27644 0 360410 0 0 0
cpu1 434237 10210 736157 116364206 20420 0 490098 0 0 0
cpu2 118027 2833 198285 117560045 27273 0 379001 0 0 0
cpu3 112674 11183 178734 117548575 25721 0 357315 0 0 0
intr 10570240804 0 0 2425440 81 0 611623 26413902 0 0 0 8336250 0 0 0 0 0 0 0 0 0 0 0 0 0 0 0 0 0 0 0 0 0 0 0 0 0 0 0 0 0 0 0 0 0 0 0 0 0 0 0 0 1230245096 0 0 0 0 0 0 0 0 538861 0 345908 0 0 0 0 0 0 0 0 0 0 0 537645188 1 0 0 0 0 0 0 0 0 0 0 0 0 0 0 0 0 0 0 0 0 0 0 338143 4219 0 0 0 0 13205553 0 0 0 0 0 0 0 0 0 0 0 0 0 0 0 0 0 0 0 0 0 0 0 0 0 0 0 0 0 0 0 0 0 0 0 0 0 0 0 0 0 0 0 0 0 0 0 0 0 0 0 0 0 0 0 0 0 0 0 0 0 0 0 0 0 0 0 0 0 0 0 0 0 0 0 160195948 0 0 0
ctxt 346708641
btime 1669654930
processes 469237
procs_running 1
procs_blocked 0
softirq 548863700 389490115 25387359 713646 27883020 345847 0 62015202 30708143 557 12319811

cpu  764310 33748 1285388 468976261 101061 0 1586825 0 0 0
cpu0 99372 9522 172210 117503285 27644 0 360410 0 0 0
cpu1 434237 10210 736157 116364255 20420 0 490098 0 0 0
cpu2 118027 2833 198286 117560094 27273 0 379001 0 0 0
cpu3 112674 11183 178734 117548625 25721 0 357315 0 0 0
intr 10570245060 0 0 2425441 81 0 611623 26413941 0 0 0 8336254 0 0 0 0 0 0 0 0 0 0 0 0 0 0 0 0 0 0 0 0 0 0 0 0 0 0 0 0 0 0 0 0 0 0 0 0 0 0 0 0 1230249101 0 0 0 0 0 0 0 0 538862 0 345908 0 0 0 0 0 0 0 0 0 0 0 537645318 1 0 0 0 0 0 0 0 0 0 0 0 0 0 0 0 0 0 0 0 0 0 0 338143 4219 0 0 0 0 13205590 0 0 0 0 0 0 0 0 0 0 0 0 0 0 0 0 0 0 0 0 0 0 0 0 0 0 0 0 0 0 0 0 0 0 0 0 0 0 0 0 0 0 0 0 0 0 0 0 0 0 0 0 0 0 0 0 0 0 0 0 0 0 0 0 0 0 0 0 0 0 0 0 0 0 0 160195986 0 0 0
ctxt 346708767
btime 1669654930
processes 469237
procs_running 1
procs_blocked 0
softirq 548863789 389490115 25387376 713646 27883022 345847 0 62015234 30708168 557 12319824

cpu  764310 33748 1285389 468976457 101061 0 1586825 0 0 0
cpu0 99372 9522 172210 117503334 27644 0 360410 0 0 0
cpu1 434237 10210 736157 116364304 20420 0 490098 0 0 0
cpu2 118027 2833 198286 117560144 27273 0 379001 0 0 0
cpu3 112674 11183 178734 117548674 25721 0 357315 0 0 0
intr 10570249346 0 0 2425441 81 0 611623 26413985 0 0 0 8336258 0 0 0 0 0 0 0 0 0 0 0 0 0 0 0 0 0 0 0 0 0 0 0 0 0 0 0 0 0 0 0 0 0 0 0 0 0 0 0 0 1230253121 0 0 0 0 0 0 0 0 538863 0 345908 0 0 0 0 0 0 0 0 0 0 0 537645470 1 0 0 0 0 0 0 0 0 0 0 0 0 0 0 0 0 0 0 0 0 0 0 338143 4219 0 0 0 0 13205622 0 0 0 0 0 0 0 0 0 0 0 0 0 0 0 0 0 0 0 0 0 0 0 0 0 0 0 0 0 0 0 0 0 0 0 0 0 0 0 0 0 0 0 0 0 0 0 0 0 0 0 0 0 0 0 0 0 0 0 0 0 0 0 0 0 0 0 0 0 0 0 0 0 0 0 160196020 0 0 0
ctxt 346708905
btime 1669654930
processes 469237
procs_running 1
procs_blocked 0
softirq 548863877 389490123 25387393 713646 27883024 345847 0 62015262 30708190 557 12319835

cpu  764310 33748 1285389 468976654 101061 0 1586825 0 0 0
cpu0 99372 9522 172210 117503383 27644 0 360410 0 0 0
cpu1 434237 10210 736157 116364353 20420 0 490098 0 0 0
cpu2 118027 2833 198286 117560193 27273 0 379001 0 0 0
cpu3 112674 11183 178734 117548723 25721 0 357315 0 0 0
intr 10570253589 0 0 2425441 81 0 611623 26414021 0 0 0 8336262 0 0 0 0 0 0 0 0 0 0 0 0 0 0 0 0 0 0 0 0 0 0 0 0 0 0 0 0 0 0 0 0 0 0 0 0 0 0 0 0 1230257125 0 0 0 0 0 0 0 0 538864 0 345908 0 0 0 0 0 0 0 0 0 0 0 537645600 1 0 0 0 0 0 0 0 0 0 0 0 0 0 0 0 0 0 0 0 0 0 0 338143 4219 0 0 0 0 13205654 0 0 0 0 0 0 0 0 0 0 0 0 0 0 0 0 0 0 0 0 0 0 0 0 0 0 0 0 0 0 0 0 0 0 0 0 0 0 0 0 0 0 0 0 0 0 0 0 0 0 0 0 0 0 0 0 0 0 0 0 0 0 0 0 0 0 0 0 0 0 0 0 0 0 0 160196056 0 0 0
ctxt 346709027
btime 1669654930
processes 469237
procs_running 1
procs_blocked 0
softirq 548863957 389490123 25387409 713646 27883026 345847 0 62015289 30708212 557 12319848

cpu  764310 33748 1285389 468976851 101061 0 1586825 0 0 0
cpu0 99372 9522 172210 117503432 27644 0 360410 0 0 0
cpu1 434237 10210 736158 116364402 20420 0 490098 0 0 0
cpu2 118027 2833 198287 117560242 27273 0 379001 0 0 0
cpu3 112674 11183 178734 117548773 25721 0 357315 0 0 0
intr 10570257865 0 0 2425441 81 0 611623 26414061 0 0 0 8336267 0 0 0 0 0 0 0 0 0 0 0 0 0 0 0 0 0 0 0 0 0 0 0 0 0 0 0 0 0 0 0 0 0 0 0 0 0 0 0 0 1230261143 0 0 0 0 0 0 0 0 538865 0 345908 0 0 0 0 0 0 0 0 0 0 0 537645752 1 0 0 0 0 0 0 0 0 0 0 0 0 0 0 0 0 0 0 0 0 0 0 338143 4219 0 0 0 0 13205686 0 0 0 0 0 0 0 0 0 0 0 0 0 0 0 0 0 0 0 0 0 0 0 0 0 0 0 0 0 0 0 0 0 0 0 0 0 0 0 0 0 0 0 0 0 0 0 0 0 0 0 0 0 0 0 0 0 0 0 0 0 0 0 0 0 0 0 0 0 0 0 0 0 0 0 160196088 0 0 0
ctxt 346709159
btime 1669654930
processes 469237
procs_running 1
procs_blocked 0
softirq 548864043 389490131 25387425 713646 27883028 345847 0 62015317 30708233 557 12319859

cpu  764310 33748 1285390 468977048 101061 0 1586825 0 0 0
cpu0 99372 9522 172210 117503482 27644 0 360410 0 0 0
cpu1 434237 10210 736158 116364451 20420 0 490098 0 0 0
cpu2 118027 2833 198287 117560292 27273 0 379001 0 0 0
cpu3 112674 11183 178734 117548822 25721 0 357315 0 0 0
intr 10570262101 0 0 2425442 81 0 611623 26414091 0 0 0 8336271 0 0 0 0 0 0 0 0 0 0 0 0 0 0 0 0 0 0 0 0 0 0 0 0 0 0 0 0 0 0 0 0 0 0 0 0 0 0 0 0 1230265146 0 0 0 0 0 0 0 0 538866 0 345908 0 0 0 0 0 0 0 0 0 0 0 537645882 1 0 0 0 0 0 0 0 0 0 0 0 0 0 0 0 0 0 0 0 0 0 0 338143 4219 0 0 0 0 13205718 0 0 0 0 0 0 0 0 0 0 0 0 0 0 0 0 0 0 0 0 0 0 0 0 0 0 0 0 0 0 0 0 0 0 0 0 0 0 0 0 0 0 0 0 0 0 0 0 0 0 0 0 0 0 0 0 0 0 0 0 0 0 0 0 0 0 0 0 0 0 0 0 0 0 0 160196118 0 0 0
ctxt 346709264
btime 1669654930
processes 469237
procs_running 1
procs_blocked 0
softirq 548864121 389490131 25387440 713646 27883030 345847 0 62015344 30708254 557 12319872

cpu  764310 33748 1285390 468977245 101061 0 1586825 0 0 0
cpu0 99372 9522 172210 117503531 27644 0 360410 0 0 0
cpu1 434237 10210 736158 116364500 20420 0 490098 0 0 0
cpu2 118027 2833 198287 117560341 27273 0 379001 0 0 0
cpu3 112674 11183 178734 117548872 25721 0 357315 0 0 0
intr 10570266379 0 0 2425442 81 0 611623 26414128 0 0 0 8336275 0 0 0 0 0 0 0 0 0 0 0 0 0 0 0 0 0 0 0 0 0 0 0 0 0 0 0 0 0 0 0 0 0 0 0 0 0 0 0 0 1230269167 0 0 0 0 0 0 0 0 538867 0 345908 0 0 0 0 0 0 0 0 0 0 0 537646034 1 0 0 0 0 0 0 0 0 0 0 0 0 0 0 0 0 0 0 0 0 0 0 338143 4219 0 0 0 0 13205750 0 0 0 0 0 0 0 0 0 0 0 0 0 0 0 0 0 0 0 0 0 0 0 0 0 0 0 0 0 0 0 0 0 0 0 0 0 0 0 0 0 0 0 0 0 0 0 0 0 0 0 0 0 0 0 0 0 0 0 0 0 0 0 0 0 0 0 0 0 0 0 0 0 0 0 160196151 0 0 0
ctxt 346709397
btime 1669654930
processes 469237
procs_running 1
procs_blocked 0
softirq 548864213 389490139 25387457 713646 27883032 345847 0 62015373 30708276 557 12319886

cpu  764310 33748 1285390 468977442 101061 0 1586825 0 0 0
cpu0 99372 9522 172210 117503580 27644 0 360410 0 0 0
cpu1 434237 10210 736158 116364549 20420 0 490098 0 0 0
cpu2 118027 2833 198287 117560390 27273 0 379001 0 0 0
cpu3 112674 11183 178734 117548921 25721 0 357315 0 0 0
intr 10570270619 0 0 2425442 81 0 611623 26414159 0 0 0 8336279 0 0 0 0 0 0 0 0 0 0 0 0 0 0 0 0 0 0 0 0 0 0 0 0 0 0 0 0 0 0 0 0 0 0 0 0 0 0 0 0 1230273171 0 0 0 0 0 0 0 0 538868 0 345908 0 0 0 0 0 0 0 0 0 0 0 537646164 1 0 0 0 0 0 0 0 0 0 0 0 0 0 0 0 0 0 0 0 0 0 0 338143 4219 0 0 0 0 13205782 0 0 0 0 0 0 0 0 0 0 0 0 0 0 0 0 0 0 0 0 0 0 0 0 0 0 0 0 0 0 0 0 0 0 0 0 0 0 0 0 0 0 0 0 0 0 0 0 0 0 0 0 0 0 0 0 0 0 0 0 0 0 0 0 0 0 0 0 0 0 0 0 0 0 0 160196188 0 0 0
ctxt 346709521
btime 1669654930
processes 469237
procs_running 1
procs_blocked 0
softirq 548864294 389490139 25387473 713646 27883034 345847 0 62015400 30708298 557 12319900

cpu  764310 33748 1285391 468977638 101061 0 1586825 0 0 0
cpu0 99372 9522 172210 117503629 27644 0 360410 0 0 0
cpu1 434237 10210 736158 116364598 20420 0 490098 0 0 0
cpu2 118027 2833 198288 117560440 27273 0 379001 0 0 0
cpu3 112674 11183 178734 117548971 25721 0 357315 0 0 0
intr 10570274895 0 0 2425442 81 0 611623 26414193 0 0 0 8336283 0 0 0 0 0 0 0 0 0 0 0 0 0 0 0 0 0 0 0 0 0 0 0 0 0 0 0 0 0 0 0 0 0 0 0 0 0 0 0 0 1230277192 0 0 0 0 0 0 0 0 538869 0 345908 0 0 0 0 0 0 0 0 0 0 0 537646316 1 0 0 0 0 0 0 0 0 0 0 0 0 0 0 0 0 0 0 0 0 0 0 338143 4219 0 0 0 0 13205810 0 0 0 0 0 0 0 0 0 0 0 0 0 0 0 0 0 0 0 0 0 0 0 0 0 0 0 0 0 0 0 0 0 0 0 0 0 0 0 0 0 0 0 0 0 0 0 0 0 0 0 0 0 0 0 0 0 0 0 0 0 0 0 0 0 0 0 0 0 0 0 0 0 0 0 160196223 0 0 0
ctxt 346709647
btime 1669654930
processes 469237
procs_running 1
procs_blocked 0
softirq 548864373 389490147 25387487 713646 27883036 345847 0 62015424 30708319 557 12319910

cpu  764310 33748 1285392 468977835 101061 0 1586825 0 0 0
cpu0 99372 9522 172210 117503678 27644 0 360410 0 0 0
cpu1 434237 10210 736158 116364646 20420 0 490098 0 0 0
cpu2 118027 2833 198288 117560489 27273 0 379001 0 0 0
cpu3 112674 11183 178734 117549020 25721 0 357315 0 0 0
intr 10570279131 0 0 2425443 81 0 611623 26414226 0 0 0 8336287 0 0 0 0 0 0 0 0 0 0 0 0 0 0 0 0 0 0 0 0 0 0 0 0 0 0 0 0 0 0 0 0 0 0 0 0 0 0 0 0 1230281189 0 0 0 0 0 0 0 0 538870 0 345908 0 0 0 0 0 0 0 0 0 0 0 537646446 1 0 0 0 0 0 0 0 0 0 0 0 0 0 0 0 0 0 0 0 0 0 0 338143 4219 0 0 0 0 13205838 0 0 0 0 0 0 0 0 0 0 0 0 0 0 0 0 0 0 0 0 0 0 0 0 0 0 0 0 0 0 0 0 0 0 0 0 0 0 0 0 0 0 0 0 0 0 0 0 0 0 0 0 0 0 0 0 0 0 0 0 0 0 0 0 0 0 0 0 0 0 0 0 0 0 0 160196266 0 0 0
ctxt 346709773
btime 1669654930
processes 469237
procs_running 1
procs_blocked 0
softirq 548864449 389490147 25387503 713646 27883038 345847 0 62015448 30708342 557 12319921

cpu  764311 33748 1285392 468978032 101061 0 1586825 0 0 0
cpu0 99372 9522 172210 117503727 27644 0 360410 0 0 0
cpu1 434237 10210 736158 116364696 20420 0 490098 0 0 0
cpu2 118027 2833 198288 117560538 27273 0 379001 0 0 0
cpu3 112674 11183 178734 117549069 25721 0 357315 0 0 0
intr 10570283387 0 0 2425443 81 0 611623 26414252 0 0 0 8336291 0 0 0 0 0 0 0 0 0 0 0 0 0 0 0 0 0 0 0 0 0 0 0 0 0 0 0 0 0 0 0 0 0 0 0 0 0 0 0 0 1230285217 0 0 0 0 0 0 0 0 538871 0 345908 0 0 0 0 0 0 0 0 0 0 0 537646598 1 0 0 0 0 0 0 0 0 0 0 0 0 0 0 0 0 0 0 0 0 0 0 338143 4219 0 0 0 0 13205853 0 0 0 0 0 0 0 0 0 0 0 0 0 0 0 0 0 0 0 0 0 0 0 0 0 0 0 0 0 0 0 0 0 0 0 0 0 0 0 0 0 0 0 0 0 0 0 0 0 0 0 0 0 0 0 0 0 0 0 0 0 0 0 0 0 0 0 0 0 0 0 0 0 0 0 160196296 0 0 0
ctxt 346709876
btime 1669654930
processes 469237
procs_running 1
procs_blocked 0
softirq 548864516 389490155 25387517 713646 27883039 345847 0 62015463 30708361 557 12319931

cpu  764311 33748 1285392 468978229 101061 0 1586825 0 0 0
cpu0 99372 9522 172210 117503776 27644 0 360410 0 0 0
cpu1 434237 10210 736158 116364745 20420 0 490098 0 0 0
cpu2 118027 2833 198288 117560588 27273 0 379001 0 0 0
cpu3 112674 11183 178734 117549119 25721 0 357315 0 0 0
intr 10570287576 0 0 2425443 81 0 611623 26414269 0 0 0 8336295 0 0 0 0 0 0 0 0 0 0 0 0 0 0 0 0 0 0 0 0 0 0 0 0 0 0 0 0 0 0 0 0 0 0 0 0 0 0 0 0 1230289212 0 0 0 0 0 0 0 0 538872 0 345908 0 0 0 0 0 0 0 0 0 0 0 537646728 1 0 0 0 0 0 0 0 0 0 0 0 0 0 0 0 0 0 0 0 0 0 0 338143 4219 0 0 0 0 13205868 0 0 0 0 0 0 0 0 0 0 0 0 0 0 0 0 0 0 0 0 0 0 0 0 0 0 0 0 0 0 0 0 0 0 0 0 0 0 0 0 0 0 0 0 0 0 0 0 0 0 0 0 0 0 0 0 0 0 0 0 0 0 0 0 0 0 0 0 0 0 0 0 0 0 0 160196323 0 0 0
ctxt 346709956
btime 1669654930
processes 469237
procs_running 1
procs_blocked 0
softirq 548864568 389490155 25387530 713646 27883040 345847 0 62015476 30708376 557 12319941

cpu  764312 33748 1285392 468978425 101061 0 1586825 0 0 0
cpu0 99372 9522 172210 117503825 27644 0 360410 0 0 0
cpu1 434237 10210 736158 116364794 20420 0 490098 0 0 0
cpu2 118028 2833 198288 117560637 27273 0 379001 0 0 0
cpu3 112674 11183 178734 117549168 25721 0 357315 0 0 0
intr 10570291871 0 0 2425443 81 0 611624 26414307 0 0 0 8336299 0 0 0 0 0 0 0 0 0 0 0 0 0 0 0 0 0 0 0 0 0 0 0 0 0 0 0 0 0 0 0 0 0 0 0 0 0 0 0 0 1230293242 0 0 0 0 0 0 0 0 538873 0 345908 0 0 0 0 0 0 0 0 0 0 0 537646880 1 0 0 0 0 0 0 0 0 0 0 0 0 0 0 0 0 0 0 0 0 0 0 338143 4219 0 0 0 0 13205898 0 0 0 0 0 0 0 0 0 0 0 0 0 0 0 0 0 0 0 0 0 0 0 0 0 0 0 0 0 0 0 0 0 0 0 0 0 0 0 0 0 0 0 0 0 0 0 0 0 0 0 0 0 0 0 0 0 0 0 0 0 0 0 0 0 0 0 0 0 0 0 0 0 0 0 160196362 0 0 0
ctxt 346710091
btime 1669654930
processes 469237
procs_running 1
procs_blocked 0
softirq 548864668 389490163 25387548 713647 27883042 345847 0 62015504 30708402 557 12319958

cpu  764312 33748 1285392 468978622 101061 0 1586825 0 0 0
cpu0 99372 9522 172210 117503874 27644 0 360410 0 0 0
cpu1 434237 10210 736158 116364843 20420 0 490098 0 0 0
cpu2 118028 2833 198288 117560686 27273 0 379001 0 0 0
cpu3 112674 11183 178734 117549218 25721 0 357315 0 0 0
intr 10570296064 0 0 2425444 81 0 611624 26414327 0 0 0 8336303 0 0 0 0 0 0 0 0 0 0 0 0 0 0 0 0 0 0 0 0 0 0 0 0 0 0 0 0 0 0 0 0 0 0 0 0 0 0 0 0 1230297238 0 0 0 0 0 0 0 0 538874 0 345908 0 0 0 0 0 0 0 0 0 0 0 537647008 1 0 0 0 0 0 0 0 0 0 0 0 0 0 0 0 0 0 0 0 0 0 0 338143 4219 0 0 0 0 13205913 0 0 0 0 0 0 0 0 0 0 0 0 0 0 0 0 0 0 0 0 0 0 0 0 0 0 0 0 0 0 0 0 0 0 0 0 0 0 0 0 0 0 0 0 0 0 0 0 0 0 0 0 0 0 0 0 0 0 0 0 0 0 0 0 0 0 0 0 0 0 0 0 0 0 0 160196391 0 0 0
ctxt 346710170
btime 1669654930
processes 469237
procs_running 1
procs_blocked 0
softirq 548864722 389490163 25387560 713647 27883043 345847 0 62015517 30708419 557 12319969

cpu  764312 33748 1285393 468978820 101061 0 1586825 0 0 0
cpu0 99372 9522 172210 117503924 27644 0 360410 0 0 0
cpu1 434237 10210 736159 116364892 20420 0 490098 0 0 0
cpu2 118028 2833 198288 117560736 27273 0 379001 0 0 0
cpu3 112674 11183 178734 117549267 25721 0 357315 0 0 0
intr 10570300267 0 0 2425444 81 0 611624 26414347 0 0 0 8336307 0 0 0 0 0 0 0 0 0 0 0 0 0 0 0 0 0 0 0 0 0 0 0 0 0 0 0 0 0 0 0 0 0 0 0 0 0 0 0 0 1230301242 0 0 0 0 0 0 0 0 538875 0 345908 0 0 0 0 0 0 0 0 0 0 0 537647136 1 0 0 0 0 0 0 0 0 0 0 0 0 0 0 0 0 0 0 0 0 0 0 338143 4219 0 0 0 0 13205928 0 0 0 0 0 0 0 0 0 0 0 0 0 0 0 0 0 0 0 0 0 0 0 0 0 0 0 0 0 0 0 0 0 0 0 0 0 0 0 0 0 0 0 0 0 0 0 0 0 0 0 0 0 0 0 0 0 0 0 0 0 0 0 0 0 0 0 0 0 0 0 0 0 0 0 160196420 0 0 0
ctxt 346710252
btime 1669654930
processes 469237
procs_running 1
procs_blocked 0
softirq 548864781 389490163 25387574 713647 27883044 345847 0 62015531 30708437 557 12319981

cpu  764312 33748 1285393 468979016 101061 0 1586825 0 0 0
cpu0 99372 9522 172210 117503973 27644 0 360410 0 0 0
cpu1 434237 10210 736159 116364941 20420 0 490098 0 0 0
cpu2 118028 2833 198288 117560785 27273 0 379001 0 0 0
cpu3 112674 11183 178734 117549317 25721 0 357315 0 0 0
intr 10570304526 0 0 2425448 81 0 611624 26414376 0 0 0 8336311 0 0 0 0 0 0 0 0 0 0 0 0 0 0 0 0 0 0 0 0 0 0 0 0 0 0 0 0 0 0 0 0 0 0 0 0 0 0 0 0 1230305261 0 0 0 0 0 0 0 0 538876 0 345908 0 0 0 0 0 0 0 0 0 0 0 537647290 1 0 0 0 0 0 0 0 0 0 0 0 0 0 0 0 0 0 0 0 0 0 0 338143 4219 0 0 0 0 13205943 0 0 0 0 0 0 0 0 0 0 0 0 0 0 0 0 0 0 0 0 0 0 0 0 0 0 0 0 0 0 0 0 0 0 0 0 0 0 0 0 0 0 0 0 0 0 0 0 0 0 0 0 0 0 0 0 0 0 0 0 0 0 0 0 0 0 0 0 0 0 0 0 0 0 0 160196455 0 0 0
ctxt 346710360
btime 1669654930
processes 469237
procs_running 1
procs_blocked 0
softirq 548864851 389490171 25387589 713647 27883045 345847 0 62015544 30708455 557 12319996

cpu  764312 33748 1285393 468979214 101061 0 1586825 0 0 0
cpu0 99372 9522 172210 117504022 27644 0 360410 0 0 0
cpu1 434237 10210 736159 116364990 20420 0 490098 0 0 0
cpu2 118028 2833 198288 117560835 27273 0 379001 0 0 0
cpu3 112674 11183 178734 117549366 25721 0 357315 0 0 0
intr 10570308731 0 0 2425448 81 0 611624 26414398 0 0 0 8336315 0 0 0 0 0 0 0 0 0 0 0 0 0 0 0 0 0 0 0 0 0 0 0 0 0 0 0 0 0 0 0 0 0 0 0 0 0 0 0 0 1230309266 0 0 0 0 0 0 0 0 538877 0 345908 0 0 0 0 0 0 0 0 0 0 0 537647418 1 0 0 0 0 0 0 0 0 0 0 0 0 0 0 0 0 0 0 0 0 0 0 338143 4219 0 0 0 0 13205958 0 0 0 0 0 0 0 0 0 0 0 0 0 0 0 0 0 0 0 0 0 0 0 0 0 0 0 0 0 0 0 0 0 0 0 0 0 0 0 0 0 0 0 0 0 0 0 0 0 0 0 0 0 0 0 0 0 0 0 0 0 0 0 0 0 0 0 0 0 0 0 0 0 0 0 160196484 0 0 0
ctxt 346710442
btime 1669654930
processes 469237
procs_running 1
procs_blocked 0
softirq 548864913 389490171 25387603 713647 27883046 345847 0 62015558 30708475 557 12320009

cpu  764312 33748 1285393 468979410 101061 0 1586826 0 0 0
cpu0 99372 9522 172210 117504071 27644 0 360410 0 0 0
cpu1 434237 10210 736159 116365038 20420 0 490098 0 0 0
cpu2 118028 2833 198288 117560884 27273 0 379001 0 0 0
cpu3 112674 11183 178734 117549415 25721 0 357315 0 0 0
intr 10570313000 0 0 2425449 81 0 611624 26414429 0 0 0 8336319 0 0 0 0 0 0 0 0 0 0 0 0 0 0 0 0 0 0 0 0 0 0 0 0 0 0 0 0 0 0 0 0 0 0 0 0 0 0 0 0 1230313287 0 0 0 0 0 0 0 0 538878 0 345908 0 0 0 0 0 0 0 0 0 0 0 537647572 1 0 0 0 0 0 0 0 0 0 0 0 0 0 0 0 0 0 0 0 0 0 0 338143 4219 0 0 0 0 13205978 0 0 0 0 0 0 0 0 0 0 0 0 0 0 0 0 0 0 0 0 0 0 0 0 0 0 0 0 0 0 0 0 0 0 0 0 0 0 0 0 0 0 0 0 0 0 0 0 0 0 0 0 0 0 0 0 0 0 0 0 0 0 0 0 0 0 0 0 0 0 0 0 0 0 0 160196522 0 0 0
ctxt 346710553
btime 1669654930
processes 469237
procs_running 1
procs_blocked 0
softirq 548864991 389490179 25387620 713647 27883047 345847 0 62015576 30708495 557 12320023

cpu  764312 33748 1285394 468979608 101061 0 1586826 0 0 0
cpu0 99372 9522 172210 117504121 27644 0 360410 0 0 0
cpu1 434237 10210 736160 116365087 20420 0 490098 0 0 0
cpu2 118028 2833 198288 117560933 27273 0 379001 0 0 0
cpu3 112674 11183 178734 117549465 25721 0 357315 0 0 0
intr 10570317209 0 0 2425449 81 0 611624 26414453 0 0 0 8336323 0 0 0 0 0 0 0 0 0 0 0 0 0 0 0 0 0 0 0 0 0 0 0 0 0 0 0 0 0 0 0 0 0 0 0 0 0 0 0 0 1230317291 0 0 0 0 0 0 0 0 538879 0 345908 0 0 0 0 0 0 0 0 0 0 0 537647700 1 0 0 0 0 0 0 0 0 0 0 0 0 0 0 0 0 0 0 0 0 0 0 338143 4219 0 0 0 0 13205993 0 0 0 0 0 0 0 0 0 0 0 0 0 0 0 0 0 0 0 0 0 0 0 0 0 0 0 0 0 0 0 0 0 0 0 0 0 0 0 0 0 0 0 0 0 0 0 0 0 0 0 0 0 0 0 0 0 0 0 0 0 0 0 0 0 0 0 0 0 0 0 0 0 0 0 160196554 0 0 0
ctxt 346710640
btime 1669654930
processes 469237
procs_running 1
procs_blocked 0
softirq 548865053 389490179 25387634 713647 27883048 345847 0 62015590 30708516 557 12320035

cpu  764312 33748 1285394 468979804 101061 0 1586826 0 0 0
cpu0 99372 9522 172210 117504170 27644 0 360410 0 0 0
cpu1 434238 10210 736160 116365136 20420 0 490098 0 0 0
cpu2 118028 2833 198288 117560983 27273 0 379001 0 0 0
cpu3 112674 11183 178734 117549514 25721 0 357315 0 0 0
intr 10570321475 0 0 2425449 81 0 611624 26414482 0 0 0 8336327 0 0 0 0 0 0 0 0 0 0 0 0 0 0 0 0 0 0 0 0 0 0 0 0 0 0 0 0 0 0 0 0 0 0 0 0 0 0 0 0 1230321313 0 0 0 0 0 0 0 0 538880 0 345908 0 0 0 0 0 0 0 0 0 0 0 537647855 1 0 0 0 0 0 0 0 0 0 0 0 0 0 0 0 0 0 0 0 0 0 0 338143 4219 0 0 0 0 13206008 0 0 0 0 0 0 0 0 0 0 0 0 0 0 0 0 0 0 0 0 0 0 0 0 0 0 0 0 0 0 0 0 0 0 0 0 0 0 0 0 0 0 0 0 0 0 0 0 0 0 0 0 0 0 0 0 0 0 0 0 0 0 0 0 0 0 0 0 0 0 0 0 0 0 0 160196594 0 0 0
ctxt 346710747
btime 1669654930
processes 469237
procs_running 1
procs_blocked 0
softirq 548865137 389490188 25387651 713647 27883050 345847 0 62015605 30708540 557 12320052

cpu  764312 33748 1285395 468980001 101061 0 1586826 0 0 0
cpu0 99372 9522 172211 117504219 27644 0 360410 0 0 0
cpu1 434238 10210 736160 116365185 20420 0 490098 0 0 0
cpu2 118028 2833 198288 117561032 27273 0 379001 0 0 0
cpu3 112674 11183 178734 117549564 25721 0 357315 0 0 0
intr 10570325691 0 0 2425449 81 0 611624 26414504 0 0 0 8336331 0 0 0 0 0 0 0 0 0 0 0 0 0 0 0 0 0 0 0 0 0 0 0 0 0 0 0 0 0 0 0 0 0 0 0 0 0 0 0 0 1230325317 0 0 0 0 0 0 0 0 538881 0 345908 0 0 0 0 0 0 0 0 0 0 0 537647983 1 0 0 0 0 0 0 0 0 0 0 0 0 0 0 0 0 0 0 0 0 0 0 338143 4219 0 0 0 0 13206023 0 0 0 0 0 0 0 0 0 0 0 0 0 0 0 0 0 0 0 0 0 0 0 0 0 0 0 0 0 0 0 0 0 0 0 0 0 0 0 0 0 0 0 0 0 0 0 0 0 0 0 0 0 0 0 0 0 0 0 0 0 0 0 0 0 0 0 0 0 0 0 0 0 0 0 160196636 0 0 0
ctxt 346710843
btime 1669654930
processes 469237
procs_running 1
procs_blocked 0
softirq 548865204 389490188 25387666 713647 27883051 345847 0 62015619 30708564 557 12320065

cpu  764312 33748 1285395 468980198 101061 0 1586826 0 0 0
cpu0 99372 9522 172211 117504268 27644 0 360410 0 0 0
cpu1 434238 10210 736161 116365234 20420 0 490098 0 0 0
cpu2 118028 2833 198288 117561082 27273 0 379001 0 0 0
cpu3 112674 11183 178734 117549613 25721 0 357315 0 0 0
intr 10570329954 0 0 2425450 81 0 611624 26414529 0 0 0 8336335 0 0 0 0 0 0 0 0 0 0 0 0 0 0 0 0 0 0 0 0 0 0 0 0 0 0 0 0 0 0 0 0 0 0 0 0 0 0 0 0 1230329339 0 0 0 0 0 0 0 0 538882 0 345908 0 0 0 0 0 0 0 0 0 0 0 537648137 1 0 0 0 0 0 0 0 0 0 0 0 0 0 0 0 0 0 0 0 0 0 0 338143 4219 0 0 0 0 13206038 0 0 0 0 0 0 0 0 0 0 0 0 0 0 0 0 0 0 0 0 0 0 0 0 0 0 0 0 0 0 0 0 0 0 0 0 0 0 0 0 0 0 0 0 0 0 0 0 0 0 0 0 0 0 0 0 0 0 0 0 0 0 0 0 0 0 0 0 0 0 0 0 0 0 0 160196676 0 0 0
ctxt 346710944
btime 1669654930
processes 469237
procs_running 1
procs_blocked 0
softirq 548865280 389490196 25387682 713647 27883052 345847 0 62015634 30708587 557 12320078

cpu  764312 33748 1285395 468980395 101061 0 1586826 0 0 0
cpu0 99372 9522 172211 117504317 27644 0 360410 0 0 0
cpu1 434238 10210 736161 116365283 20420 0 490098 0 0 0
cpu2 118028 2833 198288 117561131 27273 0 379001 0 0 0
cpu3 112674 11183 178734 117549663 25721 0 357315 0 0 0
intr 10570334150 0 0 2425450 81 0 611624 26414548 0 0 0 8336339 0 0 0 0 0 0 0 0 0 0 0 0 0 0 0 0 0 0 0 0 0 0 0 0 0 0 0 0 0 0 0 0 0 0 0 0 0 0 0 0 1230333336 0 0 0 0 0 0 0 0 538883 0 345908 0 0 0 0 0 0 0 0 0 0 0 537648265 1 0 0 0 0 0 0 0 0 0 0 0 0 0 0 0 0 0 0 0 0 0 0 338143 4219 0 0 0 0 13206053 0 0 0 0 0 0 0 0 0 0 0 0 0 0 0 0 0 0 0 0 0 0 0 0 0 0 0 0 0 0 0 0 0 0 0 0 0 0 0 0 0 0 0 0 0 0 0 0 0 0 0 0 0 0 0 0 0 0 0 0 0 0 0 0 0 0 0 0 0 0 0 0 0 0 0 160196709 0 0 0
ctxt 346711034
btime 1669654930
processes 469237
procs_running 1
procs_blocked 0
softirq 548865344 389490196 25387697 713648 27883053 345847 0 62015648 30708607 557 12320091

cpu  764313 33748 1285395 468980592 101061 0 1586826 0 0 0
cpu0 99373 9522 172211 117504366 27644 0 360410 0 0 0
cpu1 434238 10210 736161 116365332 20420 0 490098 0 0 0
cpu2 118028 2833 198288 117561180 27273 0 379001 0 0 0
cpu3 112674 11183 178734 117549712 25721 0 357315 0 0 0
intr 10570338403 0 0 2425450 81 0 611624 26414573 0 0 0 8336343 0 0 0 0 0 0 0 0 0 0 0 0 0 0 0 0 0 0 0 0 0 0 0 0 0 0 0 0 0 0 0 0 0 0 0 0 0 0 0 0 1230337364 0 0 0 0 0 0 0 0 538884 0 345908 0 0 0 0 0 0 0 0 0 0 0 537648419 1 0 0 0 0 0 0 0 0 0 0 0 0 0 0 0 0 0 0 0 0 0 0 338143 4219 0 0 0 0 13206068 0 0 0 0 0 0 0 0 0 0 0 0 0 0 0 0 0 0 0 0 0 0 0 0 0 0 0 0 0 0 0 0 0 0 0 0 0 0 0 0 0 0 0 0 0 0 0 0 0 0 0 0 0 0 0 0 0 0 0 0 0 0 0 0 0 0 0 0 0 0 0 0 0 0 0 160196735 0 0 0
ctxt 346711129
btime 1669654930
processes 469237
procs_running 1
procs_blocked 0
softirq 548865406 389490204 25387710 713648 27883054 345847 0 62015661 30708623 557 12320102

cpu  764313 33748 1285396 468980789 101061 0 1586826 0 0 0
cpu0 99373 9522 172211 117504415 27644 0 360410 0 0 0
cpu1 434238 10210 736161 116365381 20420 0 490098 0 0 0
cpu2 118028 2833 198288 117561230 27273 0 379001 0 0 0
cpu3 112674 11183 178734 117549761 25721 0 357315 0 0 0
intr 10570342595 0 0 2425450 81 0 611624 26414594 0 0 0 8336346 0 0 0 0 0 0 0 0 0 0 0 0 0 0 0 0 0 0 0 0 0 0 0 0 0 0 0 0 0 0 0 0 0 0 0 0 0 0 0 0 1230341360 0 0 0 0 0 0 0 0 538885 0 345908 0 0 0 0 0 0 0 0 0 0 0 537648547 1 0 0 0 0 0 0 0 0 0 0 0 0 0 0 0 0 0 0 0 0 0 0 338143 4219 0 0 0 0 13206083 0 0 0 0 0 0 0 0 0 0 0 0 0 0 0 0 0 0 0 0 0 0 0 0 0 0 0 0 0 0 0 0 0 0 0 0 0 0 0 0 0 0 0 0 0 0 0 0 0 0 0 0 0 0 0 0 0 0 0 0 0 0 0 0 0 0 0 0 0 0 0 0 0 0 0 160196762 0 0 0
ctxt 346711216
btime 1669654930
processes 469237
procs_running 1
procs_blocked 0
softirq 548865458 389490204 25387722 713648 27883055 345847 0 62015675 30708637 557 12320113

cpu  764313 33748 1285397 468980986 101061 0 1586826 0 0 0
cpu0 99373 9522 172212 117504465 27644 0 360410 0 0 0
cpu1 434238 10210 736161 116365430 20420 0 490098 0 0 0
cpu2 118028 2833 198288 117561279 27273 0 379001 0 0 0
cpu3 112674 11183 178734 117549811 25721 0 357315 0 0 0
intr 10570346855 0 0 2425451 81 0 611624 26414621 0 0 0 8336349 0 0 0 0 0 0 0 0 0 0 0 0 0 0 0 0 0 0 0 0 0 0 0 0 0 0 0 0 0 0 0 0 0 0 0 0 0 0 0 0 1230345388 0 0 0 0 0 0 0 0 538886 0 345908 0 0 0 0 0 0 0 0 0 0 0 537648701 1 0 0 0 0 0 0 0 0 0 0 0 0 0 0 0 0 0 0 0 0 0 0 338143 4219 0 0 0 0 13206098 0 0 0 0 0 0 0 0 0 0 0 0 0 0 0 0 0 0 0 0 0 0 0 0 0 0 0 0 0 0 0 0 0 0 0 0 0 0 0 0 0 0 0 0 0 0 0 0 0 0 0 0 0 0 0 0 0 0 0 0 0 0 0 0 0 0 0 0 0 0 0 0 0 0 0 160196794 0 0 0
ctxt 346711314
btime 1669654930
processes 469237
procs_running 1
procs_blocked 0
softirq 548865528 389490212 25387737 713648 27883056 345847 0 62015688 30708659 557 12320124

cpu  764313 33748 1285397 468981183 101061 0 1586826 0 0 0
cpu0 99373 9522 172212 117504514 27644 0 360410 0 0 0
cpu1 434238 10210 736161 116365479 20420 0 490098 0 0 0
cpu2 118028 2833 198288 117561328 27273 0 379001 0 0 0
cpu3 112674 11183 178734 117549860 25721 0 357315 0 0 0
intr 10570351050 0 0 2425451 81 0 611624 26414640 0 0 0 8336353 0 0 0 0 0 0 0 0 0 0 0 0 0 0 0 0 0 0 0 0 0 0 0 0 0 0 0 0 0 0 0 0 0 0 0 0 0 0 0 0 1230349384 0 0 0 0 0 0 0 0 538887 0 345908 0 0 0 0 0 0 0 0 0 0 0 537648829 1 0 0 0 0 0 0 0 0 0 0 0 0 0 0 0 0 0 0 0 0 0 0 338143 4219 0 0 0 0 13206113 0 0 0 0 0 0 0 0 0 0 0 0 0 0 0 0 0 0 0 0 0 0 0 0 0 0 0 0 0 0 0 0 0 0 0 0 0 0 0 0 0 0 0 0 0 0 0 0 0 0 0 0 0 0 0 0 0 0 0 0 0 0 0 0 0 0 0 0 0 0 0 0 0 0 0 160196826 0 0 0
ctxt 346711403
btime 1669654930
processes 469237
procs_running 1
procs_blocked 0
softirq 548865585 389490212 25387752 713648 27883057 345847 0 62015702 30708675 557 12320135

cpu  764313 33748 1285397 468981380 101061 0 1586826 0 0 0
cpu0 99373 9522 172212 117504563 27644 0 360410 0 0 0
cpu1 434238 10210 736162 116365528 20420 0 490098 0 0 0
cpu2 118028 2833 198288 117561378 27273 0 379001 0 0 0
cpu3 112674 11183 178734 117549910 25721 0 357315 0 0 0
intr 10570355304 0 0 2425451 81 0 611624 26414665 0 0 0 8336357 0 0 0 0 0 0 0 0 0 0 0 0 0 0 0 0 0 0 0 0 0 0 0 0 0 0 0 0 0 0 0 0 0 0 0 0 0 0 0 0 1230353412 0 0 0 0 0 0 0 0 538888 0 345908 0 0 0 0 0 0 0 0 0 0 0 537648983 1 0 0 0 0 0 0 0 0 0 0 0 0 0 0 0 0 0 0 0 0 0 0 338143 4219 0 0 0 0 13206128 0 0 0 0 0 0 0 0 0 0 0 0 0 0 0 0 0 0 0 0 0 0 0 0 0 0 0 0 0 0 0 0 0 0 0 0 0 0 0 0 0 0 0 0 0 0 0 0 0 0 0 0 0 0 0 0 0 0 0 0 0 0 0 0 0 0 0 0 0 0 0 0 0 0 0 160196853 0 0 0
ctxt 346711503
btime 1669654930
processes 469237
procs_running 1
procs_blocked 0
softirq 548865651 389490220 25387766 713648 27883058 345847 0 62015717 30708691 557 12320147

cpu  764313 33748 1285398 468981577 101061 0 1586826 0 0 0
cpu0 99373 9522 172212 117504612 27644 0 360410 0 0 0
cpu1 434238 10210 736162 116365577 20420 0 490098 0 0 0
cpu2 118028 2833 198288 117561427 27273 0 379001 0 0 0
cpu3 112674 11183 178734 117549959 25721 0 357315 0 0 0
intr 10570359506 0 0 2425451 81 0 611624 26414690 0 0 0 8336360 0 0 0 0 0 0 0 0 0 0 0 0 0 0 0 0 0 0 0 0 0 0 0 0 0 0 0 0 0 0 0 0 0 0 0 0 0 0 0 0 1230357407 0 0 0 0 0 0 0 0 538889 0 345908 0 0 0 0 0 0 0 0 0 0 0 537649111 1 0 0 0 0 0 0 0 0 0 0 0 0 0 0 0 0 0 0 0 0 0 0 338143 4219 0 0 0 0 13206147 0 0 0 0 0 0 0 0 0 0 0 0 0 0 0 0 0 0 0 0 0 0 0 0 0 0 0 0 0 0 0 0 0 0 0 0 0 0 0 0 0 0 0 0 0 0 0 0 0 0 0 0 0 0 0 0 0 0 0 0 0 0 0 0 0 0 0 0 0 0 0 0 0 0 0 160196884 0 0 0
ctxt 346711599
btime 1669654930
processes 469237
procs_running 1
procs_blocked 0
softirq 548865712 389490220 25387780 713648 27883060 345847 0 62015734 30708708 557 12320158

cpu  764313 33748 1285399 468981774 101061 0 1586826 0 0 0
cpu0 99373 9522 172212 117504661 27644 0 360410 0 0 0
cpu1 434238 10210 736162 116365626 20420 0 490098 0 0 0
cpu2 118028 2833 198288 117561477 27273 0 379001 0 0 0
cpu3 112674 11183 178735 117550009 25721 0 357315 0 0 0
intr 10570363793 0 0 2425452 81 0 611624 26414727 0 0 0 8336364 0 0 0 0 0 0 0 0 0 0 0 0 0 0 0 0 0 0 0 0 0 0 0 0 0 0 0 0 0 0 0 0 0 0 0 0 0 0 0 0 1230361436 0 0 0 0 0 0 0 0 538890 0 345908 0 0 0 0 0 0 0 0 0 0 0 537649265 1 0 0 0 0 0 0 0 0 0 0 0 0 0 0 0 0 0 0 0 0 0 0 338143 4219 0 0 0 0 13206179 0 0 0 0 0 0 0 0 0 0 0 0 0 0 0 0 0 0 0 0 0 0 0 0 0 0 0 0 0 0 0 0 0 0 0 0 0 0 0 0 0 0 0 0 0 0 0 0 0 0 0 0 0 0 0 0 0 0 0 0 0 0 0 0 0 0 0 0 0 0 0 0 0 0 0 160196913 0 0 0
ctxt 346711725
btime 1669654930
processes 469237
procs_running 1
procs_blocked 0
softirq 548865796 389490228 25387797 713648 27883062 345847 0 62015762 30708726 557 12320169

cpu  764313 33748 1285399 468981971 101061 0 1586826 0 0 0
cpu0 99373 9522 172212 117504710 27644 0 360410 0 0 0
cpu1 434238 10210 736162 116365675 20420 0 490098 0 0 0
cpu2 118028 2833 198288 117561526 27273 0 379001 0 0 0
cpu3 112674 11183 178735 117550058 25721 0 357315 0 0 0
intr 10570368015 0 0 2425452 81 0 611624 26414757 0 0 0 8336368 0 0 0 0 0 0 0 0 0 0 0 0 0 0 0 0 0 0 0 0 0 0 0 0 0 0 0 0 0 0 0 0 0 0 0 0 0 0 0 0 1230365432 0 0 0 0 0 0 0 0 538891 0 345908 0 0 0 0 0 0 0 0 0 0 0 537649393 1 0 0 0 0 0 0 0 0 0 0 0 0 0 0 0 0 0 0 0 0 0 0 338143 4219 0 0 0 0 13206211 0 0 0 0 0 0 0 0 0 0 0 0 0 0 0 0 0 0 0 0 0 0 0 0 0 0 0 0 0 0 0 0 0 0 0 0 0 0 0 0 0 0 0 0 0 0 0 0 0 0 0 0 0 0 0 0 0 0 0 0 0 0 0 0 0 0 0 0 0 0 0 0 0 0 0 160196945 0 0 0
ctxt 346711841
btime 1669654930
processes 469237
procs_running 1
procs_blocked 0
softirq 548865870 389490228 25387812 713648 27883064 345847 0 62015790 30708744 557 12320180

cpu  764313 33748 1285400 468982168 101061 0 1586826 0 0 0
cpu0 99373 9522 172212 117504760 27644 0 360410 0 0 0
cpu1 434238 10210 736163 116365724 20420 0 490098 0 0 0
cpu2 118028 2833 198288 117561575 27273 0 379001 0 0 0
cpu3 112674 11183 178735 117550108 25721 0 357315 0 0 0
intr 10570372303 0 0 2425452 81 0 611624 26414796 0 0 0 8336371 0 0 0 0 0 0 0 0 0 0 0 0 0 0 0 0 0 0 0 0 0 0 0 0 0 0 0 0 0 0 0 0 0 0 0 0 0 0 0 0 1230369460 0 0 0 0 0 0 0 0 538892 0 345908 0 0 0 0 0 0 0 0 0 0 0 537649547 1 0 0 0 0 0 0 0 0 0 0 0 0 0 0 0 0 0 0 0 0 0 0 338143 4219 0 0 0 0 13206243 0 0 0 0 0 0 0 0 0 0 0 0 0 0 0 0 0 0 0 0 0 0 0 0 0 0 0 0 0 0 0 0 0 0 0 0 0 0 0 0 0 0 0 0 0 0 0 0 0 0 0 0 0 0 0 0 0 0 0 0 0 0 0 0 0 0 0 0 0 0 0 0 0 0 0 160196974 0 0 0
ctxt 346711967
btime 1669654930
processes 469237
procs_running 1
procs_blocked 0
softirq 548865956 389490236 25387829 713648 27883066 345847 0 62015818 30708763 557 12320192

cpu  764313 33748 1285400 468982364 101061 0 1586826 0 0 0
cpu0 99373 9522 172212 117504809 27644 0 360410 0 0 0
cpu1 434238 10210 736163 116365772 20420 0 490098 0 0 0
cpu2 118028 2833 198288 117561625 27273 0 379001 0 0 0
cpu3 112674 11183 178735 117550157 25721 0 357315 0 0 0
intr 10570376532 0 0 2425452 81 0 611624 26414830 0 0 0 8336374 0 0 0 0 0 0 0 0 0 0 0 0 0 0 0 0 0 0 0 0 0 0 0 0 0 0 0 0 0 0 0 0 0 0 0 0 0 0 0 0 1230373457 0 0 0 0 0 0 0 0 538893 0 345908 0 0 0 0 0 0 0 0 0 0 0 537649675 1 0 0 0 0 0 0 0 0 0 0 0 0 0 0 0 0 0 0 0 0 0 0 338143 4219 0 0 0 0 13206275 0 0 0 0 0 0 0 0 0 0 0 0 0 0 0 0 0 0 0 0 0 0 0 0 0 0 0 0 0 0 0 0 0 0 0 0 0 0 0 0 0 0 0 0 0 0 0 0 0 0 0 0 0 0 0 0 0 0 0 0 0 0 0 0 0 0 0 0 0 0 0 0 0 0 0 160197010 0 0 0
ctxt 346712090
btime 1669654930
processes 469237
procs_running 1
procs_blocked 0
softirq 548866035 389490236 25387846 713648 27883068 345847 0 62015845 30708783 557 12320205

cpu  764313 33748 1285400 468982561 101061 0 1586826 0 0 0
cpu0 99373 9522 172212 117504858 27644 0 360410 0 0 0
cpu1 434238 10210 736164 116365821 20420 0 490098 0 0 0
cpu2 118028 2833 198288 117561674 27273 0 379001 0 0 0
cpu3 112674 11183 178735 117550206 25721 0 357315 0 0 0
intr 10570380816 0 0 2425453 81 0 611624 26414866 0 0 0 8336377 0 0 0 0 0 0 0 0 0 0 0 0 0 0 0 0 0 0 0 0 0 0 0 0 0 0 0 0 0 0 0 0 0 0 0 0 0 0 0 0 1230377482 0 0 0 0 0 0 0 0 538894 0 345908 0 0 0 0 0 0 0 0 0 0 0 537649829 1 0 0 0 0 0 0 0 0 0 0 0 0 0 0 0 0 0 0 0 0 0 0 338143 4219 0 0 0 0 13206302 0 0 0 0 0 0 0 0 0 0 0 0 0 0 0 0 0 0 0 0 0 0 0 0 0 0 0 0 0 0 0 0 0 0 0 0 0 0 0 0 0 0 0 0 0 0 0 0 0 0 0 0 0 0 0 0 0 0 0 0 0 0 0 0 0 0 0 0 0 0 0 0 0 0 0 160197046 0 0 0
ctxt 346712220
btime 1669654930
processes 469237
procs_running 1
procs_blocked 0
softirq 548866123 389490244 25387865 713648 27883070 345847 0 62015868 30708806 557 12320218
