cpu  835314 36885 1401206 519522939 112007 0 2887857 0 0 0
cpu0 115398 9541 198766 130137482 30292 0 685928 0 0 0
cpu1 451862 10665 766783 129006167 23039 0 813395 0 0 0
cpu2 136255 2862 228614 130195626 30421 0 708464 0 0 0
cpu3 131798 13816 207042 130183663 28253 0 680068 0 0 0
intr 11976343818 0 0 2612035 81 0 730900 33761974 0 0 0 9284124 0 0 0 0 0 0 0 0 0 0 0 0 0 0 0 0 0 0 0 0 0 0 0 0 0 0 0 0 0 0 0 0 0 0 0 0 0 0 0 0 2426267292 0 0 0 0 0 0 0 0 817171 0 431617 0 0 0 0 0 0 0 0 0 0 0 712696493 1 0 0 0 0 0 0 0 0 0 0 0 0 0 0 0 0 0 0 0 0 0 0 423852 4219 0 0 0 0 18193231 0 0 0 0 0 0 0 0 0 0 0 0 0 0 0 0 0 0 0 0 0 0 0 0 0 0 0 0 0 0 0 0 0 0 0 0 0 0 0 0 0 0 0 0 0 0 0 0 0 0 0 0 0 0 0 0 0 0 0 0 0 0 0 0 0 0 0 0 0 0 0 0 0 0 0 181186237 0 0 0
ctxt 385181768
btime 1669654930
processes 550040
procs_running 1
procs_blocked 0
softirq 955663527 666425431 31341069 738467 73853468 431546 0 117206685 41087383 588 24578890

cpu  835314 36885 1401206 519523137 112007 0 2887857 0 0 0
cpu0 115398 9541 198766 130137531 30292 0 685928 0 0 0
cpu1 451862 10665 766783 129006217 23039 0 813395 0 0 0
cpu2 136255 2862 228614 130195675 30421 0 708464 0 0 0
cpu3 131798 13816 207042 130183713 28253 0 680068 0 0 0
intr 11976348023 0 0 2612036 81 0 730900 33761998 0 0 0 9284128 0 0 0 0 0 0 0 0 0 0 0 0 0 0 0 0 0 0 0 0 0 0 0 0 0 0 0 0 0 0 0 0 0 0 0 0 0 0 0 0 2426271296 0 0 0 0 0 0 0 0 817172 0 431617 0 0 0 0 0 0 0 0 0 0 0 712696623 1 0 0 0 0 0 0 0 0 0 0 0 0 0 0 0 0 0 0 0 0 0 0 423852 4219 0 0 0 0 18193246 0 0 0 0 0 0 0 0 0 0 0 0 0 0 0 0 0 0 0 0 0 0 0 0 0 0 0 0 0 0 0 0 0 0 0 0 0 0 0 0 0 0 0 0 0 0 0 0 0 0 0 0 0 0 0 0 0 0 0 0 0 0 0 0 0 0 0 0 0 0 0 0 0 0 0 181186263 0 0 0
ctxt 385181845
btime 1669654930
processes 550040
procs_running 1
procs_blocked 0
softirq 955663582 666425431 31341084 738468 73853469 431546 0 117206699 41087400 588 24578897

cpu  835314 36885 1401207 519523334 112007 0 2887857 0 0 0
cpu0 115398 9541 198766 130137581 30292 0 685928 0 0 0
cpu1 451862 10665 766783 129006266 23039 0 813395 0 0 0
cpu2 136255 2862 228614 130195724 30421 0 708464 0 0 0
cpu3 131798 13816 207042 130183762 28253 0 680068 0 0 0
intr 11976352276 0 0 2612036 81 0 730900 33762025 0 0 0 9284132 0 0 0 0 0 0 0 0 0 0 0 0 0 0 0 0 0 0 0 0 0 0 0 0 0 0 0 0 0 0 0 0 0 0 0 0 0 0 0 0 2426275324 0 0 0 0 0 0 0 0 817173 0 431617 0 0 0 0 0 0 0 0 0 0 0 712696776 1 0 0 0 0 0 0 0 0 0 0 0 0 0 0 0 0 0 0 0 0 0 0 423852 4219 0 0 0 0 18193261 0 0 0 0 0 0 0 0 0 0 0 0 0 0 0 0 0 0 0 0 0 0 0 0 0 0 0 0 0 0 0 0 0 0 0 0 0 0 0 0 0 0 0 0 0 0 0 0 0 0 0 0 0 0 0 0 0 0 0 0 0 0 0 0 0 0 0 0 0 0 0 0 0 0 0 181186289 0 0 0
ctxt 385181935
btime 1669654930
processes 550040
procs_running 1
procs_blocked 0
softirq 955663639 666425439 31341095 738468 73853470 431546 0 117206712 41087416 588 24578905

cpu  835314 36885 1401207 519523531 112007 0 2887857 0 0 0
cpu0 115398 9541 198766 130137630 30292 0 685928 0 0 0
cpu1 451862 10665 766783 129006315 23039 0 813395 0 0 0
cpu2 136255 2862 228614 130195773 30421 0 708464 0 0 0
cpu3 131798 13816 207042 130183811 28253 0 680068 0 0 0
intr 11976356470 0 0 2612036 81 0 730900 33762045 0 0 0 9284136 0 0 0 0 0 0 0 0 0 0 0 0 0 0 0 0 0 0 0 0 0 0 0 0 0 0 0 0 0 0 0 0 0 0 0 0 0 0 0 0 2426279320 0 0 0 0 0 0 0 0 817174 0 431617 0 0 0 0 0 0 0 0 0 0 0 712696905 1 0 0 0 0 0 0 0 0 0 0 0 0 0 0 0 0 0 0 0 0 0 0 423852 4219 0 0 0 0 18193276 0 0 0 0 0 0 0 0 0 0 0 0 0 0 0 0 0 0 0 0 0 0 0 0 0 0 0 0 0 0 0 0 0 0 0 0 0 0 0 0 0 0 0 0 0 0 0 0 0 0 0 0 0 0 0 0 0 0 0 0 0 0 0 0 0 0 0 0 0 0 0 0 0 0 0 181186317 0 0 0
ctxt 385182011
btime 1669654930
processes 550040
procs_running 1
procs_blocked 0
softirq 955663695 666425439 31341108 738468 73853471 431546 0 117206726 41087433 588 24578916

cpu  835314 36885 1401207 519523728 112007 0 2887857 0 0 0
cpu0 115398 9541 198766 130137680 30292 0 685928 0 0 0
cpu1 451862 10665 766784 129006364 23039 0 813395 0 0 0
cpu2 136255 2862 228614 130195822 30421 0 708464 0 0 0
cpu3 131798 13816 207042 130183861 28253 0 680068 0 0 0
intr 11976360719 0 0 2612036 81 0 730900 33762071 0 0 0 9284139 0 0 0 0 0 0 0 0 0 0 0 0 0 0 0 0 0 0 0 0 0 0 0 0 0 0 0 0 0 0 0 0 0 0 0 0 0 0 0 0 2426283346 0 0 0 0 0 0 0 0 817175 0 431617 0 0 0 0 0 0 0 0 0 0 0 712697058 1 0 0 0 0 0 0 0 0 0 0 0 0 0 0 0 0 0 0 0 0 0 0 423852 4219 0 0 0 0 18193291 0 0 0 0 0 0 0 0 0 0 0 0 0 0 0 0 0 0 0 0 0 0 0 0 0 0 0 0 0 0 0 0 0 0 0 0 0 0 0 0 0 0 0 0 0 0 0 0 0 0 0 0 0 0 0 0 0 0 0 0 0 0 0 0 0 0 0 0 0 0 0 0 0 0 0 181186343 0 0 0
ctxt 385182100
btime 1669654930
processes 550040
procs_running 1
procs_blocked 0
softirq 955663754 666425447 31341121 738468 73853472 431546 0 117206739 41087447 588 24578926

cpu  835314 36885 1401208 519523925 112007 0 2887857 0 0 0
cpu0 115398 9541 198766 130137729 30292 0 685928 0 0 0
cpu1 451862 10665 766784 129006413 23039 0 813395 0 0 0
cpu2 136255 2862 228614 130195871 30421 0 708464 0 0 0
cpu3 131798 13816 207042 130183910 28253 0 680068 0 0 0
intr 11976364929 0 0 2612041 81 0 730900 33762094 0 0 0 9284143 0 0 0 0 0 0 0 0 0 0 0 0 0 0 0 0 0 0 0 0 0 0 0 0 0 0 0 0 0 0 0 0 0 0 0 0 0 0 0 0 2426287342 0 0 0 0 0 0 0 0 817176 0 431617 0 0 0 0 0 0 0 0 0 0 0 712697187 1 0 0 0 0 0 0 0 0 0 0 0 0 0 0 0 0 0 0 0 0 0 0 423852 4219 0 0 0 0 18193306 0 0 0 0 0 0 0 0 0 0 0 0 0 0 0 0 0 0 0 0 0 0 0 0 0 0 0 0 0 0 0 0 0 0 0 0 0 0 0 0 0 0 0 0 0 0 0 0 0 0 0 0 0 0 0 0 0 0 0 0 0 0 0 0 0 0 0 0 0 0 0 0 0 0 0 181186379 0 0 0
ctxt 385182192
btime 1669654930
processes 550040
procs_running 1
procs_blocked 0
softirq 955663814 666425447 31341137 738468 73853473 431546 0 117206753 41087466 588 24578936

cpu  835314 36885 1401208 519524122 112007 0 2887857 0 0 0
cpu0 115398 9541 198766 130137778 30292 0 685928 0 0 0
cpu1 451862 10665 766784 129006463 23039 0 813395 0 0 0
cpu2 136255 2862 228614 130195920 30421 0 708464 0 0 0
cpu3 131798 13816 207042 130183959 28253 0 680068 0 0 0
intr 11976369187 0 0 2612041 81 0 730900 33762126 0 0 0 9284146 0 0 0 0 0 0 0 0 0 0 0 0 0 0 0 0 0 0 0 0 0 0 0 0 0 0 0 0 0 0 0 0 0 0 0 0 0 0 0 0 2426291370 0 0 0 0 0 0 0 0 817177 0 431617 0 0 0 0 0 0 0 0 0 0 0 712697340 1 0 0 0 0 0 0 0 0 0 0 0 0 0 0 0 0 0 0 0 0 0 0 423852 4219 0 0 0 0 18193325 0 0 0 0 0 0 0 0 0 0 0 0 0 0 0 0 0 0 0 0 0 0 0 0 0 0 0 0 0 0 0 0 0 0 0 0 0 0 0 0 0 0 0 0 0 0 0 0 0 0 0 0 0 0 0 0 0 0 0 0 0 0 0 0 0 0 0 0 0 0 0 0 0 0 0 181186402 0 0 0
ctxt 385182285
btime 1669654930
processes 550040
procs_running 1
procs_blocked 0
softirq 955663877 666425455 31341150 738468 73853475 431546 0 117206770 41087482 588 24578943

cpu  835314 36885 1401209 519524319 112007 0 2887857 0 0 0
cpu0 115398 9541 198766 130137828 30292 0 685928 0 0 0
cpu1 451862 10665 766785 129006512 23039 0 813395 0 0 0
cpu2 136255 2862 228614 130195969 30421 0 708464 0 0 0
cpu3 131798 13816 207042 130184009 28253 0 680068 0 0 0
intr 11976373377 0 0 2612041 81 0 730900 33762145 0 0 0 9284149 0 0 0 0 0 0 0 0 0 0 0 0 0 0 0 0 0 0 0 0 0 0 0 0 0 0 0 0 0 0 0 0 0 0 0 0 0 0 0 0 2426295366 0 0 0 0 0 0 0 0 817178 0 431617 0 0 0 0 0 0 0 0 0 0 0 712697469 1 0 0 0 0 0 0 0 0 0 0 0 0 0 0 0 0 0 0 0 0 0 0 423852 4219 0 0 0 0 18193340 0 0 0 0 0 0 0 0 0 0 0 0 0 0 0 0 0 0 0 0 0 0 0 0 0 0 0 0 0 0 0 0 0 0 0 0 0 0 0 0 0 0 0 0 0 0 0 0 0 0 0 0 0 0 0 0 0 0 0 0 0 0 0 0 0 0 0 0 0 0 0 0 0 0 0 181186428 0 0 0
ctxt 385182357
btime 1669654930
processes 550040
procs_running 1
procs_blocked 0
softirq 955663931 666425455 31341164 738468 73853476 431546 0 117206784 41087498 588 24578952

cpu  835314 36885 1401209 519524516 112007 0 2887857 0 0 0
cpu0 115398 9541 198766 130137877 30292 0 685928 0 0 0
cpu1 451862 10665 766786 129006561 23039 0 813395 0 0 0
cpu2 136255 2862 228614 130196018 30421 0 708464 0 0 0
cpu3 131798 13816 207042 130184058 28253 0 680068 0 0 0
intr 11976377631 0 0 2612041 81 0 730900 33762171 0 0 0 9284154 0 0 0 0 0 0 0 0 0 0 0 0 0 0 0 0 0 0 0 0 0 0 0 0 0 0 0 0 0 0 0 0 0 0 0 0 0 0 0 0 2426299394 0 0 0 0 0 0 0 0 817179 0 431617 0 0 0 0 0 0 0 0 0 0 0 712697623 1 0 0 0 0 0 0 0 0 0 0 0 0 0 0 0 0 0 0 0 0 0 0 423852 4219 0 0 0 0 18193355 0 0 0 0 0 0 0 0 0 0 0 0 0 0 0 0 0 0 0 0 0 0 0 0 0 0 0 0 0 0 0 0 0 0 0 0 0 0 0 0 0 0 0 0 0 0 0 0 0 0 0 0 0 0 0 0 0 0 0 0 0 0 0 0 0 0 0 0 0 0 0 0 0 0 0 181186454 0 0 0
ctxt 385182455
btime 1669654930
processes 550040
procs_running 1
procs_blocked 0
softirq 955663990 666425463 31341177 738468 73853477 431546 0 117206798 41087513 588 24578960

cpu  835314 36885 1401210 519524713 112007 0 2887858 0 0 0
cpu0 115398 9541 198767 130137926 30292 0 685928 0 0 0
cpu1 451862 10665 766786 129006610 23039 0 813395 0 0 0
cpu2 136255 2862 228614 130196067 30421 0 708465 0 0 0
cpu3 131798 13816 207042 130184108 28253 0 680068 0 0 0
intr 11976381846 0 0 2612042 81 0 730900 33762193 0 0 0 9284157 0 0 0 0 0 0 0 0 0 0 0 0 0 0 0 0 0 0 0 0 0 0 0 0 0 0 0 0 0 0 0 0 0 0 0 0 0 0 0 0 2426303390 0 0 0 0 0 0 0 0 817180 0 431617 0 0 0 0 0 0 0 0 0 0 0 712697751 1 0 0 0 0 0 0 0 0 0 0 0 0 0 0 0 0 0 0 0 0 0 0 423852 4219 0 0 0 0 18193370 0 0 0 0 0 0 0 0 0 0 0 0 0 0 0 0 0 0 0 0 0 0 0 0 0 0 0 0 0 0 0 0 0 0 0 0 0 0 0 0 0 0 0 0 0 0 0 0 0 0 0 0 0 0 0 0 0 0 0 0 0 0 0 0 0 0 0 0 0 0 0 0 0 0 0 181186502 0 0 0
ctxt 385182541
btime 1669654930
processes 550040
procs_running 1
procs_blocked 0
softirq 955664068 666425463 31341195 738468 73853478 431546 0 117206812 41087539 588 24578979

cpu  835315 36885 1401210 519524910 112007 0 2887858 0 0 0
cpu0 115398 9541 198767 130137976 30292 0 685928 0 0 0
cpu1 451862 10665 766786 129006660 23039 0 813395 0 0 0
cpu2 136256 2862 228614 130196116 30421 0 708465 0 0 0
cpu3 131798 13816 207042 130184157 28253 0 680068 0 0 0
intr 11976386099 0 0 2612042 81 0 730900 33762220 0 0 0 9284161 0 0 0 0 0 0 0 0 0 0 0 0 0 0 0 0 0 0 0 0 0 0 0 0 0 0 0 0 0 0 0 0 0 0 0 0 0 0 0 0 2426307418 0 0 0 0 0 0 0 0 817181 0 431617 0 0 0 0 0 0 0 0 0 0 0 712697905 1 0 0 0 0 0 0 0 0 0 0 0 0 0 0 0 0 0 0 0 0 0 0 423852 4219 0 0 0 0 18193385 0 0 0 0 0 0 0 0 0 0 0 0 0 0 0 0 0 0 0 0 0 0 0 0 0 0 0 0 0 0 0 0 0 0 0 0 0 0 0 0 0 0 0 0 0 0 0 0 0 0 0 0 0 0 0 0 0 0 0 0 0 0 0 0 0 0 0 0 0 0 0 0 0 0 0 181186527 0 0 0
ctxt 385182633
btime 1669654930
processes 550040
procs_running 1
procs_blocked 0
softirq 955664128 666425471 31341208 738468 73853479 431546 0 117206826 41087555 588 24578987

cpu  835315 36885 1401211 519525107 112007 0 2887858 0 0 0
cpu0 115398 9541 198767 130138025 30292 0 685928 0 0 0
cpu1 451862 10665 766786 129006709 23039 0 813395 0 0 0
cpu2 136256 2862 228615 130196165 30421 0 708465 0 0 0
cpu3 131798 13816 207042 130184206 28253 0 680068 0 0 0
intr 11976390286 0 0 2612042 81 0 730900 33762239 0 0 0 9284164 0 0 0 0 0 0 0 0 0 0 0 0 0 0 0 0 0 0 0 0 0 0 0 0 0 0 0 0 0 0 0 0 0 0 0 0 0 0 0 0 2426311414 0 0 0 0 0 0 0 0 817182 0 431617 0 0 0 0 0 0 0 0 0 0 0 712698033 1 0 0 0 0 0 0 0 0 0 0 0 0 0 0 0 0 0 0 0 0 0 0 423852 4219 0 0 0 0 18193400 0 0 0 0 0 0 0 0 0 0 0 0 0 0 0 0 0 0 0 0 0 0 0 0 0 0 0 0 0 0 0 0 0 0 0 0 0 0 0 0 0 0 0 0 0 0 0 0 0 0 0 0 0 0 0 0 0 0 0 0 0 0 0 0 0 0 0 0 0 0 0 0 0 0 0 181186551 0 0 0
ctxt 385182710
btime 1669654930
processes 550040
procs_running 1
procs_blocked 0
softirq 955664178 666425471 31341221 738468 73853480 431546 0 117206840 41087570 588 24578994

cpu  835315 36885 1401212 519525304 112007 0 2887858 0 0 0
cpu0 115398 9541 198767 130138075 30292 0 685928 0 0 0
cpu1 451862 10665 766786 129006758 23039 0 813395 0 0 0
cpu2 136256 2862 228615 130196214 30421 0 708465 0 0 0
cpu3 131798 13816 207042 130184256 28253 0 680068 0 0 0
intr 11976394535 0 0 2612042 81 0 730900 33762265 0 0 0 9284167 0 0 0 0 0 0 0 0 0 0 0 0 0 0 0 0 0 0 0 0 0 0 0 0 0 0 0 0 0 0 0 0 0 0 0 0 0 0 0 0 2426315440 0 0 0 0 0 0 0 0 817183 0 431617 0 0 0 0 0 0 0 0 0 0 0 712698187 1 0 0 0 0 0 0 0 0 0 0 0 0 0 0 0 0 0 0 0 0 0 0 423852 4219 0 0 0 0 18193415 0 0 0 0 0 0 0 0 0 0 0 0 0 0 0 0 0 0 0 0 0 0 0 0 0 0 0 0 0 0 0 0 0 0 0 0 0 0 0 0 0 0 0 0 0 0 0 0 0 0 0 0 0 0 0 0 0 0 0 0 0 0 0 0 0 0 0 0 0 0 0 0 0 0 0 181186575 0 0 0
ctxt 385182803
btime 1669654930
processes 550040
procs_running 1
procs_blocked 0
softirq 955664237 666425479 31341233 738468 73853481 431546 0 117206854 41087586 588 24579002

cpu  835315 36885 1401212 519525501 112007 0 2887858 0 0 0
cpu0 115398 9541 198767 130138124 30292 0 685928 0 0 0
cpu1 451862 10665 766787 129006807 23039 0 813395 0 0 0
cpu2 136256 2862 228615 130196264 30421 0 708465 0 0 0
cpu3 131798 13816 207042 130184305 28253 0 680068 0 0 0
intr 11976398732 0 0 2612043 81 0 730900 33762286 0 0 0 9284171 0 0 0 0 0 0 0 0 0 0 0 0 0 0 0 0 0 0 0 0 0 0 0 0 0 0 0 0 0 0 0 0 0 0 0 0 0 0 0 0 2426319436 0 0 0 0 0 0 0 0 817184 0 431617 0 0 0 0 0 0 0 0 0 0 0 712698315 1 0 0 0 0 0 0 0 0 0 0 0 0 0 0 0 0 0 0 0 0 0 0 423852 4219 0 0 0 0 18193430 0 0 0 0 0 0 0 0 0 0 0 0 0 0 0 0 0 0 0 0 0 0 0 0 0 0 0 0 0 0 0 0 0 0 0 0 0 0 0 0 0 0 0 0 0 0 0 0 0 0 0 0 0 0 0 0 0 0 0 0 0 0 0 0 0 0 0 0 0 0 0 0 0 0 0 181186605 0 0 0
ctxt 385182883
btime 1669654930
processes 550040
procs_running 1
procs_blocked 0
softirq 955664299 666425479 31341248 738469 73853482 431546 0 117206868 41087606 588 24579013

cpu  835316 36885 1401219 519525690 112007 0 2887858 0 0 0
cpu0 115399 9541 198768 130138171 30292 0 685928 0 0 0
cpu1 451862 10665 766788 129006854 23039 0 813396 0 0 0
cpu2 136256 2862 228618 130196310 30421 0 708465 0 0 0
cpu3 131798 13816 207043 130184354 28253 0 680068 0 0 0
intr 11976403157 0 0 2612045 81 0 730913 33762347 0 0 0 9284174 0 0 0 0 0 0 0 0 0 0 0 0 0 0 0 0 0 0 0 0 0 0 0 0 0 0 0 0 0 0 0 0 0 0 0 0 0 0 0 0 2426323463 0 0 0 0 0 0 0 0 817185 0 431617 0 0 0 0 0 0 0 0 0 0 0 712698467 1 0 0 0 0 0 0 0 0 0 0 0 0 0 0 0 0 0 0 0 0 0 0 423852 4219 0 0 0 0 18193462 0 0 0 0 0 0 0 0 0 0 0 0 0 0 0 0 0 0 0 0 0 0 0 0 0 0 0 0 0 0 0 0 0 0 0 0 0 0 0 0 0 0 0 0 0 0 0 0 0 0 0 0 0 0 0 0 0 0 0 0 0 0 0 0 0 0 0 0 0 0 0 0 0 0 0 181186739 0 0 0
ctxt 385183118
btime 1669654930
processes 550051
procs_running 1
procs_blocked 0
softirq 955664513 666425487 31341280 738469 73853485 431546 0 117206895 41087682 588 24579081

cpu  835316 36885 1401219 519525887 112007 0 2887858 0 0 0
cpu0 115399 9541 198768 130138221 30292 0 685928 0 0 0
cpu1 451862 10665 766788 129006902 23039 0 813396 0 0 0
cpu2 136256 2862 228618 130196360 30421 0 708465 0 0 0
cpu3 131798 13816 207043 130184403 28253 0 680068 0 0 0
intr 11976407375 0 0 2612047 81 0 730913 33762377 0 0 0 9284178 0 0 0 0 0 0 0 0 0 0 0 0 0 0 0 0 0 0 0 0 0 0 0 0 0 0 0 0 0 0 0 0 0 0 0 0 0 0 0 0 2426327459 0 0 0 0 0 0 0 0 817186 0 431617 0 0 0 0 0 0 0 0 0 0 0 712698597 1 0 0 0 0 0 0 0 0 0 0 0 0 0 0 0 0 0 0 0 0 0 0 423852 4219 0 0 0 0 18193484 0 0 0 0 0 0 0 0 0 0 0 0 0 0 0 0 0 0 0 0 0 0 0 0 0 0 0 0 0 0 0 0 0 0 0 0 0 0 0 0 0 0 0 0 0 0 0 0 0 0 0 0 0 0 0 0 0 0 0 0 0 0 0 0 0 0 0 0 0 0 0 0 0 0 0 181186773 0 0 0
ctxt 385183222
btime 1669654930
processes 550051
procs_running 1
procs_blocked 0
softirq 955664583 666425487 31341297 738469 73853486 431546 0 117206915 41087701 588 24579094

cpu  835316 36885 1401219 519526084 112007 0 2887858 0 0 0
cpu0 115399 9541 198768 130138270 30292 0 685928 0 0 0
cpu1 451863 10665 766788 129006951 23039 0 813396 0 0 0
cpu2 136256 2862 228618 130196409 30421 0 708465 0 0 0
cpu3 131798 13816 207043 130184452 28253 0 680068 0 0 0
intr 11976411646 0 0 2612047 81 0 730913 33762412 0 0 0 9284183 0 0 0 0 0 0 0 0 0 0 0 0 0 0 0 0 0 0 0 0 0 0 0 0 0 0 0 0 0 0 0 0 0 0 0 0 0 0 0 0 2426331486 0 0 0 0 0 0 0 0 817187 0 431617 0 0 0 0 0 0 0 0 0 0 0 712698750 1 0 0 0 0 0 0 0 0 0 0 0 0 0 0 0 0 0 0 0 0 0 0 423852 4219 0 0 0 0 18193506 0 0 0 0 0 0 0 0 0 0 0 0 0 0 0 0 0 0 0 0 0 0 0 0 0 0 0 0 0 0 0 0 0 0 0 0 0 0 0 0 0 0 0 0 0 0 0 0 0 0 0 0 0 0 0 0 0 0 0 0 0 0 0 0 0 0 0 0 0 0 0 0 0 0 0 181186802 0 0 0
ctxt 385183331
btime 1669654930
processes 550051
procs_running 1
procs_blocked 0
softirq 955664652 666425495 31341311 738469 73853488 431546 0 117206934 41087718 588 24579103

cpu  835316 36885 1401220 519526281 112007 0 2887858 0 0 0
cpu0 115399 9541 198768 130138319 30292 0 685928 0 0 0
cpu1 451863 10665 766789 129007000 23039 0 813396 0 0 0
cpu2 136256 2862 228619 130196458 30421 0 708465 0 0 0
cpu3 131798 13816 207043 130184502 28253 0 680068 0 0 0
intr 11976415836 0 0 2612047 81 0 730913 33762432 0 0 0 9284187 0 0 0 0 0 0 0 0 0 0 0 0 0 0 0 0 0 0 0 0 0 0 0 0 0 0 0 0 0 0 0 0 0 0 0 0 0 0 0 0 2426335482 0 0 0 0 0 0 0 0 817188 0 431617 0 0 0 0 0 0 0 0 0 0 0 712698879 1 0 0 0 0 0 0 0 0 0 0 0 0 0 0 0 0 0 0 0 0 0 0 423852 4219 0 0 0 0 18193521 0 0 0 0 0 0 0 0 0 0 0 0 0 0 0 0 0 0 0 0 0 0 0 0 0 0 0 0 0 0 0 0 0 0 0 0 0 0 0 0 0 0 0 0 0 0 0 0 0 0 0 0 0 0 0 0 0 0 0 0 0 0 0 0 0 0 0 0 0 0 0 0 0 0 0 181186826 0 0 0
ctxt 385183405
btime 1669654930
processes 550051
procs_running 1
procs_blocked 0
softirq 955664706 666425495 31341324 738469 73853489 431546 0 117206948 41087734 588 24579113

cpu  835316 36885 1401220 519526478 112007 0 2887858 0 0 0
cpu0 115399 9541 198768 130138369 30292 0 685928 0 0 0
cpu1 451863 10665 766789 129007049 23039 0 813396 0 0 0
cpu2 136256 2862 228619 130196507 30421 0 708465 0 0 0
cpu3 131798 13816 207043 130184551 28253 0 680068 0 0 0
intr 11976420112 0 0 2612048 81 0 730913 33762466 0 0 0 9284191 0 0 0 0 0 0 0 0 0 0 0 0 0 0 0 0 0 0 0 0 0 0 0 0 0 0 0 0 0 0 0 0 0 0 0 0 0 0 0 0 2426339510 0 0 0 0 0 0 0 0 817189 0 431617 0 0 0 0 0 0 0 0 0 0 0 712699032 1 0 0 0 0 0 0 0 0 0 0 0 0 0 0 0 0 0 0 0 0 0 0 423852 4219 0 0 0 0 18193543 0 0 0 0 0 0 0 0 0 0 0 0 0 0 0 0 0 0 0 0 0 0 0 0 0 0 0 0 0 0 0 0 0 0 0 0 0 0 0 0 0 0 0 0 0 0 0 0 0 0 0 0 0 0 0 0 0 0 0 0 0 0 0 0 0 0 0 0 0 0 0 0 0 0 0 181186860 0 0 0
ctxt 385183513
btime 1669654930
processes 550051
procs_running 1
procs_blocked 0
softirq 955664784 666425503 31341340 738469 73853491 431546 0 117206969 41087754 588 24579124

cpu  835316 36885 1401221 519526675 112007 0 2887858 0 0 0
cpu0 115399 9541 198768 130138418 30292 0 685928 0 0 0
cpu1 451863 10665 766789 129007098 23039 0 813396 0 0 0
cpu2 136256 2862 228620 130196557 30421 0 708465 0 0 0
cpu3 131798 13816 207043 130184600 28253 0 680068 0 0 0
intr 11976424300 0 0 2612048 81 0 730913 33762486 0 0 0 9284194 0 0 0 0 0 0 0 0 0 0 0 0 0 0 0 0 0 0 0 0 0 0 0 0 0 0 0 0 0 0 0 0 0 0 0 0 0 0 0 0 2426343506 0 0 0 0 0 0 0 0 817190 0 431617 0 0 0 0 0 0 0 0 0 0 0 712699159 1 0 0 0 0 0 0 0 0 0 0 0 0 0 0 0 0 0 0 0 0 0 0 423852 4219 0 0 0 0 18193558 0 0 0 0 0 0 0 0 0 0 0 0 0 0 0 0 0 0 0 0 0 0 0 0 0 0 0 0 0 0 0 0 0 0 0 0 0 0 0 0 0 0 0 0 0 0 0 0 0 0 0 0 0 0 0 0 0 0 0 0 0 0 0 0 0 0 0 0 0 0 0 0 0 0 0 181186885 0 0 0
ctxt 385183592
btime 1669654930
processes 550051
procs_running 1
procs_blocked 0
softirq 955664840 666425503 31341355 738469 73853492 431546 0 117206983 41087770 588 24579134

cpu  835316 36885 1401222 519526872 112007 0 2887858 0 0 0
cpu0 115399 9541 198768 130138468 30292 0 685928 0 0 0
cpu1 451863 10665 766789 129007147 23039 0 813396 0 0 0
cpu2 136256 2862 228620 130196606 30421 0 708465 0 0 0
cpu3 131798 13816 207043 130184650 28253 0 680068 0 0 0
intr 11976428553 0 0 2612048 81 0 730913 33762514 0 0 0 9284198 0 0 0 0 0 0 0 0 0 0 0 0 0 0 0 0 0 0 0 0 0 0 0 0 0 0 0 0 0 0 0 0 0 0 0 0 0 0 0 0 2426347533 0 0 0 0 0 0 0 0 817191 0 431617 0 0 0 0 0 0 0 0 0 0 0 712699312 1 0 0 0 0 0 0 0 0 0 0 0 0 0 0 0 0 0 0 0 0 0 0 423852 4219 0 0 0 0 18193573 0 0 0 0 0 0 0 0 0 0 0 0 0 0 0 0 0 0 0 0 0 0 0 0 0 0 0 0 0 0 0 0 0 0 0 0 0 0 0 0 0 0 0 0 0 0 0 0 0 0 0 0 0 0 0 0 0 0 0 0 0 0 0 0 0 0 0 0 0 0 0 0 0 0 0 181186911 0 0 0
ctxt 385183689
btime 1669654930
processes 550051
procs_running 1
procs_blocked 0
softirq 955664901 666425511 31341368 738469 73853493 431546 0 117206996 41087784 588 24579146

cpu  835316 36885 1401222 519527069 112007 0 2887858 0 0 0
cpu0 115399 9541 198768 130138517 30292 0 685928 0 0 0
cpu1 451863 10665 766789 129007196 23039 0 813396 0 0 0
cpu2 136256 2862 228620 130196655 30421 0 708465 0 0 0
cpu3 131798 13816 207043 130184699 28253 0 680068 0 0 0
intr 11976432748 0 0 2612048 81 0 730913 33762535 0 0 0 9284202 0 0 0 0 0 0 0 0 0 0 0 0 0 0 0 0 0 0 0 0 0 0 0 0 0 0 0 0 0 0 0 0 0 0 0 0 0 0 0 0 2426351528 0 0 0 0 0 0 0 0 817192 0 431617 0 0 0 0 0 0 0 0 0 0 0 712699441 1 0 0 0 0 0 0 0 0 0 0 0 0 0 0 0 0 0 0 0 0 0 0 423852 4219 0 0 0 0 18193588 0 0 0 0 0 0 0 0 0 0 0 0 0 0 0 0 0 0 0 0 0 0 0 0 0 0 0 0 0 0 0 0 0 0 0 0 0 0 0 0 0 0 0 0 0 0 0 0 0 0 0 0 0 0 0 0 0 0 0 0 0 0 0 0 0 0 0 0 0 0 0 0 0 0 0 181186939 0 0 0
ctxt 385183780
btime 1669654930
processes 550051
procs_running 1
procs_blocked 0
softirq 955664954 666425511 31341381 738469 73853494 431546 0 117207010 41087799 588 24579156

cpu  835316 36885 1401222 519527266 112007 0 2887858 0 0 0
cpu0 115399 9541 198768 130138566 30292 0 685928 0 0 0
cpu1 451863 10665 766789 129007245 23039 0 813396 0 0 0
cpu2 136256 2862 228620 130196705 30421 0 708465 0 0 0
cpu3 131798 13816 207043 130184748 28253 0 680068 0 0 0
intr 11976437009 0 0 2612049 81 0 730913 33762568 0 0 0 9284206 0 0 0 0 0 0 0 0 0 0 0 0 0 0 0 0 0 0 0 0 0 0 0 0 0 0 0 0 0 0 0 0 0 0 0 0 0 0 0 0 2426355556 0 0 0 0 0 0 0 0 817193 0 431617 0 0 0 0 0 0 0 0 0 0 0 712699594 1 0 0 0 0 0 0 0 0 0 0 0 0 0 0 0 0 0 0 0 0 0 0 423852 4219 0 0 0 0 18193603 0 0 0 0 0 0 0 0 0 0 0 0 0 0 0 0 0 0 0 0 0 0 0 0 0 0 0 0 0 0 0 0 0 0 0 0 0 0 0 0 0 0 0 0 0 0 0 0 0 0 0 0 0 0 0 0 0 0 0 0 0 0 0 0 0 0 0 0 0 0 0 0 0 0 0 181186966 0 0 0
ctxt 385183882
btime 1669654930
processes 550051
procs_running 1
procs_blocked 0
softirq 955665017 666425519 31341394 738469 73853495 431546 0 117207024 41087814 588 24579168

cpu  835317 36885 1401222 519527463 112007 0 2887858 0 0 0
cpu0 115399 9541 198768 130138616 30292 0 685928 0 0 0
cpu1 451863 10665 766790 129007294 23039 0 813396 0 0 0
cpu2 136256 2862 228620 130196754 30421 0 708465 0 0 0
cpu3 131798 13816 207043 130184798 28253 0 680068 0 0 0
intr 11976441204 0 0 2612049 81 0 730913 33762588 0 0 0 9284209 0 0 0 0 0 0 0 0 0 0 0 0 0 0 0 0 0 0 0 0 0 0 0 0 0 0 0 0 0 0 0 0 0 0 0 0 0 0 0 0 2426359552 0 0 0 0 0 0 0 0 817194 0 431617 0 0 0 0 0 0 0 0 0 0 0 712699723 1 0 0 0 0 0 0 0 0 0 0 0 0 0 0 0 0 0 0 0 0 0 0 423852 4219 0 0 0 0 18193618 0 0 0 0 0 0 0 0 0 0 0 0 0 0 0 0 0 0 0 0 0 0 0 0 0 0 0 0 0 0 0 0 0 0 0 0 0 0 0 0 0 0 0 0 0 0 0 0 0 0 0 0 0 0 0 0 0 0 0 0 0 0 0 0 0 0 0 0 0 0 0 0 0 0 0 181186997 0 0 0
ctxt 385183967
btime 1669654930
processes 550051
procs_running 1
procs_blocked 0
softirq 955665080 666425519 31341409 738470 73853496 431546 0 117207038 41087833 588 24579181

cpu  835317 36885 1401222 519527604 112007 0 2887912 0 0 0
cpu0 115399 9541 198768 130138657 30292 0 685937 0 0 0
cpu1 451863 10665 766790 129007334 23039 0 813403 0 0 0
cpu2 136256 2862 228620 130196774 30421 0 708494 0 0 0
cpu3 131798 13816 207043 130184837 28253 0 680076 0 0 0
intr 11976456113 0 0 2612053 81 0 730913 33762633 0 0 0 9284212 0 0 0 0 0 0 0 0 0 0 0 0 0 0 0 0 0 0 0 0 0 0 0 0 0 0 0 0 0 0 0 0 0 0 0 0 0 0 0 0 2426368698 0 0 0 0 0 0 0 0 817195 0 431617 0 0 0 0 0 0 0 0 0 0 0 712705116 1 0 0 0 0 0 0 0 0 0 0 0 0 0 0 0 0 0 0 0 0 0 0 423852 4219 0 0 0 0 18193633 0 0 0 0 0 0 0 0 0 0 0 0 0 0 0 0 0 0 0 0 0 0 0 0 0 0 0 0 0 0 0 0 0 0 0 0 0 0 0 0 0 0 0 0 0 0 0 0 0 0 0 0 0 0 0 0 0 0 0 0 0 0 0 0 0 0 0 0 0 0 0 0 0 0 0 181187306 0 0 0
ctxt 385184497
btime 1669654930
processes 550051
procs_running 2
procs_blocked 0
softirq 955678106 666433558 31341476 738470 73855309 431546 0 117209095 41087912 588 24580152

cpu  835317 36885 1401222 519527723 112007 0 2887976 0 0 0
cpu0 115399 9541 198768 130138696 30292 0 685941 0 0 0
cpu1 451863 10665 766790 129007374 23039 0 813408 0 0 0
cpu2 136256 2862 228620 130196814 30421 0 708499 0 0 0
cpu3 131798 13816 207043 130184837 28253 0 680126 0 0 0
intr 11976472732 0 0 2612053 81 0 730913 33762657 0 0 0 9284212 0 0 0 0 0 0 0 0 0 0 0 0 0 0 0 0 0 0 0 0 0 0 0 0 0 0 0 0 0 0 0 0 0 0 0 0 0 0 0 0 2426378539 0 0 0 0 0 0 0 0 817196 0 431617 0 0 0 0 0 0 0 0 0 0 0 712711595 1 0 0 0 0 0 0 0 0 0 0 0 0 0 0 0 0 0 0 0 0 0 0 423852 4219 0 0 0 0 18193648 0 0 0 0 0 0 0 0 0 0 0 0 0 0 0 0 0 0 0 0 0 0 0 0 0 0 0 0 0 0 0 0 0 0 0 0 0 0 0 0 0 0 0 0 0 0 0 0 0 0 0 0 0 0 0 0 0 0 0 0 0 0 0 0 0 0 0 0 0 0 0 0 0 0 0 181187558 0 0 0
ctxt 385184917
btime 1669654930
processes 550051
procs_running 2
procs_blocked 0
softirq 955692120 666446831 31341561 738470 73855417 431546 0 117209361 41088011 588 24580335

cpu  835317 36885 1401224 519527834 112013 0 2888038 0 0 0
cpu0 115399 9541 198770 130138736 30292 0 685944 0 0 0
cpu1 451863 10665 766790 129007407 23045 0 813414 0 0 0
cpu2 136256 2862 228621 130196852 30421 0 708503 0 0 0
cpu3 131798 13816 207043 130184837 28253 0 680176 0 0 0
intr 11976489598 0 0 2612058 81 0 730914 33762742 0 0 0 9284212 0 0 0 0 0 0 0 0 0 0 0 0 0 0 0 0 0 0 0 0 0 0 0 0 0 0 0 0 0 0 0 0 0 0 0 0 0 0 0 0 2426388462 0 0 0 0 0 0 0 0 817198 0 431639 0 0 0 0 0 0 0 0 0 0 0 712718113 1 0 0 0 0 0 0 0 0 0 0 0 0 0 0 0 0 0 0 0 0 0 0 423874 4219 0 0 0 0 18193675 0 0 0 0 0 0 0 0 0 0 0 0 0 0 0 0 0 0 0 0 0 0 0 0 0 0 0 0 0 0 0 0 0 0 0 0 0 0 0 0 0 0 0 0 0 0 0 0 0 0 0 0 0 0 0 0 0 0 0 0 0 0 0 0 0 0 0 0 0 0 0 0 0 0 0 181187819 0 0 0
ctxt 385185602
btime 1669654930
processes 550052
procs_running 2
procs_blocked 0
softirq 955706911 666460856 31341650 738470 73855517 431568 0 117209681 41088069 588 24580512

cpu  835317 36885 1401225 519527952 112013 0 2888100 0 0 0
cpu0 115399 9541 198770 130138776 30292 0 685948 0 0 0
cpu1 451863 10665 766790 129007446 23045 0 813418 0 0 0
cpu2 136256 2862 228621 130196892 30421 0 708506 0 0 0
cpu3 131798 13816 207043 130184837 28253 0 680226 0 0 0
intr 11976506284 0 0 2612058 81 0 730914 33762772 0 0 0 9284212 0 0 0 0 0 0 0 0 0 0 0 0 0 0 0 0 0 0 0 0 0 0 0 0 0 0 0 0 0 0 0 0 0 0 0 0 0 0 0 0 2426398356 0 0 0 0 0 0 0 0 817199 0 431639 0 0 0 0 0 0 0 0 0 0 0 712724617 1 0 0 0 0 0 0 0 0 0 0 0 0 0 0 0 0 0 0 0 0 0 0 423874 4219 0 0 0 0 18193690 0 0 0 0 0 0 0 0 0 0 0 0 0 0 0 0 0 0 0 0 0 0 0 0 0 0 0 0 0 0 0 0 0 0 0 0 0 0 0 0 0 0 0 0 0 0 0 0 0 0 0 0 0 0 0 0 0 0 0 0 0 0 0 0 0 0 0 0 0 0 0 0 0 0 0 181188066 0 0 0
ctxt 385186009
btime 1669654930
processes 550052
procs_running 3
procs_blocked 0
softirq 955721226 666474531 31341732 738470 73855617 431568 0 117209923 41088113 588 24580684

cpu  835318 36885 1401226 519528071 112013 0 2888163 0 0 0
cpu0 115399 9541 198770 130138815 30292 0 685952 0 0 0
cpu1 451864 10665 766791 129007486 23045 0 813423 0 0 0
cpu2 136256 2862 228621 130196931 30421 0 708512 0 0 0
cpu3 131798 13816 207043 130184837 28253 0 680276 0 0 0
intr 11976523016 0 0 2612058 81 0 730914 33762808 0 0 0 9284212 0 0 0 0 0 0 0 0 0 0 0 0 0 0 0 0 0 0 0 0 0 0 0 0 0 0 0 0 0 0 0 0 0 0 0 0 0 0 0 0 2426408262 0 0 0 0 0 0 0 0 817200 0 431639 0 0 0 0 0 0 0 0 0 0 0 712731147 1 0 0 0 0 0 0 0 0 0 0 0 0 0 0 0 0 0 0 0 0 0 0 423874 4219 0 0 0 0 18193705 0 0 0 0 0 0 0 0 0 0 0 0 0 0 0 0 0 0 0 0 0 0 0 0 0 0 0 0 0 0 0 0 0 0 0 0 0 0 0 0 0 0 0 0 0 0 0 0 0 0 0 0 0 0 0 0 0 0 0 0 0 0 0 0 0 0 0 0 0 0 0 0 0 0 0 181188310 0 0 0
ctxt 385186426
btime 1669654930
processes 550052
procs_running 2
procs_blocked 0
softirq 955735889 666488508 31341818 738470 73855723 431568 0 117210200 41088155 588 24580859

cpu  835318 36885 1401226 519528191 112013 0 2888223 0 0 0
cpu0 115399 9541 198770 130138856 30292 0 685954 0 0 0
cpu1 451864 10665 766791 129007526 23045 0 813426 0 0 0
cpu2 136256 2862 228621 130196970 30421 0 708515 0 0 0
cpu3 131798 13816 207043 130184837 28253 0 680326 0 0 0
intr 11976539639 0 0 2612058 81 0 730914 33762854 0 0 0 9284212 0 0 0 0 0 0 0 0 0 0 0 0 0 0 0 0 0 0 0 0 0 0 0 0 0 0 0 0 0 0 0 0 0 0 0 0 0 0 0 0 2426418106 0 0 0 0 0 0 0 0 817201 0 431639 0 0 0 0 0 0 0 0 0 0 0 712737627 1 0 0 0 0 0 0 0 0 0 0 0 0 0 0 0 0 0 0 0 0 0 0 423874 4219 0 0 0 0 18193720 0 0 0 0 0 0 0 0 0 0 0 0 0 0 0 0 0 0 0 0 0 0 0 0 0 0 0 0 0 0 0 0 0 0 0 0 0 0 0 0 0 0 0 0 0 0 0 0 0 0 0 0 0 0 0 0 0 0 0 0 0 0 0 0 0 0 0 0 0 0 0 0 0 0 0 181188545 0 0 0
ctxt 385186816
btime 1669654930
processes 550052
procs_running 2
procs_blocked 0
softirq 955748702 666500709 31341902 738470 73855819 431568 0 117210426 41088192 588 24581028

cpu  835319 36885 1401227 519528308 112013 0 2888286 0 0 0
cpu0 115399 9541 198770 130138895 30292 0 685961 0 0 0
cpu1 451865 10665 766791 129007565 23045 0 813430 0 0 0
cpu2 136256 2862 228621 130197010 30421 0 708519 0 0 0
cpu3 131798 13816 207044 130184837 28253 0 680376 0 0 0
intr 11976556380 0 0 2612059 81 0 730914 33762919 0 0 0 9284212 0 0 0 0 0 0 0 0 0 0 0 0 0 0 0 0 0 0 0 0 0 0 0 0 0 0 0 0 0 0 0 0 0 0 0 0 0 0 0 0 2426427976 0 0 0 0 0 0 0 0 817202 0 431639 0 0 0 0 0 0 0 0 0 0 0 712744125 1 0 0 0 0 0 0 0 0 0 0 0 0 0 0 0 0 0 0 0 0 0 0 423874 4219 0 0 0 0 18193762 0 0 0 0 0 0 0 0 0 0 0 0 0 0 0 0 0 0 0 0 0 0 0 0 0 0 0 0 0 0 0 0 0 0 0 0 0 0 0 0 0 0 0 0 0 0 0 0 0 0 0 0 0 0 0 0 0 0 0 0 0 0 0 0 0 0 0 0 0 0 0 0 0 0 0 181188806 0 0 0
ctxt 385187323
btime 1669654930
processes 550052
procs_running 2
procs_blocked 0
softirq 955763191 666514526 31341997 738470 73855920 431568 0 117210690 41088222 588 24581210

cpu  835319 36885 1401228 519528431 112013 0 2888348 0 0 0
cpu0 115399 9541 198770 130138936 30292 0 685965 0 0 0
cpu1 451865 10665 766792 129007606 23045 0 813433 0 0 0
cpu2 136256 2862 228621 130197051 30421 0 708524 0 0 0
cpu3 131798 13816 207044 130184837 28253 0 680426 0 0 0
intr 11976573250 0 0 2612059 81 0 730914 33762949 0 0 0 9284212 0 0 0 0 0 0 0 0 0 0 0 0 0 0 0 0 0 0 0 0 0 0 0 0 0 0 0 0 0 0 0 0 0 0 0 0 0 0 0 0 2426438049 0 0 0 0 0 0 0 0 817203 0 431639 0 0 0 0 0 0 0 0 0 0 0 712750628 1 0 0 0 0 0 0 0 0 0 0 0 0 0 0 0 0 0 0 0 0 0 0 423874 4219 0 0 0 0 18193777 0 0 0 0 0 0 0 0 0 0 0 0 0 0 0 0 0 0 0 0 0 0 0 0 0 0 0 0 0 0 0 0 0 0 0 0 0 0 0 0 0 0 0 0 0 0 0 0 0 0 0 0 0 0 0 0 0 0 0 0 0 0 0 0 0 0 0 0 0 0 0 0 0 0 0 181189053 0 0 0
ctxt 385187837
btime 1669654930
processes 550052
procs_running 2
procs_blocked 0
softirq 955776426 666526628 31342081 738470 73856200 431568 0 117211085 41088241 588 24581565

cpu  835320 36885 1401228 519528556 112013 0 2888409 0 0 0
cpu0 115399 9541 198770 130138976 30292 0 685971 0 0 0
cpu1 451865 10665 766792 129007645 23045 0 813436 0 0 0
cpu2 136256 2862 228621 130197060 30421 0 708566 0 0 0
cpu3 131798 13816 207044 130184873 28253 0 680435 0 0 0
intr 11976590689 0 0 2612059 81 0 730914 33763001 0 0 0 9284212 0 0 0 0 0 0 0 0 0 0 0 0 0 0 0 0 0 0 0 0 0 0 0 0 0 0 0 0 0 0 0 0 0 0 0 0 0 0 0 0 2426448388 0 0 0 0 0 0 0 0 817204 0 431639 0 0 0 0 0 0 0 0 0 0 0 712757355 1 0 0 0 0 0 0 0 0 0 0 0 0 0 0 0 0 0 0 0 0 0 0 423874 4219 0 0 0 0 18193792 0 0 0 0 0 0 0 0 0 0 0 0 0 0 0 0 0 0 0 0 0 0 0 0 0 0 0 0 0 0 0 0 0 0 0 0 0 0 0 0 0 0 0 0 0 0 0 0 0 0 0 0 0 0 0 0 0 0 0 0 0 0 0 0 0 0 0 0 0 0 0 0 0 0 0 181189362 0 0 0
ctxt 385188355
btime 1669654930
processes 550052
procs_running 3
procs_blocked 0
softirq 955792172 666539083 31342165 738470 73857321 431568 0 117212433 41088333 588 24582211

cpu  835320 36885 1401229 519528671 112013 0 2888467 0 0 0
cpu0 115400 9541 198770 130139015 30292 0 685974 0 0 0
cpu1 451865 10665 766793 129007682 23045 0 813440 0 0 0
cpu2 136256 2862 228621 130197060 30421 0 708614 0 0 0
cpu3 131798 13816 207044 130184912 28253 0 680437 0 0 0
intr 11976606865 0 0 2612059 81 0 730914 33763031 0 0 0 9284212 0 0 0 0 0 0 0 0 0 0 0 0 0 0 0 0 0 0 0 0 0 0 0 0 0 0 0 0 0 0 0 0 0 0 0 0 0 0 0 0 2426457976 0 0 0 0 0 0 0 0 817205 0 431639 0 0 0 0 0 0 0 0 0 0 0 712763661 1 0 0 0 0 0 0 0 0 0 0 0 0 0 0 0 0 0 0 0 0 0 0 423874 4219 0 0 0 0 18193807 0 0 0 0 0 0 0 0 0 0 0 0 0 0 0 0 0 0 0 0 0 0 0 0 0 0 0 0 0 0 0 0 0 0 0 0 0 0 0 0 0 0 0 0 0 0 0 0 0 0 0 0 0 0 0 0 0 0 0 0 0 0 0 0 0 0 0 0 0 0 0 0 0 0 0 181189595 0 0 0
ctxt 385188794
btime 1669654930
processes 550052
procs_running 2
procs_blocked 0
softirq 955805802 666551995 31342237 738470 73857429 431568 0 117212706 41088425 588 24582384

cpu  835320 36885 1401231 519528788 112013 0 2888528 0 0 0
cpu0 115400 9541 198771 130139055 30292 0 685978 0 0 0
cpu1 451865 10665 766794 129007720 23045 0 813444 0 0 0
cpu2 136256 2862 228621 130197060 30421 0 708664 0 0 0
cpu3 131798 13816 207044 130184951 28253 0 680441 0 0 0
intr 11976623618 0 0 2612060 81 0 730915 33763098 0 0 0 9284213 0 0 0 0 0 0 0 0 0 0 0 0 0 0 0 0 0 0 0 0 0 0 0 0 0 0 0 0 0 0 0 0 0 0 0 0 0 0 0 0 2426467871 0 0 0 0 0 0 0 0 817206 0 431639 0 0 0 0 0 0 0 0 0 0 0 712770176 1 0 0 0 0 0 0 0 0 0 0 0 0 0 0 0 0 0 0 0 0 0 0 423874 4219 0 0 0 0 18193834 0 0 0 0 0 0 0 0 0 0 0 0 0 0 0 0 0 0 0 0 0 0 0 0 0 0 0 0 0 0 0 0 0 0 0 0 0 0 0 0 0 0 0 0 0 0 0 0 0 0 0 0 0 0 0 0 0 0 0 0 0 0 0 0 0 0 0 0 0 0 0 0 0 0 0 181189844 0 0 0
ctxt 385189292
btime 1669654930
processes 550052
procs_running 2
procs_blocked 0
softirq 955820898 666566404 31342315 738470 73857533 431568 0 117212962 41088496 588 24582562

cpu  835320 36885 1401234 519528907 112013 0 2888590 0 0 0
cpu0 115400 9541 198772 130139094 30292 0 685982 0 0 0
cpu1 451865 10665 766796 129007760 23045 0 813448 0 0 0
cpu2 136256 2862 228621 130197060 30421 0 708714 0 0 0
cpu3 131798 13816 207044 130184991 28253 0 680445 0 0 0
intr 11976640332 0 0 2612060 81 0 730915 33763122 0 0 0 9284213 0 0 0 0 0 0 0 0 0 0 0 0 0 0 0 0 0 0 0 0 0 0 0 0 0 0 0 0 0 0 0 0 0 0 0 0 0 0 0 0 2426477771 0 0 0 0 0 0 0 0 817207 0 431639 0 0 0 0 0 0 0 0 0 0 0 712776694 1 0 0 0 0 0 0 0 0 0 0 0 0 0 0 0 0 0 0 0 0 0 0 423874 4219 0 0 0 0 18193849 0 0 0 0 0 0 0 0 0 0 0 0 0 0 0 0 0 0 0 0 0 0 0 0 0 0 0 0 0 0 0 0 0 0 0 0 0 0 0 0 0 0 0 0 0 0 0 0 0 0 0 0 0 0 0 0 0 0 0 0 0 0 0 0 0 0 0 0 0 0 0 0 0 0 0 181190100 0 0 0
ctxt 385189701
btime 1669654930
processes 550052
procs_running 3
procs_blocked 0
softirq 955835391 666580224 31342395 738471 73857638 431568 0 117213217 41088541 588 24582749

cpu  835320 36885 1401235 519529026 112013 0 2888652 0 0 0
cpu0 115400 9541 198772 130139134 30292 0 685987 0 0 0
cpu1 451865 10665 766796 129007800 23045 0 813452 0 0 0
cpu2 136256 2862 228622 130197060 30421 0 708763 0 0 0
cpu3 131798 13816 207044 130185031 28253 0 680448 0 0 0
intr 11976657005 0 0 2612060 81 0 730915 33763159 0 0 0 9284213 0 0 0 0 0 0 0 0 0 0 0 0 0 0 0 0 0 0 0 0 0 0 0 0 0 0 0 0 0 0 0 0 0 0 0 0 0 0 0 0 2426487643 0 0 0 0 0 0 0 0 817208 0 431639 0 0 0 0 0 0 0 0 0 0 0 712783190 1 0 0 0 0 0 0 0 0 0 0 0 0 0 0 0 0 0 0 0 0 0 0 423874 4219 0 0 0 0 18193864 0 0 0 0 0 0 0 0 0 0 0 0 0 0 0 0 0 0 0 0 0 0 0 0 0 0 0 0 0 0 0 0 0 0 0 0 0 0 0 0 0 0 0 0 0 0 0 0 0 0 0 0 0 0 0 0 0 0 0 0 0 0 0 0 0 0 0 0 0 0 0 0 0 0 0 181190349 0 0 0
ctxt 385190104
btime 1669654930
processes 550052
procs_running 3
procs_blocked 0
softirq 955848595 666592775 31342474 738471 73857741 431568 0 117213462 41088585 588 24582931

cpu  835321 36885 1401237 519529145 112013 0 2888714 0 0 0
cpu0 115400 9541 198773 130139174 30292 0 685991 0 0 0
cpu1 451865 10665 766797 129007839 23045 0 813456 0 0 0
cpu2 136256 2862 228622 130197060 30421 0 708813 0 0 0
cpu3 131798 13816 207044 130185070 28253 0 680453 0 0 0
intr 11976673741 0 0 2612060 81 0 730915 33763206 0 0 0 9284213 0 0 0 0 0 0 0 0 0 0 0 0 0 0 0 0 0 0 0 0 0 0 0 0 0 0 0 0 0 0 0 0 0 0 0 0 0 0 0 0 2426497558 0 0 0 0 0 0 0 0 817209 0 431639 0 0 0 0 0 0 0 0 0 0 0 712789704 1 0 0 0 0 0 0 0 0 0 0 0 0 0 0 0 0 0 0 0 0 0 0 423874 4219 0 0 0 0 18193879 0 0 0 0 0 0 0 0 0 0 0 0 0 0 0 0 0 0 0 0 0 0 0 0 0 0 0 0 0 0 0 0 0 0 0 0 0 0 0 0 0 0 0 0 0 0 0 0 0 0 0 0 0 0 0 0 0 0 0 0 0 0 0 0 0 0 0 0 0 0 0 0 0 0 0 181190597 0 0 0
ctxt 385190513
btime 1669654930
processes 550052
procs_running 2
procs_blocked 0
softirq 955862093 666605612 31342550 738471 73857843 431568 0 117213721 41088626 588 24583114

cpu  835321 36885 1401238 519529266 112013 0 2888775 0 0 0
cpu0 115401 9541 198773 130139214 30292 0 685995 0 0 0
cpu1 451865 10665 766798 129007880 23045 0 813459 0 0 0
cpu2 136256 2862 228622 130197060 30421 0 708863 0 0 0
cpu3 131798 13816 207045 130185111 28253 0 680457 0 0 0
intr 11976690469 0 0 2612061 81 0 730915 33763235 0 0 0 9284213 0 0 0 0 0 0 0 0 0 0 0 0 0 0 0 0 0 0 0 0 0 0 0 0 0 0 0 0 0 0 0 0 0 0 0 0 0 0 0 0 2426507497 0 0 0 0 0 0 0 0 817210 0 431639 0 0 0 0 0 0 0 0 0 0 0 712796194 1 0 0 0 0 0 0 0 0 0 0 0 0 0 0 0 0 0 0 0 0 0 0 423874 4219 0 0 0 0 18193894 0 0 0 0 0 0 0 0 0 0 0 0 0 0 0 0 0 0 0 0 0 0 0 0 0 0 0 0 0 0 0 0 0 0 0 0 0 0 0 0 0 0 0 0 0 0 0 0 0 0 0 0 0 0 0 0 0 0 0 0 0 0 0 0 0 0 0 0 0 0 0 0 0 0 0 181190845 0 0 0
ctxt 385190913
btime 1669654930
processes 550052
procs_running 2
procs_blocked 0
softirq 955874873 666617635 31342628 738471 73857975 431568 0 117214002 41088684 588 24583322

cpu  835321 36885 1401239 519529391 112013 0 2888830 0 0 0
cpu0 115401 9541 198773 130139253 30292 0 686000 0 0 0
cpu1 451865 10665 766798 129007903 23045 0 813483 0 0 0
cpu2 136256 2862 228622 130197083 30421 0 708885 0 0 0
cpu3 131798 13816 207045 130185151 28253 0 680462 0 0 0
intr 11976707622 0 0 2612061 81 0 730915 33763276 0 0 0 9284213 0 0 0 0 0 0 0 0 0 0 0 0 0 0 0 0 0 0 0 0 0 0 0 0 0 0 0 0 0 0 0 0 0 0 0 0 0 0 0 0 2426517716 0 0 0 0 0 0 0 0 817211 0 431641 0 0 0 0 0 0 0 0 0 0 0 712802746 1 0 0 0 0 0 0 0 0 0 0 0 0 0 0 0 0 0 0 0 0 0 0 423876 4219 0 0 0 0 18193923 0 0 0 0 0 0 0 0 0 0 0 0 0 0 0 0 0 0 0 0 0 0 0 0 0 0 0 0 0 0 0 0 0 0 0 0 0 0 0 0 0 0 0 0 0 0 0 0 0 0 0 0 0 0 0 0 0 0 0 0 0 0 0 0 0 0 0 0 0 0 0 0 0 0 0 181191157 0 0 0
ctxt 385191491
btime 1669654930
processes 550052
procs_running 2
procs_blocked 0
softirq 955887920 666626962 31342712 738471 73859263 431570 0 117215499 41088761 588 24584094

cpu  835322 36885 1401240 519529511 112013 0 2888892 0 0 0
cpu0 115401 9541 198773 130139293 30292 0 686005 0 0 0
cpu1 451865 10665 766798 129007903 23045 0 813533 0 0 0
cpu2 136256 2862 228622 130197124 30421 0 708888 0 0 0
cpu3 131798 13816 207046 130185190 28253 0 680465 0 0 0
intr 11976724273 0 0 2612061 81 0 730916 33763302 0 0 0 9284213 0 0 0 0 0 0 0 0 0 0 0 0 0 0 0 0 0 0 0 0 0 0 0 0 0 0 0 0 0 0 0 0 0 0 0 0 0 0 0 0 2426527576 0 0 0 0 0 0 0 0 817212 0 431641 0 0 0 0 0 0 0 0 0 0 0 712809247 1 0 0 0 0 0 0 0 0 0 0 0 0 0 0 0 0 0 0 0 0 0 0 423876 4219 0 0 0 0 18193936 0 0 0 0 0 0 0 0 0 0 0 0 0 0 0 0 0 0 0 0 0 0 0 0 0 0 0 0 0 0 0 0 0 0 0 0 0 0 0 0 0 0 0 0 0 0 0 0 0 0 0 0 0 0 0 0 0 0 0 0 0 0 0 0 0 0 0 0 0 0 0 0 0 0 0 181191406 0 0 0
ctxt 385191888
btime 1669654930
processes 550053
procs_running 2
procs_blocked 0
softirq 955901164 666639499 31342788 738471 73859373 431570 0 117215740 41088856 588 24584279

cpu  835322 36885 1401240 519529630 112013 0 2888954 0 0 0
cpu0 115402 9541 198773 130139334 30292 0 686008 0 0 0
cpu1 451865 10665 766798 129007903 23045 0 813583 0 0 0
cpu2 136256 2862 228622 130197164 30421 0 708891 0 0 0
cpu3 131798 13816 207046 130185228 28253 0 680470 0 0 0
intr 11976740941 0 0 2612061 81 0 730916 33763341 0 0 0 9284213 0 0 0 0 0 0 0 0 0 0 0 0 0 0 0 0 0 0 0 0 0 0 0 0 0 0 0 0 0 0 0 0 0 0 0 0 0 0 0 0 2426537430 0 0 0 0 0 0 0 0 817213 0 431641 0 0 0 0 0 0 0 0 0 0 0 712815756 1 0 0 0 0 0 0 0 0 0 0 0 0 0 0 0 0 0 0 0 0 0 0 423876 4219 0 0 0 0 18193951 0 0 0 0 0 0 0 0 0 0 0 0 0 0 0 0 0 0 0 0 0 0 0 0 0 0 0 0 0 0 0 0 0 0 0 0 0 0 0 0 0 0 0 0 0 0 0 0 0 0 0 0 0 0 0 0 0 0 0 0 0 0 0 0 0 0 0 0 0 0 0 0 0 0 0 181191652 0 0 0
ctxt 385192290
btime 1669654930
processes 550053
procs_running 3
procs_blocked 0
softirq 955915431 666653114 31342857 738471 73859473 431570 0 117215958 41088949 588 24584451

cpu  835322 36885 1401240 519529749 112013 0 2889013 0 0 0
cpu0 115402 9541 198773 130139374 30292 0 686010 0 0 0
cpu1 451865 10665 766798 129007903 23045 0 813633 0 0 0
cpu2 136256 2862 228622 130197204 30421 0 708894 0 0 0
cpu3 131798 13816 207046 130185267 28253 0 680474 0 0 0
intr 11976757612 0 0 2612062 81 0 730916 33763376 0 0 0 9284213 0 0 0 0 0 0 0 0 0 0 0 0 0 0 0 0 0 0 0 0 0 0 0 0 0 0 0 0 0 0 0 0 0 0 0 0 0 0 0 0 2426547299 0 0 0 0 0 0 0 0 817214 0 431641 0 0 0 0 0 0 0 0 0 0 0 712822263 1 0 0 0 0 0 0 0 0 0 0 0 0 0 0 0 0 0 0 0 0 0 0 423876 4219 0 0 0 0 18193966 0 0 0 0 0 0 0 0 0 0 0 0 0 0 0 0 0 0 0 0 0 0 0 0 0 0 0 0 0 0 0 0 0 0 0 0 0 0 0 0 0 0 0 0 0 0 0 0 0 0 0 0 0 0 0 0 0 0 0 0 0 0 0 0 0 0 0 0 0 0 0 0 0 0 0 181191898 0 0 0
ctxt 385192682
btime 1669654930
processes 550053
procs_running 2
procs_blocked 0
softirq 955928312 666665291 31342936 738471 73859578 431570 0 117216203 41089046 588 24584629

cpu  835323 36885 1401241 519529868 112013 0 2889076 0 0 0
cpu0 115402 9541 198773 130139414 30292 0 686012 0 0 0
cpu1 451865 10665 766798 129007903 23045 0 813683 0 0 0
cpu2 136256 2862 228622 130197244 30421 0 708899 0 0 0
cpu3 131798 13816 207047 130185307 28253 0 680480 0 0 0
intr 11976774291 0 0 2612062 81 0 730916 33763409 0 0 0 9284213 0 0 0 0 0 0 0 0 0 0 0 0 0 0 0 0 0 0 0 0 0 0 0 0 0 0 0 0 0 0 0 0 0 0 0 0 0 0 0 0 2426557174 0 0 0 0 0 0 0 0 817215 0 431641 0 0 0 0 0 0 0 0 0 0 0 712828778 1 0 0 0 0 0 0 0 0 0 0 0 0 0 0 0 0 0 0 0 0 0 0 423876 4219 0 0 0 0 18193981 0 0 0 0 0 0 0 0 0 0 0 0 0 0 0 0 0 0 0 0 0 0 0 0 0 0 0 0 0 0 0 0 0 0 0 0 0 0 0 0 0 0 0 0 0 0 0 0 0 0 0 0 0 0 0 0 0 0 0 0 0 0 0 0 0 0 0 0 0 0 0 0 0 0 0 181192138 0 0 0
ctxt 385193082
btime 1669654930
processes 550053
procs_running 3
procs_blocked 0
softirq 955942321 666678656 31343012 738471 73859680 431570 0 117216430 41089111 588 24584803

cpu  835323 36885 1401241 519529988 112013 0 2889136 0 0 0
cpu0 115403 9541 198774 130139454 30292 0 686015 0 0 0
cpu1 451865 10665 766798 129007903 23045 0 813733 0 0 0
cpu2 136256 2862 228622 130197283 30421 0 708902 0 0 0
cpu3 131798 13816 207047 130185346 28253 0 680485 0 0 0
intr 11976791001 0 0 2612062 81 0 730917 33763431 0 0 0 9284214 0 0 0 0 0 0 0 0 0 0 0 0 0 0 0 0 0 0 0 0 0 0 0 0 0 0 0 0 0 0 0 0 0 0 0 0 0 0 0 0 2426567076 0 0 0 0 0 0 0 0 817216 0 431641 0 0 0 0 0 0 0 0 0 0 0 712835293 1 0 0 0 0 0 0 0 0 0 0 0 0 0 0 0 0 0 0 0 0 0 0 423876 4219 0 0 0 0 18193996 0 0 0 0 0 0 0 0 0 0 0 0 0 0 0 0 0 0 0 0 0 0 0 0 0 0 0 0 0 0 0 0 0 0 0 0 0 0 0 0 0 0 0 0 0 0 0 0 0 0 0 0 0 0 0 0 0 0 0 0 0 0 0 0 0 0 0 0 0 0 0 0 0 0 0 181192387 0 0 0
ctxt 385193474
btime 1669654930
processes 550053
procs_running 2
procs_blocked 0
softirq 955956104 666691785 31343099 738472 73859780 431570 0 117216660 41089170 588 24584980

cpu  835324 36885 1401242 519530107 112013 0 2889199 0 0 0
cpu0 115403 9541 198774 130139494 30292 0 686018 0 0 0
cpu1 451865 10665 766798 129007903 23045 0 813783 0 0 0
cpu2 136256 2862 228622 130197323 30421 0 708908 0 0 0
cpu3 131798 13816 207047 130185386 28253 0 680489 0 0 0
intr 11976807110 0 0 2612062 81 0 730917 33763463 0 0 0 9284214 0 0 0 0 0 0 0 0 0 0 0 0 0 0 0 0 0 0 0 0 0 0 0 0 0 0 0 0 0 0 0 0 0 0 0 0 0 0 0 0 2426576677 0 0 0 0 0 0 0 0 817217 0 431641 0 0 0 0 0 0 0 0 0 0 0 712841502 1 0 0 0 0 0 0 0 0 0 0 0 0 0 0 0 0 0 0 0 0 0 0 423876 4219 0 0 0 0 18194011 0 0 0 0 0 0 0 0 0 0 0 0 0 0 0 0 0 0 0 0 0 0 0 0 0 0 0 0 0 0 0 0 0 0 0 0 0 0 0 0 0 0 0 0 0 0 0 0 0 0 0 0 0 0 0 0 0 0 0 0 0 0 0 0 0 0 0 0 0 0 0 0 0 0 0 181192638 0 0 0
ctxt 385193881
btime 1669654930
processes 550053
procs_running 2
procs_blocked 0
softirq 955969735 666704726 31343176 738472 73859897 431570 0 117216898 41089208 588 24585200

cpu  835324 36885 1401243 519530304 112013 0 2889200 0 0 0
cpu0 115403 9541 198774 130139543 30292 0 686018 0 0 0
cpu1 451865 10665 766798 129007951 23045 0 813784 0 0 0
cpu2 136256 2862 228622 130197372 30421 0 708908 0 0 0
cpu3 131798 13816 207047 130185436 28253 0 680489 0 0 0
intr 11976811358 0 0 2612067 81 0 730917 33763491 0 0 0 9284214 0 0 0 0 0 0 0 0 0 0 0 0 0 0 0 0 0 0 0 0 0 0 0 0 0 0 0 0 0 0 0 0 0 0 0 0 0 0 0 0 2426580680 0 0 0 0 0 0 0 0 817218 0 431641 0 0 0 0 0 0 0 0 0 0 0 712841631 1 0 0 0 0 0 0 0 0 0 0 0 0 0 0 0 0 0 0 0 0 0 0 423876 4219 0 0 0 0 18194044 0 0 0 0 0 0 0 0 0 0 0 0 0 0 0 0 0 0 0 0 0 0 0 0 0 0 0 0 0 0 0 0 0 0 0 0 0 0 0 0 0 0 0 0 0 0 0 0 0 0 0 0 0 0 0 0 0 0 0 0 0 0 0 0 0 0 0 0 0 0 0 0 0 0 0 181192688 0 0 0
ctxt 385194001
btime 1669654930
processes 550053
procs_running 1
procs_blocked 0
softirq 955970158 666704726 31343199 738472 73859899 431570 0 117216927 41089221 588 24585556

cpu  835324 36885 1401243 519530502 112013 0 2889200 0 0 0
cpu0 115403 9541 198774 130139592 30292 0 686018 0 0 0
cpu1 451865 10665 766798 129008001 23045 0 813784 0 0 0
cpu2 136256 2862 228622 130197422 30421 0 708908 0 0 0
cpu3 131798 13816 207047 130185485 28253 0 680489 0 0 0
intr 11976815623 0 0 2612067 81 0 730917 33763522 0 0 0 9284214 0 0 0 0 0 0 0 0 0 0 0 0 0 0 0 0 0 0 0 0 0 0 0 0 0 0 0 0 0 0 0 0 0 0 0 0 0 0 0 0 2426584697 0 0 0 0 0 0 0 0 817219 0 431641 0 0 0 0 0 0 0 0 0 0 0 712841784 1 0 0 0 0 0 0 0 0 0 0 0 0 0 0 0 0 0 0 0 0 0 0 423876 4219 0 0 0 0 18194076 0 0 0 0 0 0 0 0 0 0 0 0 0 0 0 0 0 0 0 0 0 0 0 0 0 0 0 0 0 0 0 0 0 0 0 0 0 0 0 0 0 0 0 0 0 0 0 0 0 0 0 0 0 0 0 0 0 0 0 0 0 0 0 0 0 0 0 0 0 0 0 0 0 0 0 181192717 0 0 0
ctxt 385194124
btime 1669654930
processes 550053
procs_running 1
procs_blocked 0
softirq 955970239 666704734 31343213 738472 73859901 431570 0 117216955 41089238 588 24585568

cpu  835324 36885 1401243 519530700 112013 0 2889200 0 0 0
cpu0 115403 9541 198775 130139642 30292 0 686018 0 0 0
cpu1 451865 10665 766798 129008050 23045 0 813784 0 0 0
cpu2 136256 2862 228622 130197472 30421 0 708908 0 0 0
cpu3 131798 13816 207047 130185535 28253 0 680489 0 0 0
intr 11976819845 0 0 2612067 81 0 730917 33763548 0 0 0 9284214 0 0 0 0 0 0 0 0 0 0 0 0 0 0 0 0 0 0 0 0 0 0 0 0 0 0 0 0 0 0 0 0 0 0 0 0 0 0 0 0 2426588698 0 0 0 0 0 0 0 0 817220 0 431641 0 0 0 0 0 0 0 0 0 0 0 712841912 1 0 0 0 0 0 0 0 0 0 0 0 0 0 0 0 0 0 0 0 0 0 0 423876 4219 0 0 0 0 18194108 0 0 0 0 0 0 0 0 0 0 0 0 0 0 0 0 0 0 0 0 0 0 0 0 0 0 0 0 0 0 0 0 0 0 0 0 0 0 0 0 0 0 0 0 0 0 0 0 0 0 0 0 0 0 0 0 0 0 0 0 0 0 0 0 0 0 0 0 0 0 0 0 0 0 0 181192751 0 0 0
ctxt 385194239
btime 1669654930
processes 550053
procs_running 1
procs_blocked 0
softirq 955970313 666704734 31343228 738472 73859903 431570 0 117216983 41089256 588 24585579

cpu  835324 36885 1401243 519530898 112013 0 2889200 0 0 0
cpu0 115403 9541 198775 130139691 30292 0 686018 0 0 0
cpu1 451865 10665 766798 129008100 23045 0 813784 0 0 0
cpu2 136256 2862 228622 130197521 30421 0 708908 0 0 0
cpu3 131798 13816 207047 130185584 28253 0 680489 0 0 0
intr 11976824118 0 0 2612067 81 0 730917 33763580 0 0 0 9284214 0 0 0 0 0 0 0 0 0 0 0 0 0 0 0 0 0 0 0 0 0 0 0 0 0 0 0 0 0 0 0 0 0 0 0 0 0 0 0 0 2426592723 0 0 0 0 0 0 0 0 817221 0 431641 0 0 0 0 0 0 0 0 0 0 0 712842066 1 0 0 0 0 0 0 0 0 0 0 0 0 0 0 0 0 0 0 0 0 0 0 423876 4219 0 0 0 0 18194140 0 0 0 0 0 0 0 0 0 0 0 0 0 0 0 0 0 0 0 0 0 0 0 0 0 0 0 0 0 0 0 0 0 0 0 0 0 0 0 0 0 0 0 0 0 0 0 0 0 0 0 0 0 0 0 0 0 0 0 0 0 0 0 0 0 0 0 0 0 0 0 0 0 0 0 181192780 0 0 0
ctxt 385194357
btime 1669654930
processes 550053
procs_running 1
procs_blocked 0
softirq 955970394 666704742 31343243 738472 73859905 431570 0 117217010 41089274 588 24585590

cpu  835324 36885 1401244 519531096 112014 0 2889200 0 0 0
cpu0 115403 9541 198775 130139740 30292 0 686018 0 0 0
cpu1 451865 10665 766798 129008149 23045 0 813784 0 0 0
cpu2 136256 2862 228622 130197571 30421 0 708908 0 0 0
cpu3 131798 13816 207048 130185634 28253 0 680489 0 0 0
intr 11976828378 0 0 2612068 81 0 730917 33763617 0 0 0 9284214 0 0 0 0 0 0 0 0 0 0 0 0 0 0 0 0 0 0 0 0 0 0 0 0 0 0 0 0 0 0 0 0 0 0 0 0 0 0 0 0 2426596723 0 0 0 0 0 0 0 0 817223 0 431644 0 0 0 0 0 0 0 0 0 0 0 712842194 1 0 0 0 0 0 0 0 0 0 0 0 0 0 0 0 0 0 0 0 0 0 0 423879 4219 0 0 0 0 18194178 0 0 0 0 0 0 0 0 0 0 0 0 0 0 0 0 0 0 0 0 0 0 0 0 0 0 0 0 0 0 0 0 0 0 0 0 0 0 0 0 0 0 0 0 0 0 0 0 0 0 0 0 0 0 0 0 0 0 0 0 0 0 0 0 0 0 0 0 0 0 0 0 0 0 0 181192828 0 0 0
ctxt 385194535
btime 1669654930
processes 550053
procs_running 1
procs_blocked 0
softirq 955970513 666704742 31343265 738472 73859908 431573 0 117217052 41089303 588 24585610

cpu  835324 36885 1401244 519531294 112014 0 2889200 0 0 0
cpu0 115403 9541 198776 130139789 30292 0 686018 0 0 0
cpu1 451865 10665 766798 129008199 23045 0 813784 0 0 0
cpu2 136256 2862 228622 130197621 30421 0 708908 0 0 0
cpu3 131798 13816 207048 130185683 28253 0 680490 0 0 0
intr 11976832662 0 0 2612068 81 0 730917 33763650 0 0 0 9284214 0 0 0 0 0 0 0 0 0 0 0 0 0 0 0 0 0 0 0 0 0 0 0 0 0 0 0 0 0 0 0 0 0 0 0 0 0 0 0 0 2426600748 0 0 0 0 0 0 0 0 817224 0 431644 0 0 0 0 0 0 0 0 0 0 0 712842348 1 0 0 0 0 0 0 0 0 0 0 0 0 0 0 0 0 0 0 0 0 0 0 423879 4219 0 0 0 0 18194210 0 0 0 0 0 0 0 0 0 0 0 0 0 0 0 0 0 0 0 0 0 0 0 0 0 0 0 0 0 0 0 0 0 0 0 0 0 0 0 0 0 0 0 0 0 0 0 0 0 0 0 0 0 0 0 0 0 0 0 0 0 0 0 0 0 0 0 0 0 0 0 0 0 0 0 181192867 0 0 0
ctxt 385194667
btime 1669654930
processes 550053
procs_running 1
procs_blocked 0
softirq 955970602 666704750 31343282 738472 73859910 431573 0 117217079 41089325 588 24585623

cpu  835324 36885 1401244 519531492 112014 0 2889200 0 0 0
cpu0 115403 9541 198776 130139839 30292 0 686018 0 0 0
cpu1 451865 10665 766798 129008249 23045 0 813784 0 0 0
cpu2 136256 2862 228622 130197670 30421 0 708908 0 0 0
cpu3 131798 13816 207048 130185733 28253 0 680490 0 0 0
intr 11976836885 0 0 2612068 81 0 730917 33763676 0 0 0 9284214 0 0 0 0 0 0 0 0 0 0 0 0 0 0 0 0 0 0 0 0 0 0 0 0 0 0 0 0 0 0 0 0 0 0 0 0 0 0 0 0 2426604749 0 0 0 0 0 0 0 0 817225 0 431644 0 0 0 0 0 0 0 0 0 0 0 712842476 1 0 0 0 0 0 0 0 0 0 0 0 0 0 0 0 0 0 0 0 0 0 0 423879 4219 0 0 0 0 18194242 0 0 0 0 0 0 0 0 0 0 0 0 0 0 0 0 0 0 0 0 0 0 0 0 0 0 0 0 0 0 0 0 0 0 0 0 0 0 0 0 0 0 0 0 0 0 0 0 0 0 0 0 0 0 0 0 0 0 0 0 0 0 0 0 0 0 0 0 0 0 0 0 0 0 0 181192903 0 0 0
ctxt 385194782
btime 1669654930
processes 550053
procs_running 1
procs_blocked 0
softirq 955970678 666704750 31343298 738472 73859912 431573 0 117217107 41089344 588 24585634

cpu  835324 36885 1401245 519531691 112014 0 2889200 0 0 0
cpu0 115403 9541 198776 130139888 30292 0 686018 0 0 0
cpu1 451865 10665 766798 129008299 23045 0 813784 0 0 0
cpu2 136256 2862 228622 130197720 30421 0 708908 0 0 0
cpu3 131798 13816 207048 130185783 28253 0 680490 0 0 0
intr 11976841161 0 0 2612068 81 0 730917 33763706 0 0 0 9284214 0 0 0 0 0 0 0 0 0 0 0 0 0 0 0 0 0 0 0 0 0 0 0 0 0 0 0 0 0 0 0 0 0 0 0 0 0 0 0 0 2426608773 0 0 0 0 0 0 0 0 817226 0 431644 0 0 0 0 0 0 0 0 0 0 0 712842630 1 0 0 0 0 0 0 0 0 0 0 0 0 0 0 0 0 0 0 0 0 0 0 423879 4219 0 0 0 0 18194274 0 0 0 0 0 0 0 0 0 0 0 0 0 0 0 0 0 0 0 0 0 0 0 0 0 0 0 0 0 0 0 0 0 0 0 0 0 0 0 0 0 0 0 0 0 0 0 0 0 0 0 0 0 0 0 0 0 0 0 0 0 0 0 0 0 0 0 0 0 0 0 0 0 0 0 181192937 0 0 0
ctxt 385194915
btime 1669654930
processes 550053
procs_running 1
procs_blocked 0
softirq 955970759 666704758 31343313 738472 73859914 431573 0 117217134 41089361 588 24585646

cpu  835324 36885 1401245 519531889 112014 0 2889200 0 0 0
cpu0 115403 9541 198776 130139937 30292 0 686018 0 0 0
cpu1 451865 10665 766798 129008348 23045 0 813784 0 0 0
cpu2 136256 2862 228622 130197770 30421 0 708908 0 0 0
cpu3 131798 13816 207048 130185832 28253 0 680490 0 0 0
intr 11976845396 0 0 2612073 81 0 730917 33763732 0 0 0 9284216 0 0 0 0 0 0 0 0 0 0 0 0 0 0 0 0 0 0 0 0 0 0 0 0 0 0 0 0 0 0 0 0 0 0 0 0 0 0 0 0 2426612776 0 0 0 0 0 0 0 0 817227 0 431644 0 0 0 0 0 0 0 0 0 0 0 712842758 1 0 0 0 0 0 0 0 0 0 0 0 0 0 0 0 0 0 0 0 0 0 0 423879 4219 0 0 0 0 18194306 0 0 0 0 0 0 0 0 0 0 0 0 0 0 0 0 0 0 0 0 0 0 0 0 0 0 0 0 0 0 0 0 0 0 0 0 0 0 0 0 0 0 0 0 0 0 0 0 0 0 0 0 0 0 0 0 0 0 0 0 0 0 0 0 0 0 0 0 0 0 0 0 0 0 0 181192976 0 0 0
ctxt 385195038
btime 1669654930
processes 550053
procs_running 1
procs_blocked 0
softirq 955970837 666704758 31343330 738472 73859916 431573 0 117217162 41089381 588 24585657

cpu  835324 36885 1401246 519532085 112014 0 2889200 0 0 0
cpu0 115403 9541 198776 130139986 30292 0 686018 0 0 0
cpu1 451865 10665 766798 129008398 23045 0 813784 0 0 0
cpu2 136256 2862 228622 130197819 30421 0 708908 0 0 0
cpu3 131798 13816 207048 130185881 28253 0 680490 0 0 0
intr 11976849670 0 0 2612073 81 0 730917 33763762 0 0 0 9284221 0 0 0 0 0 0 0 0 0 0 0 0 0 0 0 0 0 0 0 0 0 0 0 0 0 0 0 0 0 0 0 0 0 0 0 0 0 0 0 0 2426616795 0 0 0 0 0 0 0 0 817228 0 431644 0 0 0 0 0 0 0 0 0 0 0 712842912 1 0 0 0 0 0 0 0 0 0 0 0 0 0 0 0 0 0 0 0 0 0 0 423879 4219 0 0 0 0 18194338 0 0 0 0 0 0 0 0 0 0 0 0 0 0 0 0 0 0 0 0 0 0 0 0 0 0 0 0 0 0 0 0 0 0 0 0 0 0 0 0 0 0 0 0 0 0 0 0 0 0 0 0 0 0 0 0 0 0 0 0 0 0 0 0 0 0 0 0 0 0 0 0 0 0 0 181193009 0 0 0
ctxt 385195158
btime 1669654930
processes 550053
procs_running 1
procs_blocked 0
softirq 955970931 666704766 31343349 738473 73859918 431573 0 117217189 41089404 588 24585671

cpu  835324 36885 1401246 519532282 112014 0 2889200 0 0 0
cpu0 115403 9541 198776 130140035 30292 0 686018 0 0 0
cpu1 451865 10665 766798 129008447 23045 0 813784 0 0 0
cpu2 136256 2862 228622 130197868 30421 0 708908 0 0 0
cpu3 131798 13816 207048 130185930 28253 0 680490 0 0 0
intr 11976853865 0 0 2612073 81 0 730917 33763775 0 0 0 9284225 0 0 0 0 0 0 0 0 0 0 0 0 0 0 0 0 0 0 0 0 0 0 0 0 0 0 0 0 0 0 0 0 0 0 0 0 0 0 0 0 2426620799 0 0 0 0 0 0 0 0 817229 0 431644 0 0 0 0 0 0 0 0 0 0 0 712843040 1 0 0 0 0 0 0 0 0 0 0 0 0 0 0 0 0 0 0 0 0 0 0 423879 4219 0 0 0 0 18194353 0 0 0 0 0 0 0 0 0 0 0 0 0 0 0 0 0 0 0 0 0 0 0 0 0 0 0 0 0 0 0 0 0 0 0 0 0 0 0 0 0 0 0 0 0 0 0 0 0 0 0 0 0 0 0 0 0 0 0 0 0 0 0 0 0 0 0 0 0 0 0 0 0 0 0 181193039 0 0 0
ctxt 385195235
btime 1669654930
processes 550053
procs_running 1
procs_blocked 0
softirq 955970987 666704766 31343363 738473 73859919 431573 0 117217203 41089421 588 24585681

cpu  835324 36885 1401246 519532479 112014 0 2889200 0 0 0
cpu0 115404 9541 198776 130140084 30292 0 686018 0 0 0
cpu1 451865 10665 766798 129008497 23045 0 813784 0 0 0
cpu2 136256 2862 228622 130197918 30421 0 708908 0 0 0
cpu3 131798 13816 207049 130185979 28253 0 680490 0 0 0
intr 11976858137 0 0 2612073 81 0 730917 33763806 0 0 0 9284229 0 0 0 0 0 0 0 0 0 0 0 0 0 0 0 0 0 0 0 0 0 0 0 0 0 0 0 0 0 0 0 0 0 0 0 0 0 0 0 0 2426624820 0 0 0 0 0 0 0 0 817230 0 431644 0 0 0 0 0 0 0 0 0 0 0 712843194 1 0 0 0 0 0 0 0 0 0 0 0 0 0 0 0 0 0 0 0 0 0 0 423879 4219 0 0 0 0 18194382 0 0 0 0 0 0 0 0 0 0 0 0 0 0 0 0 0 0 0 0 0 0 0 0 0 0 0 0 0 0 0 0 0 0 0 0 0 0 0 0 0 0 0 0 0 0 0 0 0 0 0 0 0 0 0 0 0 0 0 0 0 0 0 0 0 0 0 0 0 0 0 0 0 0 0 181193071 0 0 0
ctxt 385195345
btime 1669654930
processes 550053
procs_running 1
procs_blocked 0
softirq 955971072 666704774 31343380 738473 73859921 431573 0 117217227 41089442 588 24585694

cpu  835324 36885 1401247 519532676 112014 0 2889200 0 0 0
cpu0 115404 9541 198776 130140134 30292 0 686018 0 0 0
cpu1 451865 10665 766798 129008546 23045 0 813784 0 0 0
cpu2 136256 2862 228622 130197967 30421 0 708908 0 0 0
cpu3 131798 13816 207050 130186028 28253 0 680490 0 0 0
intr 11976862339 0 0 2612074 81 0 730917 33763823 0 0 0 9284233 0 0 0 0 0 0 0 0 0 0 0 0 0 0 0 0 0 0 0 0 0 0 0 0 0 0 0 0 0 0 0 0 0 0 0 0 0 0 0 0 2426628824 0 0 0 0 0 0 0 0 817231 0 431644 0 0 0 0 0 0 0 0 0 0 0 712843323 1 0 0 0 0 0 0 0 0 0 0 0 0 0 0 0 0 0 0 0 0 0 0 423879 4219 0 0 0 0 18194397 0 0 0 0 0 0 0 0 0 0 0 0 0 0 0 0 0 0 0 0 0 0 0 0 0 0 0 0 0 0 0 0 0 0 0 0 0 0 0 0 0 0 0 0 0 0 0 0 0 0 0 0 0 0 0 0 0 0 0 0 0 0 0 0 0 0 0 0 0 0 0 0 0 0 0 181193103 0 0 0
ctxt 385195423
btime 1669654930
processes 550053
procs_running 1
procs_blocked 0
softirq 955971134 666704774 31343395 738473 73859922 431573 0 117217241 41089463 588 24585705

cpu  835324 36885 1401247 519532873 112014 0 2889200 0 0 0
cpu0 115404 9541 198776 130140183 30292 0 686018 0 0 0
cpu1 451865 10665 766798 129008596 23045 0 813784 0 0 0
cpu2 136256 2862 228622 130198017 30421 0 708908 0 0 0
cpu3 131798 13816 207050 130186077 28253 0 680490 0 0 0
intr 11976866584 0 0 2612074 81 0 730917 33763846 0 0 0 9284236 0 0 0 0 0 0 0 0 0 0 0 0 0 0 0 0 0 0 0 0 0 0 0 0 0 0 0 0 0 0 0 0 0 0 0 0 0 0 0 0 2426632844 0 0 0 0 0 0 0 0 817232 0 431644 0 0 0 0 0 0 0 0 0 0 0 712843476 1 0 0 0 0 0 0 0 0 0 0 0 0 0 0 0 0 0 0 0 0 0 0 423879 4219 0 0 0 0 18194412 0 0 0 0 0 0 0 0 0 0 0 0 0 0 0 0 0 0 0 0 0 0 0 0 0 0 0 0 0 0 0 0 0 0 0 0 0 0 0 0 0 0 0 0 0 0 0 0 0 0 0 0 0 0 0 0 0 0 0 0 0 0 0 0 0 0 0 0 0 0 0 0 0 0 0 181193131 0 0 0
ctxt 385195518
btime 1669654930
processes 550053
procs_running 1
procs_blocked 0
softirq 955971199 666704782 31343409 738473 73859923 431573 0 117217254 41089480 588 24585717

cpu  835324 36885 1401248 519533070 112014 0 2889200 0 0 0
cpu0 115404 9541 198777 130140232 30292 0 686018 0 0 0
cpu1 451865 10665 766798 129008645 23045 0 813784 0 0 0
cpu2 136256 2862 228622 130198066 30421 0 708908 0 0 0
cpu3 131798 13816 207050 130186126 28253 0 680490 0 0 0
intr 11976870793 0 0 2612074 81 0 730917 33763861 0 0 0 9284240 0 0 0 0 0 0 0 0 0 0 0 0 0 0 0 0 0 0 0 0 0 0 0 0 0 0 0 0 0 0 0 0 0 0 0 0 0 0 0 0 2426636849 0 0 0 0 0 0 0 0 817233 0 431644 0 0 0 0 0 0 0 0 0 0 0 712843607 1 0 0 0 0 0 0 0 0 0 0 0 0 0 0 0 0 0 0 0 0 0 0 423879 4219 0 0 0 0 18194427 0 0 0 0 0 0 0 0 0 0 0 0 0 0 0 0 0 0 0 0 0 0 0 0 0 0 0 0 0 0 0 0 0 0 0 0 0 0 0 0 0 0 0 0 0 0 0 0 0 0 0 0 0 0 0 0 0 0 0 0 0 0 0 0 0 0 0 0 0 0 0 0 0 0 0 181193169 0 0 0
ctxt 385195602
btime 1669654930
processes 550053
procs_running 1
procs_blocked 0
softirq 955971273 666704783 31343426 738473 73859925 431573 0 117217269 41089503 588 24585733

cpu  835325 36885 1401248 519533266 112014 0 2889200 0 0 0
cpu0 115404 9541 198777 130140281 30292 0 686018 0 0 0
cpu1 451865 10665 766798 129008694 23046 0 813784 0 0 0
cpu2 136256 2862 228622 130198116 30421 0 708908 0 0 0
cpu3 131798 13816 207050 130186174 28253 0 680490 0 0 0
intr 11976875041 0 0 2612074 81 0 730917 33763884 0 0 0 9284244 0 0 0 0 0 0 0 0 0 0 0 0 0 0 0 0 0 0 0 0 0 0 0 0 0 0 0 0 0 0 0 0 0 0 0 0 0 0 0 0 2426640870 0 0 0 0 0 0 0 0 817234 0 431646 0 0 0 0 0 0 0 0 0 0 0 712843757 1 0 0 0 0 0 0 0 0 0 0 0 0 0 0 0 0 0 0 0 0 0 0 423881 4219 0 0 0 0 18194442 0 0 0 0 0 0 0 0 0 0 0 0 0 0 0 0 0 0 0 0 0 0 0 0 0 0 0 0 0 0 0 0 0 0 0 0 0 0 0 0 0 0 0 0 0 0 0 0 0 0 0 0 0 0 0 0 0 0 0 0 0 0 0 0 0 0 0 0 0 0 0 0 0 0 0 181193200 0 0 0
ctxt 385195721
btime 1669654930
processes 550053
procs_running 1
procs_blocked 0
softirq 955971354 666704791 31343443 738473 73859926 431575 0 117217292 41089522 588 24585744

cpu  835325 36885 1401249 519533463 112014 0 2889200 0 0 0
cpu0 115404 9541 198777 130140330 30292 0 686018 0 0 0
cpu1 451865 10665 766798 129008743 23046 0 813784 0 0 0
cpu2 136256 2862 228622 130198165 30421 0 708908 0 0 0
cpu3 131798 13816 207051 130186223 28253 0 680490 0 0 0
intr 11976879264 0 0 2612075 81 0 730918 33763910 0 0 0 9284248 0 0 0 0 0 0 0 0 0 0 0 0 0 0 0 0 0 0 0 0 0 0 0 0 0 0 0 0 0 0 0 0 0 0 0 0 0 0 0 0 2426644867 0 0 0 0 0 0 0 0 817236 0 431646 0 0 0 0 0 0 0 0 0 0 0 712843885 1 0 0 0 0 0 0 0 0 0 0 0 0 0 0 0 0 0 0 0 0 0 0 423881 4219 0 0 0 0 18194469 0 0 0 0 0 0 0 0 0 0 0 0 0 0 0 0 0 0 0 0 0 0 0 0 0 0 0 0 0 0 0 0 0 0 0 0 0 0 0 0 0 0 0 0 0 0 0 0 0 0 0 0 0 0 0 0 0 0 0 0 0 0 0 0 0 0 0 0 0 0 0 0 0 0 0 181193237 0 0 0
ctxt 385195833
btime 1669654930
processes 550053
procs_running 1
procs_blocked 0
softirq 955971431 666704791 31343460 738473 73859928 431575 0 117217315 41089546 588 24585755

cpu  835325 36885 1401249 519533660 112014 0 2889200 0 0 0
cpu0 115404 9541 198777 130140379 30292 0 686018 0 0 0
cpu1 451865 10665 766798 129008792 23046 0 813784 0 0 0
cpu2 136256 2862 228622 130198214 30421 0 708908 0 0 0
cpu3 131798 13816 207051 130186273 28253 0 680490 0 0 0
intr 11976883516 0 0 2612075 81 0 730918 33763933 0 0 0 9284252 0 0 0 0 0 0 0 0 0 0 0 0 0 0 0 0 0 0 0 0 0 0 0 0 0 0 0 0 0 0 0 0 0 0 0 0 0 0 0 0 2426648896 0 0 0 0 0 0 0 0 817237 0 431646 0 0 0 0 0 0 0 0 0 0 0 712844039 1 0 0 0 0 0 0 0 0 0 0 0 0 0 0 0 0 0 0 0 0 0 0 423881 4219 0 0 0 0 18194484 0 0 0 0 0 0 0 0 0 0 0 0 0 0 0 0 0 0 0 0 0 0 0 0 0 0 0 0 0 0 0 0 0 0 0 0 0 0 0 0 0 0 0 0 0 0 0 0 0 0 0 0 0 0 0 0 0 0 0 0 0 0 0 0 0 0 0 0 0 0 0 0 0 0 0 181193263 0 0 0
ctxt 385195925
btime 1669654930
processes 550053
procs_running 1
procs_blocked 0
softirq 955971494 666704799 31343473 738473 73859929 431575 0 117217329 41089562 588 24585766

cpu  835325 36885 1401249 519533857 112014 0 2889200 0 0 0
cpu0 115404 9541 198777 130140429 30292 0 686018 0 0 0
cpu1 451865 10665 766798 129008841 23046 0 813784 0 0 0
cpu2 136256 2862 228622 130198264 30421 0 708908 0 0 0
cpu3 131798 13816 207051 130186322 28253 0 680490 0 0 0
intr 11976887705 0 0 2612075 81 0 730918 33763948 0 0 0 9284256 0 0 0 0 0 0 0 0 0 0 0 0 0 0 0 0 0 0 0 0 0 0 0 0 0 0 0 0 0 0 0 0 0 0 0 0 0 0 0 0 2426652892 0 0 0 0 0 0 0 0 817238 0 431646 0 0 0 0 0 0 0 0 0 0 0 712844167 1 0 0 0 0 0 0 0 0 0 0 0 0 0 0 0 0 0 0 0 0 0 0 423881 4219 0 0 0 0 18194499 0 0 0 0 0 0 0 0 0 0 0 0 0 0 0 0 0 0 0 0 0 0 0 0 0 0 0 0 0 0 0 0 0 0 0 0 0 0 0 0 0 0 0 0 0 0 0 0 0 0 0 0 0 0 0 0 0 0 0 0 0 0 0 0 0 0 0 0 0 0 0 0 0 0 0 181193292 0 0 0
ctxt 385196005
btime 1669654930
processes 550053
procs_running 1
procs_blocked 0
softirq 955971550 666704799 31343486 738473 73859930 431575 0 117217343 41089579 588 24585777

cpu  835325 36885 1401249 519534054 112014 0 2889200 0 0 0
cpu0 115404 9541 198777 130140478 30292 0 686018 0 0 0
cpu1 451865 10665 766798 129008890 23046 0 813784 0 0 0
cpu2 136256 2862 228622 130198313 30421 0 708908 0 0 0
cpu3 131798 13816 207051 130186371 28253 0 680490 0 0 0
intr 11976891950 0 0 2612075 81 0 730918 33763968 0 0 0 9284261 0 0 0 0 0 0 0 0 0 0 0 0 0 0 0 0 0 0 0 0 0 0 0 0 0 0 0 0 0 0 0 0 0 0 0 0 0 0 0 0 2426656913 0 0 0 0 0 0 0 0 817239 0 431646 0 0 0 0 0 0 0 0 0 0 0 712844321 1 0 0 0 0 0 0 0 0 0 0 0 0 0 0 0 0 0 0 0 0 0 0 423881 4219 0 0 0 0 18194514 0 0 0 0 0 0 0 0 0 0 0 0 0 0 0 0 0 0 0 0 0 0 0 0 0 0 0 0 0 0 0 0 0 0 0 0 0 0 0 0 0 0 0 0 0 0 0 0 0 0 0 0 0 0 0 0 0 0 0 0 0 0 0 0 0 0 0 0 0 0 0 0 0 0 0 181193321 0 0 0
ctxt 385196101
btime 1669654930
processes 550053
procs_running 1
procs_blocked 0
softirq 955971615 666704807 31343500 738474 73859931 431575 0 117217356 41089596 588 24585788

cpu  835325 36885 1401250 519534251 112014 0 2889200 0 0 0
cpu0 115404 9541 198777 130140527 30292 0 686018 0 0 0
cpu1 451865 10665 766798 129008939 23046 0 813784 0 0 0
cpu2 136256 2862 228622 130198363 30421 0 708908 0 0 0
cpu3 131798 13816 207051 130186420 28253 0 680490 0 0 0
intr 11976896188 0 0 2612080 81 0 730918 33763995 0 0 0 9284265 0 0 0 0 0 0 0 0 0 0 0 0 0 0 0 0 0 0 0 0 0 0 0 0 0 0 0 0 0 0 0 0 0 0 0 0 0 0 0 0 2426660920 0 0 0 0 0 0 0 0 817240 0 431646 0 0 0 0 0 0 0 0 0 0 0 712844451 1 0 0 0 0 0 0 0 0 0 0 0 0 0 0 0 0 0 0 0 0 0 0 423881 4219 0 0 0 0 18194539 0 0 0 0 0 0 0 0 0 0 0 0 0 0 0 0 0 0 0 0 0 0 0 0 0 0 0 0 0 0 0 0 0 0 0 0 0 0 0 0 0 0 0 0 0 0 0 0 0 0 0 0 0 0 0 0 0 0 0 0 0 0 0 0 0 0 0 0 0 0 0 0 0 0 0 181193362 0 0 0
ctxt 385196219
btime 1669654930
processes 550053
procs_running 1
procs_blocked 0
softirq 955971691 666704808 31343516 738474 73859933 431575 0 117217378 41089617 588 24585802

cpu  835326 36885 1401250 519534448 112014 0 2889200 0 0 0
cpu0 115405 9541 198777 130140576 30292 0 686018 0 0 0
cpu1 451865 10665 766798 129008988 23046 0 813784 0 0 0
cpu2 136256 2862 228622 130198412 30421 0 708908 0 0 0
cpu3 131798 13816 207051 130186470 28253 0 680490 0 0 0
intr 11976900433 0 0 2612080 81 0 730918 33764018 0 0 0 9284269 0 0 0 0 0 0 0 0 0 0 0 0 0 0 0 0 0 0 0 0 0 0 0 0 0 0 0 0 0 0 0 0 0 0 0 0 0 0 0 0 2426664939 0 0 0 0 0 0 0 0 817241 0 431646 0 0 0 0 0 0 0 0 0 0 0 712844604 1 0 0 0 0 0 0 0 0 0 0 0 0 0 0 0 0 0 0 0 0 0 0 423881 4219 0 0 0 0 18194554 0 0 0 0 0 0 0 0 0 0 0 0 0 0 0 0 0 0 0 0 0 0 0 0 0 0 0 0 0 0 0 0 0 0 0 0 0 0 0 0 0 0 0 0 0 0 0 0 0 0 0 0 0 0 0 0 0 0 0 0 0 0 0 0 0 0 0 0 0 0 0 0 0 0 0 181193391 0 0 0
ctxt 385196316
btime 1669654930
processes 550053
procs_running 1
procs_blocked 0
softirq 955971754 666704816 31343528 738474 73859934 431575 0 117217391 41089634 588 24585814

cpu  835326 36885 1401251 519534645 112014 0 2889200 0 0 0
cpu0 115405 9541 198778 130140625 30292 0 686018 0 0 0
cpu1 451865 10665 766798 129009037 23046 0 813784 0 0 0
cpu2 136256 2862 228622 130198462 30421 0 708908 0 0 0
cpu3 131798 13816 207052 130186519 28253 0 680490 0 0 0
intr 11976904625 0 0 2612080 81 0 730918 33764034 0 0 0 9284273 0 0 0 0 0 0 0 0 0 0 0 0 0 0 0 0 0 0 0 0 0 0 0 0 0 0 0 0 0 0 0 0 0 0 0 0 0 0 0 0 2426668937 0 0 0 0 0 0 0 0 817242 0 431646 0 0 0 0 0 0 0 0 0 0 0 712844732 1 0 0 0 0 0 0 0 0 0 0 0 0 0 0 0 0 0 0 0 0 0 0 423881 4219 0 0 0 0 18194569 0 0 0 0 0 0 0 0 0 0 0 0 0 0 0 0 0 0 0 0 0 0 0 0 0 0 0 0 0 0 0 0 0 0 0 0 0 0 0 0 0 0 0 0 0 0 0 0 0 0 0 0 0 0 0 0 0 0 0 0 0 0 0 0 0 0 0 0 0 0 0 0 0 0 0 181193421 0 0 0
ctxt 385196397
btime 1669654930
processes 550053
procs_running 1
procs_blocked 0
softirq 955971817 666704816 31343542 738474 73859935 431575 0 117217405 41089656 588 24585826

cpu  835326 36885 1401252 519534842 112014 0 2889201 0 0 0
cpu0 115405 9541 198778 130140675 30292 0 686018 0 0 0
cpu1 451865 10665 766799 129009086 23046 0 813784 0 0 0
cpu2 136256 2862 228622 130198511 30421 0 708908 0 0 0
cpu3 131798 13816 207052 130186568 28253 0 680490 0 0 0
intr 11976908884 0 0 2612080 81 0 730918 33764056 0 0 0 9284277 0 0 0 0 0 0 0 0 0 0 0 0 0 0 0 0 0 0 0 0 0 0 0 0 0 0 0 0 0 0 0 0 0 0 0 0 0 0 0 0 2426672967 0 0 0 0 0 0 0 0 817243 0 431646 0 0 0 0 0 0 0 0 0 0 0 712844886 1 0 0 0 0 0 0 0 0 0 0 0 0 0 0 0 0 0 0 0 0 0 0 423881 4219 0 0 0 0 18194584 0 0 0 0 0 0 0 0 0 0 0 0 0 0 0 0 0 0 0 0 0 0 0 0 0 0 0 0 0 0 0 0 0 0 0 0 0 0 0 0 0 0 0 0 0 0 0 0 0 0 0 0 0 0 0 0 0 0 0 0 0 0 0 0 0 0 0 0 0 0 0 0 0 0 0 181193453 0 0 0
ctxt 385196498
btime 1669654930
processes 550053
procs_running 1
procs_blocked 0
softirq 955971888 666704824 31343556 738474 73859936 431575 0 117217420 41089676 588 24585839

cpu  835326 36885 1401252 519535039 112014 0 2889201 0 0 0
cpu0 115405 9541 198778 130140724 30292 0 686018 0 0 0
cpu1 451865 10665 766799 129009135 23046 0 813784 0 0 0
cpu2 136256 2862 228622 130198561 30421 0 708908 0 0 0
cpu3 131798 13816 207052 130186618 28253 0 680490 0 0 0
intr 11976913075 0 0 2612081 81 0 730918 33764072 0 0 0 9284280 0 0 0 0 0 0 0 0 0 0 0 0 0 0 0 0 0 0 0 0 0 0 0 0 0 0 0 0 0 0 0 0 0 0 0 0 0 0 0 0 2426676965 0 0 0 0 0 0 0 0 817244 0 431646 0 0 0 0 0 0 0 0 0 0 0 712845014 1 0 0 0 0 0 0 0 0 0 0 0 0 0 0 0 0 0 0 0 0 0 0 423881 4219 0 0 0 0 18194599 0 0 0 0 0 0 0 0 0 0 0 0 0 0 0 0 0 0 0 0 0 0 0 0 0 0 0 0 0 0 0 0 0 0 0 0 0 0 0 0 0 0 0 0 0 0 0 0 0 0 0 0 0 0 0 0 0 0 0 0 0 0 0 0 0 0 0 0 0 0 0 0 0 0 0 181193483 0 0 0
ctxt 385196576
btime 1669654930
processes 550053
procs_running 1
procs_blocked 0
softirq 955971950 666704824 31343570 738474 73859937 431575 0 117217434 41089696 588 24585852

cpu  835326 36885 1401253 519535236 112014 0 2889201 0 0 0
cpu0 115405 9541 198778 130140773 30292 0 686018 0 0 0
cpu1 451865 10665 766799 129009184 23046 0 813784 0 0 0
cpu2 136256 2862 228622 130198610 30421 0 708908 0 0 0
cpu3 131798 13816 207052 130186667 28253 0 680490 0 0 0
intr 11976917319 0 0 2612081 81 0 730918 33764094 0 0 0 9284284 0 0 0 0 0 0 0 0 0 0 0 0 0 0 0 0 0 0 0 0 0 0 0 0 0 0 0 0 0 0 0 0 0 0 0 0 0 0 0 0 2426680985 0 0 0 0 0 0 0 0 817245 0 431646 0 0 0 0 0 0 0 0 0 0 0 712845168 1 0 0 0 0 0 0 0 0 0 0 0 0 0 0 0 0 0 0 0 0 0 0 423881 4219 0 0 0 0 18194614 0 0 0 0 0 0 0 0 0 0 0 0 0 0 0 0 0 0 0 0 0 0 0 0 0 0 0 0 0 0 0 0 0 0 0 0 0 0 0 0 0 0 0 0 0 0 0 0 0 0 0 0 0 0 0 0 0 0 0 0 0 0 0 0 0 0 0 0 0 0 0 0 0 0 0 181193511 0 0 0
ctxt 385196665
btime 1669654930
processes 550053
procs_running 1
procs_blocked 0
softirq 955972016 666704832 31343583 738474 73859938 431575 0 117217447 41089715 588 24585864

cpu  835326 36885 1401254 519535433 112014 0 2889201 0 0 0
cpu0 115405 9541 198778 130140822 30292 0 686018 0 0 0
cpu1 451865 10665 766800 129009234 23046 0 813784 0 0 0
cpu2 136256 2862 228622 130198660 30421 0 708908 0 0 0
cpu3 131798 13816 207052 130186716 28253 0 680490 0 0 0
intr 11976921520 0 0 2612081 81 0 730918 33764111 0 0 0 9284289 0 0 0 0 0 0 0 0 0 0 0 0 0 0 0 0 0 0 0 0 0 0 0 0 0 0 0 0 0 0 0 0 0 0 0 0 0 0 0 0 2426684990 0 0 0 0 0 0 0 0 817246 0 431646 0 0 0 0 0 0 0 0 0 0 0 712845297 1 0 0 0 0 0 0 0 0 0 0 0 0 0 0 0 0 0 0 0 0 0 0 423881 4219 0 0 0 0 18194629 0 0 0 0 0 0 0 0 0 0 0 0 0 0 0 0 0 0 0 0 0 0 0 0 0 0 0 0 0 0 0 0 0 0 0 0 0 0 0 0 0 0 0 0 0 0 0 0 0 0 0 0 0 0 0 0 0 0 0 0 0 0 0 0 0 0 0 0 0 0 0 0 0 0 0 181193541 0 0 0
ctxt 385196748
btime 1669654930
processes 550053
procs_running 1
procs_blocked 0
softirq 955972074 666704832 31343596 738474 73859939 431575 0 117217461 41089733 588 24585876

cpu  835326 36885 1401254 519535630 112014 0 2889201 0 0 0
cpu0 115406 9541 198778 130140871 30292 0 686018 0 0 0
cpu1 451865 10665 766800 129009283 23046 0 813784 0 0 0
cpu2 136256 2862 228622 130198709 30421 0 708908 0 0 0
cpu3 131798 13816 207053 130186766 28253 0 680490 0 0 0
intr 11976925768 0 0 2612081 81 0 730918 33764131 0 0 0 9284293 0 0 0 0 0 0 0 0 0 0 0 0 0 0 0 0 0 0 0 0 0 0 0 0 0 0 0 0 0 0 0 0 0 0 0 0 0 0 0 0 2426689012 0 0 0 0 0 0 0 0 817247 0 431646 0 0 0 0 0 0 0 0 0 0 0 712845450 1 0 0 0 0 0 0 0 0 0 0 0 0 0 0 0 0 0 0 0 0 0 0 423881 4219 0 0 0 0 18194644 0 0 0 0 0 0 0 0 0 0 0 0 0 0 0 0 0 0 0 0 0 0 0 0 0 0 0 0 0 0 0 0 0 0 0 0 0 0 0 0 0 0 0 0 0 0 0 0 0 0 0 0 0 0 0 0 0 0 0 0 0 0 0 0 0 0 0 0 0 0 0 0 0 0 0 181193573 0 0 0
ctxt 385196848
btime 1669654930
processes 550053
procs_running 1
procs_blocked 0
softirq 955972142 666704840 31343610 738474 73859940 431575 0 117217475 41089752 588 24585888

cpu  835326 36885 1401255 519535827 112014 0 2889201 0 0 0
cpu0 115406 9541 198778 130140921 30292 0 686018 0 0 0
cpu1 451865 10665 766800 129009332 23046 0 813784 0 0 0
cpu2 136256 2862 228622 130198758 30421 0 708908 0 0 0
cpu3 131798 13816 207053 130186815 28253 0 680490 0 0 0
intr 11976929965 0 0 2612082 81 0 730919 33764149 0 0 0 9284296 0 0 0 0 0 0 0 0 0 0 0 0 0 0 0 0 0 0 0 0 0 0 0 0 0 0 0 0 0 0 0 0 0 0 0 0 0 0 0 0 2426693009 0 0 0 0 0 0 0 0 817248 0 431646 0 0 0 0 0 0 0 0 0 0 0 712845578 1 0 0 0 0 0 0 0 0 0 0 0 0 0 0 0 0 0 0 0 0 0 0 423881 4219 0 0 0 0 18194659 0 0 0 0 0 0 0 0 0 0 0 0 0 0 0 0 0 0 0 0 0 0 0 0 0 0 0 0 0 0 0 0 0 0 0 0 0 0 0 0 0 0 0 0 0 0 0 0 0 0 0 0 0 0 0 0 0 0 0 0 0 0 0 0 0 0 0 0 0 0 0 0 0 0 0 181193605 0 0 0
ctxt 385196938
btime 1669654930
processes 550053
procs_running 1
procs_blocked 0
softirq 955972203 666704840 31343624 738474 73859941 431575 0 117217489 41089772 588 24585900
