cpu  1528124 6672 2178439 102622203 34361 0 730612 0 0 0
cpu0 11735 1046 20459 26542673 10985 0 178114 0 0 0
cpu1 1487729 3224 2112523 22999776 3366 0 212060 0 0 0
cpu2 15614 2306 24008 26539552 8208 0 182862 0 0 0
cpu3 13044 94 21448 26540201 11801 0 157575 0 0 0
intr 2475777311 0 0 321947 75 0 144243 6039953 0 0 0 1622293 0 0 0 0 0 0 0 0 0 0 0 0 0 0 0 0 0 0 0 0 0 0 0 0 0 0 0 0 0 0 0 0 0 0 0 0 0 0 0 0 2265447409 0 0 0 0 0 0 0 0 46154 0 117441 0 0 0 0 0 0 0 0 0 0 0 160654875 1 0 0 0 0 0 0 0 0 0 0 0 0 0 0 0 0 0 0 0 0 0 0 111942 4213 0 0 0 0 3289272 0 0 0 0 0 0 0 0 0 0 0 0 0 0 0 0 0 0 0 0 0 0 0 0 0 0 0 0 0 0 0 0 0 0 0 0 0 0 0 0 0 0 0 0 0 0 0 0 0 0 0 0 0 0 0 0 0 0 0 0 0 0 0 0 0 0 0 0 0 0 0 0 0 0 0 37977494 0 0 0
ctxt 63714483
btime 1673080802
processes 110655
procs_running 1
procs_blocked 0
softirq 215201865 171686624 5851367 520189 8928318 117404 0 19530059 6732433 0 1835471

cpu  1528124 6672 2178440 102622397 34361 0 730612 0 0 0
cpu0 11735 1046 20459 26542722 10985 0 178114 0 0 0
cpu1 1487730 3224 2112524 22999822 3366 0 212060 0 0 0
cpu2 15614 2306 24008 26539601 8208 0 182862 0 0 0
cpu3 13045 94 21448 26540250 11801 0 157575 0 0 0
intr 2475782040 0 0 321947 75 0 144243 6039984 0 0 0 1622298 0 0 0 0 0 0 0 0 0 0 0 0 0 0 0 0 0 0 0 0 0 0 0 0 0 0 0 0 0 0 0 0 0 0 0 0 0 0 0 0 2265451436 0 0 0 0 0 0 0 0 46154 0 117441 0 0 0 0 0 0 0 0 0 0 0 160655027 1 0 0 0 0 0 0 0 0 0 0 0 0 0 0 0 0 0 0 0 0 0 0 111942 4213 0 0 0 0 3289294 0 0 0 0 0 0 0 0 0 0 0 0 0 0 0 0 0 0 0 0 0 0 0 0 0 0 0 0 0 0 0 0 0 0 0 0 0 0 0 0 0 0 0 0 0 0 0 0 0 0 0 0 0 0 0 0 0 0 0 0 0 0 0 0 0 0 0 0 0 0 0 0 0 0 0 37977985 0 0 0
ctxt 63715493
btime 1673080802
processes 110655
procs_running 1
procs_blocked 0
softirq 215201949 171686632 5851385 520189 8928319 117404 0 19530078 6732459 0 1835483

cpu  1528125 6672 2178441 102622591 34361 0 730612 0 0 0
cpu0 11735 1046 20459 26542772 10985 0 178114 0 0 0
cpu1 1487730 3224 2112525 22999868 3366 0 212060 0 0 0
cpu2 15614 2306 24008 26539650 8208 0 182862 0 0 0
cpu3 13045 94 21448 26540299 11801 0 157575 0 0 0
intr 2475786714 0 0 321947 75 0 144243 6040010 0 0 0 1622303 0 0 0 0 0 0 0 0 0 0 0 0 0 0 0 0 0 0 0 0 0 0 0 0 0 0 0 0 0 0 0 0 0 0 0 0 0 0 0 0 2265455440 0 0 0 0 0 0 0 0 46154 0 117441 0 0 0 0 0 0 0 0 0 0 0 160655157 1 0 0 0 0 0 0 0 0 0 0 0 0 0 0 0 0 0 0 0 0 0 0 111942 4213 0 0 0 0 3289316 0 0 0 0 0 0 0 0 0 0 0 0 0 0 0 0 0 0 0 0 0 0 0 0 0 0 0 0 0 0 0 0 0 0 0 0 0 0 0 0 0 0 0 0 0 0 0 0 0 0 0 0 0 0 0 0 0 0 0 0 0 0 0 0 0 0 0 0 0 0 0 0 0 0 0 37978472 0 0 0
ctxt 63716483
btime 1673080802
processes 110655
procs_running 1
procs_blocked 0
softirq 215202020 171686632 5851400 520189 8928320 117404 0 19530096 6732483 0 1835496

cpu  1528126 6672 2178442 102622784 34361 0 730612 0 0 0
cpu0 11735 1046 20459 26542821 10985 0 178114 0 0 0
cpu1 1487730 3224 2112526 22999914 3366 0 212060 0 0 0
cpu2 15614 2306 24008 26539699 8208 0 182862 0 0 0
cpu3 13046 94 21448 26540348 11801 0 157575 0 0 0
intr 2475791434 0 0 321947 75 0 144243 6040040 0 0 0 1622308 0 0 0 0 0 0 0 0 0 0 0 0 0 0 0 0 0 0 0 0 0 0 0 0 0 0 0 0 0 0 0 0 0 0 0 0 0 0 0 0 2265459462 0 0 0 0 0 0 0 0 46154 0 117441 0 0 0 0 0 0 0 0 0 0 0 160655309 1 0 0 0 0 0 0 0 0 0 0 0 0 0 0 0 0 0 0 0 0 0 0 111942 4213 0 0 0 0 3289338 0 0 0 0 0 0 0 0 0 0 0 0 0 0 0 0 0 0 0 0 0 0 0 0 0 0 0 0 0 0 0 0 0 0 0 0 0 0 0 0 0 0 0 0 0 0 0 0 0 0 0 0 0 0 0 0 0 0 0 0 0 0 0 0 0 0 0 0 0 0 0 0 0 0 0 37978962 0 0 0
ctxt 63717493
btime 1673080802
processes 110655
procs_running 1
procs_blocked 0
softirq 215202105 171686640 5851417 520189 8928321 117404 0 19530117 6732508 0 1835509

cpu  1528126 6672 2178444 102622978 34361 0 730612 0 0 0
cpu0 11735 1046 20459 26542871 10985 0 178114 0 0 0
cpu1 1487730 3224 2112528 22999960 3366 0 212060 0 0 0
cpu2 15614 2306 24008 26539749 8208 0 182862 0 0 0
cpu3 13046 94 21448 26540398 11801 0 157575 0 0 0
intr 2475796113 0 0 321948 75 0 144243 6040064 0 0 0 1622313 0 0 0 0 0 0 0 0 0 0 0 0 0 0 0 0 0 0 0 0 0 0 0 0 0 0 0 0 0 0 0 0 0 0 0 0 0 0 0 0 2265463466 0 0 0 0 0 0 0 0 46154 0 117441 0 0 0 0 0 0 0 0 0 0 0 160655439 1 0 0 0 0 0 0 0 0 0 0 0 0 0 0 0 0 0 0 0 0 0 0 111942 4213 0 0 0 0 3289360 0 0 0 0 0 0 0 0 0 0 0 0 0 0 0 0 0 0 0 0 0 0 0 0 0 0 0 0 0 0 0 0 0 0 0 0 0 0 0 0 0 0 0 0 0 0 0 0 0 0 0 0 0 0 0 0 0 0 0 0 0 0 0 0 0 0 0 0 0 0 0 0 0 0 0 37979455 0 0 0
ctxt 63718490
btime 1673080802
processes 110655
procs_running 1
procs_blocked 0
softirq 215202177 171686640 5851433 520189 8928322 117404 0 19530135 6732534 0 1835520

cpu  1528127 6672 2178446 102623171 34361 0 730612 0 0 0
cpu0 11735 1046 20459 26542920 10985 0 178114 0 0 0
cpu1 1487730 3224 2112530 23000005 3366 0 212060 0 0 0
cpu2 15614 2306 24008 26539798 8208 0 182862 0 0 0
cpu3 13046 94 21448 26540447 11801 0 157575 0 0 0
intr 2475800860 0 0 321948 75 0 144243 6040107 0 0 0 1622318 0 0 0 0 0 0 0 0 0 0 0 0 0 0 0 0 0 0 0 0 0 0 0 0 0 0 0 0 0 0 0 0 0 0 0 0 0 0 0 0 2265467486 0 0 0 0 0 0 0 0 46154 0 117441 0 0 0 0 0 0 0 0 0 0 0 160655591 1 0 0 0 0 0 0 0 0 0 0 0 0 0 0 0 0 0 0 0 0 0 0 111942 4213 0 0 0 0 3289395 0 0 0 0 0 0 0 0 0 0 0 0 0 0 0 0 0 0 0 0 0 0 0 0 0 0 0 0 0 0 0 0 0 0 0 0 0 0 0 0 0 0 0 0 0 0 0 0 0 0 0 0 0 0 0 0 0 0 0 0 0 0 0 0 0 0 0 0 0 0 0 0 0 0 0 37979947 0 0 0
ctxt 63719531
btime 1673080802
processes 110655
procs_running 1
procs_blocked 0
softirq 215202279 171686648 5851452 520189 8928324 117404 0 19530165 6732564 0 1835533

cpu  1528128 6672 2178448 102623365 34361 0 730612 0 0 0
cpu0 11735 1046 20459 26542969 10985 0 178114 0 0 0
cpu1 1487731 3224 2112532 23000051 3366 0 212060 0 0 0
cpu2 15614 2306 24008 26539847 8208 0 182862 0 0 0
cpu3 13047 94 21448 26540496 11801 0 157575 0 0 0
intr 2475805535 0 0 321948 75 0 144243 6040128 0 0 0 1622323 0 0 0 0 0 0 0 0 0 0 0 0 0 0 0 0 0 0 0 0 0 0 0 0 0 0 0 0 0 0 0 0 0 0 0 0 0 0 0 0 2265471490 0 0 0 0 0 0 0 0 46154 0 117441 0 0 0 0 0 0 0 0 0 0 0 160655721 1 0 0 0 0 0 0 0 0 0 0 0 0 0 0 0 0 0 0 0 0 0 0 111942 4213 0 0 0 0 3289417 0 0 0 0 0 0 0 0 0 0 0 0 0 0 0 0 0 0 0 0 0 0 0 0 0 0 0 0 0 0 0 0 0 0 0 0 0 0 0 0 0 0 0 0 0 0 0 0 0 0 0 0 0 0 0 0 0 0 0 0 0 0 0 0 0 0 0 0 0 0 0 0 0 0 0 37980440 0 0 0
ctxt 63720528
btime 1673080802
processes 110655
procs_running 1
procs_blocked 0
softirq 215202358 171686648 5851470 520190 8928325 117404 0 19530184 6732593 0 1835544

cpu  1528128 6672 2178450 102623558 34361 0 730612 0 0 0
cpu0 11735 1046 20459 26543019 10985 0 178114 0 0 0
cpu1 1487731 3224 2112534 23000097 3366 0 212060 0 0 0
cpu2 15614 2306 24008 26539896 8208 0 182862 0 0 0
cpu3 13047 94 21448 26540545 11801 0 157575 0 0 0
intr 2475810248 0 0 321948 75 0 144243 6040158 0 0 0 1622328 0 0 0 0 0 0 0 0 0 0 0 0 0 0 0 0 0 0 0 0 0 0 0 0 0 0 0 0 0 0 0 0 0 0 0 0 0 0 0 0 2265475508 0 0 0 0 0 0 0 0 46154 0 117441 0 0 0 0 0 0 0 0 0 0 0 160655873 1 0 0 0 0 0 0 0 0 0 0 0 0 0 0 0 0 0 0 0 0 0 0 111942 4213 0 0 0 0 3289439 0 0 0 0 0 0 0 0 0 0 0 0 0 0 0 0 0 0 0 0 0 0 0 0 0 0 0 0 0 0 0 0 0 0 0 0 0 0 0 0 0 0 0 0 0 0 0 0 0 0 0 0 0 0 0 0 0 0 0 0 0 0 0 0 0 0 0 0 0 0 0 0 0 0 0 37980926 0 0 0
ctxt 63721531
btime 1673080802
processes 110655
procs_running 1
procs_blocked 0
softirq 215202435 171686656 5851485 520190 8928326 117404 0 19530202 6732616 0 1835556

cpu  1528129 6672 2178452 102623752 34361 0 730612 0 0 0
cpu0 11735 1046 20459 26543068 10985 0 178114 0 0 0
cpu1 1487732 3224 2112535 23000143 3366 0 212060 0 0 0
cpu2 15614 2306 24008 26539945 8208 0 182862 0 0 0
cpu3 13047 94 21448 26540594 11801 0 157575 0 0 0
intr 2475814944 0 0 321953 75 0 144243 6040189 0 0 0 1622333 0 0 0 0 0 0 0 0 0 0 0 0 0 0 0 0 0 0 0 0 0 0 0 0 0 0 0 0 0 0 0 0 0 0 0 0 0 0 0 0 2265479512 0 0 0 0 0 0 0 0 46154 0 117441 0 0 0 0 0 0 0 0 0 0 0 160656003 1 0 0 0 0 0 0 0 0 0 0 0 0 0 0 0 0 0 0 0 0 0 0 111942 4213 0 0 0 0 3289461 0 0 0 0 0 0 0 0 0 0 0 0 0 0 0 0 0 0 0 0 0 0 0 0 0 0 0 0 0 0 0 0 0 0 0 0 0 0 0 0 0 0 0 0 0 0 0 0 0 0 0 0 0 0 0 0 0 0 0 0 0 0 0 0 0 0 0 0 0 0 0 0 0 0 0 37981425 0 0 0
ctxt 63722533
btime 1673080802
processes 110655
procs_running 2
procs_blocked 0
softirq 215202514 171686656 5851502 520190 8928327 117404 0 19530221 6732646 0 1835568

cpu  1528130 6672 2178454 102623945 34361 0 730612 0 0 0
cpu0 11735 1046 20459 26543118 10985 0 178114 0 0 0
cpu1 1487732 3224 2112538 23000188 3366 0 212060 0 0 0
cpu2 15614 2306 24008 26539995 8208 0 182862 0 0 0
cpu3 13047 94 21448 26540644 11801 0 157575 0 0 0
intr 2475819682 0 0 321957 75 0 144243 6040227 0 0 0 1622338 0 0 0 0 0 0 0 0 0 0 0 0 0 0 0 0 0 0 0 0 0 0 0 0 0 0 0 0 0 0 0 0 0 0 0 0 0 0 0 0 2265483536 0 0 0 0 0 0 0 0 46154 0 117441 0 0 0 0 0 0 0 0 0 0 0 160656155 1 0 0 0 0 0 0 0 0 0 0 0 0 0 0 0 0 0 0 0 0 0 0 111942 4213 0 0 0 0 3289483 0 0 0 0 0 0 0 0 0 0 0 0 0 0 0 0 0 0 0 0 0 0 0 0 0 0 0 0 0 0 0 0 0 0 0 0 0 0 0 0 0 0 0 0 0 0 0 0 0 0 0 0 0 0 0 0 0 0 0 0 0 0 0 0 0 0 0 0 0 0 0 0 0 0 0 37981918 0 0 0
ctxt 63723550
btime 1673080802
processes 110655
procs_running 2
procs_blocked 0
softirq 215202598 171686664 5851518 520190 8928328 117404 0 19530239 6732675 0 1835580

cpu  1528130 6672 2178456 102624139 34361 0 730612 0 0 0
cpu0 11735 1046 20459 26543167 10985 0 178114 0 0 0
cpu1 1487733 3224 2112539 23000234 3366 0 212060 0 0 0
cpu2 15614 2306 24008 26540044 8208 0 182862 0 0 0
cpu3 13047 94 21448 26540693 11801 0 157575 0 0 0
intr 2475824362 0 0 321961 75 0 144243 6040258 0 0 0 1622343 0 0 0 0 0 0 0 0 0 0 0 0 0 0 0 0 0 0 0 0 0 0 0 0 0 0 0 0 0 0 0 0 0 0 0 0 0 0 0 0 2265487532 0 0 0 0 0 0 0 0 46154 0 117441 0 0 0 0 0 0 0 0 0 0 0 160656285 1 0 0 0 0 0 0 0 0 0 0 0 0 0 0 0 0 0 0 0 0 0 0 111942 4213 0 0 0 0 3289505 0 0 0 0 0 0 0 0 0 0 0 0 0 0 0 0 0 0 0 0 0 0 0 0 0 0 0 0 0 0 0 0 0 0 0 0 0 0 0 0 0 0 0 0 0 0 0 0 0 0 0 0 0 0 0 0 0 0 0 0 0 0 0 0 0 0 0 0 0 0 0 0 0 0 0 37982409 0 0 0
ctxt 63724548
btime 1673080802
processes 110655
procs_running 1
procs_blocked 0
softirq 215202675 171686664 5851534 520190 8928329 117404 0 19530258 6732703 0 1835593

cpu  1528131 6672 2178458 102624333 34361 0 730612 0 0 0
cpu0 11735 1046 20459 26543216 10985 0 178114 0 0 0
cpu1 1487734 3224 2112542 23000279 3366 0 212060 0 0 0
cpu2 15614 2306 24008 26540093 8208 0 182862 0 0 0
cpu3 13047 94 21448 26540743 11801 0 157575 0 0 0
intr 2475829113 0 0 321969 75 0 144243 6040293 0 0 0 1622348 0 0 0 0 0 0 0 0 0 0 0 0 0 0 0 0 0 0 0 0 0 0 0 0 0 0 0 0 0 0 0 0 0 0 0 0 0 0 0 0 2265491559 0 0 0 0 0 0 0 0 46154 0 117441 0 0 0 0 0 0 0 0 0 0 0 160656437 1 0 0 0 0 0 0 0 0 0 0 0 0 0 0 0 0 0 0 0 0 0 0 111942 4213 0 0 0 0 3289527 0 0 0 0 0 0 0 0 0 0 0 0 0 0 0 0 0 0 0 0 0 0 0 0 0 0 0 0 0 0 0 0 0 0 0 0 0 0 0 0 0 0 0 0 0 0 0 0 0 0 0 0 0 0 0 0 0 0 0 0 0 0 0 0 0 0 0 0 0 0 0 0 0 0 0 37982912 0 0 0
ctxt 63725566
btime 1673080802
processes 110655
procs_running 2
procs_blocked 0
softirq 215202760 171686672 5851550 520190 8928330 117404 0 19530277 6732732 0 1835605

cpu  1528132 6672 2178460 102624526 34361 0 730612 0 0 0
cpu0 11735 1046 20459 26543266 10985 0 178114 0 0 0
cpu1 1487734 3224 2112543 23000325 3366 0 212060 0 0 0
cpu2 15614 2306 24008 26540142 8208 0 182862 0 0 0
cpu3 13047 94 21448 26540792 11801 0 157575 0 0 0
intr 2475833803 0 0 321974 75 0 144243 6040326 0 0 0 1622353 0 0 0 0 0 0 0 0 0 0 0 0 0 0 0 0 0 0 0 0 0 0 0 0 0 0 0 0 0 0 0 0 0 0 0 0 0 0 0 0 2265495555 0 0 0 0 0 0 0 0 46154 0 117441 0 0 0 0 0 0 0 0 0 0 0 160656567 1 0 0 0 0 0 0 0 0 0 0 0 0 0 0 0 0 0 0 0 0 0 0 111942 4213 0 0 0 0 3289549 0 0 0 0 0 0 0 0 0 0 0 0 0 0 0 0 0 0 0 0 0 0 0 0 0 0 0 0 0 0 0 0 0 0 0 0 0 0 0 0 0 0 0 0 0 0 0 0 0 0 0 0 0 0 0 0 0 0 0 0 0 0 0 0 0 0 0 0 0 0 0 0 0 0 0 37983410 0 0 0
ctxt 63726575
btime 1673080802
processes 110655
procs_running 1
procs_blocked 0
softirq 215202838 171686672 5851566 520190 8928331 117404 0 19530296 6732762 0 1835617

cpu  1528132 6672 2178461 102624719 34361 0 730612 0 0 0
cpu0 11735 1046 20459 26543315 10985 0 178114 0 0 0
cpu1 1487735 3224 2112545 23000370 3366 0 212060 0 0 0
cpu2 15614 2306 24008 26540191 8208 0 182862 0 0 0
cpu3 13047 94 21448 26540841 11801 0 157575 0 0 0
intr 2475838635 0 0 321980 75 0 144243 6040399 0 0 0 1622358 0 0 0 0 0 0 0 0 0 0 0 0 0 0 0 0 0 0 0 0 0 0 0 0 0 0 0 0 0 0 0 0 0 0 0 0 0 0 0 0 2265499583 0 0 0 0 0 0 0 0 46154 0 117441 0 0 0 0 0 0 0 0 0 0 0 160656719 1 0 0 0 0 0 0 0 0 0 0 0 0 0 0 0 0 0 0 0 0 0 0 111942 4213 0 0 0 0 3289615 0 0 0 0 0 0 0 0 0 0 0 0 0 0 0 0 0 0 0 0 0 0 0 0 0 0 0 0 0 0 0 0 0 0 0 0 0 0 0 0 0 0 0 0 0 0 0 0 0 0 0 0 0 0 0 0 0 0 0 0 0 0 0 0 0 0 0 0 0 0 0 0 0 0 0 37983913 0 0 0
ctxt 63727675
btime 1673080802
processes 110655
procs_running 1
procs_blocked 0
softirq 215202968 171686680 5851585 520190 8928336 117404 0 19530350 6732794 0 1835629

cpu  1528134 6672 2178464 102624910 34361 0 730612 0 0 0
cpu0 11735 1046 20459 26543364 10985 0 178114 0 0 0
cpu1 1487736 3224 2112547 23000415 3366 0 212060 0 0 0
cpu2 15614 2306 24009 26540239 8208 0 182862 0 0 0
cpu3 13047 94 21448 26540891 11801 0 157575 0 0 0
intr 2475843632 0 0 321984 75 0 144244 6040563 0 0 0 1622363 0 0 0 0 0 0 0 0 0 0 0 0 0 0 0 0 0 0 0 0 0 0 0 0 0 0 0 0 0 0 0 0 0 0 0 0 0 0 0 0 2265503578 0 0 0 0 0 0 0 0 46154 0 117441 0 0 0 0 0 0 0 0 0 0 0 160656849 1 0 0 0 0 0 0 0 0 0 0 0 0 0 0 0 0 0 0 0 0 0 0 111942 4213 0 0 0 0 3289803 0 0 0 0 0 0 0 0 0 0 0 0 0 0 0 0 0 0 0 0 0 0 0 0 0 0 0 0 0 0 0 0 0 0 0 0 0 0 0 0 0 0 0 0 0 0 0 0 0 0 0 0 0 0 0 0 0 0 0 0 0 0 0 0 0 0 0 0 0 0 0 0 0 0 0 37984423 0 0 0
ctxt 63729025
btime 1673080802
processes 110655
procs_running 1
procs_blocked 0
softirq 215203207 171686680 5851609 520190 8928355 117404 0 19530496 6732832 0 1835641

cpu  1528135 6672 2178468 102625103 34361 0 730612 0 0 0
cpu0 11735 1046 20459 26543414 10985 0 178114 0 0 0
cpu1 1487736 3224 2112550 23000461 3366 0 212060 0 0 0
cpu2 15615 2306 24009 26540287 8208 0 182862 0 0 0
cpu3 13047 94 21448 26540940 11801 0 157575 0 0 0
intr 2475848516 0 0 321986 75 0 144244 6040654 0 0 0 1622368 0 0 0 0 0 0 0 0 0 0 0 0 0 0 0 0 0 0 0 0 0 0 0 0 0 0 0 0 0 0 0 0 0 0 0 0 0 0 0 0 2265507607 0 0 0 0 0 0 0 0 46154 0 117441 0 0 0 0 0 0 0 0 0 0 0 160657001 1 0 0 0 0 0 0 0 0 0 0 0 0 0 0 0 0 0 0 0 0 0 0 111942 4213 0 0 0 0 3289895 0 0 0 0 0 0 0 0 0 0 0 0 0 0 0 0 0 0 0 0 0 0 0 0 0 0 0 0 0 0 0 0 0 0 0 0 0 0 0 0 0 0 0 0 0 0 0 0 0 0 0 0 0 0 0 0 0 0 0 0 0 0 0 0 0 0 0 0 0 0 0 0 0 0 0 37984936 0 0 0
ctxt 63730188
btime 1673080802
processes 110655
procs_running 1
procs_blocked 0
softirq 215203363 171686688 5851629 520190 8928363 117404 0 19530566 6732870 0 1835653

cpu  1528135 6672 2178470 102625296 34361 0 730612 0 0 0
cpu0 11735 1046 20459 26543463 10985 0 178114 0 0 0
cpu1 1487736 3224 2112552 23000506 3366 0 212060 0 0 0
cpu2 15615 2306 24010 26540336 8208 0 182862 0 0 0
cpu3 13047 94 21448 26540989 11801 0 157575 0 0 0
intr 2475853218 0 0 321991 75 0 144244 6040689 0 0 0 1622373 0 0 0 0 0 0 0 0 0 0 0 0 0 0 0 0 0 0 0 0 0 0 0 0 0 0 0 0 0 0 0 0 0 0 0 0 0 0 0 0 2265511611 0 0 0 0 0 0 0 0 46154 0 117441 0 0 0 0 0 0 0 0 0 0 0 160657131 1 0 0 0 0 0 0 0 0 0 0 0 0 0 0 0 0 0 0 0 0 0 0 111942 4213 0 0 0 0 3289917 0 0 0 0 0 0 0 0 0 0 0 0 0 0 0 0 0 0 0 0 0 0 0 0 0 0 0 0 0 0 0 0 0 0 0 0 0 0 0 0 0 0 0 0 0 0 0 0 0 0 0 0 0 0 0 0 0 0 0 0 0 0 0 0 0 0 0 0 0 0 0 0 0 0 0 37985437 0 0 0
ctxt 63731204
btime 1673080802
processes 110655
procs_running 2
procs_blocked 0
softirq 215203447 171686688 5851647 520191 8928364 117404 0 19530585 6732903 0 1835665

cpu  1528136 6672 2178473 102625489 34361 0 730612 0 0 0
cpu0 11735 1046 20459 26543512 10985 0 178114 0 0 0
cpu1 1487738 3224 2112554 23000552 3366 0 212060 0 0 0
cpu2 15615 2306 24010 26540385 8208 0 182862 0 0 0
cpu3 13047 94 21448 26541039 11801 0 157575 0 0 0
intr 2475857993 0 0 321999 75 0 144245 6040739 0 0 0 1622378 0 0 0 0 0 0 0 0 0 0 0 0 0 0 0 0 0 0 0 0 0 0 0 0 0 0 0 0 0 0 0 0 0 0 0 0 0 0 0 0 2265515629 0 0 0 0 0 0 0 0 46154 0 117441 0 0 0 0 0 0 0 0 0 0 0 160657283 1 0 0 0 0 0 0 0 0 0 0 0 0 0 0 0 0 0 0 0 0 0 0 111942 4213 0 0 0 0 3289959 0 0 0 0 0 0 0 0 0 0 0 0 0 0 0 0 0 0 0 0 0 0 0 0 0 0 0 0 0 0 0 0 0 0 0 0 0 0 0 0 0 0 0 0 0 0 0 0 0 0 0 0 0 0 0 0 0 0 0 0 0 0 0 0 0 0 0 0 0 0 0 0 0 0 0 37985935 0 0 0
ctxt 63732255
btime 1673080802
processes 110655
procs_running 1
procs_blocked 0
softirq 215203547 171686696 5851662 520191 8928367 117404 0 19530616 6732934 0 1835677

cpu  1528137 6672 2178476 102625683 34361 0 730612 0 0 0
cpu0 11735 1046 20459 26543562 10985 0 178114 0 0 0
cpu1 1487738 3224 2112557 23000597 3366 0 212060 0 0 0
cpu2 15615 2306 24010 26540434 8208 0 182862 0 0 0
cpu3 13047 94 21448 26541088 11801 0 157575 0 0 0
intr 2475862727 0 0 322003 75 0 144245 6040787 0 0 0 1622383 0 0 0 0 0 0 0 0 0 0 0 0 0 0 0 0 0 0 0 0 0 0 0 0 0 0 0 0 0 0 0 0 0 0 0 0 0 0 0 0 2265519633 0 0 0 0 0 0 0 0 46154 0 117441 0 0 0 0 0 0 0 0 0 0 0 160657411 1 0 0 0 0 0 0 0 0 0 0 0 0 0 0 0 0 0 0 0 0 0 0 111942 4213 0 0 0 0 3290002 0 0 0 0 0 0 0 0 0 0 0 0 0 0 0 0 0 0 0 0 0 0 0 0 0 0 0 0 0 0 0 0 0 0 0 0 0 0 0 0 0 0 0 0 0 0 0 0 0 0 0 0 0 0 0 0 0 0 0 0 0 0 0 0 0 0 0 0 0 0 0 0 0 0 0 37986437 0 0 0
ctxt 63733307
btime 1673080802
processes 110655
procs_running 1
procs_blocked 0
softirq 215203649 171686696 5851679 520191 8928370 117404 0 19530652 6732968 0 1835689

cpu  1528138 6672 2178478 102625876 34361 0 730612 0 0 0
cpu0 11735 1046 20460 26543611 10985 0 178114 0 0 0
cpu1 1487739 3224 2112559 23000643 3366 0 212060 0 0 0
cpu2 15615 2306 24010 26540483 8208 0 182862 0 0 0
cpu3 13047 94 21448 26541137 11801 0 157575 0 0 0
intr 2475867497 0 0 322007 75 0 144245 6040832 0 0 0 1622388 0 0 0 0 0 0 0 0 0 0 0 0 0 0 0 0 0 0 0 0 0 0 0 0 0 0 0 0 0 0 0 0 0 0 0 0 0 0 0 0 2265523654 0 0 0 0 0 0 0 0 46154 0 117441 0 0 0 0 0 0 0 0 0 0 0 160657563 1 0 0 0 0 0 0 0 0 0 0 0 0 0 0 0 0 0 0 0 0 0 0 111942 4213 0 0 0 0 3290037 0 0 0 0 0 0 0 0 0 0 0 0 0 0 0 0 0 0 0 0 0 0 0 0 0 0 0 0 0 0 0 0 0 0 0 0 0 0 0 0 0 0 0 0 0 0 0 0 0 0 0 0 0 0 0 0 0 0 0 0 0 0 0 0 0 0 0 0 0 0 0 0 0 0 0 37986946 0 0 0
ctxt 63734358
btime 1673080802
processes 110655
procs_running 2
procs_blocked 0
softirq 215203757 171686704 5851697 520191 8928372 117404 0 19530681 6733000 0 1835708

cpu  1528139 6672 2178480 102626069 34361 0 730612 0 0 0
cpu0 11735 1046 20460 26543660 10985 0 178114 0 0 0
cpu1 1487740 3224 2112560 23000688 3366 0 212060 0 0 0
cpu2 15615 2306 24010 26540533 8208 0 182862 0 0 0
cpu3 13047 94 21448 26541187 11801 0 157575 0 0 0
intr 2475872181 0 0 322012 75 0 144245 6040863 0 0 0 1622393 0 0 0 0 0 0 0 0 0 0 0 0 0 0 0 0 0 0 0 0 0 0 0 0 0 0 0 0 0 0 0 0 0 0 0 0 0 0 0 0 2265527650 0 0 0 0 0 0 0 0 46154 0 117441 0 0 0 0 0 0 0 0 0 0 0 160657693 1 0 0 0 0 0 0 0 0 0 0 0 0 0 0 0 0 0 0 0 0 0 0 111942 4213 0 0 0 0 3290059 0 0 0 0 0 0 0 0 0 0 0 0 0 0 0 0 0 0 0 0 0 0 0 0 0 0 0 0 0 0 0 0 0 0 0 0 0 0 0 0 0 0 0 0 0 0 0 0 0 0 0 0 0 0 0 0 0 0 0 0 0 0 0 0 0 0 0 0 0 0 0 0 0 0 0 37987441 0 0 0
ctxt 63735361
btime 1673080802
processes 110655
procs_running 1
procs_blocked 0
softirq 215203831 171686704 5851713 520191 8928373 117404 0 19530700 6733026 0 1835720

cpu  1528140 6672 2178481 102626263 34361 0 730612 0 0 0
cpu0 11735 1046 20460 26543710 10985 0 178114 0 0 0
cpu1 1487741 3224 2112562 23000734 3366 0 212060 0 0 0
cpu2 15615 2306 24010 26540582 8208 0 182862 0 0 0
cpu3 13047 94 21448 26541236 11801 0 157575 0 0 0
intr 2475876927 0 0 322016 75 0 144245 6040902 0 0 0 1622398 0 0 0 0 0 0 0 0 0 0 0 0 0 0 0 0 0 0 0 0 0 0 0 0 0 0 0 0 0 0 0 0 0 0 0 0 0 0 0 0 2265531676 0 0 0 0 0 0 0 0 46154 0 117441 0 0 0 0 0 0 0 0 0 0 0 160657845 1 0 0 0 0 0 0 0 0 0 0 0 0 0 0 0 0 0 0 0 0 0 0 111942 4213 0 0 0 0 3290081 0 0 0 0 0 0 0 0 0 0 0 0 0 0 0 0 0 0 0 0 0 0 0 0 0 0 0 0 0 0 0 0 0 0 0 0 0 0 0 0 0 0 0 0 0 0 0 0 0 0 0 0 0 0 0 0 0 0 0 0 0 0 0 0 0 0 0 0 0 0 0 0 0 0 0 37987939 0 0 0
ctxt 63736380
btime 1673080802
processes 110655
procs_running 2
procs_blocked 0
softirq 215203915 171686712 5851728 520191 8928374 117404 0 19530718 6733056 0 1835732

cpu  1528141 6672 2178482 102626456 34361 0 730612 0 0 0
cpu0 11735 1046 20460 26543759 10985 0 178114 0 0 0
cpu1 1487742 3224 2112563 23000779 3366 0 212060 0 0 0
cpu2 15615 2306 24010 26540631 8208 0 182862 0 0 0
cpu3 13047 94 21448 26541285 11801 0 157575 0 0 0
intr 2475881625 0 0 322020 75 0 144245 6040938 0 0 0 1622403 0 0 0 0 0 0 0 0 0 0 0 0 0 0 0 0 0 0 0 0 0 0 0 0 0 0 0 0 0 0 0 0 0 0 0 0 0 0 0 0 2265535672 0 0 0 0 0 0 0 0 46154 0 117441 0 0 0 0 0 0 0 0 0 0 0 160657975 1 0 0 0 0 0 0 0 0 0 0 0 0 0 0 0 0 0 0 0 0 0 0 111942 4213 0 0 0 0 3290110 0 0 0 0 0 0 0 0 0 0 0 0 0 0 0 0 0 0 0 0 0 0 0 0 0 0 0 0 0 0 0 0 0 0 0 0 0 0 0 0 0 0 0 0 0 0 0 0 0 0 0 0 0 0 0 0 0 0 0 0 0 0 0 0 0 0 0 0 0 0 0 0 0 0 0 37988437 0 0 0
ctxt 63737395
btime 1673080802
processes 110655
procs_running 2
procs_blocked 0
softirq 215204007 171686712 5851746 520191 8928375 117404 0 19530743 6733086 0 1835750

cpu  1528142 6672 2178484 102626650 34361 0 730612 0 0 0
cpu0 11735 1046 20460 26543808 10985 0 178114 0 0 0
cpu1 1487744 3224 2112564 23000825 3366 0 212060 0 0 0
cpu2 15615 2306 24011 26540680 8208 0 182862 0 0 0
cpu3 13047 94 21448 26541335 11801 0 157575 0 0 0
intr 2475886309 0 0 322024 75 0 144245 6040968 0 0 0 1622408 0 0 0 0 0 0 0 0 0 0 0 0 0 0 0 0 0 0 0 0 0 0 0 0 0 0 0 0 0 0 0 0 0 0 0 0 0 0 0 0 2265539675 0 0 0 0 0 0 0 0 46154 0 117441 0 0 0 0 0 0 0 0 0 0 0 160658103 1 0 0 0 0 0 0 0 0 0 0 0 0 0 0 0 0 0 0 0 0 0 0 111942 4213 0 0 0 0 3290132 0 0 0 0 0 0 0 0 0 0 0 0 0 0 0 0 0 0 0 0 0 0 0 0 0 0 0 0 0 0 0 0 0 0 0 0 0 0 0 0 0 0 0 0 0 0 0 0 0 0 0 0 0 0 0 0 0 0 0 0 0 0 0 0 0 0 0 0 0 0 0 0 0 0 0 37988928 0 0 0
ctxt 63738382
btime 1673080802
processes 110655
procs_running 1
procs_blocked 0
softirq 215204078 171686712 5851760 520191 8928376 117404 0 19530761 6733112 0 1835762

cpu  1528146 6672 2178486 102626836 34361 0 730614 0 0 0
cpu0 11735 1046 20460 26543857 10985 0 178115 0 0 0
cpu1 1487748 3224 2112566 23000867 3366 0 212061 0 0 0
cpu2 15615 2306 24011 26540729 8208 0 182862 0 0 0
cpu3 13047 94 21448 26541382 11801 0 157575 0 0 0
intr 2475892372 0 0 322033 75 0 144245 6041007 0 0 0 1622413 0 0 0 0 0 0 0 0 0 0 0 0 0 0 0 0 0 0 0 0 0 0 0 0 0 0 0 0 0 0 0 0 0 0 0 0 0 0 0 0 2265544375 0 0 0 0 0 0 0 0 46154 0 117441 0 0 0 0 0 0 0 0 0 0 0 160658922 1 0 0 0 0 0 0 0 0 0 0 0 0 0 0 0 0 0 0 0 0 0 0 111942 4213 0 0 0 0 3290154 0 0 0 0 0 0 0 0 0 0 0 0 0 0 0 0 0 0 0 0 0 0 0 0 0 0 0 0 0 0 0 0 0 0 0 0 0 0 0 0 0 0 0 0 0 0 0 0 0 0 0 0 0 0 0 0 0 0 0 0 0 0 0 0 0 0 0 0 0 0 0 0 0 0 0 37989399 0 0 0
ctxt 63739380
btime 1673080802
processes 110655
procs_running 2
procs_blocked 0
softirq 215205226 171687592 5851779 520193 8928398 117404 0 19530934 6733150 0 1835776

cpu  1528150 6672 2178488 102627021 34361 0 730616 0 0 0
cpu0 11735 1046 20460 26543904 10985 0 178115 0 0 0
cpu1 1487751 3224 2112568 23000908 3366 0 212062 0 0 0
cpu2 15615 2306 24011 26540777 8208 0 182862 0 0 0
cpu3 13047 94 21448 26541430 11801 0 157575 0 0 0
intr 2475898731 0 0 322033 75 0 144245 6041047 0 0 0 1622418 0 0 0 0 0 0 0 0 0 0 0 0 0 0 0 0 0 0 0 0 0 0 0 0 0 0 0 0 0 0 0 0 0 0 0 0 0 0 0 0 2265549243 0 0 0 0 0 0 0 0 46154 0 117441 0 0 0 0 0 0 0 0 0 0 0 160659893 1 0 0 0 0 0 0 0 0 0 0 0 0 0 0 0 0 0 0 0 0 0 0 111942 4213 0 0 0 0 3290176 0 0 0 0 0 0 0 0 0 0 0 0 0 0 0 0 0 0 0 0 0 0 0 0 0 0 0 0 0 0 0 0 0 0 0 0 0 0 0 0 0 0 0 0 0 0 0 0 0 0 0 0 0 0 0 0 0 0 0 0 0 0 0 0 0 0 0 0 0 0 0 0 0 0 0 37989850 0 0 0
ctxt 63740351
btime 1673080802
processes 110655
procs_running 2
procs_blocked 0
softirq 215206566 171688625 5851793 520193 8928429 117404 0 19531148 6733186 0 1835788

cpu  1528154 6672 2178488 102627204 34361 0 730618 0 0 0
cpu0 11735 1046 20460 26543952 10985 0 178115 0 0 0
cpu1 1487755 3224 2112568 23000949 3366 0 212063 0 0 0
cpu2 15615 2306 24011 26540824 8208 0 182862 0 0 0
cpu3 13047 94 21448 26541478 11801 0 157576 0 0 0
intr 2475905023 0 0 322033 75 0 144245 6041105 0 0 0 1622423 0 0 0 0 0 0 0 0 0 0 0 0 0 0 0 0 0 0 0 0 0 0 0 0 0 0 0 0 0 0 0 0 0 0 0 0 0 0 0 0 2265554044 0 0 0 0 0 0 0 0 46154 0 117441 0 0 0 0 0 0 0 0 0 0 0 160660834 1 0 0 0 0 0 0 0 0 0 0 0 0 0 0 0 0 0 0 0 0 0 0 111942 4213 0 0 0 0 3290209 0 0 0 0 0 0 0 0 0 0 0 0 0 0 0 0 0 0 0 0 0 0 0 0 0 0 0 0 0 0 0 0 0 0 0 0 0 0 0 0 0 0 0 0 0 0 0 0 0 0 0 0 0 0 0 0 0 0 0 0 0 0 0 0 0 0 0 0 0 0 0 0 0 0 0 37990304 0 0 0
ctxt 63741371
btime 1673080802
processes 110655
procs_running 2
procs_blocked 0
softirq 215207848 171689586 5851812 520194 8928462 117404 0 19531366 6733223 0 1835801

cpu  1528159 6672 2178490 102627388 34361 0 730620 0 0 0
cpu0 11735 1046 20460 26543999 10985 0 178115 0 0 0
cpu1 1487760 3224 2112570 23000989 3366 0 212065 0 0 0
cpu2 15615 2306 24011 26540872 8208 0 182863 0 0 0
cpu3 13047 94 21448 26541526 11801 0 157576 0 0 0
intr 2475911392 0 0 322033 75 0 144245 6041147 0 0 0 1622428 0 0 0 0 0 0 0 0 0 0 0 0 0 0 0 0 0 0 0 0 0 0 0 0 0 0 0 0 0 0 0 0 0 0 0 0 0 0 0 0 2265558914 0 0 0 0 0 0 0 0 46154 0 117441 0 0 0 0 0 0 0 0 0 0 0 160661810 1 0 0 0 0 0 0 0 0 0 0 0 0 0 0 0 0 0 0 0 0 0 0 111942 4213 0 0 0 0 3290231 0 0 0 0 0 0 0 0 0 0 0 0 0 0 0 0 0 0 0 0 0 0 0 0 0 0 0 0 0 0 0 0 0 0 0 0 0 0 0 0 0 0 0 0 0 0 0 0 0 0 0 0 0 0 0 0 0 0 0 0 0 0 0 0 0 0 0 0 0 0 0 0 0 0 0 37990759 0 0 0
ctxt 63742359
btime 1673080802
processes 110655
procs_running 1
procs_blocked 0
softirq 215209260 171690627 5851829 520194 8928497 117404 0 19531629 6733265 0 1835815

cpu  1528162 6672 2178491 102627572 34361 0 730623 0 0 0
cpu0 11735 1046 20460 26544047 10985 0 178116 0 0 0
cpu1 1487764 3224 2112571 23001030 3366 0 212066 0 0 0
cpu2 15615 2306 24011 26540919 8208 0 182864 0 0 0
cpu3 13047 94 21448 26541573 11801 0 157576 0 0 0
intr 2475917760 0 0 322038 75 0 144245 6041190 0 0 0 1622433 0 0 0 0 0 0 0 0 0 0 0 0 0 0 0 0 0 0 0 0 0 0 0 0 0 0 0 0 0 0 0 0 0 0 0 0 0 0 0 0 2265563770 0 0 0 0 0 0 0 0 46154 0 117441 0 0 0 0 0 0 0 0 0 0 0 160662786 1 0 0 0 0 0 0 0 0 0 0 0 0 0 0 0 0 0 0 0 0 0 0 111942 4213 0 0 0 0 3290258 0 0 0 0 0 0 0 0 0 0 0 0 0 0 0 0 0 0 0 0 0 0 0 0 0 0 0 0 0 0 0 0 0 0 0 0 0 0 0 0 0 0 0 0 0 0 0 0 0 0 0 0 0 0 0 0 0 0 0 0 0 0 0 0 0 0 0 0 0 0 0 0 0 0 0 37991220 0 0 0
ctxt 63743371
btime 1673080802
processes 110655
procs_running 2
procs_blocked 0
softirq 215210639 171691654 5851849 520194 8928530 117404 0 19531874 6733305 0 1835829

cpu  1528166 6672 2178493 102627757 34361 0 730624 0 0 0
cpu0 11735 1046 20460 26544095 10985 0 178116 0 0 0
cpu1 1487767 3224 2112573 23001072 3366 0 212067 0 0 0
cpu2 15615 2306 24011 26540967 8208 0 182864 0 0 0
cpu3 13047 94 21448 26541621 11801 0 157576 0 0 0
intr 2475924057 0 0 322038 75 0 144246 6041233 0 0 0 1622438 0 0 0 0 0 0 0 0 0 0 0 0 0 0 0 0 0 0 0 0 0 0 0 0 0 0 0 0 0 0 0 0 0 0 0 0 0 0 0 0 2265568601 0 0 0 0 0 0 0 0 46154 0 117441 0 0 0 0 0 0 0 0 0 0 0 160663720 1 0 0 0 0 0 0 0 0 0 0 0 0 0 0 0 0 0 0 0 0 0 0 111942 4213 0 0 0 0 3290280 0 0 0 0 0 0 0 0 0 0 0 0 0 0 0 0 0 0 0 0 0 0 0 0 0 0 0 0 0 0 0 0 0 0 0 0 0 0 0 0 0 0 0 0 0 0 0 0 0 0 0 0 0 0 0 0 0 0 0 0 0 0 0 0 0 0 0 0 0 0 0 0 0 0 0 37991676 0 0 0
ctxt 63744353
btime 1673080802
processes 110655
procs_running 2
procs_blocked 0
softirq 215212011 171692699 5851866 520194 8928556 117404 0 19532105 6733343 0 1835844

cpu  1528170 6672 2178494 102627940 34361 0 730627 0 0 0
cpu0 11735 1046 20460 26544142 10985 0 178116 0 0 0
cpu1 1487771 3224 2112574 23001112 3366 0 212069 0 0 0
cpu2 15615 2306 24011 26541015 8208 0 182864 0 0 0
cpu3 13047 94 21448 26541669 11801 0 157576 0 0 0
intr 2475930475 0 0 322038 75 0 144246 6041279 0 0 0 1622443 0 0 0 0 0 0 0 0 0 0 0 0 0 0 0 0 0 0 0 0 0 0 0 0 0 0 0 0 0 0 0 0 0 0 0 0 0 0 0 0 2265573486 0 0 0 0 0 0 0 0 46154 0 117441 0 0 0 0 0 0 0 0 0 0 0 160664729 1 0 0 0 0 0 0 0 0 0 0 0 0 0 0 0 0 0 0 0 0 0 0 111942 4213 0 0 0 0 3290302 0 0 0 0 0 0 0 0 0 0 0 0 0 0 0 0 0 0 0 0 0 0 0 0 0 0 0 0 0 0 0 0 0 0 0 0 0 0 0 0 0 0 0 0 0 0 0 0 0 0 0 0 0 0 0 0 0 0 0 0 0 0 0 0 0 0 0 0 0 0 0 0 0 0 0 37992127 0 0 0
ctxt 63745359
btime 1673080802
processes 110655
procs_running 1
procs_blocked 0
softirq 215213466 171693834 5851884 520194 8928586 117404 0 19532332 6733372 0 1835860

cpu  1528174 6672 2178495 102628125 34361 0 730628 0 0 0
cpu0 11735 1046 20460 26544189 10985 0 178117 0 0 0
cpu1 1487776 3224 2112575 23001153 3366 0 212070 0 0 0
cpu2 15615 2306 24011 26541064 8208 0 182864 0 0 0
cpu3 13047 94 21448 26541717 11801 0 157576 0 0 0
intr 2475936816 0 0 322038 75 0 144246 6041314 0 0 0 1622448 0 0 0 0 0 0 0 0 0 0 0 0 0 0 0 0 0 0 0 0 0 0 0 0 0 0 0 0 0 0 0 0 0 0 0 0 0 0 0 0 2265578338 0 0 0 0 0 0 0 0 46154 0 117441 0 0 0 0 0 0 0 0 0 0 0 160665698 1 0 0 0 0 0 0 0 0 0 0 0 0 0 0 0 0 0 0 0 0 0 0 111942 4213 0 0 0 0 3290324 0 0 0 0 0 0 0 0 0 0 0 0 0 0 0 0 0 0 0 0 0 0 0 0 0 0 0 0 0 0 0 0 0 0 0 0 0 0 0 0 0 0 0 0 0 0 0 0 0 0 0 0 0 0 0 0 0 0 0 0 0 0 0 0 0 0 0 0 0 0 0 0 0 0 0 37992584 0 0 0
ctxt 63746335
btime 1673080802
processes 110655
procs_running 2
procs_blocked 0
softirq 215214791 171694848 5851899 520194 8928618 117404 0 19532557 6733401 0 1835870

cpu  1528178 6672 2178496 102628309 34361 0 730630 0 0 0
cpu0 11735 1046 20460 26544237 10985 0 178117 0 0 0
cpu1 1487780 3224 2112576 23001194 3366 0 212071 0 0 0
cpu2 15615 2306 24011 26541111 8208 0 182864 0 0 0
cpu3 13047 94 21448 26541765 11801 0 157577 0 0 0
intr 2475943081 0 0 322043 75 0 144246 6041361 0 0 0 1622453 0 0 0 0 0 0 0 0 0 0 0 0 0 0 0 0 0 0 0 0 0 0 0 0 0 0 0 0 0 0 0 0 0 0 0 0 0 0 0 0 2265583140 0 0 0 0 0 0 0 0 46154 0 117441 0 0 0 0 0 0 0 0 0 0 0 160666628 1 0 0 0 0 0 0 0 0 0 0 0 0 0 0 0 0 0 0 0 0 0 0 111942 4213 0 0 0 0 3290346 0 0 0 0 0 0 0 0 0 0 0 0 0 0 0 0 0 0 0 0 0 0 0 0 0 0 0 0 0 0 0 0 0 0 0 0 0 0 0 0 0 0 0 0 0 0 0 0 0 0 0 0 0 0 0 0 0 0 0 0 0 0 0 0 0 0 0 0 0 0 0 0 0 0 0 37993040 0 0 0
ctxt 63747330
btime 1673080802
processes 110655
procs_running 2
procs_blocked 0
softirq 215216119 171695848 5851918 520194 8928651 117404 0 19532785 6733436 0 1835883

cpu  1528184 6672 2178499 102628492 34361 0 730633 0 0 0
cpu0 11735 1046 20460 26544284 10985 0 178118 0 0 0
cpu1 1487785 3224 2112578 23001234 3366 0 212073 0 0 0
cpu2 15615 2306 24011 26541159 8208 0 182864 0 0 0
cpu3 13047 94 21448 26541813 11801 0 157577 0 0 0
intr 2475949431 0 0 322043 75 0 144246 6041398 0 0 0 1622458 0 0 0 0 0 0 0 0 0 0 0 0 0 0 0 0 0 0 0 0 0 0 0 0 0 0 0 0 0 0 0 0 0 0 0 0 0 0 0 0 2265587998 0 0 0 0 0 0 0 0 46154 0 117441 0 0 0 0 0 0 0 0 0 0 0 160667606 1 0 0 0 0 0 0 0 0 0 0 0 0 0 0 0 0 0 0 0 0 0 0 111942 4213 0 0 0 0 3290368 0 0 0 0 0 0 0 0 0 0 0 0 0 0 0 0 0 0 0 0 0 0 0 0 0 0 0 0 0 0 0 0 0 0 0 0 0 0 0 0 0 0 0 0 0 0 0 0 0 0 0 0 0 0 0 0 0 0 0 0 0 0 0 0 0 0 0 0 0 0 0 0 0 0 0 37993490 0 0 0
ctxt 63748290
btime 1673080802
processes 110655
procs_running 2
procs_blocked 0
softirq 215217681 171697023 5851932 520194 8928685 117404 0 19533075 6733470 0 1835898

cpu  1528188 6672 2178500 102628676 34361 0 730636 0 0 0
cpu0 11735 1046 20460 26544331 10985 0 178118 0 0 0
cpu1 1487789 3224 2112580 23001274 3366 0 212075 0 0 0
cpu2 15615 2306 24011 26541207 8208 0 182864 0 0 0
cpu3 13047 94 21448 26541861 11801 0 157578 0 0 0
intr 2475955828 0 0 322043 75 0 144246 6041441 0 0 0 1622463 0 0 0 0 0 0 0 0 0 0 0 0 0 0 0 0 0 0 0 0 0 0 0 0 0 0 0 0 0 0 0 0 0 0 0 0 0 0 0 0 2265592869 0 0 0 0 0 0 0 0 46154 0 117441 0 0 0 0 0 0 0 0 0 0 0 160668603 1 0 0 0 0 0 0 0 0 0 0 0 0 0 0 0 0 0 0 0 0 0 0 111942 4213 0 0 0 0 3290390 0 0 0 0 0 0 0 0 0 0 0 0 0 0 0 0 0 0 0 0 0 0 0 0 0 0 0 0 0 0 0 0 0 0 0 0 0 0 0 0 0 0 0 0 0 0 0 0 0 0 0 0 0 0 0 0 0 0 0 0 0 0 0 0 0 0 0 0 0 0 0 0 0 0 0 37993948 0 0 0
ctxt 63749288
btime 1673080802
processes 110655
procs_running 2
procs_blocked 0
softirq 215219254 171698274 5851953 520194 8928716 117404 0 19533296 6733505 0 1835912

cpu  1528190 6672 2178503 102628861 34361 0 730638 0 0 0
cpu0 11735 1046 20460 26544379 10985 0 178118 0 0 0
cpu1 1487791 3224 2112582 23001316 3366 0 212076 0 0 0
cpu2 15615 2306 24011 26541255 8208 0 182864 0 0 0
cpu3 13047 94 21448 26541909 11801 0 157578 0 0 0
intr 2475962070 0 0 322043 75 0 144246 6041482 0 0 0 1622467 0 0 0 0 0 0 0 0 0 0 0 0 0 0 0 0 0 0 0 0 0 0 0 0 0 0 0 0 0 0 0 0 0 0 0 0 0 0 0 0 2265597671 0 0 0 0 0 0 0 0 46154 0 117441 0 0 0 0 0 0 0 0 0 0 0 160669517 1 0 0 0 0 0 0 0 0 0 0 0 0 0 0 0 0 0 0 0 0 0 0 111942 4213 0 0 0 0 3290412 0 0 0 0 0 0 0 0 0 0 0 0 0 0 0 0 0 0 0 0 0 0 0 0 0 0 0 0 0 0 0 0 0 0 0 0 0 0 0 0 0 0 0 0 0 0 0 0 0 0 0 0 0 0 0 0 0 0 0 0 0 0 0 0 0 0 0 0 0 0 0 0 0 0 0 37994406 0 0 0
ctxt 63750282
btime 1673080802
processes 110655
procs_running 2
procs_blocked 0
softirq 215220423 171699114 5851968 520194 8928747 117404 0 19533533 6733537 0 1835926

cpu  1528194 6672 2178505 102629044 34361 0 730638 0 0 0
cpu0 11735 1046 20460 26544426 10985 0 178118 0 0 0
cpu1 1487796 3224 2112584 23001357 3366 0 212077 0 0 0
cpu2 15615 2306 24011 26541303 8208 0 182864 0 0 0
cpu3 13047 94 21448 26541957 11801 0 157578 0 0 0
intr 2475968484 0 0 322044 75 0 144246 6041524 0 0 0 1622472 0 0 0 0 0 0 0 0 0 0 0 0 0 0 0 0 0 0 0 0 0 0 0 0 0 0 0 0 0 0 0 0 0 0 0 0 0 0 0 0 2265602553 0 0 0 0 0 0 0 0 46154 0 117441 0 0 0 0 0 0 0 0 0 0 0 160670521 1 0 0 0 0 0 0 0 0 0 0 0 0 0 0 0 0 0 0 0 0 0 0 111942 4213 0 0 0 0 3290434 0 0 0 0 0 0 0 0 0 0 0 0 0 0 0 0 0 0 0 0 0 0 0 0 0 0 0 0 0 0 0 0 0 0 0 0 0 0 0 0 0 0 0 0 0 0 0 0 0 0 0 0 0 0 0 0 0 0 0 0 0 0 0 0 0 0 0 0 0 0 0 0 0 0 0 37994864 0 0 0
ctxt 63751293
btime 1673080802
processes 110655
procs_running 2
procs_blocked 0
softirq 215221759 171700141 5851989 520195 8928779 117404 0 19533742 6733570 0 1835939

cpu  1528198 6672 2178508 102629228 34361 0 730639 0 0 0
cpu0 11735 1046 20460 26544474 10985 0 178118 0 0 0
cpu1 1487799 3224 2112587 23001398 3366 0 212078 0 0 0
cpu2 15615 2306 24012 26541350 8208 0 182864 0 0 0
cpu3 13047 94 21449 26542005 11801 0 157578 0 0 0
intr 2475974866 0 0 322044 75 0 144246 6041566 0 0 0 1622477 0 0 0 0 0 0 0 0 0 0 0 0 0 0 0 0 0 0 0 0 0 0 0 0 0 0 0 0 0 0 0 0 0 0 0 0 0 0 0 0 2265607432 0 0 0 0 0 0 0 0 46154 0 117441 0 0 0 0 0 0 0 0 0 0 0 160671500 1 0 0 0 0 0 0 0 0 0 0 0 0 0 0 0 0 0 0 0 0 0 0 111942 4213 0 0 0 0 3290456 0 0 0 0 0 0 0 0 0 0 0 0 0 0 0 0 0 0 0 0 0 0 0 0 0 0 0 0 0 0 0 0 0 0 0 0 0 0 0 0 0 0 0 0 0 0 0 0 0 0 0 0 0 0 0 0 0 0 0 0 0 0 0 0 0 0 0 0 0 0 0 0 0 0 0 37995320 0 0 0
ctxt 63752287
btime 1673080802
processes 110655
procs_running 1
procs_blocked 0
softirq 215223386 171701437 5852005 520195 8928807 117404 0 19533975 6733610 0 1835953

cpu  1528202 6672 2178509 102629414 34361 0 730642 0 0 0
cpu0 11735 1046 20460 26544522 10985 0 178118 0 0 0
cpu1 1487803 3224 2112588 23001440 3366 0 212079 0 0 0
cpu2 15615 2306 24012 26541398 8208 0 182865 0 0 0
cpu3 13047 94 21449 26542053 11801 0 157578 0 0 0
intr 2475981173 0 0 322044 75 0 144246 6041611 0 0 0 1622482 0 0 0 0 0 0 0 0 0 0 0 0 0 0 0 0 0 0 0 0 0 0 0 0 0 0 0 0 0 0 0 0 0 0 0 0 0 0 0 0 2265612260 0 0 0 0 0 0 0 0 46154 0 117441 0 0 0 0 0 0 0 0 0 0 0 160672446 1 0 0 0 0 0 0 0 0 0 0 0 0 0 0 0 0 0 0 0 0 0 0 111942 4213 0 0 0 0 3290478 0 0 0 0 0 0 0 0 0 0 0 0 0 0 0 0 0 0 0 0 0 0 0 0 0 0 0 0 0 0 0 0 0 0 0 0 0 0 0 0 0 0 0 0 0 0 0 0 0 0 0 0 0 0 0 0 0 0 0 0 0 0 0 0 0 0 0 0 0 0 0 0 0 0 0 37995780 0 0 0
ctxt 63753299
btime 1673080802
processes 110655
procs_running 2
procs_blocked 0
softirq 215224664 171702428 5852024 520195 8928833 117404 0 19534168 6733646 0 1835966

cpu  1528207 6672 2178512 102629597 34361 0 730643 0 0 0
cpu0 11735 1046 20460 26544570 10985 0 178118 0 0 0
cpu1 1487808 3224 2112590 23001480 3366 0 212080 0 0 0
cpu2 15615 2306 24012 26541445 8208 0 182865 0 0 0
cpu3 13047 94 21449 26542100 11801 0 157578 0 0 0
intr 2475987547 0 0 322044 75 0 144246 6041660 0 0 0 1622487 0 0 0 0 0 0 0 0 0 0 0 0 0 0 0 0 0 0 0 0 0 0 0 0 0 0 0 0 0 0 0 0 0 0 0 0 0 0 0 0 2265617113 0 0 0 0 0 0 0 0 46154 0 117441 0 0 0 0 0 0 0 0 0 0 0 160673420 1 0 0 0 0 0 0 0 0 0 0 0 0 0 0 0 0 0 0 0 0 0 0 111942 4213 0 0 0 0 3290509 0 0 0 0 0 0 0 0 0 0 0 0 0 0 0 0 0 0 0 0 0 0 0 0 0 0 0 0 0 0 0 0 0 0 0 0 0 0 0 0 0 0 0 0 0 0 0 0 0 0 0 0 0 0 0 0 0 0 0 0 0 0 0 0 0 0 0 0 0 0 0 0 0 0 0 37996243 0 0 0
ctxt 63754292
btime 1673080802
processes 110655
procs_running 2
procs_blocked 0
softirq 215226203 171703640 5852043 520195 8928862 117404 0 19534395 6733685 0 1835979

cpu  1528211 6672 2178514 102629781 34361 0 730645 0 0 0
cpu0 11735 1046 20460 26544618 10985 0 178118 0 0 0
cpu1 1487812 3224 2112592 23001521 3366 0 212082 0 0 0
cpu2 15615 2306 24012 26541493 8208 0 182866 0 0 0
cpu3 13047 94 21449 26542148 11801 0 157578 0 0 0
intr 2475993967 0 0 322045 75 0 144246 6041710 0 0 0 1622492 0 0 0 0 0 0 0 0 0 0 0 0 0 0 0 0 0 0 0 0 0 0 0 0 0 0 0 0 0 0 0 0 0 0 0 0 0 0 0 0 2265621996 0 0 0 0 0 0 0 0 46154 0 117441 0 0 0 0 0 0 0 0 0 0 0 160674421 1 0 0 0 0 0 0 0 0 0 0 0 0 0 0 0 0 0 0 0 0 0 0 111942 4213 0 0 0 0 3290531 0 0 0 0 0 0 0 0 0 0 0 0 0 0 0 0 0 0 0 0 0 0 0 0 0 0 0 0 0 0 0 0 0 0 0 0 0 0 0 0 0 0 0 0 0 0 0 0 0 0 0 0 0 0 0 0 0 0 0 0 0 0 0 0 0 0 0 0 0 0 0 0 0 0 0 37996700 0 0 0
ctxt 63755315
btime 1673080802
processes 110655
procs_running 1
procs_blocked 0
softirq 215227674 171704793 5852061 520195 8928893 117404 0 19534624 6733710 0 1835994

cpu  1528216 6672 2178514 102629966 34361 0 730647 0 0 0
cpu0 11735 1046 20460 26544666 10985 0 178118 0 0 0
cpu1 1487817 3224 2112592 23001563 3366 0 212083 0 0 0
cpu2 15615 2306 24012 26541541 8208 0 182866 0 0 0
cpu3 13047 94 21449 26542195 11801 0 157579 0 0 0
intr 2476000177 0 0 322045 75 0 144246 6041755 0 0 0 1622497 0 0 0 0 0 0 0 0 0 0 0 0 0 0 0 0 0 0 0 0 0 0 0 0 0 0 0 0 0 0 0 0 0 0 0 0 0 0 0 0 2265626775 0 0 0 0 0 0 0 0 46154 0 117441 0 0 0 0 0 0 0 0 0 0 0 160675328 1 0 0 0 0 0 0 0 0 0 0 0 0 0 0 0 0 0 0 0 0 0 0 111942 4213 0 0 0 0 3290553 0 0 0 0 0 0 0 0 0 0 0 0 0 0 0 0 0 0 0 0 0 0 0 0 0 0 0 0 0 0 0 0 0 0 0 0 0 0 0 0 0 0 0 0 0 0 0 0 0 0 0 0 0 0 0 0 0 0 0 0 0 0 0 0 0 0 0 0 0 0 0 0 0 0 0 37997153 0 0 0
ctxt 63756301
btime 1673080802
processes 110655
procs_running 1
procs_blocked 0
softirq 215229043 171705880 5852077 520195 8928917 117404 0 19534818 6733744 0 1836008

cpu  1528220 6672 2178520 102630143 34361 0 730650 0 0 0
cpu0 11735 1046 20462 26544711 10985 0 178118 0 0 0
cpu1 1487820 3224 2112593 23001603 3366 0 212085 0 0 0
cpu2 15616 2306 24015 26541586 8208 0 182866 0 0 0
cpu3 13048 94 21449 26542241 11801 0 157579 0 0 0
intr 2476006775 0 0 322047 75 0 144259 6041847 0 0 0 1622502 0 0 0 0 0 0 0 0 0 0 0 0 0 0 0 0 0 0 0 0 0 0 0 0 0 0 0 0 0 0 0 0 0 0 0 0 0 0 0 0 2265631668 0 0 0 0 0 0 0 0 46154 0 117441 0 0 0 0 0 0 0 0 0 0 0 160676344 1 0 0 0 0 0 0 0 0 0 0 0 0 0 0 0 0 0 0 0 0 0 0 111942 4213 0 0 0 0 3290592 0 0 0 0 0 0 0 0 0 0 0 0 0 0 0 0 0 0 0 0 0 0 0 0 0 0 0 0 0 0 0 0 0 0 0 0 0 0 0 0 0 0 0 0 0 0 0 0 0 0 0 0 0 0 0 0 0 0 0 0 0 0 0 0 0 0 0 0 0 0 0 0 0 0 0 37997691 0 0 0
ctxt 63757447
btime 1673080802
processes 110666
procs_running 2
procs_blocked 0
softirq 215230638 171707061 5852113 520195 8928949 117404 0 19535030 6733803 0 1836083

cpu  1528224 6672 2178523 102630327 34361 0 730653 0 0 0
cpu0 11735 1046 20462 26544759 10985 0 178118 0 0 0
cpu1 1487824 3224 2112595 23001644 3366 0 212086 0 0 0
cpu2 15616 2306 24016 26541633 8208 0 182867 0 0 0
cpu3 13048 94 21450 26542288 11801 0 157580 0 0 0
intr 2476013308 0 0 322049 75 0 144259 6041956 0 0 0 1622507 0 0 0 0 0 0 0 0 0 0 0 0 0 0 0 0 0 0 0 0 0 0 0 0 0 0 0 0 0 0 0 0 0 0 0 0 0 0 0 0 2265636526 0 0 0 0 0 0 0 0 46154 0 117441 0 0 0 0 0 0 0 0 0 0 0 160677318 1 0 0 0 0 0 0 0 0 0 0 0 0 0 0 0 0 0 0 0 0 0 0 111942 4213 0 0 0 0 3290709 0 0 0 0 0 0 0 0 0 0 0 0 0 0 0 0 0 0 0 0 0 0 0 0 0 0 0 0 0 0 0 0 0 0 0 0 0 0 0 0 0 0 0 0 0 0 0 0 0 0 0 0 0 0 0 0 0 0 0 0 0 0 0 0 0 0 0 0 0 0 0 0 0 0 0 37998159 0 0 0
ctxt 63758638
btime 1673080802
processes 110666
procs_running 2
procs_blocked 0
softirq 215232269 171708283 5852130 520195 8928994 117404 0 19535336 6733833 0 1836094

cpu  1528228 6672 2178527 102630510 34361 0 730654 0 0 0
cpu0 11735 1046 20462 26544807 10985 0 178118 0 0 0
cpu1 1487828 3224 2112598 23001686 3366 0 212087 0 0 0
cpu2 15616 2306 24016 26541681 8208 0 182867 0 0 0
cpu3 13048 94 21450 26542335 11801 0 157580 0 0 0
intr 2476019669 0 0 322050 75 0 144259 6042031 0 0 0 1622512 0 0 0 0 0 0 0 0 0 0 0 0 0 0 0 0 0 0 0 0 0 0 0 0 0 0 0 0 0 0 0 0 0 0 0 0 0 0 0 0 2265641336 0 0 0 0 0 0 0 0 46154 0 117441 0 0 0 0 0 0 0 0 0 0 0 160678254 1 0 0 0 0 0 0 0 0 0 0 0 0 0 0 0 0 0 0 0 0 0 0 111942 4213 0 0 0 0 3290769 0 0 0 0 0 0 0 0 0 0 0 0 0 0 0 0 0 0 0 0 0 0 0 0 0 0 0 0 0 0 0 0 0 0 0 0 0 0 0 0 0 0 0 0 0 0 0 0 0 0 0 0 0 0 0 0 0 0 0 0 0 0 0 0 0 0 0 0 0 0 0 0 0 0 0 37998634 0 0 0
ctxt 63759755
btime 1673080802
processes 110666
procs_running 2
procs_blocked 0
softirq 215233625 171709342 5852155 520195 8929026 117404 0 19535527 6733865 0 1836111

cpu  1528231 6672 2178530 102630693 34361 0 730657 0 0 0
cpu0 11735 1046 20462 26544855 10985 0 178118 0 0 0
cpu1 1487831 3224 2112600 23001727 3366 0 212089 0 0 0
cpu2 15616 2306 24016 26541728 8208 0 182868 0 0 0
cpu3 13048 94 21450 26542382 11801 0 157580 0 0 0
intr 2476026350 0 0 322050 75 0 144260 6042192 0 0 0 1622517 0 0 0 0 0 0 0 0 0 0 0 0 0 0 0 0 0 0 0 0 0 0 0 0 0 0 0 0 0 0 0 0 0 0 0 0 0 0 0 0 2265646208 0 0 0 0 0 0 0 0 46154 0 117441 0 0 0 0 0 0 0 0 0 0 0 160679245 1 0 0 0 0 0 0 0 0 0 0 0 0 0 0 0 0 0 0 0 0 0 0 111942 4213 0 0 0 0 3290946 0 0 0 0 0 0 0 0 0 0 0 0 0 0 0 0 0 0 0 0 0 0 0 0 0 0 0 0 0 0 0 0 0 0 0 0 0 0 0 0 0 0 0 0 0 0 0 0 0 0 0 0 0 0 0 0 0 0 0 0 0 0 0 0 0 0 0 0 0 0 0 0 0 0 0 37999106 0 0 0
ctxt 63761078
btime 1673080802
processes 110666
procs_running 1
procs_blocked 0
softirq 215235323 171710552 5852175 520195 8929077 117404 0 19535898 6733900 0 1836122

cpu  1528232 6672 2178531 102630885 34361 0 730658 0 0 0
cpu0 11735 1046 20462 26544904 10985 0 178118 0 0 0
cpu1 1487832 3224 2112602 23001772 3366 0 212089 0 0 0
cpu2 15616 2306 24016 26541777 8208 0 182869 0 0 0
cpu3 13048 94 21450 26542431 11801 0 157580 0 0 0
intr 2476031379 0 0 322052 75 0 144260 6042238 0 0 0 1622522 0 0 0 0 0 0 0 0 0 0 0 0 0 0 0 0 0 0 0 0 0 0 0 0 0 0 0 0 0 0 0 0 0 0 0 0 0 0 0 0 2265650370 0 0 0 0 0 0 0 0 46154 0 117441 0 0 0 0 0 0 0 0 0 0 0 160679545 1 0 0 0 0 0 0 0 0 0 0 0 0 0 0 0 0 0 0 0 0 0 0 111942 4213 0 0 0 0 3290975 0 0 0 0 0 0 0 0 0 0 0 0 0 0 0 0 0 0 0 0 0 0 0 0 0 0 0 0 0 0 0 0 0 0 0 0 0 0 0 0 0 0 0 0 0 0 0 0 0 0 0 0 0 0 0 0 0 0 0 0 0 0 0 0 0 0 0 0 0 0 0 0 0 0 0 37999592 0 0 0
ctxt 63762119
btime 1673080802
processes 110666
procs_running 1
procs_blocked 0
softirq 215235667 171710779 5852195 520196 8929084 117404 0 19535951 6733925 0 1836133

cpu  1528233 6672 2178534 102631079 34361 0 730658 0 0 0
cpu0 11735 1046 20462 26544953 10985 0 178118 0 0 0
cpu1 1487833 3224 2112604 23001817 3366 0 212089 0 0 0
cpu2 15616 2306 24017 26541826 8208 0 182869 0 0 0
cpu3 13048 94 21450 26542481 11801 0 157580 0 0 0
intr 2476036128 0 0 322056 75 0 144260 6042294 0 0 0 1622527 0 0 0 0 0 0 0 0 0 0 0 0 0 0 0 0 0 0 0 0 0 0 0 0 0 0 0 0 0 0 0 0 0 0 0 0 0 0 0 0 2265654374 0 0 0 0 0 0 0 0 46154 0 117441 0 0 0 0 0 0 0 0 0 0 0 160679673 1 0 0 0 0 0 0 0 0 0 0 0 0 0 0 0 0 0 0 0 0 0 0 111942 4213 0 0 0 0 3291026 0 0 0 0 0 0 0 0 0 0 0 0 0 0 0 0 0 0 0 0 0 0 0 0 0 0 0 0 0 0 0 0 0 0 0 0 0 0 0 0 0 0 0 0 0 0 0 0 0 0 0 0 0 0 0 0 0 0 0 0 0 0 0 0 0 0 0 0 0 0 0 0 0 0 0 38000093 0 0 0
ctxt 63763182
btime 1673080802
processes 110666
procs_running 2
procs_blocked 0
softirq 215235773 171710779 5852213 520196 8929089 117404 0 19535994 6733949 0 1836149

cpu  1528234 6672 2178536 102631272 34361 0 730658 0 0 0
cpu0 11735 1046 20462 26545003 10985 0 178118 0 0 0
cpu1 1487834 3224 2112606 23001863 3366 0 212089 0 0 0
cpu2 15616 2306 24017 26541875 8208 0 182869 0 0 0
cpu3 13048 94 21450 26542530 11801 0 157580 0 0 0
intr 2476040866 0 0 322061 75 0 144260 6042331 0 0 0 1622532 0 0 0 0 0 0 0 0 0 0 0 0 0 0 0 0 0 0 0 0 0 0 0 0 0 0 0 0 0 0 0 0 0 0 0 0 0 0 0 0 2265658395 0 0 0 0 0 0 0 0 46154 0 117441 0 0 0 0 0 0 0 0 0 0 0 160679827 1 0 0 0 0 0 0 0 0 0 0 0 0 0 0 0 0 0 0 0 0 0 0 111942 4213 0 0 0 0 3291048 0 0 0 0 0 0 0 0 0 0 0 0 0 0 0 0 0 0 0 0 0 0 0 0 0 0 0 0 0 0 0 0 0 0 0 0 0 0 0 0 0 0 0 0 0 0 0 0 0 0 0 0 0 0 0 0 0 0 0 0 0 0 0 0 0 0 0 0 0 0 0 0 0 0 0 38000587 0 0 0
ctxt 63764201
btime 1673080802
processes 110666
procs_running 1
procs_blocked 0
softirq 215235849 171710787 5852229 520196 8929090 117404 0 19536013 6733970 0 1836160

cpu  1528234 6672 2178537 102631466 34361 0 730658 0 0 0
cpu0 11735 1046 20462 26545052 10985 0 178118 0 0 0
cpu1 1487834 3224 2112607 23001908 3366 0 212089 0 0 0
cpu2 15616 2306 24017 26541925 8208 0 182869 0 0 0
cpu3 13048 94 21450 26542579 11801 0 157580 0 0 0
intr 2476045548 0 0 322065 75 0 144260 6042360 0 0 0 1622537 0 0 0 0 0 0 0 0 0 0 0 0 0 0 0 0 0 0 0 0 0 0 0 0 0 0 0 0 0 0 0 0 0 0 0 0 0 0 0 0 2265662399 0 0 0 0 0 0 0 0 46154 0 117441 0 0 0 0 0 0 0 0 0 0 0 160679955 1 0 0 0 0 0 0 0 0 0 0 0 0 0 0 0 0 0 0 0 0 0 0 111942 4213 0 0 0 0 3291070 0 0 0 0 0 0 0 0 0 0 0 0 0 0 0 0 0 0 0 0 0 0 0 0 0 0 0 0 0 0 0 0 0 0 0 0 0 0 0 0 0 0 0 0 0 0 0 0 0 0 0 0 0 0 0 0 0 0 0 0 0 0 0 0 0 0 0 0 0 0 0 0 0 0 0 38001077 0 0 0
ctxt 63765200
btime 1673080802
processes 110666
procs_running 1
procs_blocked 0
softirq 215235917 171710787 5852244 520196 8929091 117404 0 19536032 6733990 0 1836173
