Latency
1903973
2174078
2447622
2722379
3007354
3265526
3552488
3805152
4069459
4344212
5741447
6015488
6319299
6585166
6837397
7092648
7354534
7633266
7883797
8142698
8739101
10461724
694847
975920
1225364
1521310
1813778
2063331
2314993
2565685
2846465
3112484
3863951
6854320
493537
783017
1034405
1371714
1661824
1912487
2163091
2427902
2701798
2951660
3237955
3489744
588599
844216
1304120
1564522
1821332
2104155
2404134
2688220
2973332
3231318
3484577
4281332
546766
834964
1088442
1383182
1634070
1916740
2271738
2547739
2797393
3052179
3341221
354727
610964
862851
1113886
1464724
1748236
2029921
2281522
2565155
2865158
3190101
757595
1021050
1302695
1550062
1845809
2132738
2396424
2673785
2926622
3178265
3474275
3747940
570213
826443
1077213
1328075
1614932
1903995
2166793
2425844
2705645
2960385
3521449
4425702
5102796
694925
977436
1259981
1516672
1811885
2062474
2313140
2563921
2817092
3065271
3349937
3650370
3944334
319354
577154
1110610
1370006
1619798
1916418
2167983
2419481
2703105
3001072
3519391
5884792
288821
567505
1335882
1634320
1899941
2150664
2402606
2689681
2974565
3229405
3693705
4627151
700962
990532
1255200
1505640
1789590
2076332
2331603
2581415
2881221
3293938
5819020
731536
990616
1242218
1531782
1818267
2116368
2380804
2650603
2903420
3192432
4535675
611253
900872
1184262
1470981
1736577
2010751
2293878
2554860
3217919
3475598
3876908
836106
1117702
1368952
1627128
1877854
2129505
2419819
2676683
2928254
3207764
3964649
4335363
707627
969305
1219868
1470213
1723958
2006960
2260232
2518885
2809894
3082427
4006213
5147440
688724
941177
1206833
1486055
1778537
2040722
2291340
2541792
2918172
3168919
3478737
4337252
4972288
411885
682920
935831
1474802
1739082
2023567
2274411
2524939
2777497
3055666
3331720
4078018
703940
996797
1252551
1503228
1789410
2124542
2374861
2639821
2915481
3167463
3532075
4640150
4894838
473275
724750
983798
1234453
1485361
1736074
1986014
2236596
2487125
2739985
4067054
4334421
457680
723019
1002505
1260165
1546326
1835658
2093448
2343249
2594857
2844579
3094259
314587
592559
860454
1419620
1701588
1988192
2242131
2525618
2777418
3030629
3663337
4671673
682934
966280
1223305
1473514
1761977
2013845
2308385
2592102
2841694
3470707
5364830
718245
998798
1287518
1538276
1788341
2048472
2333142
2611550
2866245
3118205
4805102
1011769
1269465
1520228
1770834
2028892
2309074
2594488
2846512
3145299
3429939
4084782
4359117
459945
718308
998058
1248737
1501648
1790024
2076450
2326340
2644047
3040988
3546174
3940296
364640
652500
936226
1231788
1528671
1789330
2064231
2360108
2610591
2863635
3199236
4778642
306152
577080
862857
1139845
1419942
1712724
1964312
2215927
2472649
2727713
3005683
775058
1032368
1288185
1578424
1830564
2090320
2366275
2616944
2867733
3154747
4413550
1083505
1384651
1679334
1930173
2181075
2431504
2685360
2971377
3222849
3507114
4146774
4664554
657794
915352
1197548
1451144
1737381
2036289
2320396
2600390
2870328
3537972
3795083
4349283
676355
929555
1207451
1456842
1707786
2007755
2422946
2684775
2960107
3212491
3513450
4022928
4570635
452767
706849
970681
1249307
1498234
1750972
2001644
2250255
2500855
2751354
3006317
3628678
605695
890478
1142116
1394483
1777036
2027065
2305922
2558048
2857635
3109323
3412720
4996681
637360
922774
1212562
1462828
1713357
1975204
2251627
2501150
2751547
3036463
3286818
3622842
4175712
1063294
1324757
1604630
1854091
2110653
2394262
2695794
2943777
3231782
3483337
4448195
712297
966580
1252977
1551597
1801882
2052648
2305890
2552227
2804702
3279300
3809492
4716527
690566
946581
1281570
1534271
1830100
2114700
2410532
2661051
2945546
3196911
3455308
3951505
355758
613871
1083659
1341024
1638792
1891081
2140396
2391724
2647208
2931759
3456007
6282335
6530793
404015
671074
949675
1246298
1496772
1836882
2123452
2373694
2624755
2908710
3158162
3536176
3841657
694385
977907
1228442
1478771
1726551
1977329
2227932
2480592
2732210
2982628
3378941
4377475
748396
1004728
1288581
1583301
1839029
2205042
2473623
2758352
3048586
3340233
3613146
664374
917622
1194969
1476658
1938940
2195045
2445149
2695945
2946312
3195389
3651043
4286293
4548180
460055
739815
1174954
1424250
1674510
1924636
2175125
2425932
2676164
2926538
3265502
3806159
425871
689533
942552
1233068
1530821
1782320
2032781
2317591
2604347
2869827
3162397
4814856
450597
717970
978779
1261804
1512484
1763124
2013307
2265608
2554901
2800141
3177627
360568
644708
919540
1393033
1659502
1946500
2247364
2502058
2783844
3033352
3820416
733637
985494
1266814
1526527
1805225
2155405
2449904
2729895
3016682
3266994
5391772
668284
960750
1250641
1531548
1832143
2335262
2586827
2853524
3128098
3411834
5940845
421761
699480
984752
1271003
1566312
1816661
2064062
2315401
2565844
3114728
3718642
5337913
356842
632302
920851
1464777
1729562
1999174
2249924
2548179
2813448
3085562
3374146
4134747
593057
865061
1372728
1654624
1904662
2180792
2443106
2697241
2960512
3231217
4892589
816767
1067128
1335427
1592706
1883164
2137822
2388515
2638993
2889422
3139833
3650884
4197141
773839
1036098
1323614
1573377
1869232
2120041
2383672
2665983
2943300
3193555
3470718
3929673
726255
991245
1264243
1517268
1801730
2099537
2391547
2644706
2923684
3770638
5368507
884461
1160103
1456573
1705879
1957150
2207617
2458165
2708542
2994150
3247868
3538026
3981366
722731
978140
1263407
1526404
1810908
2061948
2316320
2597317
2851736
3114470
727740
1000934
1254300
1541306
1792022
2047452
2333237
2619984
2869535
3295080
5229273
846270
1093360
1355408
1648065
1903801
2154467
2404859
2655460
2940455
3194004
3901354
767984
1046218
1334049
1630235
1977815
2259663
2510173
2760555
3011290
3395962
5602199
661336
939107
1236910
1494836
1770101
2046711
2315464
2613337
2993577
3243792
3873576
462136
725692
981422
1258900
1546315
1799425
2091690
2361388
3760090
4162390
4441785
4858886
454651
708177
989836
1246188
1530053
1827655
2079383
2329787
2580303
2830346
3801482
699827
976355
1262548
1512189
1763667
2019750
2315154
2563951
2845680
3098001
3981900
1095389
1373984
1669595
1919698
2169552
2423065
2684094
2967513
3244038
3494507
4466271
835301
1100735
1348790
1643577
1899094
2151737
2401998
2652484
2937624
3194463
3844039
498120
768881
1050459
1337645
1631111
1918907
2169588
2455044
2707300
3508992
4425253
5113173
563652
827823
1081402
1362398
1613034
1862859
2148669
2404030
2653603
2904099
4205549
353731
634093
919011
1218650
1616052
1877794
2132073
2393545
2671763
2972087
3223735
4645580
675050
950190
1200267
1486371
1749145
2021774
2274340
2525819
2824593
3076131
3410765
4128701
734987
1024132
1307049
1556721
1808545
2060951
2344508
2598781
2848265
3501854
4515331
973816
1241351
1494631
1790932
2041558
2292179
2541650
2792135
3042511
3292984
4093592
596178
862285
1145713
1395695
1789452
2056781
2309361
2560760
2821917
3097376
3617978
4228758
319204
575543
869928
1128747
1663303
1916830
2175398
2457460
2706902
3003477
3256858
360721
617512
912511
1215124
1728858
1985462
2237273
2500240
2771340
3024325
3278650
5191808
314857
582636
1261286
1541741
1797509
2093126
2343413
2594003
2848041
3128374
5196684
724341
985547
1237012
1523945
1824556
2075284
2363161
2617567
2902398
3151863
5395002
981323
1258655
1509131
1823912
2094263
2343782
2593307
2843892
3095518
3346934
3887824
4662522
568298
854121
1117923
1412900
1663294
1917687
2196937
2482856
2819335
3074991
3327566
688583
958590
1224489
1518975
1768446
2146305
2395857
2646917
2901760
3180062
3431506
3948300
418452
697807
963135
1249685
1500217
1750706
2000866
2251205
2534187
2788422
3143458
4192877
650835
921356
1192210
1482531
1734233
1990111
2270117
2555870
2855615
3770960
727178
1003324
1289113
1587821
1839437
2091201
2347461
2630355
2891411
3168037
3418404
3684825
658241
939027
1202698
1487610
1769668
2019466
2274431
2570178
2838826
3452324
5759080
6041854
6554944
498495
754033
1058509
1512074
1804046
2060121
2350101
2626694
2880305
3177106
3684990
3936158
4851541
626552
909550
1155842
1418955
1704360
1988842
2287295
2573956
2913049
3164697
3969006
4870670
659135
926741
1179398
1429866
1729365
1980660
2230605
2514849
2775962
3056114
3307546
3745073
4476854
368392
621405
920681
1172487
1546867
1828122
2130815
2411029
2663592
2943805
3533017
5147370
765450
1022692
1304647
1555601
1805684
2060320
2309876
2683155
2935351
3231112
3495539
4211187
710918
961135
1211644
1462159
1712658
2044899
2339261
2589646
2844100
3124097
3552347
4359804
325311
604011
1225342
1481965
1735099
2017822
2270338
2521753
2821855
3106639
5252931
765142
1016163
1301470
1557731
1838948
2232877
2507515
2804095
3091146
3341280
3608553
4135582
5288246
724075
988567
1282273
1531676
1782800
2033687
2284437
2535164
2785498
3035878
3592855
4177340
680744
933855
1214550
1526564
1800237
2056110
2305189
2554149
2816594
3092555
3459225
737497
995270
1245644
1496658
1749745
2002041
2282782
2632689
2912763
3451024
3858136
4129743
4911082
726608
985738
1262698
1515253
1769655
2052636
2305285
2556858
2825426
3106392
3563721
5331510
629587
916582
1209191
1458682
1712018
2065111
2346545
2595890
2872687
3125538
4143138
5176524
317737
567556
1261745
1519873
1771397
2023667
2277292
2568714
2819093
3069555
4579373
726539
1002602
1297167
1548813
1799912
2125129
2424386
2676030
2926482
3177062
3427512
4386426
653659
949593
1397563
1656044
1906531
2156758
2416904
2671391
2945887
3234657
3512689
3980749
6302954
726091
1011320
1261659
1550383
1841297
2264676
2514607
2778904
3057127
3338897
3591364
666077
936781
1195257
1490735
1741185
1994735
2244678
2495547
2745960
3032385
3921486
4508106
449235
723677
974468
1258509
1879971
2141363
2425653
2680371
2978895
3230223
3492879
3916527
676027
931190
1212977
1494263
1891561
2153782
2399997
2692163
2976404
3261784
3672608
4286325
4949665
456635
730767
1012517
1313151
1564249
2157771
2448282
2726268
2977718
3231755
3568909
3822546
4798132
1046072
1301532
1562073
1833621
2086189
2367082
2624425
2923671
3174698
3460547
3939331
5044299
836764
1106482
1403540
1653673
1912490
2188081
2475915
2725321
2976745
3348084
4035280
4318102
679728
953453
1210055
1461665
1760231
2043315
2297748
2547144
2796339
3050989
3391567
3822760
357012
639058
903021
1256687
1535269
1814555
2065737
2362605
2630629
2904588
3502662
4689181
722820
988356
1274260
1547532
1845075
2099389
2357355
2638643
2896580
3374672
4988352
917262
1205035
1455150
1705654
1956129
2206759
2457182
2707601
2988303
3244858
3970565
4892890
646857
931300
1191564
1477287
1759015
2009767
2265646
2565130
2815678
5736677
711977
976148
1262014
1511769
1763583
2059179
2333092
2584582
2838078
3090230
3801144
647734
898756
1324202
1601884
1900642
2151901
2415297
2689157
2939745
3190009
3699243
5706128
675505
957597
1255975
1541960
1814595
2094720
2344332
2883096
3135510
3385144
3654718
448460
730562
987254
1238078
1489071
1739725
1989128
2239411
2489111
2739375
3783468
4032731
471477
749649
1029060
1298130
1552234
1845451
2095821
2346110
2629151
2888802
3537069
705315
990531
1244000
1536782
1839960
2118913
2366066
2615982
2903499
4758881
5488857
787257
1058782
1309269
1556062
1806748
2057549
2311214
2562523
2813004
3063895
3314075
3652167
601460
860749
1119267
1412759
1663390
1917491
2168138
2418363
2880456
3169146
5990987
545882
809624
1432972
1688204
1973268
2222835
2478540
2729357
3023298
3272885
3523361
652834
933881
1203024
1504549
1755299
2038433
2507723
2759789
3043567
3293132
3548373
4867360
454652
734428
984909
1235421
1485856
1736181
2024137
2286943
2561970
2818516
3110456
4501601
734442
1005990
1260052
1547732
1838039
2095442
2345777
2596029
2878880
3136755
3394357
698638
949010
1199427
1446557
1697509
1948267
2198019
2452730
2702241
2952594
4977922
763252
1027907
1301224
1557638
1808426
2096664
2382087
2632539
2884017
3134688
4710317
592300
865484
1119308
1414381
1664733
1912131
2201474
2494233
2792831
3508212
4073585
4486657
