Latency
9792645
75765168
76020214
76276425
13298429
75564092
75816700
76071032
16576549
75154617
75407172
75661502
15654757
75337377
75603011
75856405
17620020
74539477
74792055
75046264
18005100
75676863
75928943
76182964
20254301
74411102
74657412
74905797
5015573
74844364
75096942
75351258
22806574
76149537
76402118
76656422
19276179
75803319
76055893
76310156
19331903
74840972
75093561
75347781
6212228
74011184
74263740
74518117
19351259
76325204
76577933
76829207
11955374
74075632
74328088
74582277
17913450
