cpu  385127 25566 744902 388143223 43851 0 422583 0 0 0
cpu0 75972 8482 132208 97082774 10113 0 89486 0 0 0
cpu1 134422 9081 323022 96806534 10821 0 142031 0 0 0
cpu2 91340 2509 154196 97132742 11473 0 99879 0 0 0
cpu3 83392 5493 135475 97121171 11442 0 91186 0 0 0
intr 8469296610 0 0 1676165 81 0 463817 17446717 0 0 0 6770660 0 0 0 0 0 0 0 0 0 0 0 0 0 0 0 0 0 0 0 0 0 0 0 0 0 0 0 0 0 0 0 0 0 0 0 0 0 0 0 0 3709456246 0 0 0 0 0 0 0 0 239409 0 215746 0 0 0 0 0 0 0 0 0 0 0 361559822 1 0 0 0 0 0 0 0 0 0 0 0 0 0 0 0 0 0 0 0 0 0 0 208048 4219 0 0 0 0 7805358 0 0 0 0 0 0 0 0 0 0 0 0 0 0 0 0 0 0 0 0 0 0 0 0 0 0 0 0 0 0 0 0 0 0 0 0 0 0 0 0 0 0 0 0 0 0 0 0 0 0 0 0 0 0 0 0 0 0 0 0 0 0 0 0 0 0 0 0 0 0 0 0 0 0 0 68483026 0 0 0
ctxt 159804783
btime 1669654930
processes 366128
procs_running 1
procs_blocked 0
softirq 237307732 153560433 19239462 411755 8334065 215737 0 26442792 21886981 474 7216033

cpu  385130 25566 744906 388143413 43851 0 422583 0 0 0
cpu0 75972 8482 132208 97082823 10113 0 89486 0 0 0
cpu1 134423 9081 323024 96806579 10821 0 142031 0 0 0
cpu2 91340 2509 154196 97132791 11473 0 99879 0 0 0
cpu3 83394 5493 135477 97121217 11442 0 91186 0 0 0
intr 8469301436 0 0 1676173 81 0 463818 17446781 0 0 0 6770665 0 0 0 0 0 0 0 0 0 0 0 0 0 0 0 0 0 0 0 0 0 0 0 0 0 0 0 0 0 0 0 0 0 0 0 0 0 0 0 0 3709460281 0 0 0 0 0 0 0 0 239411 0 215746 0 0 0 0 0 0 0 0 0 0 0 361559976 1 0 0 0 0 0 0 0 0 0 0 0 0 0 0 0 0 0 0 0 0 0 0 208048 4219 0 0 0 0 7805400 0 0 0 0 0 0 0 0 0 0 0 0 0 0 0 0 0 0 0 0 0 0 0 0 0 0 0 0 0 0 0 0 0 0 0 0 0 0 0 0 0 0 0 0 0 0 0 0 0 0 0 0 0 0 0 0 0 0 0 0 0 0 0 0 0 0 0 0 0 0 0 0 0 0 0 68483540 0 0 0
ctxt 159805869
btime 1669654930
processes 366128
procs_running 1
procs_blocked 0
softirq 237307862 153560441 19239487 411756 8334068 215737 0 26442826 21887017 474 7216056

cpu  385130 25566 744909 388143606 43851 0 422583 0 0 0
cpu0 75972 8482 132208 97082873 10113 0 89486 0 0 0
cpu1 134423 9081 323026 96806625 10821 0 142031 0 0 0
cpu2 91340 2509 154196 97132841 11473 0 99879 0 0 0
cpu3 83394 5493 135477 97121267 11442 0 91186 0 0 0
intr 8469306093 0 0 1676178 81 0 463818 17446804 0 0 0 6770670 0 0 0 0 0 0 0 0 0 0 0 0 0 0 0 0 0 0 0 0 0 0 0 0 0 0 0 0 0 0 0 0 0 0 0 0 0 0 0 0 3709464277 0 0 0 0 0 0 0 0 239412 0 215746 0 0 0 0 0 0 0 0 0 0 0 361560104 1 0 0 0 0 0 0 0 0 0 0 0 0 0 0 0 0 0 0 0 0 0 0 208048 4219 0 0 0 0 7805415 0 0 0 0 0 0 0 0 0 0 0 0 0 0 0 0 0 0 0 0 0 0 0 0 0 0 0 0 0 0 0 0 0 0 0 0 0 0 0 0 0 0 0 0 0 0 0 0 0 0 0 0 0 0 0 0 0 0 0 0 0 0 0 0 0 0 0 0 0 0 0 0 0 0 0 68484025 0 0 0
ctxt 159806842
btime 1669654930
processes 366128
procs_running 2
procs_blocked 0
softirq 237307926 153560441 19239502 411756 8334069 215737 0 26442840 21887041 474 7216066

cpu  385131 25566 744910 388143800 43851 0 422583 0 0 0
cpu0 75972 8482 132208 97082922 10113 0 89486 0 0 0
cpu1 134424 9081 323028 96806670 10821 0 142031 0 0 0
cpu2 91340 2509 154196 97132890 11473 0 99879 0 0 0
cpu3 83394 5493 135477 97121316 11442 0 91186 0 0 0
intr 8469310808 0 0 1676182 81 0 463818 17446830 0 0 0 6770675 0 0 0 0 0 0 0 0 0 0 0 0 0 0 0 0 0 0 0 0 0 0 0 0 0 0 0 0 0 0 0 0 0 0 0 0 0 0 0 0 3709468305 0 0 0 0 0 0 0 0 239413 0 215746 0 0 0 0 0 0 0 0 0 0 0 361560258 1 0 0 0 0 0 0 0 0 0 0 0 0 0 0 0 0 0 0 0 0 0 0 208048 4219 0 0 0 0 7805430 0 0 0 0 0 0 0 0 0 0 0 0 0 0 0 0 0 0 0 0 0 0 0 0 0 0 0 0 0 0 0 0 0 0 0 0 0 0 0 0 0 0 0 0 0 0 0 0 0 0 0 0 0 0 0 0 0 0 0 0 0 0 0 0 0 0 0 0 0 0 0 0 0 0 0 68484507 0 0 0
ctxt 159807834
btime 1669654930
processes 366128
procs_running 1
procs_blocked 0
softirq 237307993 153560449 19239515 411756 8334070 215737 0 26442853 21887063 474 7216076

cpu  385132 25566 744913 388143994 43851 0 422583 0 0 0
cpu0 75972 8482 132208 97082972 10113 0 89486 0 0 0
cpu1 134425 9081 323030 96806716 10821 0 142031 0 0 0
cpu2 91340 2509 154196 97132940 11473 0 99879 0 0 0
cpu3 83394 5493 135477 97121366 11442 0 91186 0 0 0
intr 8469315472 0 0 1676186 81 0 463818 17446854 0 0 0 6770679 0 0 0 0 0 0 0 0 0 0 0 0 0 0 0 0 0 0 0 0 0 0 0 0 0 0 0 0 0 0 0 0 0 0 0 0 0 0 0 0 3709472306 0 0 0 0 0 0 0 0 239414 0 215746 0 0 0 0 0 0 0 0 0 0 0 361560386 1 0 0 0 0 0 0 0 0 0 0 0 0 0 0 0 0 0 0 0 0 0 0 208048 4219 0 0 0 0 7805445 0 0 0 0 0 0 0 0 0 0 0 0 0 0 0 0 0 0 0 0 0 0 0 0 0 0 0 0 0 0 0 0 0 0 0 0 0 0 0 0 0 0 0 0 0 0 0 0 0 0 0 0 0 0 0 0 0 0 0 0 0 0 0 0 0 0 0 0 0 0 0 0 0 0 0 68484993 0 0 0
ctxt 159808815
btime 1669654930
processes 366128
procs_running 1
procs_blocked 0
softirq 237308055 153560449 19239529 411756 8334071 215737 0 26442867 21887086 474 7216086

cpu  385132 25566 744915 388144187 43851 0 422583 0 0 0
cpu0 75972 8482 132208 97083021 10113 0 89486 0 0 0
cpu1 134425 9081 323032 96806761 10821 0 142031 0 0 0
cpu2 91340 2509 154196 97132989 11473 0 99879 0 0 0
cpu3 83394 5493 135477 97121415 11442 0 91186 0 0 0
intr 8469320224 0 0 1676192 81 0 463818 17446899 0 0 0 6770684 0 0 0 0 0 0 0 0 0 0 0 0 0 0 0 0 0 0 0 0 0 0 0 0 0 0 0 0 0 0 0 0 0 0 0 0 0 0 0 0 3709476326 0 0 0 0 0 0 0 0 239415 0 215746 0 0 0 0 0 0 0 0 0 0 0 361560540 1 0 0 0 0 0 0 0 0 0 0 0 0 0 0 0 0 0 0 0 0 0 0 208048 4219 0 0 0 0 7805475 0 0 0 0 0 0 0 0 0 0 0 0 0 0 0 0 0 0 0 0 0 0 0 0 0 0 0 0 0 0 0 0 0 0 0 0 0 0 0 0 0 0 0 0 0 0 0 0 0 0 0 0 0 0 0 0 0 0 0 0 0 0 0 0 0 0 0 0 0 0 0 0 0 0 0 68485485 0 0 0
ctxt 159809846
btime 1669654930
processes 366128
procs_running 1
procs_blocked 0
softirq 237308151 153560457 19239547 411756 8334073 215737 0 26442893 21887112 474 7216102

cpu  385133 25566 744916 388144381 43851 0 422583 0 0 0
cpu0 75972 8482 132208 97083070 10113 0 89486 0 0 0
cpu1 134426 9081 323034 96806807 10821 0 142031 0 0 0
cpu2 91340 2509 154196 97133038 11473 0 99879 0 0 0
cpu3 83394 5493 135477 97121464 11442 0 91186 0 0 0
intr 8469324888 0 0 1676195 81 0 463819 17446923 0 0 0 6770689 0 0 0 0 0 0 0 0 0 0 0 0 0 0 0 0 0 0 0 0 0 0 0 0 0 0 0 0 0 0 0 0 0 0 0 0 0 0 0 0 3709480326 0 0 0 0 0 0 0 0 239416 0 215746 0 0 0 0 0 0 0 0 0 0 0 361560668 1 0 0 0 0 0 0 0 0 0 0 0 0 0 0 0 0 0 0 0 0 0 0 208048 4219 0 0 0 0 7805490 0 0 0 0 0 0 0 0 0 0 0 0 0 0 0 0 0 0 0 0 0 0 0 0 0 0 0 0 0 0 0 0 0 0 0 0 0 0 0 0 0 0 0 0 0 0 0 0 0 0 0 0 0 0 0 0 0 0 0 0 0 0 0 0 0 0 0 0 0 0 0 0 0 0 0 68485972 0 0 0
ctxt 159810825
btime 1669654930
processes 366128
procs_running 2
procs_blocked 0
softirq 237308215 153560457 19239562 411756 8334074 215737 0 26442907 21887135 474 7216113

cpu  385136 25566 744922 388144570 43851 0 422583 0 0 0
cpu0 75972 8482 132208 97083120 10113 0 89486 0 0 0
cpu1 134427 9081 323036 96806852 10821 0 142031 0 0 0
cpu2 91340 2509 154196 97133087 11473 0 99879 0 0 0
cpu3 83395 5493 135480 97121510 11442 0 91186 0 0 0
intr 8469329717 0 0 1676201 81 0 463819 17446996 0 0 0 6770694 0 0 0 0 0 0 0 0 0 0 0 0 0 0 0 0 0 0 0 0 0 0 0 0 0 0 0 0 0 0 0 0 0 0 0 0 0 0 0 0 3709484353 0 0 0 0 0 0 0 0 239418 0 215746 0 0 0 0 0 0 0 0 0 0 0 361560822 1 0 0 0 0 0 0 0 0 0 0 0 0 0 0 0 0 0 0 0 0 0 0 208048 4219 0 0 0 0 7805537 0 0 0 0 0 0 0 0 0 0 0 0 0 0 0 0 0 0 0 0 0 0 0 0 0 0 0 0 0 0 0 0 0 0 0 0 0 0 0 0 0 0 0 0 0 0 0 0 0 0 0 0 0 0 0 0 0 0 0 0 0 0 0 0 0 0 0 0 0 0 0 0 0 0 0 68486487 0 0 0
ctxt 159812026
btime 1669654930
processes 366128
procs_running 1
procs_blocked 0
softirq 237308376 153560465 19239587 411756 8334077 215737 0 26442947 21887177 474 7216156

cpu  385136 25566 744923 388144764 43851 0 422583 0 0 0
cpu0 75972 8482 132208 97083169 10113 0 89486 0 0 0
cpu1 134428 9081 323038 96806898 10821 0 142031 0 0 0
cpu2 91340 2509 154196 97133136 11473 0 99879 0 0 0
cpu3 83395 5493 135480 97121560 11442 0 91186 0 0 0
intr 8469334383 0 0 1676205 81 0 463819 17447022 0 0 0 6770699 0 0 0 0 0 0 0 0 0 0 0 0 0 0 0 0 0 0 0 0 0 0 0 0 0 0 0 0 0 0 0 0 0 0 0 0 0 0 0 0 3709488348 0 0 0 0 0 0 0 0 239419 0 215746 0 0 0 0 0 0 0 0 0 0 0 361560950 1 0 0 0 0 0 0 0 0 0 0 0 0 0 0 0 0 0 0 0 0 0 0 208048 4219 0 0 0 0 7805552 0 0 0 0 0 0 0 0 0 0 0 0 0 0 0 0 0 0 0 0 0 0 0 0 0 0 0 0 0 0 0 0 0 0 0 0 0 0 0 0 0 0 0 0 0 0 0 0 0 0 0 0 0 0 0 0 0 0 0 0 0 0 0 0 0 0 0 0 0 0 0 0 0 0 0 68486978 0 0 0
ctxt 159813009
btime 1669654930
processes 366128
procs_running 1
procs_blocked 0
softirq 237308446 153560465 19239603 411756 8334078 215737 0 26442961 21887205 474 7216167

cpu  385136 25566 744923 388144958 43851 0 422583 0 0 0
cpu0 75972 8482 132208 97083218 10113 0 89486 0 0 0
cpu1 134428 9081 323038 96806943 10821 0 142031 0 0 0
cpu2 91340 2509 154196 97133186 11473 0 99879 0 0 0
cpu3 83395 5493 135480 97121609 11442 0 91186 0 0 0
intr 8469339106 0 0 1676209 81 0 463819 17447052 0 0 0 6770704 0 0 0 0 0 0 0 0 0 0 0 0 0 0 0 0 0 0 0 0 0 0 0 0 0 0 0 0 0 0 0 0 0 0 0 0 0 0 0 0 3709492375 0 0 0 0 0 0 0 0 239420 0 215746 0 0 0 0 0 0 0 0 0 0 0 361561104 1 0 0 0 0 0 0 0 0 0 0 0 0 0 0 0 0 0 0 0 0 0 0 208048 4219 0 0 0 0 7805567 0 0 0 0 0 0 0 0 0 0 0 0 0 0 0 0 0 0 0 0 0 0 0 0 0 0 0 0 0 0 0 0 0 0 0 0 0 0 0 0 0 0 0 0 0 0 0 0 0 0 0 0 0 0 0 0 0 0 0 0 0 0 0 0 0 0 0 0 0 0 0 0 0 0 0 68487465 0 0 0
ctxt 159814005
btime 1669654930
processes 366128
procs_running 2
procs_blocked 0
softirq 237308518 153560473 19239617 411756 8334079 215737 0 26442975 21887228 474 7216179

cpu  385137 25566 744926 388145151 43851 0 422583 0 0 0
cpu0 75972 8482 132208 97083268 10113 0 89486 0 0 0
cpu1 134428 9081 323040 96806989 10821 0 142031 0 0 0
cpu2 91340 2509 154196 97133235 11473 0 99879 0 0 0
cpu3 83395 5493 135480 97121658 11442 0 91186 0 0 0
intr 8469343776 0 0 1676218 81 0 463819 17447078 0 0 0 6770709 0 0 0 0 0 0 0 0 0 0 0 0 0 0 0 0 0 0 0 0 0 0 0 0 0 0 0 0 0 0 0 0 0 0 0 0 0 0 0 0 3709496371 0 0 0 0 0 0 0 0 239421 0 215746 0 0 0 0 0 0 0 0 0 0 0 361561232 1 0 0 0 0 0 0 0 0 0 0 0 0 0 0 0 0 0 0 0 0 0 0 208048 4219 0 0 0 0 7805582 0 0 0 0 0 0 0 0 0 0 0 0 0 0 0 0 0 0 0 0 0 0 0 0 0 0 0 0 0 0 0 0 0 0 0 0 0 0 0 0 0 0 0 0 0 0 0 0 0 0 0 0 0 0 0 0 0 0 0 0 0 0 0 0 0 0 0 0 0 0 0 0 0 0 0 68487955 0 0 0
ctxt 159814984
btime 1669654930
processes 366128
procs_running 1
procs_blocked 0
softirq 237308582 153560473 19239631 411756 8334080 215737 0 26442988 21887252 474 7216191

cpu  385138 25566 744928 388145345 43851 0 422583 0 0 0
cpu0 75972 8482 132208 97083317 10113 0 89486 0 0 0
cpu1 134429 9081 323042 96807034 10821 0 142031 0 0 0
cpu2 91340 2509 154196 97133284 11473 0 99879 0 0 0
cpu3 83395 5493 135480 97121708 11442 0 91186 0 0 0
intr 8469348496 0 0 1676222 81 0 463819 17447102 0 0 0 6770714 0 0 0 0 0 0 0 0 0 0 0 0 0 0 0 0 0 0 0 0 0 0 0 0 0 0 0 0 0 0 0 0 0 0 0 0 0 0 0 0 3709500400 0 0 0 0 0 0 0 0 239422 0 215746 0 0 0 0 0 0 0 0 0 0 0 361561386 1 0 0 0 0 0 0 0 0 0 0 0 0 0 0 0 0 0 0 0 0 0 0 208048 4219 0 0 0 0 7805597 0 0 0 0 0 0 0 0 0 0 0 0 0 0 0 0 0 0 0 0 0 0 0 0 0 0 0 0 0 0 0 0 0 0 0 0 0 0 0 0 0 0 0 0 0 0 0 0 0 0 0 0 0 0 0 0 0 0 0 0 0 0 0 0 0 0 0 0 0 0 0 0 0 0 0 68488444 0 0 0
ctxt 159815979
btime 1669654930
processes 366128
procs_running 1
procs_blocked 0
softirq 237308658 153560481 19239645 411756 8334081 215737 0 26443003 21887277 474 7216204

cpu  385139 25566 744930 388145538 43851 0 422583 0 0 0
cpu0 75972 8482 132208 97083366 10113 0 89486 0 0 0
cpu1 134430 9081 323044 96807080 10821 0 142031 0 0 0
cpu2 91341 2509 154196 97133334 11473 0 99879 0 0 0
cpu3 83395 5493 135480 97121757 11442 0 91186 0 0 0
intr 8469353161 0 0 1676226 81 0 463819 17447126 0 0 0 6770719 0 0 0 0 0 0 0 0 0 0 0 0 0 0 0 0 0 0 0 0 0 0 0 0 0 0 0 0 0 0 0 0 0 0 0 0 0 0 0 0 3709504396 0 0 0 0 0 0 0 0 239423 0 215746 0 0 0 0 0 0 0 0 0 0 0 361561514 1 0 0 0 0 0 0 0 0 0 0 0 0 0 0 0 0 0 0 0 0 0 0 208048 4219 0 0 0 0 7805612 0 0 0 0 0 0 0 0 0 0 0 0 0 0 0 0 0 0 0 0 0 0 0 0 0 0 0 0 0 0 0 0 0 0 0 0 0 0 0 0 0 0 0 0 0 0 0 0 0 0 0 0 0 0 0 0 0 0 0 0 0 0 0 0 0 0 0 0 0 0 0 0 0 0 0 68488935 0 0 0
ctxt 159816954
btime 1669654930
processes 366128
procs_running 1
procs_blocked 0
softirq 237308725 153560481 19239658 411756 8334082 215737 0 26443016 21887304 474 7216217

cpu  385142 25566 744934 388145728 43851 0 422583 0 0 0
cpu0 75972 8482 132208 97083416 10113 0 89486 0 0 0
cpu1 134431 9081 323046 96807125 10821 0 142031 0 0 0
cpu2 91341 2509 154197 97133382 11473 0 99879 0 0 0
cpu3 83397 5493 135482 97121803 11442 0 91186 0 0 0
intr 8469357971 0 0 1676232 81 0 463819 17447193 0 0 0 6770724 0 0 0 0 0 0 0 0 0 0 0 0 0 0 0 0 0 0 0 0 0 0 0 0 0 0 0 0 0 0 0 0 0 0 0 0 0 0 0 0 3709508417 0 0 0 0 0 0 0 0 239425 0 215746 0 0 0 0 0 0 0 0 0 0 0 361561668 1 0 0 0 0 0 0 0 0 0 0 0 0 0 0 0 0 0 0 0 0 0 0 208048 4219 0 0 0 0 7805658 0 0 0 0 0 0 0 0 0 0 0 0 0 0 0 0 0 0 0 0 0 0 0 0 0 0 0 0 0 0 0 0 0 0 0 0 0 0 0 0 0 0 0 0 0 0 0 0 0 0 0 0 0 0 0 0 0 0 0 0 0 0 0 0 0 0 0 0 0 0 0 0 0 0 0 68489445 0 0 0
ctxt 159818121
btime 1669654930
processes 366128
procs_running 2
procs_blocked 0
softirq 237308877 153560489 19239679 411757 8334086 215737 0 26443055 21887344 474 7216256

cpu  385142 25566 744935 388145922 43851 0 422583 0 0 0
cpu0 75972 8482 132208 97083465 10113 0 89486 0 0 0
cpu1 134431 9081 323047 96807171 10821 0 142031 0 0 0
cpu2 91341 2509 154197 97133432 11473 0 99879 0 0 0
cpu3 83397 5493 135482 97121853 11442 0 91186 0 0 0
intr 8469362643 0 0 1676235 81 0 463819 17447217 0 0 0 6770729 0 0 0 0 0 0 0 0 0 0 0 0 0 0 0 0 0 0 0 0 0 0 0 0 0 0 0 0 0 0 0 0 0 0 0 0 0 0 0 0 3709512420 0 0 0 0 0 0 0 0 239426 0 215746 0 0 0 0 0 0 0 0 0 0 0 361561796 1 0 0 0 0 0 0 0 0 0 0 0 0 0 0 0 0 0 0 0 0 0 0 208048 4219 0 0 0 0 7805673 0 0 0 0 0 0 0 0 0 0 0 0 0 0 0 0 0 0 0 0 0 0 0 0 0 0 0 0 0 0 0 0 0 0 0 0 0 0 0 0 0 0 0 0 0 0 0 0 0 0 0 0 0 0 0 0 0 0 0 0 0 0 0 0 0 0 0 0 0 0 0 0 0 0 0 68489937 0 0 0
ctxt 159819111
btime 1669654930
processes 366128
procs_running 1
procs_blocked 0
softirq 237308946 153560489 19239693 411757 8334087 215737 0 26443068 21887370 474 7216271

cpu  385142 25566 744936 388146115 43851 0 422583 0 0 0
cpu0 75972 8482 132208 97083514 10113 0 89486 0 0 0
cpu1 134432 9081 323049 96807216 10821 0 142031 0 0 0
cpu2 91341 2509 154197 97133481 11473 0 99879 0 0 0
cpu3 83397 5493 135482 97121902 11442 0 91186 0 0 0
intr 8469367365 0 0 1676239 81 0 463819 17447245 0 0 0 6770734 0 0 0 0 0 0 0 0 0 0 0 0 0 0 0 0 0 0 0 0 0 0 0 0 0 0 0 0 0 0 0 0 0 0 0 0 0 0 0 0 3709516450 0 0 0 0 0 0 0 0 239427 0 215746 0 0 0 0 0 0 0 0 0 0 0 361561950 1 0 0 0 0 0 0 0 0 0 0 0 0 0 0 0 0 0 0 0 0 0 0 208048 4219 0 0 0 0 7805688 0 0 0 0 0 0 0 0 0 0 0 0 0 0 0 0 0 0 0 0 0 0 0 0 0 0 0 0 0 0 0 0 0 0 0 0 0 0 0 0 0 0 0 0 0 0 0 0 0 0 0 0 0 0 0 0 0 0 0 0 0 0 0 0 0 0 0 0 0 0 0 0 0 0 0 68490423 0 0 0
ctxt 159820107
btime 1669654930
processes 366128
procs_running 2
procs_blocked 0
softirq 237309022 153560497 19239707 411757 8334088 215737 0 26443083 21887394 474 7216285

cpu  385142 25566 744941 388146309 43851 0 422583 0 0 0
cpu0 75972 8482 132208 97083564 10113 0 89486 0 0 0
cpu1 134432 9081 323052 96807262 10821 0 142031 0 0 0
cpu2 91341 2509 154198 97133530 11473 0 99879 0 0 0
cpu3 83397 5493 135482 97121952 11442 0 91186 0 0 0
intr 8469372089 0 0 1676243 81 0 463819 17447284 0 0 0 6770739 0 0 0 0 0 0 0 0 0 0 0 0 0 0 0 0 0 0 0 0 0 0 0 0 0 0 0 0 0 0 0 0 0 0 0 0 0 0 0 0 3709520447 0 0 0 0 0 0 0 0 239428 0 215746 0 0 0 0 0 0 0 0 0 0 0 361562078 1 0 0 0 0 0 0 0 0 0 0 0 0 0 0 0 0 0 0 0 0 0 0 208048 4219 0 0 0 0 7805726 0 0 0 0 0 0 0 0 0 0 0 0 0 0 0 0 0 0 0 0 0 0 0 0 0 0 0 0 0 0 0 0 0 0 0 0 0 0 0 0 0 0 0 0 0 0 0 0 0 0 0 0 0 0 0 0 0 0 0 0 0 0 0 0 0 0 0 0 0 0 0 0 0 0 0 68490934 0 0 0
ctxt 159821144
btime 1669654930
processes 366128
procs_running 1
procs_blocked 0
softirq 237309137 153560497 19239725 411757 8334091 215737 0 26443114 21887431 474 7216311

cpu  385143 25566 744942 388146502 43851 0 422583 0 0 0
cpu0 75972 8482 132208 97083613 10113 0 89486 0 0 0
cpu1 134432 9081 323054 96807307 10821 0 142031 0 0 0
cpu2 91341 2509 154198 97133579 11473 0 99879 0 0 0
cpu3 83397 5493 135482 97122001 11442 0 91186 0 0 0
intr 8469376754 0 0 1676247 81 0 463819 17447308 0 0 0 6770744 0 0 0 0 0 0 0 0 0 0 0 0 0 0 0 0 0 0 0 0 0 0 0 0 0 0 0 0 0 0 0 0 0 0 0 0 0 0 0 0 3709524444 0 0 0 0 0 0 0 0 239429 0 215746 0 0 0 0 0 0 0 0 0 0 0 361562208 1 0 0 0 0 0 0 0 0 0 0 0 0 0 0 0 0 0 0 0 0 0 0 208048 4219 0 0 0 0 7805741 0 0 0 0 0 0 0 0 0 0 0 0 0 0 0 0 0 0 0 0 0 0 0 0 0 0 0 0 0 0 0 0 0 0 0 0 0 0 0 0 0 0 0 0 0 0 0 0 0 0 0 0 0 0 0 0 0 0 0 0 0 0 0 0 0 0 0 0 0 0 0 0 0 0 0 68491424 0 0 0
ctxt 159822132
btime 1669654930
processes 366128
procs_running 1
procs_blocked 0
softirq 237309200 153560497 19239737 411757 8334092 215737 0 26443128 21887454 474 7216324

cpu  385144 25566 744944 388146696 43851 0 422583 0 0 0
cpu0 75972 8482 132208 97083663 10113 0 89486 0 0 0
cpu1 134433 9081 323055 96807353 10821 0 142031 0 0 0
cpu2 91341 2509 154198 97133628 11473 0 99879 0 0 0
cpu3 83397 5493 135482 97122051 11442 0 91186 0 0 0
intr 8469381501 0 0 1676252 81 0 463819 17447344 0 0 0 6770749 0 0 0 0 0 0 0 0 0 0 0 0 0 0 0 0 0 0 0 0 0 0 0 0 0 0 0 0 0 0 0 0 0 0 0 0 0 0 0 0 3709528470 0 0 0 0 0 0 0 0 239430 0 215746 0 0 0 0 0 0 0 0 0 0 0 361562358 1 0 0 0 0 0 0 0 0 0 0 0 0 0 0 0 0 0 0 0 0 0 0 208048 4219 0 0 0 0 7805763 0 0 0 0 0 0 0 0 0 0 0 0 0 0 0 0 0 0 0 0 0 0 0 0 0 0 0 0 0 0 0 0 0 0 0 0 0 0 0 0 0 0 0 0 0 0 0 0 0 0 0 0 0 0 0 0 0 0 0 0 0 0 0 0 0 0 0 0 0 0 0 0 0 0 0 68491926 0 0 0
ctxt 159823159
btime 1669654930
processes 366128
procs_running 1
procs_blocked 0
softirq 237309296 153560505 19239756 411757 8334093 215737 0 26443147 21887485 474 7216342

cpu  385146 25566 744949 388146885 43851 0 422583 0 0 0
cpu0 75972 8482 132208 97083712 10113 0 89486 0 0 0
cpu1 134433 9081 323058 96807398 10821 0 142031 0 0 0
cpu2 91341 2509 154198 97133677 11473 0 99879 0 0 0
cpu3 83399 5493 135484 97122096 11442 0 91186 0 0 0
intr 8469386227 0 0 1676256 81 0 463819 17447387 0 0 0 6770754 0 0 0 0 0 0 0 0 0 0 0 0 0 0 0 0 0 0 0 0 0 0 0 0 0 0 0 0 0 0 0 0 0 0 0 0 0 0 0 0 3709532470 0 0 0 0 0 0 0 0 239432 0 215746 0 0 0 0 0 0 0 0 0 0 0 361562488 1 0 0 0 0 0 0 0 0 0 0 0 0 0 0 0 0 0 0 0 0 0 0 208048 4219 0 0 0 0 7805794 0 0 0 0 0 0 0 0 0 0 0 0 0 0 0 0 0 0 0 0 0 0 0 0 0 0 0 0 0 0 0 0 0 0 0 0 0 0 0 0 0 0 0 0 0 0 0 0 0 0 0 0 0 0 0 0 0 0 0 0 0 0 0 0 0 0 0 0 0 0 0 0 0 0 0 68492436 0 0 0
ctxt 159824288
btime 1669654930
processes 366128
procs_running 3
procs_blocked 0
softirq 237309421 153560505 19239775 411757 8334095 215737 0 26443174 21887518 474 7216386

cpu  385147 25566 744952 388147078 43851 0 422583 0 0 0
cpu0 75972 8482 132208 97083761 10113 0 89486 0 0 0
cpu1 134434 9081 323060 96807443 10821 0 142031 0 0 0
cpu2 91341 2509 154198 97133726 11473 0 99879 0 0 0
cpu3 83399 5493 135484 97122145 11442 0 91186 0 0 0
intr 8469390972 0 0 1676260 81 0 463819 17447426 0 0 0 6770759 0 0 0 0 0 0 0 0 0 0 0 0 0 0 0 0 0 0 0 0 0 0 0 0 0 0 0 0 0 0 0 0 0 0 0 0 0 0 0 0 3709536489 0 0 0 0 0 0 0 0 239433 0 215746 0 0 0 0 0 0 0 0 0 0 0 361562640 1 0 0 0 0 0 0 0 0 0 0 0 0 0 0 0 0 0 0 0 0 0 0 208048 4219 0 0 0 0 7805826 0 0 0 0 0 0 0 0 0 0 0 0 0 0 0 0 0 0 0 0 0 0 0 0 0 0 0 0 0 0 0 0 0 0 0 0 0 0 0 0 0 0 0 0 0 0 0 0 0 0 0 0 0 0 0 0 0 0 0 0 0 0 0 0 0 0 0 0 0 0 0 0 0 0 0 68492929 0 0 0
ctxt 159825305
btime 1669654930
processes 366128
procs_running 1
procs_blocked 0
softirq 237309521 153560513 19239791 411757 8334097 215737 0 26443200 21887547 474 7216405

cpu  385148 25566 744953 388147272 43851 0 422583 0 0 0
cpu0 75972 8482 132208 97083811 10113 0 89486 0 0 0
cpu1 134434 9081 323062 96807489 10821 0 142031 0 0 0
cpu2 91341 2509 154198 97133776 11473 0 99879 0 0 0
cpu3 83399 5493 135484 97122195 11442 0 91186 0 0 0
intr 8469395648 0 0 1676264 81 0 463820 17447450 0 0 0 6770764 0 0 0 0 0 0 0 0 0 0 0 0 0 0 0 0 0 0 0 0 0 0 0 0 0 0 0 0 0 0 0 0 0 0 0 0 0 0 0 0 3709540493 0 0 0 0 0 0 0 0 239434 0 215746 0 0 0 0 0 0 0 0 0 0 0 361562770 1 0 0 0 0 0 0 0 0 0 0 0 0 0 0 0 0 0 0 0 0 0 0 208048 4219 0 0 0 0 7805841 0 0 0 0 0 0 0 0 0 0 0 0 0 0 0 0 0 0 0 0 0 0 0 0 0 0 0 0 0 0 0 0 0 0 0 0 0 0 0 0 0 0 0 0 0 0 0 0 0 0 0 0 0 0 0 0 0 0 0 0 0 0 0 0 0 0 0 0 0 0 0 0 0 0 0 68493422 0 0 0
ctxt 159826291
btime 1669654930
processes 366128
procs_running 1
procs_blocked 0
softirq 237309588 153560513 19239805 411757 8334098 215737 0 26443214 21887572 474 7216418

cpu  385148 25566 744955 388147465 43851 0 422583 0 0 0
cpu0 75972 8482 132208 97083860 10113 0 89486 0 0 0
cpu1 134435 9081 323063 96807534 10821 0 142031 0 0 0
cpu2 91341 2509 154198 97133825 11473 0 99879 0 0 0
cpu3 83399 5493 135484 97122244 11442 0 91186 0 0 0
intr 8469400371 0 0 1676269 81 0 463820 17447477 0 0 0 6770769 0 0 0 0 0 0 0 0 0 0 0 0 0 0 0 0 0 0 0 0 0 0 0 0 0 0 0 0 0 0 0 0 0 0 0 0 0 0 0 0 3709544515 0 0 0 0 0 0 0 0 239435 0 215746 0 0 0 0 0 0 0 0 0 0 0 361562922 1 0 0 0 0 0 0 0 0 0 0 0 0 0 0 0 0 0 0 0 0 0 0 208048 4219 0 0 0 0 7805856 0 0 0 0 0 0 0 0 0 0 0 0 0 0 0 0 0 0 0 0 0 0 0 0 0 0 0 0 0 0 0 0 0 0 0 0 0 0 0 0 0 0 0 0 0 0 0 0 0 0 0 0 0 0 0 0 0 0 0 0 0 0 0 0 0 0 0 0 0 0 0 0 0 0 0 68493918 0 0 0
ctxt 159827295
btime 1669654930
processes 366128
procs_running 1
procs_blocked 0
softirq 237309670 153560521 19239821 411758 8334099 215737 0 26443228 21887600 474 7216432

cpu  385148 25566 744956 388147659 43851 0 422583 0 0 0
cpu0 75972 8482 132208 97083910 10113 0 89486 0 0 0
cpu1 134435 9081 323064 96807580 10821 0 142031 0 0 0
cpu2 91341 2509 154198 97133874 11473 0 99879 0 0 0
cpu3 83399 5493 135484 97122294 11442 0 91186 0 0 0
intr 8469405045 0 0 1676273 81 0 463822 17447501 0 0 0 6770774 0 0 0 0 0 0 0 0 0 0 0 0 0 0 0 0 0 0 0 0 0 0 0 0 0 0 0 0 0 0 0 0 0 0 0 0 0 0 0 0 3709548516 0 0 0 0 0 0 0 0 239436 0 215746 0 0 0 0 0 0 0 0 0 0 0 361563052 1 0 0 0 0 0 0 0 0 0 0 0 0 0 0 0 0 0 0 0 0 0 0 208048 4219 0 0 0 0 7805871 0 0 0 0 0 0 0 0 0 0 0 0 0 0 0 0 0 0 0 0 0 0 0 0 0 0 0 0 0 0 0 0 0 0 0 0 0 0 0 0 0 0 0 0 0 0 0 0 0 0 0 0 0 0 0 0 0 0 0 0 0 0 0 0 0 0 0 0 0 0 0 0 0 0 0 68494410 0 0 0
ctxt 159828283
btime 1669654930
processes 366128
procs_running 1
procs_blocked 0
softirq 237309737 153560521 19239834 411758 8334100 215737 0 26443242 21887626 474 7216445

cpu  385149 25566 744956 388147852 43851 0 422583 0 0 0
cpu0 75972 8482 132208 97083959 10113 0 89486 0 0 0
cpu1 134436 9081 323064 96807625 10821 0 142031 0 0 0
cpu2 91341 2509 154198 97133923 11473 0 99879 0 0 0
cpu3 83399 5493 135484 97122343 11442 0 91186 0 0 0
intr 8469409761 0 0 1676277 81 0 463822 17447531 0 0 0 6770779 0 0 0 0 0 0 0 0 0 0 0 0 0 0 0 0 0 0 0 0 0 0 0 0 0 0 0 0 0 0 0 0 0 0 0 0 0 0 0 0 3709552536 0 0 0 0 0 0 0 0 239437 0 215746 0 0 0 0 0 0 0 0 0 0 0 361563204 1 0 0 0 0 0 0 0 0 0 0 0 0 0 0 0 0 0 0 0 0 0 0 208048 4219 0 0 0 0 7805886 0 0 0 0 0 0 0 0 0 0 0 0 0 0 0 0 0 0 0 0 0 0 0 0 0 0 0 0 0 0 0 0 0 0 0 0 0 0 0 0 0 0 0 0 0 0 0 0 0 0 0 0 0 0 0 0 0 0 0 0 0 0 0 0 0 0 0 0 0 0 0 0 0 0 0 68494898 0 0 0
ctxt 159829285
btime 1669654930
processes 366128
procs_running 2
procs_blocked 0
softirq 237309804 153560529 19239846 411758 8334101 215737 0 26443255 21887647 474 7216457

cpu  385150 25566 744958 388148046 43851 0 422583 0 0 0
cpu0 75972 8482 132208 97084009 10113 0 89486 0 0 0
cpu1 134436 9081 323066 96807671 10821 0 142031 0 0 0
cpu2 91341 2509 154198 97133973 11473 0 99879 0 0 0
cpu3 83399 5493 135485 97122392 11442 0 91186 0 0 0
intr 8469414457 0 0 1676281 81 0 463822 17447562 0 0 0 6770784 0 0 0 0 0 0 0 0 0 0 0 0 0 0 0 0 0 0 0 0 0 0 0 0 0 0 0 0 0 0 0 0 0 0 0 0 0 0 0 0 3709556541 0 0 0 0 0 0 0 0 239439 0 215746 0 0 0 0 0 0 0 0 0 0 0 361563334 1 0 0 0 0 0 0 0 0 0 0 0 0 0 0 0 0 0 0 0 0 0 0 208048 4219 0 0 0 0 7805913 0 0 0 0 0 0 0 0 0 0 0 0 0 0 0 0 0 0 0 0 0 0 0 0 0 0 0 0 0 0 0 0 0 0 0 0 0 0 0 0 0 0 0 0 0 0 0 0 0 0 0 0 0 0 0 0 0 0 0 0 0 0 0 0 0 0 0 0 0 0 0 0 0 0 0 68495391 0 0 0
ctxt 159830292
btime 1669654930
processes 366128
procs_running 2
procs_blocked 0
softirq 237309881 153560529 19239859 411758 8334103 215737 0 26443278 21887671 474 7216472

cpu  385152 25566 744964 388148236 43851 0 422583 0 0 0
cpu0 75972 8482 132208 97084058 10113 0 89486 0 0 0
cpu1 134437 9081 323069 96807716 10821 0 142031 0 0 0
cpu2 91341 2509 154198 97134022 11473 0 99879 0 0 0
cpu3 83400 5493 135487 97122438 11442 0 91186 0 0 0
intr 8469419228 0 0 1676286 81 0 463822 17447607 0 0 0 6770789 0 0 0 0 0 0 0 0 0 0 0 0 0 0 0 0 0 0 0 0 0 0 0 0 0 0 0 0 0 0 0 0 0 0 0 0 0 0 0 0 3709560561 0 0 0 0 0 0 0 0 239440 0 215746 0 0 0 0 0 0 0 0 0 0 0 361563486 1 0 0 0 0 0 0 0 0 0 0 0 0 0 0 0 0 0 0 0 0 0 0 208048 4219 0 0 0 0 7805942 0 0 0 0 0 0 0 0 0 0 0 0 0 0 0 0 0 0 0 0 0 0 0 0 0 0 0 0 0 0 0 0 0 0 0 0 0 0 0 0 0 0 0 0 0 0 0 0 0 0 0 0 0 0 0 0 0 0 0 0 0 0 0 0 0 0 0 0 0 0 0 0 0 0 0 68495905 0 0 0
ctxt 159831400
btime 1669654930
processes 366128
procs_running 2
procs_blocked 0
softirq 237310000 153560537 19239876 411758 8334105 215737 0 26443300 21887707 474 7216506

cpu  385152 25566 744965 388148429 43851 0 422583 0 0 0
cpu0 75972 8482 132208 97084107 10113 0 89486 0 0 0
cpu1 134438 9081 323070 96807762 10821 0 142031 0 0 0
cpu2 91341 2509 154198 97134071 11473 0 99879 0 0 0
cpu3 83400 5493 135487 97122488 11442 0 91186 0 0 0
intr 8469423898 0 0 1676290 81 0 463822 17447630 0 0 0 6770794 0 0 0 0 0 0 0 0 0 0 0 0 0 0 0 0 0 0 0 0 0 0 0 0 0 0 0 0 0 0 0 0 0 0 0 0 0 0 0 0 3709564565 0 0 0 0 0 0 0 0 239441 0 215746 0 0 0 0 0 0 0 0 0 0 0 361563616 1 0 0 0 0 0 0 0 0 0 0 0 0 0 0 0 0 0 0 0 0 0 0 208048 4219 0 0 0 0 7805957 0 0 0 0 0 0 0 0 0 0 0 0 0 0 0 0 0 0 0 0 0 0 0 0 0 0 0 0 0 0 0 0 0 0 0 0 0 0 0 0 0 0 0 0 0 0 0 0 0 0 0 0 0 0 0 0 0 0 0 0 0 0 0 0 0 0 0 0 0 0 0 0 0 0 0 68496393 0 0 0
ctxt 159832387
btime 1669654930
processes 366128
procs_running 2
procs_blocked 0
softirq 237310063 153560537 19239890 411758 8334106 215737 0 26443314 21887729 474 7216518

cpu  385153 25566 744966 388148623 43851 0 422583 0 0 0
cpu0 75972 8482 132208 97084157 10113 0 89486 0 0 0
cpu1 134438 9081 323072 96807808 10821 0 142031 0 0 0
cpu2 91341 2509 154198 97134120 11473 0 99879 0 0 0
cpu3 83400 5493 135487 97122537 11442 0 91186 0 0 0
intr 8469428612 0 0 1676294 81 0 463822 17447654 0 0 0 6770799 0 0 0 0 0 0 0 0 0 0 0 0 0 0 0 0 0 0 0 0 0 0 0 0 0 0 0 0 0 0 0 0 0 0 0 0 0 0 0 0 3709568583 0 0 0 0 0 0 0 0 239442 0 215746 0 0 0 0 0 0 0 0 0 0 0 361563768 1 0 0 0 0 0 0 0 0 0 0 0 0 0 0 0 0 0 0 0 0 0 0 208048 4219 0 0 0 0 7805972 0 0 0 0 0 0 0 0 0 0 0 0 0 0 0 0 0 0 0 0 0 0 0 0 0 0 0 0 0 0 0 0 0 0 0 0 0 0 0 0 0 0 0 0 0 0 0 0 0 0 0 0 0 0 0 0 0 0 0 0 0 0 0 0 0 0 0 0 0 0 0 0 0 0 0 68496887 0 0 0
ctxt 159833384
btime 1669654930
processes 366128
procs_running 1
procs_blocked 0
softirq 237310137 153560545 19239904 411758 8334107 215737 0 26443328 21887754 474 7216530

cpu  385155 25566 744967 388148817 43851 0 422583 0 0 0
cpu0 75972 8482 132208 97084206 10113 0 89486 0 0 0
cpu1 134440 9081 323073 96807853 10821 0 142031 0 0 0
cpu2 91341 2509 154198 97134169 11473 0 99879 0 0 0
cpu3 83400 5493 135487 97122587 11442 0 91186 0 0 0
intr 8469433278 0 0 1676298 81 0 463822 17447674 0 0 0 6770804 0 0 0 0 0 0 0 0 0 0 0 0 0 0 0 0 0 0 0 0 0 0 0 0 0 0 0 0 0 0 0 0 0 0 0 0 0 0 0 0 3709572588 0 0 0 0 0 0 0 0 239443 0 215746 0 0 0 0 0 0 0 0 0 0 0 361563898 1 0 0 0 0 0 0 0 0 0 0 0 0 0 0 0 0 0 0 0 0 0 0 208048 4219 0 0 0 0 7805987 0 0 0 0 0 0 0 0 0 0 0 0 0 0 0 0 0 0 0 0 0 0 0 0 0 0 0 0 0 0 0 0 0 0 0 0 0 0 0 0 0 0 0 0 0 0 0 0 0 0 0 0 0 0 0 0 0 0 0 0 0 0 0 0 0 0 0 0 0 0 0 0 0 0 0 68497374 0 0 0
ctxt 159834367
btime 1669654930
processes 366128
procs_running 1
procs_blocked 0
softirq 237310200 153560545 19239917 411758 8334108 215737 0 26443342 21887777 474 7216542

cpu  385156 25566 744970 388149010 43851 0 422583 0 0 0
cpu0 75972 8482 132208 97084255 10113 0 89486 0 0 0
cpu1 134441 9081 323075 96807898 10821 0 142031 0 0 0
cpu2 91341 2509 154199 97134218 11473 0 99879 0 0 0
cpu3 83400 5493 135487 97122636 11442 0 91186 0 0 0
intr 8469438009 0 0 1676303 81 0 463822 17447710 0 0 0 6770809 0 0 0 0 0 0 0 0 0 0 0 0 0 0 0 0 0 0 0 0 0 0 0 0 0 0 0 0 0 0 0 0 0 0 0 0 0 0 0 0 3709576609 0 0 0 0 0 0 0 0 239444 0 215746 0 0 0 0 0 0 0 0 0 0 0 361564050 1 0 0 0 0 0 0 0 0 0 0 0 0 0 0 0 0 0 0 0 0 0 0 208048 4219 0 0 0 0 7806002 0 0 0 0 0 0 0 0 0 0 0 0 0 0 0 0 0 0 0 0 0 0 0 0 0 0 0 0 0 0 0 0 0 0 0 0 0 0 0 0 0 0 0 0 0 0 0 0 0 0 0 0 0 0 0 0 0 0 0 0 0 0 0 0 0 0 0 0 0 0 0 0 0 0 0 68497870 0 0 0
ctxt 159835373
btime 1669654930
processes 366128
procs_running 1
procs_blocked 0
softirq 237310286 153560553 19239933 411758 8334109 215737 0 26443357 21887811 474 7216554

cpu  385156 25566 744973 388149203 43851 0 422583 0 0 0
cpu0 75972 8482 132208 97084305 10113 0 89486 0 0 0
cpu1 134441 9081 323078 96807944 10821 0 142031 0 0 0
cpu2 91341 2509 154199 97134268 11473 0 99879 0 0 0
cpu3 83400 5493 135487 97122685 11442 0 91186 0 0 0
intr 8469442703 0 0 1676311 81 0 463822 17447740 0 0 0 6770814 0 0 0 0 0 0 0 0 0 0 0 0 0 0 0 0 0 0 0 0 0 0 0 0 0 0 0 0 0 0 0 0 0 0 0 0 0 0 0 0 3709580606 0 0 0 0 0 0 0 0 239445 0 215746 0 0 0 0 0 0 0 0 0 0 0 361564180 1 0 0 0 0 0 0 0 0 0 0 0 0 0 0 0 0 0 0 0 0 0 0 208048 4219 0 0 0 0 7806027 0 0 0 0 0 0 0 0 0 0 0 0 0 0 0 0 0 0 0 0 0 0 0 0 0 0 0 0 0 0 0 0 0 0 0 0 0 0 0 0 0 0 0 0 0 0 0 0 0 0 0 0 0 0 0 0 0 0 0 0 0 0 0 0 0 0 0 0 0 0 0 0 0 0 0 68498368 0 0 0
ctxt 159836388
btime 1669654930
processes 366128
procs_running 2
procs_blocked 0
softirq 237310361 153560553 19239947 411758 8334111 215737 0 26443378 21887837 474 7216566

cpu  385158 25566 744977 388149393 43851 0 422583 0 0 0
cpu0 75972 8482 132208 97084354 10113 0 89486 0 0 0
cpu1 134442 9081 323080 96807989 10821 0 142031 0 0 0
cpu2 91341 2509 154199 97134317 11473 0 99879 0 0 0
cpu3 83402 5493 135489 97122731 11442 0 91186 0 0 0
intr 8469447494 0 0 1676315 81 0 463822 17447784 0 0 0 6770819 0 0 0 0 0 0 0 0 0 0 0 0 0 0 0 0 0 0 0 0 0 0 0 0 0 0 0 0 0 0 0 0 0 0 0 0 0 0 0 0 3709584634 0 0 0 0 0 0 0 0 239446 0 215746 0 0 0 0 0 0 0 0 0 0 0 361564332 1 0 0 0 0 0 0 0 0 0 0 0 0 0 0 0 0 0 0 0 0 0 0 208048 4219 0 0 0 0 7806061 0 0 0 0 0 0 0 0 0 0 0 0 0 0 0 0 0 0 0 0 0 0 0 0 0 0 0 0 0 0 0 0 0 0 0 0 0 0 0 0 0 0 0 0 0 0 0 0 0 0 0 0 0 0 0 0 0 0 0 0 0 0 0 0 0 0 0 0 0 0 0 0 0 0 0 68498892 0 0 0
ctxt 159837447
btime 1669654930
processes 366128
procs_running 2
procs_blocked 0
softirq 237310503 153560561 19239969 411758 8334113 215737 0 26443406 21887878 474 7216607

cpu  385160 25566 744979 388149587 43851 0 422583 0 0 0
cpu0 75972 8482 132208 97084404 10113 0 89486 0 0 0
cpu1 134444 9081 323082 96808035 10821 0 142031 0 0 0
cpu2 91341 2509 154199 97134366 11473 0 99879 0 0 0
cpu3 83402 5493 135489 97122781 11442 0 91186 0 0 0
intr 8469452169 0 0 1676319 81 0 463822 17447809 0 0 0 6770824 0 0 0 0 0 0 0 0 0 0 0 0 0 0 0 0 0 0 0 0 0 0 0 0 0 0 0 0 0 0 0 0 0 0 0 0 0 0 0 0 3709588636 0 0 0 0 0 0 0 0 239447 0 215746 0 0 0 0 0 0 0 0 0 0 0 361564462 1 0 0 0 0 0 0 0 0 0 0 0 0 0 0 0 0 0 0 0 0 0 0 208048 4219 0 0 0 0 7806076 0 0 0 0 0 0 0 0 0 0 0 0 0 0 0 0 0 0 0 0 0 0 0 0 0 0 0 0 0 0 0 0 0 0 0 0 0 0 0 0 0 0 0 0 0 0 0 0 0 0 0 0 0 0 0 0 0 0 0 0 0 0 0 0 0 0 0 0 0 0 0 0 0 0 0 68499384 0 0 0
ctxt 159838437
btime 1669654930
processes 366128
procs_running 1
procs_blocked 0
softirq 237310577 153560561 19239984 411759 8334114 215737 0 26443420 21887907 474 7216621

cpu  385162 25566 744987 388149772 43851 0 422583 0 0 0
cpu0 75972 8482 132210 97084450 10113 0 89486 0 0 0
cpu1 134444 9081 323085 96808080 10821 0 142031 0 0 0
cpu2 91342 2509 154201 97134412 11473 0 99879 0 0 0
cpu3 83403 5493 135490 97122828 11442 0 91186 0 0 0
intr 8469457075 0 0 1676328 81 0 463836 17447884 0 0 0 6770829 0 0 0 0 0 0 0 0 0 0 0 0 0 0 0 0 0 0 0 0 0 0 0 0 0 0 0 0 0 0 0 0 0 0 0 0 0 0 0 0 3709592657 0 0 0 0 0 0 0 0 239448 0 215746 0 0 0 0 0 0 0 0 0 0 0 361564614 1 0 0 0 0 0 0 0 0 0 0 0 0 0 0 0 0 0 0 0 0 0 0 208048 4219 0 0 0 0 7806108 0 0 0 0 0 0 0 0 0 0 0 0 0 0 0 0 0 0 0 0 0 0 0 0 0 0 0 0 0 0 0 0 0 0 0 0 0 0 0 0 0 0 0 0 0 0 0 0 0 0 0 0 0 0 0 0 0 0 0 0 0 0 0 0 0 0 0 0 0 0 0 0 0 0 0 68499981 0 0 0
ctxt 159839600
btime 1669654930
processes 366139
procs_running 1
procs_blocked 0
softirq 237310811 153560569 19240017 411759 8334117 215737 0 26443446 21887993 474 7216699

cpu  385163 25566 744988 388149965 43851 0 422583 0 0 0
cpu0 75972 8482 132210 97084500 10113 0 89486 0 0 0
cpu1 134444 9081 323086 96808125 10821 0 142031 0 0 0
cpu2 91342 2509 154201 97134461 11473 0 99879 0 0 0
cpu3 83403 5493 135490 97122877 11442 0 91186 0 0 0
intr 8469461764 0 0 1676332 81 0 463836 17447919 0 0 0 6770834 0 0 0 0 0 0 0 0 0 0 0 0 0 0 0 0 0 0 0 0 0 0 0 0 0 0 0 0 0 0 0 0 0 0 0 0 0 0 0 0 3709596653 0 0 0 0 0 0 0 0 239449 0 215746 0 0 0 0 0 0 0 0 0 0 0 361564744 1 0 0 0 0 0 0 0 0 0 0 0 0 0 0 0 0 0 0 0 0 0 0 208048 4219 0 0 0 0 7806130 0 0 0 0 0 0 0 0 0 0 0 0 0 0 0 0 0 0 0 0 0 0 0 0 0 0 0 0 0 0 0 0 0 0 0 0 0 0 0 0 0 0 0 0 0 0 0 0 0 0 0 0 0 0 0 0 0 0 0 0 0 0 0 0 0 0 0 0 0 0 0 0 0 0 0 68500477 0 0 0
ctxt 159840614
btime 1669654930
processes 366139
procs_running 1
procs_blocked 0
softirq 237310900 153560569 19240034 411759 8334118 215737 0 26443466 21888024 474 7216719

cpu  385164 25566 744990 388150159 43851 0 422583 0 0 0
cpu0 75972 8482 132210 97084549 10113 0 89486 0 0 0
cpu1 134445 9081 323088 96808171 10821 0 142031 0 0 0
cpu2 91342 2509 154201 97134511 11473 0 99879 0 0 0
cpu3 83403 5493 135490 97122927 11442 0 91186 0 0 0
intr 8469466519 0 0 1676340 81 0 463836 17447959 0 0 0 6770839 0 0 0 0 0 0 0 0 0 0 0 0 0 0 0 0 0 0 0 0 0 0 0 0 0 0 0 0 0 0 0 0 0 0 0 0 0 0 0 0 3709600682 0 0 0 0 0 0 0 0 239450 0 215746 0 0 0 0 0 0 0 0 0 0 0 361564896 1 0 0 0 0 0 0 0 0 0 0 0 0 0 0 0 0 0 0 0 0 0 0 208048 4219 0 0 0 0 7806152 0 0 0 0 0 0 0 0 0 0 0 0 0 0 0 0 0 0 0 0 0 0 0 0 0 0 0 0 0 0 0 0 0 0 0 0 0 0 0 0 0 0 0 0 0 0 0 0 0 0 0 0 0 0 0 0 0 0 0 0 0 0 0 0 0 0 0 0 0 0 0 0 0 0 0 68500974 0 0 0
ctxt 159841635
btime 1669654930
processes 366139
procs_running 2
procs_blocked 0
softirq 237310988 153560577 19240050 411759 8334120 215737 0 26443487 21888052 474 7216732

cpu  385164 25566 744994 388150352 43851 0 422583 0 0 0
cpu0 75972 8482 132210 97084599 10113 0 89486 0 0 0
cpu1 134446 9081 323091 96808216 10821 0 142031 0 0 0
cpu2 91342 2509 154201 97134560 11473 0 99879 0 0 0
cpu3 83403 5493 135490 97122976 11442 0 91186 0 0 0
intr 8469471184 0 0 1676344 81 0 463836 17447984 0 0 0 6770843 0 0 0 0 0 0 0 0 0 0 0 0 0 0 0 0 0 0 0 0 0 0 0 0 0 0 0 0 0 0 0 0 0 0 0 0 0 0 0 0 3709604679 0 0 0 0 0 0 0 0 239451 0 215746 0 0 0 0 0 0 0 0 0 0 0 361565026 1 0 0 0 0 0 0 0 0 0 0 0 0 0 0 0 0 0 0 0 0 0 0 208048 4219 0 0 0 0 7806167 0 0 0 0 0 0 0 0 0 0 0 0 0 0 0 0 0 0 0 0 0 0 0 0 0 0 0 0 0 0 0 0 0 0 0 0 0 0 0 0 0 0 0 0 0 0 0 0 0 0 0 0 0 0 0 0 0 0 0 0 0 0 0 0 0 0 0 0 0 0 0 0 0 0 0 68501465 0 0 0
ctxt 159842627
btime 1669654930
processes 366139
procs_running 2
procs_blocked 0
softirq 237311057 153560577 19240063 411759 8334121 215737 0 26443501 21888080 474 7216745

cpu  385166 25566 744999 388150542 43851 0 422583 0 0 0
cpu0 75972 8482 132210 97084648 10113 0 89486 0 0 0
cpu1 134447 9081 323092 96808261 10821 0 142031 0 0 0
cpu2 91342 2509 154202 97134609 11473 0 99879 0 0 0
cpu3 83403 5493 135493 97123022 11442 0 91186 0 0 0
intr 8469476038 0 0 1676351 81 0 463837 17448059 0 0 0 6770848 0 0 0 0 0 0 0 0 0 0 0 0 0 0 0 0 0 0 0 0 0 0 0 0 0 0 0 0 0 0 0 0 0 0 0 0 0 0 0 0 3709608707 0 0 0 0 0 0 0 0 239454 0 215746 0 0 0 0 0 0 0 0 0 0 0 361565178 1 0 0 0 0 0 0 0 0 0 0 0 0 0 0 0 0 0 0 0 0 0 0 208048 4219 0 0 0 0 7806231 0 0 0 0 0 0 0 0 0 0 0 0 0 0 0 0 0 0 0 0 0 0 0 0 0 0 0 0 0 0 0 0 0 0 0 0 0 0 0 0 0 0 0 0 0 0 0 0 0 0 0 0 0 0 0 0 0 0 0 0 0 0 0 0 0 0 0 0 0 0 0 0 0 0 0 68501983 0 0 0
ctxt 159843752
btime 1669654930
processes 366139
procs_running 1
procs_blocked 0
softirq 237311215 153560585 19240090 411759 8334126 215737 0 26443557 21888120 474 7216767

cpu  385167 25566 745000 388150735 43851 0 422583 0 0 0
cpu0 75972 8482 132210 97084698 10113 0 89486 0 0 0
cpu1 134448 9081 323094 96808307 10821 0 142031 0 0 0
cpu2 91342 2509 154202 97134659 11473 0 99879 0 0 0
cpu3 83403 5493 135493 97123071 11442 0 91186 0 0 0
intr 8469480704 0 0 1676355 81 0 463838 17448081 0 0 0 6770853 0 0 0 0 0 0 0 0 0 0 0 0 0 0 0 0 0 0 0 0 0 0 0 0 0 0 0 0 0 0 0 0 0 0 0 0 0 0 0 0 3709612705 0 0 0 0 0 0 0 0 239455 0 215746 0 0 0 0 0 0 0 0 0 0 0 361565307 1 0 0 0 0 0 0 0 0 0 0 0 0 0 0 0 0 0 0 0 0 0 0 208048 4219 0 0 0 0 7806246 0 0 0 0 0 0 0 0 0 0 0 0 0 0 0 0 0 0 0 0 0 0 0 0 0 0 0 0 0 0 0 0 0 0 0 0 0 0 0 0 0 0 0 0 0 0 0 0 0 0 0 0 0 0 0 0 0 0 0 0 0 0 0 0 0 0 0 0 0 0 0 0 0 0 0 68502475 0 0 0
ctxt 159844742
btime 1669654930
processes 366139
procs_running 2
procs_blocked 0
softirq 237311287 153560586 19240104 411759 8334127 215737 0 26443572 21888148 474 7216780

cpu  385167 25566 745003 388150929 43851 0 422583 0 0 0
cpu0 75972 8482 132210 97084747 10113 0 89486 0 0 0
cpu1 134448 9081 323096 96808352 10821 0 142031 0 0 0
cpu2 91342 2509 154202 97134708 11473 0 99879 0 0 0
cpu3 83403 5493 135493 97123121 11442 0 91186 0 0 0
intr 8469485424 0 0 1676359 81 0 463838 17448110 0 0 0 6770858 0 0 0 0 0 0 0 0 0 0 0 0 0 0 0 0 0 0 0 0 0 0 0 0 0 0 0 0 0 0 0 0 0 0 0 0 0 0 0 0 3709616731 0 0 0 0 0 0 0 0 239456 0 215746 0 0 0 0 0 0 0 0 0 0 0 361565459 1 0 0 0 0 0 0 0 0 0 0 0 0 0 0 0 0 0 0 0 0 0 0 208048 4219 0 0 0 0 7806261 0 0 0 0 0 0 0 0 0 0 0 0 0 0 0 0 0 0 0 0 0 0 0 0 0 0 0 0 0 0 0 0 0 0 0 0 0 0 0 0 0 0 0 0 0 0 0 0 0 0 0 0 0 0 0 0 0 0 0 0 0 0 0 0 0 0 0 0 0 0 0 0 0 0 0 68502963 0 0 0
ctxt 159845736
btime 1669654930
processes 366139
procs_running 2
procs_blocked 0
softirq 237311362 153560594 19240117 411759 8334128 215737 0 26443586 21888174 474 7216793

cpu  385168 25566 745005 388151123 43851 0 422583 0 0 0
cpu0 75972 8482 132210 97084797 10113 0 89486 0 0 0
cpu1 134449 9081 323098 96808398 10821 0 142031 0 0 0
cpu2 91342 2509 154202 97134757 11473 0 99879 0 0 0
cpu3 83404 5493 135493 97123170 11442 0 91186 0 0 0
intr 8469490092 0 0 1676363 81 0 463838 17448132 0 0 0 6770863 0 0 0 0 0 0 0 0 0 0 0 0 0 0 0 0 0 0 0 0 0 0 0 0 0 0 0 0 0 0 0 0 0 0 0 0 0 0 0 0 3709620728 0 0 0 0 0 0 0 0 239457 0 215746 0 0 0 0 0 0 0 0 0 0 0 361565589 1 0 0 0 0 0 0 0 0 0 0 0 0 0 0 0 0 0 0 0 0 0 0 208048 4219 0 0 0 0 7806276 0 0 0 0 0 0 0 0 0 0 0 0 0 0 0 0 0 0 0 0 0 0 0 0 0 0 0 0 0 0 0 0 0 0 0 0 0 0 0 0 0 0 0 0 0 0 0 0 0 0 0 0 0 0 0 0 0 0 0 0 0 0 0 0 0 0 0 0 0 0 0 0 0 0 0 68503455 0 0 0
ctxt 159846723
btime 1669654930
processes 366139
procs_running 1
procs_blocked 0
softirq 237311431 153560594 19240130 411759 8334129 215737 0 26443600 21888202 474 7216806

cpu  385170 25566 745006 388151317 43851 0 422583 0 0 0
cpu0 75972 8482 132210 97084846 10113 0 89486 0 0 0
cpu1 134450 9081 323099 96808443 10821 0 142031 0 0 0
cpu2 91342 2509 154202 97134807 11473 0 99879 0 0 0
cpu3 83404 5493 135493 97123219 11442 0 91186 0 0 0
intr 8469494814 0 0 1676368 81 0 463838 17448158 0 0 0 6770868 0 0 0 0 0 0 0 0 0 0 0 0 0 0 0 0 0 0 0 0 0 0 0 0 0 0 0 0 0 0 0 0 0 0 0 0 0 0 0 0 3709624759 0 0 0 0 0 0 0 0 239458 0 215746 0 0 0 0 0 0 0 0 0 0 0 361565741 1 0 0 0 0 0 0 0 0 0 0 0 0 0 0 0 0 0 0 0 0 0 0 208048 4219 0 0 0 0 7806291 0 0 0 0 0 0 0 0 0 0 0 0 0 0 0 0 0 0 0 0 0 0 0 0 0 0 0 0 0 0 0 0 0 0 0 0 0 0 0 0 0 0 0 0 0 0 0 0 0 0 0 0 0 0 0 0 0 0 0 0 0 0 0 0 0 0 0 0 0 0 0 0 0 0 0 68503943 0 0 0
ctxt 159847721
btime 1669654930
processes 366139
procs_running 1
procs_blocked 0
softirq 237311510 153560602 19240144 411759 8334130 215737 0 26443616 21888229 474 7216819

cpu  385170 25566 745007 388151510 43851 0 422583 0 0 0
cpu0 75972 8482 132210 97084895 10113 0 89486 0 0 0
cpu1 134451 9081 323100 96808489 10821 0 142031 0 0 0
cpu2 91342 2509 154202 97134856 11473 0 99879 0 0 0
cpu3 83404 5493 135494 97123269 11442 0 91186 0 0 0
intr 8469499479 0 0 1676372 81 0 463838 17448180 0 0 0 6770873 0 0 0 0 0 0 0 0 0 0 0 0 0 0 0 0 0 0 0 0 0 0 0 0 0 0 0 0 0 0 0 0 0 0 0 0 0 0 0 0 3709628756 0 0 0 0 0 0 0 0 239459 0 215746 0 0 0 0 0 0 0 0 0 0 0 361565871 1 0 0 0 0 0 0 0 0 0 0 0 0 0 0 0 0 0 0 0 0 0 0 208048 4219 0 0 0 0 7806306 0 0 0 0 0 0 0 0 0 0 0 0 0 0 0 0 0 0 0 0 0 0 0 0 0 0 0 0 0 0 0 0 0 0 0 0 0 0 0 0 0 0 0 0 0 0 0 0 0 0 0 0 0 0 0 0 0 0 0 0 0 0 0 0 0 0 0 0 0 0 0 0 0 0 0 68504435 0 0 0
ctxt 159848696
btime 1669654930
processes 366139
procs_running 2
procs_blocked 0
softirq 237311582 153560602 19240161 411760 8334131 215737 0 26443630 21888255 474 7216832

cpu  385172 25566 745011 388151700 43851 0 422583 0 0 0
cpu0 75972 8482 132210 97084945 10113 0 89486 0 0 0
cpu1 134452 9081 323102 96808534 10821 0 142031 0 0 0
cpu2 91342 2509 154202 97134905 11473 0 99879 0 0 0
cpu3 83405 5493 135496 97123315 11442 0 91186 0 0 0
intr 8469504293 0 0 1676376 81 0 463838 17448251 0 0 0 6770878 0 0 0 0 0 0 0 0 0 0 0 0 0 0 0 0 0 0 0 0 0 0 0 0 0 0 0 0 0 0 0 0 0 0 0 0 0 0 0 0 3709632778 0 0 0 0 0 0 0 0 239461 0 215746 0 0 0 0 0 0 0 0 0 0 0 361566023 1 0 0 0 0 0 0 0 0 0 0 0 0 0 0 0 0 0 0 0 0 0 0 208048 4219 0 0 0 0 7806353 0 0 0 0 0 0 0 0 0 0 0 0 0 0 0 0 0 0 0 0 0 0 0 0 0 0 0 0 0 0 0 0 0 0 0 0 0 0 0 0 0 0 0 0 0 0 0 0 0 0 0 0 0 0 0 0 0 0 0 0 0 0 0 0 0 0 0 0 0 0 0 0 0 0 0 68504945 0 0 0
ctxt 159849898
btime 1669654930
processes 366139
procs_running 2
procs_blocked 0
softirq 237311735 153560610 19240186 411760 8334134 215737 0 26443671 21888289 474 7216874

cpu  385174 25566 745012 388151894 43851 0 422583 0 0 0
cpu0 75972 8482 132210 97084994 10113 0 89486 0 0 0
cpu1 134453 9081 323102 96808579 10821 0 142031 0 0 0
cpu2 91342 2509 154202 97134955 11473 0 99879 0 0 0
cpu3 83405 5493 135496 97123364 11442 0 91186 0 0 0
intr 8469508967 0 0 1676380 81 0 463838 17448278 0 0 0 6770883 0 0 0 0 0 0 0 0 0 0 0 0 0 0 0 0 0 0 0 0 0 0 0 0 0 0 0 0 0 0 0 0 0 0 0 0 0 0 0 0 3709636781 0 0 0 0 0 0 0 0 239462 0 215746 0 0 0 0 0 0 0 0 0 0 0 361566153 1 0 0 0 0 0 0 0 0 0 0 0 0 0 0 0 0 0 0 0 0 0 0 208048 4219 0 0 0 0 7806368 0 0 0 0 0 0 0 0 0 0 0 0 0 0 0 0 0 0 0 0 0 0 0 0 0 0 0 0 0 0 0 0 0 0 0 0 0 0 0 0 0 0 0 0 0 0 0 0 0 0 0 0 0 0 0 0 0 0 0 0 0 0 0 0 0 0 0 0 0 0 0 0 0 0 0 68505433 0 0 0
ctxt 159850888
btime 1669654930
processes 366139
procs_running 1
procs_blocked 0
softirq 237311801 153560610 19240199 411760 8334135 215737 0 26443685 21888314 474 7216887

cpu  385174 25566 745014 388152087 43851 0 422583 0 0 0
cpu0 75972 8482 132210 97085044 10113 0 89486 0 0 0
cpu1 134453 9081 323104 96808625 10821 0 142031 0 0 0
cpu2 91342 2509 154202 97135004 11473 0 99879 0 0 0
cpu3 83405 5493 135496 97123413 11442 0 91186 0 0 0
intr 8469513683 0 0 1676385 81 0 463838 17448307 0 0 0 6770888 0 0 0 0 0 0 0 0 0 0 0 0 0 0 0 0 0 0 0 0 0 0 0 0 0 0 0 0 0 0 0 0 0 0 0 0 0 0 0 0 3709640802 0 0 0 0 0 0 0 0 239463 0 215746 0 0 0 0 0 0 0 0 0 0 0 361566305 1 0 0 0 0 0 0 0 0 0 0 0 0 0 0 0 0 0 0 0 0 0 0 208048 4219 0 0 0 0 7806383 0 0 0 0 0 0 0 0 0 0 0 0 0 0 0 0 0 0 0 0 0 0 0 0 0 0 0 0 0 0 0 0 0 0 0 0 0 0 0 0 0 0 0 0 0 0 0 0 0 0 0 0 0 0 0 0 0 0 0 0 0 0 0 0 0 0 0 0 0 0 0 0 0 0 0 68505921 0 0 0
ctxt 159851879
btime 1669654930
processes 366139
procs_running 1
procs_blocked 0
softirq 237311879 153560618 19240213 411760 8334136 215737 0 26443700 21888341 474 7216900

cpu  385174 25566 745016 388152281 43851 0 422583 0 0 0
cpu0 75972 8482 132210 97085093 10113 0 89486 0 0 0
cpu1 134454 9081 323106 96808670 10821 0 142031 0 0 0
cpu2 91342 2509 154202 97135053 11473 0 99879 0 0 0
cpu3 83405 5493 135496 97123463 11442 0 91186 0 0 0
intr 8469518353 0 0 1676389 81 0 463838 17448333 0 0 0 6770893 0 0 0 0 0 0 0 0 0 0 0 0 0 0 0 0 0 0 0 0 0 0 0 0 0 0 0 0 0 0 0 0 0 0 0 0 0 0 0 0 3709644807 0 0 0 0 0 0 0 0 239464 0 215746 0 0 0 0 0 0 0 0 0 0 0 361566435 1 0 0 0 0 0 0 0 0 0 0 0 0 0 0 0 0 0 0 0 0 0 0 208048 4219 0 0 0 0 7806398 0 0 0 0 0 0 0 0 0 0 0 0 0 0 0 0 0 0 0 0 0 0 0 0 0 0 0 0 0 0 0 0 0 0 0 0 0 0 0 0 0 0 0 0 0 0 0 0 0 0 0 0 0 0 0 0 0 0 0 0 0 0 0 0 0 0 0 0 0 0 0 0 0 0 0 68506405 0 0 0
ctxt 159852863
btime 1669654930
processes 366139
procs_running 2
procs_blocked 0
softirq 237311943 153560618 19240226 411760 8334137 215737 0 26443714 21888364 474 7216913

cpu  385175 25566 745017 388152475 43851 0 422583 0 0 0
cpu0 75972 8482 132210 97085142 10113 0 89486 0 0 0
cpu1 134454 9081 323108 96808716 10821 0 142031 0 0 0
cpu2 91342 2509 154202 97135103 11473 0 99879 0 0 0
cpu3 83405 5493 135496 97123512 11442 0 91186 0 0 0
intr 8469523064 0 0 1676393 81 0 463838 17448358 0 0 0 6770898 0 0 0 0 0 0 0 0 0 0 0 0 0 0 0 0 0 0 0 0 0 0 0 0 0 0 0 0 0 0 0 0 0 0 0 0 0 0 0 0 3709648829 0 0 0 0 0 0 0 0 239465 0 215746 0 0 0 0 0 0 0 0 0 0 0 361566587 1 0 0 0 0 0 0 0 0 0 0 0 0 0 0 0 0 0 0 0 0 0 0 208048 4219 0 0 0 0 7806413 0 0 0 0 0 0 0 0 0 0 0 0 0 0 0 0 0 0 0 0 0 0 0 0 0 0 0 0 0 0 0 0 0 0 0 0 0 0 0 0 0 0 0 0 0 0 0 0 0 0 0 0 0 0 0 0 0 0 0 0 0 0 0 0 0 0 0 0 0 0 0 0 0 0 0 68506892 0 0 0
ctxt 159853850
btime 1669654930
processes 366139
procs_running 2
procs_blocked 0
softirq 237312018 153560626 19240238 411760 8334138 215737 0 26443729 21888389 474 7216927

cpu  385176 25566 745020 388152668 43851 0 422583 0 0 0
cpu0 75972 8482 132210 97085192 10113 0 89486 0 0 0
cpu1 134456 9081 323111 96808761 10821 0 142031 0 0 0
cpu2 91342 2509 154202 97135152 11473 0 99879 0 0 0
cpu3 83405 5493 135496 97123562 11442 0 91186 0 0 0
intr 8469527796 0 0 1676401 81 0 463838 17448404 0 0 0 6770903 0 0 0 0 0 0 0 0 0 0 0 0 0 0 0 0 0 0 0 0 0 0 0 0 0 0 0 0 0 0 0 0 0 0 0 0 0 0 0 0 3709652835 0 0 0 0 0 0 0 0 239466 0 215746 0 0 0 0 0 0 0 0 0 0 0 361566717 1 0 0 0 0 0 0 0 0 0 0 0 0 0 0 0 0 0 0 0 0 0 0 208048 4219 0 0 0 0 7806447 0 0 0 0 0 0 0 0 0 0 0 0 0 0 0 0 0 0 0 0 0 0 0 0 0 0 0 0 0 0 0 0 0 0 0 0 0 0 0 0 0 0 0 0 0 0 0 0 0 0 0 0 0 0 0 0 0 0 0 0 0 0 0 0 0 0 0 0 0 0 0 0 0 0 0 68507395 0 0 0
ctxt 159854886
btime 1669654930
processes 366139
procs_running 1
procs_blocked 0
softirq 237312116 153560626 19240257 411760 8334141 215737 0 26443758 21888422 474 7216941

cpu  385178 25566 745024 388152857 43851 0 422583 0 0 0
cpu0 75972 8482 132210 97085241 10113 0 89486 0 0 0
cpu1 134456 9081 323113 96808806 10821 0 142031 0 0 0
cpu2 91342 2509 154202 97135201 11473 0 99879 0 0 0
cpu3 83406 5493 135498 97123607 11442 0 91186 0 0 0
intr 8469532621 0 0 1676410 81 0 463839 17448476 0 0 0 6770908 0 0 0 0 0 0 0 0 0 0 0 0 0 0 0 0 0 0 0 0 0 0 0 0 0 0 0 0 0 0 0 0 0 0 0 0 0 0 0 0 3709656854 0 0 0 0 0 0 0 0 239468 0 215746 0 0 0 0 0 0 0 0 0 0 0 361566869 1 0 0 0 0 0 0 0 0 0 0 0 0 0 0 0 0 0 0 0 0 0 0 208048 4219 0 0 0 0 7806494 0 0 0 0 0 0 0 0 0 0 0 0 0 0 0 0 0 0 0 0 0 0 0 0 0 0 0 0 0 0 0 0 0 0 0 0 0 0 0 0 0 0 0 0 0 0 0 0 0 0 0 0 0 0 0 0 0 0 0 0 0 0 0 0 0 0 0 0 0 0 0 0 0 0 0 68507912 0 0 0
ctxt 159856057
btime 1669654930
processes 366139
procs_running 1
procs_blocked 0
softirq 237312276 153560634 19240283 411760 8334144 215737 0 26443799 21888462 474 7216983

cpu  385180 25566 745025 388153051 43851 0 422583 0 0 0
cpu0 75972 8482 132210 97085291 10113 0 89486 0 0 0
cpu1 134458 9081 323114 96808852 10821 0 142031 0 0 0
cpu2 91342 2509 154202 97135250 11473 0 99879 0 0 0
cpu3 83406 5493 135498 97123657 11442 0 91186 0 0 0
intr 8469537292 0 0 1676418 81 0 463839 17448500 0 0 0 6770913 0 0 0 0 0 0 0 0 0 0 0 0 0 0 0 0 0 0 0 0 0 0 0 0 0 0 0 0 0 0 0 0 0 0 0 0 0 0 0 0 3709660851 0 0 0 0 0 0 0 0 239469 0 215746 0 0 0 0 0 0 0 0 0 0 0 361566999 1 0 0 0 0 0 0 0 0 0 0 0 0 0 0 0 0 0 0 0 0 0 0 208048 4219 0 0 0 0 7806509 0 0 0 0 0 0 0 0 0 0 0 0 0 0 0 0 0 0 0 0 0 0 0 0 0 0 0 0 0 0 0 0 0 0 0 0 0 0 0 0 0 0 0 0 0 0 0 0 0 0 0 0 0 0 0 0 0 0 0 0 0 0 0 0 0 0 0 0 0 0 0 0 0 0 0 68508405 0 0 0
ctxt 159857039
btime 1669654930
processes 366139
procs_running 2
procs_blocked 0
softirq 237312339 153560634 19240296 411760 8334145 215737 0 26443812 21888486 474 7216995

cpu  385180 25566 745027 388153244 43851 0 422583 0 0 0
cpu0 75972 8482 132210 97085340 10113 0 89486 0 0 0
cpu1 134458 9081 323115 96808897 10821 0 142031 0 0 0
cpu2 91342 2509 154202 97135299 11473 0 99879 0 0 0
cpu3 83406 5493 135498 97123706 11442 0 91186 0 0 0
intr 8469542016 0 0 1676422 81 0 463839 17448530 0 0 0 6770918 0 0 0 0 0 0 0 0 0 0 0 0 0 0 0 0 0 0 0 0 0 0 0 0 0 0 0 0 0 0 0 0 0 0 0 0 0 0 0 0 3709664878 0 0 0 0 0 0 0 0 239470 0 215746 0 0 0 0 0 0 0 0 0 0 0 361567151 1 0 0 0 0 0 0 0 0 0 0 0 0 0 0 0 0 0 0 0 0 0 0 208048 4219 0 0 0 0 7806524 0 0 0 0 0 0 0 0 0 0 0 0 0 0 0 0 0 0 0 0 0 0 0 0 0 0 0 0 0 0 0 0 0 0 0 0 0 0 0 0 0 0 0 0 0 0 0 0 0 0 0 0 0 0 0 0 0 0 0 0 0 0 0 0 0 0 0 0 0 0 0 0 0 0 0 68508895 0 0 0
ctxt 159858034
btime 1669654930
processes 366139
procs_running 2
procs_blocked 0
softirq 237312420 153560642 19240311 411760 8334146 215737 0 26443828 21888512 474 7217010

cpu  385181 25566 745030 388153438 43851 0 422583 0 0 0
cpu0 75972 8482 132210 97085390 10113 0 89486 0 0 0
cpu1 134459 9081 323118 96808943 10821 0 142031 0 0 0
cpu2 91342 2509 154202 97135349 11473 0 99879 0 0 0
cpu3 83406 5493 135498 97123755 11442 0 91186 0 0 0
intr 8469546679 0 0 1676426 81 0 463839 17448551 0 0 0 6770923 0 0 0 0 0 0 0 0 0 0 0 0 0 0 0 0 0 0 0 0 0 0 0 0 0 0 0 0 0 0 0 0 0 0 0 0 0 0 0 0 3709668875 0 0 0 0 0 0 0 0 239471 0 215746 0 0 0 0 0 0 0 0 0 0 0 361567281 1 0 0 0 0 0 0 0 0 0 0 0 0 0 0 0 0 0 0 0 0 0 0 208048 4219 0 0 0 0 7806539 0 0 0 0 0 0 0 0 0 0 0 0 0 0 0 0 0 0 0 0 0 0 0 0 0 0 0 0 0 0 0 0 0 0 0 0 0 0 0 0 0 0 0 0 0 0 0 0 0 0 0 0 0 0 0 0 0 0 0 0 0 0 0 0 0 0 0 0 0 0 0 0 0 0 0 68509384 0 0 0
ctxt 159859006
btime 1669654930
processes 366139
procs_running 1
procs_blocked 0
softirq 237312491 153560642 19240327 411760 8334147 215737 0 26443841 21888539 474 7217024

cpu  385182 25566 745032 388153632 43851 0 422583 0 0 0
cpu0 75972 8482 132210 97085439 10113 0 89486 0 0 0
cpu1 134460 9081 323120 96808988 10821 0 142031 0 0 0
cpu2 91342 2509 154202 97135398 11473 0 99879 0 0 0
cpu3 83406 5493 135498 97123805 11442 0 91186 0 0 0
intr 8469551405 0 0 1676431 81 0 463839 17448581 0 0 0 6770928 0 0 0 0 0 0 0 0 0 0 0 0 0 0 0 0 0 0 0 0 0 0 0 0 0 0 0 0 0 0 0 0 0 0 0 0 0 0 0 0 3709672901 0 0 0 0 0 0 0 0 239472 0 215746 0 0 0 0 0 0 0 0 0 0 0 361567433 1 0 0 0 0 0 0 0 0 0 0 0 0 0 0 0 0 0 0 0 0 0 0 208048 4219 0 0 0 0 7806554 0 0 0 0 0 0 0 0 0 0 0 0 0 0 0 0 0 0 0 0 0 0 0 0 0 0 0 0 0 0 0 0 0 0 0 0 0 0 0 0 0 0 0 0 0 0 0 0 0 0 0 0 0 0 0 0 0 0 0 0 0 0 0 0 0 0 0 0 0 0 0 0 0 0 0 68509876 0 0 0
ctxt 159860006
btime 1669654930
processes 366139
procs_running 1
procs_blocked 0
softirq 237312572 153560650 19240343 411760 8334148 215737 0 26443855 21888567 474 7217038

cpu  385183 25566 745034 388153825 43851 0 422583 0 0 0
cpu0 75972 8482 132210 97085488 10113 0 89486 0 0 0
cpu1 134461 9081 323123 96809034 10821 0 142031 0 0 0
cpu2 91342 2509 154202 97135447 11473 0 99879 0 0 0
cpu3 83406 5493 135498 97123854 11442 0 91186 0 0 0
intr 8469556073 0 0 1676435 81 0 463839 17448604 0 0 0 6770933 0 0 0 0 0 0 0 0 0 0 0 0 0 0 0 0 0 0 0 0 0 0 0 0 0 0 0 0 0 0 0 0 0 0 0 0 0 0 0 0 3709676898 0 0 0 0 0 0 0 0 239473 0 215746 0 0 0 0 0 0 0 0 0 0 0 361567563 1 0 0 0 0 0 0 0 0 0 0 0 0 0 0 0 0 0 0 0 0 0 0 208048 4219 0 0 0 0 7806569 0 0 0 0 0 0 0 0 0 0 0 0 0 0 0 0 0 0 0 0 0 0 0 0 0 0 0 0 0 0 0 0 0 0 0 0 0 0 0 0 0 0 0 0 0 0 0 0 0 0 0 0 0 0 0 0 0 0 0 0 0 0 0 0 0 0 0 0 0 0 0 0 0 0 0 68510369 0 0 0
ctxt 159860988
btime 1669654930
processes 366139
procs_running 1
procs_blocked 0
softirq 237312643 153560650 19240357 411761 8334149 215737 0 26443868 21888596 474 7217051

cpu  385185 25566 745038 388154015 43851 0 422583 0 0 0
cpu0 75972 8482 132210 97085538 10113 0 89486 0 0 0
cpu1 134462 9081 323124 96809079 10821 0 142031 0 0 0
cpu2 91342 2509 154202 97135496 11473 0 99879 0 0 0
cpu3 83408 5493 135500 97123900 11442 0 91186 0 0 0
intr 8469560891 0 0 1676443 81 0 463839 17448665 0 0 0 6770938 0 0 0 0 0 0 0 0 0 0 0 0 0 0 0 0 0 0 0 0 0 0 0 0 0 0 0 0 0 0 0 0 0 0 0 0 0 0 0 0 3709680927 0 0 0 0 0 0 0 0 239474 0 215746 0 0 0 0 0 0 0 0 0 0 0 361567715 1 0 0 0 0 0 0 0 0 0 0 0 0 0 0 0 0 0 0 0 0 0 0 208048 4219 0 0 0 0 7806606 0 0 0 0 0 0 0 0 0 0 0 0 0 0 0 0 0 0 0 0 0 0 0 0 0 0 0 0 0 0 0 0 0 0 0 0 0 0 0 0 0 0 0 0 0 0 0 0 0 0 0 0 0 0 0 0 0 0 0 0 0 0 0 0 0 0 0 0 0 0 0 0 0 0 0 68510894 0 0 0
ctxt 159862128
btime 1669654930
processes 366139
procs_running 1
procs_blocked 0
softirq 237312787 153560658 19240384 411761 8334151 215737 0 26443901 21888640 474 7217081

cpu  385186 25566 745041 388154208 43851 0 422583 0 0 0
cpu0 75972 8482 132210 97085587 10113 0 89486 0 0 0
cpu1 134462 9081 323126 96809125 10821 0 142031 0 0 0
cpu2 91342 2509 154202 97135546 11473 0 99879 0 0 0
cpu3 83408 5493 135501 97123950 11442 0 91186 0 0 0
intr 8469565551 0 0 1676447 81 0 463839 17448686 0 0 0 6770943 0 0 0 0 0 0 0 0 0 0 0 0 0 0 0 0 0 0 0 0 0 0 0 0 0 0 0 0 0 0 0 0 0 0 0 0 0 0 0 0 3709684922 0 0 0 0 0 0 0 0 239475 0 215746 0 0 0 0 0 0 0 0 0 0 0 361567845 1 0 0 0 0 0 0 0 0 0 0 0 0 0 0 0 0 0 0 0 0 0 0 208048 4219 0 0 0 0 7806621 0 0 0 0 0 0 0 0 0 0 0 0 0 0 0 0 0 0 0 0 0 0 0 0 0 0 0 0 0 0 0 0 0 0 0 0 0 0 0 0 0 0 0 0 0 0 0 0 0 0 0 0 0 0 0 0 0 0 0 0 0 0 0 0 0 0 0 0 0 0 0 0 0 0 0 68511382 0 0 0
ctxt 159863103
btime 1669654930
processes 366139
procs_running 1
procs_blocked 0
softirq 237312851 153560658 19240397 411761 8334152 215737 0 26443914 21888664 474 7217094

cpu  385186 25566 745042 388154402 43851 0 422583 0 0 0
cpu0 75972 8482 132210 97085637 10113 0 89486 0 0 0
cpu1 134462 9081 323128 96809170 10821 0 142031 0 0 0
cpu2 91342 2509 154202 97135595 11473 0 99879 0 0 0
cpu3 83408 5493 135501 97123999 11442 0 91186 0 0 0
intr 8469570274 0 0 1676452 81 0 463839 17448716 0 0 0 6770948 0 0 0 0 0 0 0 0 0 0 0 0 0 0 0 0 0 0 0 0 0 0 0 0 0 0 0 0 0 0 0 0 0 0 0 0 0 0 0 0 3709688948 0 0 0 0 0 0 0 0 239476 0 215746 0 0 0 0 0 0 0 0 0 0 0 361567997 1 0 0 0 0 0 0 0 0 0 0 0 0 0 0 0 0 0 0 0 0 0 0 208048 4219 0 0 0 0 7806636 0 0 0 0 0 0 0 0 0 0 0 0 0 0 0 0 0 0 0 0 0 0 0 0 0 0 0 0 0 0 0 0 0 0 0 0 0 0 0 0 0 0 0 0 0 0 0 0 0 0 0 0 0 0 0 0 0 0 0 0 0 0 0 0 0 0 0 0 0 0 0 0 0 0 0 68511871 0 0 0
ctxt 159864104
btime 1669654930
processes 366139
procs_running 1
procs_blocked 0
softirq 237312925 153560666 19240412 411761 8334153 215737 0 26443928 21888687 474 7217107

cpu  385187 25566 745044 388154596 43851 0 422583 0 0 0
cpu0 75972 8482 132210 97085686 10113 0 89486 0 0 0
cpu1 134463 9081 323130 96809215 10821 0 142031 0 0 0
cpu2 91342 2509 154202 97135644 11473 0 99879 0 0 0
cpu3 83408 5493 135501 97124048 11442 0 91186 0 0 0
intr 8469574938 0 0 1676456 81 0 463839 17448742 0 0 0 6770953 0 0 0 0 0 0 0 0 0 0 0 0 0 0 0 0 0 0 0 0 0 0 0 0 0 0 0 0 0 0 0 0 0 0 0 0 0 0 0 0 3709692945 0 0 0 0 0 0 0 0 239477 0 215746 0 0 0 0 0 0 0 0 0 0 0 361568127 1 0 0 0 0 0 0 0 0 0 0 0 0 0 0 0 0 0 0 0 0 0 0 208048 4219 0 0 0 0 7806651 0 0 0 0 0 0 0 0 0 0 0 0 0 0 0 0 0 0 0 0 0 0 0 0 0 0 0 0 0 0 0 0 0 0 0 0 0 0 0 0 0 0 0 0 0 0 0 0 0 0 0 0 0 0 0 0 0 0 0 0 0 0 0 0 0 0 0 0 0 0 0 0 0 0 0 68512358 0 0 0
ctxt 159865083
btime 1669654930
processes 366139
procs_running 1
procs_blocked 0
softirq 237312985 153560666 19240424 411761 8334154 215737 0 26443941 21888709 474 7217119

cpu  385189 25566 745046 388154790 43851 0 422583 0 0 0
cpu0 75972 8482 132210 97085736 10113 0 89486 0 0 0
cpu1 134465 9081 323131 96809261 10821 0 142031 0 0 0
cpu2 91343 2509 154202 97135694 11473 0 99879 0 0 0
cpu3 83408 5493 135501 97124098 11442 0 91186 0 0 0
intr 8469579609 0 0 1676460 81 0 463839 17448767 0 0 0 6770958 0 0 0 0 0 0 0 0 0 0 0 0 0 0 0 0 0 0 0 0 0 0 0 0 0 0 0 0 0 0 0 0 0 0 0 0 0 0 0 0 3709696950 0 0 0 0 0 0 0 0 239478 0 215746 0 0 0 0 0 0 0 0 0 0 0 361568255 1 0 0 0 0 0 0 0 0 0 0 0 0 0 0 0 0 0 0 0 0 0 0 208048 4219 0 0 0 0 7806666 0 0 0 0 0 0 0 0 0 0 0 0 0 0 0 0 0 0 0 0 0 0 0 0 0 0 0 0 0 0 0 0 0 0 0 0 0 0 0 0 0 0 0 0 0 0 0 0 0 0 0 0 0 0 0 0 0 0 0 0 0 0 0 0 0 0 0 0 0 0 0 0 0 0 0 68512846 0 0 0
ctxt 159866063
btime 1669654930
processes 366139
procs_running 1
procs_blocked 0
softirq 237313056 153560666 19240437 411761 8334155 215737 0 26443955 21888738 474 7217133

cpu  385189 25566 745049 388154983 43851 0 422583 0 0 0
cpu0 75972 8482 132210 97085785 10113 0 89486 0 0 0
cpu1 134465 9081 323134 96809306 10821 0 142031 0 0 0
cpu2 91343 2509 154202 97135743 11473 0 99879 0 0 0
cpu3 83408 5493 135501 97124147 11442 0 91186 0 0 0
intr 8469584369 0 0 1676468 81 0 463839 17448813 0 0 0 6770963 0 0 0 0 0 0 0 0 0 0 0 0 0 0 0 0 0 0 0 0 0 0 0 0 0 0 0 0 0 0 0 0 0 0 0 0 0 0 0 0 3709700971 0 0 0 0 0 0 0 0 239479 0 215746 0 0 0 0 0 0 0 0 0 0 0 361568407 1 0 0 0 0 0 0 0 0 0 0 0 0 0 0 0 0 0 0 0 0 0 0 208048 4219 0 0 0 0 7806696 0 0 0 0 0 0 0 0 0 0 0 0 0 0 0 0 0 0 0 0 0 0 0 0 0 0 0 0 0 0 0 0 0 0 0 0 0 0 0 0 0 0 0 0 0 0 0 0 0 0 0 0 0 0 0 0 0 0 0 0 0 0 0 0 0 0 0 0 0 0 0 0 0 0 0 68513343 0 0 0
ctxt 159867094
btime 1669654930
processes 366139
procs_running 1
procs_blocked 0
softirq 237313158 153560674 19240454 411761 8334157 215737 0 26443982 21888768 474 7217151

cpu  385190 25566 745054 388155172 43851 0 422583 0 0 0
cpu0 75972 8482 132210 97085834 10113 0 89486 0 0 0
cpu1 134466 9081 323136 96809351 10821 0 142031 0 0 0
cpu2 91343 2509 154202 97135792 11473 0 99879 0 0 0
cpu3 83408 5493 135504 97124193 11442 0 91186 0 0 0
intr 8469589136 0 0 1676477 81 0 463839 17448882 0 0 0 6770968 0 0 0 0 0 0 0 0 0 0 0 0 0 0 0 0 0 0 0 0 0 0 0 0 0 0 0 0 0 0 0 0 0 0 0 0 0 0 0 0 3709704967 0 0 0 0 0 0 0 0 239481 0 215746 0 0 0 0 0 0 0 0 0 0 0 361568535 1 0 0 0 0 0 0 0 0 0 0 0 0 0 0 0 0 0 0 0 0 0 0 208048 4219 0 0 0 0 7806743 0 0 0 0 0 0 0 0 0 0 0 0 0 0 0 0 0 0 0 0 0 0 0 0 0 0 0 0 0 0 0 0 0 0 0 0 0 0 0 0 0 0 0 0 0 0 0 0 0 0 0 0 0 0 0 0 0 0 0 0 0 0 0 0 0 0 0 0 0 0 0 0 0 0 0 68513854 0 0 0
ctxt 159868274
btime 1669654930
processes 366139
procs_running 1
procs_blocked 0
softirq 237313298 153560674 19240479 411761 8334160 215737 0 26444023 21888803 474 7217187

cpu  385192 25566 745056 388155365 43851 0 422583 0 0 0
cpu0 75972 8482 132210 97085884 10113 0 89486 0 0 0
cpu1 134467 9081 323138 96809397 10821 0 142031 0 0 0
cpu2 91343 2509 154202 97135842 11473 0 99879 0 0 0
cpu3 83408 5493 135504 97124242 11442 0 91186 0 0 0
intr 8469593858 0 0 1676481 81 0 463839 17448911 0 0 0 6770973 0 0 0 0 0 0 0 0 0 0 0 0 0 0 0 0 0 0 0 0 0 0 0 0 0 0 0 0 0 0 0 0 0 0 0 0 0 0 0 0 3709708993 0 0 0 0 0 0 0 0 239482 0 215746 0 0 0 0 0 0 0 0 0 0 0 361568689 1 0 0 0 0 0 0 0 0 0 0 0 0 0 0 0 0 0 0 0 0 0 0 208048 4219 0 0 0 0 7806758 0 0 0 0 0 0 0 0 0 0 0 0 0 0 0 0 0 0 0 0 0 0 0 0 0 0 0 0 0 0 0 0 0 0 0 0 0 0 0 0 0 0 0 0 0 0 0 0 0 0 0 0 0 0 0 0 0 0 0 0 0 0 0 0 0 0 0 0 0 0 0 0 0 0 0 68514343 0 0 0
ctxt 159869270
btime 1669654930
processes 366139
procs_running 2
procs_blocked 0
softirq 237313372 153560682 19240492 411761 8334161 215737 0 26444037 21888828 474 7217200

cpu  385193 25566 745058 388155559 43851 0 422583 0 0 0
cpu0 75972 8482 132210 97085933 10113 0 89486 0 0 0
cpu1 134468 9081 323140 96809442 10821 0 142031 0 0 0
cpu2 91343 2509 154202 97135891 11473 0 99879 0 0 0
cpu3 83408 5493 135504 97124291 11442 0 91186 0 0 0
intr 8469598520 0 0 1676485 81 0 463839 17448934 0 0 0 6770978 0 0 0 0 0 0 0 0 0 0 0 0 0 0 0 0 0 0 0 0 0 0 0 0 0 0 0 0 0 0 0 0 0 0 0 0 0 0 0 0 3709712989 0 0 0 0 0 0 0 0 239483 0 215746 0 0 0 0 0 0 0 0 0 0 0 361568817 1 0 0 0 0 0 0 0 0 0 0 0 0 0 0 0 0 0 0 0 0 0 0 208048 4219 0 0 0 0 7806773 0 0 0 0 0 0 0 0 0 0 0 0 0 0 0 0 0 0 0 0 0 0 0 0 0 0 0 0 0 0 0 0 0 0 0 0 0 0 0 0 0 0 0 0 0 0 0 0 0 0 0 0 0 0 0 0 0 0 0 0 0 0 0 0 0 0 0 0 0 0 0 0 0 0 0 68514831 0 0 0
ctxt 159870253
btime 1669654930
processes 366139
procs_running 1
procs_blocked 0
softirq 237313436 153560682 19240505 411761 8334162 215737 0 26444051 21888851 474 7217213

cpu  385194 25566 745060 388155753 43851 0 422583 0 0 0
cpu0 75972 8482 132210 97085983 10113 0 89486 0 0 0
cpu1 134469 9081 323142 96809488 10821 0 142031 0 0 0
cpu2 91343 2509 154202 97135940 11473 0 99879 0 0 0
cpu3 83408 5493 135504 97124341 11442 0 91186 0 0 0
intr 8469603247 0 0 1676489 81 0 463839 17448962 0 0 0 6770983 0 0 0 0 0 0 0 0 0 0 0 0 0 0 0 0 0 0 0 0 0 0 0 0 0 0 0 0 0 0 0 0 0 0 0 0 0 0 0 0 3709717020 0 0 0 0 0 0 0 0 239484 0 215746 0 0 0 0 0 0 0 0 0 0 0 361568971 1 0 0 0 0 0 0 0 0 0 0 0 0 0 0 0 0 0 0 0 0 0 0 208048 4219 0 0 0 0 7806788 0 0 0 0 0 0 0 0 0 0 0 0 0 0 0 0 0 0 0 0 0 0 0 0 0 0 0 0 0 0 0 0 0 0 0 0 0 0 0 0 0 0 0 0 0 0 0 0 0 0 0 0 0 0 0 0 0 0 0 0 0 0 0 0 0 0 0 0 0 0 0 0 0 0 0 68515322 0 0 0
ctxt 159871251
btime 1669654930
processes 366139
procs_running 2
procs_blocked 0
softirq 237313514 153560690 19240519 411762 8334163 215737 0 26444065 21888878 474 7217226

cpu  385194 25566 745062 388155946 43851 0 422583 0 0 0
cpu0 75972 8482 132210 97086032 10113 0 89486 0 0 0
cpu1 134469 9081 323145 96809533 10821 0 142031 0 0 0
cpu2 91343 2509 154202 97135990 11473 0 99879 0 0 0
cpu3 83408 5493 135504 97124390 11442 0 91186 0 0 0
intr 8469607912 0 0 1676494 81 0 463839 17448987 0 0 0 6770988 0 0 0 0 0 0 0 0 0 0 0 0 0 0 0 0 0 0 0 0 0 0 0 0 0 0 0 0 0 0 0 0 0 0 0 0 0 0 0 0 3709721016 0 0 0 0 0 0 0 0 239485 0 215746 0 0 0 0 0 0 0 0 0 0 0 361569099 1 0 0 0 0 0 0 0 0 0 0 0 0 0 0 0 0 0 0 0 0 0 0 208048 4219 0 0 0 0 7806803 0 0 0 0 0 0 0 0 0 0 0 0 0 0 0 0 0 0 0 0 0 0 0 0 0 0 0 0 0 0 0 0 0 0 0 0 0 0 0 0 0 0 0 0 0 0 0 0 0 0 0 0 0 0 0 0 0 0 0 0 0 0 0 0 0 0 0 0 0 0 0 0 0 0 0 68515812 0 0 0
ctxt 159872230
btime 1669654930
processes 366139
procs_running 2
procs_blocked 0
softirq 237313582 153560690 19240533 411762 8334164 215737 0 26444079 21888905 474 7217238

cpu  385195 25566 745063 388156140 43851 0 422583 0 0 0
cpu0 75972 8482 132210 97086081 10113 0 89486 0 0 0
cpu1 134470 9081 323146 96809579 10821 0 142031 0 0 0
cpu2 91343 2509 154202 97136039 11473 0 99879 0 0 0
cpu3 83408 5493 135504 97124440 11442 0 91186 0 0 0
intr 8469612652 0 0 1676498 81 0 463839 17449022 0 0 0 6770993 0 0 0 0 0 0 0 0 0 0 0 0 0 0 0 0 0 0 0 0 0 0 0 0 0 0 0 0 0 0 0 0 0 0 0 0 0 0 0 0 3709725042 0 0 0 0 0 0 0 0 239486 0 215746 0 0 0 0 0 0 0 0 0 0 0 361569253 1 0 0 0 0 0 0 0 0 0 0 0 0 0 0 0 0 0 0 0 0 0 0 208048 4219 0 0 0 0 7806828 0 0 0 0 0 0 0 0 0 0 0 0 0 0 0 0 0 0 0 0 0 0 0 0 0 0 0 0 0 0 0 0 0 0 0 0 0 0 0 0 0 0 0 0 0 0 0 0 0 0 0 0 0 0 0 0 0 0 0 0 0 0 0 0 0 0 0 0 0 0 0 0 0 0 0 68516300 0 0 0
ctxt 159873237
btime 1669654930
processes 366139
procs_running 1
procs_blocked 0
softirq 237313664 153560698 19240546 411762 8334166 215737 0 26444099 21888930 474 7217252

cpu  385197 25566 745068 388156330 43851 0 422583 0 0 0
cpu0 75972 8482 132210 97086131 10113 0 89486 0 0 0
cpu1 134470 9081 323148 96809624 10821 0 142031 0 0 0
cpu2 91343 2509 154203 97136087 11473 0 99879 0 0 0
cpu3 83410 5493 135506 97124485 11442 0 91186 0 0 0
intr 8469617434 0 0 1676506 81 0 463839 17449098 0 0 0 6770998 0 0 0 0 0 0 0 0 0 0 0 0 0 0 0 0 0 0 0 0 0 0 0 0 0 0 0 0 0 0 0 0 0 0 0 0 0 0 0 0 3709729041 0 0 0 0 0 0 0 0 239488 0 215746 0 0 0 0 0 0 0 0 0 0 0 361569381 1 0 0 0 0 0 0 0 0 0 0 0 0 0 0 0 0 0 0 0 0 0 0 208048 4219 0 0 0 0 7806875 0 0 0 0 0 0 0 0 0 0 0 0 0 0 0 0 0 0 0 0 0 0 0 0 0 0 0 0 0 0 0 0 0 0 0 0 0 0 0 0 0 0 0 0 0 0 0 0 0 0 0 0 0 0 0 0 0 0 0 0 0 0 0 0 0 0 0 0 0 0 0 0 0 0 0 68516818 0 0 0
ctxt 159874350
btime 1669654930
processes 366139
procs_running 1
procs_blocked 0
softirq 237313807 153560698 19240572 411762 8334169 215737 0 26444140 21888965 474 7217290

cpu  385198 25566 745070 388156523 43851 0 422583 0 0 0
cpu0 75972 8482 132210 97086180 10113 0 89486 0 0 0
cpu1 134471 9081 323150 96809670 10821 0 142031 0 0 0
cpu2 91343 2509 154203 97136137 11473 0 99879 0 0 0
cpu3 83410 5493 135506 97124535 11442 0 91186 0 0 0
intr 8469622161 0 0 1676510 81 0 463839 17449131 0 0 0 6771003 0 0 0 0 0 0 0 0 0 0 0 0 0 0 0 0 0 0 0 0 0 0 0 0 0 0 0 0 0 0 0 0 0 0 0 0 0 0 0 0 3709733065 0 0 0 0 0 0 0 0 239489 0 215746 0 0 0 0 0 0 0 0 0 0 0 361569535 1 0 0 0 0 0 0 0 0 0 0 0 0 0 0 0 0 0 0 0 0 0 0 208048 4219 0 0 0 0 7806890 0 0 0 0 0 0 0 0 0 0 0 0 0 0 0 0 0 0 0 0 0 0 0 0 0 0 0 0 0 0 0 0 0 0 0 0 0 0 0 0 0 0 0 0 0 0 0 0 0 0 0 0 0 0 0 0 0 0 0 0 0 0 0 0 0 0 0 0 0 0 0 0 0 0 0 68517308 0 0 0
ctxt 159875346
btime 1669654930
processes 366139
procs_running 2
procs_blocked 0
softirq 237313883 153560706 19240586 411762 8334170 215737 0 26444153 21888992 474 7217303

cpu  385198 25566 745073 388156717 43851 0 422583 0 0 0
cpu0 75972 8482 132210 97086230 10113 0 89486 0 0 0
cpu1 134472 9081 323153 96809715 10821 0 142031 0 0 0
cpu2 91343 2509 154203 97136186 11473 0 99879 0 0 0
cpu3 83410 5493 135506 97124584 11442 0 91186 0 0 0
intr 8469626836 0 0 1676515 81 0 463839 17449156 0 0 0 6771008 0 0 0 0 0 0 0 0 0 0 0 0 0 0 0 0 0 0 0 0 0 0 0 0 0 0 0 0 0 0 0 0 0 0 0 0 0 0 0 0 3709737061 0 0 0 0 0 0 0 0 239490 0 215746 0 0 0 0 0 0 0 0 0 0 0 361569663 1 0 0 0 0 0 0 0 0 0 0 0 0 0 0 0 0 0 0 0 0 0 0 208048 4219 0 0 0 0 7806905 0 0 0 0 0 0 0 0 0 0 0 0 0 0 0 0 0 0 0 0 0 0 0 0 0 0 0 0 0 0 0 0 0 0 0 0 0 0 0 0 0 0 0 0 0 0 0 0 0 0 0 0 0 0 0 0 0 0 0 0 0 0 0 0 0 0 0 0 0 0 0 0 0 0 0 68517808 0 0 0
ctxt 159876336
btime 1669654930
processes 366139
procs_running 1
procs_blocked 0
softirq 237313968 153560706 19240603 411762 8334171 215737 0 26444167 21889025 474 7217323

cpu  385200 25566 745075 388156910 43851 0 422583 0 0 0
cpu0 75972 8482 132210 97086279 10113 0 89486 0 0 0
cpu1 134473 9081 323154 96809760 10821 0 142031 0 0 0
cpu2 91343 2509 154203 97136236 11473 0 99879 0 0 0
cpu3 83410 5493 135506 97124633 11442 0 91186 0 0 0
intr 8469631563 0 0 1676519 81 0 463840 17449186 0 0 0 6771012 0 0 0 0 0 0 0 0 0 0 0 0 0 0 0 0 0 0 0 0 0 0 0 0 0 0 0 0 0 0 0 0 0 0 0 0 0 0 0 0 3709741091 0 0 0 0 0 0 0 0 239491 0 215746 0 0 0 0 0 0 0 0 0 0 0 361569817 1 0 0 0 0 0 0 0 0 0 0 0 0 0 0 0 0 0 0 0 0 0 0 208048 4219 0 0 0 0 7806920 0 0 0 0 0 0 0 0 0 0 0 0 0 0 0 0 0 0 0 0 0 0 0 0 0 0 0 0 0 0 0 0 0 0 0 0 0 0 0 0 0 0 0 0 0 0 0 0 0 0 0 0 0 0 0 0 0 0 0 0 0 0 0 0 0 0 0 0 0 0 0 0 0 0 0 68518297 0 0 0
ctxt 159877326
btime 1669654930
processes 366139
procs_running 1
procs_blocked 0
softirq 237314044 153560714 19240616 411762 8334172 215737 0 26444182 21889051 474 7217336

cpu  385200 25566 745076 388157104 43851 0 422583 0 0 0
cpu0 75972 8482 132210 97086329 10113 0 89486 0 0 0
cpu1 134474 9081 323156 96809806 10821 0 142031 0 0 0
cpu2 91343 2509 154203 97136285 11473 0 99879 0 0 0
cpu3 83410 5493 135506 97124683 11442 0 91186 0 0 0
intr 8469636275 0 0 1676531 81 0 463840 17449223 0 0 0 6771017 0 0 0 0 0 0 0 0 0 0 0 0 0 0 0 0 0 0 0 0 0 0 0 0 0 0 0 0 0 0 0 0 0 0 0 0 0 0 0 0 3709745087 0 0 0 0 0 0 0 0 239492 0 215746 0 0 0 0 0 0 0 0 0 0 0 361569945 1 0 0 0 0 0 0 0 0 0 0 0 0 0 0 0 0 0 0 0 0 0 0 208048 4219 0 0 0 0 7806950 0 0 0 0 0 0 0 0 0 0 0 0 0 0 0 0 0 0 0 0 0 0 0 0 0 0 0 0 0 0 0 0 0 0 0 0 0 0 0 0 0 0 0 0 0 0 0 0 0 0 0 0 0 0 0 0 0 0 0 0 0 0 0 0 0 0 0 0 0 0 0 0 0 0 0 68518800 0 0 0
ctxt 159878344
btime 1669654930
processes 366139
procs_running 1
procs_blocked 0
softirq 237314138 153560714 19240634 411762 8334174 215737 0 26444208 21889081 474 7217354

cpu  385201 25566 745077 388157298 43851 0 422583 0 0 0
cpu0 75972 8482 132210 97086378 10113 0 89486 0 0 0
cpu1 134474 9081 323157 96809851 10821 0 142031 0 0 0
cpu2 91343 2509 154203 97136334 11473 0 99879 0 0 0
cpu3 83410 5493 135506 97124732 11442 0 91186 0 0 0
intr 8469641007 0 0 1676539 81 0 463840 17449253 0 0 0 6771022 0 0 0 0 0 0 0 0 0 0 0 0 0 0 0 0 0 0 0 0 0 0 0 0 0 0 0 0 0 0 0 0 0 0 0 0 0 0 0 0 3709749114 0 0 0 0 0 0 0 0 239493 0 215746 0 0 0 0 0 0 0 0 0 0 0 361570099 1 0 0 0 0 0 0 0 0 0 0 0 0 0 0 0 0 0 0 0 0 0 0 208048 4219 0 0 0 0 7806965 0 0 0 0 0 0 0 0 0 0 0 0 0 0 0 0 0 0 0 0 0 0 0 0 0 0 0 0 0 0 0 0 0 0 0 0 0 0 0 0 0 0 0 0 0 0 0 0 0 0 0 0 0 0 0 0 0 0 0 0 0 0 0 0 0 0 0 0 0 0 0 0 0 0 0 68519292 0 0 0
ctxt 159879344
btime 1669654930
processes 366139
procs_running 1
procs_blocked 0
softirq 237314215 153560722 19240647 411762 8334175 215737 0 26444225 21889106 474 7217367

cpu  385204 25566 745081 388157487 43851 0 422583 0 0 0
cpu0 75972 8482 132210 97086428 10113 0 89486 0 0 0
cpu1 134476 9081 323158 96809897 10821 0 142031 0 0 0
cpu2 91343 2509 154203 97136384 11473 0 99879 0 0 0
cpu3 83411 5493 135508 97124778 11442 0 91186 0 0 0
intr 8469645759 0 0 1676550 81 0 463841 17449305 0 0 0 6771027 0 0 0 0 0 0 0 0 0 0 0 0 0 0 0 0 0 0 0 0 0 0 0 0 0 0 0 0 0 0 0 0 0 0 0 0 0 0 0 0 3709753117 0 0 0 0 0 0 0 0 239495 0 215746 0 0 0 0 0 0 0 0 0 0 0 361570227 1 0 0 0 0 0 0 0 0 0 0 0 0 0 0 0 0 0 0 0 0 0 0 208048 4219 0 0 0 0 7806997 0 0 0 0 0 0 0 0 0 0 0 0 0 0 0 0 0 0 0 0 0 0 0 0 0 0 0 0 0 0 0 0 0 0 0 0 0 0 0 0 0 0 0 0 0 0 0 0 0 0 0 0 0 0 0 0 0 0 0 0 0 0 0 0 0 0 0 0 0 0 0 0 0 0 0 68519810 0 0 0
ctxt 159880414
btime 1669654930
processes 366140
procs_running 1
procs_blocked 0
softirq 237314340 153560722 19240671 411762 8334177 215737 0 26444254 21889139 474 7217404
