Latency
1064321
1316125
1607409
2000895
2330639
2622688
2942944
3200772
3456458
3714230
3988022
4243819
4498418
921356
1177010
1441855
1706992
1983060
2279617
2530061
2834709
3090062
3357706
3607081
2113232
2396649
2682932
2952030
3225130
3477578
3734026
4047834
4319775
4588247
4858955
5176516
5440416
1025666
1299555
1588455
1911905
2173382
2437428
2712057
2969829
3221137
3507694
3759094
4012758
981312
1248034
1742638
1993251
2249088
2511880
2776142
3025880
3288680
3549272
3819941
4108473
1257985
1563145
1842941
2163239
2440045
2718223
3002134
3267286
3549277
3840748
4102440
4357235
4643217
1733550
1990807
2277702
2529062
2827809
3077902
3328356
3578994
3829310
4079767
4330730
1874327
2142190
2398847
2651372
2937778
3188206
3445705
3726446
4004235
4254649
4513355
1133356
1417288
1667989
1925505
2294355
2544935
2813700
3089297
3373624
3635280
3967749
4258733
4508584
1076318
1414158
1697099
1962892
2237736
2496621
2778897
3031953
3285443
3543347
3822092
1164037
1442727
1701239
2085591
2388258
2648969
2938052
3226969
3515880
3805983
4058352
4328425
4604243
870354
1125968
1382557
1658317
1914258
2201835
2463798
2738272
3002334
3255602
3509141
3760832
4041796
1112956
1367767
1640936
1911099
2185071
2474268
2747083
3037624
3308653
3572562
3863115
4119724
974455
1254075
1517435
1789694
2044418
2339859
2590232
2840710
3091114
3341653
3592085
1143563
1398002
1693293
2003414
2263929
2567575
2828314
3083742
3344384
3631397
3901911
4167781
1176745
1524791
1780477
2058767
2315464
2572514
2850492
3101236
3357581
3633737
3905877
4180709
2048658
2307327
2584035
2841551
3203699
3514293
3770702
4049062
4303614
4592878
4854491
5136552
2069741
2322144
2578892
2843477
3117126
3368553
3657369
3916096
4174891
4426252
4715000
5001023
882379
1151489
1427579
1688391
1964553
2214119
2510910
2761490
3015322
3276145
3533835
3886108
1240044
1506387
1766973
2044145
2303945
2569671
2837371
3088985
3373419
3658707
3916440
4181250
4465044
1798753
2066004
2356392
2606965
2857299
3107794
3358210
3608549
3859073
4109667
4360012
1111541
1387385
1675651
1963467
2385960
2676059
2936927
3216367
3469058
3758348
4050794
1219006
1476182
1749003
2026955
2287768
2550248
2824523
3075960
3333530
3593127
3859909
4112081
1246505
1532170
1828254
2095252
2354041
2618256
2895245
3185582
3442208
3699743
3974345
1259857
1601655
1880778
2159772
2418508
2684117
3044012
3315903
3597967
3891157
4174795
4430188
