cpu  334921 2182 371404 17557369 11781 0 691250 0 0 0
cpu0 6603 34 14006 4600521 3863 0 145599 0 0 0
cpu1 205383 0 168701 4136498 1951 0 205331 0 0 0
cpu2 89358 9 120436 4340329 2951 0 173302 0 0 0
cpu3 33576 2138 68260 4480020 3014 0 167017 0 0 0
intr 774059556 0 0 199787 75 0 56212 7947704 0 0 0 394672 0 0 0 0 0 0 0 0 0 0 0 0 0 0 0 0 0 0 0 0 0 0 0 0 0 0 0 0 0 0 0 0 0 0 0 0 0 0 0 0 532003959 0 0 0 0 0 0 0 0 42984 0 46724 0 0 0 0 0 0 0 0 0 0 0 142755958 1 0 0 0 0 0 0 0 0 0 0 0 0 0 0 0 0 0 0 0 0 0 0 41038 4215 0 0 0 0 1946420 0 0 0 0 0 0 0 0 0 0 0 0 0 0 0 0 0 0 0 0 0 0 0 0 0 0 0 0 0 0 0 0 0 0 0 0 0 0 0 0 0 0 0 0 0 0 0 0 0 0 0 0 0 0 0 0 0 0 0 0 0 0 0 0 0 0 0 0 0 0 0 0 0 0 0 88619808 0 0 0
ctxt 188969335
btime 1673393901
processes 35838
procs_running 1
procs_blocked 0
softirq 275701881 248657915 1786109 310782 4737209 46722 0 15709341 3404630 17 1049156

cpu  334923 2182 371410 17557554 11781 0 691250 0 0 0
cpu0 6603 34 14006 4600570 3863 0 145599 0 0 0
cpu1 205384 0 168703 4136544 1951 0 205331 0 0 0
cpu2 89358 9 120438 4340375 2951 0 173302 0 0 0
cpu3 33577 2138 68263 4480064 3014 0 167017 0 0 0
intr 774065662 0 0 199787 75 0 56213 7947731 0 0 0 394677 0 0 0 0 0 0 0 0 0 0 0 0 0 0 0 0 0 0 0 0 0 0 0 0 0 0 0 0 0 0 0 0 0 0 0 0 0 0 0 0 532007987 0 0 0 0 0 0 0 0 42984 0 46724 0 0 0 0 0 0 0 0 0 0 0 142756111 1 0 0 0 0 0 0 0 0 0 0 0 0 0 0 0 0 0 0 0 0 0 0 41038 4215 0 0 0 0 1946442 0 0 0 0 0 0 0 0 0 0 0 0 0 0 0 0 0 0 0 0 0 0 0 0 0 0 0 0 0 0 0 0 0 0 0 0 0 0 0 0 0 0 0 0 0 0 0 0 0 0 0 0 0 0 0 0 0 0 0 0 0 0 0 0 0 0 0 0 0 0 0 0 0 0 0 88621679 0 0 0
ctxt 188973077
btime 1673393901
processes 35838
procs_running 1
procs_blocked 0
softirq 275701988 248657923 1786128 310782 4737210 46722 0 15709361 3404675 17 1049170

cpu  334925 2182 371416 17557739 11781 0 691250 0 0 0
cpu0 6603 34 14006 4600619 3863 0 145599 0 0 0
cpu1 205384 0 168704 4136591 1951 0 205331 0 0 0
cpu2 89359 9 120439 4340421 2951 0 173302 0 0 0
cpu3 33578 2138 68267 4480107 3014 0 167017 0 0 0
intr 774071721 0 0 199788 75 0 56214 7947763 0 0 0 394682 0 0 0 0 0 0 0 0 0 0 0 0 0 0 0 0 0 0 0 0 0 0 0 0 0 0 0 0 0 0 0 0 0 0 0 0 0 0 0 0 532011987 0 0 0 0 0 0 0 0 42984 0 46724 0 0 0 0 0 0 0 0 0 0 0 142756237 1 0 0 0 0 0 0 0 0 0 0 0 0 0 0 0 0 0 0 0 0 0 0 41038 4215 0 0 0 0 1946473 0 0 0 0 0 0 0 0 0 0 0 0 0 0 0 0 0 0 0 0 0 0 0 0 0 0 0 0 0 0 0 0 0 0 0 0 0 0 0 0 0 0 0 0 0 0 0 0 0 0 0 0 0 0 0 0 0 0 0 0 0 0 0 0 0 0 0 0 0 0 0 0 0 0 0 88623541 0 0 0
ctxt 188976797
btime 1673393901
processes 35838
procs_running 1
procs_blocked 0
softirq 275702104 248657923 1786150 310782 4737211 46722 0 15709386 3404728 17 1049185

cpu  334928 2182 371421 17557924 11781 0 691250 0 0 0
cpu0 6603 34 14006 4600668 3863 0 145599 0 0 0
cpu1 205384 0 168704 4136637 1951 0 205331 0 0 0
cpu2 89360 9 120441 4340464 2951 0 173302 0 0 0
cpu3 33580 2138 68268 4480154 3014 0 167017 0 0 0
intr 774077842 0 0 199788 75 0 56214 7947794 0 0 0 394687 0 0 0 0 0 0 0 0 0 0 0 0 0 0 0 0 0 0 0 0 0 0 0 0 0 0 0 0 0 0 0 0 0 0 0 0 0 0 0 0 532016014 0 0 0 0 0 0 0 0 42984 0 46724 0 0 0 0 0 0 0 0 0 0 0 142756390 1 0 0 0 0 0 0 0 0 0 0 0 0 0 0 0 0 0 0 0 0 0 0 41038 4215 0 0 0 0 1946495 0 0 0 0 0 0 0 0 0 0 0 0 0 0 0 0 0 0 0 0 0 0 0 0 0 0 0 0 0 0 0 0 0 0 0 0 0 0 0 0 0 0 0 0 0 0 0 0 0 0 0 0 0 0 0 0 0 0 0 0 0 0 0 0 0 0 0 0 0 0 0 0 0 0 0 88625425 0 0 0
ctxt 188980535
btime 1673393901
processes 35838
procs_running 1
procs_blocked 0
softirq 275702217 248657931 1786168 310782 4737212 46722 0 15709405 3404781 17 1049199

cpu  334930 2182 371430 17558110 11781 0 691250 0 0 0
cpu0 6603 34 14006 4600718 3863 0 145599 0 0 0
cpu1 205386 0 168708 4136681 1951 0 205331 0 0 0
cpu2 89361 9 120444 4340510 2951 0 173302 0 0 0
cpu3 33580 2138 68270 4480200 3014 0 167017 0 0 0
intr 774083839 0 0 199788 75 0 56214 7947816 0 0 0 394692 0 0 0 0 0 0 0 0 0 0 0 0 0 0 0 0 0 0 0 0 0 0 0 0 0 0 0 0 0 0 0 0 0 0 0 0 0 0 0 0 532020018 0 0 0 0 0 0 0 0 42984 0 46724 0 0 0 0 0 0 0 0 0 0 0 142756518 1 0 0 0 0 0 0 0 0 0 0 0 0 0 0 0 0 0 0 0 0 0 0 41038 4215 0 0 0 0 1946517 0 0 0 0 0 0 0 0 0 0 0 0 0 0 0 0 0 0 0 0 0 0 0 0 0 0 0 0 0 0 0 0 0 0 0 0 0 0 0 0 0 0 0 0 0 0 0 0 0 0 0 0 0 0 0 0 0 0 0 0 0 0 0 0 0 0 0 0 0 0 0 0 0 0 0 88627241 0 0 0
ctxt 188984174
btime 1673393901
processes 35838
procs_running 2
procs_blocked 0
softirq 275702317 248657931 1786184 310782 4737213 46722 0 15709423 3404833 17 1049212

cpu  334932 2182 371437 17558295 11781 0 691250 0 0 0
cpu0 6603 34 14006 4600767 3863 0 145599 0 0 0
cpu1 205387 0 168710 4136727 1951 0 205331 0 0 0
cpu2 89362 9 120449 4340553 2951 0 173302 0 0 0
cpu3 33580 2138 68271 4480247 3014 0 167017 0 0 0
intr 774089855 0 0 199788 75 0 56214 7947847 0 0 0 394697 0 0 0 0 0 0 0 0 0 0 0 0 0 0 0 0 0 0 0 0 0 0 0 0 0 0 0 0 0 0 0 0 0 0 0 0 0 0 0 0 532024038 0 0 0 0 0 0 0 0 42984 0 46724 0 0 0 0 0 0 0 0 0 0 0 142756671 1 0 0 0 0 0 0 0 0 0 0 0 0 0 0 0 0 0 0 0 0 0 0 41038 4215 0 0 0 0 1946539 0 0 0 0 0 0 0 0 0 0 0 0 0 0 0 0 0 0 0 0 0 0 0 0 0 0 0 0 0 0 0 0 0 0 0 0 0 0 0 0 0 0 0 0 0 0 0 0 0 0 0 0 0 0 0 0 0 0 0 0 0 0 0 0 0 0 0 0 0 0 0 0 0 0 0 88629025 0 0 0
ctxt 188987787
btime 1673393901
processes 35838
procs_running 1
procs_blocked 0
softirq 275702435 248657939 1786204 310782 4737214 46722 0 15709444 3404887 17 1049226

cpu  334935 2182 371446 17558480 11781 0 691250 0 0 0
cpu0 6603 34 14006 4600816 3863 0 145599 0 0 0
cpu1 205389 0 168713 4136771 1951 0 205331 0 0 0
cpu2 89362 9 120451 4340599 2951 0 173302 0 0 0
cpu3 33580 2138 68274 4480293 3014 0 167017 0 0 0
intr 774095872 0 0 199789 75 0 56215 7947873 0 0 0 394702 0 0 0 0 0 0 0 0 0 0 0 0 0 0 0 0 0 0 0 0 0 0 0 0 0 0 0 0 0 0 0 0 0 0 0 0 0 0 0 0 532028041 0 0 0 0 0 0 0 0 42984 0 46724 0 0 0 0 0 0 0 0 0 0 0 142756799 1 0 0 0 0 0 0 0 0 0 0 0 0 0 0 0 0 0 0 0 0 0 0 41038 4215 0 0 0 0 1946561 0 0 0 0 0 0 0 0 0 0 0 0 0 0 0 0 0 0 0 0 0 0 0 0 0 0 0 0 0 0 0 0 0 0 0 0 0 0 0 0 0 0 0 0 0 0 0 0 0 0 0 0 0 0 0 0 0 0 0 0 0 0 0 0 0 0 0 0 0 0 0 0 0 0 0 88630856 0 0 0
ctxt 188991435
btime 1673393901
processes 35838
procs_running 1
procs_blocked 0
softirq 275702541 248657939 1786224 310783 4737215 46722 0 15709462 3404939 17 1049240

cpu  334938 2182 371453 17558664 11781 0 691250 0 0 0
cpu0 6603 34 14006 4600865 3863 0 145599 0 0 0
cpu1 205392 0 168717 4136814 1951 0 205331 0 0 0
cpu2 89362 9 120454 4340645 2951 0 173302 0 0 0
cpu3 33580 2138 68276 4480339 3014 0 167017 0 0 0
intr 774101962 0 0 199789 75 0 56215 7947901 0 0 0 394707 0 0 0 0 0 0 0 0 0 0 0 0 0 0 0 0 0 0 0 0 0 0 0 0 0 0 0 0 0 0 0 0 0 0 0 0 0 0 0 0 532032062 0 0 0 0 0 0 0 0 42984 0 46724 0 0 0 0 0 0 0 0 0 0 0 142756952 1 0 0 0 0 0 0 0 0 0 0 0 0 0 0 0 0 0 0 0 0 0 0 41038 4215 0 0 0 0 1946583 0 0 0 0 0 0 0 0 0 0 0 0 0 0 0 0 0 0 0 0 0 0 0 0 0 0 0 0 0 0 0 0 0 0 0 0 0 0 0 0 0 0 0 0 0 0 0 0 0 0 0 0 0 0 0 0 0 0 0 0 0 0 0 0 0 0 0 0 0 0 0 0 0 0 0 88632717 0 0 0
ctxt 188995155
btime 1673393901
processes 35838
procs_running 1
procs_blocked 0
softirq 275702659 248657947 1786244 310783 4737216 46722 0 15709483 3404992 17 1049255

cpu  334940 2182 371461 17558848 11781 0 691250 0 0 0
cpu0 6603 34 14008 4600911 3863 0 145599 0 0 0
cpu1 205392 0 168719 4136859 1951 0 205331 0 0 0
cpu2 89362 9 120456 4340691 2951 0 173302 0 0 0
cpu3 33581 2138 68277 4480385 3014 0 167017 0 0 0
intr 774108018 0 0 199791 75 0 56215 7947929 0 0 0 394712 0 0 0 0 0 0 0 0 0 0 0 0 0 0 0 0 0 0 0 0 0 0 0 0 0 0 0 0 0 0 0 0 0 0 0 0 0 0 0 0 532036066 0 0 0 0 0 0 0 0 42984 0 46724 0 0 0 0 0 0 0 0 0 0 0 142757080 1 0 0 0 0 0 0 0 0 0 0 0 0 0 0 0 0 0 0 0 0 0 0 41038 4215 0 0 0 0 1946605 0 0 0 0 0 0 0 0 0 0 0 0 0 0 0 0 0 0 0 0 0 0 0 0 0 0 0 0 0 0 0 0 0 0 0 0 0 0 0 0 0 0 0 0 0 0 0 0 0 0 0 0 0 0 0 0 0 0 0 0 0 0 0 0 0 0 0 0 0 0 0 0 0 0 0 88634585 0 0 0
ctxt 188998858
btime 1673393901
processes 35838
procs_running 2
procs_blocked 0
softirq 275702756 248657947 1786260 310783 4737217 46722 0 15709501 3405040 17 1049269

cpu  334940 2182 371471 17559033 11781 0 691250 0 0 0
cpu0 6603 34 14008 4600960 3863 0 145599 0 0 0
cpu1 205393 0 168722 4136905 1951 0 205331 0 0 0
cpu2 89362 9 120460 4340735 2951 0 173302 0 0 0
cpu3 33581 2138 68279 4480431 3014 0 167017 0 0 0
intr 774114047 0 0 199793 75 0 56216 7947965 0 0 0 394717 0 0 0 0 0 0 0 0 0 0 0 0 0 0 0 0 0 0 0 0 0 0 0 0 0 0 0 0 0 0 0 0 0 0 0 0 0 0 0 0 532040085 0 0 0 0 0 0 0 0 42984 0 46724 0 0 0 0 0 0 0 0 0 0 0 142757233 1 0 0 0 0 0 0 0 0 0 0 0 0 0 0 0 0 0 0 0 0 0 0 41038 4215 0 0 0 0 1946627 0 0 0 0 0 0 0 0 0 0 0 0 0 0 0 0 0 0 0 0 0 0 0 0 0 0 0 0 0 0 0 0 0 0 0 0 0 0 0 0 0 0 0 0 0 0 0 0 0 0 0 0 0 0 0 0 0 0 0 0 0 0 0 0 0 0 0 0 0 0 0 0 0 0 0 88636375 0 0 0
ctxt 189002487
btime 1673393901
processes 35838
procs_running 2
procs_blocked 0
softirq 275702874 248657955 1786280 310783 4737218 46722 0 15709521 3405093 17 1049285

cpu  334942 2182 371479 17559218 11781 0 691250 0 0 0
cpu0 6603 34 14008 4601009 3863 0 145599 0 0 0
cpu1 205394 0 168723 4136951 1951 0 205331 0 0 0
cpu2 89364 9 120463 4340780 2951 0 173302 0 0 0
cpu3 33581 2138 68283 4480476 3014 0 167017 0 0 0
intr 774120045 0 0 199794 75 0 56216 7947986 0 0 0 394722 0 0 0 0 0 0 0 0 0 0 0 0 0 0 0 0 0 0 0 0 0 0 0 0 0 0 0 0 0 0 0 0 0 0 0 0 0 0 0 0 532044088 0 0 0 0 0 0 0 0 42984 0 46724 0 0 0 0 0 0 0 0 0 0 0 142757361 1 0 0 0 0 0 0 0 0 0 0 0 0 0 0 0 0 0 0 0 0 0 0 41038 4215 0 0 0 0 1946649 0 0 0 0 0 0 0 0 0 0 0 0 0 0 0 0 0 0 0 0 0 0 0 0 0 0 0 0 0 0 0 0 0 0 0 0 0 0 0 0 0 0 0 0 0 0 0 0 0 0 0 0 0 0 0 0 0 0 0 0 0 0 0 0 0 0 0 0 0 0 0 0 0 0 0 88638192 0 0 0
ctxt 189006105
btime 1673393901
processes 35838
procs_running 1
procs_blocked 0
softirq 275702978 248657955 1786299 310783 4737219 46722 0 15709539 3405146 17 1049298

cpu  334944 2182 371488 17559403 11781 0 691250 0 0 0
cpu0 6603 34 14008 4601058 3863 0 145599 0 0 0
cpu1 205394 0 168727 4136996 1951 0 205331 0 0 0
cpu2 89364 9 120465 4340826 2951 0 173302 0 0 0
cpu3 33582 2138 68286 4480521 3014 0 167017 0 0 0
intr 774126093 0 0 199794 75 0 56218 7948030 0 0 0 394727 0 0 0 0 0 0 0 0 0 0 0 0 0 0 0 0 0 0 0 0 0 0 0 0 0 0 0 0 0 0 0 0 0 0 0 0 0 0 0 0 532048109 0 0 0 0 0 0 0 0 42984 0 46724 0 0 0 0 0 0 0 0 0 0 0 142757513 1 0 0 0 0 0 0 0 0 0 0 0 0 0 0 0 0 0 0 0 0 0 0 41038 4215 0 0 0 0 1946683 0 0 0 0 0 0 0 0 0 0 0 0 0 0 0 0 0 0 0 0 0 0 0 0 0 0 0 0 0 0 0 0 0 0 0 0 0 0 0 0 0 0 0 0 0 0 0 0 0 0 0 0 0 0 0 0 0 0 0 0 0 0 0 0 0 0 0 0 0 0 0 0 0 0 0 88639984 0 0 0
ctxt 189009760
btime 1673393901
processes 35838
procs_running 1
procs_blocked 0
softirq 275703105 248657963 1786317 310783 4737222 46722 0 15709566 3405203 17 1049312

cpu  334947 2182 371496 17559588 11781 0 691250 0 0 0
cpu0 6603 34 14009 4601107 3863 0 145599 0 0 0
cpu1 205396 0 168730 4137041 1951 0 205331 0 0 0
cpu2 89364 9 120466 4340873 2951 0 173302 0 0 0
cpu3 33582 2138 68290 4480565 3014 0 167017 0 0 0
intr 774132117 0 0 199794 75 0 56220 7948055 0 0 0 394732 0 0 0 0 0 0 0 0 0 0 0 0 0 0 0 0 0 0 0 0 0 0 0 0 0 0 0 0 0 0 0 0 0 0 0 0 0 0 0 0 532052110 0 0 0 0 0 0 0 0 42984 0 46724 0 0 0 0 0 0 0 0 0 0 0 142757641 1 0 0 0 0 0 0 0 0 0 0 0 0 0 0 0 0 0 0 0 0 0 0 41038 4215 0 0 0 0 1946702 0 0 0 0 0 0 0 0 0 0 0 0 0 0 0 0 0 0 0 0 0 0 0 0 0 0 0 0 0 0 0 0 0 0 0 0 0 0 0 0 0 0 0 0 0 0 0 0 0 0 0 0 0 0 0 0 0 0 0 0 0 0 0 0 0 0 0 0 0 0 0 0 0 0 0 88641828 0 0 0
ctxt 189013430
btime 1673393901
processes 35838
procs_running 3
procs_blocked 0
softirq 275703200 248657963 1786332 310783 4737223 46722 0 15709580 3405255 17 1049325

cpu  334950 2182 371505 17559772 11781 0 691250 0 0 0
cpu0 6603 34 14009 4601156 3863 0 145599 0 0 0
cpu1 205397 0 168732 4137087 1951 0 205331 0 0 0
cpu2 89365 9 120468 4340919 2951 0 173302 0 0 0
cpu3 33584 2138 68295 4480608 3014 0 167017 0 0 0
intr 774138279 0 0 199794 75 0 56220 7948095 0 0 0 394737 0 0 0 0 0 0 0 0 0 0 0 0 0 0 0 0 0 0 0 0 0 0 0 0 0 0 0 0 0 0 0 0 0 0 0 0 0 0 0 0 532056137 0 0 0 0 0 0 0 0 42984 0 46724 0 0 0 0 0 0 0 0 0 0 0 142757794 1 0 0 0 0 0 0 0 0 0 0 0 0 0 0 0 0 0 0 0 0 0 0 41038 4215 0 0 0 0 1946740 0 0 0 0 0 0 0 0 0 0 0 0 0 0 0 0 0 0 0 0 0 0 0 0 0 0 0 0 0 0 0 0 0 0 0 0 0 0 0 0 0 0 0 0 0 0 0 0 0 0 0 0 0 0 0 0 0 0 0 0 0 0 0 0 0 0 0 0 0 0 0 0 0 0 0 88643726 0 0 0
ctxt 189017201
btime 1673393901
processes 35838
procs_running 1
procs_blocked 0
softirq 275703353 248657971 1786356 310783 4737226 46722 0 15709612 3405325 17 1049341

cpu  334954 2182 371516 17559957 11781 0 691250 0 0 0
cpu0 6603 34 14009 4601206 3863 0 145599 0 0 0
cpu1 205398 0 168734 4137133 1951 0 205331 0 0 0
cpu2 89366 9 120470 4340965 2951 0 173302 0 0 0
cpu3 33586 2138 68302 4480651 3014 0 167017 0 0 0
intr 774144343 0 0 199795 75 0 56220 7948121 0 0 0 394742 0 0 0 0 0 0 0 0 0 0 0 0 0 0 0 0 0 0 0 0 0 0 0 0 0 0 0 0 0 0 0 0 0 0 0 0 0 0 0 0 532060133 0 0 0 0 0 0 0 0 42984 0 46724 0 0 0 0 0 0 0 0 0 0 0 142757922 1 0 0 0 0 0 0 0 0 0 0 0 0 0 0 0 0 0 0 0 0 0 0 41038 4215 0 0 0 0 1946762 0 0 0 0 0 0 0 0 0 0 0 0 0 0 0 0 0 0 0 0 0 0 0 0 0 0 0 0 0 0 0 0 0 0 0 0 0 0 0 0 0 0 0 0 0 0 0 0 0 0 0 0 0 0 0 0 0 0 0 0 0 0 0 0 0 0 0 0 0 0 0 0 0 0 0 88645613 0 0 0
ctxt 189020923
btime 1673393901
processes 35838
procs_running 1
procs_blocked 0
softirq 275703466 248657971 1786376 310783 4737227 46722 0 15709630 3405384 17 1049356

cpu  334954 2182 371524 17560142 11781 0 691251 0 0 0
cpu0 6603 34 14009 4601255 3863 0 145599 0 0 0
cpu1 205398 0 168735 4137180 1951 0 205332 0 0 0
cpu2 89366 9 120472 4341012 2951 0 173302 0 0 0
cpu3 33586 2138 68307 4480694 3014 0 167017 0 0 0
intr 774150507 0 0 199795 75 0 56220 7948168 0 0 0 394747 0 0 0 0 0 0 0 0 0 0 0 0 0 0 0 0 0 0 0 0 0 0 0 0 0 0 0 0 0 0 0 0 0 0 0 0 0 0 0 0 532064161 0 0 0 0 0 0 0 0 42984 0 46724 0 0 0 0 0 0 0 0 0 0 0 142758075 1 0 0 0 0 0 0 0 0 0 0 0 0 0 0 0 0 0 0 0 0 0 0 41038 4215 0 0 0 0 1946805 0 0 0 0 0 0 0 0 0 0 0 0 0 0 0 0 0 0 0 0 0 0 0 0 0 0 0 0 0 0 0 0 0 0 0 0 0 0 0 0 0 0 0 0 0 0 0 0 0 0 0 0 0 0 0 0 0 0 0 0 0 0 0 0 0 0 0 0 0 0 0 0 0 0 0 88647500 0 0 0
ctxt 189024720
btime 1673393901
processes 35838
procs_running 1
procs_blocked 0
softirq 275703608 248657979 1786399 310783 4737230 46722 0 15709666 3405441 17 1049371

cpu  334956 2182 371534 17560326 11781 0 691251 0 0 0
cpu0 6603 34 14009 4601304 3863 0 145599 0 0 0
cpu1 205399 0 168738 4137226 1951 0 205332 0 0 0
cpu2 89366 9 120473 4341058 2951 0 173302 0 0 0
cpu3 33587 2138 68313 4480737 3014 0 167017 0 0 0
intr 774156533 0 0 199795 75 0 56221 7948194 0 0 0 394752 0 0 0 0 0 0 0 0 0 0 0 0 0 0 0 0 0 0 0 0 0 0 0 0 0 0 0 0 0 0 0 0 0 0 0 0 0 0 0 0 532068156 0 0 0 0 0 0 0 0 42984 0 46724 0 0 0 0 0 0 0 0 0 0 0 142758203 1 0 0 0 0 0 0 0 0 0 0 0 0 0 0 0 0 0 0 0 0 0 0 41038 4215 0 0 0 0 1946827 0 0 0 0 0 0 0 0 0 0 0 0 0 0 0 0 0 0 0 0 0 0 0 0 0 0 0 0 0 0 0 0 0 0 0 0 0 0 0 0 0 0 0 0 0 0 0 0 0 0 0 0 0 0 0 0 0 0 0 0 0 0 0 0 0 0 0 0 0 0 0 0 0 0 0 88649350 0 0 0
ctxt 189028406
btime 1673393901
processes 35838
procs_running 2
procs_blocked 0
softirq 275703721 248657979 1786419 310783 4737231 46722 0 15709684 3405501 17 1049385

cpu  334958 2182 371542 17560511 11781 0 691251 0 0 0
cpu0 6604 34 14010 4601353 3863 0 145599 0 0 0
cpu1 205400 0 168741 4137269 1951 0 205332 0 0 0
cpu2 89367 9 120475 4341105 2951 0 173302 0 0 0
cpu3 33587 2138 68315 4480783 3014 0 167017 0 0 0
intr 774162660 0 0 199795 75 0 56221 7948241 0 0 0 394757 0 0 0 0 0 0 0 0 0 0 0 0 0 0 0 0 0 0 0 0 0 0 0 0 0 0 0 0 0 0 0 0 0 0 0 0 0 0 0 0 532072181 0 0 0 0 0 0 0 0 42984 0 46724 0 0 0 0 0 0 0 0 0 0 0 142758356 1 0 0 0 0 0 0 0 0 0 0 0 0 0 0 0 0 0 0 0 0 0 0 41038 4215 0 0 0 0 1946870 0 0 0 0 0 0 0 0 0 0 0 0 0 0 0 0 0 0 0 0 0 0 0 0 0 0 0 0 0 0 0 0 0 0 0 0 0 0 0 0 0 0 0 0 0 0 0 0 0 0 0 0 0 0 0 0 0 0 0 0 0 0 0 0 0 0 0 0 0 0 0 0 0 0 0 88651202 0 0 0
ctxt 189032160
btime 1673393901
processes 35838
procs_running 1
procs_blocked 0
softirq 275703857 248657987 1786441 310783 4737234 46722 0 15709720 3405554 17 1049399

cpu  334960 2182 371549 17560696 11781 0 691251 0 0 0
cpu0 6604 34 14010 4601402 3863 0 145599 0 0 0
cpu1 205401 0 168742 4137315 1951 0 205332 0 0 0
cpu2 89368 9 120479 4341148 2951 0 173302 0 0 0
cpu3 33587 2138 68316 4480830 3014 0 167017 0 0 0
intr 774168708 0 0 199796 75 0 56221 7948265 0 0 0 394762 0 0 0 0 0 0 0 0 0 0 0 0 0 0 0 0 0 0 0 0 0 0 0 0 0 0 0 0 0 0 0 0 0 0 0 0 0 0 0 0 532076181 0 0 0 0 0 0 0 0 42984 0 46724 0 0 0 0 0 0 0 0 0 0 0 142758484 1 0 0 0 0 0 0 0 0 0 0 0 0 0 0 0 0 0 0 0 0 0 0 41038 4215 0 0 0 0 1946892 0 0 0 0 0 0 0 0 0 0 0 0 0 0 0 0 0 0 0 0 0 0 0 0 0 0 0 0 0 0 0 0 0 0 0 0 0 0 0 0 0 0 0 0 0 0 0 0 0 0 0 0 0 0 0 0 0 0 0 0 0 0 0 0 0 0 0 0 0 0 0 0 0 0 0 88653070 0 0 0
ctxt 189035863
btime 1673393901
processes 35838
procs_running 1
procs_blocked 0
softirq 275703960 248657987 1786460 310784 4737235 46722 0 15709738 3405605 17 1049412

cpu  334962 2182 371557 17560879 11781 0 691251 0 0 0
cpu0 6604 34 14011 4601449 3863 0 145599 0 0 0
cpu1 205401 0 168746 4137360 1951 0 205332 0 0 0
cpu2 89368 9 120482 4341193 2951 0 173302 0 0 0
cpu3 33587 2138 68318 4480876 3014 0 167017 0 0 0
intr 774174803 0 0 199800 75 0 56221 7948316 0 0 0 394767 0 0 0 0 0 0 0 0 0 0 0 0 0 0 0 0 0 0 0 0 0 0 0 0 0 0 0 0 0 0 0 0 0 0 0 0 0 0 0 0 532080200 0 0 0 0 0 0 0 0 42984 0 46724 0 0 0 0 0 0 0 0 0 0 0 142758638 1 0 0 0 0 0 0 0 0 0 0 0 0 0 0 0 0 0 0 0 0 0 0 41038 4215 0 0 0 0 1946930 0 0 0 0 0 0 0 0 0 0 0 0 0 0 0 0 0 0 0 0 0 0 0 0 0 0 0 0 0 0 0 0 0 0 0 0 0 0 0 0 0 0 0 0 0 0 0 0 0 0 0 0 0 0 0 0 0 0 0 0 0 0 0 0 0 0 0 0 0 0 0 0 0 0 0 88654894 0 0 0
ctxt 189039559
btime 1673393901
processes 35838
procs_running 1
procs_blocked 0
softirq 275704095 248657995 1786481 310784 4737238 46722 0 15709770 3405661 17 1049427

cpu  334963 2182 371567 17561064 11781 0 691251 0 0 0
cpu0 6604 34 14011 4601498 3863 0 145599 0 0 0
cpu1 205402 0 168747 4137406 1951 0 205332 0 0 0
cpu2 89368 9 120486 4341239 2951 0 173302 0 0 0
cpu3 33588 2138 68322 4480920 3014 0 167017 0 0 0
intr 774180800 0 0 199800 75 0 56221 7948346 0 0 0 394772 0 0 0 0 0 0 0 0 0 0 0 0 0 0 0 0 0 0 0 0 0 0 0 0 0 0 0 0 0 0 0 0 0 0 0 0 0 0 0 0 532084201 0 0 0 0 0 0 0 0 42984 0 46724 0 0 0 0 0 0 0 0 0 0 0 142758766 1 0 0 0 0 0 0 0 0 0 0 0 0 0 0 0 0 0 0 0 0 0 0 41038 4215 0 0 0 0 1946952 0 0 0 0 0 0 0 0 0 0 0 0 0 0 0 0 0 0 0 0 0 0 0 0 0 0 0 0 0 0 0 0 0 0 0 0 0 0 0 0 0 0 0 0 0 0 0 0 0 0 0 0 0 0 0 0 0 0 0 0 0 0 0 0 0 0 0 0 0 0 0 0 0 0 0 88656708 0 0 0
ctxt 189043200
btime 1673393901
processes 35838
procs_running 1
procs_blocked 0
softirq 275704195 248657995 1786499 310784 4737239 46722 0 15709788 3405710 17 1049441

cpu  334964 2182 371572 17561249 11781 0 691251 0 0 0
cpu0 6604 34 14011 4601548 3863 0 145599 0 0 0
cpu1 205402 0 168749 4137452 1951 0 205332 0 0 0
cpu2 89369 9 120487 4341284 2951 0 173302 0 0 0
cpu3 33588 2138 68324 4480965 3014 0 167017 0 0 0
intr 774186850 0 0 199804 75 0 56223 7948387 0 0 0 394777 0 0 0 0 0 0 0 0 0 0 0 0 0 0 0 0 0 0 0 0 0 0 0 0 0 0 0 0 0 0 0 0 0 0 0 0 0 0 0 0 532088228 0 0 0 0 0 0 0 0 42984 0 46724 0 0 0 0 0 0 0 0 0 0 0 142758919 1 0 0 0 0 0 0 0 0 0 0 0 0 0 0 0 0 0 0 0 0 0 0 41038 4215 0 0 0 0 1946974 0 0 0 0 0 0 0 0 0 0 0 0 0 0 0 0 0 0 0 0 0 0 0 0 0 0 0 0 0 0 0 0 0 0 0 0 0 0 0 0 0 0 0 0 0 0 0 0 0 0 0 0 0 0 0 0 0 0 0 0 0 0 0 0 0 0 0 0 0 0 0 0 0 0 0 88658502 0 0 0
ctxt 189046856
btime 1673393901
processes 35838
procs_running 2
procs_blocked 0
softirq 275704306 248658003 1786518 310784 4737240 46722 0 15709807 3405760 17 1049455

cpu  334966 2182 371582 17561434 11781 0 691251 0 0 0
cpu0 6604 34 14011 4601597 3863 0 145599 0 0 0
cpu1 205402 0 168751 4137498 1951 0 205332 0 0 0
cpu2 89370 9 120490 4341329 2951 0 173302 0 0 0
cpu3 33589 2138 68329 4481009 3014 0 167017 0 0 0
intr 774192896 0 0 199805 75 0 56224 7948414 0 0 0 394782 0 0 0 0 0 0 0 0 0 0 0 0 0 0 0 0 0 0 0 0 0 0 0 0 0 0 0 0 0 0 0 0 0 0 0 0 0 0 0 0 532092228 0 0 0 0 0 0 0 0 42984 0 46724 0 0 0 0 0 0 0 0 0 0 0 142759047 1 0 0 0 0 0 0 0 0 0 0 0 0 0 0 0 0 0 0 0 0 0 0 41038 4215 0 0 0 0 1946996 0 0 0 0 0 0 0 0 0 0 0 0 0 0 0 0 0 0 0 0 0 0 0 0 0 0 0 0 0 0 0 0 0 0 0 0 0 0 0 0 0 0 0 0 0 0 0 0 0 0 0 0 0 0 0 0 0 0 0 0 0 0 0 0 0 0 0 0 0 0 0 0 0 0 0 88660364 0 0 0
ctxt 189050527
btime 1673393901
processes 35838
procs_running 1
procs_blocked 0
softirq 275704410 248658003 1786537 310784 4737241 46722 0 15709825 3405812 17 1049469

cpu  334968 2182 371590 17561619 11781 0 691251 0 0 0
cpu0 6604 34 14011 4601646 3863 0 145599 0 0 0
cpu1 205403 0 168751 4137543 1951 0 205332 0 0 0
cpu2 89371 9 120492 4341375 2951 0 173302 0 0 0
cpu3 33590 2138 68334 4481053 3014 0 167017 0 0 0
intr 774198964 0 0 199805 75 0 56224 7948470 0 0 0 394787 0 0 0 0 0 0 0 0 0 0 0 0 0 0 0 0 0 0 0 0 0 0 0 0 0 0 0 0 0 0 0 0 0 0 0 0 0 0 0 0 532096248 0 0 0 0 0 0 0 0 42984 0 46724 0 0 0 0 0 0 0 0 0 0 0 142759198 1 0 0 0 0 0 0 0 0 0 0 0 0 0 0 0 0 0 0 0 0 0 0 41038 4215 0 0 0 0 1947039 0 0 0 0 0 0 0 0 0 0 0 0 0 0 0 0 0 0 0 0 0 0 0 0 0 0 0 0 0 0 0 0 0 0 0 0 0 0 0 0 0 0 0 0 0 0 0 0 0 0 0 0 0 0 0 0 0 0 0 0 0 0 0 0 0 0 0 0 0 0 0 0 0 0 0 88662158 0 0 0
ctxt 189054208
btime 1673393901
processes 35838
procs_running 1
procs_blocked 0
softirq 275704547 248658011 1786559 310784 4737244 46722 0 15709862 3405865 17 1049483

cpu  334971 2182 371598 17561804 11781 0 691251 0 0 0
cpu0 6604 34 14011 4601696 3863 0 145599 0 0 0
cpu1 205403 0 168753 4137589 1951 0 205332 0 0 0
cpu2 89373 9 120497 4341418 2951 0 173302 0 0 0
cpu3 33590 2138 68336 4481099 3014 0 167017 0 0 0
intr 774205044 0 0 199805 75 0 56224 7948499 0 0 0 394792 0 0 0 0 0 0 0 0 0 0 0 0 0 0 0 0 0 0 0 0 0 0 0 0 0 0 0 0 0 0 0 0 0 0 0 0 0 0 0 0 532100252 0 0 0 0 0 0 0 0 42984 0 46724 0 0 0 0 0 0 0 0 0 0 0 142759326 1 0 0 0 0 0 0 0 0 0 0 0 0 0 0 0 0 0 0 0 0 0 0 41038 4215 0 0 0 0 1947061 0 0 0 0 0 0 0 0 0 0 0 0 0 0 0 0 0 0 0 0 0 0 0 0 0 0 0 0 0 0 0 0 0 0 0 0 0 0 0 0 0 0 0 0 0 0 0 0 0 0 0 0 0 0 0 0 0 0 0 0 0 0 0 0 0 0 0 0 0 0 0 0 0 0 0 88664049 0 0 0
ctxt 189057937
btime 1673393901
processes 35838
procs_running 1
procs_blocked 0
softirq 275704659 248658011 1786579 310784 4737245 46722 0 15709880 3405923 17 1049498

cpu  334972 2182 371604 17561987 11781 0 691252 0 0 0
cpu0 6604 34 14011 4601745 3863 0 145599 0 0 0
cpu1 205404 0 168756 4137634 1951 0 205332 0 0 0
cpu2 89373 9 120499 4341462 2951 0 173302 0 0 0
cpu3 33590 2138 68337 4481145 3014 0 167018 0 0 0
intr 774211451 0 0 199805 75 0 56224 7948542 0 0 0 394797 0 0 0 0 0 0 0 0 0 0 0 0 0 0 0 0 0 0 0 0 0 0 0 0 0 0 0 0 0 0 0 0 0 0 0 0 0 0 0 0 532104432 0 0 0 0 0 0 0 0 42984 0 46724 0 0 0 0 0 0 0 0 0 0 0 142759629 1 0 0 0 0 0 0 0 0 0 0 0 0 0 0 0 0 0 0 0 0 0 0 41038 4215 0 0 0 0 1947083 0 0 0 0 0 0 0 0 0 0 0 0 0 0 0 0 0 0 0 0 0 0 0 0 0 0 0 0 0 0 0 0 0 0 0 0 0 0 0 0 0 0 0 0 0 0 0 0 0 0 0 0 0 0 0 0 0 0 0 0 0 0 0 0 0 0 0 0 0 0 0 0 0 0 0 88665902 0 0 0
ctxt 189061662
btime 1673393901
processes 35838
procs_running 1
procs_blocked 0
softirq 275705001 248658223 1786596 310784 4737251 46722 0 15709926 3405971 17 1049511

cpu  334973 2182 371614 17562171 11781 0 691252 0 0 0
cpu0 6604 34 14011 4601794 3863 0 145599 0 0 0
cpu1 205404 0 168758 4137679 1951 0 205332 0 0 0
cpu2 89373 9 120501 4341508 2951 0 173302 0 0 0
cpu3 33591 2138 68342 4481188 3014 0 167018 0 0 0
intr 774217626 0 0 199806 75 0 56225 7948570 0 0 0 394802 0 0 0 0 0 0 0 0 0 0 0 0 0 0 0 0 0 0 0 0 0 0 0 0 0 0 0 0 0 0 0 0 0 0 0 0 0 0 0 0 532108500 0 0 0 0 0 0 0 0 42984 0 46724 0 0 0 0 0 0 0 0 0 0 0 142759832 1 0 0 0 0 0 0 0 0 0 0 0 0 0 0 0 0 0 0 0 0 0 0 41038 4215 0 0 0 0 1947105 0 0 0 0 0 0 0 0 0 0 0 0 0 0 0 0 0 0 0 0 0 0 0 0 0 0 0 0 0 0 0 0 0 0 0 0 0 0 0 0 0 0 0 0 0 0 0 0 0 0 0 0 0 0 0 0 0 0 0 0 0 0 0 0 0 0 0 0 0 0 0 0 0 0 0 88667750 0 0 0
ctxt 189065336
btime 1673393901
processes 35838
procs_running 1
procs_blocked 0
softirq 275705180 248658284 1786617 310784 4737254 46722 0 15709957 3406020 17 1049525

cpu  334975 2182 371622 17562353 11781 0 691253 0 0 0
cpu0 6604 34 14013 4601840 3863 0 145599 0 0 0
cpu1 205405 0 168761 4137725 1951 0 205332 0 0 0
cpu2 89374 9 120502 4341553 2951 0 173303 0 0 0
cpu3 33591 2138 68345 4481234 3014 0 167018 0 0 0
intr 774224007 0 0 199812 75 0 56225 7948641 0 0 0 394807 0 0 0 0 0 0 0 0 0 0 0 0 0 0 0 0 0 0 0 0 0 0 0 0 0 0 0 0 0 0 0 0 0 0 0 0 0 0 0 0 532112603 0 0 0 0 0 0 0 0 42984 0 46724 0 0 0 0 0 0 0 0 0 0 0 142760060 1 0 0 0 0 0 0 0 0 0 0 0 0 0 0 0 0 0 0 0 0 0 0 41038 4215 0 0 0 0 1947188 0 0 0 0 0 0 0 0 0 0 0 0 0 0 0 0 0 0 0 0 0 0 0 0 0 0 0 0 0 0 0 0 0 0 0 0 0 0 0 0 0 0 0 0 0 0 0 0 0 0 0 0 0 0 0 0 0 0 0 0 0 0 0 0 0 0 0 0 0 0 0 0 0 0 0 88669634 0 0 0
ctxt 189069152
btime 1673393901
processes 35838
procs_running 1
procs_blocked 0
softirq 275705462 248658393 1786638 310784 4737263 46722 0 15710031 3406075 17 1049539

cpu  334977 2182 371628 17562534 11781 0 691253 0 0 0
cpu0 6604 34 14014 4601886 3863 0 145599 0 0 0
cpu1 205405 0 168763 4137770 1951 0 205332 0 0 0
cpu2 89374 9 120504 4341598 2951 0 173303 0 0 0
cpu3 33592 2138 68346 4481279 3014 0 167018 0 0 0
intr 774230318 0 0 199820 75 0 56225 7948719 0 0 0 394812 0 0 0 0 0 0 0 0 0 0 0 0 0 0 0 0 0 0 0 0 0 0 0 0 0 0 0 0 0 0 0 0 0 0 0 0 0 0 0 0 532116675 0 0 0 0 0 0 0 0 42984 0 46724 0 0 0 0 0 0 0 0 0 0 0 142760263 1 0 0 0 0 0 0 0 0 0 0 0 0 0 0 0 0 0 0 0 0 0 0 41038 4215 0 0 0 0 1947270 0 0 0 0 0 0 0 0 0 0 0 0 0 0 0 0 0 0 0 0 0 0 0 0 0 0 0 0 0 0 0 0 0 0 0 0 0 0 0 0 0 0 0 0 0 0 0 0 0 0 0 0 0 0 0 0 0 0 0 0 0 0 0 0 0 0 0 0 0 0 0 0 0 0 0 88671498 0 0 0
ctxt 189072951
btime 1673393901
processes 35838
procs_running 2
procs_blocked 0
softirq 275705767 248658516 1786662 310785 4737272 46722 0 15710106 3406133 17 1049554

cpu  334980 2182 371638 17562716 11781 0 691254 0 0 0
cpu0 6606 34 14016 4601933 3863 0 145599 0 0 0
cpu1 205406 0 168766 4137813 1951 0 205332 0 0 0
cpu2 89374 9 120506 4341644 2951 0 173303 0 0 0
cpu3 33592 2138 68348 4481325 3014 0 167018 0 0 0
intr 774236681 0 0 199822 75 0 56225 7948816 0 0 0 394817 0 0 0 0 0 0 0 0 0 0 0 0 0 0 0 0 0 0 0 0 0 0 0 0 0 0 0 0 0 0 0 0 0 0 0 0 0 0 0 0 532120747 0 0 0 0 0 0 0 0 42984 0 46724 0 0 0 0 0 0 0 0 0 0 0 142760468 1 0 0 0 0 0 0 0 0 0 0 0 0 0 0 0 0 0 0 0 0 0 0 41038 4215 0 0 0 0 1947372 0 0 0 0 0 0 0 0 0 0 0 0 0 0 0 0 0 0 0 0 0 0 0 0 0 0 0 0 0 0 0 0 0 0 0 0 0 0 0 0 0 0 0 0 0 0 0 0 0 0 0 0 0 0 0 0 0 0 0 0 0 0 0 0 0 0 0 0 0 0 0 0 0 0 0 88673378 0 0 0
ctxt 189076816
btime 1673393901
processes 35838
procs_running 1
procs_blocked 0
softirq 275706078 248658637 1786682 310785 4737283 46722 0 15710188 3406193 17 1049571

cpu  334983 2182 371649 17562899 11781 0 691254 0 0 0
cpu0 6606 34 14016 4601982 3863 0 145599 0 0 0
cpu1 205408 0 168773 4137856 1951 0 205332 0 0 0
cpu2 89374 9 120508 4341690 2951 0 173303 0 0 0
cpu3 33593 2138 68351 4481370 3014 0 167018 0 0 0
intr 774243040 0 0 199823 75 0 56225 7948852 0 0 0 394822 0 0 0 0 0 0 0 0 0 0 0 0 0 0 0 0 0 0 0 0 0 0 0 0 0 0 0 0 0 0 0 0 0 0 0 0 0 0 0 0 532124920 0 0 0 0 0 0 0 0 42984 0 46724 0 0 0 0 0 0 0 0 0 0 0 142760766 1 0 0 0 0 0 0 0 0 0 0 0 0 0 0 0 0 0 0 0 0 0 0 41038 4215 0 0 0 0 1947392 0 0 0 0 0 0 0 0 0 0 0 0 0 0 0 0 0 0 0 0 0 0 0 0 0 0 0 0 0 0 0 0 0 0 0 0 0 0 0 0 0 0 0 0 0 0 0 0 0 0 0 0 0 0 0 0 0 0 0 0 0 0 0 0 0 0 0 0 0 0 0 0 0 0 0 88675206 0 0 0
ctxt 189080502
btime 1673393901
processes 35838
procs_running 5
procs_blocked 0
softirq 275706433 248658841 1786705 310786 4737288 46722 0 15710226 3406259 17 1049589

cpu  334984 2182 371656 17563082 11781 0 691254 0 0 0
cpu0 6606 34 14016 4602031 3863 0 145599 0 0 0
cpu1 205409 0 168774 4137901 1951 0 205332 0 0 0
cpu2 89375 9 120510 4341735 2951 0 173303 0 0 0
cpu3 33593 2138 68356 4481414 3014 0 167018 0 0 0
intr 774249179 0 0 199823 75 0 56225 7948898 0 0 0 394827 0 0 0 0 0 0 0 0 0 0 0 0 0 0 0 0 0 0 0 0 0 0 0 0 0 0 0 0 0 0 0 0 0 0 0 0 0 0 0 0 532128988 0 0 0 0 0 0 0 0 42986 0 46724 0 0 0 0 0 0 0 0 0 0 0 142760967 1 0 0 0 0 0 0 0 0 0 0 0 0 0 0 0 0 0 0 0 0 0 0 41038 4215 0 0 0 0 1947437 0 0 0 0 0 0 0 0 0 0 0 0 0 0 0 0 0 0 0 0 0 0 0 0 0 0 0 0 0 0 0 0 0 0 0 0 0 0 0 0 0 0 0 0 0 0 0 0 0 0 0 0 0 0 0 0 0 0 0 0 0 0 0 0 0 0 0 0 0 0 0 0 0 0 0 88676975 0 0 0
ctxt 189084096
btime 1673393901
processes 35838
procs_running 1
procs_blocked 0
softirq 275706689 248658956 1786727 310787 4737293 46722 0 15710269 3406313 17 1049605

cpu  334986 2182 371663 17563266 11781 0 691254 0 0 0
cpu0 6606 34 14016 4602079 3863 0 145599 0 0 0
cpu1 205409 0 168776 4137946 1951 0 205332 0 0 0
cpu2 89376 9 120512 4341780 2951 0 173303 0 0 0
cpu3 33594 2138 68357 4481460 3014 0 167018 0 0 0
intr 774255394 0 0 199823 75 0 56226 7948938 0 0 0 394832 0 0 0 0 0 0 0 0 0 0 0 0 0 0 0 0 0 0 0 0 0 0 0 0 0 0 0 0 0 0 0 0 0 0 0 0 0 0 0 0 532133090 0 0 0 0 0 0 0 0 42986 0 46724 0 0 0 0 0 0 0 0 0 0 0 142761193 1 0 0 0 0 0 0 0 0 0 0 0 0 0 0 0 0 0 0 0 0 0 0 41038 4215 0 0 0 0 1947459 0 0 0 0 0 0 0 0 0 0 0 0 0 0 0 0 0 0 0 0 0 0 0 0 0 0 0 0 0 0 0 0 0 0 0 0 0 0 0 0 0 0 0 0 0 0 0 0 0 0 0 0 0 0 0 0 0 0 0 0 0 0 0 0 0 0 0 0 0 0 0 0 0 0 0 88678795 0 0 0
ctxt 189087780
btime 1673393901
processes 35838
procs_running 1
procs_blocked 0
softirq 275706929 248659079 1786746 310787 4737296 46722 0 15710299 3406363 17 1049620

cpu  334989 2182 371670 17563449 11781 0 691255 0 0 0
cpu0 6606 34 14017 4602129 3863 0 145599 0 0 0
cpu1 205410 0 168779 4137990 1951 0 205332 0 0 0
cpu2 89377 9 120514 4341823 2951 0 173304 0 0 0
cpu3 33594 2138 68359 4481506 3014 0 167019 0 0 0
intr 774261612 0 0 199823 75 0 56228 7948983 0 0 0 394837 0 0 0 0 0 0 0 0 0 0 0 0 0 0 0 0 0 0 0 0 0 0 0 0 0 0 0 0 0 0 0 0 0 0 0 0 0 0 0 0 532137168 0 0 0 0 0 0 0 0 42988 0 46724 0 0 0 0 0 0 0 0 0 0 0 142761397 1 0 0 0 0 0 0 0 0 0 0 0 0 0 0 0 0 0 0 0 0 0 0 41038 4215 0 0 0 0 1947504 0 0 0 0 0 0 0 0 0 0 0 0 0 0 0 0 0 0 0 0 0 0 0 0 0 0 0 0 0 0 0 0 0 0 0 0 0 0 0 0 0 0 0 0 0 0 0 0 0 0 0 0 0 0 0 0 0 0 0 0 0 0 0 0 0 0 0 0 0 0 0 0 0 0 0 88680632 0 0 0
ctxt 189091496
btime 1673393901
processes 35838
procs_running 1
procs_blocked 0
softirq 275707182 248659186 1786765 310787 4737301 46722 0 15710352 3406418 17 1049634

cpu  334990 2182 371680 17563633 11781 0 691255 0 0 0
cpu0 6606 34 14017 4602178 3863 0 145599 0 0 0
cpu1 205411 0 168781 4138036 1951 0 205332 0 0 0
cpu2 89378 9 120516 4341869 2951 0 173304 0 0 0
cpu3 33595 2138 68365 4481548 3014 0 167019 0 0 0
intr 774267846 0 0 199824 75 0 56228 7949015 0 0 0 394842 0 0 0 0 0 0 0 0 0 0 0 0 0 0 0 0 0 0 0 0 0 0 0 0 0 0 0 0 0 0 0 0 0 0 0 0 0 0 0 0 532141261 0 0 0 0 0 0 0 0 42988 0 46724 0 0 0 0 0 0 0 0 0 0 0 142761621 1 0 0 0 0 0 0 0 0 0 0 0 0 0 0 0 0 0 0 0 0 0 0 41038 4215 0 0 0 0 1947526 0 0 0 0 0 0 0 0 0 0 0 0 0 0 0 0 0 0 0 0 0 0 0 0 0 0 0 0 0 0 0 0 0 0 0 0 0 0 0 0 0 0 0 0 0 0 0 0 0 0 0 0 0 0 0 0 0 0 0 0 0 0 0 0 0 0 0 0 0 0 0 0 0 0 0 88682488 0 0 0
ctxt 189095207
btime 1673393901
processes 35838
procs_running 1
procs_blocked 0
softirq 275707377 248659248 1786787 310787 4737304 46722 0 15710396 3406469 17 1049647

cpu  334994 2182 371688 17563816 11781 0 691255 0 0 0
cpu0 6606 34 14018 4602225 3863 0 145599 0 0 0
cpu1 205412 0 168782 4138082 1951 0 205332 0 0 0
cpu2 89380 9 120520 4341914 2951 0 173304 0 0 0
cpu3 33595 2138 68367 4481594 3014 0 167019 0 0 0
intr 774274070 0 0 199826 75 0 56228 7949064 0 0 0 394847 0 0 0 0 0 0 0 0 0 0 0 0 0 0 0 0 0 0 0 0 0 0 0 0 0 0 0 0 0 0 0 0 0 0 0 0 0 0 0 0 532145339 0 0 0 0 0 0 0 0 42988 0 46724 0 0 0 0 0 0 0 0 0 0 0 142761823 1 0 0 0 0 0 0 0 0 0 0 0 0 0 0 0 0 0 0 0 0 0 0 41038 4215 0 0 0 0 1947571 0 0 0 0 0 0 0 0 0 0 0 0 0 0 0 0 0 0 0 0 0 0 0 0 0 0 0 0 0 0 0 0 0 0 0 0 0 0 0 0 0 0 0 0 0 0 0 0 0 0 0 0 0 0 0 0 0 0 0 0 0 0 0 0 0 0 0 0 0 0 0 0 0 0 0 88684332 0 0 0
ctxt 189098912
btime 1673393901
processes 35838
procs_running 1
procs_blocked 0
softirq 275707574 248659312 1786805 310787 4737309 46722 0 15710439 3406522 17 1049661

cpu  334997 2182 371694 17563997 11781 0 691256 0 0 0
cpu0 6606 34 14018 4602270 3863 0 145599 0 0 0
cpu1 205414 0 168784 4138127 1951 0 205332 0 0 0
cpu2 89380 9 120521 4341959 2951 0 173304 0 0 0
cpu3 33596 2138 68369 4481639 3014 0 167019 0 0 0
intr 774280465 0 0 199832 75 0 56228 7949104 0 0 0 394852 0 0 0 0 0 0 0 0 0 0 0 0 0 0 0 0 0 0 0 0 0 0 0 0 0 0 0 0 0 0 0 0 0 0 0 0 0 0 0 0 532149506 0 0 0 0 0 0 0 0 42988 0 46724 0 0 0 0 0 0 0 0 0 0 0 142762122 1 0 0 0 0 0 0 0 0 0 0 0 0 0 0 0 0 0 0 0 0 0 0 41038 4215 0 0 0 0 1947593 0 0 0 0 0 0 0 0 0 0 0 0 0 0 0 0 0 0 0 0 0 0 0 0 0 0 0 0 0 0 0 0 0 0 0 0 0 0 0 0 0 0 0 0 0 0 0 0 0 0 0 0 0 0 0 0 0 0 0 0 0 0 0 0 0 0 0 0 0 0 0 0 0 0 0 88686189 0 0 0
ctxt 189102621
btime 1673393901
processes 35838
procs_running 1
procs_blocked 0
softirq 275707954 248659561 1786825 310787 4737314 46722 0 15710480 3406573 17 1049675

cpu  335000 2182 371702 17564181 11781 0 691256 0 0 0
cpu0 6606 34 14019 4602319 3863 0 145599 0 0 0
cpu1 205414 0 168785 4138173 1951 0 205333 0 0 0
cpu2 89382 9 120525 4342002 2951 0 173304 0 0 0
cpu3 33596 2138 68372 4481685 3014 0 167019 0 0 0
intr 774286751 0 0 199832 75 0 56228 7949161 0 0 0 394857 0 0 0 0 0 0 0 0 0 0 0 0 0 0 0 0 0 0 0 0 0 0 0 0 0 0 0 0 0 0 0 0 0 0 0 0 0 0 0 0 532153582 0 0 0 0 0 0 0 0 42988 0 46724 0 0 0 0 0 0 0 0 0 0 0 142762325 1 0 0 0 0 0 0 0 0 0 0 0 0 0 0 0 0 0 0 0 0 0 0 41038 4215 0 0 0 0 1947654 0 0 0 0 0 0 0 0 0 0 0 0 0 0 0 0 0 0 0 0 0 0 0 0 0 0 0 0 0 0 0 0 0 0 0 0 0 0 0 0 0 0 0 0 0 0 0 0 0 0 0 0 0 0 0 0 0 0 0 0 0 0 0 0 0 0 0 0 0 0 0 0 0 0 0 88688072 0 0 0
ctxt 189106417
btime 1673393901
processes 35838
procs_running 1
procs_blocked 0
softirq 275708211 248659657 1786846 310787 4737321 46722 0 15710540 3406630 17 1049691

cpu  335003 2182 371710 17564365 11781 0 691256 0 0 0
cpu0 6606 34 14019 4602368 3863 0 145599 0 0 0
cpu1 205415 0 168787 4138219 1951 0 205333 0 0 0
cpu2 89383 9 120531 4342045 2951 0 173304 0 0 0
cpu3 33597 2138 68373 4481731 3014 0 167019 0 0 0
intr 774293014 0 0 199833 75 0 56228 7949196 0 0 0 394862 0 0 0 0 0 0 0 0 0 0 0 0 0 0 0 0 0 0 0 0 0 0 0 0 0 0 0 0 0 0 0 0 0 0 0 0 0 0 0 0 532157683 0 0 0 0 0 0 0 0 42988 0 46724 0 0 0 0 0 0 0 0 0 0 0 142762549 1 0 0 0 0 0 0 0 0 0 0 0 0 0 0 0 0 0 0 0 0 0 0 41038 4215 0 0 0 0 1947676 0 0 0 0 0 0 0 0 0 0 0 0 0 0 0 0 0 0 0 0 0 0 0 0 0 0 0 0 0 0 0 0 0 0 0 0 0 0 0 0 0 0 0 0 0 0 0 0 0 0 0 0 0 0 0 0 0 0 0 0 0 0 0 0 0 0 0 0 0 0 0 0 0 0 0 88689947 0 0 0
ctxt 189110160
btime 1673393901
processes 35838
procs_running 1
procs_blocked 0
softirq 275708447 248659775 1786864 310787 4737324 46722 0 15710573 3406682 17 1049703

cpu  335004 2182 371716 17564548 11781 0 691256 0 0 0
cpu0 6606 34 14019 4602417 3863 0 145599 0 0 0
cpu1 205416 0 168788 4138264 1951 0 205333 0 0 0
cpu2 89383 9 120533 4342089 2951 0 173304 0 0 0
cpu3 33598 2138 68375 4481776 3014 0 167020 0 0 0
intr 774299246 0 0 199833 75 0 56229 7949246 0 0 0 394867 0 0 0 0 0 0 0 0 0 0 0 0 0 0 0 0 0 0 0 0 0 0 0 0 0 0 0 0 0 0 0 0 0 0 0 0 0 0 0 0 532161755 0 0 0 0 0 0 0 0 42988 0 46724 0 0 0 0 0 0 0 0 0 0 0 142762753 1 0 0 0 0 0 0 0 0 0 0 0 0 0 0 0 0 0 0 0 0 0 0 41038 4215 0 0 0 0 1947719 0 0 0 0 0 0 0 0 0 0 0 0 0 0 0 0 0 0 0 0 0 0 0 0 0 0 0 0 0 0 0 0 0 0 0 0 0 0 0 0 0 0 0 0 0 0 0 0 0 0 0 0 0 0 0 0 0 0 0 0 0 0 0 0 0 0 0 0 0 0 0 0 0 0 0 88691805 0 0 0
ctxt 189113892
btime 1673393901
processes 35838
procs_running 2
procs_blocked 0
softirq 275708669 248659868 1786884 310787 4737329 46722 0 15710617 3406729 17 1049716

cpu  335008 2182 371724 17564733 11781 0 691257 0 0 0
cpu0 6606 34 14019 4602466 3863 0 145599 0 0 0
cpu1 205417 0 168790 4138310 1951 0 205333 0 0 0
cpu2 89384 9 120537 4342133 2951 0 173304 0 0 0
cpu3 33599 2138 68377 4481822 3014 0 167020 0 0 0
intr 774305447 0 0 199833 75 0 56230 7949286 0 0 0 394872 0 0 0 0 0 0 0 0 0 0 0 0 0 0 0 0 0 0 0 0 0 0 0 0 0 0 0 0 0 0 0 0 0 0 0 0 0 0 0 0 532165856 0 0 0 0 0 0 0 0 42988 0 46724 0 0 0 0 0 0 0 0 0 0 0 142762979 1 0 0 0 0 0 0 0 0 0 0 0 0 0 0 0 0 0 0 0 0 0 0 41038 4215 0 0 0 0 1947741 0 0 0 0 0 0 0 0 0 0 0 0 0 0 0 0 0 0 0 0 0 0 0 0 0 0 0 0 0 0 0 0 0 0 0 0 0 0 0 0 0 0 0 0 0 0 0 0 0 0 0 0 0 0 0 0 0 0 0 0 0 0 0 0 0 0 0 0 0 0 0 0 0 0 0 88693610 0 0 0
ctxt 189117506
btime 1673393901
processes 35838
procs_running 1
procs_blocked 0
softirq 275708875 248659945 1786905 310788 4737332 46722 0 15710649 3406787 17 1049730

cpu  335010 2182 371732 17564916 11781 0 691257 0 0 0
cpu0 6606 34 14019 4602515 3863 0 145599 0 0 0
cpu1 205418 0 168794 4138353 1951 0 205333 0 0 0
cpu2 89385 9 120539 4342179 2951 0 173304 0 0 0
cpu3 33600 2138 68378 4481867 3014 0 167020 0 0 0
intr 774311604 0 0 199837 75 0 56230 7949337 0 0 0 394877 0 0 0 0 0 0 0 0 0 0 0 0 0 0 0 0 0 0 0 0 0 0 0 0 0 0 0 0 0 0 0 0 0 0 0 0 0 0 0 0 532169927 0 0 0 0 0 0 0 0 42988 0 46724 0 0 0 0 0 0 0 0 0 0 0 142763183 1 0 0 0 0 0 0 0 0 0 0 0 0 0 0 0 0 0 0 0 0 0 0 41038 4215 0 0 0 0 1947784 0 0 0 0 0 0 0 0 0 0 0 0 0 0 0 0 0 0 0 0 0 0 0 0 0 0 0 0 0 0 0 0 0 0 0 0 0 0 0 0 0 0 0 0 0 0 0 0 0 0 0 0 0 0 0 0 0 0 0 0 0 0 0 0 0 0 0 0 0 0 0 0 0 0 0 88695392 0 0 0
ctxt 189121115
btime 1673393901
processes 35838
procs_running 3
procs_blocked 0
softirq 275709144 248660059 1786925 310788 4737337 46722 0 15710703 3406846 17 1049747

cpu  335013 2182 371738 17565099 11781 0 691258 0 0 0
cpu0 6606 34 14019 4602564 3863 0 145599 0 0 0
cpu1 205418 0 168795 4138399 1951 0 205334 0 0 0
cpu2 89386 9 120544 4342222 2951 0 173304 0 0 0
cpu3 33601 2138 68380 4481913 3014 0 167020 0 0 0
intr 774318005 0 0 199838 75 0 56230 7949374 0 0 0 394882 0 0 0 0 0 0 0 0 0 0 0 0 0 0 0 0 0 0 0 0 0 0 0 0 0 0 0 0 0 0 0 0 0 0 0 0 0 0 0 0 532174101 0 0 0 0 0 0 0 0 42988 0 46724 0 0 0 0 0 0 0 0 0 0 0 142763480 1 0 0 0 0 0 0 0 0 0 0 0 0 0 0 0 0 0 0 0 0 0 0 41038 4215 0 0 0 0 1947806 0 0 0 0 0 0 0 0 0 0 0 0 0 0 0 0 0 0 0 0 0 0 0 0 0 0 0 0 0 0 0 0 0 0 0 0 0 0 0 0 0 0 0 0 0 0 0 0 0 0 0 0 0 0 0 0 0 0 0 0 0 0 0 0 0 0 0 0 0 0 0 0 0 0 0 88697255 0 0 0
ctxt 189124828
btime 1673393901
processes 35838
procs_running 1
procs_blocked 0
softirq 275709497 248660277 1786945 310789 4737342 46722 0 15710741 3406901 17 1049763

cpu  335015 2182 371748 17565284 11781 0 691259 0 0 0
cpu0 6606 34 14019 4602614 3863 0 145599 0 0 0
cpu1 205419 0 168796 4138445 1951 0 205334 0 0 0
cpu2 89387 9 120550 4342265 2951 0 173304 0 0 0
cpu3 33601 2138 68382 4481958 3014 0 167020 0 0 0
intr 774324225 0 0 199838 75 0 56231 7949410 0 0 0 394887 0 0 0 0 0 0 0 0 0 0 0 0 0 0 0 0 0 0 0 0 0 0 0 0 0 0 0 0 0 0 0 0 0 0 0 0 0 0 0 0 532178180 0 0 0 0 0 0 0 0 42988 0 46724 0 0 0 0 0 0 0 0 0 0 0 142763686 1 0 0 0 0 0 0 0 0 0 0 0 0 0 0 0 0 0 0 0 0 0 0 41038 4215 0 0 0 0 1947828 0 0 0 0 0 0 0 0 0 0 0 0 0 0 0 0 0 0 0 0 0 0 0 0 0 0 0 0 0 0 0 0 0 0 0 0 0 0 0 0 0 0 0 0 0 0 0 0 0 0 0 0 0 0 0 0 0 0 0 0 0 0 0 0 0 0 0 0 0 0 0 0 0 0 0 88699126 0 0 0
ctxt 189128539
btime 1673393901
processes 35838
procs_running 1
procs_blocked 0
softirq 275709680 248660335 1786966 310789 4737345 46722 0 15710769 3406958 17 1049779

cpu  335016 2182 371754 17565467 11781 0 691260 0 0 0
cpu0 6606 34 14019 4602663 3863 0 145599 0 0 0
cpu1 205419 0 168797 4138491 1951 0 205334 0 0 0
cpu2 89387 9 120550 4342312 2951 0 173305 0 0 0
cpu3 33602 2138 68386 4482001 3014 0 167020 0 0 0
intr 774330470 0 0 199838 75 0 56231 7949446 0 0 0 394892 0 0 0 0 0 0 0 0 0 0 0 0 0 0 0 0 0 0 0 0 0 0 0 0 0 0 0 0 0 0 0 0 0 0 0 0 0 0 0 0 532182271 0 0 0 0 0 0 0 0 42988 0 46724 0 0 0 0 0 0 0 0 0 0 0 142763908 1 0 0 0 0 0 0 0 0 0 0 0 0 0 0 0 0 0 0 0 0 0 0 41038 4215 0 0 0 0 1947850 0 0 0 0 0 0 0 0 0 0 0 0 0 0 0 0 0 0 0 0 0 0 0 0 0 0 0 0 0 0 0 0 0 0 0 0 0 0 0 0 0 0 0 0 0 0 0 0 0 0 0 0 0 0 0 0 0 0 0 0 0 0 0 0 0 0 0 0 0 0 0 0 0 0 0 88700994 0 0 0
ctxt 189132272
btime 1673393901
processes 35838
procs_running 1
procs_blocked 0
softirq 275709906 248660408 1786985 310789 4737348 46722 0 15710827 3407016 17 1049794

cpu  335020 2182 371759 17565651 11781 0 691260 0 0 0
cpu0 6606 34 14020 4602709 3863 0 145599 0 0 0
cpu1 205420 0 168798 4138537 1951 0 205334 0 0 0
cpu2 89388 9 120552 4342357 2951 0 173305 0 0 0
cpu3 33604 2138 68388 4482047 3014 0 167020 0 0 0
intr 774336692 0 0 199844 75 0 56231 7949476 0 0 0 394897 0 0 0 0 0 0 0 0 0 0 0 0 0 0 0 0 0 0 0 0 0 0 0 0 0 0 0 0 0 0 0 0 0 0 0 0 0 0 0 0 532186351 0 0 0 0 0 0 0 0 42988 0 46724 0 0 0 0 0 0 0 0 0 0 0 142764113 1 0 0 0 0 0 0 0 0 0 0 0 0 0 0 0 0 0 0 0 0 0 0 41038 4215 0 0 0 0 1947872 0 0 0 0 0 0 0 0 0 0 0 0 0 0 0 0 0 0 0 0 0 0 0 0 0 0 0 0 0 0 0 0 0 0 0 0 0 0 0 0 0 0 0 0 0 0 0 0 0 0 0 0 0 0 0 0 0 0 0 0 0 0 0 0 0 0 0 0 0 0 0 0 0 0 0 88702870 0 0 0
ctxt 189135985
btime 1673393901
processes 35838
procs_running 3
procs_blocked 0
softirq 275710158 248660545 1787002 310789 4737351 46722 0 15710861 3407062 17 1049809

cpu  335021 2182 371766 17565835 11781 0 691260 0 0 0
cpu0 6606 34 14020 4602758 3863 0 145599 0 0 0
cpu1 205420 0 168800 4138582 1951 0 205334 0 0 0
cpu2 89388 9 120555 4342402 2951 0 173305 0 0 0
cpu3 33604 2138 68390 4482092 3014 0 167020 0 0 0
intr 774342709 0 0 199847 75 0 56231 7949517 0 0 0 394902 0 0 0 0 0 0 0 0 0 0 0 0 0 0 0 0 0 0 0 0 0 0 0 0 0 0 0 0 0 0 0 0 0 0 0 0 0 0 0 0 532190376 0 0 0 0 0 0 0 0 42988 0 46724 0 0 0 0 0 0 0 0 0 0 0 142764265 1 0 0 0 0 0 0 0 0 0 0 0 0 0 0 0 0 0 0 0 0 0 0 41038 4215 0 0 0 0 1947894 0 0 0 0 0 0 0 0 0 0 0 0 0 0 0 0 0 0 0 0 0 0 0 0 0 0 0 0 0 0 0 0 0 0 0 0 0 0 0 0 0 0 0 0 0 0 0 0 0 0 0 0 0 0 0 0 0 0 0 0 0 0 0 0 0 0 0 0 0 0 0 0 0 0 0 88704636 0 0 0
ctxt 189139550
btime 1673393901
processes 35838
procs_running 1
procs_blocked 0
softirq 275710276 248660553 1787024 310789 4737352 46722 0 15710881 3407114 17 1049824

cpu  335022 2182 371775 17566020 11781 0 691260 0 0 0
cpu0 6606 34 14020 4602807 3863 0 145599 0 0 0
cpu1 205422 0 168802 4138626 1951 0 205334 0 0 0
cpu2 89389 9 120559 4342447 2951 0 173305 0 0 0
cpu3 33604 2138 68392 4482138 3014 0 167020 0 0 0
intr 774348673 0 0 199847 75 0 56232 7949573 0 0 0 394907 0 0 0 0 0 0 0 0 0 0 0 0 0 0 0 0 0 0 0 0 0 0 0 0 0 0 0 0 0 0 0 0 0 0 0 0 0 0 0 0 532194371 0 0 0 0 0 0 0 0 42988 0 46724 0 0 0 0 0 0 0 0 0 0 0 142764395 1 0 0 0 0 0 0 0 0 0 0 0 0 0 0 0 0 0 0 0 0 0 0 41038 4215 0 0 0 0 1947947 0 0 0 0 0 0 0 0 0 0 0 0 0 0 0 0 0 0 0 0 0 0 0 0 0 0 0 0 0 0 0 0 0 0 0 0 0 0 0 0 0 0 0 0 0 0 0 0 0 0 0 0 0 0 0 0 0 0 0 0 0 0 0 0 0 0 0 0 0 0 0 0 0 0 0 88706361 0 0 0
ctxt 189143116
btime 1673393901
processes 35838
procs_running 1
procs_blocked 0
softirq 275710436 248660553 1787044 310789 4737356 46722 0 15710923 3407178 17 1049854

cpu  335025 2182 371780 17566204 11781 0 691260 0 0 0
cpu0 6606 34 14020 4602856 3863 0 145600 0 0 0
cpu1 205422 0 168804 4138672 1951 0 205334 0 0 0
cpu2 89390 9 120562 4342490 2951 0 173305 0 0 0
cpu3 33605 2138 68393 4482185 3014 0 167020 0 0 0
intr 774354830 0 0 199847 75 0 56232 7949621 0 0 0 394912 0 0 0 0 0 0 0 0 0 0 0 0 0 0 0 0 0 0 0 0 0 0 0 0 0 0 0 0 0 0 0 0 0 0 0 0 0 0 0 0 532198398 0 0 0 0 0 0 0 0 42988 0 46724 0 0 0 0 0 0 0 0 0 0 0 142764546 1 0 0 0 0 0 0 0 0 0 0 0 0 0 0 0 0 0 0 0 0 0 0 41038 4215 0 0 0 0 1947984 0 0 0 0 0 0 0 0 0 0 0 0 0 0 0 0 0 0 0 0 0 0 0 0 0 0 0 0 0 0 0 0 0 0 0 0 0 0 0 0 0 0 0 0 0 0 0 0 0 0 0 0 0 0 0 0 0 0 0 0 0 0 0 0 0 0 0 0 0 0 0 0 0 0 0 88708251 0 0 0
ctxt 189146904
btime 1673393901
processes 35838
procs_running 1
procs_blocked 0
softirq 275710575 248660561 1787068 310789 4737358 46722 0 15710954 3407232 17 1049874

cpu  335026 2182 371789 17566389 11781 0 691260 0 0 0
cpu0 6606 34 14020 4602905 3863 0 145600 0 0 0
cpu1 205423 0 168805 4138718 1951 0 205334 0 0 0
cpu2 89391 9 120568 4342533 2951 0 173305 0 0 0
cpu3 33605 2138 68394 4482231 3014 0 167020 0 0 0
intr 774360899 0 0 199847 75 0 56232 7949651 0 0 0 394916 0 0 0 0 0 0 0 0 0 0 0 0 0 0 0 0 0 0 0 0 0 0 0 0 0 0 0 0 0 0 0 0 0 0 0 0 0 0 0 0 532202400 0 0 0 0 0 0 0 0 42988 0 46724 0 0 0 0 0 0 0 0 0 0 0 142764676 1 0 0 0 0 0 0 0 0 0 0 0 0 0 0 0 0 0 0 0 0 0 0 41038 4215 0 0 0 0 1948006 0 0 0 0 0 0 0 0 0 0 0 0 0 0 0 0 0 0 0 0 0 0 0 0 0 0 0 0 0 0 0 0 0 0 0 0 0 0 0 0 0 0 0 0 0 0 0 0 0 0 0 0 0 0 0 0 0 0 0 0 0 0 0 0 0 0 0 0 0 0 0 0 0 0 0 88710130 0 0 0
ctxt 189150625
btime 1673393901
processes 35838
procs_running 1
procs_blocked 0
softirq 275710673 248660561 1787086 310789 4737359 46722 0 15710972 3407280 17 1049887
