cpu  164547 1113 120931 8279279 7134 0 291676 0 0 0
cpu0 2988 34 5635 2148425 2304 0 63118 0 0 0
cpu1 137579 0 80281 1892320 1023 0 90219 0 0 0
cpu2 20829 9 29500 2088955 2023 0 73832 0 0 0
cpu3 3149 1069 5514 2149578 1782 0 64505 0 0 0
intr 341119823 0 0 85982 75 0 26201 1595929 0 0 0 182853 0 0 0 0 0 0 0 0 0 0 0 0 0 0 0 0 0 0 0 0 0 0 0 0 0 0 0 0 0 0 0 0 0 0 0 0 0 0 0 0 246242743 0 0 0 0 0 0 0 0 21049 0 24501 0 0 0 0 0 0 0 0 0 0 0 64607149 1 0 0 0 0 0 0 0 0 0 0 0 0 0 0 0 0 0 0 0 0 0 0 18882 4215 0 0 0 0 873157 0 0 0 0 0 0 0 0 0 0 0 0 0 0 0 0 0 0 0 0 0 0 0 0 0 0 0 0 0 0 0 0 0 0 0 0 0 0 0 0 0 0 0 0 0 0 0 0 0 0 0 0 0 0 0 0 0 0 0 0 0 0 0 0 0 0 0 0 0 0 0 0 0 0 0 27437089 0 0 0
ctxt 56778589
btime 1673393901
processes 17984
procs_running 2
procs_blocked 0
softirq 122267970 110217170 777650 177116 2099468 24505 0 7214366 1293923 17 463755

cpu  164547 1113 120936 8279470 7134 0 291676 0 0 0
cpu0 2988 34 5635 2148474 2304 0 63118 0 0 0
cpu1 137579 0 80283 1892366 1023 0 90219 0 0 0
cpu2 20829 9 29502 2089001 2023 0 73832 0 0 0
cpu3 3149 1069 5515 2149627 1782 0 64505 0 0 0
intr 341124985 0 0 85986 75 0 26201 1595965 0 0 0 182858 0 0 0 0 0 0 0 0 0 0 0 0 0 0 0 0 0 0 0 0 0 0 0 0 0 0 0 0 0 0 0 0 0 0 0 0 0 0 0 0 246246755 0 0 0 0 0 0 0 0 21049 0 24501 0 0 0 0 0 0 0 0 0 0 0 64607277 1 0 0 0 0 0 0 0 0 0 0 0 0 0 0 0 0 0 0 0 0 0 0 18882 4215 0 0 0 0 873186 0 0 0 0 0 0 0 0 0 0 0 0 0 0 0 0 0 0 0 0 0 0 0 0 0 0 0 0 0 0 0 0 0 0 0 0 0 0 0 0 0 0 0 0 0 0 0 0 0 0 0 0 0 0 0 0 0 0 0 0 0 0 0 0 0 0 0 0 0 0 0 0 0 0 0 27438035 0 0 0
ctxt 56780499
btime 1673393901
processes 17984
procs_running 1
procs_blocked 0
softirq 122268049 110217170 777665 177116 2099469 24505 0 7214389 1293954 17 463764

cpu  164547 1113 120941 8279660 7134 0 291676 0 0 0
cpu0 2988 34 5635 2148523 2304 0 63118 0 0 0
cpu1 137579 0 80285 1892412 1023 0 90219 0 0 0
cpu2 20829 9 29505 2089047 2023 0 73832 0 0 0
cpu3 3149 1069 5515 2149677 1782 0 64505 0 0 0
intr 341130208 0 0 85994 75 0 26201 1596013 0 0 0 182863 0 0 0 0 0 0 0 0 0 0 0 0 0 0 0 0 0 0 0 0 0 0 0 0 0 0 0 0 0 0 0 0 0 0 0 0 0 0 0 0 246250775 0 0 0 0 0 0 0 0 21049 0 24501 0 0 0 0 0 0 0 0 0 0 0 64607429 1 0 0 0 0 0 0 0 0 0 0 0 0 0 0 0 0 0 0 0 0 0 0 18882 4215 0 0 0 0 873221 0 0 0 0 0 0 0 0 0 0 0 0 0 0 0 0 0 0 0 0 0 0 0 0 0 0 0 0 0 0 0 0 0 0 0 0 0 0 0 0 0 0 0 0 0 0 0 0 0 0 0 0 0 0 0 0 0 0 0 0 0 0 0 0 0 0 0 0 0 0 0 0 0 0 0 27438990 0 0 0
ctxt 56782430
btime 1673393901
processes 17984
procs_running 1
procs_blocked 0
softirq 122268151 110217178 777682 177116 2099470 24505 0 7214421 1293989 17 463773

cpu  164548 1113 120945 8279851 7134 0 291676 0 0 0
cpu0 2988 34 5635 2148573 2304 0 63118 0 0 0
cpu1 137579 0 80287 1892457 1023 0 90219 0 0 0
cpu2 20830 9 29507 2089093 2023 0 73832 0 0 0
cpu3 3149 1069 5515 2149726 1782 0 64505 0 0 0
intr 341135352 0 0 85999 75 0 26201 1596040 0 0 0 182867 0 0 0 0 0 0 0 0 0 0 0 0 0 0 0 0 0 0 0 0 0 0 0 0 0 0 0 0 0 0 0 0 0 0 0 0 0 0 0 0 246254779 0 0 0 0 0 0 0 0 21049 0 24501 0 0 0 0 0 0 0 0 0 0 0 64607559 1 0 0 0 0 0 0 0 0 0 0 0 0 0 0 0 0 0 0 0 0 0 0 18882 4215 0 0 0 0 873243 0 0 0 0 0 0 0 0 0 0 0 0 0 0 0 0 0 0 0 0 0 0 0 0 0 0 0 0 0 0 0 0 0 0 0 0 0 0 0 0 0 0 0 0 0 0 0 0 0 0 0 0 0 0 0 0 0 0 0 0 0 0 0 0 0 0 0 0 0 0 0 0 0 0 0 27439942 0 0 0
ctxt 56784332
btime 1673393901
processes 17984
procs_running 1
procs_blocked 0
softirq 122268229 110217178 777697 177116 2099471 24505 0 7214439 1294021 17 463785

cpu  164549 1113 120948 8280041 7134 0 291676 0 0 0
cpu0 2988 34 5635 2148622 2304 0 63118 0 0 0
cpu1 137579 0 80289 1892503 1023 0 90219 0 0 0
cpu2 20831 9 29508 2089139 2023 0 73832 0 0 0
cpu3 3149 1069 5515 2149775 1782 0 64505 0 0 0
intr 341140540 0 0 86003 75 0 26201 1596073 0 0 0 182872 0 0 0 0 0 0 0 0 0 0 0 0 0 0 0 0 0 0 0 0 0 0 0 0 0 0 0 0 0 0 0 0 0 0 0 0 0 0 0 0 246258800 0 0 0 0 0 0 0 0 21049 0 24501 0 0 0 0 0 0 0 0 0 0 0 64607711 1 0 0 0 0 0 0 0 0 0 0 0 0 0 0 0 0 0 0 0 0 0 0 18882 4215 0 0 0 0 873265 0 0 0 0 0 0 0 0 0 0 0 0 0 0 0 0 0 0 0 0 0 0 0 0 0 0 0 0 0 0 0 0 0 0 0 0 0 0 0 0 0 0 0 0 0 0 0 0 0 0 0 0 0 0 0 0 0 0 0 0 0 0 0 0 0 0 0 0 0 0 0 0 0 0 0 27440892 0 0 0
ctxt 56786241
btime 1673393901
processes 17984
procs_running 1
procs_blocked 0
softirq 122268319 110217186 777715 177117 2099472 24505 0 7214459 1294053 17 463795

cpu  164550 1113 120952 8280231 7134 0 291676 0 0 0
cpu0 2988 34 5635 2148672 2304 0 63118 0 0 0
cpu1 137580 0 80291 1892549 1023 0 90219 0 0 0
cpu2 20831 9 29510 2089185 2023 0 73832 0 0 0
cpu3 3149 1069 5515 2149824 1782 0 64505 0 0 0
intr 341145681 0 0 86007 75 0 26201 1596100 0 0 0 182877 0 0 0 0 0 0 0 0 0 0 0 0 0 0 0 0 0 0 0 0 0 0 0 0 0 0 0 0 0 0 0 0 0 0 0 0 0 0 0 0 246262804 0 0 0 0 0 0 0 0 21049 0 24501 0 0 0 0 0 0 0 0 0 0 0 64607841 1 0 0 0 0 0 0 0 0 0 0 0 0 0 0 0 0 0 0 0 0 0 0 18882 4215 0 0 0 0 873287 0 0 0 0 0 0 0 0 0 0 0 0 0 0 0 0 0 0 0 0 0 0 0 0 0 0 0 0 0 0 0 0 0 0 0 0 0 0 0 0 0 0 0 0 0 0 0 0 0 0 0 0 0 0 0 0 0 0 0 0 0 0 0 0 0 0 0 0 0 0 0 0 0 0 0 27441842 0 0 0
ctxt 56788136
btime 1673393901
processes 17984
procs_running 1
procs_blocked 0
softirq 122268394 110217186 777729 177117 2099473 24505 0 7214477 1294084 17 463806

cpu  164550 1113 120958 8280421 7134 0 291676 0 0 0
cpu0 2988 34 5635 2148721 2304 0 63118 0 0 0
cpu1 137580 0 80294 1892594 1023 0 90219 0 0 0
cpu2 20832 9 29513 2089231 2023 0 73832 0 0 0
cpu3 3149 1069 5515 2149874 1782 0 64505 0 0 0
intr 341150875 0 0 86015 75 0 26201 1596137 0 0 0 182882 0 0 0 0 0 0 0 0 0 0 0 0 0 0 0 0 0 0 0 0 0 0 0 0 0 0 0 0 0 0 0 0 0 0 0 0 0 0 0 0 246266821 0 0 0 0 0 0 0 0 21049 0 24501 0 0 0 0 0 0 0 0 0 0 0 64607993 1 0 0 0 0 0 0 0 0 0 0 0 0 0 0 0 0 0 0 0 0 0 0 18882 4215 0 0 0 0 873309 0 0 0 0 0 0 0 0 0 0 0 0 0 0 0 0 0 0 0 0 0 0 0 0 0 0 0 0 0 0 0 0 0 0 0 0 0 0 0 0 0 0 0 0 0 0 0 0 0 0 0 0 0 0 0 0 0 0 0 0 0 0 0 0 0 0 0 0 0 0 0 0 0 0 0 27442795 0 0 0
ctxt 56790046
btime 1673393901
processes 17984
procs_running 1
procs_blocked 0
softirq 122268483 110217194 777744 177117 2099474 24505 0 7214496 1294120 17 463816

cpu  164551 1113 120962 8280612 7134 0 291676 0 0 0
cpu0 2988 34 5635 2148770 2304 0 63118 0 0 0
cpu1 137580 0 80296 1892640 1023 0 90219 0 0 0
cpu2 20832 9 29514 2089277 2023 0 73832 0 0 0
cpu3 3149 1069 5515 2149923 1782 0 64505 0 0 0
intr 341156021 0 0 86020 75 0 26201 1596164 0 0 0 182887 0 0 0 0 0 0 0 0 0 0 0 0 0 0 0 0 0 0 0 0 0 0 0 0 0 0 0 0 0 0 0 0 0 0 0 0 0 0 0 0 246270825 0 0 0 0 0 0 0 0 21049 0 24501 0 0 0 0 0 0 0 0 0 0 0 64608123 1 0 0 0 0 0 0 0 0 0 0 0 0 0 0 0 0 0 0 0 0 0 0 18882 4215 0 0 0 0 873331 0 0 0 0 0 0 0 0 0 0 0 0 0 0 0 0 0 0 0 0 0 0 0 0 0 0 0 0 0 0 0 0 0 0 0 0 0 0 0 0 0 0 0 0 0 0 0 0 0 0 0 0 0 0 0 0 0 0 0 0 0 0 0 0 0 0 0 0 0 0 0 0 0 0 0 27443749 0 0 0
ctxt 56791943
btime 1673393901
processes 17984
procs_running 2
procs_blocked 0
softirq 122268562 110217194 777761 177117 2099475 24505 0 7214514 1294152 17 463827

cpu  164551 1113 120966 8280802 7134 0 291676 0 0 0
cpu0 2988 34 5635 2148820 2304 0 63118 0 0 0
cpu1 137580 0 80298 1892685 1023 0 90219 0 0 0
cpu2 20832 9 29516 2089323 2023 0 73832 0 0 0
cpu3 3149 1069 5515 2149972 1782 0 64505 0 0 0
intr 341161205 0 0 86024 75 0 26201 1596197 0 0 0 182892 0 0 0 0 0 0 0 0 0 0 0 0 0 0 0 0 0 0 0 0 0 0 0 0 0 0 0 0 0 0 0 0 0 0 0 0 0 0 0 0 246274843 0 0 0 0 0 0 0 0 21049 0 24501 0 0 0 0 0 0 0 0 0 0 0 64608275 1 0 0 0 0 0 0 0 0 0 0 0 0 0 0 0 0 0 0 0 0 0 0 18882 4215 0 0 0 0 873353 0 0 0 0 0 0 0 0 0 0 0 0 0 0 0 0 0 0 0 0 0 0 0 0 0 0 0 0 0 0 0 0 0 0 0 0 0 0 0 0 0 0 0 0 0 0 0 0 0 0 0 0 0 0 0 0 0 0 0 0 0 0 0 0 0 0 0 0 0 0 0 0 0 0 0 27444697 0 0 0
ctxt 56793854
btime 1673393901
processes 17984
procs_running 1
procs_blocked 0
softirq 122268649 110217202 777775 177117 2099476 24505 0 7214534 1294186 17 463837

cpu  164551 1113 120970 8280993 7134 0 291676 0 0 0
cpu0 2988 34 5635 2148869 2304 0 63118 0 0 0
cpu1 137580 0 80300 1892731 1023 0 90219 0 0 0
cpu2 20832 9 29517 2089369 2023 0 73832 0 0 0
cpu3 3149 1069 5516 2150022 1782 0 64505 0 0 0
intr 341166354 0 0 86028 75 0 26201 1596229 0 0 0 182897 0 0 0 0 0 0 0 0 0 0 0 0 0 0 0 0 0 0 0 0 0 0 0 0 0 0 0 0 0 0 0 0 0 0 0 0 0 0 0 0 246278847 0 0 0 0 0 0 0 0 21049 0 24501 0 0 0 0 0 0 0 0 0 0 0 64608405 1 0 0 0 0 0 0 0 0 0 0 0 0 0 0 0 0 0 0 0 0 0 0 18882 4215 0 0 0 0 873375 0 0 0 0 0 0 0 0 0 0 0 0 0 0 0 0 0 0 0 0 0 0 0 0 0 0 0 0 0 0 0 0 0 0 0 0 0 0 0 0 0 0 0 0 0 0 0 0 0 0 0 0 0 0 0 0 0 0 0 0 0 0 0 0 0 0 0 0 0 0 0 0 0 0 0 27445649 0 0 0
ctxt 56795760
btime 1673393901
processes 17984
procs_running 1
procs_blocked 0
softirq 122268726 110217202 777791 177117 2099477 24505 0 7214552 1294217 17 463848

cpu  164554 1113 120971 8281182 7134 0 291676 0 0 0
cpu0 2988 34 5635 2148918 2304 0 63118 0 0 0
cpu1 137582 0 80300 1892777 1023 0 90219 0 0 0
cpu2 20833 9 29518 2089415 2023 0 73832 0 0 0
cpu3 3149 1069 5516 2150071 1782 0 64506 0 0 0
intr 341171540 0 0 86032 75 0 26201 1596267 0 0 0 182902 0 0 0 0 0 0 0 0 0 0 0 0 0 0 0 0 0 0 0 0 0 0 0 0 0 0 0 0 0 0 0 0 0 0 0 0 0 0 0 0 246282866 0 0 0 0 0 0 0 0 21049 0 24501 0 0 0 0 0 0 0 0 0 0 0 64608557 1 0 0 0 0 0 0 0 0 0 0 0 0 0 0 0 0 0 0 0 0 0 0 18882 4215 0 0 0 0 873397 0 0 0 0 0 0 0 0 0 0 0 0 0 0 0 0 0 0 0 0 0 0 0 0 0 0 0 0 0 0 0 0 0 0 0 0 0 0 0 0 0 0 0 0 0 0 0 0 0 0 0 0 0 0 0 0 0 0 0 0 0 0 0 0 0 0 0 0 0 0 0 0 0 0 0 27446596 0 0 0
ctxt 56797678
btime 1673393901
processes 17984
procs_running 1
procs_blocked 0
softirq 122268810 110217210 777806 177117 2099478 24505 0 7214571 1294248 17 463858

cpu  164555 1113 120973 8281373 7134 0 291676 0 0 0
cpu0 2988 34 5635 2148968 2304 0 63118 0 0 0
cpu1 137583 0 80300 1892822 1023 0 90219 0 0 0
cpu2 20833 9 29520 2089461 2023 0 73832 0 0 0
cpu3 3149 1069 5516 2150120 1782 0 64506 0 0 0
intr 341176678 0 0 86037 75 0 26201 1596294 0 0 0 182907 0 0 0 0 0 0 0 0 0 0 0 0 0 0 0 0 0 0 0 0 0 0 0 0 0 0 0 0 0 0 0 0 0 0 0 0 0 0 0 0 246286870 0 0 0 0 0 0 0 0 21049 0 24501 0 0 0 0 0 0 0 0 0 0 0 64608687 1 0 0 0 0 0 0 0 0 0 0 0 0 0 0 0 0 0 0 0 0 0 0 18882 4215 0 0 0 0 873419 0 0 0 0 0 0 0 0 0 0 0 0 0 0 0 0 0 0 0 0 0 0 0 0 0 0 0 0 0 0 0 0 0 0 0 0 0 0 0 0 0 0 0 0 0 0 0 0 0 0 0 0 0 0 0 0 0 0 0 0 0 0 0 0 0 0 0 0 0 0 0 0 0 0 0 27447541 0 0 0
ctxt 56799575
btime 1673393901
processes 17984
procs_running 1
procs_blocked 0
softirq 122268883 110217210 777822 177117 2099479 24505 0 7214589 1294275 17 463869

cpu  164556 1113 120976 8281563 7134 0 291676 0 0 0
cpu0 2988 34 5635 2149017 2304 0 63118 0 0 0
cpu1 137584 0 80303 1892868 1023 0 90219 0 0 0
cpu2 20833 9 29522 2089507 2023 0 73832 0 0 0
cpu3 3149 1069 5516 2150169 1782 0 64506 0 0 0
intr 341181864 0 0 86041 75 0 26201 1596328 0 0 0 182912 0 0 0 0 0 0 0 0 0 0 0 0 0 0 0 0 0 0 0 0 0 0 0 0 0 0 0 0 0 0 0 0 0 0 0 0 0 0 0 0 246290888 0 0 0 0 0 0 0 0 21049 0 24501 0 0 0 0 0 0 0 0 0 0 0 64608839 1 0 0 0 0 0 0 0 0 0 0 0 0 0 0 0 0 0 0 0 0 0 0 18882 4215 0 0 0 0 873441 0 0 0 0 0 0 0 0 0 0 0 0 0 0 0 0 0 0 0 0 0 0 0 0 0 0 0 0 0 0 0 0 0 0 0 0 0 0 0 0 0 0 0 0 0 0 0 0 0 0 0 0 0 0 0 0 0 0 0 0 0 0 0 0 0 0 0 0 0 0 0 0 0 0 0 27448493 0 0 0
ctxt 56801494
btime 1673393901
processes 17984
procs_running 2
procs_blocked 0
softirq 122268972 110217218 777837 177117 2099480 24505 0 7214609 1294310 17 463879

cpu  164557 1113 120980 8281753 7134 0 291676 0 0 0
cpu0 2988 34 5635 2149066 2304 0 63118 0 0 0
cpu1 137585 0 80305 1892914 1023 0 90219 0 0 0
cpu2 20834 9 29523 2089553 2023 0 73832 0 0 0
cpu3 3149 1069 5516 2150219 1782 0 64506 0 0 0
intr 341187005 0 0 86045 75 0 26201 1596357 0 0 0 182917 0 0 0 0 0 0 0 0 0 0 0 0 0 0 0 0 0 0 0 0 0 0 0 0 0 0 0 0 0 0 0 0 0 0 0 0 0 0 0 0 246294892 0 0 0 0 0 0 0 0 21049 0 24501 0 0 0 0 0 0 0 0 0 0 0 64608969 1 0 0 0 0 0 0 0 0 0 0 0 0 0 0 0 0 0 0 0 0 0 0 18882 4215 0 0 0 0 873463 0 0 0 0 0 0 0 0 0 0 0 0 0 0 0 0 0 0 0 0 0 0 0 0 0 0 0 0 0 0 0 0 0 0 0 0 0 0 0 0 0 0 0 0 0 0 0 0 0 0 0 0 0 0 0 0 0 0 0 0 0 0 0 0 0 0 0 0 0 0 0 0 0 0 0 27449441 0 0 0
ctxt 56803388
btime 1673393901
processes 17984
procs_running 2
procs_blocked 0
softirq 122269046 110217218 777853 177117 2099481 24505 0 7214627 1294339 17 463889

cpu  164558 1113 120985 8281943 7134 0 291676 0 0 0
cpu0 2988 34 5635 2149115 2304 0 63118 0 0 0
cpu1 137585 0 80307 1892959 1023 0 90219 0 0 0
cpu2 20834 9 29526 2089599 2023 0 73832 0 0 0
cpu3 3149 1069 5516 2150268 1782 0 64506 0 0 0
intr 341192195 0 0 86049 75 0 26201 1596396 0 0 0 182922 0 0 0 0 0 0 0 0 0 0 0 0 0 0 0 0 0 0 0 0 0 0 0 0 0 0 0 0 0 0 0 0 0 0 0 0 0 0 0 0 246298908 0 0 0 0 0 0 0 0 21049 0 24501 0 0 0 0 0 0 0 0 0 0 0 64609121 1 0 0 0 0 0 0 0 0 0 0 0 0 0 0 0 0 0 0 0 0 0 0 18882 4215 0 0 0 0 873485 0 0 0 0 0 0 0 0 0 0 0 0 0 0 0 0 0 0 0 0 0 0 0 0 0 0 0 0 0 0 0 0 0 0 0 0 0 0 0 0 0 0 0 0 0 0 0 0 0 0 0 0 0 0 0 0 0 0 0 0 0 0 0 0 0 0 0 0 0 0 0 0 0 0 0 27450391 0 0 0
ctxt 56805303
btime 1673393901
processes 17984
procs_running 1
procs_blocked 0
softirq 122269141 110217226 777870 177118 2099482 24505 0 7214647 1294375 17 463901

cpu  164558 1113 120989 8282134 7134 0 291676 0 0 0
cpu0 2988 34 5635 2149165 2304 0 63118 0 0 0
cpu1 137585 0 80309 1893005 1023 0 90219 0 0 0
cpu2 20834 9 29528 2089645 2023 0 73832 0 0 0
cpu3 3149 1069 5516 2150317 1782 0 64506 0 0 0
intr 341197343 0 0 86054 75 0 26201 1596426 0 0 0 182927 0 0 0 0 0 0 0 0 0 0 0 0 0 0 0 0 0 0 0 0 0 0 0 0 0 0 0 0 0 0 0 0 0 0 0 0 0 0 0 0 246302914 0 0 0 0 0 0 0 0 21049 0 24501 0 0 0 0 0 0 0 0 0 0 0 64609253 1 0 0 0 0 0 0 0 0 0 0 0 0 0 0 0 0 0 0 0 0 0 0 18882 4215 0 0 0 0 873507 0 0 0 0 0 0 0 0 0 0 0 0 0 0 0 0 0 0 0 0 0 0 0 0 0 0 0 0 0 0 0 0 0 0 0 0 0 0 0 0 0 0 0 0 0 0 0 0 0 0 0 0 0 0 0 0 0 0 0 0 0 0 0 0 0 0 0 0 0 0 0 0 0 0 0 27451340 0 0 0
ctxt 56807207
btime 1673393901
processes 17984
procs_running 1
procs_blocked 0
softirq 122269218 110217228 777885 177118 2099484 24505 0 7214667 1294403 17 463911

cpu  164558 1113 120991 8282324 7134 0 291676 0 0 0
cpu0 2988 34 5635 2149214 2304 0 63118 0 0 0
cpu1 137585 0 80310 1893050 1023 0 90219 0 0 0
cpu2 20834 9 29530 2089691 2023 0 73832 0 0 0
cpu3 3149 1069 5516 2150367 1782 0 64506 0 0 0
intr 341202519 0 0 86058 75 0 26201 1596460 0 0 0 182932 0 0 0 0 0 0 0 0 0 0 0 0 0 0 0 0 0 0 0 0 0 0 0 0 0 0 0 0 0 0 0 0 0 0 0 0 0 0 0 0 246306931 0 0 0 0 0 0 0 0 21049 0 24501 0 0 0 0 0 0 0 0 0 0 0 64609405 1 0 0 0 0 0 0 0 0 0 0 0 0 0 0 0 0 0 0 0 0 0 0 18882 4215 0 0 0 0 873529 0 0 0 0 0 0 0 0 0 0 0 0 0 0 0 0 0 0 0 0 0 0 0 0 0 0 0 0 0 0 0 0 0 0 0 0 0 0 0 0 0 0 0 0 0 0 0 0 0 0 0 0 0 0 0 0 0 0 0 0 0 0 0 0 0 0 0 0 0 0 0 0 0 0 0 27452280 0 0 0
ctxt 56809124
btime 1673393901
processes 17984
procs_running 1
procs_blocked 0
softirq 122269299 110217236 777900 177118 2099485 24505 0 7214686 1294430 17 463922

cpu  164560 1113 120993 8282514 7134 0 291676 0 0 0
cpu0 2988 34 5635 2149264 2304 0 63118 0 0 0
cpu1 137587 0 80311 1893096 1023 0 90219 0 0 0
cpu2 20834 9 29530 2089737 2023 0 73832 0 0 0
cpu3 3149 1069 5516 2150416 1782 0 64506 0 0 0
intr 341207660 0 0 86062 75 0 26201 1596488 0 0 0 182937 0 0 0 0 0 0 0 0 0 0 0 0 0 0 0 0 0 0 0 0 0 0 0 0 0 0 0 0 0 0 0 0 0 0 0 0 0 0 0 0 246310935 0 0 0 0 0 0 0 0 21049 0 24501 0 0 0 0 0 0 0 0 0 0 0 64609535 1 0 0 0 0 0 0 0 0 0 0 0 0 0 0 0 0 0 0 0 0 0 0 18882 4215 0 0 0 0 873551 0 0 0 0 0 0 0 0 0 0 0 0 0 0 0 0 0 0 0 0 0 0 0 0 0 0 0 0 0 0 0 0 0 0 0 0 0 0 0 0 0 0 0 0 0 0 0 0 0 0 0 0 0 0 0 0 0 0 0 0 0 0 0 0 0 0 0 0 0 0 0 0 0 0 0 27453229 0 0 0
ctxt 56811023
btime 1673393901
processes 17984
procs_running 1
procs_blocked 0
softirq 122269375 110217236 777917 177118 2099486 24505 0 7214704 1294460 17 463932

cpu  164560 1113 120998 8282704 7134 0 291676 0 0 0
cpu0 2988 34 5635 2149313 2304 0 63118 0 0 0
cpu1 137587 0 80313 1893141 1023 0 90219 0 0 0
cpu2 20834 9 29533 2089783 2023 0 73832 0 0 0
cpu3 3149 1069 5516 2150465 1782 0 64506 0 0 0
intr 341212852 0 0 86066 75 0 26201 1596524 0 0 0 182942 0 0 0 0 0 0 0 0 0 0 0 0 0 0 0 0 0 0 0 0 0 0 0 0 0 0 0 0 0 0 0 0 0 0 0 0 0 0 0 0 246314952 0 0 0 0 0 0 0 0 21049 0 24501 0 0 0 0 0 0 0 0 0 0 0 64609687 1 0 0 0 0 0 0 0 0 0 0 0 0 0 0 0 0 0 0 0 0 0 0 18882 4215 0 0 0 0 873573 0 0 0 0 0 0 0 0 0 0 0 0 0 0 0 0 0 0 0 0 0 0 0 0 0 0 0 0 0 0 0 0 0 0 0 0 0 0 0 0 0 0 0 0 0 0 0 0 0 0 0 0 0 0 0 0 0 0 0 0 0 0 0 0 0 0 0 0 0 0 0 0 0 0 0 27454186 0 0 0
ctxt 56812942
btime 1673393901
processes 17984
procs_running 1
procs_blocked 0
softirq 122269473 110217244 777934 177118 2099487 24505 0 7214723 1294500 17 463945

cpu  164562 1113 121001 8282895 7134 0 291676 0 0 0
cpu0 2988 34 5635 2149362 2304 0 63118 0 0 0
cpu1 137588 0 80316 1893187 1023 0 90219 0 0 0
cpu2 20836 9 29534 2089829 2023 0 73832 0 0 0
cpu3 3149 1069 5516 2150515 1782 0 64506 0 0 0
intr 341218008 0 0 86071 75 0 26201 1596553 0 0 0 182947 0 0 0 0 0 0 0 0 0 0 0 0 0 0 0 0 0 0 0 0 0 0 0 0 0 0 0 0 0 0 0 0 0 0 0 0 0 0 0 0 246318955 0 0 0 0 0 0 0 0 21049 0 24501 0 0 0 0 0 0 0 0 0 0 0 64609817 1 0 0 0 0 0 0 0 0 0 0 0 0 0 0 0 0 0 0 0 0 0 0 18882 4215 0 0 0 0 873595 0 0 0 0 0 0 0 0 0 0 0 0 0 0 0 0 0 0 0 0 0 0 0 0 0 0 0 0 0 0 0 0 0 0 0 0 0 0 0 0 0 0 0 0 0 0 0 0 0 0 0 0 0 0 0 0 0 0 0 0 0 0 0 0 0 0 0 0 0 0 0 0 0 0 0 27455146 0 0 0
ctxt 56814846
btime 1673393901
processes 17984
procs_running 1
procs_blocked 0
softirq 122269560 110217244 777953 177118 2099488 24505 0 7214741 1294537 17 463957

cpu  164563 1113 121006 8283084 7134 0 291676 0 0 0
cpu0 2988 34 5635 2149412 2304 0 63118 0 0 0
cpu1 137588 0 80318 1893233 1023 0 90219 0 0 0
cpu2 20836 9 29536 2089875 2023 0 73832 0 0 0
cpu3 3149 1069 5516 2150564 1782 0 64506 0 0 0
intr 341223196 0 0 86075 75 0 26201 1596588 0 0 0 182952 0 0 0 0 0 0 0 0 0 0 0 0 0 0 0 0 0 0 0 0 0 0 0 0 0 0 0 0 0 0 0 0 0 0 0 0 0 0 0 0 246322973 0 0 0 0 0 0 0 0 21049 0 24501 0 0 0 0 0 0 0 0 0 0 0 64609969 1 0 0 0 0 0 0 0 0 0 0 0 0 0 0 0 0 0 0 0 0 0 0 18882 4215 0 0 0 0 873617 0 0 0 0 0 0 0 0 0 0 0 0 0 0 0 0 0 0 0 0 0 0 0 0 0 0 0 0 0 0 0 0 0 0 0 0 0 0 0 0 0 0 0 0 0 0 0 0 0 0 0 0 0 0 0 0 0 0 0 0 0 0 0 0 0 0 0 0 0 0 0 0 0 0 0 27456099 0 0 0
ctxt 56816764
btime 1673393901
processes 17984
procs_running 1
procs_blocked 0
softirq 122269652 110217252 777969 177118 2099489 24505 0 7214760 1294573 17 463969

cpu  164565 1113 121008 8283275 7134 0 291676 0 0 0
cpu0 2988 34 5635 2149461 2304 0 63118 0 0 0
cpu1 137589 0 80319 1893278 1023 0 90219 0 0 0
cpu2 20838 9 29537 2089921 2023 0 73832 0 0 0
cpu3 3149 1069 5516 2150613 1782 0 64506 0 0 0
intr 341228344 0 0 86079 75 0 26201 1596617 0 0 0 182957 0 0 0 0 0 0 0 0 0 0 0 0 0 0 0 0 0 0 0 0 0 0 0 0 0 0 0 0 0 0 0 0 0 0 0 0 0 0 0 0 246326976 0 0 0 0 0 0 0 0 21049 0 24501 0 0 0 0 0 0 0 0 0 0 0 64610099 1 0 0 0 0 0 0 0 0 0 0 0 0 0 0 0 0 0 0 0 0 0 0 18882 4215 0 0 0 0 873639 0 0 0 0 0 0 0 0 0 0 0 0 0 0 0 0 0 0 0 0 0 0 0 0 0 0 0 0 0 0 0 0 0 0 0 0 0 0 0 0 0 0 0 0 0 0 0 0 0 0 0 0 0 0 0 0 0 0 0 0 0 0 0 0 0 0 0 0 0 0 0 0 0 0 0 27457054 0 0 0
ctxt 56818669
btime 1673393901
processes 17984
procs_running 1
procs_blocked 0
softirq 122269734 110217252 777987 177118 2099490 24505 0 7214778 1294606 17 463981

cpu  164581 1113 121013 8283413 7134 0 291709 0 0 0
cpu0 2988 34 5636 2149486 2304 0 63141 0 0 0
cpu1 137598 0 80321 1893313 1023 0 90222 0 0 0
cpu2 20844 9 29539 2089955 2023 0 73836 0 0 0
cpu3 3149 1069 5516 2150656 1782 0 64509 0 0 0
intr 341244782 0 0 86085 75 0 26201 1596740 0 0 0 182961 0 0 0 0 0 0 0 0 0 0 0 0 0 0 0 0 0 0 0 0 0 0 0 0 0 0 0 0 0 0 0 0 0 0 0 0 0 0 0 0 246336781 0 0 0 0 0 0 0 0 21049 0 24501 0 0 0 0 0 0 0 0 0 0 0 64615711 1 0 0 0 0 0 0 0 0 0 0 0 0 0 0 0 0 0 0 0 0 0 0 18882 4215 0 0 0 0 873661 0 0 0 0 0 0 0 0 0 0 0 0 0 0 0 0 0 0 0 0 0 0 0 0 0 0 0 0 0 0 0 0 0 0 0 0 0 0 0 0 0 0 0 0 0 0 0 0 0 0 0 0 0 0 0 0 0 0 0 0 0 0 0 0 0 0 0 0 0 0 0 0 0 0 0 27457925 0 0 0
ctxt 56820421
btime 1673393901
processes 17984
procs_running 4
procs_blocked 0
softirq 122281592 110228740 778018 177142 2099545 24505 0 7214950 1294682 17 463993

cpu  164618 1113 121020 8283494 7134 0 291770 0 0 0
cpu0 2988 34 5636 2149486 2304 0 63191 0 0 0
cpu1 137616 0 80325 1893334 1023 0 90227 0 0 0
cpu2 20864 9 29542 2089977 2023 0 73838 0 0 0
cpu3 3149 1069 5516 2150696 1782 0 64513 0 0 0
intr 341278390 0 0 86086 75 0 26201 1597053 0 0 0 182961 0 0 0 0 0 0 0 0 0 0 0 0 0 0 0 0 0 0 0 0 0 0 0 0 0 0 0 0 0 0 0 0 0 0 0 0 0 0 0 0 246355752 0 0 0 0 0 0 0 0 21049 0 24501 0 0 0 0 0 0 0 0 0 0 0 64629303 1 0 0 0 0 0 0 0 0 0 0 0 0 0 0 0 0 0 0 0 0 0 0 18882 4215 0 0 0 0 873683 0 0 0 0 0 0 0 0 0 0 0 0 0 0 0 0 0 0 0 0 0 0 0 0 0 0 0 0 0 0 0 0 0 0 0 0 0 0 0 0 0 0 0 0 0 0 0 0 0 0 0 0 0 0 0 0 0 0 0 0 0 0 0 0 0 0 0 0 0 0 0 0 0 0 0 27458632 0 0 0
ctxt 56822059
btime 1673393901
processes 17984
procs_running 3
procs_blocked 0
softirq 122309652 110255926 778060 177214 2099712 24505 0 7215369 1294832 17 464017

cpu  164647 1113 121027 8283577 7134 0 291832 0 0 0
cpu0 2988 34 5636 2149486 2304 0 63241 0 0 0
cpu1 137630 0 80328 1893355 1023 0 90232 0 0 0
cpu2 20878 9 29546 2089999 2023 0 73842 0 0 0
cpu3 3149 1069 5516 2150735 1782 0 64515 0 0 0
intr 341311775 0 0 86086 75 0 26201 1597367 0 0 0 182961 0 0 0 0 0 0 0 0 0 0 0 0 0 0 0 0 0 0 0 0 0 0 0 0 0 0 0 0 0 0 0 0 0 0 0 0 0 0 0 0 246374586 0 0 0 0 0 0 0 0 21049 0 24501 0 0 0 0 0 0 0 0 0 0 0 64642821 1 0 0 0 0 0 0 0 0 0 0 0 0 0 0 0 0 0 0 0 0 0 0 18882 4215 0 0 0 0 873705 0 0 0 0 0 0 0 0 0 0 0 0 0 0 0 0 0 0 0 0 0 0 0 0 0 0 0 0 0 0 0 0 0 0 0 0 0 0 0 0 0 0 0 0 0 0 0 0 0 0 0 0 0 0 0 0 0 0 0 0 0 0 0 0 0 0 0 0 0 0 0 0 0 0 0 27459327 0 0 0
ctxt 56823712
btime 1673393901
processes 17984
procs_running 2
procs_blocked 0
softirq 122337312 110282739 778102 177289 2099879 24505 0 7215783 1294959 17 464039

cpu  164684 1113 121034 8283660 7134 0 291890 0 0 0
cpu0 2988 34 5636 2149486 2304 0 63291 0 0 0
cpu1 137649 0 80332 1893376 1023 0 90235 0 0 0
cpu2 20897 9 29549 2090021 2023 0 73845 0 0 0
cpu3 3149 1069 5516 2150775 1782 0 64518 0 0 0
intr 341345281 0 0 86086 75 0 26201 1597658 0 0 0 182961 0 0 0 0 0 0 0 0 0 0 0 0 0 0 0 0 0 0 0 0 0 0 0 0 0 0 0 0 0 0 0 0 0 0 0 0 0 0 0 0 246393502 0 0 0 0 0 0 0 0 21049 0 24501 0 0 0 0 0 0 0 0 0 0 0 64656405 1 0 0 0 0 0 0 0 0 0 0 0 0 0 0 0 0 0 0 0 0 0 0 18882 4215 0 0 0 0 873724 0 0 0 0 0 0 0 0 0 0 0 0 0 0 0 0 0 0 0 0 0 0 0 0 0 0 0 0 0 0 0 0 0 0 0 0 0 0 0 0 0 0 0 0 0 0 0 0 0 0 0 0 0 0 0 0 0 0 0 0 0 0 0 0 0 0 0 0 0 0 0 0 0 0 0 27460024 0 0 0
ctxt 56825334
btime 1673393901
processes 17984
procs_running 4
procs_blocked 0
softirq 122366418 110311069 778147 177352 2100037 24505 0 7216187 1295044 17 464060

cpu  164715 1113 121044 8283742 7134 0 291955 0 0 0
cpu0 2988 34 5636 2149486 2304 0 63341 0 0 0
cpu1 137662 0 80338 1893397 1023 0 90239 0 0 0
cpu2 20914 9 29552 2090042 2023 0 73852 0 0 0
cpu3 3149 1069 5517 2150815 1782 0 64522 0 0 0
intr 341378874 0 0 86090 75 0 26201 1597965 0 0 0 182961 0 0 0 0 0 0 0 0 0 0 0 0 0 0 0 0 0 0 0 0 0 0 0 0 0 0 0 0 0 0 0 0 0 0 0 0 0 0 0 0 246412450 0 0 0 0 0 0 0 0 21049 0 24501 0 0 0 0 0 0 0 0 0 0 0 64670013 1 0 0 0 0 0 0 0 0 0 0 0 0 0 0 0 0 0 0 0 0 0 0 18882 4215 0 0 0 0 873746 0 0 0 0 0 0 0 0 0 0 0 0 0 0 0 0 0 0 0 0 0 0 0 0 0 0 0 0 0 0 0 0 0 0 0 0 0 0 0 0 0 0 0 0 0 0 0 0 0 0 0 0 0 0 0 0 0 0 0 0 0 0 0 0 0 0 0 0 0 0 0 0 0 0 0 27460732 0 0 0
ctxt 56826985
btime 1673393901
processes 17984
procs_running 3
procs_blocked 0
softirq 122397155 110341003 778193 177418 2100196 24505 0 7216600 1295140 17 464083

cpu  164749 1113 121051 8283824 7134 0 292017 0 0 0
cpu0 2988 34 5636 2149486 2304 0 63391 0 0 0
cpu1 137680 0 80342 1893418 1023 0 90245 0 0 0
cpu2 20931 9 29555 2090065 2023 0 73855 0 0 0
cpu3 3149 1069 5517 2150853 1782 0 64525 0 0 0
intr 341412300 0 0 86091 75 0 26201 1598284 0 0 0 182961 0 0 0 0 0 0 0 0 0 0 0 0 0 0 0 0 0 0 0 0 0 0 0 0 0 0 0 0 0 0 0 0 0 0 0 0 0 0 0 0 246431279 0 0 0 0 0 0 0 0 21049 0 24503 0 0 0 0 0 0 0 0 0 0 0 64683564 1 0 0 0 0 0 0 0 0 0 0 0 0 0 0 0 0 0 0 0 0 0 0 18884 4215 0 0 0 0 873768 0 0 0 0 0 0 0 0 0 0 0 0 0 0 0 0 0 0 0 0 0 0 0 0 0 0 0 0 0 0 0 0 0 0 0 0 0 0 0 0 0 0 0 0 0 0 0 0 0 0 0 0 0 0 0 0 0 0 0 0 0 0 0 0 0 0 0 0 0 0 0 0 0 0 0 27461428 0 0 0
ctxt 56828693
btime 1673393901
processes 17984
procs_running 5
procs_blocked 0
softirq 122425617 110368689 778238 177493 2100365 24507 0 7216999 1295202 17 464107

cpu  164788 1113 121057 8283906 7134 0 292078 0 0 0
cpu0 2988 34 5636 2149486 2304 0 63441 0 0 0
cpu1 137700 0 80346 1893440 1023 0 90248 0 0 0
cpu2 20949 9 29557 2090087 2023 0 73859 0 0 0
cpu3 3149 1069 5517 2150892 1782 0 64528 0 0 0
intr 341445731 0 0 86091 75 0 26201 1598606 0 0 0 182961 0 0 0 0 0 0 0 0 0 0 0 0 0 0 0 0 0 0 0 0 0 0 0 0 0 0 0 0 0 0 0 0 0 0 0 0 0 0 0 0 246450160 0 0 0 0 0 0 0 0 21049 0 24503 0 0 0 0 0 0 0 0 0 0 0 64697067 1 0 0 0 0 0 0 0 0 0 0 0 0 0 0 0 0 0 0 0 0 0 0 18884 4215 0 0 0 0 873790 0 0 0 0 0 0 0 0 0 0 0 0 0 0 0 0 0 0 0 0 0 0 0 0 0 0 0 0 0 0 0 0 0 0 0 0 0 0 0 0 0 0 0 0 0 0 0 0 0 0 0 0 0 0 0 0 0 0 0 0 0 0 0 0 0 0 0 0 0 0 0 0 0 0 0 27462133 0 0 0
ctxt 56830377
btime 1673393901
processes 17984
procs_running 4
procs_blocked 0
softirq 122454302 110396614 778278 177564 2100529 24507 0 7217412 1295249 17 464132

cpu  164810 1113 121063 8283990 7134 0 292145 0 0 0
cpu0 2988 34 5636 2149486 2304 0 63491 0 0 0
cpu1 137710 0 80348 1893462 1023 0 90256 0 0 0
cpu2 20961 9 29560 2090110 2023 0 73864 0 0 0
cpu3 3149 1069 5518 2150930 1782 0 64533 0 0 0
intr 341479211 0 0 86091 75 0 26201 1598910 0 0 0 182961 0 0 0 0 0 0 0 0 0 0 0 0 0 0 0 0 0 0 0 0 0 0 0 0 0 0 0 0 0 0 0 0 0 0 0 0 0 0 0 0 246469048 0 0 0 0 0 0 0 0 21049 0 24503 0 0 0 0 0 0 0 0 0 0 0 64710633 1 0 0 0 0 0 0 0 0 0 0 0 0 0 0 0 0 0 0 0 0 0 0 18884 4215 0 0 0 0 873812 0 0 0 0 0 0 0 0 0 0 0 0 0 0 0 0 0 0 0 0 0 0 0 0 0 0 0 0 0 0 0 0 0 0 0 0 0 0 0 0 0 0 0 0 0 0 0 0 0 0 0 0 0 0 0 0 0 0 0 0 0 0 0 0 0 0 0 0 0 0 0 0 0 0 0 27462835 0 0 0
ctxt 56832087
btime 1673393901
processes 17984
procs_running 4
procs_blocked 0
softirq 122484239 110425824 778327 177627 2100686 24507 0 7217813 1295283 17 464155

cpu  164822 1113 121068 8284075 7134 0 292221 0 0 0
cpu0 2988 34 5636 2149486 2304 0 63541 0 0 0
cpu1 137716 0 80351 1893486 1023 0 90266 0 0 0
cpu2 20968 9 29563 2090138 2023 0 73868 0 0 0
cpu3 3149 1069 5518 2150963 1782 0 64544 0 0 0
intr 341500423 0 0 86091 75 0 26201 1598983 0 0 0 182961 0 0 0 0 0 0 0 0 0 0 0 0 0 0 0 0 0 0 0 0 0 0 0 0 0 0 0 0 0 0 0 0 0 0 0 0 0 0 0 0 246481007 0 0 0 0 0 0 0 0 21049 0 24503 0 0 0 0 0 0 0 0 0 0 0 64718919 1 0 0 0 0 0 0 0 0 0 0 0 0 0 0 0 0 0 0 0 0 0 0 18884 4215 0 0 0 0 873834 0 0 0 0 0 0 0 0 0 0 0 0 0 0 0 0 0 0 0 0 0 0 0 0 0 0 0 0 0 0 0 0 0 0 0 0 0 0 0 0 0 0 0 0 0 0 0 0 0 0 0 0 0 0 0 0 0 0 0 0 0 0 0 0 0 0 0 0 0 0 0 0 0 0 0 27463701 0 0 0
ctxt 56833497
btime 1673393901
processes 17984
procs_running 2
procs_blocked 0
softirq 122505680 110447031 778367 177636 2100715 24507 0 7217899 1295328 17 464180

cpu  164836 1113 121077 8284153 7140 0 292302 0 0 0
cpu0 2988 34 5636 2149486 2304 0 63591 0 0 0
cpu1 137722 0 80354 1893510 1023 0 90280 0 0 0
cpu2 20974 9 29568 2090166 2023 0 73877 0 0 0
cpu3 3149 1069 5519 2150989 1789 0 64553 0 0 0
intr 341521170 0 0 86092 75 0 26202 1599073 0 0 0 182961 0 0 0 0 0 0 0 0 0 0 0 0 0 0 0 0 0 0 0 0 0 0 0 0 0 0 0 0 0 0 0 0 0 0 0 0 0 0 0 0 246492667 0 0 0 0 0 0 0 0 21049 0 24510 0 0 0 0 0 0 0 0 0 0 0 64726992 1 0 0 0 0 0 0 0 0 0 0 0 0 0 0 0 0 0 0 0 0 0 0 18891 4215 0 0 0 0 873856 0 0 0 0 0 0 0 0 0 0 0 0 0 0 0 0 0 0 0 0 0 0 0 0 0 0 0 0 0 0 0 0 0 0 0 0 0 0 0 0 0 0 0 0 0 0 0 0 0 0 0 0 0 0 0 0 0 0 0 0 0 0 0 0 0 0 0 0 0 0 0 0 0 0 0 27464608 0 0 0
ctxt 56834966
btime 1673393901
processes 17985
procs_running 7
procs_blocked 1
softirq 122528291 110469330 778420 177641 2100737 24513 0 7218008 1295412 17 464213

cpu  164845 1113 121081 8284219 7154 0 292391 0 0 0
cpu0 2988 34 5636 2149486 2304 0 63641 0 0 0
cpu1 137726 0 80356 1893533 1023 0 90297 0 0 0
cpu2 20980 9 29569 2090184 2032 0 73886 0 0 0
cpu3 3149 1069 5519 2151014 1794 0 64567 0 0 0
intr 341541441 0 0 86092 75 0 26202 1599168 0 0 0 182962 0 0 0 0 0 0 0 0 0 0 0 0 0 0 0 0 0 0 0 0 0 0 0 0 0 0 0 0 0 0 0 0 0 0 0 0 0 0 0 0 246504042 0 0 0 0 0 0 0 0 21049 0 24521 0 0 0 0 0 0 0 0 0 0 0 64734834 1 0 0 0 0 0 0 0 0 0 0 0 0 0 0 0 0 0 0 0 0 0 0 18902 4215 0 0 0 0 873878 0 0 0 0 0 0 0 0 0 0 0 0 0 0 0 0 0 0 0 0 0 0 0 0 0 0 0 0 0 0 0 0 0 0 0 0 0 0 0 0 0 0 0 0 0 0 0 0 0 0 0 0 0 0 0 0 0 0 0 0 0 0 0 0 0 0 0 0 0 0 0 0 0 0 0 27465507 0 0 0
ctxt 56836457
btime 1673393901
processes 17985
procs_running 4
procs_blocked 0
softirq 122553663 110494385 778467 177645 2100758 24525 0 7218114 1295507 17 464245

cpu  164858 1113 121084 8284302 7154 0 292473 0 0 0
cpu0 2988 34 5636 2149486 2304 0 63691 0 0 0
cpu1 137732 0 80357 1893557 1023 0 90310 0 0 0
cpu2 20986 9 29571 2090210 2032 0 73895 0 0 0
cpu3 3150 1069 5519 2151048 1794 0 64576 0 0 0
intr 341562734 0 0 86092 75 0 26202 1599237 0 0 0 182962 0 0 0 0 0 0 0 0 0 0 0 0 0 0 0 0 0 0 0 0 0 0 0 0 0 0 0 0 0 0 0 0 0 0 0 0 0 0 0 0 246516014 0 0 0 0 0 0 0 0 21049 0 24521 0 0 0 0 0 0 0 0 0 0 0 64743225 1 0 0 0 0 0 0 0 0 0 0 0 0 0 0 0 0 0 0 0 0 0 0 18902 4215 0 0 0 0 873906 0 0 0 0 0 0 0 0 0 0 0 0 0 0 0 0 0 0 0 0 0 0 0 0 0 0 0 0 0 0 0 0 0 0 0 0 0 0 0 0 0 0 0 0 0 0 0 0 0 0 0 0 0 0 0 0 0 0 0 0 0 0 0 0 0 0 0 0 0 0 0 0 0 0 0 27466381 0 0 0
ctxt 56837821
btime 1673393901
processes 17985
procs_running 3
procs_blocked 0
softirq 122575442 110515902 778521 177649 2100780 24525 0 7218219 1295556 17 464273

cpu  164867 1113 121090 8284386 7154 0 292556 0 0 0
cpu0 2988 34 5636 2149486 2304 0 63741 0 0 0
cpu1 137736 0 80359 1893583 1023 0 90321 0 0 0
cpu2 20992 9 29574 2090240 2032 0 73901 0 0 0
cpu3 3150 1069 5520 2151076 1794 0 64592 0 0 0
intr 341583936 0 0 86092 75 0 26202 1599300 0 0 0 182962 0 0 0 0 0 0 0 0 0 0 0 0 0 0 0 0 0 0 0 0 0 0 0 0 0 0 0 0 0 0 0 0 0 0 0 0 0 0 0 0 246527873 0 0 0 0 0 0 0 0 21049 0 24521 0 0 0 0 0 0 0 0 0 0 0 64751536 1 0 0 0 0 0 0 0 0 0 0 0 0 0 0 0 0 0 0 0 0 0 0 18902 4215 0 0 0 0 873928 0 0 0 0 0 0 0 0 0 0 0 0 0 0 0 0 0 0 0 0 0 0 0 0 0 0 0 0 0 0 0 0 0 0 0 0 0 0 0 0 0 0 0 0 0 0 0 0 0 0 0 0 0 0 0 0 0 0 0 0 0 0 0 0 0 0 0 0 0 0 0 0 0 0 0 27467280 0 0 0
ctxt 56839219
btime 1673393901
processes 17985
procs_running 3
procs_blocked 0
softirq 122599058 110539317 778565 177652 2100801 24525 0 7218294 1295592 17 464295

cpu  164879 1113 121096 8284471 7154 0 292639 0 0 0
cpu0 2988 34 5636 2149486 2304 0 63790 0 0 0
cpu1 137742 0 80361 1893609 1023 0 90332 0 0 0
cpu2 20998 9 29578 2090266 2032 0 73911 0 0 0
cpu3 3150 1069 5520 2151108 1794 0 64604 0 0 0
intr 341604126 0 0 86093 75 0 26202 1599372 0 0 0 182962 0 0 0 0 0 0 0 0 0 0 0 0 0 0 0 0 0 0 0 0 0 0 0 0 0 0 0 0 0 0 0 0 0 0 0 0 0 0 0 0 246539281 0 0 0 0 0 0 0 0 21049 0 24521 0 0 0 0 0 0 0 0 0 0 0 64759332 1 0 0 0 0 0 0 0 0 0 0 0 0 0 0 0 0 0 0 0 0 0 0 18902 4215 0 0 0 0 873945 0 0 0 0 0 0 0 0 0 0 0 0 0 0 0 0 0 0 0 0 0 0 0 0 0 0 0 0 0 0 0 0 0 0 0 0 0 0 0 0 0 0 0 0 0 0 0 0 0 0 0 0 0 0 0 0 0 0 0 0 0 0 0 0 0 0 0 0 0 0 0 0 0 0 0 27468183 0 0 0
ctxt 56840642
btime 1673393901
processes 17985
procs_running 4
procs_blocked 0
softirq 122621273 110561287 778609 177657 2100824 24525 0 7218384 1295654 17 464316

cpu  164895 1113 121104 8284554 7154 0 292718 0 0 0
cpu0 2988 34 5637 2149486 2304 0 63840 0 0 0
cpu1 137751 0 80364 1893630 1023 0 90346 0 0 0
cpu2 21004 9 29582 2090293 2032 0 73918 0 0 0
cpu3 3150 1069 5520 2151143 1794 0 64612 0 0 0
intr 341628510 0 0 86093 75 0 26202 1599498 0 0 0 182962 0 0 0 0 0 0 0 0 0 0 0 0 0 0 0 0 0 0 0 0 0 0 0 0 0 0 0 0 0 0 0 0 0 0 0 0 0 0 0 0 246553020 0 0 0 0 0 0 0 0 21049 0 24521 0 0 0 0 0 0 0 0 0 0 0 64768992 1 0 0 0 0 0 0 0 0 0 0 0 0 0 0 0 0 0 0 0 0 0 0 18902 4215 0 0 0 0 873979 0 0 0 0 0 0 0 0 0 0 0 0 0 0 0 0 0 0 0 0 0 0 0 0 0 0 0 0 0 0 0 0 0 0 0 0 0 0 0 0 0 0 0 0 0 0 0 0 0 0 0 0 0 0 0 0 0 0 0 0 0 0 0 0 0 0 0 0 0 0 0 0 0 0 0 27469005 0 0 0
ctxt 56842047
btime 1673393901
processes 17985
procs_running 3
procs_blocked 0
softirq 122647879 110587534 778657 177680 2100886 24525 0 7218563 1295679 17 464338

cpu  164925 1113 121112 8284637 7154 0 292782 0 0 0
cpu0 2988 34 5637 2149486 2304 0 63890 0 0 0
cpu1 137767 0 80369 1893651 1023 0 90352 0 0 0
cpu2 21018 9 29585 2090316 2032 0 73923 0 0 0
cpu3 3150 1069 5520 2151182 1794 0 64617 0 0 0
intr 341661940 0 0 86093 75 0 26202 1599790 0 0 0 182962 0 0 0 0 0 0 0 0 0 0 0 0 0 0 0 0 0 0 0 0 0 0 0 0 0 0 0 0 0 0 0 0 0 0 0 0 0 0 0 0 246571872 0 0 0 0 0 0 0 0 21049 0 24521 0 0 0 0 0 0 0 0 0 0 0 64782547 1 0 0 0 0 0 0 0 0 0 0 0 0 0 0 0 0 0 0 0 0 0 0 18902 4215 0 0 0 0 874001 0 0 0 0 0 0 0 0 0 0 0 0 0 0 0 0 0 0 0 0 0 0 0 0 0 0 0 0 0 0 0 0 0 0 0 0 0 0 0 0 0 0 0 0 0 0 0 0 0 0 0 0 0 0 0 0 0 0 0 0 0 0 0 0 0 0 0 0 0 0 0 0 0 0 0 27469717 0 0 0
ctxt 56843709
btime 1673393901
processes 17985
procs_running 3
procs_blocked 0
softirq 122678449 110617386 778703 177747 2101045 24525 0 7218969 1295695 17 464362

cpu  164941 1113 121117 8284724 7154 0 292856 0 0 0
cpu0 2988 34 5637 2149486 2304 0 63940 0 0 0
cpu1 137775 0 80371 1893674 1023 0 90362 0 0 0
cpu2 21026 9 29587 2090345 2032 0 73927 0 0 0
cpu3 3150 1069 5520 2151217 1794 0 64626 0 0 0
intr 341684099 0 0 86093 75 0 26202 1599901 0 0 0 182962 0 0 0 0 0 0 0 0 0 0 0 0 0 0 0 0 0 0 0 0 0 0 0 0 0 0 0 0 0 0 0 0 0 0 0 0 0 0 0 0 246584412 0 0 0 0 0 0 0 0 21049 0 24521 0 0 0 0 0 0 0 0 0 0 0 64791196 1 0 0 0 0 0 0 0 0 0 0 0 0 0 0 0 0 0 0 0 0 0 0 18902 4215 0 0 0 0 874023 0 0 0 0 0 0 0 0 0 0 0 0 0 0 0 0 0 0 0 0 0 0 0 0 0 0 0 0 0 0 0 0 0 0 0 0 0 0 0 0 0 0 0 0 0 0 0 0 0 0 0 0 0 0 0 0 0 0 0 0 0 0 0 0 0 0 0 0 0 0 0 0 0 0 0 27470555 0 0 0
ctxt 56845157
btime 1673393901
processes 17985
procs_running 2
procs_blocked 0
softirq 122699622 110638244 778738 177764 2101091 24525 0 7219120 1295736 17 464387

cpu  164952 1113 121121 8284816 7154 0 292930 0 0 0
cpu0 2988 34 5637 2149486 2304 0 63990 0 0 0
cpu1 137780 0 80372 1893703 1023 0 90372 0 0 0
cpu2 21033 9 29590 2090370 2032 0 73938 0 0 0
cpu3 3150 1069 5521 2151256 1794 0 64630 0 0 0
intr 341704051 0 0 86094 75 0 26202 1599981 0 0 0 182962 0 0 0 0 0 0 0 0 0 0 0 0 0 0 0 0 0 0 0 0 0 0 0 0 0 0 0 0 0 0 0 0 0 0 0 0 0 0 0 0 246595709 0 0 0 0 0 0 0 0 21049 0 24521 0 0 0 0 0 0 0 0 0 0 0 64798879 1 0 0 0 0 0 0 0 0 0 0 0 0 0 0 0 0 0 0 0 0 0 0 18902 4215 0 0 0 0 874040 0 0 0 0 0 0 0 0 0 0 0 0 0 0 0 0 0 0 0 0 0 0 0 0 0 0 0 0 0 0 0 0 0 0 0 0 0 0 0 0 0 0 0 0 0 0 0 0 0 0 0 0 0 0 0 0 0 0 0 0 0 0 0 0 0 0 0 0 0 0 0 0 0 0 0 27471421 0 0 0
ctxt 56846548
btime 1673393901
processes 17985
procs_running 3
procs_blocked 0
softirq 122717512 110655904 778780 177773 2101116 24525 0 7219201 1295787 17 464409

cpu  164962 1113 121125 8284902 7154 0 293018 0 0 0
cpu0 2988 34 5637 2149486 2304 0 64040 0 0 0
cpu1 137784 0 80374 1893730 1023 0 90384 0 0 0
cpu2 21039 9 29591 2090399 2032 0 73947 0 0 0
cpu3 3150 1069 5521 2151286 1794 0 64646 0 0 0
intr 341725096 0 0 86094 75 0 26202 1600099 0 0 0 182962 0 0 0 0 0 0 0 0 0 0 0 0 0 0 0 0 0 0 0 0 0 0 0 0 0 0 0 0 0 0 0 0 0 0 0 0 0 0 0 0 246607470 0 0 0 0 0 0 0 0 21049 0 24521 0 0 0 0 0 0 0 0 0 0 0 64807066 1 0 0 0 0 0 0 0 0 0 0 0 0 0 0 0 0 0 0 0 0 0 0 18902 4215 0 0 0 0 874096 0 0 0 0 0 0 0 0 0 0 0 0 0 0 0 0 0 0 0 0 0 0 0 0 0 0 0 0 0 0 0 0 0 0 0 0 0 0 0 0 0 0 0 0 0 0 0 0 0 0 0 0 0 0 0 0 0 0 0 0 0 0 0 0 0 0 0 0 0 0 0 0 0 0 0 27472350 0 0 0
ctxt 56848055
btime 1673393901
processes 17985
procs_running 4
procs_blocked 0
softirq 122742009 110680102 778833 177779 2101141 24525 0 7219314 1295871 17 464427

cpu  164974 1113 121128 8284987 7154 0 293102 0 0 0
cpu0 2988 34 5637 2149486 2304 0 64090 0 0 0
cpu1 137789 0 80376 1893759 1023 0 90393 0 0 0
cpu2 21045 9 29592 2090423 2032 0 73962 0 0 0
cpu3 3150 1069 5521 2151317 1794 0 64657 0 0 0
intr 341746459 0 0 86094 75 0 26202 1600195 0 0 0 182962 0 0 0 0 0 0 0 0 0 0 0 0 0 0 0 0 0 0 0 0 0 0 0 0 0 0 0 0 0 0 0 0 0 0 0 0 0 0 0 0 246619419 0 0 0 0 0 0 0 0 21049 0 24521 0 0 0 0 0 0 0 0 0 0 0 64815510 1 0 0 0 0 0 0 0 0 0 0 0 0 0 0 0 0 0 0 0 0 0 0 18902 4215 0 0 0 0 874131 0 0 0 0 0 0 0 0 0 0 0 0 0 0 0 0 0 0 0 0 0 0 0 0 0 0 0 0 0 0 0 0 0 0 0 0 0 0 0 0 0 0 0 0 0 0 0 0 0 0 0 0 0 0 0 0 0 0 0 0 0 0 0 0 0 0 0 0 0 0 0 0 0 0 0 27473190 0 0 0
ctxt 56849400
btime 1673393901
processes 17985
procs_running 6
procs_blocked 0
softirq 122763099 110700921 778881 177782 2101165 24525 0 7219411 1295950 17 464447

cpu  164982 1113 121136 8285071 7154 0 293190 0 0 0
cpu0 2988 34 5637 2149486 2304 0 64140 0 0 0
cpu1 137792 0 80380 1893786 1023 0 90403 0 0 0
cpu2 21050 9 29596 2090447 2032 0 73978 0 0 0
cpu3 3150 1069 5521 2151351 1794 0 64668 0 0 0
intr 341767302 0 0 86094 75 0 26202 1600289 0 0 0 182963 0 0 0 0 0 0 0 0 0 0 0 0 0 0 0 0 0 0 0 0 0 0 0 0 0 0 0 0 0 0 0 0 0 0 0 0 0 0 0 0 246631094 0 0 0 0 0 0 0 0 21049 0 24521 0 0 0 0 0 0 0 0 0 0 0 64823609 1 0 0 0 0 0 0 0 0 0 0 0 0 0 0 0 0 0 0 0 0 0 0 18902 4215 0 0 0 0 874185 0 0 0 0 0 0 0 0 0 0 0 0 0 0 0 0 0 0 0 0 0 0 0 0 0 0 0 0 0 0 0 0 0 0 0 0 0 0 0 0 0 0 0 0 0 0 0 0 0 0 0 0 0 0 0 0 0 0 0 0 0 0 0 0 0 0 0 0 0 0 0 0 0 0 0 27474108 0 0 0
ctxt 56850850
btime 1673393901
processes 17985
procs_running 7
procs_blocked 0
softirq 122788752 110726324 778934 177785 2101187 24525 0 7219497 1296015 17 464468

cpu  164990 1113 121143 8285156 7154 0 293270 0 0 0
cpu0 2988 34 5637 2149486 2304 0 64190 0 0 0
cpu1 137796 0 80383 1893812 1023 0 90412 0 0 0
cpu2 21054 9 29600 2090474 2032 0 73986 0 0 0
cpu3 3150 1069 5521 2151382 1794 0 64680 0 0 0
intr 341788411 0 0 86095 75 0 26202 1600375 0 0 0 182963 0 0 0 0 0 0 0 0 0 0 0 0 0 0 0 0 0 0 0 0 0 0 0 0 0 0 0 0 0 0 0 0 0 0 0 0 0 0 0 0 246642921 0 0 0 0 0 0 0 0 21049 0 24521 0 0 0 0 0 0 0 0 0 0 0 64831911 1 0 0 0 0 0 0 0 0 0 0 0 0 0 0 0 0 0 0 0 0 0 0 18902 4215 0 0 0 0 874202 0 0 0 0 0 0 0 0 0 0 0 0 0 0 0 0 0 0 0 0 0 0 0 0 0 0 0 0 0 0 0 0 0 0 0 0 0 0 0 0 0 0 0 0 0 0 0 0 0 0 0 0 0 0 0 0 0 0 0 0 0 0 0 0 0 0 0 0 0 0 0 0 0 0 0 27474985 0 0 0
ctxt 56852271
btime 1673393901
processes 17985
procs_running 3
procs_blocked 0
softirq 122807547 110744884 778974 177790 2101210 24525 0 7219565 1296093 17 464489

cpu  165002 1113 121153 8285294 7159 0 293297 0 0 0
cpu0 2989 34 5638 2149516 2304 0 64208 0 0 0
cpu1 137800 0 80387 1893849 1023 0 90416 0 0 0
cpu2 21060 9 29603 2090505 2037 0 73989 0 0 0
cpu3 3151 1069 5524 2151423 1794 0 64683 0 0 0
intr 341799564 0 0 86095 75 0 26215 1600487 0 0 0 182963 0 0 0 0 0 0 0 0 0 0 0 0 0 0 0 0 0 0 0 0 0 0 0 0 0 0 0 0 0 0 0 0 0 0 0 0 0 0 0 0 246649812 0 0 0 0 0 0 0 0 21049 0 24523 0 0 0 0 0 0 0 0 0 0 0 64835006 1 0 0 0 0 0 0 0 0 0 0 0 0 0 0 0 0 0 0 0 0 0 0 18904 4215 0 0 0 0 874278 0 0 0 0 0 0 0 0 0 0 0 0 0 0 0 0 0 0 0 0 0 0 0 0 0 0 0 0 0 0 0 0 0 0 0 0 0 0 0 0 0 0 0 0 0 0 0 0 0 0 0 0 0 0 0 0 0 0 0 0 0 0 0 0 0 0 0 0 0 0 0 0 0 0 0 27475942 0 0 0
ctxt 56854098
btime 1673393901
processes 17996
procs_running 1
procs_blocked 0
softirq 122814581 110751478 779020 177797 2101240 24527 0 7219753 1296179 17 464570

cpu  165003 1113 121155 8285488 7159 0 293297 0 0 0
cpu0 2989 34 5638 2149565 2304 0 64208 0 0 0
cpu1 137800 0 80388 1893896 1023 0 90416 0 0 0
cpu2 21061 9 29604 2090553 2037 0 73989 0 0 0
cpu3 3151 1069 5524 2151472 1794 0 64683 0 0 0
intr 341804807 0 0 86095 75 0 26215 1600539 0 0 0 182963 0 0 0 0 0 0 0 0 0 0 0 0 0 0 0 0 0 0 0 0 0 0 0 0 0 0 0 0 0 0 0 0 0 0 0 0 0 0 0 0 246653836 0 0 0 0 0 0 0 0 21049 0 24523 0 0 0 0 0 0 0 0 0 0 0 64835159 1 0 0 0 0 0 0 0 0 0 0 0 0 0 0 0 0 0 0 0 0 0 0 18904 4215 0 0 0 0 874321 0 0 0 0 0 0 0 0 0 0 0 0 0 0 0 0 0 0 0 0 0 0 0 0 0 0 0 0 0 0 0 0 0 0 0 0 0 0 0 0 0 0 0 0 0 0 0 0 0 0 0 0 0 0 0 0 0 0 0 0 0 0 0 0 0 0 0 0 0 0 0 0 0 0 0 27476914 0 0 0
ctxt 56856117
btime 1673393901
processes 17996
procs_running 1
procs_blocked 0
softirq 122814693 110751486 779041 177797 2101243 24527 0 7219788 1296209 17 464585

cpu  165004 1113 121156 8285682 7159 0 293297 0 0 0
cpu0 2989 34 5638 2149615 2304 0 64208 0 0 0
cpu1 137801 0 80388 1893944 1023 0 90416 0 0 0
cpu2 21061 9 29604 2090600 2037 0 73989 0 0 0
cpu3 3152 1069 5524 2151521 1794 0 64684 0 0 0
intr 341810189 0 0 86095 75 0 26215 1600664 0 0 0 182963 0 0 0 0 0 0 0 0 0 0 0 0 0 0 0 0 0 0 0 0 0 0 0 0 0 0 0 0 0 0 0 0 0 0 0 0 0 0 0 0 246657837 0 0 0 0 0 0 0 0 21049 0 24523 0 0 0 0 0 0 0 0 0 0 0 64835288 1 0 0 0 0 0 0 0 0 0 0 0 0 0 0 0 0 0 0 0 0 0 0 18904 4215 0 0 0 0 874474 0 0 0 0 0 0 0 0 0 0 0 0 0 0 0 0 0 0 0 0 0 0 0 0 0 0 0 0 0 0 0 0 0 0 0 0 0 0 0 0 0 0 0 0 0 0 0 0 0 0 0 0 0 0 0 0 0 0 0 0 0 0 0 0 0 0 0 0 0 0 0 0 0 0 0 27477886 0 0 0
ctxt 56858336
btime 1673393901
processes 17996
procs_running 1
procs_blocked 0
softirq 122814878 110751486 779061 177797 2101259 24527 0 7219897 1296237 17 464597

cpu  165004 1113 121157 8285877 7159 0 293297 0 0 0
cpu0 2989 34 5638 2149664 2304 0 64208 0 0 0
cpu1 137801 0 80389 1893992 1023 0 90416 0 0 0
cpu2 21062 9 29604 2090648 2037 0 73989 0 0 0
cpu3 3152 1069 5525 2151570 1794 0 64684 0 0 0
intr 341815394 0 0 86100 75 0 26215 1600697 0 0 0 182963 0 0 0 0 0 0 0 0 0 0 0 0 0 0 0 0 0 0 0 0 0 0 0 0 0 0 0 0 0 0 0 0 0 0 0 0 0 0 0 0 246661858 0 0 0 0 0 0 0 0 21049 0 24523 0 0 0 0 0 0 0 0 0 0 0 64835440 1 0 0 0 0 0 0 0 0 0 0 0 0 0 0 0 0 0 0 0 0 0 0 18904 4215 0 0 0 0 874496 0 0 0 0 0 0 0 0 0 0 0 0 0 0 0 0 0 0 0 0 0 0 0 0 0 0 0 0 0 0 0 0 0 0 0 0 0 0 0 0 0 0 0 0 0 0 0 0 0 0 0 0 0 0 0 0 0 0 0 0 0 0 0 0 0 0 0 0 0 0 0 0 0 0 0 27478858 0 0 0
ctxt 56860305
btime 1673393901
processes 17996
procs_running 1
procs_blocked 0
softirq 122814958 110751494 779077 177797 2101260 24527 0 7219915 1296261 17 464610

cpu  165004 1113 121162 8286071 7159 0 293297 0 0 0
cpu0 2989 34 5638 2149714 2304 0 64208 0 0 0
cpu1 137801 0 80391 1894040 1023 0 90416 0 0 0
cpu2 21062 9 29607 2090696 2037 0 73989 0 0 0
cpu3 3152 1069 5525 2151620 1794 0 64684 0 0 0
intr 341820556 0 0 86100 75 0 26215 1600731 0 0 0 182963 0 0 0 0 0 0 0 0 0 0 0 0 0 0 0 0 0 0 0 0 0 0 0 0 0 0 0 0 0 0 0 0 0 0 0 0 0 0 0 0 246665859 0 0 0 0 0 0 0 0 21049 0 24523 0 0 0 0 0 0 0 0 0 0 0 64835570 1 0 0 0 0 0 0 0 0 0 0 0 0 0 0 0 0 0 0 0 0 0 0 18904 4215 0 0 0 0 874525 0 0 0 0 0 0 0 0 0 0 0 0 0 0 0 0 0 0 0 0 0 0 0 0 0 0 0 0 0 0 0 0 0 0 0 0 0 0 0 0 0 0 0 0 0 0 0 0 0 0 0 0 0 0 0 0 0 0 0 0 0 0 0 0 0 0 0 0 0 0 0 0 0 0 0 27479826 0 0 0
ctxt 56862264
btime 1673393901
processes 17996
procs_running 1
procs_blocked 0
softirq 122815049 110751494 779096 177798 2101262 24527 0 7219940 1296292 17 464623

cpu  165005 1113 121162 8286266 7159 0 293297 0 0 0
cpu0 2989 34 5638 2149764 2304 0 64208 0 0 0
cpu1 137801 0 80391 1894088 1023 0 90416 0 0 0
cpu2 21062 9 29607 2090744 2037 0 73989 0 0 0
cpu3 3152 1069 5525 2151670 1794 0 64684 0 0 0
intr 341825748 0 0 86100 75 0 26215 1600763 0 0 0 182963 0 0 0 0 0 0 0 0 0 0 0 0 0 0 0 0 0 0 0 0 0 0 0 0 0 0 0 0 0 0 0 0 0 0 0 0 0 0 0 0 246669884 0 0 0 0 0 0 0 0 21049 0 24523 0 0 0 0 0 0 0 0 0 0 0 64835723 1 0 0 0 0 0 0 0 0 0 0 0 0 0 0 0 0 0 0 0 0 0 0 18904 4215 0 0 0 0 874547 0 0 0 0 0 0 0 0 0 0 0 0 0 0 0 0 0 0 0 0 0 0 0 0 0 0 0 0 0 0 0 0 0 0 0 0 0 0 0 0 0 0 0 0 0 0 0 0 0 0 0 0 0 0 0 0 0 0 0 0 0 0 0 0 0 0 0 0 0 0 0 0 0 0 0 27480786 0 0 0
ctxt 56864220
btime 1673393901
processes 17996
procs_running 1
procs_blocked 0
softirq 122815122 110751502 779111 177798 2101263 24527 0 7219958 1296311 17 464635
