cpu  479599 2182 626380 22970422 14393 0 969011 0 0 0
cpu0 23780 34 31406 6028564 4725 0 217030 0 0 0
cpu1 248649 0 249522 5466637 2578 0 270704 0 0 0
cpu2 131555 9 198050 5670779 3467 0 242174 0 0 0
cpu3 75614 2138 147401 5804441 3621 0 239102 0 0 0
intr 1046508258 0 0 233632 75 0 87685 11917807 0 0 0 522747 0 0 0 0 0 0 0 0 0 0 0 0 0 0 0 0 0 0 0 0 0 0 0 0 0 0 0 0 0 0 0 0 0 0 0 0 0 0 0 0 699449158 0 0 0 0 0 0 0 0 55460 0 60915 0 0 0 0 0 0 0 0 0 0 0 186473459 1 0 0 0 0 0 0 0 0 0 0 0 0 0 0 0 0 0 0 0 0 0 0 55206 4215 0 0 0 0 2613030 0 0 0 0 0 0 0 0 0 0 0 0 0 0 0 0 0 0 0 0 0 0 0 0 0 0 0 0 0 0 0 0 0 0 0 0 0 0 0 0 0 0 0 0 0 0 0 0 0 0 0 0 0 0 0 0 0 0 0 0 0 0 0 0 0 0 0 0 0 0 0 0 0 0 0 145034870 0 0 0
ctxt 306940353
btime 1673393901
processes 46819
procs_running 1
procs_blocked 0
softirq 365018647 329739564 2435392 381498 5834428 60910 0 19851099 5293518 667 1421571

cpu  479601 2182 626392 22970604 14393 0 969011 0 0 0
cpu0 23780 34 31408 6028610 4725 0 217030 0 0 0
cpu1 248650 0 249528 5466680 2578 0 270704 0 0 0
cpu2 131556 9 198052 5670825 3467 0 242174 0 0 0
cpu3 75615 2138 147403 5804487 3621 0 239102 0 0 0
intr 1046514846 0 0 233632 75 0 87685 11917839 0 0 0 522752 0 0 0 0 0 0 0 0 0 0 0 0 0 0 0 0 0 0 0 0 0 0 0 0 0 0 0 0 0 0 0 0 0 0 0 0 0 0 0 0 699453189 0 0 0 0 0 0 0 0 55460 0 60915 0 0 0 0 0 0 0 0 0 0 0 186473611 1 0 0 0 0 0 0 0 0 0 0 0 0 0 0 0 0 0 0 0 0 0 0 55206 4215 0 0 0 0 2613052 0 0 0 0 0 0 0 0 0 0 0 0 0 0 0 0 0 0 0 0 0 0 0 0 0 0 0 0 0 0 0 0 0 0 0 0 0 0 0 0 0 0 0 0 0 0 0 0 0 0 0 0 0 0 0 0 0 0 0 0 0 0 0 0 0 0 0 0 0 0 0 0 0 0 0 145037216 0 0 0
ctxt 306945005
btime 1673393901
processes 46819
procs_running 2
procs_blocked 0
softirq 365018769 329739572 2435411 381498 5834429 60910 0 19851118 5293578 667 1421586

cpu  479602 2182 626400 22970786 14393 0 969011 0 0 0
cpu0 23780 34 31409 6028657 4725 0 217030 0 0 0
cpu1 248650 0 249533 5466723 2578 0 270704 0 0 0
cpu2 131556 9 198053 5670871 3467 0 242174 0 0 0
cpu3 75615 2138 147404 5804533 3621 0 239102 0 0 0
intr 1046521349 0 0 233632 75 0 87685 11917863 0 0 0 522757 0 0 0 0 0 0 0 0 0 0 0 0 0 0 0 0 0 0 0 0 0 0 0 0 0 0 0 0 0 0 0 0 0 0 0 0 0 0 0 0 699457184 0 0 0 0 0 0 0 0 55460 0 60915 0 0 0 0 0 0 0 0 0 0 0 186473741 1 0 0 0 0 0 0 0 0 0 0 0 0 0 0 0 0 0 0 0 0 0 0 55206 4215 0 0 0 0 2613074 0 0 0 0 0 0 0 0 0 0 0 0 0 0 0 0 0 0 0 0 0 0 0 0 0 0 0 0 0 0 0 0 0 0 0 0 0 0 0 0 0 0 0 0 0 0 0 0 0 0 0 0 0 0 0 0 0 0 0 0 0 0 0 0 0 0 0 0 0 0 0 0 0 0 0 145039542 0 0 0
ctxt 306949625
btime 1673393901
processes 46819
procs_running 1
procs_blocked 0
softirq 365018867 329739572 2435428 381498 5834430 60910 0 19851136 5293627 667 1421599

cpu  479604 2182 626413 22970968 14393 0 969011 0 0 0
cpu0 23780 34 31409 6028706 4725 0 217030 0 0 0
cpu1 248652 0 249540 5466765 2578 0 270704 0 0 0
cpu2 131556 9 198056 5670917 3467 0 242174 0 0 0
cpu3 75615 2138 147407 5804578 3621 0 239102 0 0 0
intr 1046527908 0 0 233632 75 0 87686 11917895 0 0 0 522762 0 0 0 0 0 0 0 0 0 0 0 0 0 0 0 0 0 0 0 0 0 0 0 0 0 0 0 0 0 0 0 0 0 0 0 0 0 0 0 0 699461209 0 0 0 0 0 0 0 0 55460 0 60915 0 0 0 0 0 0 0 0 0 0 0 186473893 1 0 0 0 0 0 0 0 0 0 0 0 0 0 0 0 0 0 0 0 0 0 0 55206 4215 0 0 0 0 2613096 0 0 0 0 0 0 0 0 0 0 0 0 0 0 0 0 0 0 0 0 0 0 0 0 0 0 0 0 0 0 0 0 0 0 0 0 0 0 0 0 0 0 0 0 0 0 0 0 0 0 0 0 0 0 0 0 0 0 0 0 0 0 0 0 0 0 0 0 0 0 0 0 0 0 0 145041864 0 0 0
ctxt 306954242
btime 1673393901
processes 46819
procs_running 1
procs_blocked 0
softirq 365018994 329739580 2435448 381498 5834431 60910 0 19851155 5293693 667 1421612

cpu  479606 2182 626425 22971150 14393 0 969011 0 0 0
cpu0 23780 34 31409 6028755 4725 0 217030 0 0 0
cpu1 248653 0 249549 5466805 2578 0 270704 0 0 0
cpu2 131557 9 198058 5670963 3467 0 242174 0 0 0
cpu3 75615 2138 147408 5804625 3621 0 239102 0 0 0
intr 1046534435 0 0 233633 75 0 87686 11917917 0 0 0 522767 0 0 0 0 0 0 0 0 0 0 0 0 0 0 0 0 0 0 0 0 0 0 0 0 0 0 0 0 0 0 0 0 0 0 0 0 0 0 0 0 699465212 0 0 0 0 0 0 0 0 55460 0 60915 0 0 0 0 0 0 0 0 0 0 0 186474023 1 0 0 0 0 0 0 0 0 0 0 0 0 0 0 0 0 0 0 0 0 0 0 55206 4215 0 0 0 0 2613118 0 0 0 0 0 0 0 0 0 0 0 0 0 0 0 0 0 0 0 0 0 0 0 0 0 0 0 0 0 0 0 0 0 0 0 0 0 0 0 0 0 0 0 0 0 0 0 0 0 0 0 0 0 0 0 0 0 0 0 0 0 0 0 0 0 0 0 0 0 0 0 0 0 0 0 145044208 0 0 0
ctxt 306958865
btime 1673393901
processes 46819
procs_running 2
procs_blocked 0
softirq 365019106 329739580 2435466 381499 5834432 60910 0 19851173 5293751 667 1421628

cpu  479608 2182 626436 22971331 14393 0 969011 0 0 0
cpu0 23780 34 31409 6028805 4725 0 217030 0 0 0
cpu1 248654 0 249555 5466845 2578 0 270704 0 0 0
cpu2 131557 9 198062 5671009 3467 0 242174 0 0 0
cpu3 75616 2138 147409 5804671 3621 0 239102 0 0 0
intr 1046540997 0 0 233633 75 0 87686 11917948 0 0 0 522772 0 0 0 0 0 0 0 0 0 0 0 0 0 0 0 0 0 0 0 0 0 0 0 0 0 0 0 0 0 0 0 0 0 0 0 0 0 0 0 0 699469234 0 0 0 0 0 0 0 0 55460 0 60915 0 0 0 0 0 0 0 0 0 0 0 186474175 1 0 0 0 0 0 0 0 0 0 0 0 0 0 0 0 0 0 0 0 0 0 0 55206 4215 0 0 0 0 2613140 0 0 0 0 0 0 0 0 0 0 0 0 0 0 0 0 0 0 0 0 0 0 0 0 0 0 0 0 0 0 0 0 0 0 0 0 0 0 0 0 0 0 0 0 0 0 0 0 0 0 0 0 0 0 0 0 0 0 0 0 0 0 0 0 0 0 0 0 0 0 0 0 0 0 0 145046539 0 0 0
ctxt 306963505
btime 1673393901
processes 46819
procs_running 1
procs_blocked 0
softirq 365019227 329739588 2435485 381499 5834433 60910 0 19851194 5293809 667 1421642

cpu  479609 2182 626448 22971513 14393 0 969011 0 0 0
cpu0 23780 34 31409 6028854 4725 0 217030 0 0 0
cpu1 248655 0 249560 5466888 2578 0 270704 0 0 0
cpu2 131557 9 198064 5671055 3467 0 242174 0 0 0
cpu3 75616 2138 147413 5804714 3621 0 239102 0 0 0
intr 1046547506 0 0 233633 75 0 87686 11917975 0 0 0 522777 0 0 0 0 0 0 0 0 0 0 0 0 0 0 0 0 0 0 0 0 0 0 0 0 0 0 0 0 0 0 0 0 0 0 0 0 0 0 0 0 699473236 0 0 0 0 0 0 0 0 55460 0 60915 0 0 0 0 0 0 0 0 0 0 0 186474305 1 0 0 0 0 0 0 0 0 0 0 0 0 0 0 0 0 0 0 0 0 0 0 55206 4215 0 0 0 0 2613162 0 0 0 0 0 0 0 0 0 0 0 0 0 0 0 0 0 0 0 0 0 0 0 0 0 0 0 0 0 0 0 0 0 0 0 0 0 0 0 0 0 0 0 0 0 0 0 0 0 0 0 0 0 0 0 0 0 0 0 0 0 0 0 0 0 0 0 0 0 0 0 0 0 0 0 145048860 0 0 0
ctxt 306968106
btime 1673393901
processes 46819
procs_running 1
procs_blocked 0
softirq 365019341 329739588 2435504 381499 5834434 60910 0 19851212 5293872 667 1421655

cpu  479610 2182 626458 22971694 14393 0 969011 0 0 0
cpu0 23780 34 31409 6028903 4725 0 217030 0 0 0
cpu1 248655 0 249564 5466931 2578 0 270704 0 0 0
cpu2 131558 9 198068 5671098 3467 0 242174 0 0 0
cpu3 75616 2138 147415 5804761 3621 0 239102 0 0 0
intr 1046554048 0 0 233633 75 0 87686 11918005 0 0 0 522782 0 0 0 0 0 0 0 0 0 0 0 0 0 0 0 0 0 0 0 0 0 0 0 0 0 0 0 0 0 0 0 0 0 0 0 0 0 0 0 0 699477256 0 0 0 0 0 0 0 0 55460 0 60915 0 0 0 0 0 0 0 0 0 0 0 186474457 1 0 0 0 0 0 0 0 0 0 0 0 0 0 0 0 0 0 0 0 0 0 0 55206 4215 0 0 0 0 2613184 0 0 0 0 0 0 0 0 0 0 0 0 0 0 0 0 0 0 0 0 0 0 0 0 0 0 0 0 0 0 0 0 0 0 0 0 0 0 0 0 0 0 0 0 0 0 0 0 0 0 0 0 0 0 0 0 0 0 0 0 0 0 0 0 0 0 0 0 0 0 0 0 0 0 0 145051176 0 0 0
ctxt 306972727
btime 1673393901
processes 46819
procs_running 2
procs_blocked 0
softirq 365019453 329739596 2435524 381499 5834435 60910 0 19851231 5293924 667 1421667

cpu  479613 2182 626466 22971876 14393 0 969011 0 0 0
cpu0 23780 34 31409 6028953 4725 0 217030 0 0 0
cpu1 248656 0 249568 5466974 2578 0 270704 0 0 0
cpu2 131559 9 198070 5671144 3467 0 242174 0 0 0
cpu3 75617 2138 147419 5804804 3621 0 239102 0 0 0
intr 1046560571 0 0 233634 75 0 87686 11918028 0 0 0 522787 0 0 0 0 0 0 0 0 0 0 0 0 0 0 0 0 0 0 0 0 0 0 0 0 0 0 0 0 0 0 0 0 0 0 0 0 0 0 0 0 699481259 0 0 0 0 0 0 0 0 55460 0 60915 0 0 0 0 0 0 0 0 0 0 0 186474587 1 0 0 0 0 0 0 0 0 0 0 0 0 0 0 0 0 0 0 0 0 0 0 55206 4215 0 0 0 0 2613206 0 0 0 0 0 0 0 0 0 0 0 0 0 0 0 0 0 0 0 0 0 0 0 0 0 0 0 0 0 0 0 0 0 0 0 0 0 0 0 0 0 0 0 0 0 0 0 0 0 0 0 0 0 0 0 0 0 0 0 0 0 0 0 0 0 0 0 0 0 0 0 0 0 0 0 145053513 0 0 0
ctxt 306977350
btime 1673393901
processes 46819
procs_running 1
procs_blocked 0
softirq 365019562 329739596 2435545 381499 5834436 60910 0 19851249 5293977 667 1421683

cpu  479614 2182 626477 22972058 14393 0 969011 0 0 0
cpu0 23780 34 31412 6028999 4725 0 217030 0 0 0
cpu1 248657 0 249573 5467017 2578 0 270704 0 0 0
cpu2 131559 9 198071 5671190 3467 0 242174 0 0 0
cpu3 75617 2138 147420 5804850 3621 0 239102 0 0 0
intr 1046567145 0 0 233634 75 0 87686 11918061 0 0 0 522792 0 0 0 0 0 0 0 0 0 0 0 0 0 0 0 0 0 0 0 0 0 0 0 0 0 0 0 0 0 0 0 0 0 0 0 0 0 0 0 0 699485285 0 0 0 0 0 0 0 0 55460 0 60915 0 0 0 0 0 0 0 0 0 0 0 186474739 1 0 0 0 0 0 0 0 0 0 0 0 0 0 0 0 0 0 0 0 0 0 0 55206 4215 0 0 0 0 2613228 0 0 0 0 0 0 0 0 0 0 0 0 0 0 0 0 0 0 0 0 0 0 0 0 0 0 0 0 0 0 0 0 0 0 0 0 0 0 0 0 0 0 0 0 0 0 0 0 0 0 0 0 0 0 0 0 0 0 0 0 0 0 0 0 0 0 0 0 0 0 0 0 0 0 0 145055848 0 0 0
ctxt 306982010
btime 1673393901
processes 46819
procs_running 1
procs_blocked 0
softirq 365019678 329739604 2435563 381499 5834437 60910 0 19851268 5294032 667 1421698

cpu  479617 2182 626486 22972239 14393 0 969011 0 0 0
cpu0 23780 34 31412 6029048 4725 0 217030 0 0 0
cpu1 248658 0 249578 5467060 2578 0 270704 0 0 0
cpu2 131560 9 198072 5671236 3467 0 242174 0 0 0
cpu3 75618 2138 147423 5804894 3621 0 239102 0 0 0
intr 1046573630 0 0 233634 75 0 87686 11918085 0 0 0 522797 0 0 0 0 0 0 0 0 0 0 0 0 0 0 0 0 0 0 0 0 0 0 0 0 0 0 0 0 0 0 0 0 0 0 0 0 0 0 0 0 699489280 0 0 0 0 0 0 0 0 55460 0 60915 0 0 0 0 0 0 0 0 0 0 0 186474869 1 0 0 0 0 0 0 0 0 0 0 0 0 0 0 0 0 0 0 0 0 0 0 55206 4215 0 0 0 0 2613250 0 0 0 0 0 0 0 0 0 0 0 0 0 0 0 0 0 0 0 0 0 0 0 0 0 0 0 0 0 0 0 0 0 0 0 0 0 0 0 0 0 0 0 0 0 0 0 0 0 0 0 0 0 0 0 0 0 0 0 0 0 0 0 0 0 0 0 0 0 0 0 0 0 0 0 145058157 0 0 0
ctxt 306986590
btime 1673393901
processes 46819
procs_running 1
procs_blocked 0
softirq 365019785 329739604 2435581 381499 5834438 60910 0 19851286 5294087 667 1421713

cpu  479622 2182 626496 22972421 14393 0 969011 0 0 0
cpu0 23780 34 31412 6029098 4725 0 217030 0 0 0
cpu1 248661 0 249581 5467103 2578 0 270704 0 0 0
cpu2 131562 9 198074 5671282 3467 0 242174 0 0 0
cpu3 75618 2138 147427 5804937 3621 0 239102 0 0 0
intr 1046580174 0 0 233634 75 0 87686 11918117 0 0 0 522802 0 0 0 0 0 0 0 0 0 0 0 0 0 0 0 0 0 0 0 0 0 0 0 0 0 0 0 0 0 0 0 0 0 0 0 0 0 0 0 0 699493307 0 0 0 0 0 0 0 0 55460 0 60915 0 0 0 0 0 0 0 0 0 0 0 186475019 1 0 0 0 0 0 0 0 0 0 0 0 0 0 0 0 0 0 0 0 0 0 0 55206 4215 0 0 0 0 2613272 0 0 0 0 0 0 0 0 0 0 0 0 0 0 0 0 0 0 0 0 0 0 0 0 0 0 0 0 0 0 0 0 0 0 0 0 0 0 0 0 0 0 0 0 0 0 0 0 0 0 0 0 0 0 0 0 0 0 0 0 0 0 0 0 0 0 0 0 0 0 0 0 0 0 0 145060466 0 0 0
ctxt 306991199
btime 1673393901
processes 46819
procs_running 2
procs_blocked 0
softirq 365019914 329739612 2435602 381499 5834439 60910 0 19851305 5294150 667 1421730

cpu  479624 2182 626506 22972603 14393 0 969011 0 0 0
cpu0 23780 34 31412 6029147 4725 0 217030 0 0 0
cpu1 248662 0 249586 5467147 2578 0 270704 0 0 0
cpu2 131562 9 198076 5671328 3467 0 242174 0 0 0
cpu3 75620 2138 147432 5804979 3621 0 239102 0 0 0
intr 1046586571 0 0 233635 75 0 87686 11918146 0 0 0 522807 0 0 0 0 0 0 0 0 0 0 0 0 0 0 0 0 0 0 0 0 0 0 0 0 0 0 0 0 0 0 0 0 0 0 0 0 0 0 0 0 699497302 0 0 0 0 0 0 0 0 55460 0 60915 0 0 0 0 0 0 0 0 0 0 0 186475149 1 0 0 0 0 0 0 0 0 0 0 0 0 0 0 0 0 0 0 0 0 0 0 55206 4215 0 0 0 0 2613294 0 0 0 0 0 0 0 0 0 0 0 0 0 0 0 0 0 0 0 0 0 0 0 0 0 0 0 0 0 0 0 0 0 0 0 0 0 0 0 0 0 0 0 0 0 0 0 0 0 0 0 0 0 0 0 0 0 0 0 0 0 0 0 0 0 0 0 0 0 0 0 0 0 0 0 145062682 0 0 0
ctxt 306995660
btime 1673393901
processes 46819
procs_running 1
procs_blocked 0
softirq 365020020 329739612 2435620 381499 5834440 60910 0 19851323 5294205 667 1421744

cpu  479628 2182 626518 22972784 14393 0 969011 0 0 0
cpu0 23780 34 31412 6029196 4725 0 217030 0 0 0
cpu1 248663 0 249591 5467190 2578 0 270704 0 0 0
cpu2 131563 9 198077 5671374 3467 0 242174 0 0 0
cpu3 75621 2138 147437 5805022 3621 0 239102 0 0 0
intr 1046593085 0 0 233635 75 0 87687 11918182 0 0 0 522812 0 0 0 0 0 0 0 0 0 0 0 0 0 0 0 0 0 0 0 0 0 0 0 0 0 0 0 0 0 0 0 0 0 0 0 0 0 0 0 0 699501327 0 0 0 0 0 0 0 0 55460 0 60915 0 0 0 0 0 0 0 0 0 0 0 186475301 1 0 0 0 0 0 0 0 0 0 0 0 0 0 0 0 0 0 0 0 0 0 0 55206 4215 0 0 0 0 2613316 0 0 0 0 0 0 0 0 0 0 0 0 0 0 0 0 0 0 0 0 0 0 0 0 0 0 0 0 0 0 0 0 0 0 0 0 0 0 0 0 0 0 0 0 0 0 0 0 0 0 0 0 0 0 0 0 0 0 0 0 0 0 0 0 0 0 0 0 0 0 0 0 0 0 0 145064953 0 0 0
ctxt 307000232
btime 1673393901
processes 46819
procs_running 1
procs_blocked 0
softirq 365020151 329739620 2435642 381499 5834441 60910 0 19851344 5294270 667 1421758

cpu  479630 2182 626529 22972966 14393 0 969011 0 0 0
cpu0 23780 34 31412 6029246 4725 0 217030 0 0 0
cpu1 248664 0 249593 5467236 2578 0 270704 0 0 0
cpu2 131564 9 198083 5671414 3467 0 242174 0 0 0
cpu3 75622 2138 147440 5805068 3621 0 239102 0 0 0
intr 1046599567 0 0 233635 75 0 87688 11918208 0 0 0 522817 0 0 0 0 0 0 0 0 0 0 0 0 0 0 0 0 0 0 0 0 0 0 0 0 0 0 0 0 0 0 0 0 0 0 0 0 0 0 0 0 699505324 0 0 0 0 0 0 0 0 55460 0 60915 0 0 0 0 0 0 0 0 0 0 0 186475431 1 0 0 0 0 0 0 0 0 0 0 0 0 0 0 0 0 0 0 0 0 0 0 55206 4215 0 0 0 0 2613338 0 0 0 0 0 0 0 0 0 0 0 0 0 0 0 0 0 0 0 0 0 0 0 0 0 0 0 0 0 0 0 0 0 0 0 0 0 0 0 0 0 0 0 0 0 0 0 0 0 0 0 0 0 0 0 0 0 0 0 0 0 0 0 0 0 0 0 0 0 0 0 0 0 0 0 145067256 0 0 0
ctxt 307004811
btime 1673393901
processes 46819
procs_running 3
procs_blocked 0
softirq 365020263 329739620 2435661 381499 5834442 60910 0 19851362 5294329 667 1421773

cpu  479634 2182 626540 22973147 14393 0 969011 0 0 0
cpu0 23780 34 31412 6029295 4725 0 217030 0 0 0
cpu1 248664 0 249596 5467283 2578 0 270704 0 0 0
cpu2 131565 9 198088 5671457 3467 0 242174 0 0 0
cpu3 75623 2138 147444 5805111 3621 0 239102 0 0 0
intr 1046606116 0 0 233635 75 0 87688 11918239 0 0 0 522822 0 0 0 0 0 0 0 0 0 0 0 0 0 0 0 0 0 0 0 0 0 0 0 0 0 0 0 0 0 0 0 0 0 0 0 0 0 0 0 0 699509351 0 0 0 0 0 0 0 0 55460 0 60915 0 0 0 0 0 0 0 0 0 0 0 186475583 1 0 0 0 0 0 0 0 0 0 0 0 0 0 0 0 0 0 0 0 0 0 0 55206 4215 0 0 0 0 2613360 0 0 0 0 0 0 0 0 0 0 0 0 0 0 0 0 0 0 0 0 0 0 0 0 0 0 0 0 0 0 0 0 0 0 0 0 0 0 0 0 0 0 0 0 0 0 0 0 0 0 0 0 0 0 0 0 0 0 0 0 0 0 0 0 0 0 0 0 0 0 0 0 0 0 0 145069567 0 0 0
ctxt 307009424
btime 1673393901
processes 46819
procs_running 1
procs_blocked 0
softirq 365020389 329739628 2435679 381499 5834443 60910 0 19851381 5294395 667 1421787

cpu  479636 2182 626550 22973329 14393 0 969011 0 0 0
cpu0 23780 34 31412 6029342 4725 0 217030 0 0 0
cpu1 248665 0 249601 5467326 2578 0 270704 0 0 0
cpu2 131566 9 198090 5671504 3467 0 242174 0 0 0
cpu3 75624 2138 147446 5805157 3621 0 239102 0 0 0
intr 1046612610 0 0 233636 75 0 87688 11918263 0 0 0 522827 0 0 0 0 0 0 0 0 0 0 0 0 0 0 0 0 0 0 0 0 0 0 0 0 0 0 0 0 0 0 0 0 0 0 0 0 0 0 0 0 699513355 0 0 0 0 0 0 0 0 55460 0 60915 0 0 0 0 0 0 0 0 0 0 0 186475713 1 0 0 0 0 0 0 0 0 0 0 0 0 0 0 0 0 0 0 0 0 0 0 55206 4215 0 0 0 0 2613382 0 0 0 0 0 0 0 0 0 0 0 0 0 0 0 0 0 0 0 0 0 0 0 0 0 0 0 0 0 0 0 0 0 0 0 0 0 0 0 0 0 0 0 0 0 0 0 0 0 0 0 0 0 0 0 0 0 0 0 0 0 0 0 0 0 0 0 0 0 0 0 0 0 0 0 145071876 0 0 0
ctxt 307014023
btime 1673393901
processes 46819
procs_running 3
procs_blocked 0
softirq 365020498 329739628 2435701 381500 5834444 60910 0 19851399 5294449 667 1421800

cpu  479636 2182 626560 22973511 14393 0 969011 0 0 0
cpu0 23780 34 31414 6029387 4725 0 217030 0 0 0
cpu1 248665 0 249604 5467371 2578 0 270704 0 0 0
cpu2 131566 9 198091 5671549 3467 0 242174 0 0 0
cpu3 75624 2138 147449 5805202 3621 0 239102 0 0 0
intr 1046619004 0 0 233636 75 0 87688 11918296 0 0 0 522832 0 0 0 0 0 0 0 0 0 0 0 0 0 0 0 0 0 0 0 0 0 0 0 0 0 0 0 0 0 0 0 0 0 0 0 0 0 0 0 0 699517372 0 0 0 0 0 0 0 0 55460 0 60915 0 0 0 0 0 0 0 0 0 0 0 186475865 1 0 0 0 0 0 0 0 0 0 0 0 0 0 0 0 0 0 0 0 0 0 0 55206 4215 0 0 0 0 2613404 0 0 0 0 0 0 0 0 0 0 0 0 0 0 0 0 0 0 0 0 0 0 0 0 0 0 0 0 0 0 0 0 0 0 0 0 0 0 0 0 0 0 0 0 0 0 0 0 0 0 0 0 0 0 0 0 0 0 0 0 0 0 0 0 0 0 0 0 0 0 0 0 0 0 0 145074040 0 0 0
ctxt 307018440
btime 1673393901
processes 46819
procs_running 2
procs_blocked 0
softirq 365020619 329739636 2435720 381500 5834445 60910 0 19851420 5294505 667 1421816

cpu  479638 2182 626570 22973693 14393 0 969011 0 0 0
cpu0 23780 34 31417 6029434 4725 0 217030 0 0 0
cpu1 248666 0 249605 5467418 2578 0 270704 0 0 0
cpu2 131567 9 198096 5671593 3467 0 242174 0 0 0
cpu3 75624 2138 147451 5805247 3621 0 239102 0 0 0
intr 1046625527 0 0 233636 75 0 87688 11918322 0 0 0 522837 0 0 0 0 0 0 0 0 0 0 0 0 0 0 0 0 0 0 0 0 0 0 0 0 0 0 0 0 0 0 0 0 0 0 0 0 0 0 0 0 699521372 0 0 0 0 0 0 0 0 55460 0 60915 0 0 0 0 0 0 0 0 0 0 0 186475995 1 0 0 0 0 0 0 0 0 0 0 0 0 0 0 0 0 0 0 0 0 0 0 55206 4215 0 0 0 0 2613426 0 0 0 0 0 0 0 0 0 0 0 0 0 0 0 0 0 0 0 0 0 0 0 0 0 0 0 0 0 0 0 0 0 0 0 0 0 0 0 0 0 0 0 0 0 0 0 0 0 0 0 0 0 0 0 0 0 0 0 0 0 0 0 0 0 0 0 0 0 0 0 0 0 0 0 145076380 0 0 0
ctxt 307023069
btime 1673393901
processes 46819
procs_running 1
procs_blocked 0
softirq 365020727 329739636 2435737 381500 5834446 60910 0 19851438 5294562 667 1421831

cpu  479641 2182 626579 22973875 14393 0 969011 0 0 0
cpu0 23781 34 31418 6029480 4725 0 217030 0 0 0
cpu1 248667 0 249610 5467462 2578 0 270704 0 0 0
cpu2 131568 9 198097 5671639 3467 0 242174 0 0 0
cpu3 75625 2138 147453 5805293 3621 0 239102 0 0 0
intr 1046632090 0 0 233640 75 0 87688 11918353 0 0 0 522842 0 0 0 0 0 0 0 0 0 0 0 0 0 0 0 0 0 0 0 0 0 0 0 0 0 0 0 0 0 0 0 0 0 0 0 0 0 0 0 0 699525399 0 0 0 0 0 0 0 0 55460 0 60915 0 0 0 0 0 0 0 0 0 0 0 186476147 1 0 0 0 0 0 0 0 0 0 0 0 0 0 0 0 0 0 0 0 0 0 0 55206 4215 0 0 0 0 2613448 0 0 0 0 0 0 0 0 0 0 0 0 0 0 0 0 0 0 0 0 0 0 0 0 0 0 0 0 0 0 0 0 0 0 0 0 0 0 0 0 0 0 0 0 0 0 0 0 0 0 0 0 0 0 0 0 0 0 0 0 0 0 0 0 0 0 0 0 0 0 0 0 0 0 0 145078703 0 0 0
ctxt 307027686
btime 1673393901
processes 46819
procs_running 1
procs_blocked 0
softirq 365020854 329739644 2435758 381500 5834447 60910 0 19851457 5294625 667 1421846

cpu  479643 2182 626590 22974057 14393 0 969011 0 0 0
cpu0 23781 34 31419 6029526 4725 0 217030 0 0 0
cpu1 248667 0 249612 5467508 2578 0 270704 0 0 0
cpu2 131568 9 198099 5671685 3467 0 242174 0 0 0
cpu3 75626 2138 147459 5805336 3621 0 239102 0 0 0
intr 1046638582 0 0 233641 75 0 87688 11918384 0 0 0 522847 0 0 0 0 0 0 0 0 0 0 0 0 0 0 0 0 0 0 0 0 0 0 0 0 0 0 0 0 0 0 0 0 0 0 0 0 0 0 0 0 699529402 0 0 0 0 0 0 0 0 55460 0 60915 0 0 0 0 0 0 0 0 0 0 0 186476277 1 0 0 0 0 0 0 0 0 0 0 0 0 0 0 0 0 0 0 0 0 0 0 55206 4215 0 0 0 0 2613470 0 0 0 0 0 0 0 0 0 0 0 0 0 0 0 0 0 0 0 0 0 0 0 0 0 0 0 0 0 0 0 0 0 0 0 0 0 0 0 0 0 0 0 0 0 0 0 0 0 0 0 0 0 0 0 0 0 0 0 0 0 0 0 0 0 0 0 0 0 0 0 0 0 0 0 145081001 0 0 0
ctxt 307032271
btime 1673393901
processes 46819
procs_running 1
procs_blocked 0
softirq 365020966 329739644 2435779 381500 5834448 60910 0 19851476 5294682 667 1421860

cpu  479645 2182 626598 22974238 14393 0 969011 0 0 0
cpu0 23781 34 31420 6029572 4725 0 217030 0 0 0
cpu1 248668 0 249613 5467555 2578 0 270704 0 0 0
cpu2 131568 9 198101 5671730 3467 0 242174 0 0 0
cpu3 75626 2138 147462 5805379 3621 0 239102 0 0 0
intr 1046645171 0 0 233641 75 0 87688 11918437 0 0 0 522852 0 0 0 0 0 0 0 0 0 0 0 0 0 0 0 0 0 0 0 0 0 0 0 0 0 0 0 0 0 0 0 0 0 0 0 0 0 0 0 0 699533421 0 0 0 0 0 0 0 0 55460 0 60915 0 0 0 0 0 0 0 0 0 0 0 186476429 1 0 0 0 0 0 0 0 0 0 0 0 0 0 0 0 0 0 0 0 0 0 0 55206 4215 0 0 0 0 2613512 0 0 0 0 0 0 0 0 0 0 0 0 0 0 0 0 0 0 0 0 0 0 0 0 0 0 0 0 0 0 0 0 0 0 0 0 0 0 0 0 0 0 0 0 0 0 0 0 0 0 0 0 0 0 0 0 0 0 0 0 0 0 0 0 0 0 0 0 0 0 0 0 0 0 0 145083322 0 0 0
ctxt 307036912
btime 1673393901
processes 46819
procs_running 3
procs_blocked 0
softirq 365021106 329739652 2435802 381500 5834450 60910 0 19851511 5294739 667 1421875

cpu  479647 2182 626609 22974420 14393 0 969011 0 0 0
cpu0 23781 34 31427 6029616 4725 0 217030 0 0 0
cpu1 248669 0 249615 5467601 2578 0 270704 0 0 0
cpu2 131569 9 198102 5671777 3467 0 242174 0 0 0
cpu3 75626 2138 147464 5805425 3621 0 239102 0 0 0
intr 1046651650 0 0 233641 75 0 87688 11918471 0 0 0 522857 0 0 0 0 0 0 0 0 0 0 0 0 0 0 0 0 0 0 0 0 0 0 0 0 0 0 0 0 0 0 0 0 0 0 0 0 0 0 0 0 699537423 0 0 0 0 0 0 0 0 55460 0 60915 0 0 0 0 0 0 0 0 0 0 0 186476559 1 0 0 0 0 0 0 0 0 0 0 0 0 0 0 0 0 0 0 0 0 0 0 55206 4215 0 0 0 0 2613534 0 0 0 0 0 0 0 0 0 0 0 0 0 0 0 0 0 0 0 0 0 0 0 0 0 0 0 0 0 0 0 0 0 0 0 0 0 0 0 0 0 0 0 0 0 0 0 0 0 0 0 0 0 0 0 0 0 0 0 0 0 0 0 0 0 0 0 0 0 0 0 0 0 0 0 145085607 0 0 0
ctxt 307041476
btime 1673393901
processes 46819
procs_running 2
procs_blocked 0
softirq 365021219 329739652 2435821 381500 5834451 60910 0 19851529 5294800 667 1421889

cpu  479648 2182 626620 22974602 14393 0 969011 0 0 0
cpu0 23782 34 31431 6029660 4725 0 217030 0 0 0
cpu1 248669 0 249616 5467647 2578 0 270704 0 0 0
cpu2 131570 9 198104 5671823 3467 0 242174 0 0 0
cpu3 75627 2138 147467 5805471 3621 0 239102 0 0 0
intr 1046658217 0 0 233641 75 0 87688 11918509 0 0 0 522862 0 0 0 0 0 0 0 0 0 0 0 0 0 0 0 0 0 0 0 0 0 0 0 0 0 0 0 0 0 0 0 0 0 0 0 0 0 0 0 0 699541440 0 0 0 0 0 0 0 0 55460 0 60915 0 0 0 0 0 0 0 0 0 0 0 186476711 1 0 0 0 0 0 0 0 0 0 0 0 0 0 0 0 0 0 0 0 0 0 0 55206 4215 0 0 0 0 2613556 0 0 0 0 0 0 0 0 0 0 0 0 0 0 0 0 0 0 0 0 0 0 0 0 0 0 0 0 0 0 0 0 0 0 0 0 0 0 0 0 0 0 0 0 0 0 0 0 0 0 0 0 0 0 0 0 0 0 0 0 0 0 0 0 0 0 0 0 0 0 0 0 0 0 0 145087939 0 0 0
ctxt 307046117
btime 1673393901
processes 46819
procs_running 1
procs_blocked 0
softirq 365021336 329739660 2435839 381500 5834452 60910 0 19851547 5294858 667 1421903

cpu  479654 2182 626632 22974750 14393 0 969038 0 0 0
cpu0 23782 34 31432 6029700 4725 0 217036 0 0 0
cpu1 248672 0 249623 5467685 2578 0 270706 0 0 0
cpu2 131571 9 198107 5671863 3467 0 242176 0 0 0
cpu3 75627 2138 147468 5805501 3621 0 239119 0 0 0
intr 1046671270 0 0 233646 75 0 87688 11918598 0 0 0 522867 0 0 0 0 0 0 0 0 0 0 0 0 0 0 0 0 0 0 0 0 0 0 0 0 0 0 0 0 0 0 0 0 0 0 0 0 0 0 0 0 699548781 0 0 0 0 0 0 0 0 55460 0 60915 0 0 0 0 0 0 0 0 0 0 0 186480236 1 0 0 0 0 0 0 0 0 0 0 0 0 0 0 0 0 0 0 0 0 0 0 55206 4215 0 0 0 0 2613587 0 0 0 0 0 0 0 0 0 0 0 0 0 0 0 0 0 0 0 0 0 0 0 0 0 0 0 0 0 0 0 0 0 0 0 0 0 0 0 0 0 0 0 0 0 0 0 0 0 0 0 0 0 0 0 0 0 0 0 0 0 0 0 0 0 0 0 0 0 0 0 0 0 0 0 145089998 0 0 0
ctxt 307050141
btime 1673393901
processes 46819
procs_running 7
procs_blocked 0
softirq 365032832 329750930 2435866 381504 5834475 60910 0 19851616 5294948 667 1421916

cpu  479682 2182 626637 22974837 14393 0 969099 0 0 0
cpu0 23784 34 31433 6029733 4725 0 217040 0 0 0
cpu1 248682 0 249626 5467710 2578 0 270711 0 0 0
cpu2 131588 9 198108 5671892 3467 0 242178 0 0 0
cpu3 75627 2138 147468 5805501 3621 0 239169 0 0 0
intr 1046701114 0 0 233646 75 0 87694 11918939 0 0 0 522867 0 0 0 0 0 0 0 0 0 0 0 0 0 0 0 0 0 0 0 0 0 0 0 0 0 0 0 0 0 0 0 0 0 0 0 0 0 0 0 0 699565117 0 0 0 0 0 0 0 0 55460 0 60915 0 0 0 0 0 0 0 0 0 0 0 186491820 1 0 0 0 0 0 0 0 0 0 0 0 0 0 0 0 0 0 0 0 0 0 0 55206 4215 0 0 0 0 2613609 0 0 0 0 0 0 0 0 0 0 0 0 0 0 0 0 0 0 0 0 0 0 0 0 0 0 0 0 0 0 0 0 0 0 0 0 0 0 0 0 0 0 0 0 0 0 0 0 0 0 0 0 0 0 0 0 0 0 0 0 0 0 0 0 0 0 0 0 0 0 0 0 0 0 0 145091554 0 0 0
ctxt 307053286
btime 1673393901
processes 46819
procs_running 6
procs_blocked 0
softirq 365062612 329780025 2435908 381543 5834582 60910 0 19851930 5295106 667 1421941

cpu  479692 2182 626649 22974918 14393 0 969182 0 0 0
cpu0 23784 34 31435 6029765 4725 0 217053 0 0 0
cpu1 248687 0 249631 5467733 2578 0 270723 0 0 0
cpu2 131593 9 198113 5671917 3467 0 242186 0 0 0
cpu3 75627 2138 147468 5805501 3621 0 239219 0 0 0
intr 1046721900 0 0 233646 75 0 87696 11919055 0 0 0 522867 0 0 0 0 0 0 0 0 0 0 0 0 0 0 0 0 0 0 0 0 0 0 0 0 0 0 0 0 0 0 0 0 0 0 0 0 0 0 0 0 699576375 0 0 0 0 0 0 0 0 55460 0 60915 0 0 0 0 0 0 0 0 0 0 0 186499549 1 0 0 0 0 0 0 0 0 0 0 0 0 0 0 0 0 0 0 0 0 0 0 55206 4215 0 0 0 0 2613637 0 0 0 0 0 0 0 0 0 0 0 0 0 0 0 0 0 0 0 0 0 0 0 0 0 0 0 0 0 0 0 0 0 0 0 0 0 0 0 0 0 0 0 0 0 0 0 0 0 0 0 0 0 0 0 0 0 0 0 0 0 0 0 0 0 0 0 0 0 0 0 0 0 0 0 145093209 0 0 0
ctxt 307056057
btime 1673393901
processes 46819
procs_running 4
procs_blocked 0
softirq 365085288 329802383 2435951 381549 5834603 60910 0 19852023 5295238 667 1421964

cpu  479704 2182 626660 22974997 14393 0 969262 0 0 0
cpu0 23785 34 31437 6029792 4725 0 217067 0 0 0
cpu1 248693 0 249636 5467760 2578 0 270729 0 0 0
cpu2 131597 9 198117 5671943 3467 0 242196 0 0 0
cpu3 75628 2138 147468 5805501 3621 0 239268 0 0 0
intr 1046742796 0 0 233646 75 0 87697 11919181 0 0 0 522867 0 0 0 0 0 0 0 0 0 0 0 0 0 0 0 0 0 0 0 0 0 0 0 0 0 0 0 0 0 0 0 0 0 0 0 0 0 0 0 0 699587665 0 0 0 0 0 0 0 0 55461 0 60915 0 0 0 0 0 0 0 0 0 0 0 186507295 1 0 0 0 0 0 0 0 0 0 0 0 0 0 0 0 0 0 0 0 0 0 0 55206 4215 0 0 0 0 2613659 0 0 0 0 0 0 0 0 0 0 0 0 0 0 0 0 0 0 0 0 0 0 0 0 0 0 0 0 0 0 0 0 0 0 0 0 0 0 0 0 0 0 0 0 0 0 0 0 0 0 0 0 0 0 0 0 0 0 0 0 0 0 0 0 0 0 0 0 0 0 0 0 0 0 0 145094915 0 0 0
ctxt 307058931
btime 1673393901
processes 46819
procs_running 4
procs_blocked 0
softirq 365107658 329824421 2435996 381556 5834627 60910 0 19852114 5295376 667 1421991

cpu  479714 2182 626672 22975059 14408 0 969346 0 0 0
cpu0 23786 34 31438 6029817 4725 0 217084 0 0 0
cpu1 248697 0 249643 5467778 2585 0 270739 0 0 0
cpu2 131603 9 198121 5671962 3475 0 242203 0 0 0
cpu3 75628 2138 147468 5805501 3621 0 239318 0 0 0
intr 1046764293 0 0 233647 75 0 87699 11919308 0 0 0 522867 0 0 0 0 0 0 0 0 0 0 0 0 0 0 0 0 0 0 0 0 0 0 0 0 0 0 0 0 0 0 0 0 0 0 0 0 0 0 0 0 699599263 0 0 0 0 0 0 0 0 55461 0 60933 0 0 0 0 0 0 0 0 0 0 0 186515389 1 0 0 0 0 0 0 0 0 0 0 0 0 0 0 0 0 0 0 0 0 0 0 55224 4215 0 0 0 0 2613681 0 0 0 0 0 0 0 0 0 0 0 0 0 0 0 0 0 0 0 0 0 0 0 0 0 0 0 0 0 0 0 0 0 0 0 0 0 0 0 0 0 0 0 0 0 0 0 0 0 0 0 0 0 0 0 0 0 0 0 0 0 0 0 0 0 0 0 0 0 0 0 0 0 0 0 145096535 0 0 0
ctxt 307061792
btime 1673393901
processes 46820
procs_running 6
procs_blocked 1
softirq 365131011 329847408 2436048 381559 5834645 60927 0 19852233 5295504 667 1422020

cpu  479722 2182 626682 22975135 14413 0 969434 0 0 0
cpu0 23787 34 31442 6029848 4725 0 217096 0 0 0
cpu1 248700 0 249645 5467795 2590 0 270756 0 0 0
cpu2 131606 9 198125 5671989 3475 0 242212 0 0 0
cpu3 75628 2138 147468 5805501 3621 0 239368 0 0 0
intr 1046785323 0 0 233647 75 0 87701 11919412 0 0 0 522867 0 0 0 0 0 0 0 0 0 0 0 0 0 0 0 0 0 0 0 0 0 0 0 0 0 0 0 0 0 0 0 0 0 0 0 0 0 0 0 0 699610657 0 0 0 0 0 0 0 0 55463 0 60936 0 0 0 0 0 0 0 0 0 0 0 186523225 1 0 0 0 0 0 0 0 0 0 0 0 0 0 0 0 0 0 0 0 0 0 0 55227 4215 0 0 0 0 2613708 0 0 0 0 0 0 0 0 0 0 0 0 0 0 0 0 0 0 0 0 0 0 0 0 0 0 0 0 0 0 0 0 0 0 0 0 0 0 0 0 0 0 0 0 0 0 0 0 0 0 0 0 0 0 0 0 0 0 0 0 0 0 0 0 0 0 0 0 0 0 0 0 0 0 0 145098196 0 0 0
ctxt 307064671
btime 1673393901
processes 46820
procs_running 7
procs_blocked 0
softirq 365153816 329869905 2436111 381562 5834665 60931 0 19852319 5295611 667 1422045

cpu  479728 2182 626691 22975214 14413 0 969520 0 0 0
cpu0 23788 34 31442 6029876 4725 0 217112 0 0 0
cpu1 248704 0 249650 5467823 2590 0 270761 0 0 0
cpu2 131608 9 198130 5672012 3475 0 242226 0 0 0
cpu3 75628 2138 147468 5805501 3621 0 239419 0 0 0
intr 1046807238 0 0 233647 75 0 87701 11919520 0 0 0 522867 0 0 0 0 0 0 0 0 0 0 0 0 0 0 0 0 0 0 0 0 0 0 0 0 0 0 0 0 0 0 0 0 0 0 0 0 0 0 0 0 699622497 0 0 0 0 0 0 0 0 55463 0 60936 0 0 0 0 0 0 0 0 0 0 0 186531533 1 0 0 0 0 0 0 0 0 0 0 0 0 0 0 0 0 0 0 0 0 0 0 55227 4215 0 0 0 0 2613734 0 0 0 0 0 0 0 0 0 0 0 0 0 0 0 0 0 0 0 0 0 0 0 0 0 0 0 0 0 0 0 0 0 0 0 0 0 0 0 0 0 0 0 0 0 0 0 0 0 0 0 0 0 0 0 0 0 0 0 0 0 0 0 0 0 0 0 0 0 0 0 0 0 0 0 145099827 0 0 0
ctxt 307067429
btime 1673393901
processes 46820
procs_running 8
procs_blocked 0
softirq 365176846 329892620 2436156 381566 5834689 60931 0 19852430 5295718 667 1422069

cpu  479737 2182 626705 22975290 14413 0 969601 0 0 0
cpu0 23788 34 31444 6029903 4725 0 217126 0 0 0
cpu1 248710 0 249656 5467849 2590 0 270766 0 0 0
cpu2 131610 9 198136 5672036 3475 0 242239 0 0 0
cpu3 75628 2138 147468 5805501 3621 0 239468 0 0 0
intr 1046828098 0 0 233647 75 0 87701 11919626 0 0 0 522867 0 0 0 0 0 0 0 0 0 0 0 0 0 0 0 0 0 0 0 0 0 0 0 0 0 0 0 0 0 0 0 0 0 0 0 0 0 0 0 0 699633814 0 0 0 0 0 0 0 0 55463 0 60936 0 0 0 0 0 0 0 0 0 0 0 186539338 1 0 0 0 0 0 0 0 0 0 0 0 0 0 0 0 0 0 0 0 0 0 0 55227 4215 0 0 0 0 2613756 0 0 0 0 0 0 0 0 0 0 0 0 0 0 0 0 0 0 0 0 0 0 0 0 0 0 0 0 0 0 0 0 0 0 0 0 0 0 0 0 0 0 0 0 0 0 0 0 0 0 0 0 0 0 0 0 0 0 0 0 0 0 0 0 0 0 0 0 0 0 0 0 0 0 0 145101436 0 0 0
ctxt 307070206
btime 1673393901
processes 46820
procs_running 7
procs_blocked 0
softirq 365200142 329915639 2436193 381571 5834711 60931 0 19852512 5295827 667 1422091

cpu  479752 2182 626710 22975371 14413 0 969678 0 0 0
cpu0 23788 34 31444 6029933 4725 0 217142 0 0 0
cpu1 248716 0 249660 5467875 2590 0 270772 0 0 0
cpu2 131619 9 198137 5672062 3475 0 242246 0 0 0
cpu3 75628 2138 147468 5805501 3621 0 239518 0 0 0
intr 1046856237 0 0 233648 75 0 87702 11919907 0 0 0 522867 0 0 0 0 0 0 0 0 0 0 0 0 0 0 0 0 0 0 0 0 0 0 0 0 0 0 0 0 0 0 0 0 0 0 0 0 0 0 0 0 699649139 0 0 0 0 0 0 0 0 55463 0 60936 0 0 0 0 0 0 0 0 0 0 0 186550310 1 0 0 0 0 0 0 0 0 0 0 0 0 0 0 0 0 0 0 0 0 0 0 55227 4215 0 0 0 0 2613773 0 0 0 0 0 0 0 0 0 0 0 0 0 0 0 0 0 0 0 0 0 0 0 0 0 0 0 0 0 0 0 0 0 0 0 0 0 0 0 0 0 0 0 0 0 0 0 0 0 0 0 0 0 0 0 0 0 0 0 0 0 0 0 0 0 0 0 0 0 0 0 0 0 0 0 145102995 0 0 0
ctxt 307073179
btime 1673393901
processes 46820
procs_running 4
procs_blocked 0
softirq 365229180 329944111 2436243 381601 5834797 60931 0 19852756 5295962 667 1422112

cpu  479760 2182 626720 22975454 14413 0 969753 0 0 0
cpu0 23790 34 31445 6029962 4725 0 217152 0 0 0
cpu1 248720 0 249664 5467901 2590 0 270777 0 0 0
cpu2 131621 9 198141 5672088 3475 0 242254 0 0 0
cpu3 75628 2138 147468 5805501 3621 0 239568 0 0 0
intr 1046877561 0 0 233648 75 0 87703 11920028 0 0 0 522867 0 0 0 0 0 0 0 0 0 0 0 0 0 0 0 0 0 0 0 0 0 0 0 0 0 0 0 0 0 0 0 0 0 0 0 0 0 0 0 0 699660677 0 0 0 0 0 0 0 0 55463 0 60936 0 0 0 0 0 0 0 0 0 0 0 186558301 1 0 0 0 0 0 0 0 0 0 0 0 0 0 0 0 0 0 0 0 0 0 0 55227 4215 0 0 0 0 2613795 0 0 0 0 0 0 0 0 0 0 0 0 0 0 0 0 0 0 0 0 0 0 0 0 0 0 0 0 0 0 0 0 0 0 0 0 0 0 0 0 0 0 0 0 0 0 0 0 0 0 0 0 0 0 0 0 0 0 0 0 0 0 0 0 0 0 0 0 0 0 0 0 0 0 0 145104632 0 0 0
ctxt 307076018
btime 1673393901
processes 46820
procs_running 6
procs_blocked 0
softirq 365249797 329964423 2436283 381608 5834821 60931 0 19852859 5296070 667 1422135

cpu  479771 2182 626733 22975535 14413 0 969830 0 0 0
cpu0 23792 34 31447 6029991 4725 0 217163 0 0 0
cpu1 248724 0 249671 5467926 2590 0 270786 0 0 0
cpu2 131626 9 198146 5672115 3475 0 242262 0 0 0
cpu3 75628 2138 147468 5805501 3621 0 239618 0 0 0
intr 1046898601 0 0 233648 75 0 87705 11920143 0 0 0 522868 0 0 0 0 0 0 0 0 0 0 0 0 0 0 0 0 0 0 0 0 0 0 0 0 0 0 0 0 0 0 0 0 0 0 0 0 0 0 0 0 699672053 0 0 0 0 0 0 0 0 55463 0 60936 0 0 0 0 0 0 0 0 0 0 0 186566160 1 0 0 0 0 0 0 0 0 0 0 0 0 0 0 0 0 0 0 0 0 0 0 55227 4215 0 0 0 0 2613817 0 0 0 0 0 0 0 0 0 0 0 0 0 0 0 0 0 0 0 0 0 0 0 0 0 0 0 0 0 0 0 0 0 0 0 0 0 0 0 0 0 0 0 0 0 0 0 0 0 0 0 0 0 0 0 0 0 0 0 0 0 0 0 0 0 0 0 0 0 0 0 0 0 0 0 145106298 0 0 0
ctxt 307078844
btime 1673393901
processes 46820
procs_running 9
procs_blocked 0
softirq 365269492 329983777 2436335 381613 5834843 60931 0 19852980 5296190 667 1422156

cpu  479778 2182 626745 22975611 14413 0 969914 0 0 0
cpu0 23792 34 31448 6030018 4725 0 217178 0 0 0
cpu1 248727 0 249678 5467951 2590 0 270793 0 0 0
cpu2 131630 9 198149 5672139 3475 0 242274 0 0 0
cpu3 75628 2138 147468 5805501 3621 0 239668 0 0 0
intr 1046919607 0 0 233648 75 0 87706 11920231 0 0 0 522868 0 0 0 0 0 0 0 0 0 0 0 0 0 0 0 0 0 0 0 0 0 0 0 0 0 0 0 0 0 0 0 0 0 0 0 0 0 0 0 0 699683446 0 0 0 0 0 0 0 0 55463 0 60936 0 0 0 0 0 0 0 0 0 0 0 186574014 1 0 0 0 0 0 0 0 0 0 0 0 0 0 0 0 0 0 0 0 0 0 0 55227 4215 0 0 0 0 2613836 0 0 0 0 0 0 0 0 0 0 0 0 0 0 0 0 0 0 0 0 0 0 0 0 0 0 0 0 0 0 0 0 0 0 0 0 0 0 0 0 0 0 0 0 0 0 0 0 0 0 0 0 0 0 0 0 0 0 0 0 0 0 0 0 0 0 0 0 0 0 0 0 0 0 0 145107948 0 0 0
ctxt 307081555
btime 1673393901
processes 46820
procs_running 5
procs_blocked 0
softirq 365294536 330008521 2436376 381617 5834863 60931 0 19853077 5296305 667 1422179

cpu  479790 2182 626756 22975691 14413 0 969996 0 0 0
cpu0 23794 34 31450 6030048 4725 0 217188 0 0 0
cpu1 248732 0 249683 5467977 2590 0 270803 0 0 0
cpu2 131635 9 198153 5672165 3475 0 242285 0 0 0
cpu3 75628 2138 147468 5805501 3621 0 239718 0 0 0
intr 1046941494 0 0 233649 75 0 87708 11920338 0 0 0 522868 0 0 0 0 0 0 0 0 0 0 0 0 0 0 0 0 0 0 0 0 0 0 0 0 0 0 0 0 0 0 0 0 0 0 0 0 0 0 0 0 699695291 0 0 0 0 0 0 0 0 55463 0 60936 0 0 0 0 0 0 0 0 0 0 0 186582342 1 0 0 0 0 0 0 0 0 0 0 0 0 0 0 0 0 0 0 0 0 0 0 55227 4215 0 0 0 0 2613870 0 0 0 0 0 0 0 0 0 0 0 0 0 0 0 0 0 0 0 0 0 0 0 0 0 0 0 0 0 0 0 0 0 0 0 0 0 0 0 0 0 0 0 0 0 0 0 0 0 0 0 0 0 0 0 0 0 0 0 0 0 0 0 0 0 0 0 0 0 0 0 0 0 0 0 145109515 0 0 0
ctxt 307084199
btime 1673393901
processes 46820
procs_running 5
procs_blocked 0
softirq 365317720 330031374 2436425 381621 5834884 60931 0 19853166 5296443 667 1422209

cpu  479797 2182 626768 22975771 14413 0 970082 0 0 0
cpu0 23794 34 31451 6030074 4725 0 217202 0 0 0
cpu1 248735 0 249687 5468003 2590 0 270817 0 0 0
cpu2 131638 9 198160 5672192 3475 0 242295 0 0 0
cpu3 75628 2138 147469 5805501 3621 0 239768 0 0 0
intr 1046962961 0 0 233649 75 0 87709 11920435 0 0 0 522868 0 0 0 0 0 0 0 0 0 0 0 0 0 0 0 0 0 0 0 0 0 0 0 0 0 0 0 0 0 0 0 0 0 0 0 0 0 0 0 0 699706907 0 0 0 0 0 0 0 0 55463 0 60936 0 0 0 0 0 0 0 0 0 0 0 186590448 1 0 0 0 0 0 0 0 0 0 0 0 0 0 0 0 0 0 0 0 0 0 0 55227 4215 0 0 0 0 2613892 0 0 0 0 0 0 0 0 0 0 0 0 0 0 0 0 0 0 0 0 0 0 0 0 0 0 0 0 0 0 0 0 0 0 0 0 0 0 0 0 0 0 0 0 0 0 0 0 0 0 0 0 0 0 0 0 0 0 0 0 0 0 0 0 0 0 0 0 0 0 0 0 0 0 0 145111142 0 0 0
ctxt 307086839
btime 1673393901
processes 46820
procs_running 8
procs_blocked 0
softirq 365342148 330055489 2436477 381623 5834904 60931 0 19853237 5296581 667 1422239

cpu  479806 2182 626780 22975850 14413 0 970162 0 0 0
cpu0 23795 34 31452 6030100 4725 0 217218 0 0 0
cpu1 248741 0 249692 5468030 2590 0 270821 0 0 0
cpu2 131641 9 198166 5672218 3475 0 242304 0 0 0
cpu3 75628 2138 147469 5805501 3621 0 239817 0 0 0
intr 1046983466 0 0 233649 75 0 87711 11920550 0 0 0 522868 0 0 0 0 0 0 0 0 0 0 0 0 0 0 0 0 0 0 0 0 0 0 0 0 0 0 0 0 0 0 0 0 0 0 0 0 0 0 0 0 699718001 0 0 0 0 0 0 0 0 55463 0 60936 0 0 0 0 0 0 0 0 0 0 0 186598021 1 0 0 0 0 0 0 0 0 0 0 0 0 0 0 0 0 0 0 0 0 0 0 55227 4215 0 0 0 0 2613914 0 0 0 0 0 0 0 0 0 0 0 0 0 0 0 0 0 0 0 0 0 0 0 0 0 0 0 0 0 0 0 0 0 0 0 0 0 0 0 0 0 0 0 0 0 0 0 0 0 0 0 0 0 0 0 0 0 0 0 0 0 0 0 0 0 0 0 0 0 0 0 0 0 0 0 145112837 0 0 0
ctxt 307089690
btime 1673393901
processes 46820
procs_running 3
procs_blocked 0
softirq 365365242 330078273 2436520 381629 5834925 60931 0 19853331 5296703 667 1422263

cpu  479821 2182 626789 22975934 14413 0 970232 0 0 0
cpu0 23798 34 31454 6030130 4725 0 217229 0 0 0
cpu1 248747 0 249695 5468056 2590 0 270827 0 0 0
cpu2 131646 9 198170 5672245 3475 0 242309 0 0 0
cpu3 75628 2138 147469 5805501 3621 0 239867 0 0 0
intr 1047007954 0 0 233649 75 0 87712 11920787 0 0 0 522868 0 0 0 0 0 0 0 0 0 0 0 0 0 0 0 0 0 0 0 0 0 0 0 0 0 0 0 0 0 0 0 0 0 0 0 0 0 0 0 0 699731311 0 0 0 0 0 0 0 0 55463 0 60936 0 0 0 0 0 0 0 0 0 0 0 186607324 1 0 0 0 0 0 0 0 0 0 0 0 0 0 0 0 0 0 0 0 0 0 0 55227 4215 0 0 0 0 2613936 0 0 0 0 0 0 0 0 0 0 0 0 0 0 0 0 0 0 0 0 0 0 0 0 0 0 0 0 0 0 0 0 0 0 0 0 0 0 0 0 0 0 0 0 0 0 0 0 0 0 0 0 0 0 0 0 0 0 0 0 0 0 0 0 0 0 0 0 0 0 0 0 0 0 0 145114457 0 0 0
ctxt 307092713
btime 1673393901
processes 46820
procs_running 7
procs_blocked 0
softirq 365387386 330099941 2436563 381652 5834985 60931 0 19853537 5296827 667 1422283

cpu  479833 2182 626803 22976019 14413 0 970304 0 0 0
cpu0 23798 34 31455 6030162 4725 0 217241 0 0 0
cpu1 248754 0 249701 5468084 2590 0 270830 0 0 0
cpu2 131651 9 198177 5672271 3475 0 242315 0 0 0
cpu3 75629 2138 147469 5805501 3621 0 239916 0 0 0
intr 1047029734 0 0 233654 75 0 87712 11920938 0 0 0 522868 0 0 0 0 0 0 0 0 0 0 0 0 0 0 0 0 0 0 0 0 0 0 0 0 0 0 0 0 0 0 0 0 0 0 0 0 0 0 0 0 699743138 0 0 0 0 0 0 0 0 55463 0 60936 0 0 0 0 0 0 0 0 0 0 0 186615421 1 0 0 0 0 0 0 0 0 0 0 0 0 0 0 0 0 0 0 0 0 0 0 55227 4215 0 0 0 0 2613958 0 0 0 0 0 0 0 0 0 0 0 0 0 0 0 0 0 0 0 0 0 0 0 0 0 0 0 0 0 0 0 0 0 0 0 0 0 0 0 0 0 0 0 0 0 0 0 0 0 0 0 0 0 0 0 0 0 0 0 0 0 0 0 0 0 0 0 0 0 0 0 0 0 0 0 145116134 0 0 0
ctxt 307095616
btime 1673393901
processes 46820
procs_running 6
procs_blocked 0
softirq 365407947 330120112 2436610 381664 5835019 60931 0 19853690 5296946 667 1422308

cpu  479842 2182 626813 22976101 14413 0 970384 0 0 0
cpu0 23798 34 31457 6030190 4725 0 217255 0 0 0
cpu1 248760 0 249706 5468113 2590 0 270833 0 0 0
cpu2 131654 9 198180 5672295 3475 0 242328 0 0 0
cpu3 75629 2138 147469 5805501 3621 0 239966 0 0 0
intr 1047050440 0 0 233654 75 0 87715 11921045 0 0 0 522868 0 0 0 0 0 0 0 0 0 0 0 0 0 0 0 0 0 0 0 0 0 0 0 0 0 0 0 0 0 0 0 0 0 0 0 0 0 0 0 0 699754370 0 0 0 0 0 0 0 0 55463 0 60936 0 0 0 0 0 0 0 0 0 0 0 186623114 1 0 0 0 0 0 0 0 0 0 0 0 0 0 0 0 0 0 0 0 0 0 0 55227 4215 0 0 0 0 2613980 0 0 0 0 0 0 0 0 0 0 0 0 0 0 0 0 0 0 0 0 0 0 0 0 0 0 0 0 0 0 0 0 0 0 0 0 0 0 0 0 0 0 0 0 0 0 0 0 0 0 0 0 0 0 0 0 0 0 0 0 0 0 0 0 0 0 0 0 0 0 0 0 0 0 0 145117778 0 0 0
ctxt 307098442
btime 1673393901
processes 46820
procs_running 5
procs_blocked 0
softirq 365430207 330142091 2436653 381669 5835042 60931 0 19853779 5297045 667 1422330

cpu  479847 2182 626824 22976177 14413 0 970471 0 0 0
cpu0 23798 34 31459 6030217 4725 0 217270 0 0 0
cpu1 248763 0 249712 5468138 2590 0 270842 0 0 0
cpu2 131656 9 198183 5672319 3475 0 242342 0 0 0
cpu3 75629 2138 147469 5805501 3621 0 240016 0 0 0
intr 1047071671 0 0 233654 75 0 87715 11921153 0 0 0 522868 0 0 0 0 0 0 0 0 0 0 0 0 0 0 0 0 0 0 0 0 0 0 0 0 0 0 0 0 0 0 0 0 0 0 0 0 0 0 0 0 699765865 0 0 0 0 0 0 0 0 55463 0 60936 0 0 0 0 0 0 0 0 0 0 0 186631122 1 0 0 0 0 0 0 0 0 0 0 0 0 0 0 0 0 0 0 0 0 0 0 55227 4215 0 0 0 0 2614002 0 0 0 0 0 0 0 0 0 0 0 0 0 0 0 0 0 0 0 0 0 0 0 0 0 0 0 0 0 0 0 0 0 0 0 0 0 0 0 0 0 0 0 0 0 0 0 0 0 0 0 0 0 0 0 0 0 0 0 0 0 0 0 0 0 0 0 0 0 0 0 0 0 0 0 145119381 0 0 0
ctxt 307101148
btime 1673393901
processes 46820
procs_running 6
procs_blocked 0
softirq 365457378 330168974 2436705 381673 5835060 60931 0 19853859 5297158 667 1422351

cpu  479857 2182 626838 22976257 14413 0 970551 0 0 0
cpu0 23798 34 31461 6030244 4725 0 217285 0 0 0
cpu1 248767 0 249719 5468166 2590 0 270849 0 0 0
cpu2 131661 9 198188 5672345 3475 0 242349 0 0 0
cpu3 75629 2138 147469 5805501 3621 0 240066 0 0 0
intr 1047092879 0 0 233654 75 0 87715 11921257 0 0 0 522868 0 0 0 0 0 0 0 0 0 0 0 0 0 0 0 0 0 0 0 0 0 0 0 0 0 0 0 0 0 0 0 0 0 0 0 0 0 0 0 0 699777313 0 0 0 0 0 0 0 0 55463 0 60936 0 0 0 0 0 0 0 0 0 0 0 186639070 1 0 0 0 0 0 0 0 0 0 0 0 0 0 0 0 0 0 0 0 0 0 0 55227 4215 0 0 0 0 2614024 0 0 0 0 0 0 0 0 0 0 0 0 0 0 0 0 0 0 0 0 0 0 0 0 0 0 0 0 0 0 0 0 0 0 0 0 0 0 0 0 0 0 0 0 0 0 0 0 0 0 0 0 0 0 0 0 0 0 0 0 0 0 0 0 0 0 0 0 0 0 0 0 0 0 0 145121062 0 0 0
ctxt 307103992
btime 1673393901
processes 46820
procs_running 5
procs_blocked 0
softirq 365477780 330189071 2436745 381679 5835084 60931 0 19853965 5297265 667 1422373

cpu  479865 2182 626848 22976341 14413 0 970631 0 0 0
cpu0 23800 34 31462 6030276 4725 0 217294 0 0 0
cpu1 248770 0 249726 5468194 2590 0 270856 0 0 0
cpu2 131665 9 198190 5672369 3475 0 242363 0 0 0
cpu3 75629 2138 147469 5805501 3621 0 240116 0 0 0
intr 1047114449 0 0 233655 75 0 87717 11921361 0 0 0 522869 0 0 0 0 0 0 0 0 0 0 0 0 0 0 0 0 0 0 0 0 0 0 0 0 0 0 0 0 0 0 0 0 0 0 0 0 0 0 0 0 699788995 0 0 0 0 0 0 0 0 55463 0 60936 0 0 0 0 0 0 0 0 0 0 0 186647225 1 0 0 0 0 0 0 0 0 0 0 0 0 0 0 0 0 0 0 0 0 0 0 55227 4215 0 0 0 0 2614046 0 0 0 0 0 0 0 0 0 0 0 0 0 0 0 0 0 0 0 0 0 0 0 0 0 0 0 0 0 0 0 0 0 0 0 0 0 0 0 0 0 0 0 0 0 0 0 0 0 0 0 0 0 0 0 0 0 0 0 0 0 0 0 0 0 0 0 0 0 0 0 0 0 0 0 145122674 0 0 0
ctxt 307106782
btime 1673393901
processes 46820
procs_running 7
procs_blocked 0
softirq 365494395 330205408 2436792 381682 5835103 60931 0 19854054 5297363 667 1422395

cpu  479871 2182 626856 22976417 14413 0 970721 0 0 0
cpu0 23800 34 31462 6030305 4725 0 217308 0 0 0
cpu1 248773 0 249730 5468219 2590 0 270868 0 0 0
cpu2 131668 9 198194 5672391 3475 0 242377 0 0 0
cpu3 75629 2138 147469 5805501 3621 0 240166 0 0 0
intr 1047136750 0 0 233655 75 0 87717 11921451 0 0 0 522869 0 0 0 0 0 0 0 0 0 0 0 0 0 0 0 0 0 0 0 0 0 0 0 0 0 0 0 0 0 0 0 0 0 0 0 0 0 0 0 0 699801068 0 0 0 0 0 0 0 0 55463 0 60936 0 0 0 0 0 0 0 0 0 0 0 186655818 1 0 0 0 0 0 0 0 0 0 0 0 0 0 0 0 0 0 0 0 0 0 0 55227 4215 0 0 0 0 2614068 0 0 0 0 0 0 0 0 0 0 0 0 0 0 0 0 0 0 0 0 0 0 0 0 0 0 0 0 0 0 0 0 0 0 0 0 0 0 0 0 0 0 0 0 0 0 0 0 0 0 0 0 0 0 0 0 0 0 0 0 0 0 0 0 0 0 0 0 0 0 0 0 0 0 0 145124194 0 0 0
ctxt 307109306
btime 1673393901
processes 46820
procs_running 5
procs_blocked 0
softirq 365519916 330230670 2436838 381682 5835121 60931 0 19854129 5297461 667 1422417

cpu  479905 2182 626867 22976520 14413 0 970762 0 0 0
cpu0 23802 34 31464 6030340 4725 0 217316 0 0 0
cpu1 248777 0 249735 5468254 2590 0 270872 0 0 0
cpu2 131673 9 198198 5672424 3475 0 242380 0 0 0
cpu3 75652 2138 147469 5805501 3621 0 240193 0 0 0
intr 1047150681 0 0 233655 75 0 87717 11921538 0 0 0 522869 0 0 0 0 0 0 0 0 0 0 0 0 0 0 0 0 0 0 0 0 0 0 0 0 0 0 0 0 0 0 0 0 0 0 0 0 0 0 0 0 699808985 0 0 0 0 0 0 0 0 55463 0 60936 0 0 0 0 0 0 0 0 0 0 0 186660011 1 0 0 0 0 0 0 0 0 0 0 0 0 0 0 0 0 0 0 0 0 0 0 55227 4215 0 0 0 0 2614085 0 0 0 0 0 0 0 0 0 0 0 0 0 0 0 0 0 0 0 0 0 0 0 0 0 0 0 0 0 0 0 0 0 0 0 0 0 0 0 0 0 0 0 0 0 0 0 0 0 0 0 0 0 0 0 0 0 0 0 0 0 0 0 0 0 0 0 0 0 0 0 0 0 0 0 145125905 0 0 0
ctxt 307112364
btime 1673393901
processes 46820
procs_running 4
procs_blocked 0
softirq 365531963 330242362 2436875 381693 5835154 60931 0 19854284 5297557 667 1422440

cpu  479908 2182 626874 22976703 14413 0 970763 0 0 0
cpu0 23802 34 31467 6030387 4725 0 217316 0 0 0
cpu1 248777 0 249736 5468300 2590 0 270872 0 0 0
cpu2 131673 9 198198 5672470 3475 0 242381 0 0 0
cpu3 75656 2138 147471 5805544 3621 0 240193 0 0 0
intr 1047158509 0 0 233655 75 0 87717 11921568 0 0 0 522869 0 0 0 0 0 0 0 0 0 0 0 0 0 0 0 0 0 0 0 0 0 0 0 0 0 0 0 0 0 0 0 0 0 0 0 0 0 0 0 0 699813788 0 0 0 0 0 0 0 0 55463 0 60940 0 0 0 0 0 0 0 0 0 0 0 186660934 1 0 0 0 0 0 0 0 0 0 0 0 0 0 0 0 0 0 0 0 0 0 0 55231 4215 0 0 0 0 2614107 0 0 0 0 0 0 0 0 0 0 0 0 0 0 0 0 0 0 0 0 0 0 0 0 0 0 0 0 0 0 0 0 0 0 0 0 0 0 0 0 0 0 0 0 0 0 0 0 0 0 0 0 0 0 0 0 0 0 0 0 0 0 0 0 0 0 0 0 0 0 0 0 0 0 0 145127946 0 0 0
ctxt 307116754
btime 1673393901
processes 46820
procs_running 1
procs_blocked 0
softirq 365533685 330243173 2436896 381701 5835155 60935 0 19855100 5297601 667 1422457

cpu  479910 2182 626879 22976892 14413 0 970763 0 0 0
cpu0 23802 34 31467 6030436 4725 0 217316 0 0 0
cpu1 248778 0 249737 5468347 2590 0 270872 0 0 0
cpu2 131674 9 198200 5672518 3475 0 242381 0 0 0
cpu3 75656 2138 147473 5805590 3621 0 240193 0 0 0
intr 1047164551 0 0 233656 75 0 87718 11921605 0 0 0 522869 0 0 0 0 0 0 0 0 0 0 0 0 0 0 0 0 0 0 0 0 0 0 0 0 0 0 0 0 0 0 0 0 0 0 0 0 0 0 0 0 699817804 0 0 0 0 0 0 0 0 55463 0 60940 0 0 0 0 0 0 0 0 0 0 0 186661088 1 0 0 0 0 0 0 0 0 0 0 0 0 0 0 0 0 0 0 0 0 0 0 55231 4215 0 0 0 0 2614129 0 0 0 0 0 0 0 0 0 0 0 0 0 0 0 0 0 0 0 0 0 0 0 0 0 0 0 0 0 0 0 0 0 0 0 0 0 0 0 0 0 0 0 0 0 0 0 0 0 0 0 0 0 0 0 0 0 0 0 0 0 0 0 0 0 0 0 0 0 0 0 0 0 0 0 145129757 0 0 0
ctxt 307120920
btime 1673393901
processes 46820
procs_running 2
procs_blocked 0
softirq 365533794 330243181 2436918 381702 5835156 60935 0 19855119 5297646 667 1422470

cpu  479910 2182 626886 22977081 14413 0 970763 0 0 0
cpu0 23802 34 31467 6030485 4725 0 217316 0 0 0
cpu1 248778 0 249741 5468392 2590 0 270872 0 0 0
cpu2 131674 9 198201 5672565 3475 0 242381 0 0 0
cpu3 75656 2138 147476 5805637 3621 0 240193 0 0 0
intr 1047170667 0 0 233656 75 0 87718 11921631 0 0 0 522869 0 0 0 0 0 0 0 0 0 0 0 0 0 0 0 0 0 0 0 0 0 0 0 0 0 0 0 0 0 0 0 0 0 0 0 0 0 0 0 0 699821808 0 0 0 0 0 0 0 0 55463 0 60940 0 0 0 0 0 0 0 0 0 0 0 186661216 1 0 0 0 0 0 0 0 0 0 0 0 0 0 0 0 0 0 0 0 0 0 0 55231 4215 0 0 0 0 2614151 0 0 0 0 0 0 0 0 0 0 0 0 0 0 0 0 0 0 0 0 0 0 0 0 0 0 0 0 0 0 0 0 0 0 0 0 0 0 0 0 0 0 0 0 0 0 0 0 0 0 0 0 0 0 0 0 0 0 0 0 0 0 0 0 0 0 0 0 0 0 0 0 0 0 0 145131697 0 0 0
ctxt 307125197
btime 1673393901
processes 46820
procs_running 3
procs_blocked 0
softirq 365533892 330243181 2436936 381702 5835157 60935 0 19855137 5297691 667 1422486
