cpu  34690 0 122911 5634318 3503 0 151208 0 0 0
cpu0 2621 0 3936 1456600 1007 0 35595 0 0 0
cpu1 17235 0 65046 1348068 529 0 41118 0 0 0
cpu2 9640 0 37846 1395308 741 0 38204 0 0 0
cpu3 5194 0 16082 1434341 1224 0 36290 0 0 0
intr 198211743 0 0 123173 74 0 16228 2180190 0 0 0 133382 0 0 0 0 0 0 0 0 0 0 0 0 0 0 0 0 0 0 0 0 0 0 0 0 0 0 0 0 0 0 0 0 0 0 0 0 0 0 0 0 145614011 0 0 0 0 0 0 0 0 44795 0 17404 0 0 0 0 0 0 0 0 0 0 0 25927934 1 0 0 0 0 0 0 0 0 0 0 0 0 0 0 0 0 0 0 0 0 0 0 13682 4197 0 0 0 0 623398 0 0 0 0 0 0 0 0 0 0 0 0 0 0 0 0 0 0 0 0 0 0 0 0 0 0 0 0 0 0 0 0 0 0 0 0 0 0 0 0 0 0 0 0 0 0 0 0 0 0 0 0 0 0 0 0 0 0 0 0 0 0 0 0 0 0 0 0 0 0 0 0 0 0 0 23513274 0 0 0
ctxt 49802497
btime 1671277109
processes 10730
procs_running 2
procs_blocked 0
softirq 55188246 46842139 527131 23443 2103914 17402 0 4200634 1056574 408 416601

cpu  34692 0 122915 5634509 3503 0 151209 0 0 0
cpu0 2621 0 3936 1456649 1007 0 35595 0 0 0
cpu1 17235 0 65048 1348114 529 0 41118 0 0 0
cpu2 9641 0 37848 1395354 741 0 38204 0 0 0
cpu3 5194 0 16082 1434391 1224 0 36290 0 0 0
intr 198216903 0 0 123177 74 0 16228 2180218 0 0 0 133387 0 0 0 0 0 0 0 0 0 0 0 0 0 0 0 0 0 0 0 0 0 0 0 0 0 0 0 0 0 0 0 0 0 0 0 0 0 0 0 0 145618023 0 0 0 0 0 0 0 0 44796 0 17404 0 0 0 0 0 0 0 0 0 0 0 25928062 1 0 0 0 0 0 0 0 0 0 0 0 0 0 0 0 0 0 0 0 0 0 0 13682 4197 0 0 0 0 623425 0 0 0 0 0 0 0 0 0 0 0 0 0 0 0 0 0 0 0 0 0 0 0 0 0 0 0 0 0 0 0 0 0 0 0 0 0 0 0 0 0 0 0 0 0 0 0 0 0 0 0 0 0 0 0 0 0 0 0 0 0 0 0 0 0 0 0 0 0 0 0 0 0 0 0 23514229 0 0 0
ctxt 49804409
btime 1671277109
processes 10730
procs_running 1
procs_blocked 0
softirq 55188337 46842139 527146 23443 2103916 17402 0 4200656 1056611 408 416616

cpu  34692 0 122920 5634699 3503 0 151209 0 0 0
cpu0 2621 0 3936 1456698 1007 0 35595 0 0 0
cpu1 17235 0 65051 1348160 529 0 41118 0 0 0
cpu2 9642 0 37850 1395399 741 0 38204 0 0 0
cpu3 5194 0 16082 1434440 1224 0 36290 0 0 0
intr 198222108 0 0 123186 74 0 16228 2180255 0 0 0 133392 0 0 0 0 0 0 0 0 0 0 0 0 0 0 0 0 0 0 0 0 0 0 0 0 0 0 0 0 0 0 0 0 0 0 0 0 0 0 0 0 145622045 0 0 0 0 0 0 0 0 44797 0 17404 0 0 0 0 0 0 0 0 0 0 0 25928216 1 0 0 0 0 0 0 0 0 0 0 0 0 0 0 0 0 0 0 0 0 0 0 13682 4197 0 0 0 0 623448 0 0 0 0 0 0 0 0 0 0 0 0 0 0 0 0 0 0 0 0 0 0 0 0 0 0 0 0 0 0 0 0 0 0 0 0 0 0 0 0 0 0 0 0 0 0 0 0 0 0 0 0 0 0 0 0 0 0 0 0 0 0 0 0 0 0 0 0 0 0 0 0 0 0 0 23515185 0 0 0
ctxt 49806321
btime 1671277109
processes 10730
procs_running 2
procs_blocked 0
softirq 55188435 46842147 527162 23443 2103918 17402 0 4200676 1056650 408 416629

cpu  34693 0 122924 5634889 3503 0 151209 0 0 0
cpu0 2621 0 3936 1456748 1007 0 35595 0 0 0
cpu1 17236 0 65053 1348206 529 0 41118 0 0 0
cpu2 9642 0 37852 1395445 741 0 38204 0 0 0
cpu3 5194 0 16082 1434489 1224 0 36290 0 0 0
intr 198227230 0 0 123190 74 0 16228 2180276 0 0 0 133397 0 0 0 0 0 0 0 0 0 0 0 0 0 0 0 0 0 0 0 0 0 0 0 0 0 0 0 0 0 0 0 0 0 0 0 0 0 0 0 0 145626041 0 0 0 0 0 0 0 0 44798 0 17404 0 0 0 0 0 0 0 0 0 0 0 25928344 1 0 0 0 0 0 0 0 0 0 0 0 0 0 0 0 0 0 0 0 0 0 0 13682 4197 0 0 0 0 623463 0 0 0 0 0 0 0 0 0 0 0 0 0 0 0 0 0 0 0 0 0 0 0 0 0 0 0 0 0 0 0 0 0 0 0 0 0 0 0 0 0 0 0 0 0 0 0 0 0 0 0 0 0 0 0 0 0 0 0 0 0 0 0 0 0 0 0 0 0 0 0 0 0 0 0 23516136 0 0 0
ctxt 49808208
btime 1671277109
processes 10730
procs_running 1
procs_blocked 0
softirq 55188507 46842147 527174 23443 2103919 17402 0 4200689 1056683 408 416642

cpu  34694 0 122928 5635079 3503 0 151209 0 0 0
cpu0 2621 0 3936 1456797 1007 0 35595 0 0 0
cpu1 17236 0 65055 1348252 529 0 41118 0 0 0
cpu2 9642 0 37854 1395491 741 0 38204 0 0 0
cpu3 5194 0 16082 1434539 1224 0 36290 0 0 0
intr 198232444 0 0 123198 74 0 16228 2180310 0 0 0 133402 0 0 0 0 0 0 0 0 0 0 0 0 0 0 0 0 0 0 0 0 0 0 0 0 0 0 0 0 0 0 0 0 0 0 0 0 0 0 0 0 145630070 0 0 0 0 0 0 0 0 44799 0 17404 0 0 0 0 0 0 0 0 0 0 0 25928498 1 0 0 0 0 0 0 0 0 0 0 0 0 0 0 0 0 0 0 0 0 0 0 13682 4197 0 0 0 0 623490 0 0 0 0 0 0 0 0 0 0 0 0 0 0 0 0 0 0 0 0 0 0 0 0 0 0 0 0 0 0 0 0 0 0 0 0 0 0 0 0 0 0 0 0 0 0 0 0 0 0 0 0 0 0 0 0 0 0 0 0 0 0 0 0 0 0 0 0 0 0 0 0 0 0 0 23517091 0 0 0
ctxt 49810141
btime 1671277109
processes 10730
procs_running 1
procs_blocked 0
softirq 55188607 46842155 527192 23443 2103921 17402 0 4200712 1056718 408 416656

cpu  34694 0 122930 5635269 3503 0 151209 0 0 0
cpu0 2621 0 3936 1456846 1007 0 35595 0 0 0
cpu1 17236 0 65057 1348297 529 0 41118 0 0 0
cpu2 9643 0 37854 1395536 741 0 38204 0 0 0
cpu3 5194 0 16082 1434588 1224 0 36290 0 0 0
intr 198237555 0 0 123202 74 0 16228 2180330 0 0 0 133407 0 0 0 0 0 0 0 0 0 0 0 0 0 0 0 0 0 0 0 0 0 0 0 0 0 0 0 0 0 0 0 0 0 0 0 0 0 0 0 0 145634067 0 0 0 0 0 0 0 0 44800 0 17404 0 0 0 0 0 0 0 0 0 0 0 25928626 1 0 0 0 0 0 0 0 0 0 0 0 0 0 0 0 0 0 0 0 0 0 0 13682 4197 0 0 0 0 623505 0 0 0 0 0 0 0 0 0 0 0 0 0 0 0 0 0 0 0 0 0 0 0 0 0 0 0 0 0 0 0 0 0 0 0 0 0 0 0 0 0 0 0 0 0 0 0 0 0 0 0 0 0 0 0 0 0 0 0 0 0 0 0 0 0 0 0 0 0 0 0 0 0 0 0 23518033 0 0 0
ctxt 49812021
btime 1671277109
processes 10730
procs_running 1
procs_blocked 0
softirq 55188668 46842155 527205 23443 2103922 17402 0 4200725 1056742 408 416666

cpu  34696 0 122934 5635460 3503 0 151209 0 0 0
cpu0 2621 0 3936 1456896 1007 0 35595 0 0 0
cpu1 17236 0 65058 1348343 529 0 41118 0 0 0
cpu2 9644 0 37856 1395582 741 0 38204 0 0 0
cpu3 5194 0 16082 1434637 1224 0 36291 0 0 0
intr 198242750 0 0 123211 74 0 16228 2180357 0 0 0 133412 0 0 0 0 0 0 0 0 0 0 0 0 0 0 0 0 0 0 0 0 0 0 0 0 0 0 0 0 0 0 0 0 0 0 0 0 0 0 0 0 145638092 0 0 0 0 0 0 0 0 44801 0 17404 0 0 0 0 0 0 0 0 0 0 0 25928779 1 0 0 0 0 0 0 0 0 0 0 0 0 0 0 0 0 0 0 0 0 0 0 13682 4197 0 0 0 0 623520 0 0 0 0 0 0 0 0 0 0 0 0 0 0 0 0 0 0 0 0 0 0 0 0 0 0 0 0 0 0 0 0 0 0 0 0 0 0 0 0 0 0 0 0 0 0 0 0 0 0 0 0 0 0 0 0 0 0 0 0 0 0 0 0 0 0 0 0 0 0 0 0 0 0 0 23518993 0 0 0
ctxt 49813933
btime 1671277109
processes 10730
procs_running 1
procs_blocked 0
softirq 55188759 46842163 527222 23443 2103923 17402 0 4200740 1056778 408 416680

cpu  34697 0 122936 5635650 3503 0 151209 0 0 0
cpu0 2621 0 3936 1456945 1007 0 35595 0 0 0
cpu1 17236 0 65059 1348389 529 0 41118 0 0 0
cpu2 9645 0 37858 1395628 741 0 38204 0 0 0
cpu3 5194 0 16082 1434687 1224 0 36291 0 0 0
intr 198247879 0 0 123215 74 0 16228 2180375 0 0 0 133417 0 0 0 0 0 0 0 0 0 0 0 0 0 0 0 0 0 0 0 0 0 0 0 0 0 0 0 0 0 0 0 0 0 0 0 0 0 0 0 0 145642096 0 0 0 0 0 0 0 0 44802 0 17404 0 0 0 0 0 0 0 0 0 0 0 25928907 1 0 0 0 0 0 0 0 0 0 0 0 0 0 0 0 0 0 0 0 0 0 0 13682 4197 0 0 0 0 623535 0 0 0 0 0 0 0 0 0 0 0 0 0 0 0 0 0 0 0 0 0 0 0 0 0 0 0 0 0 0 0 0 0 0 0 0 0 0 0 0 0 0 0 0 0 0 0 0 0 0 0 0 0 0 0 0 0 0 0 0 0 0 0 0 0 0 0 0 0 0 0 0 0 0 0 23519946 0 0 0
ctxt 49815814
btime 1671277109
processes 10730
procs_running 2
procs_blocked 0
softirq 55188827 46842163 527234 23443 2103924 17402 0 4200753 1056809 408 416691

cpu  34698 0 122939 5635840 3503 0 151209 0 0 0
cpu0 2621 0 3936 1456994 1007 0 35595 0 0 0
cpu1 17236 0 65061 1348435 529 0 41118 0 0 0
cpu2 9646 0 37858 1395673 741 0 38204 0 0 0
cpu3 5194 0 16082 1434736 1224 0 36291 0 0 0
intr 198253099 0 0 123223 74 0 16228 2180414 0 0 0 133422 0 0 0 0 0 0 0 0 0 0 0 0 0 0 0 0 0 0 0 0 0 0 0 0 0 0 0 0 0 0 0 0 0 0 0 0 0 0 0 0 145646123 0 0 0 0 0 0 0 0 44804 0 17404 0 0 0 0 0 0 0 0 0 0 0 25929060 1 0 0 0 0 0 0 0 0 0 0 0 0 0 0 0 0 0 0 0 0 0 0 13682 4197 0 0 0 0 623567 0 0 0 0 0 0 0 0 0 0 0 0 0 0 0 0 0 0 0 0 0 0 0 0 0 0 0 0 0 0 0 0 0 0 0 0 0 0 0 0 0 0 0 0 0 0 0 0 0 0 0 0 0 0 0 0 0 0 0 0 0 0 0 0 0 0 0 0 0 0 0 0 0 0 0 23520901 0 0 0
ctxt 49817760
btime 1671277109
processes 10730
procs_running 1
procs_blocked 0
softirq 55188934 46842171 527256 23444 2103926 17402 0 4200781 1056843 408 416703

cpu  34699 0 122941 5636030 3503 0 151209 0 0 0
cpu0 2621 0 3936 1457044 1007 0 35595 0 0 0
cpu1 17236 0 65063 1348480 529 0 41118 0 0 0
cpu2 9648 0 37859 1395719 741 0 38204 0 0 0
cpu3 5194 0 16082 1434785 1224 0 36291 0 0 0
intr 198258230 0 0 123227 74 0 16228 2180441 0 0 0 133427 0 0 0 0 0 0 0 0 0 0 0 0 0 0 0 0 0 0 0 0 0 0 0 0 0 0 0 0 0 0 0 0 0 0 0 0 0 0 0 0 145650120 0 0 0 0 0 0 0 0 44805 0 17406 0 0 0 0 0 0 0 0 0 0 0 25929188 1 0 0 0 0 0 0 0 0 0 0 0 0 0 0 0 0 0 0 0 0 0 0 13684 4197 0 0 0 0 623582 0 0 0 0 0 0 0 0 0 0 0 0 0 0 0 0 0 0 0 0 0 0 0 0 0 0 0 0 0 0 0 0 0 0 0 0 0 0 0 0 0 0 0 0 0 0 0 0 0 0 0 0 0 0 0 0 0 0 0 0 0 0 0 0 0 0 0 0 0 0 0 0 0 0 0 23521851 0 0 0
ctxt 49819670
btime 1671277109
processes 10730
procs_running 1
procs_blocked 0
softirq 55189016 46842171 527270 23444 2103927 17404 0 4200800 1056877 408 416715

cpu  34700 0 122946 5636220 3503 0 151209 0 0 0
cpu0 2621 0 3936 1457093 1007 0 35595 0 0 0
cpu1 17237 0 65066 1348526 529 0 41118 0 0 0
cpu2 9648 0 37861 1395765 741 0 38204 0 0 0
cpu3 5194 0 16082 1434835 1224 0 36291 0 0 0
intr 198263407 0 0 123234 74 0 16228 2180465 0 0 0 133431 0 0 0 0 0 0 0 0 0 0 0 0 0 0 0 0 0 0 0 0 0 0 0 0 0 0 0 0 0 0 0 0 0 0 0 0 0 0 0 0 145654138 0 0 0 0 0 0 0 0 44806 0 17406 0 0 0 0 0 0 0 0 0 0 0 25929340 1 0 0 0 0 0 0 0 0 0 0 0 0 0 0 0 0 0 0 0 0 0 0 13684 4197 0 0 0 0 623597 0 0 0 0 0 0 0 0 0 0 0 0 0 0 0 0 0 0 0 0 0 0 0 0 0 0 0 0 0 0 0 0 0 0 0 0 0 0 0 0 0 0 0 0 0 0 0 0 0 0 0 0 0 0 0 0 0 0 0 0 0 0 0 0 0 0 0 0 0 0 0 0 0 0 0 23522807 0 0 0
ctxt 49821578
btime 1671277109
processes 10730
procs_running 2
procs_blocked 0
softirq 55189106 46842179 527286 23444 2103928 17404 0 4200815 1056916 408 416726

cpu  34701 0 122950 5636411 3503 0 151209 0 0 0
cpu0 2621 0 3936 1457143 1007 0 35595 0 0 0
cpu1 17237 0 65068 1348572 529 0 41118 0 0 0
cpu2 9649 0 37863 1395810 741 0 38204 0 0 0
cpu3 5194 0 16082 1434884 1224 0 36291 0 0 0
intr 198268538 0 0 123240 74 0 16228 2180488 0 0 0 133436 0 0 0 0 0 0 0 0 0 0 0 0 0 0 0 0 0 0 0 0 0 0 0 0 0 0 0 0 0 0 0 0 0 0 0 0 0 0 0 0 145658142 0 0 0 0 0 0 0 0 44807 0 17406 0 0 0 0 0 0 0 0 0 0 0 25929468 1 0 0 0 0 0 0 0 0 0 0 0 0 0 0 0 0 0 0 0 0 0 0 13684 4197 0 0 0 0 623612 0 0 0 0 0 0 0 0 0 0 0 0 0 0 0 0 0 0 0 0 0 0 0 0 0 0 0 0 0 0 0 0 0 0 0 0 0 0 0 0 0 0 0 0 0 0 0 0 0 0 0 0 0 0 0 0 0 0 0 0 0 0 0 0 0 0 0 0 0 0 0 0 0 0 0 23523756 0 0 0
ctxt 49823466
btime 1671277109
processes 10730
procs_running 1
procs_blocked 0
softirq 55189176 46842179 527299 23444 2103929 17404 0 4200828 1056947 408 416738

cpu  34702 0 122953 5636601 3503 0 151209 0 0 0
cpu0 2621 0 3936 1457192 1007 0 35595 0 0 0
cpu1 17237 0 65069 1348618 529 0 41118 0 0 0
cpu2 9650 0 37865 1395856 741 0 38204 0 0 0
cpu3 5194 0 16083 1434933 1224 0 36291 0 0 0
intr 198273725 0 0 123246 74 0 16228 2180518 0 0 0 133441 0 0 0 0 0 0 0 0 0 0 0 0 0 0 0 0 0 0 0 0 0 0 0 0 0 0 0 0 0 0 0 0 0 0 0 0 0 0 0 0 145662160 0 0 0 0 0 0 0 0 44808 0 17406 0 0 0 0 0 0 0 0 0 0 0 25929620 1 0 0 0 0 0 0 0 0 0 0 0 0 0 0 0 0 0 0 0 0 0 0 13684 4197 0 0 0 0 623627 0 0 0 0 0 0 0 0 0 0 0 0 0 0 0 0 0 0 0 0 0 0 0 0 0 0 0 0 0 0 0 0 0 0 0 0 0 0 0 0 0 0 0 0 0 0 0 0 0 0 0 0 0 0 0 0 0 0 0 0 0 0 0 0 0 0 0 0 0 0 0 0 0 0 0 23524716 0 0 0
ctxt 49825388
btime 1671277109
processes 10730
procs_running 1
procs_blocked 0
softirq 55189267 46842187 527315 23444 2103930 17404 0 4200843 1056984 408 416752

cpu  34703 0 122958 5636791 3503 0 151209 0 0 0
cpu0 2621 0 3936 1457241 1007 0 35595 0 0 0
cpu1 17237 0 65072 1348664 529 0 41118 0 0 0
cpu2 9650 0 37867 1395902 741 0 38204 0 0 0
cpu3 5194 0 16083 1434983 1224 0 36291 0 0 0
intr 198278858 0 0 123252 74 0 16228 2180537 0 0 0 133446 0 0 0 0 0 0 0 0 0 0 0 0 0 0 0 0 0 0 0 0 0 0 0 0 0 0 0 0 0 0 0 0 0 0 0 0 0 0 0 0 145666165 0 0 0 0 0 0 0 0 44809 0 17406 0 0 0 0 0 0 0 0 0 0 0 25929748 1 0 0 0 0 0 0 0 0 0 0 0 0 0 0 0 0 0 0 0 0 0 0 13684 4197 0 0 0 0 623642 0 0 0 0 0 0 0 0 0 0 0 0 0 0 0 0 0 0 0 0 0 0 0 0 0 0 0 0 0 0 0 0 0 0 0 0 0 0 0 0 0 0 0 0 0 0 0 0 0 0 0 0 0 0 0 0 0 0 0 0 0 0 0 0 0 0 0 0 0 0 0 0 0 0 0 23525670 0 0 0
ctxt 49827271
btime 1671277109
processes 10730
procs_running 1
procs_blocked 0
softirq 55189340 46842187 527327 23444 2103931 17404 0 4200856 1057019 408 416764

cpu  34704 0 122962 5636981 3503 0 151209 0 0 0
cpu0 2621 0 3936 1457291 1007 0 35595 0 0 0
cpu1 17238 0 65073 1348710 529 0 41118 0 0 0
cpu2 9651 0 37869 1395947 741 0 38204 0 0 0
cpu3 5194 0 16083 1435032 1224 0 36291 0 0 0
intr 198284027 0 0 123257 74 0 16228 2180562 0 0 0 133451 0 0 0 0 0 0 0 0 0 0 0 0 0 0 0 0 0 0 0 0 0 0 0 0 0 0 0 0 0 0 0 0 0 0 0 0 0 0 0 0 145670182 0 0 0 0 0 0 0 0 44810 0 17406 0 0 0 0 0 0 0 0 0 0 0 25929900 1 0 0 0 0 0 0 0 0 0 0 0 0 0 0 0 0 0 0 0 0 0 0 13684 4197 0 0 0 0 623657 0 0 0 0 0 0 0 0 0 0 0 0 0 0 0 0 0 0 0 0 0 0 0 0 0 0 0 0 0 0 0 0 0 0 0 0 0 0 0 0 0 0 0 0 0 0 0 0 0 0 0 0 0 0 0 0 0 0 0 0 0 0 0 0 0 0 0 0 0 0 0 0 0 0 0 23526619 0 0 0
ctxt 49829176
btime 1671277109
processes 10730
procs_running 1
procs_blocked 0
softirq 55189425 46842195 527343 23444 2103932 17404 0 4200870 1057053 408 416776

cpu  34705 0 122966 5637172 3503 0 151209 0 0 0
cpu0 2621 0 3936 1457340 1007 0 35595 0 0 0
cpu1 17238 0 65075 1348756 529 0 41118 0 0 0
cpu2 9651 0 37872 1395993 741 0 38204 0 0 0
cpu3 5194 0 16083 1435082 1224 0 36291 0 0 0
intr 198289150 0 0 123261 74 0 16228 2180581 0 0 0 133456 0 0 0 0 0 0 0 0 0 0 0 0 0 0 0 0 0 0 0 0 0 0 0 0 0 0 0 0 0 0 0 0 0 0 0 0 0 0 0 0 145674185 0 0 0 0 0 0 0 0 44811 0 17406 0 0 0 0 0 0 0 0 0 0 0 25930028 1 0 0 0 0 0 0 0 0 0 0 0 0 0 0 0 0 0 0 0 0 0 0 13684 4197 0 0 0 0 623672 0 0 0 0 0 0 0 0 0 0 0 0 0 0 0 0 0 0 0 0 0 0 0 0 0 0 0 0 0 0 0 0 0 0 0 0 0 0 0 0 0 0 0 0 0 0 0 0 0 0 0 0 0 0 0 0 0 0 0 0 0 0 0 0 0 0 0 0 0 0 0 0 0 0 0 23527567 0 0 0
ctxt 49831059
btime 1671277109
processes 10730
procs_running 2
procs_blocked 0
softirq 55189496 46842195 527355 23444 2103933 17404 0 4200883 1057085 408 416789

cpu  34706 0 122971 5637361 3503 0 151209 0 0 0
cpu0 2621 0 3936 1457389 1007 0 35595 0 0 0
cpu1 17239 0 65078 1348801 529 0 41118 0 0 0
cpu2 9652 0 37874 1396039 741 0 38204 0 0 0
cpu3 5194 0 16083 1435131 1224 0 36291 0 0 0
intr 198294327 0 0 123265 74 0 16228 2180607 0 0 0 133461 0 0 0 0 0 0 0 0 0 0 0 0 0 0 0 0 0 0 0 0 0 0 0 0 0 0 0 0 0 0 0 0 0 0 0 0 0 0 0 0 145678205 0 0 0 0 0 0 0 0 44812 0 17406 0 0 0 0 0 0 0 0 0 0 0 25930178 1 0 0 0 0 0 0 0 0 0 0 0 0 0 0 0 0 0 0 0 0 0 0 13684 4197 0 0 0 0 623687 0 0 0 0 0 0 0 0 0 0 0 0 0 0 0 0 0 0 0 0 0 0 0 0 0 0 0 0 0 0 0 0 0 0 0 0 0 0 0 0 0 0 0 0 0 0 0 0 0 0 0 0 0 0 0 0 0 0 0 0 0 0 0 0 0 0 0 0 0 0 0 0 0 0 0 23528522 0 0 0
ctxt 49832969
btime 1671277109
processes 10730
procs_running 2
procs_blocked 0
softirq 55189584 46842203 527370 23444 2103934 17404 0 4200897 1057121 408 416803

cpu  34707 0 122975 5637552 3503 0 151209 0 0 0
cpu0 2621 0 3936 1457439 1007 0 35595 0 0 0
cpu1 17239 0 65080 1348847 529 0 41118 0 0 0
cpu2 9652 0 37876 1396084 741 0 38204 0 0 0
cpu3 5194 0 16083 1435180 1224 0 36291 0 0 0
intr 198299463 0 0 123273 74 0 16228 2180628 0 0 0 133466 0 0 0 0 0 0 0 0 0 0 0 0 0 0 0 0 0 0 0 0 0 0 0 0 0 0 0 0 0 0 0 0 0 0 0 0 0 0 0 0 145682209 0 0 0 0 0 0 0 0 44813 0 17406 0 0 0 0 0 0 0 0 0 0 0 25930306 1 0 0 0 0 0 0 0 0 0 0 0 0 0 0 0 0 0 0 0 0 0 0 13684 4197 0 0 0 0 623702 0 0 0 0 0 0 0 0 0 0 0 0 0 0 0 0 0 0 0 0 0 0 0 0 0 0 0 0 0 0 0 0 0 0 0 0 0 0 0 0 0 0 0 0 0 0 0 0 0 0 0 0 0 0 0 0 0 0 0 0 0 0 0 0 0 0 0 0 0 0 0 0 0 0 0 23529477 0 0 0
ctxt 49834865
btime 1671277109
processes 10730
procs_running 1
procs_blocked 0
softirq 55189657 46842203 527383 23444 2103935 17404 0 4200910 1057154 408 416816

cpu  34708 0 122979 5637742 3503 0 151209 0 0 0
cpu0 2621 0 3936 1457488 1007 0 35595 0 0 0
cpu1 17239 0 65081 1348893 529 0 41118 0 0 0
cpu2 9653 0 37878 1396130 741 0 38204 0 0 0
cpu3 5194 0 16083 1435230 1224 0 36291 0 0 0
intr 198304643 0 0 123278 74 0 16228 2180656 0 0 0 133471 0 0 0 0 0 0 0 0 0 0 0 0 0 0 0 0 0 0 0 0 0 0 0 0 0 0 0 0 0 0 0 0 0 0 0 0 0 0 0 0 145686228 0 0 0 0 0 0 0 0 44814 0 17406 0 0 0 0 0 0 0 0 0 0 0 25930460 1 0 0 0 0 0 0 0 0 0 0 0 0 0 0 0 0 0 0 0 0 0 0 13684 4197 0 0 0 0 623717 0 0 0 0 0 0 0 0 0 0 0 0 0 0 0 0 0 0 0 0 0 0 0 0 0 0 0 0 0 0 0 0 0 0 0 0 0 0 0 0 0 0 0 0 0 0 0 0 0 0 0 0 0 0 0 0 0 0 0 0 0 0 0 0 0 0 0 0 0 0 0 0 0 0 0 23530430 0 0 0
ctxt 49836775
btime 1671277109
processes 10730
procs_running 2
procs_blocked 0
softirq 55189744 46842211 527399 23444 2103936 17404 0 4200925 1057190 408 416827

cpu  34709 0 122983 5637932 3503 0 151209 0 0 0
cpu0 2622 0 3936 1457537 1007 0 35595 0 0 0
cpu1 17239 0 65083 1348939 529 0 41118 0 0 0
cpu2 9654 0 37880 1396176 741 0 38204 0 0 0
cpu3 5194 0 16083 1435279 1224 0 36291 0 0 0
intr 198309799 0 0 123282 74 0 16228 2180684 0 0 0 133476 0 0 0 0 0 0 0 0 0 0 0 0 0 0 0 0 0 0 0 0 0 0 0 0 0 0 0 0 0 0 0 0 0 0 0 0 0 0 0 0 145690234 0 0 0 0 0 0 0 0 44816 0 17406 0 0 0 0 0 0 0 0 0 0 0 25930588 1 0 0 0 0 0 0 0 0 0 0 0 0 0 0 0 0 0 0 0 0 0 0 13684 4197 0 0 0 0 623744 0 0 0 0 0 0 0 0 0 0 0 0 0 0 0 0 0 0 0 0 0 0 0 0 0 0 0 0 0 0 0 0 0 0 0 0 0 0 0 0 0 0 0 0 0 0 0 0 0 0 0 0 0 0 0 0 0 0 0 0 0 0 0 0 0 0 0 0 0 0 0 0 0 0 0 23531386 0 0 0
ctxt 49838689
btime 1671277109
processes 10730
procs_running 1
procs_blocked 0
softirq 55189832 46842211 527415 23444 2103938 17404 0 4200947 1057227 408 416838

cpu  34711 0 122987 5638122 3503 0 151209 0 0 0
cpu0 2622 0 3936 1457586 1007 0 35595 0 0 0
cpu1 17240 0 65084 1348984 529 0 41118 0 0 0
cpu2 9654 0 37882 1396222 741 0 38204 0 0 0
cpu3 5194 0 16083 1435328 1224 0 36291 0 0 0
intr 198314992 0 0 123286 74 0 16228 2180713 0 0 0 133481 0 0 0 0 0 0 0 0 0 0 0 0 0 0 0 0 0 0 0 0 0 0 0 0 0 0 0 0 0 0 0 0 0 0 0 0 0 0 0 0 145694259 0 0 0 0 0 0 0 0 44817 0 17408 0 0 0 0 0 0 0 0 0 0 0 25930742 1 0 0 0 0 0 0 0 0 0 0 0 0 0 0 0 0 0 0 0 0 0 0 13686 4197 0 0 0 0 623759 0 0 0 0 0 0 0 0 0 0 0 0 0 0 0 0 0 0 0 0 0 0 0 0 0 0 0 0 0 0 0 0 0 0 0 0 0 0 0 0 0 0 0 0 0 0 0 0 0 0 0 0 0 0 0 0 0 0 0 0 0 0 0 0 0 0 0 0 0 0 0 0 0 0 0 23532342 0 0 0
ctxt 49840617
btime 1671277109
processes 10730
procs_running 2
procs_blocked 0
softirq 55189931 46842219 527433 23445 2103939 17406 0 4200969 1057262 408 416850

cpu  34712 0 122991 5638312 3503 0 151209 0 0 0
cpu0 2622 0 3936 1457635 1007 0 35595 0 0 0
cpu1 17240 0 65086 1349030 529 0 41118 0 0 0
cpu2 9654 0 37885 1396268 741 0 38204 0 0 0
cpu3 5194 0 16083 1435378 1224 0 36291 0 0 0
intr 198320139 0 0 123290 74 0 16228 2180747 0 0 0 133486 0 0 0 0 0 0 0 0 0 0 0 0 0 0 0 0 0 0 0 0 0 0 0 0 0 0 0 0 0 0 0 0 0 0 0 0 0 0 0 0 145698255 0 0 0 0 0 0 0 0 44818 0 17408 0 0 0 0 0 0 0 0 0 0 0 25930870 1 0 0 0 0 0 0 0 0 0 0 0 0 0 0 0 0 0 0 0 0 0 0 13686 4197 0 0 0 0 623784 0 0 0 0 0 0 0 0 0 0 0 0 0 0 0 0 0 0 0 0 0 0 0 0 0 0 0 0 0 0 0 0 0 0 0 0 0 0 0 0 0 0 0 0 0 0 0 0 0 0 0 0 0 0 0 0 0 0 0 0 0 0 0 0 0 0 0 0 0 0 0 0 0 0 0 23533295 0 0 0
ctxt 49842535
btime 1671277109
processes 10730
procs_running 2
procs_blocked 0
softirq 55190012 46842219 527446 23445 2103941 17406 0 4200989 1057297 408 416861

cpu  34712 0 122996 5638502 3503 0 151209 0 0 0
cpu0 2623 0 3936 1457684 1007 0 35595 0 0 0
cpu1 17240 0 65089 1349075 529 0 41118 0 0 0
cpu2 9654 0 37887 1396314 741 0 38204 0 0 0
cpu3 5194 0 16083 1435427 1224 0 36291 0 0 0
intr 198325282 0 0 123295 74 0 16228 2180772 0 0 0 133491 0 0 0 0 0 0 0 0 0 0 0 0 0 0 0 0 0 0 0 0 0 0 0 0 0 0 0 0 0 0 0 0 0 0 0 0 0 0 0 0 145702260 0 0 0 0 0 0 0 0 44819 0 17408 0 0 0 0 0 0 0 0 0 0 0 25931000 1 0 0 0 0 0 0 0 0 0 0 0 0 0 0 0 0 0 0 0 0 0 0 13686 4197 0 0 0 0 623799 0 0 0 0 0 0 0 0 0 0 0 0 0 0 0 0 0 0 0 0 0 0 0 0 0 0 0 0 0 0 0 0 0 0 0 0 0 0 0 0 0 0 0 0 0 0 0 0 0 0 0 0 0 0 0 0 0 0 0 0 0 0 0 0 0 0 0 0 0 0 0 0 0 0 0 23534253 0 0 0
ctxt 49844434
btime 1671277109
processes 10730
procs_running 2
procs_blocked 0
softirq 55190093 46842219 527463 23445 2103942 17406 0 4201003 1057333 408 416874

cpu  34714 0 122999 5638692 3503 0 151209 0 0 0
cpu0 2623 0 3936 1457733 1007 0 35595 0 0 0
cpu1 17241 0 65090 1349121 529 0 41118 0 0 0
cpu2 9655 0 37889 1396360 741 0 38204 0 0 0
cpu3 5194 0 16083 1435476 1224 0 36291 0 0 0
intr 198330466 0 0 123299 74 0 16228 2180802 0 0 0 133496 0 0 0 0 0 0 0 0 0 0 0 0 0 0 0 0 0 0 0 0 0 0 0 0 0 0 0 0 0 0 0 0 0 0 0 0 0 0 0 0 145706287 0 0 0 0 0 0 0 0 44820 0 17408 0 0 0 0 0 0 0 0 0 0 0 25931151 1 0 0 0 0 0 0 0 0 0 0 0 0 0 0 0 0 0 0 0 0 0 0 13686 4197 0 0 0 0 623814 0 0 0 0 0 0 0 0 0 0 0 0 0 0 0 0 0 0 0 0 0 0 0 0 0 0 0 0 0 0 0 0 0 0 0 0 0 0 0 0 0 0 0 0 0 0 0 0 0 0 0 0 0 0 0 0 0 0 0 0 0 0 0 0 0 0 0 0 0 0 0 0 0 0 0 23535205 0 0 0
ctxt 49846343
btime 1671277109
processes 10730
procs_running 2
procs_blocked 0
softirq 55190176 46842227 527477 23445 2103943 17406 0 4201019 1057365 408 416886

cpu  34715 0 123003 5638882 3503 0 151209 0 0 0
cpu0 2624 0 3936 1457782 1007 0 35595 0 0 0
cpu1 17241 0 65092 1349167 529 0 41118 0 0 0
cpu2 9655 0 37891 1396406 741 0 38204 0 0 0
cpu3 5194 0 16083 1435526 1224 0 36291 0 0 0
intr 198335606 0 0 123303 74 0 16228 2180834 0 0 0 133501 0 0 0 0 0 0 0 0 0 0 0 0 0 0 0 0 0 0 0 0 0 0 0 0 0 0 0 0 0 0 0 0 0 0 0 0 0 0 0 0 145710283 0 0 0 0 0 0 0 0 44821 0 17408 0 0 0 0 0 0 0 0 0 0 0 25931281 1 0 0 0 0 0 0 0 0 0 0 0 0 0 0 0 0 0 0 0 0 0 0 13686 4197 0 0 0 0 623835 0 0 0 0 0 0 0 0 0 0 0 0 0 0 0 0 0 0 0 0 0 0 0 0 0 0 0 0 0 0 0 0 0 0 0 0 0 0 0 0 0 0 0 0 0 0 0 0 0 0 0 0 0 0 0 0 0 0 0 0 0 0 0 0 0 0 0 0 0 0 0 0 0 0 0 23536155 0 0 0
ctxt 49848255
btime 1671277109
processes 10730
procs_running 1
procs_blocked 0
softirq 55190259 46842227 527495 23445 2103945 17406 0 4201037 1057397 408 416899

cpu  34715 0 123006 5639072 3503 0 151209 0 0 0
cpu0 2624 0 3936 1457831 1007 0 35595 0 0 0
cpu1 17241 0 65093 1349213 529 0 41118 0 0 0
cpu2 9655 0 37892 1396452 741 0 38204 0 0 0
cpu3 5194 0 16083 1435575 1224 0 36291 0 0 0
intr 198340804 0 0 123307 74 0 16228 2180869 0 0 0 133506 0 0 0 0 0 0 0 0 0 0 0 0 0 0 0 0 0 0 0 0 0 0 0 0 0 0 0 0 0 0 0 0 0 0 0 0 0 0 0 0 145714310 0 0 0 0 0 0 0 0 44822 0 17408 0 0 0 0 0 0 0 0 0 0 0 25931433 1 0 0 0 0 0 0 0 0 0 0 0 0 0 0 0 0 0 0 0 0 0 0 13686 4197 0 0 0 0 623858 0 0 0 0 0 0 0 0 0 0 0 0 0 0 0 0 0 0 0 0 0 0 0 0 0 0 0 0 0 0 0 0 0 0 0 0 0 0 0 0 0 0 0 0 0 0 0 0 0 0 0 0 0 0 0 0 0 0 0 0 0 0 0 0 0 0 0 0 0 0 0 0 0 0 0 23537106 0 0 0
ctxt 49850183
btime 1671277109
processes 10730
procs_running 2
procs_blocked 0
softirq 55190341 46842235 527508 23445 2103947 17406 0 4201057 1057425 408 416910

cpu  34718 0 123009 5639262 3503 0 151209 0 0 0
cpu0 2624 0 3936 1457880 1007 0 35595 0 0 0
cpu1 17242 0 65094 1349259 529 0 41118 0 0 0
cpu2 9656 0 37894 1396498 741 0 38204 0 0 0
cpu3 5194 0 16083 1435624 1224 0 36291 0 0 0
intr 198345933 0 0 123312 74 0 16228 2180892 0 0 0 133511 0 0 0 0 0 0 0 0 0 0 0 0 0 0 0 0 0 0 0 0 0 0 0 0 0 0 0 0 0 0 0 0 0 0 0 0 0 0 0 0 145718304 0 0 0 0 0 0 0 0 44823 0 17408 0 0 0 0 0 0 0 0 0 0 0 25931563 1 0 0 0 0 0 0 0 0 0 0 0 0 0 0 0 0 0 0 0 0 0 0 13686 4197 0 0 0 0 623873 0 0 0 0 0 0 0 0 0 0 0 0 0 0 0 0 0 0 0 0 0 0 0 0 0 0 0 0 0 0 0 0 0 0 0 0 0 0 0 0 0 0 0 0 0 0 0 0 0 0 0 0 0 0 0 0 0 0 0 0 0 0 0 0 0 0 0 0 0 0 0 0 0 0 0 23538062 0 0 0
ctxt 49852074
btime 1671277109
processes 10730
procs_running 2
procs_blocked 0
softirq 55190422 46842235 527524 23445 2103948 17406 0 4201071 1057463 408 416922

cpu  34719 0 123012 5639452 3503 0 151209 0 0 0
cpu0 2625 0 3936 1457929 1007 0 35595 0 0 0
cpu1 17243 0 65096 1349304 529 0 41118 0 0 0
cpu2 9657 0 37896 1396544 741 0 38204 0 0 0
cpu3 5194 0 16083 1435674 1224 0 36291 0 0 0
intr 198351114 0 0 123316 74 0 16228 2180924 0 0 0 133516 0 0 0 0 0 0 0 0 0 0 0 0 0 0 0 0 0 0 0 0 0 0 0 0 0 0 0 0 0 0 0 0 0 0 0 0 0 0 0 0 145722332 0 0 0 0 0 0 0 0 44824 0 17408 0 0 0 0 0 0 0 0 0 0 0 25931715 1 0 0 0 0 0 0 0 0 0 0 0 0 0 0 0 0 0 0 0 0 0 0 13686 4197 0 0 0 0 623888 0 0 0 0 0 0 0 0 0 0 0 0 0 0 0 0 0 0 0 0 0 0 0 0 0 0 0 0 0 0 0 0 0 0 0 0 0 0 0 0 0 0 0 0 0 0 0 0 0 0 0 0 0 0 0 0 0 0 0 0 0 0 0 0 0 0 0 0 0 0 0 0 0 0 0 23539008 0 0 0
ctxt 49853979
btime 1671277109
processes 10730
procs_running 2
procs_blocked 0
softirq 55190498 46842243 527537 23445 2103949 17406 0 4201085 1057492 408 416933

cpu  34720 0 123016 5639643 3503 0 151209 0 0 0
cpu0 2625 0 3936 1457979 1007 0 35595 0 0 0
cpu1 17243 0 65098 1349350 529 0 41118 0 0 0
cpu2 9657 0 37898 1396589 741 0 38204 0 0 0
cpu3 5194 0 16083 1435723 1224 0 36291 0 0 0
intr 198356251 0 0 123320 74 0 16228 2180947 0 0 0 133521 0 0 0 0 0 0 0 0 0 0 0 0 0 0 0 0 0 0 0 0 0 0 0 0 0 0 0 0 0 0 0 0 0 0 0 0 0 0 0 0 145726336 0 0 0 0 0 0 0 0 44825 0 17408 0 0 0 0 0 0 0 0 0 0 0 25931845 1 0 0 0 0 0 0 0 0 0 0 0 0 0 0 0 0 0 0 0 0 0 0 13686 4197 0 0 0 0 623903 0 0 0 0 0 0 0 0 0 0 0 0 0 0 0 0 0 0 0 0 0 0 0 0 0 0 0 0 0 0 0 0 0 0 0 0 0 0 0 0 0 0 0 0 0 0 0 0 0 0 0 0 0 0 0 0 0 0 0 0 0 0 0 0 0 0 0 0 0 0 0 0 0 0 0 23539962 0 0 0
ctxt 49855877
btime 1671277109
processes 10730
procs_running 3
procs_blocked 0
softirq 55190572 46842243 527552 23445 2103950 17406 0 4201099 1057524 408 416945

cpu  34721 0 123020 5639833 3503 0 151209 0 0 0
cpu0 2626 0 3936 1458028 1007 0 35595 0 0 0
cpu1 17244 0 65100 1349396 529 0 41118 0 0 0
cpu2 9657 0 37899 1396635 741 0 38204 0 0 0
cpu3 5194 0 16083 1435772 1224 0 36291 0 0 0
intr 198361433 0 0 123324 74 0 16228 2180977 0 0 0 133526 0 0 0 0 0 0 0 0 0 0 0 0 0 0 0 0 0 0 0 0 0 0 0 0 0 0 0 0 0 0 0 0 0 0 0 0 0 0 0 0 145730356 0 0 0 0 0 0 0 0 44826 0 17408 0 0 0 0 0 0 0 0 0 0 0 25931996 1 0 0 0 0 0 0 0 0 0 0 0 0 0 0 0 0 0 0 0 0 0 0 13686 4197 0 0 0 0 623918 0 0 0 0 0 0 0 0 0 0 0 0 0 0 0 0 0 0 0 0 0 0 0 0 0 0 0 0 0 0 0 0 0 0 0 0 0 0 0 0 0 0 0 0 0 0 0 0 0 0 0 0 0 0 0 0 0 0 0 0 0 0 0 0 0 0 0 0 0 0 0 0 0 0 0 23540916 0 0 0
ctxt 49857787
btime 1671277109
processes 10730
procs_running 1
procs_blocked 0
softirq 55190655 46842251 527567 23446 2103951 17406 0 4201112 1057557 408 416957

cpu  34722 0 123023 5640022 3503 0 151210 0 0 0
cpu0 2626 0 3936 1458077 1007 0 35595 0 0 0
cpu1 17244 0 65102 1349441 529 0 41118 0 0 0
cpu2 9657 0 37900 1396681 741 0 38204 0 0 0
cpu3 5194 0 16083 1435821 1224 0 36291 0 0 0
intr 198366805 0 0 123329 74 0 16228 2181007 0 0 0 133531 0 0 0 0 0 0 0 0 0 0 0 0 0 0 0 0 0 0 0 0 0 0 0 0 0 0 0 0 0 0 0 0 0 0 0 0 0 0 0 0 145734472 0 0 0 0 0 0 0 0 44827 0 17408 0 0 0 0 0 0 0 0 0 0 0 25932249 1 0 0 0 0 0 0 0 0 0 0 0 0 0 0 0 0 0 0 0 0 0 0 13686 4197 0 0 0 0 623933 0 0 0 0 0 0 0 0 0 0 0 0 0 0 0 0 0 0 0 0 0 0 0 0 0 0 0 0 0 0 0 0 0 0 0 0 0 0 0 0 0 0 0 0 0 0 0 0 0 0 0 0 0 0 0 0 0 0 0 0 0 0 0 0 0 0 0 0 0 0 0 0 0 0 0 23541863 0 0 0
ctxt 49859687
btime 1671277109
processes 10730
procs_running 1
procs_blocked 0
softirq 55190884 46842370 527583 23446 2103958 17406 0 4201151 1057592 408 416970

cpu  34724 0 123026 5640212 3503 0 151210 0 0 0
cpu0 2626 0 3936 1458126 1007 0 35595 0 0 0
cpu1 17245 0 65103 1349487 529 0 41118 0 0 0
cpu2 9657 0 37902 1396727 741 0 38204 0 0 0
cpu3 5194 0 16083 1435871 1224 0 36291 0 0 0
intr 198371992 0 0 123333 74 0 16228 2181036 0 0 0 133536 0 0 0 0 0 0 0 0 0 0 0 0 0 0 0 0 0 0 0 0 0 0 0 0 0 0 0 0 0 0 0 0 0 0 0 0 0 0 0 0 145738498 0 0 0 0 0 0 0 0 44828 0 17408 0 0 0 0 0 0 0 0 0 0 0 25932401 1 0 0 0 0 0 0 0 0 0 0 0 0 0 0 0 0 0 0 0 0 0 0 13686 4197 0 0 0 0 623948 0 0 0 0 0 0 0 0 0 0 0 0 0 0 0 0 0 0 0 0 0 0 0 0 0 0 0 0 0 0 0 0 0 0 0 0 0 0 0 0 0 0 0 0 0 0 0 0 0 0 0 0 0 0 0 0 0 0 0 0 0 0 0 0 0 0 0 0 0 0 0 0 0 0 0 23542818 0 0 0
ctxt 49861594
btime 1671277109
processes 10730
procs_running 1
procs_blocked 0
softirq 55190970 46842378 527597 23446 2103959 17406 0 4201167 1057625 408 416984

cpu  34724 0 123029 5640402 3503 0 151210 0 0 0
cpu0 2627 0 3936 1458175 1007 0 35595 0 0 0
cpu1 17246 0 65104 1349533 529 0 41118 0 0 0
cpu2 9657 0 37904 1396773 741 0 38204 0 0 0
cpu3 5194 0 16083 1435920 1224 0 36291 0 0 0
intr 198377115 0 0 123337 74 0 16228 2181059 0 0 0 133541 0 0 0 0 0 0 0 0 0 0 0 0 0 0 0 0 0 0 0 0 0 0 0 0 0 0 0 0 0 0 0 0 0 0 0 0 0 0 0 0 145742495 0 0 0 0 0 0 0 0 44829 0 17408 0 0 0 0 0 0 0 0 0 0 0 25932531 1 0 0 0 0 0 0 0 0 0 0 0 0 0 0 0 0 0 0 0 0 0 0 13686 4197 0 0 0 0 623963 0 0 0 0 0 0 0 0 0 0 0 0 0 0 0 0 0 0 0 0 0 0 0 0 0 0 0 0 0 0 0 0 0 0 0 0 0 0 0 0 0 0 0 0 0 0 0 0 0 0 0 0 0 0 0 0 0 0 0 0 0 0 0 0 0 0 0 0 0 0 0 0 0 0 0 23543767 0 0 0
ctxt 49863486
btime 1671277109
processes 10730
procs_running 1
procs_blocked 0
softirq 55191042 46842378 527611 23446 2103960 17406 0 4201181 1057656 408 416996

cpu  34726 0 123032 5640592 3503 0 151210 0 0 0
cpu0 2627 0 3936 1458224 1007 0 35595 0 0 0
cpu1 17246 0 65106 1349578 529 0 41118 0 0 0
cpu2 9658 0 37905 1396819 741 0 38204 0 0 0
cpu3 5194 0 16083 1435969 1224 0 36291 0 0 0
intr 198382301 0 0 123341 74 0 16228 2181089 0 0 0 133546 0 0 0 0 0 0 0 0 0 0 0 0 0 0 0 0 0 0 0 0 0 0 0 0 0 0 0 0 0 0 0 0 0 0 0 0 0 0 0 0 145746522 0 0 0 0 0 0 0 0 44830 0 17408 0 0 0 0 0 0 0 0 0 0 0 25932683 1 0 0 0 0 0 0 0 0 0 0 0 0 0 0 0 0 0 0 0 0 0 0 13686 4197 0 0 0 0 623978 0 0 0 0 0 0 0 0 0 0 0 0 0 0 0 0 0 0 0 0 0 0 0 0 0 0 0 0 0 0 0 0 0 0 0 0 0 0 0 0 0 0 0 0 0 0 0 0 0 0 0 0 0 0 0 0 0 0 0 0 0 0 0 0 0 0 0 0 0 0 0 0 0 0 0 23544719 0 0 0
ctxt 49865394
btime 1671277109
processes 10730
procs_running 2
procs_blocked 0
softirq 55191120 46842386 527624 23446 2103961 17406 0 4201194 1057687 408 417008

cpu  34727 0 123037 5640782 3503 0 151210 0 0 0
cpu0 2628 0 3936 1458273 1007 0 35595 0 0 0
cpu1 17247 0 65110 1349624 529 0 41118 0 0 0
cpu2 9658 0 37906 1396865 741 0 38204 0 0 0
cpu3 5194 0 16083 1436018 1224 0 36291 0 0 0
intr 198387432 0 0 123346 74 0 16228 2181114 0 0 0 133551 0 0 0 0 0 0 0 0 0 0 0 0 0 0 0 0 0 0 0 0 0 0 0 0 0 0 0 0 0 0 0 0 0 0 0 0 0 0 0 0 145750516 0 0 0 0 0 0 0 0 44831 0 17408 0 0 0 0 0 0 0 0 0 0 0 25932813 1 0 0 0 0 0 0 0 0 0 0 0 0 0 0 0 0 0 0 0 0 0 0 13686 4197 0 0 0 0 623993 0 0 0 0 0 0 0 0 0 0 0 0 0 0 0 0 0 0 0 0 0 0 0 0 0 0 0 0 0 0 0 0 0 0 0 0 0 0 0 0 0 0 0 0 0 0 0 0 0 0 0 0 0 0 0 0 0 0 0 0 0 0 0 0 0 0 0 0 0 0 0 0 0 0 0 23545677 0 0 0
ctxt 49867288
btime 1671277109
processes 10730
procs_running 3
procs_blocked 0
softirq 55191200 46842386 527640 23446 2103962 17406 0 4201208 1057724 408 417020

cpu  34729 0 123040 5640971 3503 0 151210 0 0 0
cpu0 2628 0 3936 1458322 1007 0 35595 0 0 0
cpu1 17248 0 65111 1349669 529 0 41119 0 0 0
cpu2 9658 0 37908 1396910 741 0 38204 0 0 0
cpu3 5194 0 16083 1436067 1224 0 36291 0 0 0
intr 198392877 0 0 123350 74 0 16228 2181156 0 0 0 133556 0 0 0 0 0 0 0 0 0 0 0 0 0 0 0 0 0 0 0 0 0 0 0 0 0 0 0 0 0 0 0 0 0 0 0 0 0 0 0 0 145754655 0 0 0 0 0 0 0 0 44832 0 17408 0 0 0 0 0 0 0 0 0 0 0 25933086 1 0 0 0 0 0 0 0 0 0 0 0 0 0 0 0 0 0 0 0 0 0 0 13686 4197 0 0 0 0 624023 0 0 0 0 0 0 0 0 0 0 0 0 0 0 0 0 0 0 0 0 0 0 0 0 0 0 0 0 0 0 0 0 0 0 0 0 0 0 0 0 0 0 0 0 0 0 0 0 0 0 0 0 0 0 0 0 0 0 0 0 0 0 0 0 0 0 0 0 0 0 0 0 0 0 0 23546628 0 0 0
ctxt 49869236
btime 1671277109
processes 10730
procs_running 2
procs_blocked 0
softirq 55191623 46842627 527658 23446 2103980 17406 0 4201300 1057761 408 417037

cpu  34730 0 123044 5641161 3503 0 151210 0 0 0
cpu0 2628 0 3936 1458371 1007 0 35595 0 0 0
cpu1 17248 0 65112 1349715 529 0 41119 0 0 0
cpu2 9659 0 37911 1396957 741 0 38204 0 0 0
cpu3 5194 0 16083 1436117 1224 0 36291 0 0 0
intr 198398016 0 0 123354 74 0 16228 2181181 0 0 0 133561 0 0 0 0 0 0 0 0 0 0 0 0 0 0 0 0 0 0 0 0 0 0 0 0 0 0 0 0 0 0 0 0 0 0 0 0 0 0 0 0 145758660 0 0 0 0 0 0 0 0 44833 0 17408 0 0 0 0 0 0 0 0 0 0 0 25933216 1 0 0 0 0 0 0 0 0 0 0 0 0 0 0 0 0 0 0 0 0 0 0 13686 4197 0 0 0 0 624038 0 0 0 0 0 0 0 0 0 0 0 0 0 0 0 0 0 0 0 0 0 0 0 0 0 0 0 0 0 0 0 0 0 0 0 0 0 0 0 0 0 0 0 0 0 0 0 0 0 0 0 0 0 0 0 0 0 0 0 0 0 0 0 0 0 0 0 0 0 0 0 0 0 0 0 23547580 0 0 0
ctxt 49871135
btime 1671277109
processes 10730
procs_running 2
procs_blocked 0
softirq 55191695 46842627 527671 23446 2103981 17406 0 4201314 1057791 408 417051

cpu  34731 0 123047 5641351 3503 0 151210 0 0 0
cpu0 2629 0 3936 1458421 1007 0 35595 0 0 0
cpu1 17248 0 65113 1349761 529 0 41119 0 0 0
cpu2 9659 0 37913 1397003 741 0 38204 0 0 0
cpu3 5194 0 16083 1436166 1224 0 36291 0 0 0
intr 198403200 0 0 123362 74 0 16228 2181211 0 0 0 133566 0 0 0 0 0 0 0 0 0 0 0 0 0 0 0 0 0 0 0 0 0 0 0 0 0 0 0 0 0 0 0 0 0 0 0 0 0 0 0 0 145762678 0 0 0 0 0 0 0 0 44834 0 17408 0 0 0 0 0 0 0 0 0 0 0 25933367 1 0 0 0 0 0 0 0 0 0 0 0 0 0 0 0 0 0 0 0 0 0 0 13686 4197 0 0 0 0 624053 0 0 0 0 0 0 0 0 0 0 0 0 0 0 0 0 0 0 0 0 0 0 0 0 0 0 0 0 0 0 0 0 0 0 0 0 0 0 0 0 0 0 0 0 0 0 0 0 0 0 0 0 0 0 0 0 0 0 0 0 0 0 0 0 0 0 0 0 0 0 0 0 0 0 0 23548536 0 0 0
ctxt 49873050
btime 1671277109
processes 10730
procs_running 1
procs_blocked 0
softirq 55191776 46842635 527685 23446 2103982 17406 0 4201327 1057823 408 417064

cpu  34732 0 123049 5641541 3503 0 151210 0 0 0
cpu0 2629 0 3936 1458470 1007 0 35595 0 0 0
cpu1 17248 0 65114 1349807 529 0 41119 0 0 0
cpu2 9660 0 37914 1397048 741 0 38204 0 0 0
cpu3 5194 0 16083 1436215 1224 0 36291 0 0 0
intr 198408335 0 0 123371 74 0 16228 2181234 0 0 0 133571 0 0 0 0 0 0 0 0 0 0 0 0 0 0 0 0 0 0 0 0 0 0 0 0 0 0 0 0 0 0 0 0 0 0 0 0 0 0 0 0 145766674 0 0 0 0 0 0 0 0 44835 0 17408 0 0 0 0 0 0 0 0 0 0 0 25933495 1 0 0 0 0 0 0 0 0 0 0 0 0 0 0 0 0 0 0 0 0 0 0 13686 4197 0 0 0 0 624068 0 0 0 0 0 0 0 0 0 0 0 0 0 0 0 0 0 0 0 0 0 0 0 0 0 0 0 0 0 0 0 0 0 0 0 0 0 0 0 0 0 0 0 0 0 0 0 0 0 0 0 0 0 0 0 0 0 0 0 0 0 0 0 0 0 0 0 0 0 0 0 0 0 0 0 23549493 0 0 0
ctxt 49874949
btime 1671277109
processes 10730
procs_running 2
procs_blocked 0
softirq 55191853 46842635 527701 23446 2103983 17406 0 4201341 1057856 408 417077

cpu  34733 0 123052 5641732 3503 0 151210 0 0 0
cpu0 2630 0 3936 1458519 1007 0 35595 0 0 0
cpu1 17249 0 65116 1349852 529 0 41119 0 0 0
cpu2 9660 0 37915 1397095 741 0 38204 0 0 0
cpu3 5194 0 16084 1436264 1224 0 36291 0 0 0
intr 198413522 0 0 123379 74 0 16228 2181262 0 0 0 133576 0 0 0 0 0 0 0 0 0 0 0 0 0 0 0 0 0 0 0 0 0 0 0 0 0 0 0 0 0 0 0 0 0 0 0 0 0 0 0 0 145770700 0 0 0 0 0 0 0 0 44836 0 17408 0 0 0 0 0 0 0 0 0 0 0 25933647 1 0 0 0 0 0 0 0 0 0 0 0 0 0 0 0 0 0 0 0 0 0 0 13686 4197 0 0 0 0 624083 0 0 0 0 0 0 0 0 0 0 0 0 0 0 0 0 0 0 0 0 0 0 0 0 0 0 0 0 0 0 0 0 0 0 0 0 0 0 0 0 0 0 0 0 0 0 0 0 0 0 0 0 0 0 0 0 0 0 0 0 0 0 0 0 0 0 0 0 0 0 0 0 0 0 0 23550446 0 0 0
ctxt 49876856
btime 1671277109
processes 10730
procs_running 1
procs_blocked 0
softirq 55191929 46842643 527712 23446 2103984 17406 0 4201355 1057886 408 417089

cpu  34734 0 123057 5641920 3503 0 151212 0 0 0
cpu0 2630 0 3936 1458568 1007 0 35595 0 0 0
cpu1 17249 0 65118 1349898 529 0 41119 0 0 0
cpu2 9660 0 37918 1397140 741 0 38204 0 0 0
cpu3 5194 0 16084 1436313 1224 0 36292 0 0 0
intr 198418908 0 0 123385 74 0 16228 2181299 0 0 0 133581 0 0 0 0 0 0 0 0 0 0 0 0 0 0 0 0 0 0 0 0 0 0 0 0 0 0 0 0 0 0 0 0 0 0 0 0 0 0 0 0 145774814 0 0 0 0 0 0 0 0 44837 0 17408 0 0 0 0 0 0 0 0 0 0 0 25933898 1 0 0 0 0 0 0 0 0 0 0 0 0 0 0 0 0 0 0 0 0 0 0 13686 4197 0 0 0 0 624108 0 0 0 0 0 0 0 0 0 0 0 0 0 0 0 0 0 0 0 0 0 0 0 0 0 0 0 0 0 0 0 0 0 0 0 0 0 0 0 0 0 0 0 0 0 0 0 0 0 0 0 0 0 0 0 0 0 0 0 0 0 0 0 0 0 0 0 0 0 0 0 0 0 0 0 23551393 0 0 0
ctxt 49878763
btime 1671277109
processes 10730
procs_running 1
procs_blocked 0
softirq 55192144 46842757 527731 23447 2103988 17406 0 4201385 1057920 408 417102

cpu  34736 0 123059 5642111 3503 0 151212 0 0 0
cpu0 2630 0 3936 1458617 1007 0 35595 0 0 0
cpu1 17250 0 65119 1349944 529 0 41119 0 0 0
cpu2 9661 0 37918 1397186 741 0 38204 0 0 0
cpu3 5194 0 16084 1436362 1224 0 36292 0 0 0
intr 198424093 0 0 123391 74 0 16228 2181329 0 0 0 133586 0 0 0 0 0 0 0 0 0 0 0 0 0 0 0 0 0 0 0 0 0 0 0 0 0 0 0 0 0 0 0 0 0 0 0 0 0 0 0 0 145778840 0 0 0 0 0 0 0 0 44838 0 17408 0 0 0 0 0 0 0 0 0 0 0 25934049 1 0 0 0 0 0 0 0 0 0 0 0 0 0 0 0 0 0 0 0 0 0 0 13686 4197 0 0 0 0 624123 0 0 0 0 0 0 0 0 0 0 0 0 0 0 0 0 0 0 0 0 0 0 0 0 0 0 0 0 0 0 0 0 0 0 0 0 0 0 0 0 0 0 0 0 0 0 0 0 0 0 0 0 0 0 0 0 0 0 0 0 0 0 0 0 0 0 0 0 0 0 0 0 0 0 0 23552343 0 0 0
ctxt 49880669
btime 1671277109
processes 10730
procs_running 1
procs_blocked 0
softirq 55192224 46842765 527744 23447 2103989 17406 0 4201400 1057950 408 417115

cpu  34737 0 123062 5642301 3503 0 151212 0 0 0
cpu0 2630 0 3936 1458667 1007 0 35595 0 0 0
cpu1 17250 0 65121 1349990 529 0 41119 0 0 0
cpu2 9661 0 37920 1397232 741 0 38204 0 0 0
cpu3 5194 0 16084 1436411 1224 0 36292 0 0 0
intr 198429222 0 0 123396 74 0 16228 2181351 0 0 0 133591 0 0 0 0 0 0 0 0 0 0 0 0 0 0 0 0 0 0 0 0 0 0 0 0 0 0 0 0 0 0 0 0 0 0 0 0 0 0 0 0 145782836 0 0 0 0 0 0 0 0 44839 0 17408 0 0 0 0 0 0 0 0 0 0 0 25934179 1 0 0 0 0 0 0 0 0 0 0 0 0 0 0 0 0 0 0 0 0 0 0 13686 4197 0 0 0 0 624138 0 0 0 0 0 0 0 0 0 0 0 0 0 0 0 0 0 0 0 0 0 0 0 0 0 0 0 0 0 0 0 0 0 0 0 0 0 0 0 0 0 0 0 0 0 0 0 0 0 0 0 0 0 0 0 0 0 0 0 0 0 0 0 0 0 0 0 0 0 0 0 0 0 0 0 23553299 0 0 0
ctxt 49882568
btime 1671277109
processes 10730
procs_running 1
procs_blocked 0
softirq 55192306 46842765 527761 23447 2103990 17406 0 4201414 1057986 408 417129

cpu  34738 0 123066 5642491 3503 0 151212 0 0 0
cpu0 2630 0 3936 1458716 1007 0 35595 0 0 0
cpu1 17251 0 65122 1350036 529 0 41119 0 0 0
cpu2 9662 0 37922 1397278 741 0 38204 0 0 0
cpu3 5195 0 16084 1436460 1224 0 36292 0 0 0
intr 198434419 0 0 123404 74 0 16228 2181383 0 0 0 133596 0 0 0 0 0 0 0 0 0 0 0 0 0 0 0 0 0 0 0 0 0 0 0 0 0 0 0 0 0 0 0 0 0 0 0 0 0 0 0 0 145786865 0 0 0 0 0 0 0 0 44840 0 17408 0 0 0 0 0 0 0 0 0 0 0 25934330 1 0 0 0 0 0 0 0 0 0 0 0 0 0 0 0 0 0 0 0 0 0 0 13686 4197 0 0 0 0 624153 0 0 0 0 0 0 0 0 0 0 0 0 0 0 0 0 0 0 0 0 0 0 0 0 0 0 0 0 0 0 0 0 0 0 0 0 0 0 0 0 0 0 0 0 0 0 0 0 0 0 0 0 0 0 0 0 0 0 0 0 0 0 0 0 0 0 0 0 0 0 0 0 0 0 0 23554257 0 0 0
ctxt 49884478
btime 1671277109
processes 10730
procs_running 3
procs_blocked 0
softirq 55192392 46842773 527777 23447 2103991 17406 0 4201429 1058018 408 417143

cpu  34740 0 123068 5642681 3503 0 151212 0 0 0
cpu0 2630 0 3936 1458766 1007 0 35595 0 0 0
cpu1 17251 0 65123 1350081 529 0 41119 0 0 0
cpu2 9662 0 37924 1397324 741 0 38204 0 0 0
cpu3 5195 0 16084 1436509 1224 0 36292 0 0 0
intr 198439537 0 0 123408 74 0 16228 2181405 0 0 0 133601 0 0 0 0 0 0 0 0 0 0 0 0 0 0 0 0 0 0 0 0 0 0 0 0 0 0 0 0 0 0 0 0 0 0 0 0 0 0 0 0 145790862 0 0 0 0 0 0 0 0 44841 0 17408 0 0 0 0 0 0 0 0 0 0 0 25934460 1 0 0 0 0 0 0 0 0 0 0 0 0 0 0 0 0 0 0 0 0 0 0 13686 4197 0 0 0 0 624168 0 0 0 0 0 0 0 0 0 0 0 0 0 0 0 0 0 0 0 0 0 0 0 0 0 0 0 0 0 0 0 0 0 0 0 0 0 0 0 0 0 0 0 0 0 0 0 0 0 0 0 0 0 0 0 0 0 0 0 0 0 0 0 0 0 0 0 0 0 0 0 0 0 0 0 23555199 0 0 0
ctxt 49886370
btime 1671277109
processes 10730
procs_running 1
procs_blocked 0
softirq 55192456 46842773 527791 23447 2103992 17406 0 4201442 1058042 408 417155

cpu  34741 0 123070 5642872 3503 0 151212 0 0 0
cpu0 2630 0 3936 1458815 1007 0 35595 0 0 0
cpu1 17251 0 65124 1350127 529 0 41119 0 0 0
cpu2 9663 0 37924 1397370 741 0 38204 0 0 0
cpu3 5196 0 16084 1436558 1224 0 36292 0 0 0
intr 198444731 0 0 123416 74 0 16228 2181437 0 0 0 133606 0 0 0 0 0 0 0 0 0 0 0 0 0 0 0 0 0 0 0 0 0 0 0 0 0 0 0 0 0 0 0 0 0 0 0 0 0 0 0 0 145794889 0 0 0 0 0 0 0 0 44842 0 17408 0 0 0 0 0 0 0 0 0 0 0 25934611 1 0 0 0 0 0 0 0 0 0 0 0 0 0 0 0 0 0 0 0 0 0 0 13686 4197 0 0 0 0 624183 0 0 0 0 0 0 0 0 0 0 0 0 0 0 0 0 0 0 0 0 0 0 0 0 0 0 0 0 0 0 0 0 0 0 0 0 0 0 0 0 0 0 0 0 0 0 0 0 0 0 0 0 0 0 0 0 0 0 0 0 0 0 0 0 0 0 0 0 0 0 0 0 0 0 0 23556155 0 0 0
ctxt 49888294
btime 1671277109
processes 10730
procs_running 2
procs_blocked 0
softirq 55192535 46842781 527805 23447 2103993 17406 0 4201457 1058071 408 417167

cpu  34742 0 123073 5643062 3503 0 151212 0 0 0
cpu0 2630 0 3936 1458865 1007 0 35595 0 0 0
cpu1 17251 0 65126 1350173 529 0 41119 0 0 0
cpu2 9663 0 37925 1397416 741 0 38204 0 0 0
cpu3 5196 0 16084 1436607 1224 0 36292 0 0 0
intr 198449856 0 0 123421 74 0 16228 2181459 0 0 0 133611 0 0 0 0 0 0 0 0 0 0 0 0 0 0 0 0 0 0 0 0 0 0 0 0 0 0 0 0 0 0 0 0 0 0 0 0 0 0 0 0 145798887 0 0 0 0 0 0 0 0 44843 0 17408 0 0 0 0 0 0 0 0 0 0 0 25934741 1 0 0 0 0 0 0 0 0 0 0 0 0 0 0 0 0 0 0 0 0 0 0 13686 4197 0 0 0 0 624198 0 0 0 0 0 0 0 0 0 0 0 0 0 0 0 0 0 0 0 0 0 0 0 0 0 0 0 0 0 0 0 0 0 0 0 0 0 0 0 0 0 0 0 0 0 0 0 0 0 0 0 0 0 0 0 0 0 0 0 0 0 0 0 0 0 0 0 0 0 0 0 0 0 0 0 23557103 0 0 0
ctxt 49890184
btime 1671277109
processes 10730
procs_running 1
procs_blocked 0
softirq 55192605 46842781 527820 23447 2103994 17406 0 4201470 1058100 408 417179

cpu  34742 0 123077 5643251 3503 0 151212 0 0 0
cpu0 2630 0 3936 1458914 1007 0 35595 0 0 0
cpu1 17251 0 65128 1350219 529 0 41119 0 0 0
cpu2 9663 0 37927 1397461 741 0 38204 0 0 0
cpu3 5196 0 16084 1436656 1224 0 36292 0 0 0
intr 198455026 0 0 123425 74 0 16228 2181483 0 0 0 133616 0 0 0 0 0 0 0 0 0 0 0 0 0 0 0 0 0 0 0 0 0 0 0 0 0 0 0 0 0 0 0 0 0 0 0 0 0 0 0 0 145802906 0 0 0 0 0 0 0 0 44844 0 17408 0 0 0 0 0 0 0 0 0 0 0 25934893 1 0 0 0 0 0 0 0 0 0 0 0 0 0 0 0 0 0 0 0 0 0 0 13686 4197 0 0 0 0 624213 0 0 0 0 0 0 0 0 0 0 0 0 0 0 0 0 0 0 0 0 0 0 0 0 0 0 0 0 0 0 0 0 0 0 0 0 0 0 0 0 0 0 0 0 0 0 0 0 0 0 0 0 0 0 0 0 0 0 0 0 0 0 0 0 0 0 0 0 0 0 0 0 0 0 0 23558052 0 0 0
ctxt 49892089
btime 1671277109
processes 10730
procs_running 1
procs_blocked 0
softirq 55192684 46842789 527833 23447 2103995 17406 0 4201485 1058130 408 417191

cpu  34742 0 123081 5643442 3503 0 151212 0 0 0
cpu0 2630 0 3936 1458964 1007 0 35595 0 0 0
cpu1 17251 0 65130 1350265 529 0 41119 0 0 0
cpu2 9663 0 37929 1397507 741 0 38204 0 0 0
cpu3 5197 0 16084 1436705 1224 0 36292 0 0 0
intr 198460158 0 0 123429 74 0 16228 2181503 0 0 0 133621 0 0 0 0 0 0 0 0 0 0 0 0 0 0 0 0 0 0 0 0 0 0 0 0 0 0 0 0 0 0 0 0 0 0 0 0 0 0 0 0 145806911 0 0 0 0 0 0 0 0 44845 0 17408 0 0 0 0 0 0 0 0 0 0 0 25935023 1 0 0 0 0 0 0 0 0 0 0 0 0 0 0 0 0 0 0 0 0 0 0 13686 4197 0 0 0 0 624228 0 0 0 0 0 0 0 0 0 0 0 0 0 0 0 0 0 0 0 0 0 0 0 0 0 0 0 0 0 0 0 0 0 0 0 0 0 0 0 0 0 0 0 0 0 0 0 0 0 0 0 0 0 0 0 0 0 0 0 0 0 0 0 0 0 0 0 0 0 0 0 0 0 0 0 23559004 0 0 0
ctxt 49893973
btime 1671277109
processes 10730
procs_running 2
procs_blocked 0
softirq 55192753 46842789 527845 23447 2103996 17406 0 4201498 1058161 408 417203

cpu  34743 0 123084 5643632 3503 0 151212 0 0 0
cpu0 2630 0 3936 1459013 1007 0 35595 0 0 0
cpu1 17252 0 65132 1350311 529 0 41119 0 0 0
cpu2 9663 0 37930 1397553 741 0 38204 0 0 0
cpu3 5197 0 16084 1436754 1224 0 36292 0 0 0
intr 198465337 0 0 123437 74 0 16228 2181534 0 0 0 133626 0 0 0 0 0 0 0 0 0 0 0 0 0 0 0 0 0 0 0 0 0 0 0 0 0 0 0 0 0 0 0 0 0 0 0 0 0 0 0 0 145810930 0 0 0 0 0 0 0 0 44846 0 17408 0 0 0 0 0 0 0 0 0 0 0 25935174 1 0 0 0 0 0 0 0 0 0 0 0 0 0 0 0 0 0 0 0 0 0 0 13686 4197 0 0 0 0 624243 0 0 0 0 0 0 0 0 0 0 0 0 0 0 0 0 0 0 0 0 0 0 0 0 0 0 0 0 0 0 0 0 0 0 0 0 0 0 0 0 0 0 0 0 0 0 0 0 0 0 0 0 0 0 0 0 0 0 0 0 0 0 0 0 0 0 0 0 0 0 0 0 0 0 0 23559954 0 0 0
ctxt 49895888
btime 1671277109
processes 10730
procs_running 2
procs_blocked 0
softirq 55192834 46842797 527860 23447 2103997 17406 0 4201513 1058189 408 417217

cpu  34744 0 123086 5643822 3503 0 151212 0 0 0
cpu0 2630 0 3936 1459063 1007 0 35595 0 0 0
cpu1 17252 0 65134 1350357 529 0 41119 0 0 0
cpu2 9664 0 37931 1397599 741 0 38204 0 0 0
cpu3 5198 0 16084 1436803 1224 0 36292 0 0 0
intr 198470467 0 0 123442 74 0 16228 2181555 0 0 0 133631 0 0 0 0 0 0 0 0 0 0 0 0 0 0 0 0 0 0 0 0 0 0 0 0 0 0 0 0 0 0 0 0 0 0 0 0 0 0 0 0 145814933 0 0 0 0 0 0 0 0 44847 0 17408 0 0 0 0 0 0 0 0 0 0 0 25935304 1 0 0 0 0 0 0 0 0 0 0 0 0 0 0 0 0 0 0 0 0 0 0 13686 4197 0 0 0 0 624258 0 0 0 0 0 0 0 0 0 0 0 0 0 0 0 0 0 0 0 0 0 0 0 0 0 0 0 0 0 0 0 0 0 0 0 0 0 0 0 0 0 0 0 0 0 0 0 0 0 0 0 0 0 0 0 0 0 0 0 0 0 0 0 0 0 0 0 0 0 0 0 0 0 0 0 23560904 0 0 0
ctxt 49897775
btime 1671277109
processes 10730
procs_running 1
procs_blocked 0
softirq 55192910 46842797 527876 23448 2103998 17406 0 4201526 1058222 408 417229

cpu  34746 0 123088 5644012 3503 0 151212 0 0 0
cpu0 2630 0 3936 1459112 1007 0 35595 0 0 0
cpu1 17252 0 65135 1350402 529 0 41119 0 0 0
cpu2 9665 0 37932 1397645 741 0 38204 0 0 0
cpu3 5198 0 16084 1436852 1224 0 36292 0 0 0
intr 198475649 0 0 123450 74 0 16228 2181585 0 0 0 133636 0 0 0 0 0 0 0 0 0 0 0 0 0 0 0 0 0 0 0 0 0 0 0 0 0 0 0 0 0 0 0 0 0 0 0 0 0 0 0 0 145818952 0 0 0 0 0 0 0 0 44848 0 17408 0 0 0 0 0 0 0 0 0 0 0 25935455 1 0 0 0 0 0 0 0 0 0 0 0 0 0 0 0 0 0 0 0 0 0 0 13686 4197 0 0 0 0 624273 0 0 0 0 0 0 0 0 0 0 0 0 0 0 0 0 0 0 0 0 0 0 0 0 0 0 0 0 0 0 0 0 0 0 0 0 0 0 0 0 0 0 0 0 0 0 0 0 0 0 0 0 0 0 0 0 0 0 0 0 0 0 0 0 0 0 0 0 0 0 0 0 0 0 0 23561858 0 0 0
ctxt 49899688
btime 1671277109
processes 10730
procs_running 2
procs_blocked 0
softirq 55192991 46842805 527891 23448 2103999 17406 0 4201540 1058253 408 417241

cpu  34747 0 123091 5644203 3503 0 151212 0 0 0
cpu0 2630 0 3936 1459162 1007 0 35595 0 0 0
cpu1 17252 0 65136 1350448 529 0 41119 0 0 0
cpu2 9666 0 37932 1397690 741 0 38204 0 0 0
cpu3 5198 0 16084 1436901 1224 0 36292 0 0 0
intr 198480778 0 0 123454 74 0 16228 2181608 0 0 0 133641 0 0 0 0 0 0 0 0 0 0 0 0 0 0 0 0 0 0 0 0 0 0 0 0 0 0 0 0 0 0 0 0 0 0 0 0 0 0 0 0 145822956 0 0 0 0 0 0 0 0 44849 0 17408 0 0 0 0 0 0 0 0 0 0 0 25935585 1 0 0 0 0 0 0 0 0 0 0 0 0 0 0 0 0 0 0 0 0 0 0 13686 4197 0 0 0 0 624288 0 0 0 0 0 0 0 0 0 0 0 0 0 0 0 0 0 0 0 0 0 0 0 0 0 0 0 0 0 0 0 0 0 0 0 0 0 0 0 0 0 0 0 0 0 0 0 0 0 0 0 0 0 0 0 0 0 0 0 0 0 0 0 0 0 0 0 0 0 0 0 0 0 0 0 23562804 0 0 0
ctxt 49901582
btime 1671277109
processes 10730
procs_running 1
procs_blocked 0
softirq 55193060 46842805 527906 23448 2104000 17406 0 4201553 1058281 408 417253

cpu  34748 0 123094 5644393 3503 0 151212 0 0 0
cpu0 2630 0 3936 1459211 1007 0 35595 0 0 0
cpu1 17252 0 65138 1350494 529 0 41119 0 0 0
cpu2 9666 0 37934 1397736 741 0 38204 0 0 0
cpu3 5199 0 16085 1436950 1224 0 36292 0 0 0
intr 198485963 0 0 123462 74 0 16228 2181639 0 0 0 133646 0 0 0 0 0 0 0 0 0 0 0 0 0 0 0 0 0 0 0 0 0 0 0 0 0 0 0 0 0 0 0 0 0 0 0 0 0 0 0 0 145826975 0 0 0 0 0 0 0 0 44850 0 17408 0 0 0 0 0 0 0 0 0 0 0 25935736 1 0 0 0 0 0 0 0 0 0 0 0 0 0 0 0 0 0 0 0 0 0 0 13686 4197 0 0 0 0 624303 0 0 0 0 0 0 0 0 0 0 0 0 0 0 0 0 0 0 0 0 0 0 0 0 0 0 0 0 0 0 0 0 0 0 0 0 0 0 0 0 0 0 0 0 0 0 0 0 0 0 0 0 0 0 0 0 0 0 0 0 0 0 0 0 0 0 0 0 0 0 0 0 0 0 0 23563759 0 0 0
ctxt 49903495
btime 1671277109
processes 10730
procs_running 1
procs_blocked 0
softirq 55193144 46842813 527921 23448 2104001 17406 0 4201569 1058313 408 417265

cpu  34749 0 123100 5644583 3503 0 151212 0 0 0
cpu0 2630 0 3936 1459261 1007 0 35595 0 0 0
cpu1 17252 0 65140 1350540 529 0 41119 0 0 0
cpu2 9666 0 37937 1397782 741 0 38204 0 0 0
cpu3 5199 0 16085 1436999 1224 0 36292 0 0 0
intr 198491106 0 0 123467 74 0 16228 2181661 0 0 0 133651 0 0 0 0 0 0 0 0 0 0 0 0 0 0 0 0 0 0 0 0 0 0 0 0 0 0 0 0 0 0 0 0 0 0 0 0 0 0 0 0 145830980 0 0 0 0 0 0 0 0 44851 0 17408 0 0 0 0 0 0 0 0 0 0 0 25935866 1 0 0 0 0 0 0 0 0 0 0 0 0 0 0 0 0 0 0 0 0 0 0 13686 4197 0 0 0 0 624318 0 0 0 0 0 0 0 0 0 0 0 0 0 0 0 0 0 0 0 0 0 0 0 0 0 0 0 0 0 0 0 0 0 0 0 0 0 0 0 0 0 0 0 0 0 0 0 0 0 0 0 0 0 0 0 0 0 0 0 0 0 0 0 0 0 0 0 0 0 0 0 0 0 0 0 23564719 0 0 0
ctxt 49905394
btime 1671277109
processes 10730
procs_running 1
procs_blocked 0
softirq 55193222 46842813 527936 23448 2104002 17406 0 4201582 1058350 408 417277

cpu  34750 0 123104 5644773 3503 0 151212 0 0 0
cpu0 2630 0 3936 1459310 1007 0 35595 0 0 0
cpu1 17253 0 65143 1350586 529 0 41119 0 0 0
cpu2 9666 0 37938 1397828 741 0 38204 0 0 0
cpu3 5200 0 16085 1437048 1224 0 36292 0 0 0
intr 198496284 0 0 123471 74 0 16228 2181689 0 0 0 133656 0 0 0 0 0 0 0 0 0 0 0 0 0 0 0 0 0 0 0 0 0 0 0 0 0 0 0 0 0 0 0 0 0 0 0 0 0 0 0 0 145835001 0 0 0 0 0 0 0 0 44852 0 17408 0 0 0 0 0 0 0 0 0 0 0 25936017 1 0 0 0 0 0 0 0 0 0 0 0 0 0 0 0 0 0 0 0 0 0 0 13686 4197 0 0 0 0 624333 0 0 0 0 0 0 0 0 0 0 0 0 0 0 0 0 0 0 0 0 0 0 0 0 0 0 0 0 0 0 0 0 0 0 0 0 0 0 0 0 0 0 0 0 0 0 0 0 0 0 0 0 0 0 0 0 0 0 0 0 0 0 0 0 0 0 0 0 0 0 0 0 0 0 0 23565671 0 0 0
ctxt 49907300
btime 1671277109
processes 10730
procs_running 1
procs_blocked 0
softirq 55193307 46842821 527951 23448 2104003 17406 0 4201598 1058383 408 417289

cpu  34750 0 123109 5644963 3503 0 151212 0 0 0
cpu0 2630 0 3936 1459360 1007 0 35595 0 0 0
cpu1 17253 0 65146 1350631 529 0 41119 0 0 0
cpu2 9666 0 37941 1397874 741 0 38204 0 0 0
cpu3 5200 0 16085 1437097 1224 0 36292 0 0 0
intr 198501415 0 0 123475 74 0 16228 2181712 0 0 0 133661 0 0 0 0 0 0 0 0 0 0 0 0 0 0 0 0 0 0 0 0 0 0 0 0 0 0 0 0 0 0 0 0 0 0 0 0 0 0 0 0 145839003 0 0 0 0 0 0 0 0 44853 0 17408 0 0 0 0 0 0 0 0 0 0 0 25936147 1 0 0 0 0 0 0 0 0 0 0 0 0 0 0 0 0 0 0 0 0 0 0 13686 4197 0 0 0 0 624348 0 0 0 0 0 0 0 0 0 0 0 0 0 0 0 0 0 0 0 0 0 0 0 0 0 0 0 0 0 0 0 0 0 0 0 0 0 0 0 0 0 0 0 0 0 0 0 0 0 0 0 0 0 0 0 0 0 0 0 0 0 0 0 0 0 0 0 0 0 0 0 0 0 0 0 23566624 0 0 0
ctxt 49909189
btime 1671277109
processes 10730
procs_running 2
procs_blocked 0
softirq 55193381 46842821 527965 23448 2104004 17406 0 4201611 1058416 408 417302

cpu  34752 0 123113 5645153 3503 0 151212 0 0 0
cpu0 2630 0 3936 1459409 1007 0 35595 0 0 0
cpu1 17253 0 65148 1350677 529 0 41119 0 0 0
cpu2 9667 0 37942 1397919 741 0 38204 0 0 0
cpu3 5200 0 16085 1437146 1224 0 36292 0 0 0
intr 198506608 0 0 123481 74 0 16228 2181740 0 0 0 133666 0 0 0 0 0 0 0 0 0 0 0 0 0 0 0 0 0 0 0 0 0 0 0 0 0 0 0 0 0 0 0 0 0 0 0 0 0 0 0 0 145843030 0 0 0 0 0 0 0 0 44854 0 17408 0 0 0 0 0 0 0 0 0 0 0 25936298 1 0 0 0 0 0 0 0 0 0 0 0 0 0 0 0 0 0 0 0 0 0 0 13686 4197 0 0 0 0 624363 0 0 0 0 0 0 0 0 0 0 0 0 0 0 0 0 0 0 0 0 0 0 0 0 0 0 0 0 0 0 0 0 0 0 0 0 0 0 0 0 0 0 0 0 0 0 0 0 0 0 0 0 0 0 0 0 0 0 0 0 0 0 0 0 0 0 0 0 0 0 0 0 0 0 0 23567582 0 0 0
ctxt 49911100
btime 1671277109
processes 10730
procs_running 1
procs_blocked 0
softirq 55193471 46842829 527981 23448 2104005 17406 0 4201626 1058453 408 417315

cpu  34752 0 123114 5645344 3503 0 151212 0 0 0
cpu0 2630 0 3936 1459458 1007 0 35595 0 0 0
cpu1 17253 0 65149 1350723 529 0 41119 0 0 0
cpu2 9668 0 37943 1397965 741 0 38204 0 0 0
cpu3 5201 0 16085 1437195 1224 0 36292 0 0 0
intr 198511737 0 0 123488 74 0 16228 2181766 0 0 0 133671 0 0 0 0 0 0 0 0 0 0 0 0 0 0 0 0 0 0 0 0 0 0 0 0 0 0 0 0 0 0 0 0 0 0 0 0 0 0 0 0 145847026 0 0 0 0 0 0 0 0 44855 0 17408 0 0 0 0 0 0 0 0 0 0 0 25936428 1 0 0 0 0 0 0 0 0 0 0 0 0 0 0 0 0 0 0 0 0 0 0 13686 4197 0 0 0 0 624378 0 0 0 0 0 0 0 0 0 0 0 0 0 0 0 0 0 0 0 0 0 0 0 0 0 0 0 0 0 0 0 0 0 0 0 0 0 0 0 0 0 0 0 0 0 0 0 0 0 0 0 0 0 0 0 0 0 0 0 0 0 0 0 0 0 0 0 0 0 0 0 0 0 0 0 23568534 0 0 0
ctxt 49912996
btime 1671277109
processes 10730
procs_running 2
procs_blocked 0
softirq 55193541 46842829 527997 23448 2104006 17406 0 4201639 1058481 408 417327

cpu  34754 0 123116 5645534 3503 0 151212 0 0 0
cpu0 2630 0 3936 1459508 1007 0 35595 0 0 0
cpu1 17253 0 65151 1350769 529 0 41119 0 0 0
cpu2 9668 0 37943 1398011 741 0 38204 0 0 0
cpu3 5201 0 16085 1437245 1224 0 36292 0 0 0
intr 198516935 0 0 123492 74 0 16228 2181800 0 0 0 133676 0 0 0 0 0 0 0 0 0 0 0 0 0 0 0 0 0 0 0 0 0 0 0 0 0 0 0 0 0 0 0 0 0 0 0 0 0 0 0 0 145851055 0 0 0 0 0 0 0 0 44856 0 17408 0 0 0 0 0 0 0 0 0 0 0 25936578 1 0 0 0 0 0 0 0 0 0 0 0 0 0 0 0 0 0 0 0 0 0 0 13686 4197 0 0 0 0 624403 0 0 0 0 0 0 0 0 0 0 0 0 0 0 0 0 0 0 0 0 0 0 0 0 0 0 0 0 0 0 0 0 0 0 0 0 0 0 0 0 0 0 0 0 0 0 0 0 0 0 0 0 0 0 0 0 0 0 0 0 0 0 0 0 0 0 0 0 0 0 0 0 0 0 0 23569482 0 0 0
ctxt 49914919
btime 1671277109
processes 10730
procs_running 2
procs_blocked 0
softirq 55193630 46842838 528012 23448 2104008 17406 0 4201661 1058509 408 417340

cpu  34755 0 123120 5645724 3503 0 151212 0 0 0
cpu0 2630 0 3936 1459557 1007 0 35595 0 0 0
cpu1 17253 0 65152 1350815 529 0 41119 0 0 0
cpu2 9669 0 37946 1398057 741 0 38204 0 0 0
cpu3 5202 0 16085 1437294 1224 0 36292 0 0 0
intr 198522055 0 0 123496 74 0 16228 2181821 0 0 0 133681 0 0 0 0 0 0 0 0 0 0 0 0 0 0 0 0 0 0 0 0 0 0 0 0 0 0 0 0 0 0 0 0 0 0 0 0 0 0 0 0 145855052 0 0 0 0 0 0 0 0 44857 0 17408 0 0 0 0 0 0 0 0 0 0 0 25936708 1 0 0 0 0 0 0 0 0 0 0 0 0 0 0 0 0 0 0 0 0 0 0 13686 4197 0 0 0 0 624418 0 0 0 0 0 0 0 0 0 0 0 0 0 0 0 0 0 0 0 0 0 0 0 0 0 0 0 0 0 0 0 0 0 0 0 0 0 0 0 0 0 0 0 0 0 0 0 0 0 0 0 0 0 0 0 0 0 0 0 0 0 0 0 0 0 0 0 0 0 0 0 0 0 0 0 23570429 0 0 0
ctxt 49916802
btime 1671277109
processes 10730
procs_running 2
procs_blocked 0
softirq 55193704 46842838 528026 23449 2104009 17406 0 4201674 1058541 408 417353

cpu  34756 0 123124 5645914 3503 0 151212 0 0 0
cpu0 2630 0 3936 1459607 1007 0 35595 0 0 0
cpu1 17254 0 65155 1350861 529 0 41119 0 0 0
cpu2 9670 0 37946 1398102 741 0 38204 0 0 0
cpu3 5202 0 16085 1437343 1224 0 36292 0 0 0
intr 198527236 0 0 123500 74 0 16228 2181847 0 0 0 133685 0 0 0 0 0 0 0 0 0 0 0 0 0 0 0 0 0 0 0 0 0 0 0 0 0 0 0 0 0 0 0 0 0 0 0 0 0 0 0 0 145859080 0 0 0 0 0 0 0 0 44858 0 17408 0 0 0 0 0 0 0 0 0 0 0 25936860 1 0 0 0 0 0 0 0 0 0 0 0 0 0 0 0 0 0 0 0 0 0 0 13686 4197 0 0 0 0 624433 0 0 0 0 0 0 0 0 0 0 0 0 0 0 0 0 0 0 0 0 0 0 0 0 0 0 0 0 0 0 0 0 0 0 0 0 0 0 0 0 0 0 0 0 0 0 0 0 0 0 0 0 0 0 0 0 0 0 0 0 0 0 0 0 0 0 0 0 0 0 0 0 0 0 0 23571381 0 0 0
ctxt 49918716
btime 1671277109
processes 10730
procs_running 1
procs_blocked 0
softirq 55193788 46842846 528041 23449 2104010 17406 0 4201689 1058572 408 417367

cpu  34758 0 123128 5646104 3503 0 151212 0 0 0
cpu0 2630 0 3936 1459656 1007 0 35596 0 0 0
cpu1 17254 0 65156 1350907 529 0 41119 0 0 0
cpu2 9670 0 37949 1398148 741 0 38204 0 0 0
cpu3 5202 0 16085 1437392 1224 0 36292 0 0 0
intr 198532367 0 0 123505 74 0 16228 2181869 0 0 0 133690 0 0 0 0 0 0 0 0 0 0 0 0 0 0 0 0 0 0 0 0 0 0 0 0 0 0 0 0 0 0 0 0 0 0 0 0 0 0 0 0 145863076 0 0 0 0 0 0 0 0 44859 0 17408 0 0 0 0 0 0 0 0 0 0 0 25936990 1 0 0 0 0 0 0 0 0 0 0 0 0 0 0 0 0 0 0 0 0 0 0 13686 4197 0 0 0 0 624448 0 0 0 0 0 0 0 0 0 0 0 0 0 0 0 0 0 0 0 0 0 0 0 0 0 0 0 0 0 0 0 0 0 0 0 0 0 0 0 0 0 0 0 0 0 0 0 0 0 0 0 0 0 0 0 0 0 0 0 0 0 0 0 0 0 0 0 0 0 0 0 0 0 0 0 23572337 0 0 0
ctxt 49920603
btime 1671277109
processes 10730
procs_running 2
procs_blocked 0
softirq 55193869 46842846 528058 23449 2104011 17406 0 4201702 1058609 408 417380

cpu  34759 0 123132 5646295 3503 0 151212 0 0 0
cpu0 2630 0 3936 1459706 1007 0 35596 0 0 0
cpu1 17255 0 65157 1350953 529 0 41119 0 0 0
cpu2 9670 0 37952 1398194 741 0 38204 0 0 0
cpu3 5202 0 16085 1437441 1224 0 36292 0 0 0
intr 198537554 0 0 123509 74 0 16228 2181897 0 0 0 133695 0 0 0 0 0 0 0 0 0 0 0 0 0 0 0 0 0 0 0 0 0 0 0 0 0 0 0 0 0 0 0 0 0 0 0 0 0 0 0 0 145867104 0 0 0 0 0 0 0 0 44860 0 17408 0 0 0 0 0 0 0 0 0 0 0 25937142 1 0 0 0 0 0 0 0 0 0 0 0 0 0 0 0 0 0 0 0 0 0 0 13686 4197 0 0 0 0 624463 0 0 0 0 0 0 0 0 0 0 0 0 0 0 0 0 0 0 0 0 0 0 0 0 0 0 0 0 0 0 0 0 0 0 0 0 0 0 0 0 0 0 0 0 0 0 0 0 0 0 0 0 0 0 0 0 0 0 0 0 0 0 0 0 0 0 0 0 0 0 0 0 0 0 0 23573291 0 0 0
ctxt 49922522
btime 1671277109
processes 10730
procs_running 1
procs_blocked 0
softirq 55193959 46842854 528074 23449 2104012 17406 0 4201718 1058644 408 417394

cpu  34760 0 123136 5646485 3503 0 151212 0 0 0
cpu0 2630 0 3936 1459755 1007 0 35596 0 0 0
cpu1 17256 0 65159 1350998 529 0 41119 0 0 0
cpu2 9671 0 37954 1398240 741 0 38204 0 0 0
cpu3 5203 0 16085 1437490 1224 0 36292 0 0 0
intr 198542676 0 0 123513 74 0 16228 2181919 0 0 0 133700 0 0 0 0 0 0 0 0 0 0 0 0 0 0 0 0 0 0 0 0 0 0 0 0 0 0 0 0 0 0 0 0 0 0 0 0 0 0 0 0 145871099 0 0 0 0 0 0 0 0 44861 0 17408 0 0 0 0 0 0 0 0 0 0 0 25937272 1 0 0 0 0 0 0 0 0 0 0 0 0 0 0 0 0 0 0 0 0 0 0 13686 4197 0 0 0 0 624478 0 0 0 0 0 0 0 0 0 0 0 0 0 0 0 0 0 0 0 0 0 0 0 0 0 0 0 0 0 0 0 0 0 0 0 0 0 0 0 0 0 0 0 0 0 0 0 0 0 0 0 0 0 0 0 0 0 0 0 0 0 0 0 0 0 0 0 0 0 0 0 0 0 0 0 23574240 0 0 0
ctxt 49924403
btime 1671277109
processes 10730
procs_running 1
procs_blocked 0
softirq 55194027 46842854 528086 23449 2104013 17406 0 4201731 1058673 408 417407

cpu  34762 0 123140 5646675 3503 0 151212 0 0 0
cpu0 2630 0 3936 1459804 1007 0 35596 0 0 0
cpu1 17256 0 65160 1351045 529 0 41119 0 0 0
cpu2 9672 0 37957 1398286 741 0 38204 0 0 0
cpu3 5203 0 16085 1437539 1224 0 36292 0 0 0
intr 198547806 0 0 123517 74 0 16228 2181938 0 0 0 133705 0 0 0 0 0 0 0 0 0 0 0 0 0 0 0 0 0 0 0 0 0 0 0 0 0 0 0 0 0 0 0 0 0 0 0 0 0 0 0 0 145875103 0 0 0 0 0 0 0 0 44862 0 17408 0 0 0 0 0 0 0 0 0 0 0 25937400 1 0 0 0 0 0 0 0 0 0 0 0 0 0 0 0 0 0 0 0 0 0 0 13686 4197 0 0 0 0 624493 0 0 0 0 0 0 0 0 0 0 0 0 0 0 0 0 0 0 0 0 0 0 0 0 0 0 0 0 0 0 0 0 0 0 0 0 0 0 0 0 0 0 0 0 0 0 0 0 0 0 0 0 0 0 0 0 0 0 0 0 0 0 0 0 0 0 0 0 0 0 0 0 0 0 0 23575194 0 0 0
ctxt 49926289
btime 1671277109
processes 10730
procs_running 1
procs_blocked 0
softirq 55194104 46842854 528100 23449 2104014 17406 0 4201745 1058707 408 417421

cpu  34762 0 123144 5646865 3503 0 151212 0 0 0
cpu0 2630 0 3936 1459854 1007 0 35596 0 0 0
cpu1 17256 0 65162 1351090 529 0 41119 0 0 0
cpu2 9672 0 37959 1398331 741 0 38204 0 0 0
cpu3 5204 0 16085 1437588 1224 0 36292 0 0 0
intr 198552985 0 0 123522 74 0 16228 2181970 0 0 0 133710 0 0 0 0 0 0 0 0 0 0 0 0 0 0 0 0 0 0 0 0 0 0 0 0 0 0 0 0 0 0 0 0 0 0 0 0 0 0 0 0 145879123 0 0 0 0 0 0 0 0 44863 0 17408 0 0 0 0 0 0 0 0 0 0 0 25937554 1 0 0 0 0 0 0 0 0 0 0 0 0 0 0 0 0 0 0 0 0 0 0 13686 4197 0 0 0 0 624508 0 0 0 0 0 0 0 0 0 0 0 0 0 0 0 0 0 0 0 0 0 0 0 0 0 0 0 0 0 0 0 0 0 0 0 0 0 0 0 0 0 0 0 0 0 0 0 0 0 0 0 0 0 0 0 0 0 0 0 0 0 0 0 0 0 0 0 0 0 0 0 0 0 0 0 23576142 0 0 0
ctxt 49928194
btime 1671277109
processes 10730
procs_running 1
procs_blocked 0
softirq 55194187 46842862 528115 23449 2104015 17406 0 4201759 1058739 408 417434

cpu  34764 0 123148 5647055 3503 0 151212 0 0 0
cpu0 2630 0 3936 1459903 1007 0 35596 0 0 0
cpu1 17256 0 65164 1351137 529 0 41119 0 0 0
cpu2 9673 0 37962 1398377 741 0 38204 0 0 0
cpu3 5204 0 16085 1437637 1224 0 36292 0 0 0
intr 198558117 0 0 123526 74 0 16228 2181991 0 0 0 133715 0 0 0 0 0 0 0 0 0 0 0 0 0 0 0 0 0 0 0 0 0 0 0 0 0 0 0 0 0 0 0 0 0 0 0 0 0 0 0 0 145883128 0 0 0 0 0 0 0 0 44864 0 17408 0 0 0 0 0 0 0 0 0 0 0 25937682 1 0 0 0 0 0 0 0 0 0 0 0 0 0 0 0 0 0 0 0 0 0 0 13686 4197 0 0 0 0 624523 0 0 0 0 0 0 0 0 0 0 0 0 0 0 0 0 0 0 0 0 0 0 0 0 0 0 0 0 0 0 0 0 0 0 0 0 0 0 0 0 0 0 0 0 0 0 0 0 0 0 0 0 0 0 0 0 0 0 0 0 0 0 0 0 0 0 0 0 0 0 0 0 0 0 0 23577096 0 0 0
ctxt 49930086
btime 1671277109
processes 10730
procs_running 2
procs_blocked 0
softirq 55194266 46842862 528131 23449 2104016 17406 0 4201773 1058773 408 417448

cpu  34766 0 123150 5647245 3503 0 151212 0 0 0
cpu0 2630 0 3936 1459952 1007 0 35596 0 0 0
cpu1 17257 0 65165 1351182 529 0 41119 0 0 0
cpu2 9674 0 37963 1398423 741 0 38204 0 0 0
cpu3 5204 0 16085 1437686 1224 0 36292 0 0 0
intr 198563299 0 0 123530 74 0 16228 2182022 0 0 0 133720 0 0 0 0 0 0 0 0 0 0 0 0 0 0 0 0 0 0 0 0 0 0 0 0 0 0 0 0 0 0 0 0 0 0 0 0 0 0 0 0 145887144 0 0 0 0 0 0 0 0 44865 0 17408 0 0 0 0 0 0 0 0 0 0 0 25937836 1 0 0 0 0 0 0 0 0 0 0 0 0 0 0 0 0 0 0 0 0 0 0 13686 4197 0 0 0 0 624542 0 0 0 0 0 0 0 0 0 0 0 0 0 0 0 0 0 0 0 0 0 0 0 0 0 0 0 0 0 0 0 0 0 0 0 0 0 0 0 0 0 0 0 0 0 0 0 0 0 0 0 0 0 0 0 0 0 0 0 0 0 0 0 0 0 0 0 0 0 0 0 0 0 0 0 23578048 0 0 0
ctxt 49931989
btime 1671277109
processes 10730
procs_running 3
procs_blocked 0
softirq 55194350 46842870 528146 23449 2104017 17406 0 4201788 1058805 408 417461

cpu  34767 0 123154 5647436 3503 0 151212 0 0 0
cpu0 2630 0 3936 1460002 1007 0 35596 0 0 0
cpu1 17257 0 65166 1351229 529 0 41119 0 0 0
cpu2 9674 0 37966 1398468 741 0 38204 0 0 0
cpu3 5205 0 16085 1437736 1224 0 36292 0 0 0
intr 198568427 0 0 123534 74 0 16228 2182042 0 0 0 133725 0 0 0 0 0 0 0 0 0 0 0 0 0 0 0 0 0 0 0 0 0 0 0 0 0 0 0 0 0 0 0 0 0 0 0 0 0 0 0 0 145891148 0 0 0 0 0 0 0 0 44866 0 17408 0 0 0 0 0 0 0 0 0 0 0 25937964 1 0 0 0 0 0 0 0 0 0 0 0 0 0 0 0 0 0 0 0 0 0 0 13686 4197 0 0 0 0 624557 0 0 0 0 0 0 0 0 0 0 0 0 0 0 0 0 0 0 0 0 0 0 0 0 0 0 0 0 0 0 0 0 0 0 0 0 0 0 0 0 0 0 0 0 0 0 0 0 0 0 0 0 0 0 0 0 0 0 0 0 0 0 0 0 0 0 0 0 0 0 0 0 0 0 0 23578998 0 0 0
ctxt 49933876
btime 1671277109
processes 10730
procs_running 2
procs_blocked 0
softirq 55194423 46842870 528160 23449 2104018 17406 0 4201802 1058836 408 417474

cpu  34769 0 123157 5647626 3503 0 151213 0 0 0
cpu0 2630 0 3936 1460051 1007 0 35596 0 0 0
cpu1 17258 0 65168 1351274 529 0 41119 0 0 0
cpu2 9674 0 37966 1398514 741 0 38204 0 0 0
cpu3 5206 0 16085 1437784 1224 0 36293 0 0 0
intr 198573652 0 0 123543 74 0 16228 2182088 0 0 0 133730 0 0 0 0 0 0 0 0 0 0 0 0 0 0 0 0 0 0 0 0 0 0 0 0 0 0 0 0 0 0 0 0 0 0 0 0 0 0 0 0 145895171 0 0 0 0 0 0 0 0 44867 0 17408 0 0 0 0 0 0 0 0 0 0 0 25938117 1 0 0 0 0 0 0 0 0 0 0 0 0 0 0 0 0 0 0 0 0 0 0 13686 4197 0 0 0 0 624585 0 0 0 0 0 0 0 0 0 0 0 0 0 0 0 0 0 0 0 0 0 0 0 0 0 0 0 0 0 0 0 0 0 0 0 0 0 0 0 0 0 0 0 0 0 0 0 0 0 0 0 0 0 0 0 0 0 0 0 0 0 0 0 0 0 0 0 0 0 0 0 0 0 0 0 23579957 0 0 0
ctxt 49935825
btime 1671277109
processes 10730
procs_running 1
procs_blocked 0
softirq 55194524 46842878 528177 23450 2104020 17406 0 4201828 1058870 408 417487

cpu  34770 0 123162 5647816 3503 0 151213 0 0 0
cpu0 2630 0 3936 1460101 1007 0 35596 0 0 0
cpu1 17259 0 65170 1351320 529 0 41119 0 0 0
cpu2 9674 0 37970 1398560 741 0 38204 0 0 0
cpu3 5206 0 16085 1437834 1224 0 36293 0 0 0
intr 198578779 0 0 123547 74 0 16228 2182107 0 0 0 133735 0 0 0 0 0 0 0 0 0 0 0 0 0 0 0 0 0 0 0 0 0 0 0 0 0 0 0 0 0 0 0 0 0 0 0 0 0 0 0 0 145899176 0 0 0 0 0 0 0 0 44868 0 17408 0 0 0 0 0 0 0 0 0 0 0 25938245 1 0 0 0 0 0 0 0 0 0 0 0 0 0 0 0 0 0 0 0 0 0 0 13686 4197 0 0 0 0 624600 0 0 0 0 0 0 0 0 0 0 0 0 0 0 0 0 0 0 0 0 0 0 0 0 0 0 0 0 0 0 0 0 0 0 0 0 0 0 0 0 0 0 0 0 0 0 0 0 0 0 0 0 0 0 0 0 0 0 0 0 0 0 0 0 0 0 0 0 0 0 0 0 0 0 0 23580908 0 0 0
ctxt 49937719
btime 1671277109
processes 10730
procs_running 1
procs_blocked 0
softirq 55194599 46842878 528192 23450 2104021 17406 0 4201842 1058902 408 417500

cpu  34772 0 123166 5648006 3503 0 151213 0 0 0
cpu0 2630 0 3936 1460150 1007 0 35596 0 0 0
cpu1 17260 0 65171 1351366 529 0 41119 0 0 0
cpu2 9674 0 37972 1398606 741 0 38204 0 0 0
cpu3 5206 0 16085 1437882 1224 0 36293 0 0 0
intr 198584011 0 0 123555 74 0 16228 2182152 0 0 0 133740 0 0 0 0 0 0 0 0 0 0 0 0 0 0 0 0 0 0 0 0 0 0 0 0 0 0 0 0 0 0 0 0 0 0 0 0 0 0 0 0 145903199 0 0 0 0 0 0 0 0 44869 0 17408 0 0 0 0 0 0 0 0 0 0 0 25938399 1 0 0 0 0 0 0 0 0 0 0 0 0 0 0 0 0 0 0 0 0 0 0 13686 4197 0 0 0 0 624630 0 0 0 0 0 0 0 0 0 0 0 0 0 0 0 0 0 0 0 0 0 0 0 0 0 0 0 0 0 0 0 0 0 0 0 0 0 0 0 0 0 0 0 0 0 0 0 0 0 0 0 0 0 0 0 0 0 0 0 0 0 0 0 0 0 0 0 0 0 0 0 0 0 0 0 23581873 0 0 0
ctxt 49939673
btime 1671277109
processes 10730
procs_running 2
procs_blocked 0
softirq 55194710 46842886 528212 23450 2104023 17406 0 4201869 1058937 408 417519

cpu  34773 0 123170 5648196 3503 0 151213 0 0 0
cpu0 2630 0 3936 1460199 1007 0 35596 0 0 0
cpu1 17261 0 65173 1351412 529 0 41119 0 0 0
cpu2 9674 0 37974 1398652 741 0 38204 0 0 0
cpu3 5207 0 16085 1437932 1224 0 36293 0 0 0
intr 198589131 0 0 123559 74 0 16228 2182171 0 0 0 133745 0 0 0 0 0 0 0 0 0 0 0 0 0 0 0 0 0 0 0 0 0 0 0 0 0 0 0 0 0 0 0 0 0 0 0 0 0 0 0 0 145907197 0 0 0 0 0 0 0 0 44870 0 17408 0 0 0 0 0 0 0 0 0 0 0 25938527 1 0 0 0 0 0 0 0 0 0 0 0 0 0 0 0 0 0 0 0 0 0 0 13686 4197 0 0 0 0 624645 0 0 0 0 0 0 0 0 0 0 0 0 0 0 0 0 0 0 0 0 0 0 0 0 0 0 0 0 0 0 0 0 0 0 0 0 0 0 0 0 0 0 0 0 0 0 0 0 0 0 0 0 0 0 0 0 0 0 0 0 0 0 0 0 0 0 0 0 0 0 0 0 0 0 0 23582824 0 0 0
ctxt 49941564
btime 1671277109
processes 10730
procs_running 1
procs_blocked 0
softirq 55194787 46842886 528226 23450 2104024 17406 0 4201883 1058969 408 417535

cpu  34775 0 123174 5648386 3503 0 151213 0 0 0
cpu0 2630 0 3936 1460249 1007 0 35596 0 0 0
cpu1 17262 0 65174 1351458 529 0 41119 0 0 0
cpu2 9674 0 37977 1398697 741 0 38204 0 0 0
cpu3 5207 0 16085 1437981 1224 0 36293 0 0 0
intr 198594329 0 0 123564 74 0 16228 2182203 0 0 0 133750 0 0 0 0 0 0 0 0 0 0 0 0 0 0 0 0 0 0 0 0 0 0 0 0 0 0 0 0 0 0 0 0 0 0 0 0 0 0 0 0 145911227 0 0 0 0 0 0 0 0 44871 0 17408 0 0 0 0 0 0 0 0 0 0 0 25938681 1 0 0 0 0 0 0 0 0 0 0 0 0 0 0 0 0 0 0 0 0 0 0 13686 4197 0 0 0 0 624660 0 0 0 0 0 0 0 0 0 0 0 0 0 0 0 0 0 0 0 0 0 0 0 0 0 0 0 0 0 0 0 0 0 0 0 0 0 0 0 0 0 0 0 0 0 0 0 0 0 0 0 0 0 0 0 0 0 0 0 0 0 0 0 0 0 0 0 0 0 0 0 0 0 0 0 23583779 0 0 0
ctxt 49943483
btime 1671277109
processes 10730
procs_running 1
procs_blocked 0
softirq 55194871 46842894 528242 23450 2104025 17406 0 4201898 1058999 408 417549
