Latency
2792136
3061625
3336881
3589305
3863550
4129565
4381086
4793954
5043400
5302139
5600881
5853837
7442213
7714949
7975274
8231994
8518071
8770680
9194138
9458848
9719694
10008090
10301623
10556007
11135708
11383566
11637908
11896426
12188668
12652114
12940507
345490
742557
1161063
1418562
1678055
45182091
45440364
45707417
45964020
46241285
46493928
46753244
47016067
47278462
47529758
50517651
50792261
51046827
51295314
51562184
51817578
52085122
52373711
52646333
22999642
23258354
23511445
59196173
59463200
28251101
28502650
28754929
303034
552611
899183
1188096
1446438
1729610
2243068
3197028
5606808
5868563
6991026
7253824
298500
589998
841935
1113656
1364076
1670825
2795934
5549838
5829865
6667229
6947111
8399940
253839
623982
991290
1241792
1502022
2976757
4472855
4734218
5605910
246452
653676
921761
1194190
1481755
4165758
4442505
5049955
5320513
241678
500855
787301
1046747
1320255
1617068
2333360
3462535
6110855
6376271
245000
616581
881185
1156831
1409547
3590147
4468901
4740181
4998330
252624
532984
803412
1074963
1362004
1890172
4352718
4627021
5207453
859194
1115221
1370309
1641702
2062975
2395592
10358245
10633216
10897403
14123090
14400071
14662033
14921301
15212820
784364
1034770
1317523
1585388
1876640
2159945
2879220
9414931
9695460
9978629
10531441
10792276
11066636
1232169
1509833
1800796
2058179
2353580
8396579
8650521
8917614
13096171
13376467
13647549
13911291
14184341
1119637
1391218
1648658
1914284
2219839
2933092
6635141
6934680
11256202
11506775
11988341
12293302
12562870
1071972
1357904
1608551
1865050
2120189
2371007
8485862
8768634
9064470
9683918
9951570
10244464
13601768
13864703
1098705
1375965
1625849
1914856
2171476
2706412
6814772
7118699
9642975
10563746
10841743
11113768
13459504
1035325
1316939
1593935
1849310
2137935
5961101
927859
1199636
1450699
1728805
2020699
2284944
2563649
2813912
4753588
6631107
9186843
9462476
12201337
731198
1005265
1294225
1564537
1820289
2273963
2555832
4071931
8395560
8662410
9267344
9547459
11576572
911382
1169334
1424155
1707247
1960845
2221511
2486441
7695895
7965299
10457685
10718044
10976574
1095590
1363323
1639190
1888617
2144752
2398064
2653582
3492391
8337977
8588571
11273390
11550194
11837775
894126
1160141
1452368
1736646
2025829
2275134
5658144
5918912
7304864
7585011
7860943
496134
785288
1037685
1294179
1582712
1856615
9004701
9291315
9570434
12013914
12306838
12572592
12870549
14516789
699606
974050
1231786
1507285
1758437
2509120
2767350
4183738
6873148
7123199
10262025
10558750
11140578
11391687
1058200
1311646
1565242
1818751
2104491
2389356
2642209
3146344
3596292
7897608
8185568
9738588
9993655
1154580
1409615
1704394
1988888
2240406
2490817
3247530
3559970
9651065
9914431
10204513
10490151
10746038
1166378
1429150
1715961
1986868
2255382
2544023
2797375
5373752
8243555
9828485
10112078
10383984
783095
1033317
1339529
1601160
1886049
2139703
2400658
2942998
6759548
7039655
11640101
11902836
12175137
1022708
1286257
1574274
1857179
2107512
2416341
2697327
8691178
8982345
9752995
10020954
10310244
775605
1047660
1323570
1590114
1876208
2125869
2378203
6785898
7063588
7627138
7951182
8357150
10768084
737683
1029161
1284100
1540499
1830638
2080664
4897206
8278711
11836549
12121286
12376239
12638378
949406
1221852
1471394
1727848
1976831
2230097
3822237
9008289
9270931
9555252
13143031
13404888
13664176
13923993
699633
955491
1205804
1490530
1876822
2134437
2404176
2656371
2943465
4335392
4753315
7431341
9219953
9494683
1095650
1416989
1672233
1923534
2178841
2458857
6813772
7066468
8358011
14619829
14918909
15217902
15515800
15775885
1235371
1492518
1740027
1990482
2249865
2508155
9568707
9818426
10086871
12285164
12537061
12791154
13080023
1032825
1299224
1574651
1859774
2158218
2700861
3683813
9726344
9978903
10267507
11593202
11876311
12149762
779109
1052675
1322232
1577736
1827898
2083570
2369072
2656008
7439151
7729357
9171043
9466271
9754141
10265634
1004579
1283312
1533441
1782490
2049195
2582911
2865345
7030502
7317453
9573512
11157170
11404677
11668769
11932530
951885
1201380
1480540
1775201
2030012
2626610
2895239
6675889
6956927
7227413
7511337
9278264
11407605
11688577
695369
986164
1245618
1501574
1790633
2062517
4334487
10277509
10523308
10795870
11158991
11421041
11692085
914941
1198114
1459294
1990283
2265111
2537013
2792458
3298278
9083078
9352633
10455607
10704926
10966552
12803998
639158
919506
1210055
1470886
1748671
2007864
2763632
5694738
5954793
6585954
11903781
12162615
12445627
12725418
953407
1212165
1489439
1977767
2258530
2544219
10857347
11141874
11389924
11656991
13922841
14197141
14456047
14715448
501652
782327
1035163
1294936
1581605
1834792
5299413
5550006
7018394
7296112
8440707
13722668
14005355
14286278
790777
1044456
1311508
1588490
1850950
2140128
2428879
6778682
7035164
9213261
9825177
10166644
10426147
956971
1225384
1512054
1767320
2023841
2357765
2639043
7641645
7921331
8691010
8991735
9267660
10531689
12939712
13229445
474585
1064094
1325418
1611210
1864436
2151857
2429046
2698098
3688184
7582606
7846887
9594957
9874673
1078025
1370587
1622016
1871338
2131062
2418838
3047504
7613078
7909345
9127189
9395502
9666972
10349515
709104
989187
1259967
1510995
1765524
2019169
2301387
6434702
6696498
7325686
8277600
8550588
12387719
12662617
780072
1033271
1307678
1558025
1812185
2443031
2929368
8880308
9149500
9433667
13768830
14075607
14336147
14584580
1175474
1462393
1733908
1998252
2258850
2519354
2788895
4339231
8690708
8947506
9865693
10146946
814728
1083141
1338553
1593777
1844902
2127025
4075252
9553986
9818521
13283108
13575847
13845590
14099329
744474
997094
1267067
1519225
1781977
2060558
2608441
2900102
7424747
7701174
8836820
9085647
10662797
418280
1147505
1413672
1667886
1939431
2192210
2692566
3300498
4049546
8978948
9267967
10500429
10750929
11023077
934916
1207064
1494461
2203948
2454626
2704924
6310904
6587502
9903252
10197942
11631707
11886294
12164919
922981
1191925
1465807
2162796
2429498
2717351
2974448
10337704
10630418
10885769
11713494
11981089
12261767
12510377
472780
737996
1394873
1647028
1936797
2187015
2806628
9182160
9461915
9720949
10840617
11134538
11460042
754306
1045260
1318093
1572147
1825014
2379018
2642802
5499314
5840736
9522102
9790571
12554702
12818945
13123521
13371341
661020
920487
1187641
1458505
1720115
1972528
2262819
4892671
5182290
6772357
12211332
12483402
12764595
13053522
803762
1093712
1378004
1675630
1927225
2184074
7581159
7860187
8412791
8703498
12047380
12350865
857264
1129002
1392124
1657950
1913433
11494657
11783481
12030693
12456495
12750185
13033399
13293708
959291
1224551
1492840
1744938
1998643
2251847
2949125
3210478
6344831
6692013
6988075
7273758
8564114
9590960
368987
1161745
1433074
1718314
1979881
2488138
3113868
10021418
10294047
10599784
10882251
11136986
11393111
989445
1270155
1535726
1815148
2081746
2340120
9521999
9804197
10078534
13136006
13417309
13717294
13977240
710079
959470
1352370
1610524
1894104
2190121
2447638
4007513
10025304
10283701
11558396
11866668
12156567
417579
697218
1113031
1399197
1651321
1906875
2190956
2440809
3744068
6839055
7093547
10899462
11146412
11408002
965972
1227924
1481721
1751807
2045190
2316222
2604231
10096760
10378569
10637257
12440248
12727354
12984332
13256834
1070322
1382120
1646784
1952656
2205069
2486964
4912450
9441887
9723460
9977684
10260601
919872
1198530
1497290
1748832
2036200
3313168
4948549
8835098
9107053
12679261
12960960
13209971
13469434
793124
1049698
1344948
1621239
1892705
2465305
2716458
3349203
10346822
10623093
10899664
11154182
11414427
11663009
809862
1088971
1361408
1642825
1892880
2148682
6114101
6387215
8671359
8946201
13068077
13344717
1156255
1447015
1695982
1958339
2225842
2487376
2751140
9128673
9428622
9860764
10132577
10401307
12616908
783637
1044736
1327744
1588512
1847470
2131003
4336124
6594159
6862488
10089507
1008796
1302614
1559930
1841955
2120202
2393007
2880068
3145825
9558637
9847868
10123245
10391221
10672801
11215720
450851
724392
1151138
1429897
1688524
1988285
2269421
2520915
5047330
8467118
8758247
10457194
10733431
11011265
1069946
1344967
1616201
1880972
2158971
2482171
11421258
11713281
11961849
14395941
14681244
14941464
15217408
962514
1336414
1586753
1857522
2413277
7821755
8083633
11811161
12094810
13358132
13641989
13928775
14189142
724208
1017953
1303598
1558736
1839127
2270503
2527162
3945519
6097025
6366415
8079922
12189699
12469035
12729860
729528
1002186
1290484
1568604
1818535
2343670
2611010
8367635
8643537
10402267
10671103
10954771
11999466
752960
1042584
1291742
1543851
1798616
2053286
2629686
7620295
7901374
8705330
11435072
11713445
11978775
1093124
1345253
1629731
1891994
2182739
2704688
2966716
5192950
9523359
9793552
12998956
13282028
13539196
13821808
468225
1122925
1407654
1662745
1941132
2197454
9070441
9353824
9638819
11051245
11323479
11609322
11897627
1249026
1533103
1820993
2073919
2361587
2634355
3119451
10598069
1059047
1337478
1587702
1914455
2172720
2461959
2718814
6309661
6581203
8263111
11300200
11563801
11845002
789633
1061932
1354764
1605898
1856491
2147336
7699630
7969724
10681844
10938565
11223070
11506273
726742
995799
1504034
1766743
2022175
2383765
2781496
10405307
10691738
10983998
12152525
12427092
12689616
12960888
769276
1036792
1302076
1552195
1808076
2095941
2373250
7202844
7489197
11818975
12087758
12337544
830481
1117825
1395833
1682373
1948631
2213724
2520787
9461754
9737287
9987005
10255725
10522788
10798370
11156851
13052107
253603
503719
754247
1057634
1345961
2513482
3984114
5121892
5393106
304820
627812
901832
1151453
1404051
2090337
3991485
5703902
5979302
246430
541710
794906
1075762
1336994
2878346
6669647
6948325
9788764
10037177
10299678
753343
1039008
1302289
1565245
1966515
2218109
3557715
5122649
9045297
9299203
13367556
13686018
13955687
14274669
887412
1183621
1442055
1695249
1956800
2247112
7013747
7284987
9649528
10358244
10603244
10860935
948555
1226845
1476701
1736099
2421294
2701759
8405310
8668684
8929937
11648199
11897800
12158910
12612212
1049024
1318601
1589608
1851727
2104918
2691092
6254100
6568875
9277984
9580119
13141868
13392650
1166911
1436793
1698931
1979310
2228686
2478842
2728994
4783013
5034709
6951705
7219993
8335081
8605594
11303075
11568000
1095442
1366938
1685374
1946781
2197438
2454854
5740524
6056045
9370021
12135037
12416033
12671903
708478
959300
1254193
1510415
1800342
2053185
2927599
8712263
8966052
9837556
10119241
10388943
10662219
11272404
1024981
1295360
1551596
1822614
2096205
2350107
3964758
4685500
10119741
10432618
10724810
11012601
851584
1114248
1398942
1661672
1953258
2235878
6599802
6858535
9038640
10871146
11136162
11387554
735690
993397
1276466
1544180
1831830
2160489
2447244
2704542
5487570
5761950
7197268
7491648
9210210
9745017
10027575
1098818
1424570
1715030
1965330
2252992
2616931
2881973
4399420
7073368
7336117
9027867
11624250
11886497
12146406
451301
1112758
1389852
1648894
1918679
2193208
2985144
10535862
10827334
11098680
11359417
11646076
11901339
850985
1129757
1400646
1658514
1921936
2185471
7976182
843219
1115834
1374042
1625063
1902342
10726919
10988379
11260707
11548080
11829542
12082509
12361958
978533
1232427
1510271
1775410
2386821
2637000
10335057
10612336
10886475
11782712
12059383
12349311
12607190
15290215
1012929
1278912
1566136
1822035
2072975
2347556
2617228
2905776
3567269
4337910
7503068
7767950
8056084
992656
1243170
1522090
1778959
2036550
2745914
3003395
4836863
9145663
9408559
11792373
12044755
12333804
836567
1115014
1377108
1636154
1923727
2173709
2422860
8282414
8569928
9428052
9704229
9961546
1043235
1370118
1641407
1923387
2184853
2436854
5943064
6251929
9515377
12480435
12747202
13042488
1078586
1328938
1615416
1905455
2156844
2409506
2761012
3854662
8091986
8373985
12592659
12882088
13134930
709441
995998
1254474
1527602
1805745
2055971
2331182
6509509
6795708
10081131
10335852
10619312
10948012
1097922
1386377
1637254
1927091
2177039
2442845
6784084
7035368
10075878
10352438
10604556
11774918
12052037
708499
981141
1236021
1489484
1738424
1995589
2282475
2623603
6845034
7119798
11359006
11613300
11906022
771139
1030631
1281882
1574518
1863311
2123684
9337457
9604002
9868605
11950005
12223767
12499020
12749249
14044470
836367
1122720
1375757
1630727
1919758
4484174
4739140
10279801
10587773
10881600
12247473
12521925
12810402
755102
1016564
1275894
1561855
1843245
2111336
2365231
5907940
1152500
1402537
1666499
1944767
2202071
2619165
7805652
8058984
10400557
10969349
11352341
11611880
577234
872791
1149704
1422032
1674280
1928451
2177789
3280290
8778563
9049982
12451986
12754044
13018431
13295466
720154
1010024
1295402
1551080
1804715
7870600
8163654
8411448
9636148
9912998
10170961
10819238
12677084
12942589
1034984
1321467
1608267
1891221
2151699
2439793
7991663
8276398
10121946
11458587
11737798
12000453
923632
1186474
1473870
1724336
1983327
2233595
2815114
3064772
3426678
6389134
6691425
6998305
7244920
10437964
10694322
776789
1061788
1309089
1574045
1845701
2095167
2347554
5093375
8893785
9165136
9921118
10200255
10459065
796639
1063877
1316533
1597059
1847192
2096846
2744745
7213710
7507987
7930276
8214978
985288
1305334
1565567
1815670
2113305
3922029
10320956
10580521
10840895
13321741
13581239
13847502
14135170
1049992
1329089
1604890
1868563
2120794
2370750
7643618
7926303
10240598
10709457
10962523
11247475
11541566
13251991
1070950
1341310
1590333
1852980
2104373
2526504
2776902
3352518
8666406
8945757
13186742
13445066
13699135
14000119
1061444
1320761
1602792
1856691
2127865
2405880
9366894
9647787
9930324
12308680
12575315
12830575
683520
953938
1240822
1499212
1747875
2007439
10442598
10695555
10962315
11422491
11670953
11944051
12252118
1210423
1475994
1760411
2053091
2341378
2803754
3094603
7695768
7972585
9362106
9623392
9877309
10544179
11207357
1173486
1441007
1700318
1976442
2244013
2513780
2763032
8060037
8371623
8658528
9804536
11397272
11676784
11930379
516424
766377
1235783
1533122
1783396
2079174
9730372
10023349
10284220
10564871
10850634
11151957
599278
860171
1142935
1420680
1694557
1952474
2783003
7176148
7446424
8736761
10595647
10881701
11130349
1166051
1458631
1716535
1969448
2255863
3460668
11893966
12172798
12437238
14094058
14365436
14618197
928202
1198803
1465370
1725354
1977570
2241126
2890758
6578484
6845740
9442832
9721579
9979244
12145738
12408618
739772
1032118
1326054
1611042
2045510
2320024
10346248
10653583
10919302
11207461
11462623
11742752
13087305
1081385
1355049
1623522
1877375
2166915
2418780
10835565
11094198
11349306
11665626
11973286
12220030
12479364
739998
998490
1265491
1545332
1809001
2094904
2355904
7657058
7917947
8178957
8445758
981941
1248718
1497436
1782564
2078731
2330652
2613687
8877617
9126365
9387243
13578474
13841665
14116664
14370651
574688
877664
1168835
1495217
1759277
2021969
2285990
2702951
7305495
7574280
11756053
12041069
12293619
1134131
1399300
1670852
1958917
2246396
2852569
7315145
7576205
7831934
12052824
12308781
13496413
13768403
14057840
14310202
1085376
1363264
1652089
1902247
2159919
2438125
7084842
7333543
8625015
13550782
13822221
14112302
14376460
962620
1252801
1530271
1801639
2087069
2563462
7352579
7633174
10459442
14053149
14334241
14587709
14842988
1044812
1286718
1568727
1829467
2078751
2359843
2811214
10187674
10445854
10696571
10987859
11236007
11494140
357563
1127530
1397620
1664207
1930794
2318565
3863316
5148297
6986912
14606643
14869164
15152869
15442925
985803
1272112
1534531
1822704
2078841
2365460
2662853
10063138
10346401
10612680
10888313
11153272
785037
1033476
1283530
1567361
1832554
7353660
7609192
8859212
9136704
9479680
10643581
13154188
13425187
746642
1033808
1331896
1589595
1879711
2129410
2379586
6790621
7066028
8742842
10198817
10462638
10763367
886323
1140259
1432712
1682114
1932026
3620871
8990617
9277634
11055412
11309794
11572533
13300711
351640
647945
1274902
1549005
1825108
2091478
2341498
4607356
7000208
14353092
14649151
14964761
15231071
787532
1043010
1307042
1600548
1868041
2124222
2914245
4609309
5619612
5902586
9674473
9947012
10243529
356159
638265
1175104
1437202
1725040
1973763
2258828
3977905
9847136
10130288
10413431
10677174
10935498
1145613
1406157
1656494
1915163
2193832
2477509
2730986
6216910
6493442
9194295
9474894
10861571
11130984
778615
1061016
1328530
1617546
1905046
2156721
4059430
8668944
8940326
9198329
12121625
12445278
12716424
752537
1011273
1293868
1550350
1806517
2062333
8410315
8669426
8949761
9217606
9501668
12707664
12982029
852001
1135065
1385214
1651317
1900322
2427912
2691428
6608208
6883615
8835867
9125412
9379983
9812313
10620848
728999
998757
1274667
1524955
1784452
2038972
7111768
7382003
8696707
14100012
14453140
14703465
14960133
1193264
1449924
1704599
1954867
2205978
2494368
3619663
7444277
7716285
14741153
15016425
15282407
15568187
738294
1009942
1263047
1556780
1840723
2095277
8337303
8623201
8898079
9457047
10502772
10760475
11013176
927957
1202650
1481553
1770421
2056580
2693091
6041785
6327215
11717801
1035346
1323701
1574492
1825344
2446127
3022232
12005831
12282097
12549332
12828360
13117390
13378979
571405
845518
1122521
1404537
1844157
6673330
7001687
11867960
12139618
12846087
13106535
13361607
13639967
923728
1183193
1442937
1730927
1999927
2743175
3017257
4695417
5918494
6202031
7816094
8768522
9049514
858170
1151952
1410592
1692462
1983956
2234305
5434451
5705215
6166981
13534570
13797933
14083512
14344497
1006931
1297441
1585314
1843310
2131711
2415079
2890002
3383748
8494212
8754160
10071209
11080223
11346488
11623140
874962
1166453
1419825
1670833
1964384
2217763
2973524
8960377
9242534
9498668
10535965
11974208
12234437
12512112
318325
1018491
1305087
1583858
1846073
2100206
2867937
5178606
7371389
7642511
312616
591654
862677
1134873
1387466
1641160
1894683
4497505
4782114
5039463
5307964
8858756
9127166
304775
621876
885387
1158331
1496990
6670690
6940772
11428450
11765722
12051956
12331223
712158
965974
1215214
1466151
2006510
2255477
6427876
6706552
8404421
8684170
8958208
10897225
11167418
325551
1006371
1271508
1554400
1856897
2137562
3780565
6662578
11606540
11864222
12151155
12400823
401801
911824
1190228
1440899
1694622
1948138
2919988
7294364
7554550
8703445
8980229
315198
711325
960551
1220407
1500847
6490010
6768023
7283291
9382959
9653518
9918354
850361
1141949
1426066
1708599
2190324
2471336
4153707
7926525
8205858
9456518
9713028
9963445
453554
726858
1016435
1278582
1568200
1840187
5401220
5672544
8604123
8867444
9140927
11740566
12017765
12273748
815990
1073894
1323347
1623279
1914699
2179526
6701701
6966202
11474533
11742944
12018346
449182
917630
1170807
1421930
1675853
1938720
2194842
4943981
5190595
5965816
6970183
7224550
353033
622424
908134
1157486
1436348
1698169
3789790
5617250
6950461
7209320
406181
863541
1116527
1369534
2343736
2646407
8540937
8795972
9051462
10509303
10759064
11023939
375204
1014966
1270579
1551194
3311452
8201102
8466540
8734628
8993382
639715
896515
1170888
1557284
1808646
2093310
2391087
7328696
7594506
8353375
10777710
497350
761652
1021072
1415806
1748817
2019371
6659734
6934122
9778659
10059149
10372198
10658215
476495
736135
1031040
1332742
1607034
4935857
5205092
9093287
9365760
10559295
10827287
11072443
448928
924807
1173851
1431484
3584783
8497546
8749635
9969735
10243634
10496920
319750
847289
1103803
1366135
1646327
1988473
2273088
3448209
6052155
9192755
9470436
9719818
409756
1032091
1291464
1571565
1847217
3744007
7865487
8120644
9227650
9484024
9759172
304877
593084
972892
1242034
1501056
2782085
3358035
6181857
889561
1154712
1427304
1677426
1964072
2326074
2768460
6743612
6995806
7290357
7538884
10113909
614360
873000
1142826
1666747
1941232
2732768
9542971
9805546
10106630
10354887
10605260
10855328
449588
738457
995190
1245287
1500421
1754555
2031957
6898056
7144743
7798961
8064468
8317642
9277150
314612
673350
930018
1199246
1453552
1706744
2642821
7416801
7691522
10461872
10716959
10971828
11261544
322689
766299
1023004
1285144
1540014
2017709
2299314
7808394
8074870
8341231
8597094
8852295
671833
925600
1239683
1530213
1781954
2032249
2318010
5379778
6991608
11335701
11592882
11863724
323307
1022670
1283241
1531664
1832446
3067418
8987859
9244830
9494826
9763065
10032186
305395
599196
1139595
1411024
1667775
1926721
2904521
7324272
7573212
8194204
8457384
8730425
398440
689111
939137
1211150
1481146
3259397
8936484
9217781
9466403
10111142
10381848
10644322
299834
695065
1089105
1369250
1626274
1897578
6526210
6775490
10663128
10938922
11195626
11466160
465254
736562
1002952
1288108
1542911
6698828
6953799
8784355
9056324
9325963
9776438
311178
720740
981730
1232508
1515904
1983077
5694020
5945186
8094174
8350724
8625925
8879085
10049470
686984
952953
1238318
1526768
1814049
2788080
9570552
9854367
10106248
309457
1018492
1283794
1534486
1831934
2182341
6608168
324395
598490
1009796
1304277
1569871
1820463
2102030
3165334
4879366
7915889
8194539
306930
585237
996213
1258135
1537429
2418814
6894087
7151916
10730610
11005301
11262234
11529090
359428
611308
862600
1140144
1395627
5899262
6170882
6427818
6684677
7552527
10089461
10353988
500261
759738
1043798
1351270
1616897
1896817
4108231
4398468
8925727
9202703
353033
924769
1220939
1481404
1922902
2367340
3856050
6017713
10014529
10264803
10520695
667324
939094
1430600
1691243
1976165
3479308
7194431
7469934
7754058
12244160
12503835
510260
830660
1459127
1742614
2008353
8902855
9155116
9410128
10625670
10872909
11122688
11372328
351109
847022
1280402
1553995
1824555
2341056
4023458
6776944
7034299
7629198
7907938
606799
1144536
1420935
1697177
1947840
2203811
7912912
8174992
8465871
8728134
8992808
449371
734312
990113
1276794
1551233
1807707
5147313
5419628
8376028
8624028
8901010
449234
942241
1204027
1484677
1745911
2985154
7771532
8046207
8322395
8573649
9659149
655661
922223
1194832
1468429
1813831
2070814
2795635
3860995
8004281
8300331
8571266
8822792
951578
1229823
1478255
1730358
2164066
2622851
8233831
8506160
9195287
11523024
11781120
12071560
594160
870035
1121314
1408997
1974251
4685418
4974613
9461792
9739571
326626
1054807
1332347
1624102
2141427
7377601
7657029
10171589
10421411
10673961
346472
613171
1189971
1470543
1726711
1986518
3879806
5373658
5643383
6504969
7376543
7633852
308617
930278
1204957
1460553
1734072
2076189
2372404
6714914
6988641
8237185
8496591
8767770
410911
675302
1076880
1341650
1611720
1864550
2114598
5859012
6136117
7071239
7366607
7914071
305136
972123
1249770
1518883
2595979
7895614
8163180
8419869
9282426
9905850
10159981
10422883
697956
981947
1275142
1537721
1814324
2064977
6230862
6502652
8318495
8593186
8843681
10352386
10602653
631056
903881
1155261
1455852
1741602
2095256
2851573
6448760
6725591
7619153
7904922
9484469
837258
1126721
1500126
1756532
2443306
6476467
6735664
11279347
11553534
11801883
12241946
12501994
686345
935709
1233557
1722421
1975231
2234455
4696732
4952299
8132533
8429448
9974439
10224734
456746
715591
996927
1275612
1529664
1819107
2505535
7113038
7389570
9088410
9363534
9648572
10645618
413447
668024
1051206
1333210
1607853
1860737
2110449
2362502
3628714
5334913
8534110
8817041
9073386
269549
1026108
1299992
1568315
1851614
8504514
8753530
9009154
9782964
10048465
10321068
352618
979072
1227641
1524554
1782972
2059177
4442386
4698064
6438256
6709553
7333876
10583415
10841554
11091754
419002
702234
952463
1275609
1549518
1829299
2080530
2329256
7074312
7365530
7641833
658829
919863
1194959
1463567
2040928
2305010
6584518
6855664
9247211
9501194
9792428
10040927
497812
752775
1019905
1305427
1558558
1808201
7265750
7513997
9763176
10052752
10346653
402802
660532
987931
1270917
1710464
1987719
5725230
5981588
10530030
10795366
11067058
12561268
305541
1005137
1287348
1540540
1889394
2304211
7785079
8063530
8835985
9099419
9369224
354194
792243
1126644
1394032
1643235
1892692
2989280
7793934
8052273
10450394
10744945
11023351
849289
1102526
1356176
1648888
996683
1279995
1532298
2032027
10905484
11155980
11427323
11696600
11953561
12248305
12497393
733664
1013280
1293709
1678470
1954481
2223301
5125492
5398101
6595207
10172183
10420508
10678281
451010
732251
1015274
1406194
1682307
2037789
7535041
7831680
8084846
8351426
8614117
400841
657735
910571
1184290
1440093
1727501
6387121
6670659
7765563
8013539
8264479
494212
995865
1289943
1565695
1828280
2819147
6847481
7115339
11335857
11583902
11843968
304232
600675
1002981
1269001
1546704
1841460
6891787
7154129
8199070
8521228
8781132
9037279
412549
711110
1084712
1397914
1647071
1897635
2181067
3059730
6796902
699714
959898
1237687
1696136
1949742
5519981
5812147
9031054
10669167
10918422
11194187
305873
1004693
1269321
1547897
1806048
2079631
2328960
2590255
3053437
4013721
9564450
9842010
10107938
550568
818025
1089874
1343293
1593466
7519390
7785319
8062820
8340203
8593940
9213891
674975
951238
1242635
1515523
1767577
2362310
5912216
6182587
6873969
8590226
8892404
9171503
449785
969211
1233900
1487097
1737542
2002758
2618699
6903949
7188244
7437295
8696618
8946280
9204933
518379
796995
1085800
1342584
1626410
1877579
4482090
4762412
6273779
6518452
8197504
733806
1008680
1259071
1806675
2083357
3183301
9122334
773431
1051039
1325366
1575815
1824843
2081103
6859623
7122996
7729212
7978021
8264567
11870623
12120470
316288
587372
844727
1290514
1539820
1789307
2258170
3408854
8447499
8726902
9558298
9812624
10089090
492751
759967
1053967
1310780
1596358
4999172
5264915
8844054
9118720
9378051
10036838
10318928
300683
602068
1121040
1389747
1642597
2175202
8242987
8525292
8800931
9107658
9367688
493149
764792
1046841
1295894
1589351
4732034
4996227
11893084
12177840
12436542
12710590
316657
569299
1098581
1377551
1631591
1890223
3036865
6321648
6612047
7496251
7768246
