Latency
471044
720442
971975
1257920
1956685
6028886
11234052
11490610
18141240
18526380
18810537
19094178
19366227
19637672
22208584
32017528
32284010
32748454
33026258
33288625
42042628
42297880
42570168
42835373
43169088
43491733
43753366
49180249
49432512
54481301
54764407
55012211
61369362
61648166
61941689
62225274
62507887
62783066
63087884
63387181
63830152
72961576
75001087
75258627
76938663
77208681
77481007
77738335
77998713
79291190
79675159
81209707
81480498
81741769
81991065
82262413
84768239
85473487
85738865
85981722
86241575
86496013
88211488
89948043
90250266
90546143
90835418
91096035
92441204
92705311
94467295
94724562
94971648
95258678
95546090
98485365
98751981
99015566
99286146
99996551
100349197
102590182
102945770
104125234
104402720
104651436
104905797
108520546
108789748
109043373
109314415
109587345
109871646
116490853
116740389
117126578
117540781
117786588
118047768
120440321
120716340
120995320
121422384
121671902
121950191
128051310
128317854
127893369
129836588
130093595
130364492
130623619
132528532
132805260
133047744
133257640
135205837
135622653
135882320
136143612
136448934
136706594
136109637
136331944
134917471
135169707
135396475
139887547
140322523
140598092
140850724
141147069
141441102
139109477
139383574
139633059
139903175
140152438
143942491
144194950
144423317
144659258
144902381
148133792
148400695
148668102
148922006
151923379
150522540
150748428
151002213
153880249
154131648
154355991
154626343
154853255
156987097
157262266
157484351
157718751
159973415
160224783
160699092
159403513
159632577
159892419
73415856
73266937
73526001
73794518
74093757
76118139
75970817
76256693
76510081
78871704
78719553
78986917
80663970
80503956
80766777
81034945
82689515
82539612
82790008
83064839
84914714
83886748
84149753
86071838
86352818
86178212
86429200
88202907
88482767
88328532
88592696
90572932
90831781
90677802
90960331
92699771
92963506
92789358
93044718
94624703
94487106
94786098
198769890
194444433
199311177
98686190
98950999
98789978
99053127
99323144
100553508
100842912
100672942
100943684
203771498
206939034
52041527
52309004
52586876
52421347
54149325
54425058
54298975
56263815
56521484
56787894
56626687
58206479
58481802
58736638
58591021
60132171
60413738
60671678
62091501
62357071
62634654
62468045
64043658
64309450
64571737
63545512
65086938
65347113
65597332
65875397
67042898
67297125
67567462
67405538
68994976
69263742
69548742
69798649
71099374
71366751
71631147
71495306
73229812
73508225
73763256
75132489
75398706
75651409
75953703
77184705
77436847
77684115
79082870
79358371
79637796
79902584
81322152
81576953
81830725
49419106
50967041
50365404
50623135
53075260
52921077
53175630
53440776
53725288
55220917
55083131
55347015
55612182
57667796
57505061
57759084
58033735
60112082
59961003
60218548
60467963
261756918
262090092
262277206
64179648
64460590
64739714
65015207
66486105
66346414
66594650
67969534
67796730
68086750
68367073
69323950
69161423
68575032
68850533
69106589
70583852
70416870
70689790
70954565
72713657
72544559
72820571
73078748
75000945
75278412
75109212
75382244
280840867
281469365
282777654
185776718
283411740
282077917
282514445
80910869
80736694
54863472
55144914
55397329
55236468
289245425
197693336
201172375
60685028
94653029
61356601
201379134
61858743
64340423
64617852
64891605
64729106
66295934
66552739
66844205
67109644
70817752
208610256
71416403
71677506
71956677
73309399
73593074
73852728
74108886
73941177
75327324
75591160
75869010
76118724
218513121
79579311
79839606
80104872
80361472
80211615
118830637
326374918
82228359
82616728
82871399
83151799
83436510
326485589
88104424
87948239
88211275
54495015
56661113
56892055
57145913
57234062
57489721
57742298
63142755
63439238
63692341
63535889
241854092
242101920
241099258
67543035
67819054
68100279
67960844
68455971
68715537
68971844
69242362
69097638
70790920
71066055
71315814
71176566
198164843
354899744
113049938
257880927
256860812
77348851
118056536
78331100
82320787
82596242
82421838
84189945
84451094
84716210
84545817
368153264
368446480
368830060
275734024
276131731
167611913
93053148
135545767
88497426
89055299
89322333
283184137
283023463
94231110
94499323
94774481
95034504
63096436
62534348
62810538
64931142
64758617
65013541
65274870
65536146
110952834
69666338
69518680
69783742
70046422
71792833
71625716
71884381
73661900
73528942
73777467
74053828
76460243
301671266
301947533
78008001
77839513
78113253
78379294
79954930
79806494
80094091
79494307
170529863
170365373
83249879
83519907
83383759
83632607
84879411
85142385
84985272
85251971
85520947
176112301
316141550
89245765
89500580
89338241
178537632
217512357
321418397
321672126
91844894
321784804
140663397
98779764
53075568
53355128
53611422
185501257
53727397
185818105
184798021
185082176
104755240
154052709
154301389
154136257
58510770
152109855
152370736
59316809
152886238
109007304
156150113
156162524
156591479
156844295
157093056
155314721
65255240
68681343
68930399
69190157
69447530
70803854
71088207
71339544
71626066
72789632
73083825
73364324
165223787
73904129
129661173
74451081
78010858
77426205
77693335
77940809
79568509
79410477
79675210
79944335
81378237
81205595
81471188
83328004
83186857
83441374
89281954
83958904
363792370
84531259
84797292
85058750
91214353
142832308
145650762
142820708
55773275
56033495
368084271
315868908
316136727
57075195
142942459
57173510
61512768
61761362
62045389
62293948
150225083
63210324
63467856
63726772
150868260
106848431
106673404
106696987
68276483
68527715
68779438
70053473
70309235
70562427
70812909
71063484
334660064
287610212
287861417
72673881
115937786
73223461
73493782
73752392
76484784
76739370
77010187
77264302
78387339
78658914
78914049
79170623
79431714
124417896
82913148
82304186
82602771
261961998
86165070
86018878
86269765
272310225
86781289
87037427
272676551
271843842
54532813
54361936
54626150
54902441
55162908
57165274
57002532
57269475
57565478
279589990
276995084
281050237
280886477
105245907
193671580
246034595
64115732
63950997
64230058
64508333
109635131
150331514
150202854
104891631
249215262
253747216
253582471
253425831
155196974
250933588
251183275
251009351
251284691
73105623
72938845
73203900
120870464
253780447
251897041
251712148
215863090
214830971
215097499
77312474
122312504
124300364
124320141
124575063
84766890
85022845
84854733
87453665
87721872
87582530
87836683
90087841
90337045
90164285
90430832
140927381
140339223
98522954
140064367
139037242
136296436
94160659
94411171
94671037
94497078
236241885
230053955
236569407
101045757
101340987
101177572
101442650
101702196
103460680
103757251
103600903
69771044
70037866
70294544
70121923
72261474
72512235
72779186
72626082
72899965
75034383
75283228
75561205
75404496
158211244
79997754
80246535
80533400
80820430
261519851
259790406
258502240
258326183
166585662
83868741
84160066
84409156
84679485
84533421
173345700
217476432
217299474
217574241
217413528
221793362
221633108
221493250
137667355
135358650
218622076
184045937
93939512
94223076
94495242
94765080
98150297
98402381
98673410
190541783
190379802
190226898
105028690
105281375
105549118
105396941
107236722
107499102
107759797
108018702
109450992
109703488
109960456
110220650
113425850
111844051
112106533
203975856
203891287
112302117
203742066
116769685
116613919
64832241
66348561
66618357
66885272
65856535
67758763
68020407
68272494
68539080
70310720
70567475
70837377
71128592
73011287
73290948
73549470
73844203
75765334
76020714
76304642
76555631
78663362
78928445
79179158
79008514
80910120
81166119
81423298
81675586
229675735
227102897
227354180
227210024
143677896
189700891
83974033
84234322
84477782
146248691
148866617
147123354
189521633
192802261
192218766
88562433
88834879
89086704
89338570
235372190
199180176
194285430
198408394
194862218
96471833
95877704
96144870
96400502
96660410
98601481
98445437
98711499
98964847
208452101
208715262
161735530
208451474
207860787
207757288
102352076
102180266
102467761
210329430
210158960
108986637
108829925
109115792
109376918
111336587
64289889
64129954
64422871
221261373
221536304
221586010
76320564
76573708
76828608
77089567
76951171
77220517
234363794
234891822
193002071
235381936
235256028
235713838
235540914
243558929
243885357
201128690
244422175
244270361
244740267
260244884
156049565
217811606
221129862
220989055
221529760
220070144
219954767
222360224
222379720
222394691
222877304
163386879
223015257
137252750
137511756
187236915
138054688
139383160
254892329
255067620
254895692
270215580
270471922
270330726
160119109
270930806
270160607
270652609
270912794
270744950
214304951
214599317
214864360
214703937
215078849
214896815
215497020
214503476
238404780
238241991
238494221
302011939
240368352
239329962
302398305
302699487
303255762
240318321
325228478
325626466
262821165
325854111
326867932
327122293
326961719
327328319
327310547
290282423
352079205
240551250
243404791
242798506
295493926
242445768
259789410
258350385
259895385
260170425
260450972
260300202
260582235
260883144
261201297
261036635
260889652
261141811
261412429
326124276
270908735
271187812
271530138
271805212
272078859
272349748
272272578
329676664
326117308
330317202
330163713
275841921
280707187
280549792
339764121
287562154
339016126
302465243
302777879
302604298
360425667
360457675
360710937
360547667
309627333
361081640
310183837
361183831
309401088
361264591
330765603
331041147
331309074
331178865
336175136
333850873
335394792
350686373
350956459
355154184
355477938
355785403
356044914
355009246
355760141
356012437
356312122
356150731
355552072
356307059
356562235
356430217
356693911
374530170
374809048
377197646
377478340
377311802
377664740
377916424
377756305
377165315
377442846
377719061
385841969
386097485
386363392
386630917
386915614
387190804
387447817
388609954
392342884
405437718
405708575
405999995
406267924
407009807
407281462
407556862
407813450
408077451
409480779
437410203
437712337
437989740
437847100
438122580
438381657
439140188
439392164
439224264
439480868
443799053
444086408
401207765
401471222
401745649
402005210
402257294
402109195
402404811
405245465
405524225
410423335
410704890
411875691
411713337
430741055
431018346
430845021
438853228
439124301
439376822
439291102
439667911
444454805
444796644
445058770
444910916
459327384
459581445
459856168
459699498
466327687
466635248
466468242
466726925
472226306
472517900
472901978
473152573
472994878
473245251
472665664
476506351
481814207
482096547
500149663
500436899
500274704
500543638
506425115
506683911
506941037
507223490
507488625
507776045
508054550
513134788
514800316
515398682
515678226
539387684
539223791
539508752
539821111
540089695
540373468
540640536
548894845
549210038
549506167
549780679
550101205
550364092
550624545
555266687
555529310
556002355
556691380
558944313
581661185
581611679
581989591
594235479
594315357
594800962
595212778
595509361
595777787
596041838
595892517
599126827
599396783
599649264
599909354
600159357
600418435
600690368
603371353
606776804
615581313
615843602
616103072
615977079
632056917
632308070
632634624
632909705
633185104
633474326
643916047
644177688
644427750
649320249
649183180
652477079
652726454
663852052
664146194
664415320
664672413
664939587
665191145
665018939
668758037
670153482
670406260
671644131
674065724
683199513
683494819
683766022
684046975
684347806
684601091
684460686
690847952
691123827
695465663
695834393
703397955
703666820
712855308
713132047
712094187
712345670
712617892
715551166
720354579
726866637
725853573
726106219
726391604
729709057
729991757
730271358
730111204
730433961
730692323
731013531
739165872
739440485
739717745
745960291
746224683
754150687
754001210
754271718
763259203
763516499
763350756
763607145
763880648
764195308
764450376
774280995
774125988
775452937
775291000
783990090
784259643
784138545
784388258
442352329
442639505
442911382
790403442
790243971
452410258
452669494
807342749
464874241
473284648
473559938
473815692
474140230
474089840
474340314
474656778
474966893
476372434
485608577
485502729
485788174
496314588
496140088
504213012
504477475
504745104
504592302
505282437
505118521
510286587
510118952
512551635
512804611
515375541
520785663
521049219
521337061
521614789
521463215
521768301
522039342
527561505
527987221
530447235
534468672
534299898
546487854
546743341
546992588
546871730
547168491
547452602
547723866
549737709
558854858
558693201
562934606
562757381
573273266
573541818
573822784
574072548
574345238
574214571
573637270
577738917
577989749
582554432
581945098
606799061
608327686
608633862
607625717
608766163
608158212
608451925
608722534
608981006
608824914
611927720
641246380
641532461
641791854
641628682
642315227
642196921
635591025
635884565
636133861
646309576
646575561
646825835
647084916
646940019
647246700
647528624
648379081
649399927
653913822
655994990
655825934
677686655
677971649
677795975
678072282
686991655
687264331
687146947
686585215
688147998
687128423
692363373
691376321
695287535
695128662
697769495
698023105
704007099
703865853
703263757
713198413
713074796
713365136
713669290
714020647
714693410
715603606
724336273
724191860
727436837
727326898
727602145
727864745
736369381
736627715
736485988
736753096
737036898
737304872
737568668
745130083
744971455
747930003
759758537
759605230
759875937
771998591
771852398
772115305
772380699
772649435
773855790
775140317
781863378
782139416
788908373
789192183
789023654
789346964
789602578
789873134
790126835
792033244
792328190
792603276
792882259
802746178
802578373
802914040
819007060
818860361
819145307
819402121
829572250
829398628
829694772
829943965
830207488
830470408
838097369
837940351
841760755
842007815
845488801
845767471
856863275
856779342
454948685
857757705
455533392
455792652
862076438
459799453
460076552
460351470
460989909
471148602
471408145
471266890
470695185
470981451
471282280
471550860
471852226
475352420
475678332
475942624
486072872
485898607
485327446
502126626
502475245
502739708
502594416
502848032
503112506
505522622
505417434
504837220
516408127
516286803
516597996
528493519
528776878
528615154
536536230
536805754
536785212
537041528
537323649
537593781
546095138
546350314
546201042
547100080
546938101
548609900
549735742
562522192
562784663
563044991
562909402
563177472
563446909
563700716
572734808
572582908
572847170
574027366
574279668
574109348
578542682
578806834
583874837
584131047
584406172
584342660
584627845
584900840
588972329
588851774
592561925
592410079
592666630
593960922
601834441
602101842
602384936
602212034
602494850
602748081
603047785
604647643
614291647
614135252
614394843
621142638
621405929
628658109
628939705
621885717
622142681
622392940
622643329
622935436
637170250
630249100
640920189
635061402
635319592
646280358
639252058
647221045
647128627
647416149
647690877
647942372
648213142
648907494
653901038
654151804
656206225
663775884
663627054
663878559
664151695
664431947
664683291
669043698
669302964
669560588
669838240
682213061
682058269
682336087
684917894
684752981
685016843
693050537
692926204
693189622
693485601
693757914
694017200
697872298
699867762
700154458
707707690
707982888
709490872
709349137
709607880
709887409
710139614
710436647
710692679
713485862
714784601
715046636
718454375
718702169
718966109
727899466
727768435
728029491
728295343
728589638
728845038
729110591
729380332
731552457
734733391
734992982
735419944
755685774
755511805
756207423
756035354
756302354
756587515
756856490
757129778
766503429
766393141
766657553
766914675
767223635
767520803
767773659
768587854
772770107
773032187
783279026
783539378
800118350
800403530
800691245
800945128
801206368
389503692
802761012
804188669
808101481
396406265
811927579
812200406
833319580
421595548
421893567
422152856
421987791
423537797
423798266
424064572
423920624
430494962
430766426
431083124
431366925
431216851
445008990
445259524
445526211
444512691
453079341
453349777
452316420
465900241
466182657
466494099
466752061
467031635
467291870
467544164
474004520
474267119
474544931
478244632
480043528
480329257
480183472
502330578
502638378
502911809
503184855
503482721
503753105
503616641
506427577
510689601
518289477
518565850
518833461
534724550
535082851
535406222
535683032
535969093
536226377
536518781
537674981
542549881
542828828
544102530
544377514
544223594
562190711
562458161
562709781
562964334
573441845
573721008
574082292
574377052
574627061
574959861
582323607
582687517
582937813
583273387
583538477
583824923
573769430
586504935
588483234
588736929
590858067
596136517
596406001
596665071
604772594
605028390
605319668
605575076
605841957
606106990
605960889
606232501
606482535
621538002
621806385
623510585
623782102
623607759
633031193
633303882
633591255
633871380
634133657
633986715
635251461
639689903
639942897
642572791
643754082
644034881
643893850
651412358
650842865
651130655
652270165
651679802
651963425
656656358
656063949
657578859
657848652
659837515
663214824
674396720
674649014
674478080
674746326
675017025
675315494
675598630
677375060
677925827
681791803
684487057
703482787
703348333
703609314
703864592
720766188
720689699
721028167
721369311
721640293
721981163
723712107
723559130
723839358
724088735
724356831
725038389
724881552
725624024
731367160
732738542
733580774
733866667
734131552
759608235
759445090
759719632
760021677
760277929
760542621
763406036
763686042
770706616
770961676
771245624
788774762
788637210
788940594
789192431
789532166
789787469
790057102
790321882
791157857
793042762
792914715
793232254
829252775
829542316
829412878
829695319
829563307
495671430
502750522
503002785
503281111
503561237
503900345
503764989
504043346
509606975
509880846
512277729
512529358
851417904
851708399
852013157
517710323
517542783
525113446
524942643
533923379
534287268
534574045
534828598
534713967
535004951
546554138
546817234
551327084
551577532
551452982
551751120
559762736
560046615
560296760
560616227
560461295
560752702
560175093
563626149
566304972
566561942
567246262
566655462
569514908
587938637
587397716
587657447
594960520
595247244
595956568
595817106
596085392
596359993
596639957
596472300
599316285
605997278
606298167
619704480
619518601
631167237
631420604
631741224
632061865
632353295
632626339
632489438
633164350
640939765
641218525
648098089
648368467
648233883
657946362
658232427
658492877
658759681
648694667
648968287
648830359
660810842
671180970
671454335
672069353
662017212
673628209
673866733
674206204
674466039
674760033
675011406
674869508
675748458
688036622
688306645
688573777
694048111
694286950
702954853
702338105
702611638
702863179
703113368
703378434
703649132
704057865
707186695
707438622
708529219
711659814
711908180
712173862
719488281
719342230
719625454
719892989
720163414
720456715
720734531
728511900
728822391
730459968
756236069
756081979
756359159
756658696
756944022
757218242
757482206
758542370
764713197
765013695
765304275
771671261
771941463
779990583
779854793
780136077
780386200
780662887
780943287
788149410
788423732
792805385
793065889
803297205
803148132
803413053
803666576
803950846
804275273
810781630
812890907
813157581
813413934
813673101
820080611
819904953
827178167
827052699
827332037
827604889
827881448
828141465
828414805
829099565
829347885
836164597
838546080
838812648
843210551
843483441
851614404
851468568
851717794
851971902
852216181
852472450
853611485
864369120
864617270
864881198
868233303
868311202
868631365
868898151
877912545
877770261
450612807
450862471
451137418
451407519
451683159
884404142
457214603
463371294
463208611
464741120
465010088
465259799
475503387
475374546
474804500
475061337
475351842
475643808
486271653
486133400
490888119
497485227
497359697
508242796
508534505
508793858
508639236
509319281
509163466
509444216
515099470
514926559
518290675
530754787
531058112
531320297
531170112
540124397
540415544
540683107
540561907
540839971
541177123
541457715
545581525
545840776
547628324
547471260
549385935
580897851
580725535
581845968
582094170
582417549
582256078
582556241
597060700
597340289
597626853
597895335
597754571
598047121
598363720
599063986
606159369
606009572
614308243
614218542
639053616
639321655
639590967
639874141
639733755
640034551
640315015
651784270
651648344
653691947
653519130
670052626
665171598
665089431
665377222
665668204
665935481
672230184
677498244
672588311
673193973
673010076
677690402
677940079
682048552
682318587
682603612
682452437
682735569
682173902
682457958
682736977
684566933
690668092
690127439
693887251
692924711
702269894
702544591
702839320
703094928
702943127
703236505
711168350
711425485
713395182
716874006
717143437
717020471
717291555
727595189
727879823
728153804
728411148
728319793
728594012
728843484
729884031
742837551
742678476
742944906
743246907
744159250
743989758
756358857
756618948
756475353
756745945
757003603
757255085
757519324
759594712
766186941
766444458
771984907
772258897
772107830
772377945
779865471
780138255
780004261
780254985
780564571
780838271
782566462
791754020
791568598
791823442
792073230
803729284
803999395
803870830
804164257
804442745
804712766
806591316
809485653
811119604
810979807
814728784
815009008
823309302
823182577
823433727
823724639
824005295
824268701
825409092
832079068
831929052
833470378
833338094
848169356
847999249
848282014
850508518
850773562
850633371
440628944
440478034
447618539
447870063
448123395
448440183
448725360
449005065
455496388
455780404
456566211
456839960
457176171
459493656
476871282
477155394
483563632
483835468
484093698
484384003
484647838
484900619
484790568
487042370
486899582
487173175
487028165
487377966
493161020
493042460
495810673
496101702
496368368
516852724
517142484
517517198
517808604
518069815
517908208
518623523
521232750
521585419
525803963
526083622
532910215
533220767
533484193
533741438
534024006
534303010
534556642
534408683
538462027
538753454
538609124
543616899
548145225
548396745
550712534
551005452
558448416
558770014
559095277
559360876
559217455
572424824
572696911
572951810
573785491
582151985
582434128
586208726
586528215
586796726
587049912
587324776
580721926
594547162
594812588
597254451
610195454
610461345
611168802
611442459
611717530
612036200
612328294
612611719
625204350
625476943
633771211
634026137
634284462
634553944
634815425
638238917
638488279
638763272
639017396
639311467
639616506
639885914
651421998
651727588
653665020
653929911
654189227
665477541
665752191
666054440
666347499
666612363
666883429
674018625
674288752
680688800
680940245
695599021
695849496
696133873
696399106
696696678
696957111
696801926
698436989
698690092
698959154
699662618
703556278
718416216
718249835
718958198
718794077
719056228
719307772
721808577
727129614
727413674
727681971
728006824
728334634
728589879
730977642
733284709
733545173
736262189
736594978
736425832
744607939
744865872
745155552
745426471
745739683
746006247
747312784
750211167
751004044
753840136
754131620
766248485
766533482
766815008
767077080
767354695
767611210
770413874
770693571
770949841
771246875
771582579
780619002
780885363
781142146
784023758
793926350
794194013
794804677
800839755
801100277
801396501
801659522
411425389
411736975
411990824
412247594
806614607
424655404
424919411
425169187
818497591
428266835
439155359
439426853
439698098
439538672
439815547
440096658
441061434
449390531
449235623
449490378
449771971
453922910
457640650
458368784
458203048
458054940
458744972
458591372
458878283
466857979
466786842
474808613
475085108
475347338
477697684
477531503
488277758
488537997
488391250
488657191
488944772
489203182
489493788
490223137
497100328
496967012
511629046
511879780
511727492
511986712
513101884
512540460
513245020
513521971
522581441
524230957
524115498
524367582
532190221
532071203
532366366
538479018
538732531
539018152
538875527
539157324
539441689
544986291
544844726
546315111
546140137
546414289
547525193
547776797
547608952
547005281
550479624
550793551
551051418
542285323
542563993
551868996
554160141
546153957
546409820
546261405
546511044
556847374
548070290
557638465
562726822
553953090
553525671
553779446
554906398
554748332
554164222
554425030
556679461
556504544
558062949
558328851
559476899
559335705
559583682
559855825
563197615
563046426
562983212
562715621
562570704
562859351
563142728
565804616
565629743
565882712
566135058
569572853
569433905
569365247
569193893
569460925
569754585
572945179
202477985
202744446
203013607
576349356
576332110
576582900
575982350
206483529
206334227
206583951
206866940
209940984
209772005
210050815
583597734
210586062
583748028
583634054
214924058
214777205
215034577
215288437
215556650
217014875
216867320
217151803
217431201
219274925
219111870
219362800
219646933
221594277
217969115
218242048
218080815
219859000
220133697
220392460
220225787
220476782
600865811
601271138
601101588
601368390
601281681
223664624
223922409
224182319
224125103
603938243
229682576
229943440
230208941
230037171
231205060
231474862
231737494
231589484
233567974
233818389
234089156
234379599
236168398
236424139
236706635
236980101
238352281
238625288
238881097
57666083
59515834
59366064
59618601
59903292
62073557
61905126
62172647
62439775
64870195
64707659
64960674
65211476
67090884
67344324
67180635
67471110
69462434
69295463
69560792
69848699
71728926
71593587
71857355
72119809
265747510
261103399
267971744
267998430
76479690
76738993
76567941
76817266
77087370
78932885
79194100
79023802
79284513
81140975
81003764
81262617
81542685
83359621
83626058
83469866
83729928
85589671
85851575
85694400
85958170
87806554
87650135
87918832
89737661
89613816
89888101
91981196
92257112
92095049
91491228
93481147
93758644
54434907
54306988
57360748
57626964
57887125
57733035
57123978
59621889
59889544
60149588
60399908
62441985
62697075
62948733
63198174
63018062
65159435
65417112
65680799
65981371
67313816
67569461
67825737
69459475
69736907
69995375
69860774
71691214
71966335
72203995
73996282
74260062
74522202
74779095
76473700
76758328
77019650
76860864
78644800
78906162
79188002
79441318
81201054
80620873
80869597
81121125
83128668
82986370
83252094
83531898
85642348
85471565
85731432
85979714
139924005
333361634
333357693
333330085
329897944
88910749
89172062
89432275
92449972
92312977
92587229
59031144
58882351
59134695
344907927
344787336
345039319
64777792
64640512
64917040
65177014
66807174
66650527
66909759
67194948
68781948
67781405
68066558
68326407
70121892
70376824
70235921
70491490
72565856
72824391
72659580
72912439
74429583
74680758
74549193
357922165
170778781
358303260
358297304
358291813
77918833
365907081
171205231
82988752
82820568
83077145
83328526
85114774
85363311
85205440
85455138
86861212
87144401
86995312
87245545
371013778
370418564
370334158
370369452
95513512
370571141
89919894
381510802
381352249
187217845
377625925
186935422
377719565
93437477
93716647
93551308
93804877
195208548
194866073
63214278
63465050
63721485
201592181
201424795
201316958
393196420
69715925
393541037
70572229
70403561
73959297
74211984
74474234
75754138
76168664
215073465
77038475
215340265
80202742
80463064
80729012
80554087
130364591
406444992
406274554
406113294
86043938
82428776
82700511
82966931
83240991
84932904
85217309
85481884
87690221
87971554
88225285
88499865
90109317
90383345
90639420
92178664
92442148
92704898
93888582
94150158
94401488
94671595
96041434
96290877
96549134
96801430
241998011
58873229
59145477
59406011
60802523
61078289
61348935
61180935
150153656
247749140
247782337
247749772
112736113
64412892
64695869
64953554
64802065
255222732
255496497
255082181
255336161
116691335
117030454
68487387
68770944
69054658
72929108
72782031
73048950
73302128
264191703
264547770
169938155
77025408
263931053
83005722
82833818
83083669
83345805
85171850
85002385
85272515
85534430
87301598
274661298
92169091
87703948
87969772
187576962
88511653
91944389
91800875
92070804
92345964
93392313
92788588
93071885
93343453
94792923
94649631
94910054
95187494
285589867
198295872
59596930
59870301
60148066
60433240
61889638
61287473
61543158
61805130
205499195
205773762
160464888
159942425
206477534
110836180
114128435
68023960
67888925
68153547
70069369
69909955
70212289
70495156
165883408
118315581
212320811
209998255
123723764
175522649
175780252
77118587
77016532
77301872
176469132
81733325
82018264
81856023
82130115
83936529
83774147
84035511
84295384
185730026
185817213
185645515
86993928
87285325
87334731
90335625
90585497
90439148
90708225
90968594
144314820
141160804
234434550
197016259
197268873
190212731
197801201
97584954
97862342
98147150
57672353
58103921
61978724
61851475
62115348
62380632
62633274
160315166
160150442
158335120
66999242
66863530
67136365
68692713
68518598
68793208
69060461
166018171
166037232
166051410
166051174
165879767
164839975
71814840
71231282
71480518
71757371
74794226
75046144
74889355
75206209
77807985
78076381
77908046
78171647
80475618
80738817
80581601
80832598
176930003
227093440
85077751
85360464
85202611
85451885
182529183
180692402
139802207
140055257
87840642
88103723
139962474
88221609
138383258
92100535
92355367
92181575
92465464
93346137
93621894
93470254
93743515
95638325
56336017
56190579
56439143
151272677
150993302
151239441
58607416
151323947
151452054
58416691
154704124
155312748
63247257
112967760
63347236
113156654
67158997
67435872
67699888
67547093
264094860
264530607
264377012
264632645
264904809
165615766
70574162
70829016
70692923
121493281
74875592
121997797
121854824
76452717
76705454
76967792
76823844
77102973
78898272
79183445
79465705
79324881
131525004
130356707
129056439
128894490
84594574
84888568
85140392
86876616
87145210
87395642
87225680
89319719
89591047
89841862
89670717
91509699
141649147
141909944
99605214
92560267
92934599
93203212
56482991
56736656
56996831
56823037
298434465
155797887
102413557
60275730
203759049
60823260
60656701
65316709
65595647
65849860
67442427
67703294
67539203
67819333
117428846
69712101
69994195
118307695
70568290
73900337
74149806
74421296
74264208
75686801
75944714
76226956
76063759
124497339
124767650
79394378
79663201
79945151
80204819
80046087
81458251
81735794
82000461
82260345
83508427
83764491
84020144
84286912
134718702
134567291
133542487
133789868
92526186
285201236
285452805
285701485
283881332
283871160
284124568
88290961
88546480
88824036
95869825
95310123
95588661
95872437
58723392
58985837
102684501
62911688
63192098
63445144
65234966
65510507
65759020
66033630
110774822
110608023
110603524
109592831
109434636
108421665
108249411
68714400
68976092
69226624
69511354
161124978
308459731
308405288
74028676
307373558
73674688
73953826
74204463
80468341
79863181
79694344
79024039
79305717
79571467
79845034
80961524
83406363
83656118
83908591
84180588
85598315
85866188
87435990
87684485
87956208
88655209
88484536
91195498
91473602
91770182
93085978
93352792
94575139
94001205
94251687
96646760
96485854
96754086
97028635
98424617
98268461
98528696
98790601
101980272
101809595
102083194
100953204
100786446
101049609
101322792
103421459
103673658
103499874
103768600
344450363
344308510
198356934
301964033
106688129
107126904
107389686
70378592
70633882
70909255
70765780
115289712
75721924
75980837
119248135
76170060
76587821
80288247
80564234
80855032
80682032
82251050
82533100
82782025
82635585
82031212
83622555
83893878
84160060
84424703
84251203
88317093
88574775
88408532
89506869
86756621
87032371
87283581
89177654
89458439
89737460
89581343
94249654
94075345
91959135
92223757
92482316
92791623
94761862
95012030
95290397
95160657
97260101
97520647
97514828
97772260
98047174
98298175
100800150
101070753
100658486
100916282
101179642
101012741
343847155
199175136
102667050
105909655
106172343
106455877
55533734
108012062
107843059
57737875
57576411
57825702
58595809
60467817
60340271
60599367
60862188
63236739
63080726
62911258
62742356
62131240
62385520
64247306
65077159
64495917
64748820
64592223
64850212
65104176
66234633
66169969
67506844
67780400
67637055
67885846
68829360
70469290
70750114
70607143
70869072
72025851
73325020
73579632
73410715
73674657
76169934
76457973
76312742
76581016
78488508
78750443
79010124
79172332
377195634
82998172
83279496
83111223
83383186
85117269
85391903
84403391
87241470
87066640
86630272
86896811
87160448
86988866
88990274
89277731
89559353
89391579
90731154
91209914
91498508
91337435
91602257
394314739
296943284
393960584
392957989
350225728
350542856
95089999
95360457
57348219
57617077
61220067
61501644
61752535
61617705
64700845
64966836
65664337
65498357
65764920
65622159
65923004
360316852
360178797
360449725
217211951
359396328
69001934
69273350
69103952
70874908
71148403
70806314
71068525
71323118
71608229
74093285
73259404
73535454
73798512
75523279
75809127
76073136
229147087
77600534
369426566
79968608
80238733
80547382
80406385
81670930
81923714
82176856
82427516
82260880
83798974
84079768
84348242
84208168
85957035
86238063
86539110
381324494
90466910
381448349
90978196
90537864
89959641
90216307
90484837
95868657
95721488
96021104
95845283
93795749
294463138
345065872
344926245
344968797
344083207
250334515
94931687
94768129
100115375
61678772
61929532
61791375
102271799
102541805
102400035
64788592
65037765
65302625
65571731
65411055
355118527
71970667
71376591
71639734
71917690
72176836
74594988
74454285
76112188
75950180
76230603
77722627
77583272
77836506
78111077
79557632
79386264
79639867
84393406
84229403
82191721
82026126
82286510
82555039
85167353
85011377
85291365
85555213
88201483
181363924
378185627
90564296
90428418
90702915
90957768
92602162
91589743
91878087
92160839
386538452
95947157
250592859
344609820
344526211
101376746
97833336
97687488
97224207
95786896
95648192
95922298
96177305
99559982
99398173
99658677
350811124
104119611
103121097
103327700
103173872
103470252
353169561
259254452
61106275
111376855
111227724
66782236
67031328
67290767
67120215
67385123
67655448
359519878
359564017
73249007
73107917
73393770
73656487
74000880
74269152
328686332
328611336
77701664
77557468
77820856
78091590
80246708
80527324
80352111
80635514
80477949
80447841
80287970
80553784
80831988
83343978
83203048
83496594
83775862
339769775
139624456
136873913
90278047
89926882
90179847
89138720
88999644
88391863
90702342
90950730
90779530
91034495
93023174
93299549
93150957
93420668
95475354
95730377
95574367
246803817
352854886
352264453
100016316
100297541
100132627
100392938
101930918
60478035
60738425
62922456
62765210
63032640
63297599
110441985
110290759
110621867
67989760
67847489
68097414
115271573
68645655
114074318
114432493
72360797
72202973
72477073
72774278
119177492
118139616
118743560
74284285
76285712
76548146
75678831
75542942
75800635
76076625
379708139
380207421
183274280
79448499
79301380
79552821
79842283
82701950
81234347
82630819
82902461
82730938
83015663
334959065
384515021
88445627
88700458
88529272
88781477
89032094
347335811
89590002
92941985
92786361
93052578
94728258
94997668
94828307
95079668
96785349
97081018
96933591
147094613
356793882
100333296
57552622
57380329
57631492
57902167
59803452
60075384
59927030
61982126
62241852
62086527
62339155
112581153
112430943
112254510
65382740
65645801
65496989
65744935
116336233
116200998
116031786
69872340
70153044
70403100
70272626
71721492
71998042
72253579
72112964
72362773
377626479
377455622
75875731
76142318
76407903
76256384
77603570
77853435
129307088
77963865
78244858
82631201
81856191
82121247
81950123
81369889
82842375
83102483
83367567
83202881
88200863
87166197
87425593
91412758
91251782
90645413
90479771
89013205
54029114
53884123
54145623
54424448
91383172
57359451
57208025
56620111
56895551
59299323
59942507
60218399
60069271
60325164
404644868
352706252
65782528
66034829
66286664
66124030
68531558
67936865
68184642
68165080
68816402
69067437
68907840
69167680
71807338
72060369
71889163
72141705
74131370
74404175
74259893
75848921
76124509
368928922
118925930
367766569
273146416
365445532
365274669
77408298
77667267
77941897
77786239
78902312
82527710
82804224
82689640
82107343
85851685
85676774
281326314
84609370
84893154
233973696
85428865
186351494
334997880
334847361
333806431
89438955
89690772
89940035
89783411
92699257
92973044
91937740
91712999
91993455
92274723
92111085
94419871
94686709
62285783
62109289
345578627
345439734
246466275
143954331
343335948
342297446
342159523
65693274
65955338
66209607
66064294
101619200
101450415
70155806
70407671
70235326
73658209
73924220
74188430
74025330
109987671
110263377
77432557
77254014
354047507
354307274
112478250
160087166
316032764
315857465
309238023
78122625
78374491
78207075
77625982
80040470
162417976
318797887
124320355
84152583
316662495
316552788
82282117
82540204
82822164
83109285
82968596
84526277
321383336
319497941
275049092
274872652
275143893
274967969
275227481
88423527
88693850
88957040
88782568
89945477
89780035
93220344
93468062
93721501
94014770
94742137
95019184
282739303
282991210
100822367
101088157
101348990
101618467
104044475
104302035
104130651
104386304
104295441
104556248
104959216
105229083
108519746
190510493
110826946
111097310
111375782
111642880
113034470
113284748
113552052
113819956
113652760
116658685
116566771
116588391
116374877
115778966
116028871
116291689
305180935
164384495
122606130
159461660
261639182
79409781
78803777
79065095
79329572
81764944
81637242
81924562
82194712
132558233
132917764
85184100
132927206
85456516
133456755
86017081
90779334
90612692
90863930
91125205
282769129
282187369
280426666
279817915
280074906
230014346
94638695
94232620
94488477
94765896
98225428
98294609
98559227
98822672
99105167
101646870
101473848
101728208
101983846
104494447
104328915
104606877
104867201
105135048
156380130
155808565
155727910
111014140
111443644
111283218
108131171
107525407
107775785
110889092
110751085
111008596
111260442
114259412
114512812
114364804
114618320
114875880
117350705
117605704
117449176
117732414
120111784
172005511
213114118
120487092
310426541
121058338
121312886
126444736
126292706
70227233
70089904
72290538
72549474
72799877
72661188
74768374
75019088
75280958
75125204
77336012
76757230
77029419
77281962
142765098
142617882
142159724
140225714
82752055
82600281
82865041
83129238
85340870
85172300
85453448
85715762
148920708
148836028
148847452
147822812
91382818
91207899
91461822
152809358
92018994
96595953
94283271
95923022
95762115
96032061
96315949
96575619
349485826
349344697
349607205
301940800
99209147
99035057
99311022
99568465
102201653
101202815
101455127
101733669
106614063
105584217
105421727
106881395
106735775
106984891
107239951
108959047
109227794
109068781
109359961
314744818
314595768
313997327
62291359
62570055
62829801
62686736
64127088
64381696
64644813
64893199
67472589
67315998
67599379
69248405
69078612
69351894
69607674
327536285
327791658
128957857
72939489
73218151
73479125
73736036
133360556
133374134
133628086
133907302
77154594
77411646
137015182
77923676
78312952
78572284
81526730
81814189
81231987
81491312
81743596
83273165
83551610
83382032
83643402
142836499
143090502
142933354
88421814
88722954
88573373
90345922
90599465
90431799
90697280
90947808
98546691
95384067
52648448
52493551
52763767
53013520
54634462
54920151
55185108
102326511
102178302
102425995
325039153
101246622
59744340
104101590
60067531
60334622
60592661
60885737
62323095
62149621
61546969
61805661
62080563
63634788
335034509
334864332
334282681
334568740
333771879
65671611
65939736
333297642
66091677
71807891
72057844
71932832
72181623
76711201
76964821
76800071
77088275
79064322
79343271
78770878
129950644
345659137
129169063
344545347
312114991
311871084
80484258
80763992
84618980
84463275
84726968
84977453
87417977
87272002
87548492
318441874
88215261
317739548
312817955
317838332
318088583
89571930
89844259
88381888
87358288
87637511
91876103
91710527
90921055
91172126
91011623
91288835
91547918
206194759
323018201
322990107
64157117
64416716
64670393
64934059
66490700
66767093
67024215
67291386
68845131
69105528
69380134
69659263
334614630
334618184
73435223
73700367
73965234
75218918
75468731
74885431
75139975
75420348
76955045
77204605
77045724
77308099
79240666
79498953
79335715
79605370
79871982
81737221
82004859
81853745
82138703
82416898
86662977
121772852
121760352
88904928
89067074
85518527
85343832
85608181
85885808
89285016
89555958
89384416
94414986
94668757
90198366
95348620
95630643
95460651
95725928
97409168
97667229
97536058
97814033
104283290
104131121
104384003
101649208
101525172
100514972
100818238
99801286
100055457
371746892
104516572
203058839
372782521
60402392
372897445
373151988
329133563
328599765
67430600
67691657
67953295
68233172
114221004
115716031
70457993
116298773
70968780
71220717
71093768
341869828
341716272
341997392
126485566
341782583
341946033
75137454
74522944
74788490
75071579
78264741
78514497
77113152
76964198
77214063
77510397
77760542
80303970
80140431
80418514
80697120
129974344
347965240
85964541
85828186
86076508
86339814
89502753
90213815
90058662
90324464
90588391
90823975
92177687
92051568
92333978
92615473
361158730
94209437
94214857
94478752
94772800
362961711
152496446
362205512
98151592
98403978
98239797
98508337
98770194
100131917
100400272
100226788
58761387
105917098
106167443
63350148
63603252
63858897
63700165
65547531
65822905
66089758
65946326
114443093
114422733
114015235
114267431
114515889
71805412
72056808
71918878
72181362
74201650
74477517
74308042
78370987
78196215
78032398
76708331
76985501
76810945
76210245
78403336
78665888
222376147
79424664
79276086
337213544
83157003
83426378
83256392
84977967
85253452
85504007
85794770
85641254
87341681
87590384
87849455
87678827
93233557
93071064
92505625
92344022
91748725
90005100
90280745
90543038
90369190
349440655
199196668
348686588
241885403
348819531
98353972
100336346
346587315
94392636
94661267
96807159
95337216
353489286
353313907
157027517
353396769
353651710
101550901
298350758
247035146
298908595
60067285
65227944
65086690
65361660
67623190
67886179
67729828
67986093
68258990
68510852
68789489
72995668
73245944
73092100
73357219
119681372
120030458
119424685
119698222
77103150
76948271
76345912
76617016
77908568
78164335
78023888
78293614
79756934
80019841
80280021
80113749
81931930
82204175
82482617
82329593
82583027
82845489
86437231
86720288
86572414
86870392
92936776
93005274
90443733
90693607
90969430
90819197
91071932
97478837
98262080
92938420
93359764
95343453
95633442
93808417
57553944
57839465
57666103
103159928
103019884
61166018
60658029
60907055
61174818
61030358
60419321
350786480
63216273
265621414
352747158
64010791
64274338
64545003
114253806
351926666
69527835
69788583
70066814
69893293
73418404
73693668
166053501
74015174
74268073
74549075
78332587
76866424
76724512
76541310
76146070
76402572
76687566
76513915
364930396
323042864
321724639
320688540
80266461
80544526
80820020
82789129
81322169
81180506
82572552
82856862
83115662
83377887
86323246
86602718
85607562
85047231
85307225
85574169
332300382
332156556
93732485
294206603
240269737
88752431
89001914
89257425
91451515
94248112
94076711
94347382
60625370
62793664
63078411
62908674
63176237
63453292
99448681
98853378
68287041
68549393
68822088
68693480
70515882
70767481
70607600
70012321
72063429
72337862
72598700
72852982
72689277
114709822
353211182
159104810
352463655
355196692
322594814
322427422
322685557
322529587
116376401
116685408
79185437
79047846
84143214
84420367
84670562
84530378
86271256
86542751
86804045
332212434
332486745
332745448
329999781
329828681
329656187
182844191
90847319
91101503
91385197
91227420
92799309
92217185
92475790
92747195
94301148
94145081
94438184
94719952
102835208
102650058
100322801
99759715
99836570
99834669
97107120
97394667
97645411
103562328
103707186
58504594
58370830
58620114
346344238
64607838
64863774
65131079
64969219
67218700
67483634
67747712
66719717
68565753
68833196
69100478
69352178
69208117
70845890
71111891
71379208
118088707
117935667
118192128
75451366
75706928
76006640
75864313
77275384
77548436
77802722
79187797
79449803
79720049
84340731
84327966
84156731
82836330
83111802
83385196
83246475
376404388
376654267
328774618
90348585
331027403
329991490
90734297
85866387
86118885
86380520
91369519
86482271
91893431
88292483
88122114
89071721
88478423
88733380
89009787
89260498
91286592
90332442
92147969
92002135
338266816
338555556
92815509
338630992
93330205
58519050
58778707
345022311
59386877
345230005
63647962
63924079
64210060
64042226
106663811
106911450
106746547
66587004
66879442
66668949
66918864
67200494
67491754
69724449
70003888
70262766
70533291
72367561
72733422
72523693
72781824
73033149
73289983
216367547
360714775
78303928
78564069
78835391
79084490
79371363
80490148
79920287
80169655
80429505
82470407
82720232
82571082
82849237
83111875
86901005
86305075
87673568
87924144
87756285
88022336
88301704
93109161
93364708
335932508
336364925
91471966
336886701
336719384
95016545
95282226
95112494
95371100
97470596
97330416
97193470
97439212
97303577
60591623
345478799
345376568
202444136
344624760
343597531
67329551
67631537
106714340
67988174
68701085
68519732
71009193
70839373
71095198
70931890
71182759
71456108
73137700
74541377
74797810
74623410
169062994
257653081
357689263
81071637
80918557
81180502
81441194
84095358
83954066
84235154
84061911
83711953
83557295
83821832
86224950
86386444
86654229
86488342
86769866
369155109
323394787
369272486
369124400
90503743
90768009
91052304
91316514
91164727
92749378
93012483
95527050
93628929
93904818
96310727
93991518
98148622
98409735
98680697
98530081
100003358
100265002
101827629
100827915
101961438
100957543
101963179
102226044
102507825
102344981
251900004
346339887
105832915
155722907
205628421
106255035
63944779
64239846
64092092
108702249
67573287
350861015
350690782
115306944
304808082
118445258
347084085
306055329
256864359
69851853
70105211
70356261
69364455
309596549
309439148
263724080
307435054
263821835
307939970
308911125
79584231
78740830
78580590
223573022
79351601
79606770
313810319
313208920
313484095
86465420
86729706
86996491
88954083
89218620
89469996
89753841
91301057
91240154
91491771
91602206
91879708
92154227
92405691
327044566
325601978
186664710
96771567
97031108
97282777
97535062
100962122
99088268
101485722
101524040
99642858
103227245
103058771
103320640
103588196
104972035
105222573
105506616
105773048
107693077
107541736
107827647
108088951
109083196
109355741
109696570
312516063
312363998
65352039
115929426
69678720
69941092
69761832
70040894
72126095
72394608
122988719
123486040
73145561
73410812
76577269
76862929
77114600
76964250
77218152
128712381
128632832
126926268
79164362
81571797
81820840
79945468
81931179
80468962
80300043
80554278
134040040
327827489
327682348
231605625
327782653
230821475
132209005
83152539
83424231
83675271
83546087
86891932
87145536
87024675
89659882
89909760
89306718
89937048
90147006
90430331
90266145
91620512
91890637
92169355
92004099
93967726
94237062
94490523
94334596
342776100
201320079
152135625
340755051
298034891
202380607
298129595
97009187
97299697
97556865
99972805
97656999
98106673
100341552
100629544
100916415
101202612
103480545
103751644
104049207
104301687
106516973
106789351
107065263
106915962
108984876
109260594
60935441
61202496
113481153
113570124
113827930
113657686
316060828
171643047
312547611
262501492
115696533
118117212
65927038
65752426
66024244
66292780
117823614
70436758
70687244
70528668
70788290
73562010
182146648
320045307
320297318
180353480
233503934
280456434
76184401
76018541
76272565
79691012
80607444
80446221
80731026
138906593
287778004
287591216
287775817
85479137
286155273
85662116
85943750
85809087
86060968
89301146
89137502
89392200
89656412
91222077
91050623
90441025
93044173
92895355
93153975
93431592
295070870
147819348
98363700
98613041
98461963
102249604
102077492
102345087
101055579
101316282
101591864
101453112
103923957
104206880
104032799
104295552
106372585
106628557
106914042
106767563
311096196
223232317
272539098
272369470
272284297
109846985
110097309
110379232
110237956
113314471
113570736
113415982
113665009
120579404
120907853
117284214
120152587
117403719
78218736
78492202
78733830
78986691
80894298
81146162
81421695
83164738
83426914
83698818
83955602
85391144
85674600
85950817
86215981
87521780
87786654
88043682
88293590
91542682
90955727
91220980
92631451
92452685
92716085
92979381
94630298
94483138
94748544
96761695
96604348
96862460
149167661
97430347
97697392
97959923
101865366
101730324
101990391
102273987
210540057
314464688
267097580
106683432
106935044
106776478
107028702
107310902
108963552
108809880
109070671
163083666
163356941
163619180
163476067
56865014
56710449
56986573
57236628
59298364
59585592
58559511
58831975
172720362
172998267
172937243
172517569
128630650
61824615
62102542
61939430
62204003
292174467
126019292
290994555
68246415
68526872
68781679
68632383
68882678
73111965
73364447
189343405
77466709
77455118
302638193
190221810
77016754
77284113
77138092
142338485
142589260
142414524
80930064
81187531
81035325
80432615
81828941
82106371
82367456
82195747
313393656
149797124
313532569
85980907
86261104
86546276
86371288
86647551
88156776
54873214
55128496
55388283
55639455
96808707
95778932
94760112
60193804
60061708
60346418
60596990
60865810
62713526
62565382
62837009
63974128
63830525
64089848
64356631
104194254
104541331
67212420
67510654
67356398
69091705
69342502
69201630
69459644
70981972
70846877
71109261
71372015
113595660
78207505
115899557
79616024
80053801
80025222
79873948
77111355
76931839
76774631
77071997
346980692
351726334
351822866
82440919
82711032
82542920
82808953
83100738
87053298
87320404
87162278
86569672
88378239
88637772
89095237
88930887
89190937
96748941
55078591
55360259
55624488
98974774
98131297
99539443
99816485
100072744
58542827
100673578
62913484
63187114
63475411
63753040
65122983
65391413
65644221
65932021
109616928
68850986
69100669
68922430
67667471
67966735
67359242
67607828
68740759
332651666
331638109
331494587
331330427
71494650
71354864
71619433
73123131
72963567
73231147
73486428
125148808
337633085
338059821
77453202
77460767
77714175
127420045
77900629
82201679
82038675
82317997
82592840
84291267
84554447
84396500
84668223
84923603
87337120
87585410
87977162
88258844
88515771
53080682
93868527
93701109
92237895
91230294
55793462
56077093
55932760
56186462
355797607
305802756
61577945
61826453
61667365
61074869
61348328
63187574
63451527
63747164
63628377
63890836
103741918
68408728
68230726
68489452
66612295
66880131
67136752
66996685
68778349
69040686
69298805
69142595
69395981
72729903
71435030
71694418
71973873
72257385
72126476
323960773
323909355
323868508
323865555
75121129
75400859
75660718
75498291
77433548
79405475
77946448
78207504
79779652
78310348
79664563
79914774
80191225
80082442
80339915
82790077
82591595
82847824
83113423
82943350
85298106
85592373
85420606
84826809
88499520
88757110
88615046
87375132
87659416
87959859
88223255
90236932
90528402
90796659
91080694
345738422
345985235
99391725
139657264
345075930
345404166
345244720
94238580
94493765
94764243
95035728
98114206
98362870
98185533
98280963
98569370
62711309
62976827
63234942
101040384
66553845
66849873
66683604
66939783
104835612
68967349
70456677
70713830
70549627
74309324
74448734
74275385
74101806
74373411
79042574
79306730
79571715
79399074
79691232
83472018
83295930
83548752
82530555
82780098
82607537
82870211
87433544
85997663
86251401
86090472
86343267
89239433
89496579
88473942
88737511
91145415
91412047
91705412
91962935
91795180
94533317
184954492
385618506
97776106
97610925
97444878
97711597
97980338
97832148
99931254
99872002
100153791
99987720
102753815
102408071
102662637
102943306
102803397
103065673
105137277
105391333
105647644
105905916
105747662
106008835
400865228
355716616
112727055
66969725
112400360
67497481
67746861
68014808
69369972
70231242
70089943
70348445
70634074
72198343
365775304
295553498
81807684
81751517
378816126
222559041
221969207
374609797
374482898
374757589
374607434
315960707
315812244
116607575
116423087
116710373
116981987
116854987
117130264
345760046
344724681
135308410
135143739
362464145
322303247
135918985
362407357
362267995
362611264
362442721
362697688
232666484
156661741
156910130
157184958
382812114
159907252
250782668
212093395
383549407
347257660
212901135
254461715
347640524
347904085
302187940
253871092
215033060
345178724
183752262
182722957
182988564
184556635
368044524
185547577
367721262
367971809
186344265
358907111
316160584
363309828
363563368
223211531
220894571
363510175
362477118
242524878
245616377
384090600
244189343
384225624
300641598
248005552
245334383
384496678
425671436
425966990
424113791
423531508
423820471
424153571
388892516
389158990
389015667
292101684
345692131
389411705
388390705
418427421
418293868
418568730
418411550
418249898
418118596
418391795
417627158
361718271
456625694
361890177
362181689
362450324
457760394
361686330
381670682
381905685
381755368
382038039
381865115
475885096
440025345
440309844
382945495
440828734
383640921
383474197
383751931
441646056
441724853
465005380
464838687
408316016
408180761
465380774
465360080
464061411
484595505
484845561
484714189
484715207
484588751
484882851
483886881
438999422
439268516
439534118
439371663
439618904
439029744
439285249
439548312
439800813
439659158
435644572
440199813
463180681
463458123
458989328
462738292
460943094
463352442
463591760
463453657
463721188
463658027
463908205
464162454
464034917
463875178
464576077
464427959
464491859
464336148
464587482
481949033
482205943
482053220
482745880
482595766
482867520
483154332
483414894
483255366
483945185
483806120
484076226
437466951
455116062
455057295
455316738
456060888
455881451
464307120
464604141
464876538
464742578
465024968
465313773
470235099
470493095
470327387
470613016
470889030
470742815
471009131
478004809
481948446
482221936
482546217
493218930
493492115
493768713
493648684
493898305
494159985
504827965
505085572
504941032
512494219
512789938
512632656
512905884
522301287
522569591
522853345
523137053
523086429
523367860
523632135
525884691
527899884
530727214
549977904
550245682
550081312
551825817
552243635
552160984
552414574
561410692
561674694
561924517
562212417
562038356
562414866
561871284
563849705
569854343
570109862
569649162
571419704
571248705
598533167
599819648
599241523
599528727
599800138
599627433
613439739
613831051
614100067
614388946
614650702
615010256
615344191
615280061
620191748
620452390
620750529
621014209
621281252
621558678
621435642
621713058
626419302
628193740
634057814
634328099
653616628
653879611
654139438
654415705
654682732
654545476
654814855
657277540
664665331
664495848
668219172
668470292
677571448
677835290
678124941
678461380
678738809
678999715
678902524
683366823
683669505
686393296
704075668
704336462
704585476
704444461
711893554
712177972
712459557
712743073
712590063
712865404
718753612
722553205
735838686
736102276
736370867
745312934
745613021
745870628
746186930
746466153
746358217
753650317
753910084
760700499
760543447
765078873
773294500
773627459
773909660
774218200
774116474
774954435
781907524
782177217
782454959
789989401
789896481
791712095
791967581
792244477
792500999
792759103
792621967
795624959
795875010
795724243
801810234
802089628
802323279
802905201
802987728
804207307
815642319
815043798
459650081
459929088
459757708
460018107
460297034
460558219
819819053
466180843
467087218
473384423
473672267
491078824
491340503
491618642
491885797
491715150
492022893
492317797
492567922
497597666
497443798
517110547
517360613
517254145
523455568
523706542
523966995
524245828
524150497
523580162
523857970
532052656
531030940
532020322
546804062
547074812
547351918
547612118
547437708
547701556
548435321
560119249
560369967
560222197
560488061
565317748
566187721
566454794
566767387
566727285
566980562
566459639
566878585
577608195
577861003
577704935
577963688
587469790
587745852
588027467
588277298
588563788
588432984
588723951
589006515
592367463
592640166
598645387
598493602
603472226
603725921
618054045
618349270
618669428
618963289
619233231
619513117
619347494
620534486
624582796
624849494
626044258
633670783
633942557
634235884
634510324
634771013
634660705
634936254
640160355
640452976
648249920
648083738
648341610
649453590
649306325
654736225
654988111
665273714
665564778
657684820
657559661
657834169
658127054
670326065
677539642
669195780
679279220
671368496
671237974
671501239
687883885
688169275
688454300
688355198
688647232
688907185
695424256
695677198
700135850
699960430
701653468
701933993
717163543
717467044
717759737
718017822
717869150
718188539
718476305
720908747
724702825
724968066
743807428
743674021
743922807
751886730
752153324
752443080
752743265
752572582
752828269
753133119
754551673
756362216
756700456
764914077
764735534
764991807
768827849
768654301
780223015
780498490
780378648
780670611
780951776
793247561
793528801
793381558
793653768
808840540
808758167
809054847
809337351
809587568
809847484
810096758
812343019
812612920
812480044
818630690
847201111
847056364
847288169
847577497
847846998
854865249
854288830
854560464
854823592
854661200
854980470
855247931
861280183
861573774
861452093
861724949
862002044
866121972
866387278
867785137
872475340
871903112
871781241
882486888
882826587
883079825
882932097
883229821
883507867
884210165
469896703
894770030
895037861
896014054
895858208
897647044
495165764
495422356
495674817
495565814
495891043
496149238
496449800
496711896
497249780
503539150
503817564
505341714
505617178
505466660
506273965
522232787
522542747
522844920
523118661
522954917
523229876
523492739
523750545
534788851
534629932
534909638
536760518
536588979
548663688
548918533
549178192
549034821
549757508
549605401
556900110
556725879
560397117
560657980
568133938
567978407
568258377
578879103
579151621
579459112
579777190
579616577
579884847
580588695
584451466
584278315
586384682
586234346
589801078
590061929
595131746
595427928
595695464
595552664
596244140
595215560
595482782
601653748
601507457
602762743
602598383
605513384
604924639
613057722
613423523
613697126
613973445
614279264
614148552
617409577
622616378
622913150
639834349
640100723
640356407
646958618
647297303
647589858
647871138
648126385
647961244
645264709
654549355
646218306
660726242
660983631
660813620
660194421
660452845
660749007
661040557
661310278
661561513
661882412
672854010
673139708
673062562
674882556
675178568
682682562
682951461
683218198
683503058
683766327
683669406
684483193
695368467
695663838
695960675
701902344
702188460
702450514
702711946
702989219
702822100
704241786
704513513
715753289
716011860
715885529
728009909
728262849
728514061
738360900
738668232
738968141
739241445
739093184
739381077
755957547
756212230
756045328
757800199
758083182
767344045
767598172
767868181
768181691
768048946
768308118
769184498
769603735
776167369
776018319
779061506
779322541
787667363
787922665
788209982
788464952
788736621
788641686
794020075
794308757
801222446
801483461
801313807
813282224
813125115
822335953
821740863
821993816
822274600
822546851
822808738
823154382
832767891
833019717
833304477
844477002
843888668
844144401
844423775
844673452
853417802
853284825
853561196
853833568
854090245
854359154
854684606
859729265
866197242
866029548
866303285
870043174
870293831
870547554
870814269
880454847
880382830
880667075
880936650
455860196
456122261
456417071
882483642
885651524
463769166
889496554
483920264
483746642
484047422
484352458
484639155
484926541
485205184
492740292
493017621
493269065
493584278
493427151
494421668
503370166
503618262
503885669
506281082
506567384
506825568
507077767
516084808
516357822
516649681
516906221
517172182
517470974
517324135
519519170
520680060
523312976
545791818
546478009
546331790
546584911
546842742
547092420
547395325
547664676
553807143
554077597
554367670
554635719
554894570
555182137
556112035
562679927
562947411
563432305
588218904
588042853
588318658
588579150
588450244
593914918
594214694
594464664
594728393
587239460
587518785
587795077
601693681
601967350
602221634
595507760
603512129
606835317
599368635
600403302
611624148
611881874
612171781
612424840
612699616
613040363
613356927
613200766
616772621
621349774
621625517
627383992
627673193
637897215
638164267
638441836
638733131
639042710
639322987
639183978
645110751
645392093
650986123
651262025
662265027
662514569
662789231
663102251
669343535
669612105
669878070
670176875
670499436
670331166
671354760
683113460
683362042
683214458
684804298
685057562
685316478
685570236
685856397
692133570
692416706
692706034
692987085
693267140
693517988
693397527
696695477
704455400
704727304
706495022
706758611
717326611
717582100
717004621
717311012
717575859
717876595
737143091
736549091
736813586
744278657
744114890
744367025
744632992
744908950
745164681
745443784
748075777
747466708
747749547
748006341
759053846
758931395
759179589
762839324
769109428
768960007
782006993
782278537
782158911
782465388
782801570
783079118
783366241
791621132
797218366
797071215
797396108
797659033
808186584
808052242
808361165
808664977
808935937
809198364
809462319
818860478
818718436
818974592
821202295
821051778
821323884
832001131
421162424
421483992
421738602
421642834
421911963
422168694
423324694
836504759
428421236
439733044
440007001
440294559
440552714
440811135
440637290
440902657
442974995
443239442
443071297
447970243
448275743
467263155
467966637
467818075
467649456
468771527
468627471
468917283
469164306
468158826
475046868
475312232
475590135
475879907
476142389
476426105
476710992
476593839
478600000
479361485
481415456
483844087
502812009
502640503
502899729
503184596
503056160
511172945
511457557
511732231
512008180
512301930
512561620
512403848
514343687
515492533
515745888
516027272
540691223
540990701
541258841
541098054
541487644
541750495
542040872
542325887
542594839
546040588
551616224
543289643
543545240
543815955
543684854
543938277
544261511
559206318
550860410
555069434
575751430
567419608
578769422
579033848
579295519
579577893
579454074
579741712
580014534
583067450
587143997
586991944
587695202
596062103
596321765
596586204
596434327
596713080
596987214
597853971
606270025
606552648
608815501
608670475
617760943
618014401
618061850
623924109
624222078
624491614
624438187
624714320
625092685
632244673
632503697
633751692
644111057
644382166
644216423
644543222
651367985
651723960
651977408
651808650
652106914
651531252
658255022
658509921
661649797
675772411
676070505
675935135
676201211
684480698
684780574
685032098
685337813
685634531
685894258
685727372
692154233
692445296
694676330
700426439
700675082
700958280
708256191
708560857
708834194
709125850
709403536
709659334
709522770
716277281
716536399
719126043
733806985
734056720
734351277
734621464
740237422
740497454
740787532
741152688
741418183
741678036
747856903
748121221
751951102
753914709
754168131
761653976
761922819
762193300
762468390
762749155
385009219
768524009
774382088
774630832
396449120
397126940
405755134
406016037
406272341
406552305
406812929
406646821
407337064
413127685
413375365
415433581
415698839
415979947
421677848
421520259
426789250
427062947
427334332
427627555
427888530
428174726
428447808
428300909
435387337
435669695
440925407
446882729
447158571
459128823
459434134
459693805
459944620
460205154
460468110
460294814
460552812
463841623
467179043
467451127
476355399
476683750
477388420
477645402
477472575
477749506
477998437
478261494
480407050
485330888
485589385
497226555
497479053
497741466
498005543
498330357
506370981
506199590
506949631
506815506
513227423
513496591
516926579
519363267
519638520
519889790
520150351
538839326
539089718
539350852
539634948
539926272
540180171
540110684
548926326
549177425
549429898
551089320
551788552
552040454
569706183
569103923
569408030
569675861
569943554
570228703
561045682
572247773
574435564
573827247
577170221
567975459
576727735
576987927
577251918
587051634
577454325
577707858
578426483
578871503
586348434
586215876
587147283
595828317
596077891
595937643
596239937
596516504
596790237
597071965
600597472
602547897
609303895
609134330
609426441
616907395
616765564
624652258
624918019
624768339
625080128
625365106
625628599
631738498
631609059
636536622
638938174
638806820
639087297
646488690
646745422
646590595
646913163
647182242
647443414
648635015
662771189
662654888
662966360
663255007
666112385
665997238
675739070
675988872
675848390
676120573
676395170
676646035
677345083
678538560
688198762
688487103
689014434
694178043
694435302
694300708
694566349
694838309
695119732
695813172
696980368
696809707
697082288
703864958
703716791
719652512
719509182
719785411
720075475
719935143
722531438
722401472
721802851
730115170
730400960
730674678
730996822
730845833
731143587
731412585
736662208
736949874
741469861
741738924
747821561
747673797
747949787
758543937
758808032
759162539
418062055
418343364
418600711
764346021
431375902
431660702
431918117
777907063
778183451
437003560
437281357
443310417
443163701
443444552
443766792
444050733
444338146
444833713
451122836
451390235
467783375
467665435
468350232
468210318
468472574
468744996
469043093
469320849
469591394
478237874
478094571
478344016
481521941
493684669
493936660
494211007
499219479
499077764
499344314
499639101
499912161
500199741
507551557
507830782
511585594
511845012
522727495
522575602
522828165
527230927
527072002
527377046
527647871
527907047
528182369
528477739
528806614
534584911
534837228
535431180
535712994
536128510
543020106
542846359
543098784
543364147
543711984
543971887
544249888
549974303
556538639
556390472
559268724
559551618
559824876
567244671
567071649
567359105
567649958
567900728
568171738
568457041
576142753
575993335
580358107
580617559
592055343
592320028
604935664
604796801
605057378
597159649
597459039
597714389
606913368
617101946
617441810
609522700
630454355
622538625
622787846
630759404
631025740
631288201
631550258
631430741
631700487
631974627
632751004
633188367
639093566
639111112
640332137
640169129
650396291
650659174
650939807
650806168
651077122
651369874
652970147
660735123
660567874
667060339
667049826
667326747
675483597
675774677
676044989
676333048
675335813
678077952
682727370
682553104
682953165
691311096
691593156
691932773
692187424
692437072
692698297
692523807
693509468
697838608
698118718
697102023
705697894
705974855
705835249
710789652
711084615
711356120
711637688
711517808
711768442
712646954
712948004
725567821
725835762
725661748
725911645
738063300
738470708
738306588
745755808
746064341
746322726
746619468
746883547
746773483
755956940
756270591
769120582
769420848
769673471
769955368
770223982
770061666
772755487
773056478
772939763
773190936
786834654
787110950
786937230
787230757
789930935
790186319
797058135
797333705
797607752
797857402
798184377
798036284
805124891
805381865
807595830
807858467
808150104
811581170
825062649
449918370
450220105
450505963
450813938
451094134
450959779
452459709
458911024
840257519
465077907
482859350
483152048
483473101
483746054
484006743
484264600
484137752
488753332
490916511
511631052
511943229
512210816
512044199
517154072
517469105
517769731
518022333
518330883
518618425
519880279
529025617
529275398
530048638
530314686
530152757
538279749
538543135
538823818
539076135
539342655
539652636
540051635
551221852
551470764
551783344
551611714
556632455
556883624
557133602
557409393
557705403
558003193
558255600
558521469
565119777
565371640
566066234
567999385
570281345
570538890
570814248
571086293
572653378
574103640
574357874
574620483
574889318
574733671
576980567
577232827
577943911
567892416
568171345
568440178
580301866
580573968
580969463
572101039
572383268
572241114
572510092
585803335
575771190
575588043
575852220
575678038
587669659
577600105
578458161
578710555
578571120
578821253
581763812
581607908
581609989
581463636
581712744
581994056
584568497
584842506
584669411
584919504
586906691
587179932
587088847
587601544
587869602
587708280
587966603
592057251
591119304
590968113
591219859
594430720
594694760
594535587
197418601
200209689
200479770
200739924
200578926
601691935
601687612
205915055
206188081
206471990
206297669
607805582
608504541
208390738
208640384
209451455
209292378
609500654
213766007
214019992
214290490
214107963
215920805
216178800
618154594
618052213
618314977
618050482
618477525
214553883
214390425
214650022
214905380
215879017
216155141
216417773
216681333
217900440
218194966
218476624
219945103
220212320
220494134
222165167
222444632
222692871
222959550
223906628
224198084
224485293
224752515
225806290
226068475
226341494
226603690
227280814
54213445
54039920
54301865
55756780
56011917
55845018
55235434
56869267
57150797
57401058
57244457
59102880
59376252
59241725
61234185
61506026
649022831
61981837
66201090
256351568
256789194
70572772
70829471
70680828
70966015
72422934
72682882
72938604
72766688
74585144
74846661
75121910
76111696
76360584
76631928
76463845
78805915
79068956
79322831
81271002
81523751
81772761
81612205
83622964
83884888
84150495
84435163
85952557
86221126
86488633
50467658
50742861
50563024
50831212
52769253
52648871
52922056
53177073
55493647
55764247
54731450
55006641
57233136
57496021
57340281
57616920
59614094
59888505
60153055
59997014
60270169
61768416
62035008
61865092
63684873
63946832
64214114
64058237
64308090
65433514
65685221
65947025
65790597
67484760
67762122
67617338
67901270
68961855
69211607
69470704
69297695
70386335
70650577
70517555
70797815
72208627
72457878
72302132
71697478
73478761
73754490
74026377
75926567
76184184
76457695
76327171
76582765
78500027
78764577
78592231
80773130
81066900
81324479
48042041
49952662
49785611
50068776
50323244
52709095
52586504
52860151
53147216
55954517
55785224
55194513
55477449
55735706
332991494
322597458
333310623
333766810
333762335
59646463
59927070
65055306
65317858
65157722
67164214
67422367
67266335
344143475
338059689
338068167
338066773
70565926
70405297
70673905
70936039
339672683
339779114
339798252
76770237
77031497
77295571
77155386
77443512
345376615
80726307
81020503
81282657
81128878
82825802
83083130
83514567
352254598
83720192
352784947
87503804
87758070
88026859
89370717
89632502
58939503
59199237
61016414
61266245
61109250
61362478
63621400
63903560
63783342
365108866
191877430
190856653
68891516
69155289
68994832
69252256
70727118
70998888
70828524
71089876
107528172
198729100
198795193
199175734
198318231
198727751
108241207
198838438
198679634
114016800
389669839
390569817
81494830
81743557
82006455
81835692
122524648
122174709
122177658
88143135
88410576
88247196
126390395
126639310
126474520
92755898
93023588
93275173
94569323
94821330
94664431
94960960
96645936
96897355
97170710
97009012
98384646
98648817
101543910
56404830
60641009
234431669
424062445
61356237
61611442
65520611
65362003
65629596
67475881
67315378
68000731
68295421
68549001
117023847
71983195
71845440
72099801
72380688
72710814
121764056
122038752
76298062
75285600
75548338
75813424
77141062
77409630
77268471
77550315
77809634
79584338
79413907
79688651
131586919
131416672
131698403
87336504
87343456
83051276
83310415
83136390
83409774
86680940
86536224
86817964
87350890
91474600
91324842
94919993
95183670
92938867
93192602
92591650
92428000
92711831
92998509
95071936
95332701
56041583
56290192
58761331
58600479
58849864
61542314
61368653
61631469
64302174
473976394
105252577
105512629
474382173
106076217
474915750
68936138
68875135
69142051
71138420
69690287
71240903
71066078
71447632
71731202
73861683
73717265
73979895
74238332
76695991
76551929
76379356
75365878
75624127
75904763
77963314
78028136
77854074
78118368
78377752
80710834
80825369
81110728
80938602
81210180
83531725
83780017
84473962
83878713
84160413
84437922
85442328
86662135
86929210
86768092
87041165
89711172
89994122
89858582
90146872
91886180
92527851
92367364
92627272
95108258
95375785
95215588
95469752
96308239
97130948
58246174
58085616
58343134
60769272
61033655
61298356
61559282
63470158
63741481
64002300
64121735
519964128
67987198
68254031
68097124
68351259
69113040
70098792
70360075
70229450
70489864
71952658
72219817
72065216
72779786
73991642
74241250
74094139
74342957
76156213
76439835
76274742
75682939
77335830
77622665
77891922
77718862
79584770
79848439
80118780
79985957
82020461
82269586
82111310
83255432
536395264
536347307
87028204
87329724
87161156
87422828
88924681
89196290
89021430
90137996
90398025
543939033
544189634
51553966
94816977
52076920
52339766
52589285
549767025
550086895
97496632
550194827
550020824
55301950
550598290
550545566
55806517
56055128
56322040
57008115
59118464
58511611
58968157
555264968
156869804
560214189
297661922
386262504
386221972
386051510
66374245
66650205
66912342
67171450
68293976
68579689
73265288
73110089
73385248
73633922
395148740
395267246
76422179
76243514
76068984
79061077
78929770
79213536
79484481
81053588
80894055
81490008
81341574
81589907
83854908
83703708
83986055
84236366
84495904
86095595
85930748
86213702
408163163
86066171
86483987
90664185
90941850
90793522
91058965
92991620
93257031
93092831
93356740
97942285
97772604
98060201
65553547
65393701
65625870
65915272
103353598
103193978
101959836
101789500
68503429
68353935
68617427
68487609
68736402
427065188
248627226
75301175
75137042
75396886
75664408
77434810
76859688
77813458
77638874
77891847
78152954
80016655
79898494
80147895
80396473
83353241
82608009
82454762
81847452
82127649
356895442
86487372
86749157
86606924
86885735
90633408
88743751
88728265
89010815
88857591
89111881
90765976
91042212
90869442
91155231
92504372
92757425
92594859
92926240
93176438
94135022
94370781
94235339
94487851
94737026
97208162
96272301
96543507
96374040
96624721
96875512
98884364
98727949
373821197
373658093
373499444
373761855
335062520
373169901
100364215
100191519
100476353
101607646
102395347
104163607
58406320
104673614
58513645
57905305
59827407
62181645
61547684
61797444
62086654
62341274
62201167
254914898
64985601
66506170
66363164
66713594
387388325
67283219
299769638
67784286
74040021
74295183
74571217
74400573
76575071
76591225
77195730
77477634
77756791
78006271
79022561
173343393
80422668
80682062
369092190
81743262
82434184
86309737
86582884
86420950
86700904
86976694
87226353
88830381
89098260
89353658
89189178
91378133
91648694
90610177
90869190
91145607
91394448
93489694
93313330
93574927
93840585
94099803
94823239
95438432
96031321
96307378
96567054
96833066
97095806
98029765
98933764
390775843
99468216
158729091
100078822
100354768
104615938
104881188
105138117
105820462
66115034
106688704
67915921
68177304
68425904
68283163
108957661
69638403
70797533
71082735
71363638
71225120
71923775
73418109
73806891
74063551
74321962
74572084
75184163
76626231
76882850
77157843
77005169
77697368
78002477
79043558
79334783
79592805
79861935
79687612
412880311
413158170
412981250
84313861
84450380
84711713
84977713
85247057
85087721
86784584
86182364
86436850
86685517
88944491
88911898
88767760
89045544
89303240
89552814
90508897
91788617
91623667
91874083
92143133
92823671
427245158
427493166
96956148
97206458
97071214
97330736
99189239
99046680
99324054
100318170
100586428
101419615
101455394
101737240
437481271
343561447
102142366
102402580
106753614
397748848
107575205
395970686
396245191
107946059
108212302
59902162
64588495
64841105
65127187
65392590
116017992
67563400
68065327
68314228
68597994
68856981
406519031
406005931
405847713
406103624
406032242
75726787
77279173
77539641
76517655
76795241
77101277
81345334
80784718
81059974
81329871
139019618
379779887
86915443
376794043
84436264
84357457
84767385
86910730
87164531
85697020
91480555
91333659
91600320
95424438
94409009
94248428
94055522
93904259
94181110
94441391
389301878
96691954
346664236
349451212
346294875
303678721
303930512
302496789
302755687
100894412
100748557
101113025
101376035
101626027
105854558
105725991
105135914
105387132
311023165
310968032
110996224
269687751
311241896
311067940
68352460
68202732
68455880
112739094
113015408
112740635
74663108
74532466
74814566
75074641
321553681
321831884
322156728
286449560
82530703
82360194
82633860
84317913
84571430
84403670
84673469
130789486
86466704
86748405
87005099
86931845
131481025
90912241
87748440
91196391
91472918
91309514
91575928
91842889
93463844
93749331
94030965
93878362
94135846
96264614
96520451
96363911
96617201
99011879
99268190
99117139
99368575
101675790
101938340
102190085
102034120
104135335
104386605
104212337
104466901
111183105
111430537
111425298
57883292
58159694
58410509
58708047
116046137
115895709
115718617
119322914
119571068
119423749
119253957
119522066
115912850
65405073
65268374
365725302
64963364
65224143
365239469
69892566
70145127
69562717
69820323
70084844
71640460
71480327
71745719
72003357
75273902
75098095
74965542
75687665
75544604
75810049
76075563
77584042
77415295
77687077
77944407
79633724
79457790
79749827
80021355
84170162
81858618
385118962
351853747
345659205
351949846
298054102
351398540
294195125
83755998
84010011
84262180
86593799
357843390
94657782
355542664
354500648
353911504
90987570
90815009
91102808
91372692
94835666
93389200
93230514
94389328
94225784
93624972
93875559
97215752
97484154
97320397
99819111
99816580
316551166
264351967
64997699
64859090
65105126
65354892
65611233
67613534
67462411
67718372
67980832
111541742
110539492
71448483
70564625
70845752
331727917
73580225
73835419
74092319
74440517
223271185
175364225
79351082
79609105
79865256
79696060
79958822
81540693
81822247
82104817
81989959
82248889
125077726
86488626
85821938
86090367
85919032
86169135
87489471
87752743
88014424
87845273
93197354
92595068
349434271
134237984
349248127
349674326
348637682
244740668
95822403
96073076
96338567
96618293
96454070
98278568
98532165
98799783
98627407
100199183
100457584
100737761
100592451
106379713
106203921
106284549
106543832
106365200
59755217
60023834
59851925
60111333
364453604
363861130
65223587
65521113
65785307
66034709
65895728
370210492
330497595
70306441
70560562
70830076
70683046
121297364
75308475
74044414
74304230
73440670
73716844
73967506
75264370
338305109
227602852
79956155
80244016
80527041
80354528
344402610
343228474
287583652
293447025
83417744
83687155
293808924
186985747
294346654
89129009
89396088
89662659
89495863
93825652
94217054
94071964
94348059
302313978
94879658
94398947
94659547
94922229
95213788
96676898
102533086
308809146
152092807
259424672
98430388
101605227
101881079
63424598
63255015
65165953
65428087
65696827
65956463
65785680
66263912
66519760
66794169
319632029
271316611
318889727
319138528
317673744
317936648
271408104
317685096
69366312
69640314
69903430
72022887
72276104
72545624
119721071
114811190
118502003
118330122
74354442
74627912
74892957
75155885
75432557
120446484
119590012
79446334
79697517
79973971
80232268
81523428
81811024
82077926
82350258
334610327
228641795
334708942
291613508
293325872
293159491
86053004
86312486
89532500
89784546
89191905
89454420
135938001
135081481
94941710
95227398
95061029
95343170
97215665
97470945
97320825
97580954
144297941
105414708
102142115
102408207
102249337
102520788
104148437
57967574
58219498
58482981
60206675
60483398
60732613
61005153
63084236
63370659
63653619
63905433
65948111
66228065
66507449
66756860
122762437
121316151
121753447
121748957
122004383
69803131
118668179
73125708
72555417
72823998
73078685
334404058
334228635
334049652
129078860
128903501
128753243
277866715
132770917
337729530
338011971
338055554
129931745
130189670
130448827
132562065
132385036
84499886
182984527
282154162
287577330
83156264
83423099
83485118
83753928
89476184
89304946
89597941
89881183
91909162
91754039
92016723
92284273
296376328
153564342
96687451
96541673
96865192
97230394
100238944
100068379
59472737
58885807
59135922
308147491
307979316
308230451
308498918
61985464
160311884
62520196
65182682
65007303
65261099
66894635
67149942
66998470
67258055
68832249
69081191
68935027
69185374
69467606
71013460
71290077
71123855
119417908
119173582
119605117
75719977
75975578
75802346
76071757
77540777
77793397
77636312
77044604
126913845
79427414
79678947
79529925
79782831
127793161
86356048
82221834
82484321
82326602
84871620
85134459
84985658
87297712
87573104
87832024
87690518
338797438
339075666
338921799
339168026
91926658
92207460
92500298
96637505
96912032
52470511
97015918
56704555
56964965
57219392
57062977
103382871
101940365
60257668
60198649
60485991
60722884
60987743
63673554
63961228
64238227
64488421
356140441
114427999
69891836
70147298
70406673
70658073
72271942
72550525
72804434
72660572
76379545
76625514
76431932
76273541
75693554
75109550
75369295
75634598
78260811
78104162
78360977
78640855
82136160
82408687
82234986
81146991
80970023
81236426
81528667
338448082
338512741
338063851
335917097
335762724
336013152
85620096
85185910
85026699
85296796
85552417
89309556
89165521
89428030
89686892
91577258
91404132
92747989
92591722
92871459
93154130
95041938
94873392
95131928
96696427
96956767
97239342
97644195
97479736
97741245
98007230
98283850
353075642
352903889
352736588
257637143
101372945
106231926
106078946
106327605
106172892
69957659
70241468
70082199
73260597
73531685
73375677
73638138
112224380
76569922
76828662
76692097
76098987
78856991
79120935
79387612
79240036
81315707
81599219
81849507
81695872
272694013
220235855
85755120
86021817
86281405
86118272
87849628
88124547
88418835
88256061
93009051
93296021
93136981
93389977
93224331
93046057
93298852
93584397
93869972
95145994
98434517
97710575
96245984
96098174
97226022
99483956
99766749
100028165
99886885
103463942
102897448
101862318
102127498
102376590
102628851
102891094
104081832
104359321
104650612
106428632
106682915
59475600
59748285
59581285
59848477
60542878
62840661
62696658
62949009
63204823
63041333
63970954
65526213
159479722
361433177
311380878
166041688
360262467
317104067
67504427
67986861
67826778
71456440
71724570
71996988
71830208
73318772
75240385
75534909
75815136
75643147
76766051
76589061
77183707
77450549
77701906
77951883
372415479
372263991
372516081
371512020
81825895
82106285
82361147
82196990
85761648
86020551
84999382
85258292
84242862
84508675
84762581
86551046
86462021
86740672
86998883
87267723
88933194
89202953
89461697
89726659
91808534
92057281
386176215
347313971
346311550
346694559
147838617
288747942
98074101
93355655
93620184
93885558
93728280
95612219
99684157
99943220
100213260
100491655
103102380
101957051
296772505
353975704
353806582
354074391
108404225
353802198
209548164
103165261
103432753
103691947
103971734
105895824
107967058
107816107
108081074
69196025
69029302
110942652
110786347
363848191
215513949
315268676
313797012
74506104
311752904
74632692
74881483
74712085
76006811
75850896
79478432
79753794
79579480
81276964
81127127
83430239
83708769
83958879
83802841
324661679
324947842
324798481
325164953
324738995
89352464
89611429
89887667
91297971
94130161
94405234
92097679
94507701
94762584
92890112
95931468
96194765
96450772
96284538
97793205
98060671
98310561
98594401
244636702
340386207
101556033
101781058
102029108
102279756
102540777
103578998
103846906
104107168
104391365
105329562
104746437
105031612
105308392
111355667
110996475
111259663
107719295
107572375
107833916
108107377
110118548
109956882
110206032
110474140
111991726
63234432
63483424
118696890
118974600
119257744
66216292
66091039
65486657
68124747
68373339
68222997
68498843
365427243
71248721
365661573
71864661
273142158
325004078
123999002
76659049
76925215
76758932
78713001
78977556
78832394
79087244
132232434
81743882
82866602
82281002
84823755
84227774
83582122
83832001
83677740
83958947
85601861
85877537
85706743
85990646
85386928
87811069
87641376
87162102
87422086
87685001
87536932
248233275
344817421
342072357
92359118
92608313
92866431
93129235
92991844
95854090
96114811
96374395
96626922
96877390
96717871
99135236
98106759
98213405
98474197
98724445
52112610
54098779
54377780
54219041
102942210
103192848
56781552
57036164
56881749
57131611
361195204
359999742
61529784
61808771
63791180
62419491
62687460
63992822
64273736
64531042
64817527
66609037
67721861
67972640
68227941
67617198
67459207
68918122
69501617
69775558
70066240
69910285
70657472
375496109
333760767
333571428
333852424
333707199
73749972
74006900
74273592
74803260
77559002
77817780
78076295
78336025
78607132
78886190
80145337
81184224
81451270
81702602
81952382
342852972
342794877
341348204
87331748
87593431
87868653
89477984
88867527
89147950
89412472
89669323
350674897
92467589
93489313
93315352
93593314
93857519
355398375
206921362
355688582
355511161
152792502
96804861
96637570
61630072
100601024
100663294
100520380
99070576
104729362
104589785
104857060
364631847
105993411
364708239
70378820
329133737
162100369
75662896
75925802
75771424
76052878
76319122
335897122
336145589
80426705
80715809
80553042
82967279
81097745
83117757
82942113
85827285
86124140
85976163
85401194
87191974
87476284
87751445
91899112
91650312
92078817
89901601
90152755
90425761
90288191
93185941
93457447
93707682
96546490
93808611
96190023
96466074
359486262
359129545
102514454
102778872
103063557
102919615
106836528
107143921
106971275
106800901
107149351
107142996
65634080
111928853
111850990
66549049
66401331
68283237
68551528
68814011
68657702
216090539
375909788
118143880
74173390
74423516
74677100
74948283
76500204
76767730
76176240
78288680
78548300
78808445
78640528
80119736
80373397
80640290
80898589
81153632
387177137
230474767
