Latency
1029167
1333894
4847733
5117172
6992249
7278269
7563567
7857336
8161361
10902336
11187160
14384855
17579117
20811687
21072290
21363211
24437427
3613395
3898357
7066573
7361891
7667602
10681698
10996138
14030927
14327341
14636886
14908348
15194395
15476695
15763547
580900
840034
1388800
1640086
2645065
2904340
3171130
3451198
3732063
4005827
4319392
5369894
5641272
5917951
7190728
7465659
7759664
696091
2729783
5834510
6121074
6373644
6632304
6884016
7145155
7448838
7700493
7951042
8201482
8451821
446819
3517786
3814062
6933724
7238562
7523202
10475727
10775158
13654315
13933571
14184090
14434760
14685144
14935825
677503
982546
2684673
6014643
6294905
6585914
6855702
7127231
7415720
7669354
10875194
14105852
14383087
17494497
17759885
18057819
20986528
24669324
2430186
2682985
6619815
6899047
9972880
10280484
10535451
10818590
11089668
11348456
11640829
11915802
12210177
12481568
15252698
766566
1030981
1350740
3213512
3491818
6563100
6879122
7158668
7434740
7717523
8000948
8261717
8549323
8813143
789207
1060087
1312735
3752009
4023314
7088293
7363742
10399004
10679574
10977447
13890865
14190752
17318749
17608936
20735183
21041847
21303556
1094083
2261442
2525145
2774948
5625133
5904738
6215263
6496195
6768072
7030928
8037136
8343720
11503536
11794492
12084433
666888
4084472
6087330
6371193
6625740
6875325
7173388
7440504
9925574
10207768
10468508
10724036
10975632
11267179
3192537
3474342
3753392
4039518
4300450
4577496
4900329
5168770
5437063
5705624
5984012
6257731
6545081
6818740
456954
727161
1436812
1701330
1973680
2273867
6156943
9196048
9473586
12399520
12679584
12939402
13501435
13769305
14026045
515651
2346444
5720892
6482792
6775592
7078708
7397292
10057257
13276368
13559682
16777547
17065992
17316567
20336732
20637748
20930372
23982578
754826
1020610
2748861
3045118
3299361
3612957
3894028
4181267
4497571
4797193
5114970
7333025
7631578
7909632
8675564
867981
1138465
1394478
3850400
7141992
7415402
7688595
7990564
10852939
11130025
11425730
11695829
14602445
14901889
15190614
15456464
502916
2386147
2729961
3029485
3328900
3621392
3887440
4204857
4880676
6341122
6641619
6904568
7197388
7470042
7749132
2230940
5640931
5899118
8969990
9262463
9547286
10280027
10563384
10841225
11109182
11394778
11646587
14263482
14523677
14807643
17778671
697118
975368
1724169
2656299
2906611
3184472
3464744
5548240
5855216
6144335
9091219
9364674
13713570
14022624
14311442
14587816
14839435
575965
6845303
7097225
7394182
7670381
7930246
8214890
8499260
8779954
9046975
9327519
9600602
9878430
489888
1057578
1904105
4381329
6095607
7918870
8198172
9551564
9824853
10093048
10342878
10594854
10852557
13368643
13673342
13946245
14236035
14553510
17204482
736349
1022731
2772670
3074172
6139034
6433801
6732894
6996013
10343105
13653904
13949155
14231428
14514214
14785641
15063089
15379758
1067722
1371227
1670397
1974887
3919517
4219839
4508400
4759130
5016392
5283944
8030809
8301419
8596315
8879036
597510
879129
1731707
3191736
3464055
3737671
4040150
4895567
5158397
5716437
5966988
6246951
7094360
7387088
7658989
7919524
2248565
2531745
5574700
5874492
6164658
6448401
6731117
7004301
7272170
8218952
8512660
8786152
9065410
9328902
510078
2374509
2634426
2922605
3212852
3504324
5945055
8856047
9145666
12038803
12610359
12884582
15657496
15944857
16218617
18906023
19157018
21981284
2797165
3061624
3317877
3598355
3898505
4162588
4439681
4716718
5005937
5294365
5584697
5870881
8490856
8796966
531247
808343
1643306
1934230
2185225
2447148
2726314
4265047
4559730
4829937
5111622
5393580
5695623
8365300
8628107
4087355
4363658
6215403
6524065
7903222
8214118
9848610
10146219
10396896
10648587
10907708
11205169
11458121
11791831
14185824
14466740
14749014
1511890
1857528
2651246
2937682
3231071
5783541
6035747
6293873
6613455
9400995
9652612
12661488
12961428
14041570
14320119
14598221
14887190
755053
1021888
3723618
4010501
7162746
7448825
7734295
8019987
8298041
8598197
8903176
11485001
14559280
14876223
15761851
3037758
3328951
3971281
7168665
7457460
7717215
8006566
8269661
8574638
8835546
9139327
9435027
12008276
12295785
527808
1699288
1974302
2255262
2545451
2810912
3099833
4249008
4551126
6438292
7768486
8063887
8344445
8623132
11522857
1238319
1499150
3612045
6913530
7208104
10316799
13579680
16746250
17027749
20093501
20381511
20659455
23673208
23973501
24276480
27280741
27537845
476093
970005
1258208
1536551
4243863
6413952
9665341
9966114
10246913
10542494
13443128
13729825
14019634
14307247
14585755
14855775
2389918
2637913
2910390
3581526
3872010
4130152
6210895
6517411
9688215
9953444
12983754
16062144
19280672
19601162
19867401
20163690
693119
984300
5909872
6188235
6444545
6737190
9335220
12191425
12476978
15308620
15947678
16229047
16496871
19321208
19593050
568758
869207
4346477
6690603
6971218
7246556
7516709
10126675
10392417
10661192
13315565
13599751
13851264
16663901
17015520
17267020
560852
855439
2710947
2999284
3274479
3566159
3817528
4068269
4319062
7029909
7331435
7582183
7832678
8083358
10613451
10897157
530458
3671811
3971322
7090275
7367979
7652704
7938162
8223644
8494218
11327073
11628149
14586832
14856641
17916703
21122731
21420756
