Latency
118928
367293
615795
860633
1104770
1348622
1595564
1841582
2085624
2329296
2577331
2821153
3065397
3310094
3554534
3798078
4042784
4287025
4531692
4775781
5019522
5267161
5511907
5756050
6000451
6245090
6490292
6733936
6978161
7222946
7467052
7710891
7958885
8203138
8448273
8692074
8915468
9022948
8997869
8972297
8946753
8921421
8896227
9009146
8982170
8956052
8931300
8906791
9014765
8988963
8962976
8938152
8912771
9026294
9000391
8973208
8949374
8921884
8896780
9006078
8980369
8955186
8930046
8904143
9016674
8991189
8967200
8940632
8915199
9022865
8997693
8972532
8946634
8921290
8896471
9008685
8983225
8957900
8587158
6113930
3642037
1170115
77893
325001
77187
326127
122308
367775
113790
362220
116735
363310
126210
371687
111043
363832
116397
364300
116716
362818
114174
362437
115862
363920
113527
359017
114075
362384
116847
380869
114911
362846
139844
370752
113585
361207
116920
364023
114077
362064
115997
362402
116197
363261
112958
359922
112337
359171
113755
358882
115124
362943
116177
363764
130044
375557
113385
361990
114892
363338
116655
363382
115237
362076
112143
358488
114298
362930
113007
361219
116342
363894
115322
363849
122123
367170
113422
361215
116975
365350
114194
362603
117346
365664
113460
361999
117740
362583
116635
359622
113090
362909
113510
361673
113500
358873
116698
363354
113133
358919
116357
364925
113817
362002
115963
360818
113132
360166
113939
358729
113240
359389
113270
359073
117125
362466
116379
363591
116390
362928
115902
363610
114920
363015
113802
358772
114397
358959
116937
365351
126521
371357
124034
370163
116842
362085
116450
362865
114069
361745
118508
363743
113642
358721
114809
360490
116602
380798
116254
363539
112508
358178
113555
358197
119625
364101
114633
359289
114245
362764
113163
359681
113184
358922
120940
368571
113266
358673
111521
358677
113740
358737
130188
374947
113274
361155
113820
362304
113502
359001
113629
361992
116496
362157
116103
364759
111597
356688
116093
364460
116246
361736
113186
358908
113451
359784
116071
361564
114148
358764
116703
362753
117422
363054
116251
364054
132634
377381
116904
366495
113907
359564
113953
358751
114211
359751
114670
362061
111917
358479
113968
358483
116137
375652
116158
361851
114127
362407
113550
358544
113167
359337
116620
363391
114168
358889
111672
358408
113500
358592
120202
364581
113497
361781
113501
359412
121386
368974
123596
370958
128527
375984
115246
364050
114812
358801
77491
326435
117233
363014
114182
359353
113918
362044
113197
359804
115907
363555
111803
359061
114045
358733
111940
356999
114268
359623
121588
366992
115718
364632
115514
363614
113783
358802
115575
362838
117229
363955
113616
358782
130299
376442
113204
358949
115747
361473
114070
361566
115184
363753
124731
373007
113673
359906
112439
358715
116299
362960
114482
360014
135896
383352
115617
367677
114828
360991
115863
363328
116668
362910
113397
360126
111043
359001
135818
384565
121260
366422
113403
361591
113626
361770
113394
362226
115634
363457
116722
363563
113740
358244
112376
357911
114770
363304
119331
366006
113421
359250
116050
362614
115977
362968
114992
363355
116850
363380
115642
363789
110872
358634
128617
376322
117090
365735
113878
362724
122827
370974
115645
363469
115509
362688
116738
362672
114502
362058
112719
359508
113172
359464
127961
375189
115061
378818
116230
363057
116757
361560
113002
358344
117130
363131
116482
362111
115205
364528
114815
362962
116382
363401
134535
380006
114355
358942
116534
362859
119238
365497
128538
374532
113390
358873
113960
359199
114262
359027
120717
365165
116695
363667
113535
361296
116146
363996
121463
366632
112738
361334
115827
363789
114037
362880
116203
362915
113070
358456
113982
362524
127725
375258
117957
364042
135435
381007
110748
360254
113543
362321
119925
368218
116959
364594
114681
363100
114277
362907
113126
358744
116265
361184
115013
363222
112376
359834
128564
375618
116292
364619
114242
359149
113753
358402
125618
370747
113284
358651
116639
362968
123378
368438
110037
358749
115525
361028
123350
368051
113298
361204
115820
362126
121473
367182
115936
364340
93302
341267
114774
363428
115789
362820
115331
378580
114903
363554
116544
363324
113320
358644
117664
363893
113598
358975
112832
359052
113245
358979
120085
366725
125916
372582
113650
358790
114118
362240
114583
362807
129106
375438
114665
362108
111692
357544
114315
362108
120805
367457
124974
370836
115135
363103
114653
360944
114846
360100
118192
364383
116065
360913
116965
362137
116277
362804
117188
365163
116965
364923
113803
361452
113194
360730
131372
379737
116094
362343
114982
363112
116333
363282
115169
362837
115426
360475
113981
361572
115031
362786
113244
359790
113118
359884
115809
363647
113739
358255
116497
361440
114138
362008
115158
362563
116188
364067
114022
359047
116474
363601
114306
361022
112028
357510
113900
358878
121404
366747
114039
360681
115190
361168
113347
358774
113601
359218
115747
361138
114961
363175
112523
358573
115312
378393
118082
364305
114940
360067
114198
358913
115777
363437
117710
362911
116536
363618
115403
362652
111712
356577
129825
376197
116502
362559
113877
362248
113258
361459
128944
375818
116013
364294
116386
362464
114452
359335
111657
357720
113111
358576
116188
365066
114883
362946
115170
363801
117110
362752
113475
358994
117006
362967
114893
363283
116019
363231
116124
364756
114724
359293
115245
363075
131574
377464
115971
363818
115655
363021
125405
370831
112966
358559
121888
367118
112918
360364
116174
363597
113484
362452
113400
361987
116891
363022
125385
370939
111601
358667
113348
358820
117369
362971
113568
358827
113230
358288
114121
359201
113483
358873
116432
363487
113008
358266
124441
371358
113649
361526
117866
362726
124940
370937
114370
363295
115272
363598
113931
361874
116574
362959
113066
358890
111888
357123
116183
363327
116274
363657
113551
359109
114497
362877
114474
361994
113588
361448
116983
363276
113791
359646
116270
363300
128618
375371
114559
363606
128060
375828
115709
362348
116982
364333
115416
362850
112054
358159
113622
359470
115974
362740
113540
359487
124793
370855
113221
361394
114230
361517
117404
363297
114216
358831
111668
357147
113469
358641
118197
363254
115275
363593
132933
381406
113528
368004
116158
362509
117174
363327
113597
362232
111770
358175
113720
358957
88192
335175
114273
372045
113571
358975
114026
362108
115218
363097
116616
362884
114967
362671
112251
357019
116614
363308
116710
362890
114970
360172
115728
363468
120279
366954
113460
358731
123077
370783
115989
360922
116291
364197
113690
362540
115030
363687
113154
358862
116307
363143
117258
365431
113445
376451
111552
359001
115615
360553
115922
363282
115495
363242
115724
363653
113977
362373
119413
367332
117134
363463
127509
358221
112467
358845
113747
361721
113861
362680
127441
375908
116052
363709
112950
358469
114184
358859
116942
362398
113760
358770
122104
366739
117422
363345
117978
366845
113092
357891
114240
358874
113061
361757
114578
362958
116838
363067
113922
359165
111913
358710
115255
363890
132539
362290
116128
362834
113093
358248
113977
362523
113807
359019
126521
371662
114145
359595
114785
363514
113537
370956
116411
362970
113970
358562
114257
358986
113432
359625
113192
358769
111642
359293
113690
362691
113888
359112
116628
365203
115702
363131
113327
361170
113162
358686
126300
372748
115157
360678
112174
359376
113322
361472
118617
367044
114766
362860
114780
359269
115385
362672
114514
376312
116541
362854
113469
360372
112168
357515
119121
363774
118011
363316
116147
362939
115262
362614
115218
360381
127608
361851
116168
363115
113170
359591
112071
358736
128007
375332
116604
365201
116356
361561
119738
367375
113648
361893
112925
358789
116826
363303
114251
359109
124784
369869
115568
363777
113740
358823
113376
358700
116324
364452
117105
363419
114900
359780
116257
362181
115281
360476
132837
361444
113282
360442
116132
363065
113317
361437
113641
358221
117205
363478
113751
360295
111404
358855
114117
370685
119865
368184
120466
368654
117000
365340
114220
359417
115425
360460
119442
367257
128127
388891
110795
357908
114844
362237
119212
367012
114866
363210
114227
359823
122171
368288
115085
359978
116813
363304
112935
358557
111337
359031
113370
358854
116928
362871
112899
358600
114984
376352
115705
362954
116503
363202
116735
365212
113468
361771
111814
358488
122282
366613
116598
366342
113088
358722
127631
359136
115837
363168
112925
358951
116965
363077
125173
371315
115034
359675
115025
362258
114438
361438
114013
358699
115063
363238
118110
364319
113341
358838
112676
359562
115248
363520
115933
362977
118674
364218
124928
373134
113287
359411
113817
359418
116617
363044
113165
358666
134218
363244
120719
368095
124451
371007
112884
358641
112963
358787
113592
360398
114482
363147
116428
362856
113224
369363
112558
358178
113113
357937
117134
362208
113714
358736
115145
361449
114020
358931
115597
361196
117028
362317
115009
359850
112194
357917
112804
358913
116302
362038
121297
367498
113151
358543
112535
358845
113862
358877
116512
364611
113340
358576
115333
363643
113334
361376
116174
375699
114568
360797
118828
367474
116068
363502
114061
358745
116516
362336
114332
362429
113842
358434
113934
359006
127085
361360
114074
360807
113720
359845
116812
363071
126608
372458
111725
358874
116025
364840
118796
366214
113628
358798
113620
358980
113143
358760
115901
362821
116916
364385
113476
359039
117050
362682
115284
362119
116961
365421
113832
359050
115003
363098
115956
362881
116259
363321
132511
358970
113380
358510
111922
356574
116083
363122
116737
364157
115954
363874
115760
362725
113152
358224
115290
368163
115725
362729
128362
375091
114885
360423
113303
359435
115917
364205
115140
362999
115710
362766
120081
368358
113643
358154
115960
362367
115221
363524
113798
362600
115035
362064
115821
363182
114007
359537
113448
358542
116566
362680
80384
326510
112156
359322
113162
357790
120033
375110
113533
359117
114958
362940
115314
362998
116719
364627
117123
363106
116009
362895
111480
358423
704414
115184
361399
117489
363216
114747
362570
114965
362079
113535
362278
125948
372192
119636
365321
113677
358540
112375
356794
116036
361627
116515
361544
115364
362715
115120
362497
113462
362112
113604
361986
115729
363106
116159
362844
110359
355894
114656
362138
115368
363908
112951
358658
120180
368460
132411
359429
113985
362428
116701
363134
113398
361589
115950
363130
113278
358807
114709
362902
115872
362373
113555
371520
116875
363040
113760
358404
112634
359123
116382
364239
118441
366907
115232
362840
113211
359050
112979
358567
113802
362313
117251
363331
116207
362870
111751
358954
117938
363154
117392
363395
114522
362551
113390
361451
113558
358524
114864
362881
116238
364800
113444
358988
112033
374094
113967
362502
117627
362544
115051
362157
112836
358667
113185
358795
115886
362916
115985
364562
116241
363476
127498
359121
114890
361892
116541
364514
112943
358478
124202
370636
113521
361295
116135
364665
112490
357769
115113
363392
115114
362850
113602
358202
115284
363639
112716
358212
113487
359569
112635
358226
115352
364274
115071
359784
113250
361672
115144
360964
113434
358678
113264
357779
133257
362174
115382
362851
116707
363410
116084
363081
111121
358806
120314
368997
117858
363085
115943
363563
113872
371438
113817
362212
126178
371261
116425
362273
116010
363261
126408
371634
113102
358731
118075
363241
113517
358657
113632
362132
114901
362403
113684
358905
117552
363732
119031
366818
121322
366404
113852
359800
116809
364821
115198
362244
125623
373597
113314
360916
113016
358956
116504
373083
115652
363859
115970
362891
115987
363453
115339
361310
115630
363804
114748
361984
120781
369414
115827
363240
127729
358708
114874
360312
121413
366589
114058
359188
122840
370740
115855
363971
115549
363484
117479
363527
113742
362422
112753
359361
113511
358258
117641
362914
113505
358757
114503
359891
117138
362494
113751
361237
116422
362659
116276
363161
111889
358863
113417
359055
118253
362828
146127
375314
115756
362179
113939
359561
113759
359221
117156
362324
115397
362871
116866
363860
112856
358642
121918
368636
125117
371760
114858
361650
115112
362759
113111
358670
117275
363108
113200
358751
115975
364141
114980
362997
114965
363414
114482
362364
112808
358748
116920
364769
117652
363051
112890
358731
112991
358645
113899
358808
113452
358966
115120
363642
113634
359162
113527
362390
116442
372961
116494
363424
113888
362441
113893
359048
113191
360432
113956
358652
115186
363013
114962
360687
113352
358310
126954
358622
115901
362987
111546
358684
113237
358749
122864
370642
114884
363119
116108
363064
115117
363175
114945
362576
116164
362164
113581
361214
110822
358672
115209
363268
116856
365176
114259
358854
121131
366447
115317
363417
115187
362785
116517
362605
115914
362560
111902
360463
130158
358339
116752
363599
115141
363147
126123
370907
116041
364376
114785
359471
116563
362985
113372
358594
115817
374002
113605
359274
115626
363679
113670
362418
114910
362502
116928
362840
114510
359908
112283
358050
113902
358855
113187
361276
115606
362956
115633
362045
115253
360027
123102
368131
116730
364568
114574
359817
112637
358107
113571
361575
116865
362897
113065
358749
112731
359962
120633
376485
113201
358780
117019
362856
113706
358894
112124
357991
113212
359384
116829
365431
113525
359594
113990
359602
120251
366622
128832
376152
115903
361718
114911
361787
126289
372672
116549
365055
116492
364981
124835
370466
113008
361347
114831
360191
113586
358342
116437
362722
114969
361710
115960
363425
115172
359972
116518
364610
113830
358771
113057
358625
115972
363567
113818
361766
113129
358656
130801
357959
113391
359562
114494
362125
113909
359374
122000
367249
113984
361693
116644
362622
114862
362435
112599
357535
114547
360077
117451
364495
112914
358491
115248
362836
113709
358502
118600
366987
115837
362876
116722
363682
111834
359734
115618
363016
117348
365617
113894
358667
117016
363613
113665
361694
115383
363003
116525
361860
113245
358894
110789
358702
115762
362914
117107
364091
120378
371240
116028
361125
113334
361365
113152
358905
116336
362935
113030
358460
116285
363217
113352
359708
115867
363643
110264
355554
113974
360351
115701
363024
125700
373915
122446
367268
113905
358769
114821
363254
113701
359051
115250
362670
114940
361947
113205
358693
116002
362473
113109
359602
112848
359594
113722
358631
118642
363054
116092
363593
113690
358818
113953
358757
112917
358813
121625
369991
135239
363175
111707
362124
113743
358630
116768
365327
117323
362310
113711
362350
116010
362914
120218
364943
117476
366882
113991
362187
116186
360784
116195
363070
117014
364728
115384
360299
125609
370585
113769
361139
115061
362471
116331
363168
113192
361295
115779
363391
113417
361701
127247
373382
113088
358292
115127
363037
116937
363084
114172
362676
84330
334290
114892
360837
114187
362891
113298
372764
113418
358542
114441
362352
115718
362784
116024
363898
114008
360152
113047
359088
114010
358858
113748
358552
112396
359033
113995
358620
113917
358830
113527
361397
120570
368024
124949
371371
112552
359817
114337
359078
118110
362981
113676
358916
112964
358404
114785
363149
114554
359652
116875
364431
115666
363897
121519
366550
115138
362907
116464
360820
113708
358359
115010
362976
114605
362836
133503
362366
117080
362857
113394
358485
120709
369033
113115
358721
115617
361957
116587
363211
115830
361011
116758
366679
112722
358824
112515
359544
113087
358727
120427
368037
113884
359884
115968
362885
114938
362872
113780
361703
116251
362829
114207
359543
112013
358371
114672
361895
125850
370788
114933
363384
114860
359615
113555
358671
115958
361115
116799
362787
114320
358855
112195
358625
115624
370709
117621
363002
113607
358842
113065
359943
114452
363504
123164
370432
116236
361861
113028
359467
112159
360647
129734
362434
116717
361988
114818
362424
115412
362976
130584
375444
115552
362715
116478
362790
113659
358744
110601
355651
116138
362622
116345
364457
114963
362561
113370
358878
113731
360878
115828
363153
124791
372858
121015
368685
115882
362971
113747
361577
115894
364497
121617
369138
114174
358777
116744
363258
126006
370452
111168
358189
113896
358547
115385
362942
112987
359212
117271
365376
115409
363946
113039
358560
116389
362942
113695
358597
124027
368346
115021
361836
117194
365499
113901
362177
113235
359343
113846
362089
124140
369169
126191
371154
115645
363185
118158
364752
114073
358909
116704
364331
114052
362395
113128
358178
115401
360837
113604
359547
116766
361982
126259
370762
112015
360544
113321
359370
115689
360894
113847
359110
115950
362751
113407
360737
115671
362937
116464
362508
132141
378888
115958
363057
113358
359101
115914
362978
120751
366313
115742
362378
117295
362910
113907
358850
111357
356055
113696
359041
115086
363574
115031
362961
115212
362481
115972
362382
113508
358528
116774
362831
113099
360745
111866
358348
117144
364123
117507
363498
113027
358840
115082
361817
114705
362111
116071
362947
116457
363078
113262
358639
112706
360355
113595
360090
116751
361865
115529
369247
113437
362120
114130
359024
113246
360958
116508
362788
113895
358537
112394
358097
114130
362186
116091
361253
113242
358753
113845
362392
114196
360097
113639
358855
116865
363669
114770
362633
116118
363920
129152
375946
116414
364076
114998
362727
113217
358896
117050
363951
113711
369290
111893
359601
113622
359763
114488
363178
115682
363470
116214
362762
113703
358744
113435
360269
117039
365136
128503
362945
110734
358558
115143
362643
120105
366064
118835
367186
113615
360505
116928
364514
115271
359897
116454
362702
113255
358948
112182
358768
114918
362500
116834
362002
113182
358575
114199
362629
113310
359455
114914
361772
116991
363015
114286
362038
112310
358271
115919
362576
114169
359651
126488
371892
116002
363636
113452
362174
113188
358834
117169
363721
120165
367308
122692
370257
113161
363594
116431
362148
113677
358348
116999
365337
121505
366358
115921
361278
115908
362941
119051
379090
115061
362369
113609
358135
115729
362383
114364
359317
115179
363046
128870
373191
116511
363332
112366
358650
115164
363861
118188
366717
113410
359394
113909
358656
116162
363779
113543
370142
117251
362981
113215
358876
111424
358632
117376
365670
117273
365798
115427
362567
115418
363307
113674
359337
115688
363211
116413
362093
113624
359882
111309
357967
118777
365454
117330
365260
113945
359092
116429
362999
113064
359337
114743
363180
125393
371131
115455
363546
116271
363689
114606
359766
116709
364325
113872
362260
114690
359284
113980
360278
115873
362840
112375
359118
114699
362857
116877
363084
115272
362927
117003
364071
113891
361902
113389
361724
116755
363314
113353
358796
114845
358827
115049
363810
113122
358421
114757
361964
113123
358727
115100
362754
116612
363578
118874
364189
115361
362945
112399
357782
113629
361892
117974
365492
113388
359072
113581
358662
121139
367978
113458
358356
116472
362707
113437
358607
111985
360401
115820
362977
116890
364916
113221
358351
113674
368775
113982
362810
112767
358613
116905
362673
115812
362812
112109
359614
113674
358541
122937
385423
113315
359423
115331
362991
113531
358724
113507
360547
116275
362782
118642
366119
114553
362539
113356
358625
115430
363201
115072
361093
115940
361086
121008
367575
113942
362253
112955
358754
116165
364658
113995
359642
113888
362099
113369
359449
113879
359200
113187
358758
116062
363937
114114
361791
113483
358891
112965
361251
120394
367200
115598
362937
116141
363196
113809
359075
113543
358191
119471
363052
113678
363678
112541
358381
113008
358313
117153
362588
113536
359530
115887
364418
114099
362967
113324
358867
115920
362572
113733
358701
121782
369331
118501
366882
116290
362302
114282
362046
116388
363121
114840
363130
113538
361587
116555
362445
116245
363190
116216
363005
114791
362027
116368
369241
115398
363058
116502
363074
114514
359691
115814
363022
112040
357560
115623
363422
114003
358955
115899
362152
114417
362775
113695
358834
113582
358601
116342
363416
118688
364335
112062
360311
115560
362935
118670
365745
112844
360568
126221
371120
114688
362849
112866
358704
123046
370675
116224
362995
112157
356997
112962
361011
117501
362899
113345
358777
116324
361988
114739
362860
115096
363486
114502
362222
120643
365478
111921
356838
113470
358588
116588
363458
113980
362607
113278
360620
118943
362758
113742
363460
115953
363655
117070
362318
112000
360375
114760
360018
121392
388292
121983
369393
113697
358604
117874
362705
114881
362928
124874
372476
121173
368788
116247
363403
113762
361462
125702
373308
113126
357709
113786
358613
128592
374612
113157
358429
112410
358670
115339
362868
117872
368810
113263
361677
115190
363966
114994
362591
115720
362952
116475
362810
112980
358521
112204
358145
115455
362275
131170
362823
115908
362864
114131
359049
114675
363174
126250
374531
117171
362845
115712
363373
125699
371822
116282
364686
116614
364568
114688
363070
115827
363987
122232
368915
116133
364626
116694
362994
113389
361466
111658
356657
113370
359647
115673
363170
113980
358796
114095
359155
118168
364475
114167
358649
117924
365885
113512
358830
115734
363165
114035
362566
115905
363735
115659
358823
116024
363685
116235
363337
116351
363298
110950
358907
113520
358322
113292
359038
115644
363823
113352
358572
114691
362446
113820
358546
116375
362629
114070
360759
111239
358516
114368
362974
118261
363072
114718
363201
115421
362800
120653
365345
423502
667726
116341
363364
113666
359137
110798
369753
113658
358530
115855
362408
113379
358860
114913
362058
114707
362614
116050
363306
116710
362428
113842
362059
113653
358378
113040
358620
115782
364351
113274
358789
117592
365946
112811
358713
115793
363818
111782
359384
125596
370338
114472
359764
113236
361390
133381
379727
113382
360568
114872
362432
125131
371747
114064
359735
116097
364144
113519
358071
113296
358661
113071
359457
113848
362444
133204
381328
113174
358534
116720
362832
115235
362171
111495
357975
113615
360384
119486
367852
114778
358585
116010
361717
116101
363689
124752
373018
116070
362443
116325
361907
112041
357130
115098
363504
116908
362204
113241
358701
114268
359074
113281
358959
113436
359685
116832
364586
114031
362114
112000
356906
115086
361362
116262
362130
113379
358602
113357
359368
116948
363491
115784
363633
116708
365953
114102
359780
115310
362740
115579
363248
116215
363551
113611
359960
114321
360308
113401
359674
113827
360143
128271
376585
115774
360575
77478
324301
77448
324152
116422
361907
116561
363413
115550
362867
117271
363980
113988
358749
111771
357690
112965
357859
132648
379805
113627
359032
114949
363595
115909
362245
115207
362298
117207
363395
113585
361577
112252
361050
116072
364716
117165
362004
126079
370764
113984
359389
113770
362046
119161
366858
116876
362875
113497
358627
111386
358603
115260
361147
116952
363205
116782
364484
113624
362993
113586
360728
113152
358485
116758
364944
115561
363162
116324
362680
114952
363411
116297
364251
113528
361785
116569
364259
121671
365870
115771
363693
116777
361564
114502
359152
115428
362987
116665
361941
121304
368625
116420
364981
126922
371304
116164
365212
114293
359285
111243
358509
115283
363362
114970
362833
113590
358770
115910
363034
113216
358662
113327
358998
126514
358798
114176
358813
111867
356752
115257
362699
117749
363058
120570
368826
113475
358467
114471
359089
113694
360688
116677
363199
115171
362041
112164
357953
113845
359093
116771
362807
116334
362853
113207
362107
114354
360760
113805
358830
116320
362407
115570
363319
116227
363167
117001
363174
115573
363470
113064
358570
115245
359870
116122
364770
113406
359179
116565
362910
115820
358216
114028
361913
113364
358653
115809
362049
114280
358955
116259
364164
115528
362721
115144
359657
111217
356837
115897
361487
113578
358829
115621
363853
113576
358644
114470
359148
113585
361035
116841
363064
115319
362602
124037
371936
115813
363768
119282
366924
112918
358426
112902
358463
115304
365318
114960
362982
116630
362829
113414
358722
111868
359128
129078
375723
116934
362399
113301
361474
114485
359488
112050
358729
123381
370429
117508
363957
113455
359312
122024
367823
113341
362280
116000
364186
114215
358547
114058
358993
116801
362552
113492
358390
131538
379187
115362
363152
116131
363818
113666
358415
116091
364045
116067
363118
113416
358759
119018
363984
113776
358312
112044
358931
134177
363008
113303
359300
114245
362360
113537
362197
113559
358211
114587
362015
116512
362764
115504
359071
112938
361431
114097
360367
119034
366971
116523
363827
116177
363451
113818
358824
113054
358857
115966
361745
113384
358981
112243
358519
114464
359580
117677
362766
113324
358888
118663
366669
113701
358751
112934
359437
116937
362581
113975
359055
112009
356971
115132
363244
126250
372456
113967
364228
115120
363650
114961
362367
116365
363714
117070
363903
113644
362537
120171
366220
113702
358894
116357
363620
112003
357102
126627
372332
117064
363174
113822
359273
116750
362868
112930
358530
115708
362860
115492
360292
126308
371707
114978
363029
113524
362216
132449
380644
113831
362295
111526
358967
124528
369246
118002
362916
115974
360940
113366
358870
112935
358501
115218
363031
116382
365121
115427
361675
111538
358227
115497
363703
117851
366224
113601
358746
113564
358455
113774
358717
115241
358361
116523
361727
113722
359088
110622
358695
113686
359106
116431
364632
114517
361741
114180
358881
114584
362770
113804
359125
116715
362878
115985
362781
116643
363162
117787
362608
115142
360836
113400
359421
112953
358840
116486
364672
115588
363030
78707
327835
115198
363563
125805
372069
113679
363321
113968
359003
113479
361710
116295
363481
116331
363906
113920
359137
111988
358579
113660
361565
113467
358077
126741
358851
113232
358411
113837
359162
115050
363278
117247
363105
113622
358101
111047
357363
113694
361390
117740
364925
115572
361888
128284
375613
130930
376219
112999
359094
116984
362157
115489
363802
112130
358168
113427
358582
116146
364601
115208
363016
113204
359144
113459
361697
115609
363395
116445
362778
115566
360384
111418
358771
113192
359681
115925
360845
116116
361974
117129
359828
113333
359669
115992
362886
115994
361825
115430
362738
114256
362360
113204
358698
123913
369002
113854
374859
115624
363021
116287
363410
114868
362947
112784
358812
115040
363126
113908
358638
113664
362057
114890
360867
113262
359226
113444
361952
116321
362554
113267
358802
123808
370935
129151
374051
117412
362619
113541
361801
114248
359325
115011
363313
113613
362068
116907
363001
113157
359155
112032
357787
113170
358542
116986
365530
115615
362845
113455
358718
115091
363323
113451
359044
115772
363112
129756
376763
110341
358607
116207
363274
116567
364785
130024
377967
113624
358275
117243
363376
113414
360663
124940
369114
116782
364244
116390
363482
114953
363025
125639
371237
115282
363509
114047
358393
117137
363740
116132
363875
112339
358235
113828
358904
113324
359002
115880
362736
98661
345014
77531
325876
115643
362947
116317
362238
114637
359864
112260
358609
115407
362150
117137
363385
112695
357748
113673
358641
121313
369869
113981
362330
116821
362793
117853
362928
111297
356504
114281
363033
117362
362498
115947
360640
125678
371197
114499
363142
115251
363612
123294
368258
114818
362731
111405
358942
113214
358961
116770
364883
115023
363075
113656
361598
113856
362362
115363
381078
112260
359179
114227
361747
114831
363409
114942
363117
114441
359451
113848
359167
113626
361566
116130
360652
129396
375862
112598
359134
130751
378471
113703
358668
131198
379308
114075
358734
114602
362491
117044
364950
116128
362448
116025
363185
112308
359492
113904
359168
117661
363022
113267
358793
114110
359560
113591
358804
113470
360126
116632
362583
115948
362602
111548
358418
115403
362775
145502
392076
113832
358623
113663
359134
113711
362161
113670
358833
117287
362988
115070
363518
124331
369858
114934
374641
116716
362740
112930
358281
113754
359005
114751
362398
114845
363147
116957
365279
113896
362395
115964
363424
113473
358190
116742
361872
112516
360120
113799
358586
123994
369056
115384
363099
112387
359614
113124
358958
115832
362142
113201
358518
115908
363470
114405
358970
113834
358986
116931
363441
112985
358939
112392
358622
113262
359309
127816
376062
115497
362555
115807
363550
113563
358461
116623
360897
117085
363435
115112
363590
111501
357257
129990
376080
117427
362718
113189
359429
114475
360418
126245
370557
116079
364039
116552
362977
112482
358471
112110
358858
115701
363327
114956
359914
113359
358697
115566
363518
115170
360391
113815
362725
116794
361977
113280
358580
144627
393248
113890
359077
116462
362936
115407
363028
121586
369380
129712
376723
114790
363615
116270
362761
114687
359370
115920
363062
113490
358050
115233
363649
113658
358388
113376
360488
117290
363908
125227
370562
112137
358206
112969
360965
113269
361600
118717
367304
113195
358541
113457
358927
126003
370941
118268
366938
114414
359547
110376
358370
115905
363169
117946
362887
113558
360309
113767
377816
114073
359694
113385
358668
115715
363033
121145
368679
111666
356591
114781
362428
116972
364954
115101
363694
129657
377277
115199
362444
113124
358576
116966
361841
129669
375857
116594
363735
114132
358912
116199
363179
114522
360902
115434
363282
115802
360917
120446
364921
116630
363053
113907
359451
114496
359284
113020
358394
116112
362991
114292
360590
113990
361992
116571
364775
116040
360976
134774
381484
114121
358815
114282
361457
113651
361999
113528
359690
115944
363815
113512
362306
116409
362131
113936
373830
112881
360343
113346
359378
117405
362211
113158
357781
115216
363667
113221
358647
113260
358677
116232
363333
113172
358455
120982
365852
115223
362741
116698
363165
123366
371311
120787
369506
114940
362924
115128
363194
117000
363068
114390
361415
110703
357133
120469
365182
116519
379755
113283
358937
112708
358696
121267
367297
121432
366797
116788
363976
114255
362630
116474
363452
115571
360869
116686
363355
116040
360828
116446
363760
116375
362442
128228
375867
112383
358391
113550
358869
113715
359219
114732
363348
114828
363242
115119
363799
114179
362029
117214
362309
113522
358649
116103
363575
114678
362590
117087
363315
113184
358862
113837
359136
128152
375323
115013
363467
134168
381998
121501
366060
112545
358735
113677
358743
116806
362934
113928
360577
115245
362487
116271
362620
116343
372557
116397
360991
115778
363050
111340
356856
115205
362964
116858
362294
125372
371015
114853
362882
113710
359348
114263
359676
116261
361680
113691
358762
124802
370828
122133
367676
115497
361785
115072
362994
113902
359197
121213
367178
113331
361197
112240
358822
116173
363478
113570
377472
114776
362897
113126
358411
113972
361852
113927
361495
115945
363677
84265
334038
120098
368104
116355
364578
118240
365914
114318
358997
113192
358827
113594
361745
127660
374292
116045
362411
113035
358348
113110
361213
113826
362572
116771
362752
115923
364312
120898
366819
123380
368800
115164
363061
118284
363241
113460
357938
113376
359186
77287
326401
116694
362655
114528
359337
112801
358397
133265
381131
115970
365578
112786
359613
121543
367382
111639
358277
112721
357815
116514
360953
113536
358783
121829
370242
117672
363545
113230
358805
116451
363778
116047
362715
115413
363330
113217
358858
114989
363481
114322
362990
113778
362232
117118
363356
113625
359390
111384
359113
122675
371129
118386
364103
113873
362091
123491
370725
115297
362962
116038
362886
116532
362747
115436
362295
112394
358440
112992
359107
117638
365681
113539
358874
116297
361105
113388
361358
113453
358371
116902
363979
114227
359469
126966
358925
113284
359619
117342
361787
115164
362629
126501
372332
122970
369833
113816
359259
117841
363625
114308
363287
115770
364268
113650
358891
117613
364754
114274
361760
116101
363437
111433
356468
116070
363231
113309
360783
113292
358689
114031
362652
113476
358793
114070
360267
134663
381838
115816
360354
119756
365249
113923
359278
111600
358204
113630
358312
120527
365111
113340
359026
115817
371812
113571
358644
112711
359601
122087
367807
112361
358519
111704
359428
113070
358825
117724
363414
116301
362075
115972
362767
113290
358848
115940
364046
116478
362908
113748
361441
110975
359685
113896
359931
116591
364739
113987
362189
116091
363038
113765
361812
113978
362759
115816
377014
113804
359302
120464
366907
115390
363193
116194
364518
113665
361343
116104
363172
113657
359552
115423
363793
140376
370851
113040
358658
116116
363416
113068
358400
127270
372240
113792
362028
113526
358796
117017
364841
113995
361881
112615
359117
112862
358524
113894
358801
116492
363120
115168
362257
128170
372614
113416
359169
117012
363337
114751
362582
111783
358647
113734
361592
117290
361654
138210
367193
113508
359491
114397
362900
112904
359628
116382
363717
122368
367654
111922
359515
113406
358717
116748
371649
115132
362398
117564
362824
114305
361902
114101
362088
116912
362661
115283
363443
117091
364367
116621
362632
116555
362468
112914
358921
114189
359426
117865
364436
119797
366970
117121
363535
113780
358767
114667
363075
114835
362786
116051
363955
113105
359525
115968
363095
115978
375426
122152
367051
111688
357120
115116
361872
116285
362812
113800
359035
114490
362184
114466
362689
113079
359334
127489
358862
112740
358329
125640
370853
114685
362621
126012
370651
116191
363137
114039
359985
113966
358949
113482
358746
117020
363937
113319
360819
112594
358997
115674
363363
117552
362650
117062
364930
113529
358908
116120
363205
113401
358518
116668
362575
113491
361578
111561
358044
130000
358548
116719
364945
116141
363263
113237
358908
113158
361520
114984
363348
79266
326192
89656
338622
116293
369867
115433
363433
114532
360426
112961
359446
115190
363097
113698
359204
114028
362174
115440
361573
116044
363850
116037
363321
113757
359888
116100
363096
113754
358997
121930
366817
118221
363239
77500
324578
110942
358497
113467
358975
117716
364409
113524
358996
116123
363923
113042
375272
115355
363282
116613
362740
116091
362332
112300
359837
113676
362235
118115
362783
113677
358416
116031
361009
132154
362837
112974
358342
117564
363597
115707
363423
125014
371571
114866
363411
116562
364987
113867
361357
115647
362726
114774
363240
113577
358774
116857
362502
115895
361413
111544
359048
113894
361513
115505
363886
113459
359552
113434
358162
119437
364828
125427
371153
116521
362044
135136
362990
114158
364920
114503
359431
116007
362293
113261
358700
115177
362806
127658
373630
112992
358647
111586
359374
113825
359145
113477
358662
116128
362679
113307
358705
114920
362299
114585
360528
116817
363753
116977
363389
112431
360354
113041
358977
130601
375657
113472
361361
122127
367058
113506
359064
115757
363001
117179
363274
114544
363007
112122
357026
113557
361416
117247
364920
115952
373997
113318
359822
119159
364542
115132
360606
116075
363333
113340
359028
111914
356867
115084
362103
116040
360835
124467
357004
113144
358917
117378
363633
113850
359187
125432
371527
115481
362959
116072
363141
115822
363440
116558
364011
113789
358792
114745
362450
116067
362802
113000
359014
112267
359378
115587
362569
115050
363078
115236
362378
115279
362719
115024
362698
113696
358678
116812
363514
136028
363231
111285
357269
115139
362344
117921
364403
113351
358639
113299
359182
116277
364342
113530
359125
116497
371654
112809
361853
112245
358313
115444
363732
117212
362031
113188
358571
113586
358444
114964
362848
113102
359288
116683
362616
113210
359109
111847
359168
113198
361167
120940
365534
114088
359347
113557
358582
116777
363784
113154
359190
115514
363420
113738
361960
115945
363961
113062
374305
116211
362982
116090
363580
114864
363044
116961
363664
113013
361297
112154
359224
113395
358578
116294
362131
125892
358870
113970
361897
115092
363219
113574
359020
123465
370938
114157
358991
111996
358776
116380
364069
115163
361428
116138
362940
113437
361614
114814
362531
114615
363296
116304
364567
114265
358915
111660
357913
115754
363766
117132
363009
113385
358955
116082
364937
114193
360936
133071
359230
116270
363212
116381
362688
111895
356781
115486
363239
115387
361969
113866
358680
114447
360768
114357
368661
120640
366958
116313
362688
112998
358226
116286
363440
113218
358789
116373
361381
112977
358483
113375
361973
114650
359910
113609
362031
78693
326114
113663
359075
116806
361904
115034
362787
114288
359431
113497
358807
112500
360715
120364
365316
120536
366528
110637
358493
115770
684523
117751
363040
113676
358323
114213
360504
112852
358644
113967
361881
117507
363888
114921
359468
111642
357055
130092
362807
117191
362268
114008
360396
115036
363189
123317
370377
113776
359057
127502
374662
115561
363773
111551
358683
113846
361746
123801
371448
114291
359497
113027
359323
113803
358473
115977
362051
113464
360642
115906
362817
116263
363737
116682
363067
116346
364831
114861
360884
133907
360898
113933
358711
116404
363174
126747
371111
112957
358404
113936
358807
113742
358716
115663
363897
113264
369287
116063
364480
116805
363028
113878
358644
112057
357588
115422
362981
113586
362027
114993
363768
113133
359561
114081
362662
113143
361248
116127
363386
113140
358709
117635
362424
116555
364458
117784
365582
114137
359282
115454
359885
116212
362924
113197
358758
116448
361807
113390
374472
126328
371135
115212
363718
116524
362594
113505
359627
113452
358725
116029
363158
121297
366588
116406
362807
127577
361967
112036
361031
113844
359362
115589
360953
123209
367721
113164
358613
115701
362822
115617
362710
116638
362871
113188
359787
116243
363625
113700
358572
114735
362993
114562
362365
114302
362744
117134
364101
112872
357920
112286
358730
114008
358996
122091
366715
113635
359263
135066
361415
115059
363046
116552
364971
116580
363040
118352
363348
111881
358807
114738
363287
119070
367039
113212
368362
116555
363389
112742
358600
113629
362492
116942
362332
125582
370830
112006
358231
114961
362563
116668
365175
113283
360422
117145
364888
123426
367731
114584
362552
118419
366759
117376
362705
111814
358292
113580
358892
116033
362024
114179
359124
113372
358723
113757
362405
113055
373681
116317
361969
115987
363945
115887
363561
114785
363128
114530
358754
113967
362739
113854
363051
118241
364758
133542
365008
112786
358691
114879
363365
113764
358608
129311
374886
115892
362834
113395
358601
113869
361259
117454
361917
113419
361751
112265
358173
113752
359011
117973
362808
115188
363253
113712
359927
116127
362983
113655
359715
118249
364224
127358
375238
132248
379325
116357
363238
132451
360749
113056
358615
115975
362912
113087
358539
113711
359313
116331
363448
112539
358819
111798
359623
113935
367043
115942
361099
124012
370883
115667
362994
113963
358571
113244
359100
115185
362520
116104
363494
116088
362879
113635
358893
115201
363292
115215
363305
115595
363050
116729
363125
116101
361371
111872
359462
114288
358800
113956
361961
115721
362956
113706
358440
113729
358700
116191
374653
116359
363934
113529
358923
112213
357700
114849
360670
117514
363238
115195
362808
113460
358749
113505
361962
126433
358454
116812
364136
113833
358563
112538
357538
121293
365834
116886
361560
113477
358361
115448
359690
114771
359610
115941
363199
115383
362196
117328
362138
112398
357732
113394
358657
114284
358911
115035
361156
113523
359245
114232
363098
114620
363020
116688
362718
113709
359737
131748
358718
115207
361398
116101
363620
116565
365164
126803
372748
129545
375835
113434
360816
83693
332584
113262
369153
115063
363139
114756
362833
115856
363354
113236
358934
112798
358262
116345
362703
128917
384712
113089
360500
114532
362323
115037
363438
115411
362913
121738
366948
116219
363186
112436
360800
116818
363586
117458
362397
125319
370732
114642
360910
117127
361482
113484
358781
113900
371264
113887
358870
116107
363577
116799
362634
114091
361871
111138
356690
115140
362635
127819
387358
114956
363001
127242
358980
113527
358338
113705
358892
116836
362847
121028
367277
111939
356518
116561
361493
115144
362782
115286
363101
112753
358859
113617
360649
114827
362636
115030
360098
113185
358588
117544
363011
113697
358897
115915
363183
113241
358762
115757
364097
116317
363321
115639
362082
133392
362593
120188
367368
117992
363576
113807
362153
116582
364913
113064
361355
113767
358993
118619
364937
113409
364782
112737
360362
113869
359074
112713
359530
115016
363087
114753
362242
113900
361865
116902
362568
116572
362448
113498
358640
111792
356961
113348
358655
117362
362260
116738
363471
115931
363701
114130
362385
113552
361323
116988
364174
114863
362325
110316
356968
116126
361234
116466
371332
113945
361304
113718
362267
117089
363534
115653
362307
115754
362445
112719
358561
116215
362798
115506
364043
127111
362214
113648
358792
115788
362828
116158
364579
121075
366027
112303
358020
113449
361676
118074
363487
114403
363160
115505
362605
122179
369187
115262
362585
116885
362808
115818
363792
112345
358706
114979
362419
113238
358171
115033
363794
113807
359337
114576
359351
114887
361733
115459
362973
115964
363244
113251
358114
114790
363332
117848
363090
116206
362956
114826
362978
119195
365843
125710
372280
117570
364343
113701
358750
110786
359180
113681
359074
116095
364534
115104
363205
113205
361080
113517
360888
115952
362841
115249
361401
113230
359251
120680
367404
113529
358480
115904
363081
114013
362476
116029
362899
116230
362690
113269
358712
115910
362388
113831
361067
113997
370674
114970
360790
113559
358598
113398
361955
114577
362575
117268
363640
113801
358623
112245
358765
115022
361437
128547
359710
113660
360289
115964
363359
116409
363487
120452
367503
116889
362512
116074
363658
112298
358677
113482
358997
117213
365724
113523
359803
115107
362398
114779
362932
113327
358365
116893
362650
113060
358761
111864
359509
121584
366628
116814
365226
116262
363570
113409
358845
115220
363093
121954
369638
117207
363529
113446
358792
111851
360215
113713
358636
116180
362694
115689
360648
114701
363357
116837
363150
115870
363080
116322
364251
116067
361284
115973
363232
113868
358771
115964
363971
121589
367650
113544
361336
116758
363202
113751
361106
111442
358447
116036
363005
114475
361230
113517
358668
116158
362558
113917
361960
117538
362566
117191
363625
113588
358831
111984
369440
113728
358524
117116
362544
113306
358440
116363
361612
120096
366347
113960
358995
116546
363318
113330
361162
115606
363151
113902
359109
117088
365456
114879
362357
120326
364879
115171
363922
115012
363795
116518
363070
113884
359159
116574
363165
115381
362060
116245
364411
116432
364282
113032
359224
116602
362697
113682
358514
113078
358972
116375
360964
114230
359326
113552
358510
115183
363579
116047
360438
118830
364185
117576
363792
115000
362778
111807
358008
113350
358266
119748
367251
115881
361781
113812
363556
113399
359562
113189
359091
116132
363730
113502
358969
125571
371599
115746
361394
117778
363011
113284
358253
113258
358628
113651
358455
114440
359372
116435
363561
114710
361682
117156
364585
116193
362608
116853
362136
113024
358607
115303
363756
117797
365987
113201
358905
116198
369432
112902
359423
111701
356464
123447
371042
115996
362459
113074
358777
114036
359162
116723
363087
114914
362053
115230
362511
112886
357573
116150
363159
112946
360918
119080
363911
115810
362661
113523
358793
123483
367775
114790
362531
113116
359809
113751
361865
114668
362418
113984
360274
113242
359112
114058
358932
113728
358816
124528
372118
113780
358648
111872
356997
114837
363303
112831
361294
116867
363155
125537
370685
116632
361794
113707
358588
115315
361246
115849
362860
112188
357385
118277
362655
116862
362632
113965
358944
115557
363656
113666
361671
113955
362467
116576
362682
116666
363041
112221
357898
113588
359900
115940
363064
113998
362079
116208
364525
113470
358855
113841
358884
114572
361817
113433
361771
114324
359676
113261
358919
116098
363517
112735
358694
113420
358700
116662
367951
124606
369976
110897
358160
113394
358434
113934
362631
113599
361605
114662
359453
113895
359066
113485
358525
117282
364405
113204
360929
111853
358681
113199
358771
118898
366562
113541
361798
115161
361567
113313
358482
113384
361267
116895
362894
113382
358982
112055
358553
116318
363500
117021
365887
113758
361245
114718
362638
116177
362853
112982
358428
117165
362859
113681
358630
112082
358150
112224
359138
116318
362375
115466
362984
113048
361094
114163
359987
115050
363420
117222
363146
117986
362622
111417
363682
113374
359002
116230
362804
113592
358582
113425
361955
116870
362564
113914
359257
124095
378449
113654
358962
115788
363308
113533
362149
114520
359849
124168
370028
114670
361306
117472
362803
113402
358534
112031
358368
113417
361392
113329
358489
113144
358665
113737
361770
116348
368162
113535
358414
116964
362898
119499
367785
112023
359174
113270
358720
117454
362754
114703
362379
117022
363211
124585
371232
114433
358982
116640
362708
113412
359078
121647
366889
115176
360222
116558
362205
113342
360262
120830
365136
118572
364975
112884
358547
134691
379340
113940
359398
111748
358235
116642
363333
116405
364993
115445
362691
114733
362452
112620
360097
115908
362517
115791
362623
117260
363500
115414
362532
114274
362455
114222
362124
115210
360656
113165
361161
116171
363360
117060
362254
111859
362242
114913
363398
112725
358798
113997
359028
114806
363332
117304
362251
113586
358898
116529
363203
113682
359204
111980
358982
113568
361719
117199
365442
113504
358436
114135
358641
113810
359077
114952
362576
116234
363259
115682
363905
112544
360572
113586
359380
129375
375328
113709
367606
116090
363267
114372
362296
113705
359013
116316
363539
115470
362534
111299
357055
113404
358388
115194
360088
116564
362857
113911
358699
113629
361215
115187
363049
117786
366507
113724
359041
113895
359484
115991
363755
115840
362234
114002
358511
115840
363738
137731
383984
113276
359885
112751
359062
114128
361979
113845
362348
113447
358572
114010
359372
113994
362139
113249
359108
116778
362182
115888
362917
112115
358398
115798
364087
117506
365811
114363
358975
113591
358078
113550
359477
116247
361085
116156
362805
114880
362542
111626
358331
115247
362036
116392
362359
114194
362050
112911
358472
116062
365061
115582
364350
116789
362565
116362
364715
110649
357970
113141
360452
116978
361925
116355
363936
124705
371883
125273
370631
113486
358876
112381
359236
114714
361915
128193
375742
114998
366972
116125
364514
113668
362207
124238
370308
117634
363951
112959
358759
113024
358712
115922
362573
113583
359620
116722
363720
113209
358866
113872
359202
113592
361527
116578
362624
113751
361931
111053
357354
113456
358583
113357
360190
116227
364384
116609
364865
112734
359443
115081
360379
115929
361721
116165
362498
112430
359029
115801
362900
117035
365555
114055
362642
114985
360880
115759
362398
116730
364262
116838
361737
112883
360265
121344
366436
113260
361364
117043
362467
114770
361682
118752
363276
114081
362970
115627
363109
117181
363240
113223
358754
114591
362831
115095
360488
116123
363952
115941
378143
112940
358088
116633
364744
114216
363083
81365
329244
113877
361669
113823
359161
113043
358904
118817
366957
113439
361358
113588
358722
116836
362787
120168
364575
110363
358500
113762
366634
120257
367560
115445
363097
113695
358561
114448
362582
113351
358602
116200
362317
114029
358748
112229
358853
115951
362760
117174
365867
114570
359712
113151
358772
117732
363085
116278
362999
117059
362953
126466
371080
112229
357179
113850
362646
116413
364884
113993
361714
113464
359961
115112
362774
115879
363226
116230
363507
113293
358838
115967
363261
113926
360827
115907
362771
116286
362757
82635
330094
117198
364132
115677
360736
113225
359425
115748
364003
115962
363545
113972
361994
115914
359266
113056
362631
116159
363882
116640
363732
113307
358906
112895
358508
115350
363117
114899
362975
115956
362972
113707
359140
114008
361957
113374
358428
397583
641845
115827
363115
113422
359367
114157
358998
118497
366969
112942
358142
114100
358746
114247
362768
114662
361808
127145
371451
113406
365826
121052
367608
115497
363152
116700
365010
115547
360474
113788
362085
113148
361176
113944
358424
116292
363808
113976
358785
111819
358359
115159
362864
114749
359667
115144
362870
115477
363047
113637
359464
114481
359278
115788
361290
115579
363063
115814
363544
132720
380724
116370
363910
113302
358846
114215
359065
117564
362663
113557
359735
111448
358894
113174
358757
112979
357611
116184
360804
115501
363448
113562
358560
113111
357694
116470
362671
113784
360361
112352
358487
114054
362440
119541
365432
113281
361092
115362
362870
115090
362668
113387
358715
116671
362451
114026
362381
111565
358539
115447
361967
116494
364997
114547
362492
112805
358171
116145
362932
113500
361445
116524
363437
114083
358766
112017
358297
116111
364552
115218
360268
122025
369145
116331
363475
127450
375428
114952
365503
116566
362080
113652
358567
116097
363150
113436
358598
115836
363773
123734
370477
113141
358772
116452
363324
112942
358717
112094
359219
113683
359937
119946
367210
115845
363587
113784
361717
113485
358787
114544
358747
116683
364464
114781
363531
111817
358690
132278
379849
117558
363198
120875
367834
113989
359194
112760
357650
113130
361266
116869
363026
123276
371576
125085
372945
115268
363594
113910
359151
115511
362742
114027
358630
115838
363141
115414
364045
116506
362757
112972
358403
117168
363086
113289
360863
116660
362385
113096
359381
113578
358651
113845
358880
116799
364004
116971
362712
112965
358534
120639
365325
114156
362494
115227
363379
112741
359175
113851
362271
113847
360601
113501
358700
111767
359646
115904
362992
115866
362808
115026
362135
115348
363455
126764
371771
113825
365106
115997
360717
113154
358894
113080
357833
112773
358647
122297
366798
113445
358958
113754
359100
114010
359324
118126
362990
117202
363203
113151
357893
111701
357139
115155
361630
117713
362377
115018
360607
131351
378065
114718
362791
114959
362639
117017
363097
132382
379742
112202
356927
114074
360955
116169
360943
113402
359367
112890
358822
112983
358857
113534
359751
117125
361798
113629
361851
113488
359376
114166
362100
116255
362750
114090
358929
113066
358822
117450
363738
113292
358589
119728
366186
112935
360955
116006
363191
114540
361846
114831
359752
114595
363354
113404
360860
117592
363550
115047
360837
111453
358515
113737
358725
113482
358479
113722
362067
117131
362943
114028
359210
113500
358988
116519
363723
115783
362764
112111
358091
113074
358025
117420
364966
127194
371997
115741
365181
113320
360167
113720
359934
117685
363871
114488
359340
121416
367262
114106
358741
116724
381497
113079
361855
113304
359218
113731
361132
113799
358811
127897
373530
114298
363022
115315
360043
112931
359495
116647
363403
113134
358676
113622
361401
117373
364976
130227
375287
111688
359395
114948
363067
115499
362915
113602
359062
120450
366567
112648
358347
113251
358821
117357
363451
114796
359472
116674
364020
113460
358552
113306
362052
114108
358945
123675
371589
113738
358547
113361
362448
118594
363608
115077
362874
110891
358392
113654
359500
117491
362927
114199
359095
117285
362402
114005
362684
116233
363217
117067
362276
114221
362594
112580
358884
82899
332519
116743
361646
115334
362742
115709
362700
115214
363225
113470
358713
118522
362799
113441
362053
112231
360564
129442
377196
116331
363281
113366
358324
116852
364207
113226
360582
114790
360184
116660
364885
147575
393900
122261
381526
114798
362213
114632
362600
123339
369292
115895
363777
116487
362540
115132
362708
111582
359356
113571
360890
121111
367332
115996
364029
114988
362607
114292
359228
130315
377713
116457
362663
113189
361260
112047
358332
114810
362371
117117
362570
114487
362792
112868
358450
112972
359092
114667
362915
117050
365057
113255
358775
121812
368564
113277
361314
116896
361794
115395
362864
113683
358755
135567
380469
116041
364223
116963
363180
115102
361301
111622
356930
113274
358708
116311
364595
118467
363124
121649
374154
114862
361387
115807
363557
116223
363076
114559
359687
125672
371060
115375
362890
115079
359604
113538
358672
116478
364282
116067
363597
114469
361808
112017
359248
125987
373550
113432
362845
113659
361945
113431
358782
123480
368765
115767
363348
116807
364094
113029
358503
111700
359101
113375
358689
118356
366189
115108
362671
113955
358907
116338
361526
116438
364889
126561
371599
113631
361236
128191
375847
113695
361640
121931
369164
115484
363499
129647
376172
112868
358847
113920
359217
116544
363643
113404
362405
111979
360447
115741
363017
116433
362707
114151
359203
113511
358761
119712
367481
123849
369122
115794
361689
114061
361805
116364
363462
113532
362028
116165
361063
117942
363738
116623
364042
116605
364308
115108
363545
116124
362646
113454
358724
113941
359115
112894
358695
116038
374655
114610
360367
112996
358657
116416
362863
115124
363601
111668
357666
113773
358918
119254
367227
113992
362487
115094
360027
114287
359448
112801
361142
116241
363393
113366
358972
122934
371171
113474
361447
117444
362417
113770
362430
114624
363141
113668
359115
112598
358584
116683
379642
115645
362788
115912
363774
113547
362167
120240
366335
113839
358849
114430
359366
113996
361591
113485
360259
113285
358559
113732
358911
116806
364123
113070
358732
129501
376503
124727
370918
113672
359060
112428
358666
113213
357815
127251
375527
113532
361584
116257
363258
115377
362196
115904
362672
111250
356661
115118
363429
117528
363460
112724
358124
110796
358190
116292
364093
117938
365302
135553
381228
116264
364297
113151
357929
112895
358590
116779
362967
115267
362885
112075
358269
113345
358352
117460
372853
113358
359464
115485
363191
113631
358885
116064
360945
116699
364059
113763
359242
111709
356851
113207
359234
116587
362073
113448
359018
113289
360042
114595
361821
113684
359900
116858
362351
114635
361069
111977
360403
112790
357822
115033
363272
115113
360796
115397
362260
121065
379292
77981
326522
115078
362838
113670
361774
115846
363357
113180
359008
116447
363759
115855
362624
116077
362040
129894
377619
122658
368774
120597
367059
113637
358713
128204
373900
116692
363047
113252
359613
114384
358976
114968
360943
117434
364715
113710
358533
123774
371788
116147
363921
117195
363507
117245
365111
115352
360088
114047
358982
116792
362905
117136
363705
115583
360797
112101
358787
130533
377215
117049
365379
114991
363388
116467
362979
113566
360458
114614
363551
116558
363481
113908
361703
116346
363545
113773
359228
116404
365103
116608
363705
113825
360381
113072
358411
113781
359875
112872
359943
113588
358619
115342
363131
112934
359327
114830
363472
124835
371268
123098
371282
116877
361907
113257
358836
111955
358799
113145
359474
118328
363793
114121
359257
116158
362842
115077
377551
120165
365962
112641
360135
113118
358594
111864
358782
121129
366355
118572
363428
113155
359218
114420
359273
127385
374657
123923
371815
119448
366887
113596
359141
110847
359435
113712
358771
116967
364747
118093
364101
124632
372703
120602
366758
116243
364742
116845
363026
113171
358953
116796
364734
113615
359145
116503
364438
113670
358328
114727
362933
114585
361319
116159
364338
116668
363431
134821
380839
116071
363014
116337
362625
115519
362442
114179
362265
116048
362964
117030
362254
113882
362114
112016
372148
115984
363312
114168
358997
116027
363102
116888
363192
114635
362978
115333
363276
116304
362866
114160
358984
122951
367816
125535
373137
117570
363241
115196
362722
121781
366194
115581
360672
115127
362824
116280
363345
114044
362797
110645
357102
116141
362970
117224
365514
113838
358391
114723
360826
116729
363217
120937
369404
117197
363507
113551
359236
121130
367259
113127
358523
116692
363910
130174
378155
113372
358602
113602
359127
114531
359454
127837
375688
115395
362650
116042
363272
114093
359941
114557
359867
113126
358447
113977
358931
118191
363817
115614
363851
124845
373107
113869
358011
114221
359128
113582
361645
113770
361590
115053
362741
115340
363350
116483
362765
137751
383419
112599
358239
113477
359194
112832
358755
126177
372995
116120
363904
113784
358990
114680
362877
116419
370291
113766
361879
117729
362527
113971
360445
118105
363356
113258
358789
115512
362690
114053
362578
121392
368751
116398
361310
113305
358642
111893
358192
115030
362928
120433
366782
125127
371136
113770
358638
113674
358785
112968
358740
115828
363043
113176
361287
121122
369099
113274
377514
114762
360634
116345
362476
115215
362180
113909
361268
113618
358964
116311
362003
113942
359526
114242
362946
126408
359041
115018
360132
113440
359183
113017
358919
127531
372712
126281
371731
112621
360621
113835
361657
121781
366796
115847
363295
115177
362479
122014
368562
113025
358194
117017
362808
