cpu  970541 40531 1553496 544243168 119252 0 3548896 0 0 0
cpu0 123822 9825 213038 136379593 32313 0 845083 0 0 0
cpu1 543780 11232 840030 135076650 24660 0 984986 0 0 0
cpu2 154894 4139 261771 136397955 32295 0 874153 0 0 0
cpu3 148042 15334 238656 136388968 29982 0 844674 0 0 0
intr 12717441964 0 0 2801480 81 0 789306 37589679 0 0 0 9774594 0 0 0 0 0 0 0 0 0 0 0 0 0 0 0 0 0 0 0 0 0 0 0 0 0 0 0 0 0 0 0 0 0 0 0 0 0 0 0 0 3030303087 0 0 0 0 0 0 0 0 964204 0 482087 0 0 0 0 0 0 0 0 0 0 0 809293552 1 0 0 0 0 0 0 0 0 0 0 0 0 0 0 0 0 0 0 0 0 0 0 474322 4219 0 0 0 0 20721774 0 0 0 0 0 0 0 0 0 0 0 0 0 0 0 0 0 0 0 0 0 0 0 0 0 0 0 0 0 0 0 0 0 0 0 0 0 0 0 0 0 0 0 0 0 0 0 0 0 0 0 0 0 0 0 0 0 0 0 0 0 0 0 0 0 0 0 0 0 0 0 0 0 0 0 214308989 0 0 0
ctxt 450783454
btime 1669654930
processes 589111
procs_running 3
procs_blocked 0
softirq 1176705065 829377749 34072605 783754 93691442 481998 0 142979601 45926331 1039 29390546

cpu  970545 40531 1553509 544243347 119252 0 3548896 0 0 0
cpu0 123824 9825 213040 136379639 32313 0 845083 0 0 0
cpu1 543782 11232 840033 135076695 24660 0 984986 0 0 0
cpu2 154895 4139 261775 136398000 32295 0 874153 0 0 0
cpu3 148043 15334 238660 136389012 29982 0 844674 0 0 0
intr 12717447745 0 0 2801486 81 0 789320 37589747 0 0 0 9774599 0 0 0 0 0 0 0 0 0 0 0 0 0 0 0 0 0 0 0 0 0 0 0 0 0 0 0 0 0 0 0 0 0 0 0 0 0 0 0 0 3030307121 0 0 0 0 0 0 0 0 964205 0 482087 0 0 0 0 0 0 0 0 0 0 0 809293706 1 0 0 0 0 0 0 0 0 0 0 0 0 0 0 0 0 0 0 0 0 0 0 474322 4219 0 0 0 0 20721808 0 0 0 0 0 0 0 0 0 0 0 0 0 0 0 0 0 0 0 0 0 0 0 0 0 0 0 0 0 0 0 0 0 0 0 0 0 0 0 0 0 0 0 0 0 0 0 0 0 0 0 0 0 0 0 0 0 0 0 0 0 0 0 0 0 0 0 0 0 0 0 0 0 0 0 214310451 0 0 0
ctxt 450786374
btime 1669654930
processes 589122
procs_running 1
procs_blocked 0
softirq 1176705285 829377757 34072635 783754 93691445 481998 0 142979631 45926418 1039 29390608

cpu  970546 40531 1553513 544243534 119252 0 3548896 0 0 0
cpu0 123824 9825 213040 136379688 32313 0 845083 0 0 0
cpu1 543782 11232 840035 135076741 24660 0 984986 0 0 0
cpu2 154895 4139 261776 136398046 32295 0 874153 0 0 0
cpu3 148044 15334 238661 136389058 29982 0 844674 0 0 0
intr 12717453322 0 0 2801490 81 0 789320 37589766 0 0 0 9774604 0 0 0 0 0 0 0 0 0 0 0 0 0 0 0 0 0 0 0 0 0 0 0 0 0 0 0 0 0 0 0 0 0 0 0 0 0 0 0 0 3030311115 0 0 0 0 0 0 0 0 964206 0 482087 0 0 0 0 0 0 0 0 0 0 0 809293834 1 0 0 0 0 0 0 0 0 0 0 0 0 0 0 0 0 0 0 0 0 0 0 474322 4219 0 0 0 0 20721823 0 0 0 0 0 0 0 0 0 0 0 0 0 0 0 0 0 0 0 0 0 0 0 0 0 0 0 0 0 0 0 0 0 0 0 0 0 0 0 0 0 0 0 0 0 0 0 0 0 0 0 0 0 0 0 0 0 0 0 0 0 0 0 0 0 0 0 0 0 0 0 0 0 0 0 214311863 0 0 0
ctxt 450789152
btime 1669654930
processes 589122
procs_running 2
procs_blocked 0
softirq 1176705373 829377757 34072653 783755 93691446 481998 0 142979644 45926456 1039 29390625

cpu  970548 40531 1553520 544243721 119252 0 3548896 0 0 0
cpu0 123825 9825 213041 136379737 32313 0 845083 0 0 0
cpu1 543782 11232 840039 135076786 24660 0 984986 0 0 0
cpu2 154896 4139 261777 136398092 32295 0 874153 0 0 0
cpu3 148044 15334 238662 136389104 29982 0 844674 0 0 0
intr 12717458983 0 0 2801495 81 0 789320 37589795 0 0 0 9774609 0 0 0 0 0 0 0 0 0 0 0 0 0 0 0 0 0 0 0 0 0 0 0 0 0 0 0 0 0 0 0 0 0 0 0 0 0 0 0 0 3030315140 0 0 0 0 0 0 0 0 964207 0 482087 0 0 0 0 0 0 0 0 0 0 0 809293985 1 0 0 0 0 0 0 0 0 0 0 0 0 0 0 0 0 0 0 0 0 0 0 474322 4219 0 0 0 0 20721845 0 0 0 0 0 0 0 0 0 0 0 0 0 0 0 0 0 0 0 0 0 0 0 0 0 0 0 0 0 0 0 0 0 0 0 0 0 0 0 0 0 0 0 0 0 0 0 0 0 0 0 0 0 0 0 0 0 0 0 0 0 0 0 0 0 0 0 0 0 0 0 0 0 0 0 214313287 0 0 0
ctxt 450791985
btime 1669654930
processes 589122
procs_running 2
procs_blocked 0
softirq 1176705486 829377765 34072675 783755 93691448 481998 0 142979664 45926503 1039 29390639

cpu  970549 40531 1553526 544243908 119252 0 3548896 0 0 0
cpu0 123825 9825 213041 136379786 32313 0 845083 0 0 0
cpu1 543782 11232 840041 135076832 24660 0 984986 0 0 0
cpu2 154896 4139 261779 136398138 32295 0 874153 0 0 0
cpu3 148044 15334 238664 136389150 29982 0 844674 0 0 0
intr 12717464624 0 0 2801503 81 0 789320 37589839 0 0 0 9774614 0 0 0 0 0 0 0 0 0 0 0 0 0 0 0 0 0 0 0 0 0 0 0 0 0 0 0 0 0 0 0 0 0 0 0 0 0 0 0 0 3030319141 0 0 0 0 0 0 0 0 964208 0 482087 0 0 0 0 0 0 0 0 0 0 0 809294114 1 0 0 0 0 0 0 0 0 0 0 0 0 0 0 0 0 0 0 0 0 0 0 474322 4219 0 0 0 0 20721877 0 0 0 0 0 0 0 0 0 0 0 0 0 0 0 0 0 0 0 0 0 0 0 0 0 0 0 0 0 0 0 0 0 0 0 0 0 0 0 0 0 0 0 0 0 0 0 0 0 0 0 0 0 0 0 0 0 0 0 0 0 0 0 0 0 0 0 0 0 0 0 0 0 0 0 214314707 0 0 0
ctxt 450794821
btime 1669654930
processes 589122
procs_running 2
procs_blocked 0
softirq 1176705592 829377765 34072695 783755 93691451 481998 0 142979691 45926544 1039 29390654

cpu  970550 40531 1553530 544244094 119252 0 3548896 0 0 0
cpu0 123826 9825 213041 136379835 32313 0 845083 0 0 0
cpu1 543783 11232 840043 135076878 24660 0 984986 0 0 0
cpu2 154897 4139 261780 136398184 32295 0 874153 0 0 0
cpu3 148044 15334 238665 136389195 29982 0 844674 0 0 0
intr 12717470295 0 0 2801509 81 0 789320 37589878 0 0 0 9774619 0 0 0 0 0 0 0 0 0 0 0 0 0 0 0 0 0 0 0 0 0 0 0 0 0 0 0 0 0 0 0 0 0 0 0 0 0 0 0 0 3030323168 0 0 0 0 0 0 0 0 964209 0 482087 0 0 0 0 0 0 0 0 0 0 0 809294268 1 0 0 0 0 0 0 0 0 0 0 0 0 0 0 0 0 0 0 0 0 0 0 474322 4219 0 0 0 0 20721899 0 0 0 0 0 0 0 0 0 0 0 0 0 0 0 0 0 0 0 0 0 0 0 0 0 0 0 0 0 0 0 0 0 0 0 0 0 0 0 0 0 0 0 0 0 0 0 0 0 0 0 0 0 0 0 0 0 0 0 0 0 0 0 0 0 0 0 0 0 0 0 0 0 0 0 214316123 0 0 0
ctxt 450797656
btime 1669654930
processes 589122
procs_running 1
procs_blocked 0
softirq 1176705692 829377773 34072713 783755 93691453 481998 0 142979712 45926586 1039 29390663

cpu  970554 40531 1553535 544244281 119252 0 3548896 0 0 0
cpu0 123826 9825 213041 136379884 32313 0 845083 0 0 0
cpu1 543784 11232 840044 135076923 24660 0 984986 0 0 0
cpu2 154898 4139 261782 136398230 32295 0 874153 0 0 0
cpu3 148045 15334 238667 136389241 29982 0 844674 0 0 0
intr 12717475867 0 0 2801511 81 0 789320 37589902 0 0 0 9774624 0 0 0 0 0 0 0 0 0 0 0 0 0 0 0 0 0 0 0 0 0 0 0 0 0 0 0 0 0 0 0 0 0 0 0 0 0 0 0 0 3030327162 0 0 0 0 0 0 0 0 964210 0 482087 0 0 0 0 0 0 0 0 0 0 0 809294396 1 0 0 0 0 0 0 0 0 0 0 0 0 0 0 0 0 0 0 0 0 0 0 474322 4219 0 0 0 0 20721914 0 0 0 0 0 0 0 0 0 0 0 0 0 0 0 0 0 0 0 0 0 0 0 0 0 0 0 0 0 0 0 0 0 0 0 0 0 0 0 0 0 0 0 0 0 0 0 0 0 0 0 0 0 0 0 0 0 0 0 0 0 0 0 0 0 0 0 0 0 0 0 0 0 0 0 214317527 0 0 0
ctxt 450800442
btime 1669654930
processes 589122
procs_running 1
procs_blocked 0
softirq 1176705766 829377773 34072727 783755 93691454 481998 0 142979725 45926623 1039 29390672

cpu  970555 40531 1553541 544244467 119252 0 3548897 0 0 0
cpu0 123826 9825 213041 136379933 32313 0 845083 0 0 0
cpu1 543784 11232 840044 135076968 24660 0 984986 0 0 0
cpu2 154898 4139 261785 136398276 32295 0 874153 0 0 0
cpu3 148045 15334 238669 136389287 29982 0 844674 0 0 0
intr 12717481581 0 0 2801516 81 0 789320 37589949 0 0 0 9774629 0 0 0 0 0 0 0 0 0 0 0 0 0 0 0 0 0 0 0 0 0 0 0 0 0 0 0 0 0 0 0 0 0 0 0 0 0 0 0 0 3030331191 0 0 0 0 0 0 0 0 964211 0 482107 0 0 0 0 0 0 0 0 0 0 0 809294550 1 0 0 0 0 0 0 0 0 0 0 0 0 0 0 0 0 0 0 0 0 0 0 474342 4219 0 0 0 0 20721929 0 0 0 0 0 0 0 0 0 0 0 0 0 0 0 0 0 0 0 0 0 0 0 0 0 0 0 0 0 0 0 0 0 0 0 0 0 0 0 0 0 0 0 0 0 0 0 0 0 0 0 0 0 0 0 0 0 0 0 0 0 0 0 0 0 0 0 0 0 0 0 0 0 0 0 214318947 0 0 0
ctxt 450803431
btime 1669654930
processes 589122
procs_running 1
procs_blocked 0
softirq 1176705944 829377781 34072746 783755 93691455 482017 0 142979800 45926668 1039 29390683

cpu  970556 40531 1553546 544244654 119252 0 3548897 0 0 0
cpu0 123827 9825 213041 136379983 32313 0 845083 0 0 0
cpu1 543784 11232 840046 135077014 24660 0 984986 0 0 0
cpu2 154898 4139 261787 136398322 32295 0 874153 0 0 0
cpu3 148046 15334 238671 136389333 29982 0 844674 0 0 0
intr 12717487185 0 0 2801520 81 0 789320 37589979 0 0 0 9774634 0 0 0 0 0 0 0 0 0 0 0 0 0 0 0 0 0 0 0 0 0 0 0 0 0 0 0 0 0 0 0 0 0 0 0 0 0 0 0 0 3030335192 0 0 0 0 0 0 0 0 964212 0 482107 0 0 0 0 0 0 0 0 0 0 0 809294678 1 0 0 0 0 0 0 0 0 0 0 0 0 0 0 0 0 0 0 0 0 0 0 474342 4219 0 0 0 0 20721954 0 0 0 0 0 0 0 0 0 0 0 0 0 0 0 0 0 0 0 0 0 0 0 0 0 0 0 0 0 0 0 0 0 0 0 0 0 0 0 0 0 0 0 0 0 0 0 0 0 0 0 0 0 0 0 0 0 0 0 0 0 0 0 0 0 0 0 0 0 0 0 0 0 0 0 214320355 0 0 0
ctxt 450806244
btime 1669654930
processes 589122
procs_running 2
procs_blocked 0
softirq 1176706026 829377781 34072762 783755 93691457 482018 0 142979820 45926702 1039 29390692

cpu  970558 40531 1553549 544244840 119252 0 3548897 0 0 0
cpu0 123827 9825 213041 136380032 32313 0 845083 0 0 0
cpu1 543785 11232 840046 135077060 24660 0 984986 0 0 0
cpu2 154898 4139 261788 136398368 32295 0 874153 0 0 0
cpu3 148047 15334 238673 136389379 29982 0 844674 0 0 0
intr 12717492820 0 0 2801524 81 0 789320 37590009 0 0 0 9774639 0 0 0 0 0 0 0 0 0 0 0 0 0 0 0 0 0 0 0 0 0 0 0 0 0 0 0 0 0 0 0 0 0 0 0 0 0 0 0 0 3030339213 0 0 0 0 0 0 0 0 964213 0 482107 0 0 0 0 0 0 0 0 0 0 0 809294831 1 0 0 0 0 0 0 0 0 0 0 0 0 0 0 0 0 0 0 0 0 0 0 474342 4219 0 0 0 0 20721969 0 0 0 0 0 0 0 0 0 0 0 0 0 0 0 0 0 0 0 0 0 0 0 0 0 0 0 0 0 0 0 0 0 0 0 0 0 0 0 0 0 0 0 0 0 0 0 0 0 0 0 0 0 0 0 0 0 0 0 0 0 0 0 0 0 0 0 0 0 0 0 0 0 0 0 214321762 0 0 0
ctxt 450809054
btime 1669654930
processes 589122
procs_running 2
procs_blocked 0
softirq 1176706119 829377789 34072779 783755 93691458 482018 0 142979835 45926744 1039 29390702

cpu  970560 40531 1553553 544245027 119252 0 3548897 0 0 0
cpu0 123828 9825 213041 136380081 32313 0 845083 0 0 0
cpu1 543785 11232 840047 135077106 24660 0 984986 0 0 0
cpu2 154899 4139 261789 136398414 32295 0 874153 0 0 0
cpu3 148047 15334 238675 136389425 29982 0 844674 0 0 0
intr 12717498411 0 0 2801528 81 0 789320 37590034 0 0 0 9774644 0 0 0 0 0 0 0 0 0 0 0 0 0 0 0 0 0 0 0 0 0 0 0 0 0 0 0 0 0 0 0 0 0 0 0 0 0 0 0 0 3030343217 0 0 0 0 0 0 0 0 964214 0 482107 0 0 0 0 0 0 0 0 0 0 0 809294960 1 0 0 0 0 0 0 0 0 0 0 0 0 0 0 0 0 0 0 0 0 0 0 474342 4219 0 0 0 0 20721984 0 0 0 0 0 0 0 0 0 0 0 0 0 0 0 0 0 0 0 0 0 0 0 0 0 0 0 0 0 0 0 0 0 0 0 0 0 0 0 0 0 0 0 0 0 0 0 0 0 0 0 0 0 0 0 0 0 0 0 0 0 0 0 0 0 0 0 0 0 0 0 0 0 0 0 214323169 0 0 0
ctxt 450811854
btime 1669654930
processes 589122
procs_running 1
procs_blocked 0
softirq 1176706192 829377789 34072794 783755 93691459 482018 0 142979848 45926777 1039 29390713

cpu  970561 40531 1553557 544245213 119252 0 3548897 0 0 0
cpu0 123828 9825 213041 136380130 32313 0 845083 0 0 0
cpu1 543786 11232 840048 135077151 24660 0 984986 0 0 0
cpu2 154899 4139 261791 136398460 32295 0 874153 0 0 0
cpu3 148047 15334 238677 136389471 29982 0 844674 0 0 0
intr 12717504052 0 0 2801533 81 0 789320 37590064 0 0 0 9774649 0 0 0 0 0 0 0 0 0 0 0 0 0 0 0 0 0 0 0 0 0 0 0 0 0 0 0 0 0 0 0 0 0 0 0 0 0 0 0 0 3030347233 0 0 0 0 0 0 0 0 964215 0 482107 0 0 0 0 0 0 0 0 0 0 0 809295113 1 0 0 0 0 0 0 0 0 0 0 0 0 0 0 0 0 0 0 0 0 0 0 474342 4219 0 0 0 0 20721999 0 0 0 0 0 0 0 0 0 0 0 0 0 0 0 0 0 0 0 0 0 0 0 0 0 0 0 0 0 0 0 0 0 0 0 0 0 0 0 0 0 0 0 0 0 0 0 0 0 0 0 0 0 0 0 0 0 0 0 0 0 0 0 0 0 0 0 0 0 0 0 0 0 0 0 214324586 0 0 0
ctxt 450814669
btime 1669654930
processes 589122
procs_running 1
procs_blocked 0
softirq 1176706294 829377797 34072814 783755 93691460 482018 0 142979862 45926821 1039 29390728

cpu  970562 40531 1553564 544245400 119252 0 3548897 0 0 0
cpu0 123828 9825 213041 136380179 32313 0 845083 0 0 0
cpu1 543786 11232 840050 135077197 24660 0 984986 0 0 0
cpu2 154900 4139 261792 136398506 32295 0 874153 0 0 0
cpu3 148047 15334 238680 136389517 29982 0 844674 0 0 0
intr 12717509648 0 0 2801537 81 0 789320 37590090 0 0 0 9774654 0 0 0 0 0 0 0 0 0 0 0 0 0 0 0 0 0 0 0 0 0 0 0 0 0 0 0 0 0 0 0 0 0 0 0 0 0 0 0 0 3030351237 0 0 0 0 0 0 0 0 964216 0 482107 0 0 0 0 0 0 0 0 0 0 0 809295242 1 0 0 0 0 0 0 0 0 0 0 0 0 0 0 0 0 0 0 0 0 0 0 474342 4219 0 0 0 0 20722014 0 0 0 0 0 0 0 0 0 0 0 0 0 0 0 0 0 0 0 0 0 0 0 0 0 0 0 0 0 0 0 0 0 0 0 0 0 0 0 0 0 0 0 0 0 0 0 0 0 0 0 0 0 0 0 0 0 0 0 0 0 0 0 0 0 0 0 0 0 0 0 0 0 0 0 214325997 0 0 0
ctxt 450817462
btime 1669654930
processes 589122
procs_running 1
procs_blocked 0
softirq 1176706380 829377797 34072831 783756 93691461 482018 0 142979875 45926858 1039 29390745

cpu  970563 40531 1553569 544245587 119252 0 3548897 0 0 0
cpu0 123829 9825 213041 136380228 32313 0 845083 0 0 0
cpu1 543786 11232 840052 135077243 24660 0 984986 0 0 0
cpu2 154900 4139 261794 136398552 32295 0 874153 0 0 0
cpu3 148047 15334 238682 136389563 29982 0 844674 0 0 0
intr 12717515295 0 0 2801541 81 0 789320 37590125 0 0 0 9774659 0 0 0 0 0 0 0 0 0 0 0 0 0 0 0 0 0 0 0 0 0 0 0 0 0 0 0 0 0 0 0 0 0 0 0 0 0 0 0 0 3030355258 0 0 0 0 0 0 0 0 964217 0 482107 0 0 0 0 0 0 0 0 0 0 0 809295396 1 0 0 0 0 0 0 0 0 0 0 0 0 0 0 0 0 0 0 0 0 0 0 474342 4219 0 0 0 0 20722029 0 0 0 0 0 0 0 0 0 0 0 0 0 0 0 0 0 0 0 0 0 0 0 0 0 0 0 0 0 0 0 0 0 0 0 0 0 0 0 0 0 0 0 0 0 0 0 0 0 0 0 0 0 0 0 0 0 0 0 0 0 0 0 0 0 0 0 0 0 0 0 0 0 0 0 214327410 0 0 0
ctxt 450820278
btime 1669654930
processes 589122
procs_running 1
procs_blocked 0
softirq 1176706479 829377805 34072849 783756 93691462 482018 0 142979891 45926900 1039 29390759

cpu  970565 40531 1553574 544245774 119252 0 3548897 0 0 0
cpu0 123829 9825 213041 136380277 32313 0 845083 0 0 0
cpu1 543787 11232 840053 135077289 24660 0 984986 0 0 0
cpu2 154900 4139 261794 136398598 32295 0 874153 0 0 0
cpu3 148047 15334 238684 136389609 29982 0 844674 0 0 0
intr 12717520891 0 0 2801545 81 0 789320 37590149 0 0 0 9774664 0 0 0 0 0 0 0 0 0 0 0 0 0 0 0 0 0 0 0 0 0 0 0 0 0 0 0 0 0 0 0 0 0 0 0 0 0 0 0 0 3030359263 0 0 0 0 0 0 0 0 964218 0 482107 0 0 0 0 0 0 0 0 0 0 0 809295524 1 0 0 0 0 0 0 0 0 0 0 0 0 0 0 0 0 0 0 0 0 0 0 474342 4219 0 0 0 0 20722044 0 0 0 0 0 0 0 0 0 0 0 0 0 0 0 0 0 0 0 0 0 0 0 0 0 0 0 0 0 0 0 0 0 0 0 0 0 0 0 0 0 0 0 0 0 0 0 0 0 0 0 0 0 0 0 0 0 0 0 0 0 0 0 0 0 0 0 0 0 0 0 0 0 0 0 214328822 0 0 0
ctxt 450823067
btime 1669654930
processes 589122
procs_running 1
procs_blocked 0
softirq 1176706563 829377805 34072867 783756 93691463 482018 0 142979904 45926939 1039 29390772

cpu  970566 40531 1553578 544245960 119252 0 3548897 0 0 0
cpu0 123830 9825 213041 136380326 32313 0 845083 0 0 0
cpu1 543787 11232 840055 135077335 24660 0 984986 0 0 0
cpu2 154901 4139 261796 136398644 32295 0 874153 0 0 0
cpu3 148048 15334 238686 136389655 29982 0 844674 0 0 0
intr 12717526544 0 0 2801554 81 0 789320 37590181 0 0 0 9774669 0 0 0 0 0 0 0 0 0 0 0 0 0 0 0 0 0 0 0 0 0 0 0 0 0 0 0 0 0 0 0 0 0 0 0 0 0 0 0 0 3030363283 0 0 0 0 0 0 0 0 964219 0 482107 0 0 0 0 0 0 0 0 0 0 0 809295678 1 0 0 0 0 0 0 0 0 0 0 0 0 0 0 0 0 0 0 0 0 0 0 474342 4219 0 0 0 0 20722059 0 0 0 0 0 0 0 0 0 0 0 0 0 0 0 0 0 0 0 0 0 0 0 0 0 0 0 0 0 0 0 0 0 0 0 0 0 0 0 0 0 0 0 0 0 0 0 0 0 0 0 0 0 0 0 0 0 0 0 0 0 0 0 0 0 0 0 0 0 0 0 0 0 0 0 214330241 0 0 0
ctxt 450825883
btime 1669654930
processes 589122
procs_running 1
procs_blocked 0
softirq 1176706660 829377813 34072887 783756 93691464 482018 0 142979919 45926978 1039 29390786

cpu  970569 40531 1553583 544246147 119252 0 3548897 0 0 0
cpu0 123830 9825 213041 136380375 32313 0 845083 0 0 0
cpu1 543787 11232 840056 135077380 24660 0 984986 0 0 0
cpu2 154901 4139 261797 136398689 32295 0 874153 0 0 0
cpu3 148050 15334 238688 136389701 29982 0 844674 0 0 0
intr 12717532138 0 0 2801558 81 0 789320 37590203 0 0 0 9774674 0 0 0 0 0 0 0 0 0 0 0 0 0 0 0 0 0 0 0 0 0 0 0 0 0 0 0 0 0 0 0 0 0 0 0 0 0 0 0 0 3030367287 0 0 0 0 0 0 0 0 964220 0 482107 0 0 0 0 0 0 0 0 0 0 0 809295806 1 0 0 0 0 0 0 0 0 0 0 0 0 0 0 0 0 0 0 0 0 0 0 474342 4219 0 0 0 0 20722074 0 0 0 0 0 0 0 0 0 0 0 0 0 0 0 0 0 0 0 0 0 0 0 0 0 0 0 0 0 0 0 0 0 0 0 0 0 0 0 0 0 0 0 0 0 0 0 0 0 0 0 0 0 0 0 0 0 0 0 0 0 0 0 0 0 0 0 0 0 0 0 0 0 0 0 214331655 0 0 0
ctxt 450828680
btime 1669654930
processes 589122
procs_running 1
procs_blocked 0
softirq 1176706745 829377813 34072906 783756 93691465 482018 0 142979932 45927018 1039 29390798

cpu  970571 40531 1553588 544246333 119252 0 3548897 0 0 0
cpu0 123830 9825 213041 136380424 32313 0 845083 0 0 0
cpu1 543788 11232 840058 135077426 24660 0 984986 0 0 0
cpu2 154902 4139 261798 136398735 32295 0 874153 0 0 0
cpu3 148050 15334 238690 136389746 29982 0 844674 0 0 0
intr 12717537771 0 0 2801562 81 0 789320 37590234 0 0 0 9774679 0 0 0 0 0 0 0 0 0 0 0 0 0 0 0 0 0 0 0 0 0 0 0 0 0 0 0 0 0 0 0 0 0 0 0 0 0 0 0 0 3030371306 0 0 0 0 0 0 0 0 964221 0 482107 0 0 0 0 0 0 0 0 0 0 0 809295959 1 0 0 0 0 0 0 0 0 0 0 0 0 0 0 0 0 0 0 0 0 0 0 474342 4219 0 0 0 0 20722089 0 0 0 0 0 0 0 0 0 0 0 0 0 0 0 0 0 0 0 0 0 0 0 0 0 0 0 0 0 0 0 0 0 0 0 0 0 0 0 0 0 0 0 0 0 0 0 0 0 0 0 0 0 0 0 0 0 0 0 0 0 0 0 0 0 0 0 0 0 0 0 0 0 0 0 214333061 0 0 0
ctxt 450831488
btime 1669654930
processes 589122
procs_running 1
procs_blocked 0
softirq 1176706839 829377821 34072923 783756 93691466 482018 0 142979947 45927059 1039 29390810

cpu  970571 40531 1553592 544246520 119252 0 3548897 0 0 0
cpu0 123831 9825 213041 136380473 32313 0 845083 0 0 0
cpu1 543788 11232 840060 135077472 24660 0 984986 0 0 0
cpu2 154902 4139 261799 136398781 32295 0 874153 0 0 0
cpu3 148050 15334 238692 136389792 29982 0 844674 0 0 0
intr 12717543379 0 0 2801566 81 0 789320 37590267 0 0 0 9774684 0 0 0 0 0 0 0 0 0 0 0 0 0 0 0 0 0 0 0 0 0 0 0 0 0 0 0 0 0 0 0 0 0 0 0 0 0 0 0 0 3030375308 0 0 0 0 0 0 0 0 964222 0 482107 0 0 0 0 0 0 0 0 0 0 0 809296088 1 0 0 0 0 0 0 0 0 0 0 0 0 0 0 0 0 0 0 0 0 0 0 474342 4219 0 0 0 0 20722115 0 0 0 0 0 0 0 0 0 0 0 0 0 0 0 0 0 0 0 0 0 0 0 0 0 0 0 0 0 0 0 0 0 0 0 0 0 0 0 0 0 0 0 0 0 0 0 0 0 0 0 0 0 0 0 0 0 0 0 0 0 0 0 0 0 0 0 0 0 0 0 0 0 0 0 214334469 0 0 0
ctxt 450834299
btime 1669654930
processes 589122
procs_running 2
procs_blocked 0
softirq 1176706938 829377821 34072944 783756 93691468 482018 0 142979969 45927099 1039 29390824

cpu  970573 40531 1553596 544246706 119252 0 3548897 0 0 0
cpu0 123831 9825 213041 136380522 32313 0 845083 0 0 0
cpu1 543788 11232 840061 135077518 24660 0 984986 0 0 0
cpu2 154902 4139 261801 136398827 32295 0 874153 0 0 0
cpu3 148050 15334 238692 136389838 29982 0 844674 0 0 0
intr 12717549035 0 0 2801571 81 0 789320 37590296 0 0 0 9774689 0 0 0 0 0 0 0 0 0 0 0 0 0 0 0 0 0 0 0 0 0 0 0 0 0 0 0 0 0 0 0 0 0 0 0 0 0 0 0 0 3030379335 0 0 0 0 0 0 0 0 964223 0 482107 0 0 0 0 0 0 0 0 0 0 0 809296242 1 0 0 0 0 0 0 0 0 0 0 0 0 0 0 0 0 0 0 0 0 0 0 474342 4219 0 0 0 0 20722130 0 0 0 0 0 0 0 0 0 0 0 0 0 0 0 0 0 0 0 0 0 0 0 0 0 0 0 0 0 0 0 0 0 0 0 0 0 0 0 0 0 0 0 0 0 0 0 0 0 0 0 0 0 0 0 0 0 0 0 0 0 0 0 0 0 0 0 0 0 0 0 0 0 0 0 214335888 0 0 0
ctxt 450837121
btime 1669654930
processes 589122
procs_running 1
procs_blocked 0
softirq 1176707039 829377829 34072962 783756 93691469 482018 0 142979983 45927144 1039 29390839

cpu  970575 40531 1553600 544246893 119252 0 3548897 0 0 0
cpu0 123832 9825 213041 136380571 32313 0 845083 0 0 0
cpu1 543789 11232 840062 135077564 24660 0 984986 0 0 0
cpu2 154903 4139 261802 136398873 32295 0 874153 0 0 0
cpu3 148050 15334 238694 136389884 29982 0 844674 0 0 0
intr 12717554619 0 0 2801575 81 0 789320 37590319 0 0 0 9774694 0 0 0 0 0 0 0 0 0 0 0 0 0 0 0 0 0 0 0 0 0 0 0 0 0 0 0 0 0 0 0 0 0 0 0 0 0 0 0 0 3030383331 0 0 0 0 0 0 0 0 964224 0 482107 0 0 0 0 0 0 0 0 0 0 0 809296370 1 0 0 0 0 0 0 0 0 0 0 0 0 0 0 0 0 0 0 0 0 0 0 474342 4219 0 0 0 0 20722145 0 0 0 0 0 0 0 0 0 0 0 0 0 0 0 0 0 0 0 0 0 0 0 0 0 0 0 0 0 0 0 0 0 0 0 0 0 0 0 0 0 0 0 0 0 0 0 0 0 0 0 0 0 0 0 0 0 0 0 0 0 0 0 0 0 0 0 0 0 0 0 0 0 0 0 214337301 0 0 0
ctxt 450839911
btime 1669654930
processes 589122
procs_running 2
procs_blocked 0
softirq 1176707124 829377829 34072980 783756 93691470 482018 0 142979996 45927185 1039 29390851

cpu  970575 40531 1553605 544247080 119252 0 3548897 0 0 0
cpu0 123832 9825 213041 136380620 32313 0 845083 0 0 0
cpu1 543789 11232 840064 135077610 24660 0 984986 0 0 0
cpu2 154903 4139 261804 136398919 32295 0 874153 0 0 0
cpu3 148050 15334 238695 136389930 29982 0 844674 0 0 0
intr 12717560269 0 0 2801579 81 0 789320 37590353 0 0 0 9774699 0 0 0 0 0 0 0 0 0 0 0 0 0 0 0 0 0 0 0 0 0 0 0 0 0 0 0 0 0 0 0 0 0 0 0 0 0 0 0 0 3030387359 0 0 0 0 0 0 0 0 964225 0 482107 0 0 0 0 0 0 0 0 0 0 0 809296524 1 0 0 0 0 0 0 0 0 0 0 0 0 0 0 0 0 0 0 0 0 0 0 474342 4219 0 0 0 0 20722160 0 0 0 0 0 0 0 0 0 0 0 0 0 0 0 0 0 0 0 0 0 0 0 0 0 0 0 0 0 0 0 0 0 0 0 0 0 0 0 0 0 0 0 0 0 0 0 0 0 0 0 0 0 0 0 0 0 0 0 0 0 0 0 0 0 0 0 0 0 0 0 0 0 0 0 214338709 0 0 0
ctxt 450842718
btime 1669654930
processes 589122
procs_running 1
procs_blocked 0
softirq 1176707222 829377837 34072997 783756 93691471 482018 0 142980010 45927227 1039 29390867

cpu  970576 40531 1553610 544247266 119252 0 3548897 0 0 0
cpu0 123832 9825 213041 136380669 32313 0 845083 0 0 0
cpu1 543789 11232 840066 135077655 24660 0 984986 0 0 0
cpu2 154904 4139 261806 136398964 32295 0 874153 0 0 0
cpu3 148050 15334 238696 136389976 29982 0 844674 0 0 0
intr 12717565845 0 0 2801583 81 0 789321 37590376 0 0 0 9774703 0 0 0 0 0 0 0 0 0 0 0 0 0 0 0 0 0 0 0 0 0 0 0 0 0 0 0 0 0 0 0 0 0 0 0 0 0 0 0 0 3030391352 0 0 0 0 0 0 0 0 964226 0 482107 0 0 0 0 0 0 0 0 0 0 0 809296652 1 0 0 0 0 0 0 0 0 0 0 0 0 0 0 0 0 0 0 0 0 0 0 474342 4219 0 0 0 0 20722175 0 0 0 0 0 0 0 0 0 0 0 0 0 0 0 0 0 0 0 0 0 0 0 0 0 0 0 0 0 0 0 0 0 0 0 0 0 0 0 0 0 0 0 0 0 0 0 0 0 0 0 0 0 0 0 0 0 0 0 0 0 0 0 0 0 0 0 0 0 0 0 0 0 0 0 214340116 0 0 0
ctxt 450845489
btime 1669654930
processes 589122
procs_running 1
procs_blocked 0
softirq 1176707310 829377837 34073014 783757 93691472 482018 0 142980023 45927269 1039 29390881

cpu  970577 40531 1553614 544247453 119252 0 3548897 0 0 0
cpu0 123832 9825 213041 136380718 32313 0 845083 0 0 0
cpu1 543789 11232 840067 135077701 24660 0 984986 0 0 0
cpu2 154904 4139 261807 136399010 32295 0 874153 0 0 0
cpu3 148050 15334 238698 136390022 29982 0 844674 0 0 0
intr 12717571488 0 0 2801588 81 0 789321 37590406 0 0 0 9774708 0 0 0 0 0 0 0 0 0 0 0 0 0 0 0 0 0 0 0 0 0 0 0 0 0 0 0 0 0 0 0 0 0 0 0 0 0 0 0 0 3030395379 0 0 0 0 0 0 0 0 964227 0 482107 0 0 0 0 0 0 0 0 0 0 0 809296806 1 0 0 0 0 0 0 0 0 0 0 0 0 0 0 0 0 0 0 0 0 0 0 474342 4219 0 0 0 0 20722190 0 0 0 0 0 0 0 0 0 0 0 0 0 0 0 0 0 0 0 0 0 0 0 0 0 0 0 0 0 0 0 0 0 0 0 0 0 0 0 0 0 0 0 0 0 0 0 0 0 0 0 0 0 0 0 0 0 0 0 0 0 0 0 0 0 0 0 0 0 0 0 0 0 0 0 214341522 0 0 0
ctxt 450848301
btime 1669654930
processes 589122
procs_running 1
procs_blocked 0
softirq 1176707401 829377845 34073032 783757 93691473 482018 0 142980037 45927306 1039 29390894

cpu  970592 40531 1553620 544247597 119252 0 3548918 0 0 0
cpu0 123832 9825 213041 136380762 32313 0 845086 0 0 0
cpu1 543794 11232 840069 135077736 24660 0 984991 0 0 0
cpu2 154910 4139 261810 136399044 32295 0 874158 0 0 0
cpu3 148055 15334 238700 136390054 29982 0 844682 0 0 0
intr 12717583788 0 0 2801590 81 0 789321 37590515 0 0 0 9774710 0 0 0 0 0 0 0 0 0 0 0 0 0 0 0 0 0 0 0 0 0 0 0 0 0 0 0 0 0 0 0 0 0 0 0 0 0 0 0 0 3030402893 0 0 0 0 0 0 0 0 964228 0 482107 0 0 0 0 0 0 0 0 0 0 0 809300305 1 0 0 0 0 0 0 0 0 0 0 0 0 0 0 0 0 0 0 0 0 0 0 474342 4219 0 0 0 0 20722205 0 0 0 0 0 0 0 0 0 0 0 0 0 0 0 0 0 0 0 0 0 0 0 0 0 0 0 0 0 0 0 0 0 0 0 0 0 0 0 0 0 0 0 0 0 0 0 0 0 0 0 0 0 0 0 0 0 0 0 0 0 0 0 0 0 0 0 0 0 0 0 0 0 0 0 214342680 0 0 0
ctxt 450850748
btime 1669654930
processes 589122
procs_running 1
procs_blocked 0
softirq 1176715357 829384907 34073056 783760 93691602 482018 0 142980659 45927405 1039 29390911

cpu  970609 40531 1553628 544247739 119252 0 3548937 0 0 0
cpu0 123832 9825 213041 136380804 32313 0 845088 0 0 0
cpu1 543800 11232 840071 135077768 24660 0 984998 0 0 0
cpu2 154916 4139 261812 136399079 32295 0 874163 0 0 0
cpu3 148060 15334 238702 136390087 29982 0 844687 0 0 0
intr 12717595774 0 0 2801590 81 0 789321 37590646 0 0 0 9774710 0 0 0 0 0 0 0 0 0 0 0 0 0 0 0 0 0 0 0 0 0 0 0 0 0 0 0 0 0 0 0 0 0 0 0 0 0 0 0 0 3030410203 0 0 0 0 0 0 0 0 964229 0 482107 0 0 0 0 0 0 0 0 0 0 0 809303635 1 0 0 0 0 0 0 0 0 0 0 0 0 0 0 0 0 0 0 0 0 0 0 474342 4219 0 0 0 0 20722245 0 0 0 0 0 0 0 0 0 0 0 0 0 0 0 0 0 0 0 0 0 0 0 0 0 0 0 0 0 0 0 0 0 0 0 0 0 0 0 0 0 0 0 0 0 0 0 0 0 0 0 0 0 0 0 0 0 0 0 0 0 0 0 0 0 0 0 0 0 0 0 0 0 0 0 214343853 0 0 0
ctxt 450853296
btime 1669654930
processes 589122
procs_running 2
procs_blocked 0
softirq 1176722075 829390814 34073083 783762 93691692 482018 0 142981248 45927493 1039 29390926

cpu  970622 40531 1553632 544247884 119252 0 3548958 0 0 0
cpu0 123832 9825 213041 136380846 32313 0 845090 0 0 0
cpu1 543805 11232 840072 135077802 24660 0 985004 0 0 0
cpu2 154919 4139 261813 136399114 32295 0 874168 0 0 0
cpu3 148065 15334 238704 136390121 29982 0 844693 0 0 0
intr 12717607659 0 0 2801590 81 0 789321 37590769 0 0 0 9774710 0 0 0 0 0 0 0 0 0 0 0 0 0 0 0 0 0 0 0 0 0 0 0 0 0 0 0 0 0 0 0 0 0 0 0 0 0 0 0 0 3030417503 0 0 0 0 0 0 0 0 964230 0 482107 0 0 0 0 0 0 0 0 0 0 0 809306920 1 0 0 0 0 0 0 0 0 0 0 0 0 0 0 0 0 0 0 0 0 0 0 474342 4219 0 0 0 0 20722260 0 0 0 0 0 0 0 0 0 0 0 0 0 0 0 0 0 0 0 0 0 0 0 0 0 0 0 0 0 0 0 0 0 0 0 0 0 0 0 0 0 0 0 0 0 0 0 0 0 0 0 0 0 0 0 0 0 0 0 0 0 0 0 0 0 0 0 0 0 0 0 0 0 0 0 214345020 0 0 0
ctxt 450855807
btime 1669654930
processes 589122
procs_running 5
procs_blocked 0
softirq 1176729242 829397294 34073109 783762 93691780 482018 0 142981710 45927587 1039 29390943

cpu  970638 40531 1553638 544248023 119254 0 3548974 0 0 0
cpu0 123832 9825 213042 136380885 32314 0 845093 0 0 0
cpu1 543809 11232 840073 135077836 24660 0 985009 0 0 0
cpu2 154925 4139 261814 136399148 32295 0 874173 0 0 0
cpu3 148071 15334 238708 136390152 29983 0 844699 0 0 0
intr 12717619556 0 0 2801591 81 0 789322 37590910 0 0 0 9774710 0 0 0 0 0 0 0 0 0 0 0 0 0 0 0 0 0 0 0 0 0 0 0 0 0 0 0 0 0 0 0 0 0 0 0 0 0 0 0 0 3030424745 0 0 0 0 0 0 0 0 964231 0 482129 0 0 0 0 0 0 0 0 0 0 0 809310196 1 0 0 0 0 0 0 0 0 0 0 0 0 0 0 0 0 0 0 0 0 0 0 474364 4219 0 0 0 0 20722275 0 0 0 0 0 0 0 0 0 0 0 0 0 0 0 0 0 0 0 0 0 0 0 0 0 0 0 0 0 0 0 0 0 0 0 0 0 0 0 0 0 0 0 0 0 0 0 0 0 0 0 0 0 0 0 0 0 0 0 0 0 0 0 0 0 0 0 0 0 0 0 0 0 0 0 214346191 0 0 0
ctxt 450858542
btime 1669654930
processes 589123
procs_running 1
procs_blocked 0
softirq 1176736260 829403410 34073140 783763 93691869 482040 0 142982315 45927709 1039 29390975

cpu  970655 40531 1553645 544248166 119254 0 3548991 0 0 0
cpu0 123832 9825 213042 136380927 32314 0 845097 0 0 0
cpu1 543816 11232 840075 135077869 24660 0 985014 0 0 0
cpu2 154930 4139 261818 136399183 32295 0 874176 0 0 0
cpu3 148076 15334 238710 136390186 29983 0 844703 0 0 0
intr 12717631438 0 0 2801591 81 0 789322 37591041 0 0 0 9774710 0 0 0 0 0 0 0 0 0 0 0 0 0 0 0 0 0 0 0 0 0 0 0 0 0 0 0 0 0 0 0 0 0 0 0 0 0 0 0 0 3030432013 0 0 0 0 0 0 0 0 964232 0 482129 0 0 0 0 0 0 0 0 0 0 0 809313465 1 0 0 0 0 0 0 0 0 0 0 0 0 0 0 0 0 0 0 0 0 0 0 474364 4219 0 0 0 0 20722309 0 0 0 0 0 0 0 0 0 0 0 0 0 0 0 0 0 0 0 0 0 0 0 0 0 0 0 0 0 0 0 0 0 0 0 0 0 0 0 0 0 0 0 0 0 0 0 0 0 0 0 0 0 0 0 0 0 0 0 0 0 0 0 0 0 0 0 0 0 0 0 0 0 0 0 214347375 0 0 0
ctxt 450861070
btime 1669654930
processes 589123
procs_running 3
procs_blocked 0
softirq 1176743100 829409467 34073170 783763 93691963 482040 0 142982869 45927798 1039 29390991

cpu  970668 40531 1553651 544248312 119254 0 3549009 0 0 0
cpu0 123832 9825 213042 136380970 32314 0 845100 0 0 0
cpu1 543820 11232 840077 135077903 24660 0 985021 0 0 0
cpu2 154935 4139 261819 136399218 32295 0 874180 0 0 0
cpu3 148080 15334 238712 136390220 29983 0 844708 0 0 0
intr 12717643373 0 0 2801591 81 0 789322 37591151 0 0 0 9774710 0 0 0 0 0 0 0 0 0 0 0 0 0 0 0 0 0 0 0 0 0 0 0 0 0 0 0 0 0 0 0 0 0 0 0 0 0 0 0 0 3030439306 0 0 0 0 0 0 0 0 964233 0 482129 0 0 0 0 0 0 0 0 0 0 0 809316812 1 0 0 0 0 0 0 0 0 0 0 0 0 0 0 0 0 0 0 0 0 0 0 474364 4219 0 0 0 0 20722324 0 0 0 0 0 0 0 0 0 0 0 0 0 0 0 0 0 0 0 0 0 0 0 0 0 0 0 0 0 0 0 0 0 0 0 0 0 0 0 0 0 0 0 0 0 0 0 0 0 0 0 0 0 0 0 0 0 0 0 0 0 0 0 0 0 0 0 0 0 0 0 0 0 0 0 214348541 0 0 0
ctxt 450863606
btime 1669654930
processes 589123
procs_running 1
procs_blocked 0
softirq 1176749874 829415567 34073196 783764 93692047 482040 0 142983326 45927886 1039 29391009

cpu  970680 40531 1553657 544248457 119254 0 3549028 0 0 0
cpu0 123832 9825 213042 136381013 32314 0 845102 0 0 0
cpu1 543825 11232 840079 135077937 24660 0 985026 0 0 0
cpu2 154939 4139 261820 136399252 32295 0 874184 0 0 0
cpu3 148083 15334 238715 136390254 29983 0 844716 0 0 0
intr 12717655231 0 0 2801591 81 0 789322 37591260 0 0 0 9774710 0 0 0 0 0 0 0 0 0 0 0 0 0 0 0 0 0 0 0 0 0 0 0 0 0 0 0 0 0 0 0 0 0 0 0 0 0 0 0 0 3030446584 0 0 0 0 0 0 0 0 964234 0 482129 0 0 0 0 0 0 0 0 0 0 0 809320112 1 0 0 0 0 0 0 0 0 0 0 0 0 0 0 0 0 0 0 0 0 0 0 474364 4219 0 0 0 0 20722339 0 0 0 0 0 0 0 0 0 0 0 0 0 0 0 0 0 0 0 0 0 0 0 0 0 0 0 0 0 0 0 0 0 0 0 0 0 0 0 0 0 0 0 0 0 0 0 0 0 0 0 0 0 0 0 0 0 0 0 0 0 0 0 0 0 0 0 0 0 0 0 0 0 0 0 214349699 0 0 0
ctxt 450866087
btime 1669654930
processes 589123
procs_running 5
procs_blocked 0
softirq 1176756917 829421812 34073222 783764 93692130 482040 0 142983907 45927976 1039 29391027

cpu  970691 40531 1553662 544248608 119254 0 3549044 0 0 0
cpu0 123832 9825 213042 136381056 32314 0 845104 0 0 0
cpu1 543828 11232 840081 135077972 24660 0 985029 0 0 0
cpu2 154942 4139 261822 136399288 32295 0 874188 0 0 0
cpu3 148087 15334 238716 136390290 29983 0 844721 0 0 0
intr 12717666963 0 0 2801592 81 0 789322 37591370 0 0 0 9774710 0 0 0 0 0 0 0 0 0 0 0 0 0 0 0 0 0 0 0 0 0 0 0 0 0 0 0 0 0 0 0 0 0 0 0 0 0 0 0 0 3030453794 0 0 0 0 0 0 0 0 964235 0 482129 0 0 0 0 0 0 0 0 0 0 0 809323313 1 0 0 0 0 0 0 0 0 0 0 0 0 0 0 0 0 0 0 0 0 0 0 474364 4219 0 0 0 0 20722354 0 0 0 0 0 0 0 0 0 0 0 0 0 0 0 0 0 0 0 0 0 0 0 0 0 0 0 0 0 0 0 0 0 0 0 0 0 0 0 0 0 0 0 0 0 0 0 0 0 0 0 0 0 0 0 0 0 0 0 0 0 0 0 0 0 0 0 0 0 0 0 0 0 0 0 214350887 0 0 0
ctxt 450868666
btime 1669654930
processes 589123
procs_running 1
procs_blocked 0
softirq 1176763926 829427890 34073246 783766 93692261 482040 0 142984592 45928049 1039 29391043

cpu  970702 40531 1553670 544248752 119254 0 3549062 0 0 0
cpu0 123832 9825 213042 136381097 32314 0 845109 0 0 0
cpu1 543833 11232 840084 135078006 24660 0 985031 0 0 0
cpu2 154946 4139 261824 136399322 32295 0 874193 0 0 0
cpu3 148090 15334 238718 136390325 29983 0 844727 0 0 0
intr 12717678910 0 0 2801592 81 0 789322 37591493 0 0 0 9774710 0 0 0 0 0 0 0 0 0 0 0 0 0 0 0 0 0 0 0 0 0 0 0 0 0 0 0 0 0 0 0 0 0 0 0 0 0 0 0 0 3030461114 0 0 0 0 0 0 0 0 964236 0 482129 0 0 0 0 0 0 0 0 0 0 0 809326642 1 0 0 0 0 0 0 0 0 0 0 0 0 0 0 0 0 0 0 0 0 0 0 474364 4219 0 0 0 0 20722369 0 0 0 0 0 0 0 0 0 0 0 0 0 0 0 0 0 0 0 0 0 0 0 0 0 0 0 0 0 0 0 0 0 0 0 0 0 0 0 0 0 0 0 0 0 0 0 0 0 0 0 0 0 0 0 0 0 0 0 0 0 0 0 0 0 0 0 0 0 0 0 0 0 0 0 214352049 0 0 0
ctxt 450871187
btime 1669654930
processes 589123
procs_running 2
procs_blocked 0
softirq 1176771151 829434417 34073274 783768 93692350 482040 0 142985072 45928134 1039 29391057

cpu  970716 40531 1553675 544248896 119254 0 3549080 0 0 0
cpu0 123832 9825 213042 136381138 32314 0 845113 0 0 0
cpu1 543838 11232 840086 135078041 24660 0 985036 0 0 0
cpu2 154952 4139 261826 136399357 32295 0 874197 0 0 0
cpu3 148094 15334 238719 136390359 29983 0 844732 0 0 0
intr 12717690665 0 0 2801592 81 0 789322 37591606 0 0 0 9774710 0 0 0 0 0 0 0 0 0 0 0 0 0 0 0 0 0 0 0 0 0 0 0 0 0 0 0 0 0 0 0 0 0 0 0 0 0 0 0 0 3030468346 0 0 0 0 0 0 0 0 964237 0 482129 0 0 0 0 0 0 0 0 0 0 0 809329872 1 0 0 0 0 0 0 0 0 0 0 0 0 0 0 0 0 0 0 0 0 0 0 474364 4219 0 0 0 0 20722384 0 0 0 0 0 0 0 0 0 0 0 0 0 0 0 0 0 0 0 0 0 0 0 0 0 0 0 0 0 0 0 0 0 0 0 0 0 0 0 0 0 0 0 0 0 0 0 0 0 0 0 0 0 0 0 0 0 0 0 0 0 0 0 0 0 0 0 0 0 0 0 0 0 0 0 214353212 0 0 0
ctxt 450873700
btime 1669654930
processes 589123
procs_running 1
procs_blocked 0
softirq 1176777908 829440443 34073297 783768 93692436 482040 0 142985606 45928206 1039 29391073

cpu  970731 40531 1553680 544249040 119254 0 3549099 0 0 0
cpu0 123832 9825 213042 136381180 32314 0 845115 0 0 0
cpu1 543843 11232 840089 135078075 24660 0 985041 0 0 0
cpu2 154957 4139 261827 136399391 32295 0 874202 0 0 0
cpu3 148098 15334 238720 136390392 29983 0 844739 0 0 0
intr 12717702594 0 0 2801594 81 0 789322 37591707 0 0 0 9774714 0 0 0 0 0 0 0 0 0 0 0 0 0 0 0 0 0 0 0 0 0 0 0 0 0 0 0 0 0 0 0 0 0 0 0 0 0 0 0 0 3030475669 0 0 0 0 0 0 0 0 964238 0 482129 0 0 0 0 0 0 0 0 0 0 0 809333184 1 0 0 0 0 0 0 0 0 0 0 0 0 0 0 0 0 0 0 0 0 0 0 474364 4219 0 0 0 0 20722399 0 0 0 0 0 0 0 0 0 0 0 0 0 0 0 0 0 0 0 0 0 0 0 0 0 0 0 0 0 0 0 0 0 0 0 0 0 0 0 0 0 0 0 0 0 0 0 0 0 0 0 0 0 0 0 0 0 0 0 0 0 0 0 0 0 0 0 0 0 0 0 0 0 0 0 214354382 0 0 0
ctxt 450876180
btime 1669654930
processes 589123
procs_running 3
procs_blocked 0
softirq 1176785007 829446725 34073324 783770 93692528 482040 0 142986188 45928303 1039 29391090

cpu  970743 40531 1553686 544249185 119254 0 3549115 0 0 0
cpu0 123832 9825 213042 136381222 32314 0 845118 0 0 0
cpu1 543848 11232 840092 135078108 24660 0 985045 0 0 0
cpu2 154959 4139 261828 136399426 32295 0 874206 0 0 0
cpu3 148102 15334 238722 136390427 29983 0 844745 0 0 0
intr 12717714411 0 0 2801599 81 0 789322 37591817 0 0 0 9774719 0 0 0 0 0 0 0 0 0 0 0 0 0 0 0 0 0 0 0 0 0 0 0 0 0 0 0 0 0 0 0 0 0 0 0 0 0 0 0 0 3030482912 0 0 0 0 0 0 0 0 964239 0 482129 0 0 0 0 0 0 0 0 0 0 0 809336445 1 0 0 0 0 0 0 0 0 0 0 0 0 0 0 0 0 0 0 0 0 0 0 474364 4219 0 0 0 0 20722414 0 0 0 0 0 0 0 0 0 0 0 0 0 0 0 0 0 0 0 0 0 0 0 0 0 0 0 0 0 0 0 0 0 0 0 0 0 0 0 0 0 0 0 0 0 0 0 0 0 0 0 0 0 0 0 0 0 0 0 0 0 0 0 0 0 0 0 0 0 0 0 0 0 0 0 214355558 0 0 0
ctxt 450878733
btime 1669654930
processes 589123
procs_running 1
procs_blocked 0
softirq 1176792386 829453302 34073347 783770 93692614 482040 0 142986777 45928393 1039 29391104

cpu  970756 40531 1553691 544249329 119254 0 3549133 0 0 0
cpu0 123832 9825 213042 136381265 32314 0 845120 0 0 0
cpu1 543853 11232 840093 135078142 24660 0 985050 0 0 0
cpu2 154964 4139 261830 136399460 32295 0 874210 0 0 0
cpu3 148106 15334 238724 136390460 29983 0 844751 0 0 0
intr 12717726274 0 0 2801599 81 0 789322 37591933 0 0 0 9774724 0 0 0 0 0 0 0 0 0 0 0 0 0 0 0 0 0 0 0 0 0 0 0 0 0 0 0 0 0 0 0 0 0 0 0 0 0 0 0 0 3030490191 0 0 0 0 0 0 0 0 964240 0 482129 0 0 0 0 0 0 0 0 0 0 0 809339736 1 0 0 0 0 0 0 0 0 0 0 0 0 0 0 0 0 0 0 0 0 0 0 474364 4219 0 0 0 0 20722429 0 0 0 0 0 0 0 0 0 0 0 0 0 0 0 0 0 0 0 0 0 0 0 0 0 0 0 0 0 0 0 0 0 0 0 0 0 0 0 0 0 0 0 0 0 0 0 0 0 0 0 0 0 0 0 0 0 0 0 0 0 0 0 0 0 0 0 0 0 0 0 0 0 0 0 214356715 0 0 0
ctxt 450881222
btime 1669654930
processes 589123
procs_running 2
procs_blocked 0
softirq 1176799197 829459352 34073374 783772 93692704 482040 0 142987310 45928485 1039 29391121

cpu  970768 40531 1553698 544249474 119254 0 3549149 0 0 0
cpu0 123832 9825 213042 136381307 32314 0 845122 0 0 0
cpu1 543856 11232 840096 135078176 24660 0 985054 0 0 0
cpu2 154968 4139 261832 136399495 32295 0 874215 0 0 0
cpu3 148111 15334 238726 136390494 29983 0 844756 0 0 0
intr 12717737952 0 0 2801599 81 0 789322 37592041 0 0 0 9774729 0 0 0 0 0 0 0 0 0 0 0 0 0 0 0 0 0 0 0 0 0 0 0 0 0 0 0 0 0 0 0 0 0 0 0 0 0 0 0 0 3030497383 0 0 0 0 0 0 0 0 964241 0 482129 0 0 0 0 0 0 0 0 0 0 0 809342927 1 0 0 0 0 0 0 0 0 0 0 0 0 0 0 0 0 0 0 0 0 0 0 474364 4219 0 0 0 0 20722444 0 0 0 0 0 0 0 0 0 0 0 0 0 0 0 0 0 0 0 0 0 0 0 0 0 0 0 0 0 0 0 0 0 0 0 0 0 0 0 0 0 0 0 0 0 0 0 0 0 0 0 0 0 0 0 0 0 0 0 0 0 0 0 0 0 0 0 0 0 0 0 0 0 0 0 214357884 0 0 0
ctxt 450883743
btime 1669654930
processes 589123
procs_running 5
procs_blocked 0
softirq 1176805571 829464879 34073396 783773 93692806 482040 0 142987926 45928577 1039 29391135

cpu  970779 40531 1553703 544249630 119254 0 3549160 0 0 0
cpu0 123832 9825 213042 136381351 32314 0 845123 0 0 0
cpu1 543860 11232 840098 135078214 24660 0 985056 0 0 0
cpu2 154970 4139 261835 136399532 32295 0 874220 0 0 0
cpu3 148115 15334 238727 136390531 29983 0 844759 0 0 0
intr 12717749787 0 0 2801603 81 0 789322 37592182 0 0 0 9774734 0 0 0 0 0 0 0 0 0 0 0 0 0 0 0 0 0 0 0 0 0 0 0 0 0 0 0 0 0 0 0 0 0 0 0 0 0 0 0 0 3030504576 0 0 0 0 0 0 0 0 964242 0 482133 0 0 0 0 0 0 0 0 0 0 0 809346152 1 0 0 0 0 0 0 0 0 0 0 0 0 0 0 0 0 0 0 0 0 0 0 474368 4219 0 0 0 0 20722459 0 0 0 0 0 0 0 0 0 0 0 0 0 0 0 0 0 0 0 0 0 0 0 0 0 0 0 0 0 0 0 0 0 0 0 0 0 0 0 0 0 0 0 0 0 0 0 0 0 0 0 0 0 0 0 0 0 0 0 0 0 0 0 0 0 0 0 0 0 0 0 0 0 0 0 214359123 0 0 0
ctxt 450886552
btime 1669654930
processes 589123
procs_running 1
procs_blocked 0
softirq 1176811778 829469922 34073422 783773 93692963 482044 0 142988819 45928645 1039 29391151

cpu  970789 40531 1553710 544249787 119254 0 3549170 0 0 0
cpu0 123832 9825 213043 136381394 32314 0 845124 0 0 0
cpu1 543864 11232 840100 135078252 24660 0 985059 0 0 0
cpu2 154973 4139 261836 136399569 32295 0 874224 0 0 0
cpu3 148119 15334 238730 136390570 29983 0 844762 0 0 0
intr 12717761505 0 0 2801608 81 0 789322 37592306 0 0 0 9774739 0 0 0 0 0 0 0 0 0 0 0 0 0 0 0 0 0 0 0 0 0 0 0 0 0 0 0 0 0 0 0 0 0 0 0 0 0 0 0 0 3030511706 0 0 0 0 0 0 0 0 964243 0 482133 0 0 0 0 0 0 0 0 0 0 0 809349353 1 0 0 0 0 0 0 0 0 0 0 0 0 0 0 0 0 0 0 0 0 0 0 474368 4219 0 0 0 0 20722474 0 0 0 0 0 0 0 0 0 0 0 0 0 0 0 0 0 0 0 0 0 0 0 0 0 0 0 0 0 0 0 0 0 0 0 0 0 0 0 0 0 0 0 0 0 0 0 0 0 0 0 0 0 0 0 0 0 0 0 0 0 0 0 0 0 0 0 0 0 0 0 0 0 0 0 214360365 0 0 0
ctxt 450889289
btime 1669654930
processes 589123
procs_running 3
procs_blocked 0
softirq 1176817455 829474538 34073448 783773 93693112 482044 0 142989602 45928731 1039 29391168

cpu  970800 40531 1553718 544249940 119254 0 3549183 0 0 0
cpu0 123832 9825 213043 136381438 32314 0 845126 0 0 0
cpu1 543870 11232 840102 135078288 24660 0 985062 0 0 0
cpu2 154976 4139 261840 136399607 32296 0 874227 0 0 0
cpu3 148122 15334 238733 136390607 29983 0 844767 0 0 0
intr 12717773323 0 0 2801618 81 0 789324 37592446 0 0 0 9774744 0 0 0 0 0 0 0 0 0 0 0 0 0 0 0 0 0 0 0 0 0 0 0 0 0 0 0 0 0 0 0 0 0 0 0 0 0 0 0 0 3030518903 0 0 0 0 0 0 0 0 964245 0 482135 0 0 0 0 0 0 0 0 0 0 0 809352545 1 0 0 0 0 0 0 0 0 0 0 0 0 0 0 0 0 0 0 0 0 0 0 474370 4219 0 0 0 0 20722501 0 0 0 0 0 0 0 0 0 0 0 0 0 0 0 0 0 0 0 0 0 0 0 0 0 0 0 0 0 0 0 0 0 0 0 0 0 0 0 0 0 0 0 0 0 0 0 0 0 0 0 0 0 0 0 0 0 0 0 0 0 0 0 0 0 0 0 0 0 0 0 0 0 0 0 214361601 0 0 0
ctxt 450892061
btime 1669654930
processes 589123
procs_running 1
procs_blocked 0
softirq 1176824091 829480164 34073478 783773 93693242 482046 0 142990335 45928831 1039 29391183

cpu  970812 40531 1553726 544250087 119254 0 3549196 0 0 0
cpu0 123832 9825 213043 136381480 32314 0 845126 0 0 0
cpu1 543875 11232 840105 135078322 24660 0 985067 0 0 0
cpu2 154979 4139 261841 136399641 32296 0 874232 0 0 0
cpu3 148125 15334 238735 136390641 29983 0 844770 0 0 0
intr 12717785093 0 0 2801620 81 0 789324 37592562 0 0 0 9774749 0 0 0 0 0 0 0 0 0 0 0 0 0 0 0 0 0 0 0 0 0 0 0 0 0 0 0 0 0 0 0 0 0 0 0 0 0 0 0 0 3030526145 0 0 0 0 0 0 0 0 964246 0 482135 0 0 0 0 0 0 0 0 0 0 0 809355769 1 0 0 0 0 0 0 0 0 0 0 0 0 0 0 0 0 0 0 0 0 0 0 474370 4219 0 0 0 0 20722516 0 0 0 0 0 0 0 0 0 0 0 0 0 0 0 0 0 0 0 0 0 0 0 0 0 0 0 0 0 0 0 0 0 0 0 0 0 0 0 0 0 0 0 0 0 0 0 0 0 0 0 0 0 0 0 0 0 0 0 0 0 0 0 0 0 0 0 0 0 0 0 0 0 0 0 214362764 0 0 0
ctxt 450894590
btime 1669654930
processes 589123
procs_running 5
procs_blocked 0
softirq 1176831002 829486322 34073499 783773 93693334 482046 0 142990859 45928930 1039 29391200

cpu  970828 40531 1553731 544250230 119254 0 3549216 0 0 0
cpu0 123832 9825 213043 136381523 32314 0 845128 0 0 0
cpu1 543879 11232 840108 135078356 24660 0 985073 0 0 0
cpu2 154985 4139 261843 136399675 32296 0 874238 0 0 0
cpu3 148131 15334 238737 136390674 29983 0 844776 0 0 0
intr 12717796817 0 0 2801620 81 0 789324 37592685 0 0 0 9774754 0 0 0 0 0 0 0 0 0 0 0 0 0 0 0 0 0 0 0 0 0 0 0 0 0 0 0 0 0 0 0 0 0 0 0 0 0 0 0 0 3030533366 0 0 0 0 0 0 0 0 964247 0 482135 0 0 0 0 0 0 0 0 0 0 0 809358985 1 0 0 0 0 0 0 0 0 0 0 0 0 0 0 0 0 0 0 0 0 0 0 474370 4219 0 0 0 0 20722531 0 0 0 0 0 0 0 0 0 0 0 0 0 0 0 0 0 0 0 0 0 0 0 0 0 0 0 0 0 0 0 0 0 0 0 0 0 0 0 0 0 0 0 0 0 0 0 0 0 0 0 0 0 0 0 0 0 0 0 0 0 0 0 0 0 0 0 0 0 0 0 0 0 0 0 214363909 0 0 0
ctxt 450897109
btime 1669654930
processes 589123
procs_running 3
procs_blocked 0
softirq 1176838072 829492551 34073526 783774 93693424 482046 0 142991471 45929025 1039 29391216

cpu  970844 40531 1553735 544250374 119254 0 3549235 0 0 0
cpu0 123832 9825 213043 136381565 32314 0 845131 0 0 0
cpu1 543886 11232 840108 135078390 24660 0 985079 0 0 0
cpu2 154990 4139 261844 136399711 32296 0 874241 0 0 0
cpu3 148135 15334 238738 136390707 29983 0 844784 0 0 0
intr 12717808711 0 0 2801621 81 0 789324 37592796 0 0 0 9774759 0 0 0 0 0 0 0 0 0 0 0 0 0 0 0 0 0 0 0 0 0 0 0 0 0 0 0 0 0 0 0 0 0 0 0 0 0 0 0 0 3030540655 0 0 0 0 0 0 0 0 964248 0 482135 0 0 0 0 0 0 0 0 0 0 0 809362282 1 0 0 0 0 0 0 0 0 0 0 0 0 0 0 0 0 0 0 0 0 0 0 474370 4219 0 0 0 0 20722552 0 0 0 0 0 0 0 0 0 0 0 0 0 0 0 0 0 0 0 0 0 0 0 0 0 0 0 0 0 0 0 0 0 0 0 0 0 0 0 0 0 0 0 0 0 0 0 0 0 0 0 0 0 0 0 0 0 0 0 0 0 0 0 0 0 0 0 0 0 0 0 0 0 0 0 214365077 0 0 0
ctxt 450899617
btime 1669654930
processes 589123
procs_running 3
procs_blocked 0
softirq 1176845233 829498952 34073553 783775 93693513 482046 0 142992017 45929103 1039 29391235

cpu  970856 40531 1553741 544250518 119254 0 3549252 0 0 0
cpu0 123832 9825 213044 136381607 32314 0 845132 0 0 0
cpu1 543890 11232 840110 135078423 24660 0 985083 0 0 0
cpu2 154995 4139 261846 136399744 32296 0 874247 0 0 0
cpu3 148139 15334 238739 136390742 29983 0 844788 0 0 0
intr 12717820477 0 0 2801625 81 0 789324 37592915 0 0 0 9774764 0 0 0 0 0 0 0 0 0 0 0 0 0 0 0 0 0 0 0 0 0 0 0 0 0 0 0 0 0 0 0 0 0 0 0 0 0 0 0 0 3030547874 0 0 0 0 0 0 0 0 964249 0 482135 0 0 0 0 0 0 0 0 0 0 0 809365517 1 0 0 0 0 0 0 0 0 0 0 0 0 0 0 0 0 0 0 0 0 0 0 474370 4219 0 0 0 0 20722567 0 0 0 0 0 0 0 0 0 0 0 0 0 0 0 0 0 0 0 0 0 0 0 0 0 0 0 0 0 0 0 0 0 0 0 0 0 0 0 0 0 0 0 0 0 0 0 0 0 0 0 0 0 0 0 0 0 0 0 0 0 0 0 0 0 0 0 0 0 0 0 0 0 0 0 214366245 0 0 0
ctxt 450902157
btime 1669654930
processes 589123
procs_running 1
procs_blocked 0
softirq 1176851894 829504865 34073581 783777 93693598 482046 0 142992545 45929191 1039 29391252

cpu  970870 40531 1553746 544250671 119254 0 3549268 0 0 0
cpu0 123832 9825 213044 136381650 32314 0 845135 0 0 0
cpu1 543895 11232 840112 135078460 24660 0 985088 0 0 0
cpu2 154999 4139 261848 136399781 32296 0 874252 0 0 0
cpu3 148143 15334 238741 136390779 29983 0 844792 0 0 0
intr 12717831175 0 0 2801625 81 0 789324 37593020 0 0 0 9774769 0 0 0 0 0 0 0 0 0 0 0 0 0 0 0 0 0 0 0 0 0 0 0 0 0 0 0 0 0 0 0 0 0 0 0 0 0 0 0 0 3030554534 0 0 0 0 0 0 0 0 964250 0 482135 0 0 0 0 0 0 0 0 0 0 0 809368212 1 0 0 0 0 0 0 0 0 0 0 0 0 0 0 0 0 0 0 0 0 0 0 474370 4219 0 0 0 0 20722582 0 0 0 0 0 0 0 0 0 0 0 0 0 0 0 0 0 0 0 0 0 0 0 0 0 0 0 0 0 0 0 0 0 0 0 0 0 0 0 0 0 0 0 0 0 0 0 0 0 0 0 0 0 0 0 0 0 0 0 0 0 0 0 0 0 0 0 0 0 0 0 0 0 0 0 214367462 0 0 0
ctxt 450904724
btime 1669654930
processes 589123
procs_running 2
procs_blocked 0
softirq 1176857338 829509666 34073601 783777 93693665 482046 0 142992989 45929285 1039 29391270

cpu  970872 40531 1553751 544250857 119254 0 3549268 0 0 0
cpu0 123832 9825 213044 136381699 32314 0 845135 0 0 0
cpu1 543895 11232 840114 135078505 24660 0 985088 0 0 0
cpu2 155000 4139 261850 136399826 32296 0 874252 0 0 0
cpu3 148144 15334 238743 136390825 29983 0 844792 0 0 0
intr 12717836819 0 0 2801633 81 0 789324 37593053 0 0 0 9774774 0 0 0 0 0 0 0 0 0 0 0 0 0 0 0 0 0 0 0 0 0 0 0 0 0 0 0 0 0 0 0 0 0 0 0 0 0 0 0 0 3030558551 0 0 0 0 0 0 0 0 964251 0 482135 0 0 0 0 0 0 0 0 0 0 0 809368362 1 0 0 0 0 0 0 0 0 0 0 0 0 0 0 0 0 0 0 0 0 0 0 474370 4219 0 0 0 0 20722597 0 0 0 0 0 0 0 0 0 0 0 0 0 0 0 0 0 0 0 0 0 0 0 0 0 0 0 0 0 0 0 0 0 0 0 0 0 0 0 0 0 0 0 0 0 0 0 0 0 0 0 0 0 0 0 0 0 0 0 0 0 0 0 0 0 0 0 0 0 0 0 0 0 0 0 214368876 0 0 0
ctxt 450907535
btime 1669654930
processes 589123
procs_running 1
procs_blocked 0
softirq 1176857434 829509674 34073618 783777 93693666 482046 0 142993003 45929326 1039 29391285

cpu  970873 40531 1553758 544251044 119254 0 3549268 0 0 0
cpu0 123832 9825 213044 136381748 32314 0 845135 0 0 0
cpu1 543895 11232 840116 135078552 24660 0 985088 0 0 0
cpu2 155001 4139 261852 136399872 32296 0 874252 0 0 0
cpu3 148144 15334 238745 136390871 29983 0 844792 0 0 0
intr 12717842425 0 0 2801642 81 0 789324 37593079 0 0 0 9774779 0 0 0 0 0 0 0 0 0 0 0 0 0 0 0 0 0 0 0 0 0 0 0 0 0 0 0 0 0 0 0 0 0 0 0 0 0 0 0 0 3030562555 0 0 0 0 0 0 0 0 964252 0 482135 0 0 0 0 0 0 0 0 0 0 0 809368492 1 0 0 0 0 0 0 0 0 0 0 0 0 0 0 0 0 0 0 0 0 0 0 474370 4219 0 0 0 0 20722612 0 0 0 0 0 0 0 0 0 0 0 0 0 0 0 0 0 0 0 0 0 0 0 0 0 0 0 0 0 0 0 0 0 0 0 0 0 0 0 0 0 0 0 0 0 0 0 0 0 0 0 0 0 0 0 0 0 0 0 0 0 0 0 0 0 0 0 0 0 0 0 0 0 0 0 214370294 0 0 0
ctxt 450910332
btime 1669654930
processes 589123
procs_running 1
procs_blocked 0
softirq 1176857520 829509674 34073636 783777 93693667 482046 0 142993016 45929365 1039 29391300

cpu  970875 40531 1553762 544251231 119254 0 3549268 0 0 0
cpu0 123832 9825 213044 136381797 32314 0 845135 0 0 0
cpu1 543896 11232 840118 135078597 24660 0 985088 0 0 0
cpu2 155002 4139 261853 136399918 32296 0 874252 0 0 0
cpu3 148144 15334 238747 136390917 29983 0 844792 0 0 0
intr 12717848091 0 0 2801650 81 0 789324 37593118 0 0 0 9774784 0 0 0 0 0 0 0 0 0 0 0 0 0 0 0 0 0 0 0 0 0 0 0 0 0 0 0 0 0 0 0 0 0 0 0 0 0 0 0 0 3030566575 0 0 0 0 0 0 0 0 964253 0 482135 0 0 0 0 0 0 0 0 0 0 0 809368644 1 0 0 0 0 0 0 0 0 0 0 0 0 0 0 0 0 0 0 0 0 0 0 474370 4219 0 0 0 0 20722637 0 0 0 0 0 0 0 0 0 0 0 0 0 0 0 0 0 0 0 0 0 0 0 0 0 0 0 0 0 0 0 0 0 0 0 0 0 0 0 0 0 0 0 0 0 0 0 0 0 0 0 0 0 0 0 0 0 0 0 0 0 0 0 0 0 0 0 0 0 0 0 0 0 0 0 214371710 0 0 0
ctxt 450913169
btime 1669654930
processes 589123
procs_running 2
procs_blocked 0
softirq 1176857631 829509682 34073657 783777 93693669 482046 0 142993038 45929409 1039 29391314

cpu  970876 40531 1553766 544251417 119254 0 3549268 0 0 0
cpu0 123832 9825 213044 136381847 32314 0 845135 0 0 0
cpu1 543896 11232 840118 135078643 24660 0 985088 0 0 0
cpu2 155002 4139 261854 136399963 32296 0 874252 0 0 0
cpu3 148144 15334 238748 136390963 29983 0 844792 0 0 0
intr 12717853678 0 0 2801654 81 0 789324 37593140 0 0 0 9774789 0 0 0 0 0 0 0 0 0 0 0 0 0 0 0 0 0 0 0 0 0 0 0 0 0 0 0 0 0 0 0 0 0 0 0 0 0 0 0 0 3030570579 0 0 0 0 0 0 0 0 964254 0 482135 0 0 0 0 0 0 0 0 0 0 0 809368774 1 0 0 0 0 0 0 0 0 0 0 0 0 0 0 0 0 0 0 0 0 0 0 474370 4219 0 0 0 0 20722652 0 0 0 0 0 0 0 0 0 0 0 0 0 0 0 0 0 0 0 0 0 0 0 0 0 0 0 0 0 0 0 0 0 0 0 0 0 0 0 0 0 0 0 0 0 0 0 0 0 0 0 0 0 0 0 0 0 0 0 0 0 0 0 0 0 0 0 0 0 0 0 0 0 0 0 214373115 0 0 0
ctxt 450915949
btime 1669654930
processes 589123
procs_running 1
procs_blocked 0
softirq 1176857713 829509682 34073673 783777 93693670 482046 0 142993051 45929446 1039 29391329

cpu  970877 40531 1553770 544251604 119254 0 3549268 0 0 0
cpu0 123832 9825 213044 136381896 32314 0 845135 0 0 0
cpu1 543896 11232 840120 135078689 24660 0 985088 0 0 0
cpu2 155003 4139 261856 136400009 32296 0 874252 0 0 0
cpu3 148144 15334 238750 136391009 29983 0 844792 0 0 0
intr 12717859314 0 0 2801662 81 0 789324 37593173 0 0 0 9774794 0 0 0 0 0 0 0 0 0 0 0 0 0 0 0 0 0 0 0 0 0 0 0 0 0 0 0 0 0 0 0 0 0 0 0 0 0 0 0 0 3030574596 0 0 0 0 0 0 0 0 964255 0 482135 0 0 0 0 0 0 0 0 0 0 0 809368926 1 0 0 0 0 0 0 0 0 0 0 0 0 0 0 0 0 0 0 0 0 0 0 474370 4219 0 0 0 0 20722667 0 0 0 0 0 0 0 0 0 0 0 0 0 0 0 0 0 0 0 0 0 0 0 0 0 0 0 0 0 0 0 0 0 0 0 0 0 0 0 0 0 0 0 0 0 0 0 0 0 0 0 0 0 0 0 0 0 0 0 0 0 0 0 0 0 0 0 0 0 0 0 0 0 0 0 214374520 0 0 0
ctxt 450918763
btime 1669654930
processes 589123
procs_running 1
procs_blocked 0
softirq 1176857803 829509690 34073690 783777 93693671 482046 0 142993065 45929482 1039 29391343

cpu  970878 40531 1553777 544251790 119255 0 3549268 0 0 0
cpu0 123832 9825 213044 136381945 32314 0 845135 0 0 0
cpu1 543896 11232 840122 135078735 24660 0 985089 0 0 0
cpu2 155003 4139 261858 136400054 32296 0 874252 0 0 0
cpu3 148145 15334 238752 136391054 29983 0 844792 0 0 0
intr 12717864942 0 0 2801671 81 0 789325 37593208 0 0 0 9774799 0 0 0 0 0 0 0 0 0 0 0 0 0 0 0 0 0 0 0 0 0 0 0 0 0 0 0 0 0 0 0 0 0 0 0 0 0 0 0 0 3030578600 0 0 0 0 0 0 0 0 964256 0 482138 0 0 0 0 0 0 0 0 0 0 0 809369056 1 0 0 0 0 0 0 0 0 0 0 0 0 0 0 0 0 0 0 0 0 0 0 474373 4219 0 0 0 0 20722682 0 0 0 0 0 0 0 0 0 0 0 0 0 0 0 0 0 0 0 0 0 0 0 0 0 0 0 0 0 0 0 0 0 0 0 0 0 0 0 0 0 0 0 0 0 0 0 0 0 0 0 0 0 0 0 0 0 0 0 0 0 0 0 0 0 0 0 0 0 0 0 0 0 0 0 214375942 0 0 0
ctxt 450921601
btime 1669654930
processes 589123
procs_running 1
procs_blocked 0
softirq 1176857917 829509690 34073707 783777 93693672 482049 0 142993087 45929531 1039 29391365

cpu  970878 40531 1553780 544251976 119255 0 3549268 0 0 0
cpu0 123832 9825 213044 136381995 32314 0 845135 0 0 0
cpu1 543896 11232 840123 135078781 24660 0 985089 0 0 0
cpu2 155004 4139 261860 136400099 32296 0 874252 0 0 0
cpu3 148145 15334 238752 136391100 29983 0 844792 0 0 0
intr 12717870579 0 0 2801679 81 0 789325 37593239 0 0 0 9774804 0 0 0 0 0 0 0 0 0 0 0 0 0 0 0 0 0 0 0 0 0 0 0 0 0 0 0 0 0 0 0 0 0 0 0 0 0 0 0 0 3030582616 0 0 0 0 0 0 0 0 964257 0 482138 0 0 0 0 0 0 0 0 0 0 0 809369208 1 0 0 0 0 0 0 0 0 0 0 0 0 0 0 0 0 0 0 0 0 0 0 474373 4219 0 0 0 0 20722697 0 0 0 0 0 0 0 0 0 0 0 0 0 0 0 0 0 0 0 0 0 0 0 0 0 0 0 0 0 0 0 0 0 0 0 0 0 0 0 0 0 0 0 0 0 0 0 0 0 0 0 0 0 0 0 0 0 0 0 0 0 0 0 0 0 0 0 0 0 0 0 0 0 0 0 214377352 0 0 0
ctxt 450924421
btime 1669654930
processes 589123
procs_running 1
procs_blocked 0
softirq 1176858009 829509698 34073726 783777 93693673 482049 0 142993101 45929567 1039 29391379

cpu  970880 40531 1553784 544252164 119255 0 3549268 0 0 0
cpu0 123832 9825 213044 136382044 32314 0 845135 0 0 0
cpu1 543897 11232 840124 135078827 24660 0 985089 0 0 0
cpu2 155004 4139 261861 136400145 32296 0 874252 0 0 0
cpu3 148146 15334 238754 136391146 29983 0 844792 0 0 0
intr 12717876179 0 0 2801687 81 0 789325 37593266 0 0 0 9774809 0 0 0 0 0 0 0 0 0 0 0 0 0 0 0 0 0 0 0 0 0 0 0 0 0 0 0 0 0 0 0 0 0 0 0 0 0 0 0 0 3030586619 0 0 0 0 0 0 0 0 964258 0 482138 0 0 0 0 0 0 0 0 0 0 0 809369338 1 0 0 0 0 0 0 0 0 0 0 0 0 0 0 0 0 0 0 0 0 0 0 474373 4219 0 0 0 0 20722712 0 0 0 0 0 0 0 0 0 0 0 0 0 0 0 0 0 0 0 0 0 0 0 0 0 0 0 0 0 0 0 0 0 0 0 0 0 0 0 0 0 0 0 0 0 0 0 0 0 0 0 0 0 0 0 0 0 0 0 0 0 0 0 0 0 0 0 0 0 0 0 0 0 0 0 214378762 0 0 0
ctxt 450927219
btime 1669654930
processes 589123
procs_running 1
procs_blocked 0
softirq 1176858092 829509698 34073741 783777 93693674 482049 0 142993114 45929607 1039 29391393

cpu  970881 40531 1553790 544252350 119255 0 3549268 0 0 0
cpu0 123832 9825 213044 136382093 32314 0 845135 0 0 0
cpu1 543897 11232 840126 135078873 24660 0 985089 0 0 0
cpu2 155005 4139 261862 136400191 32296 0 874252 0 0 0
cpu3 148146 15334 238757 136391192 29983 0 844792 0 0 0
intr 12717881844 0 0 2801695 81 0 789325 37593304 0 0 0 9774814 0 0 0 0 0 0 0 0 0 0 0 0 0 0 0 0 0 0 0 0 0 0 0 0 0 0 0 0 0 0 0 0 0 0 0 0 0 0 0 0 3030590641 0 0 0 0 0 0 0 0 964259 0 482138 0 0 0 0 0 0 0 0 0 0 0 809369490 1 0 0 0 0 0 0 0 0 0 0 0 0 0 0 0 0 0 0 0 0 0 0 474373 4219 0 0 0 0 20722733 0 0 0 0 0 0 0 0 0 0 0 0 0 0 0 0 0 0 0 0 0 0 0 0 0 0 0 0 0 0 0 0 0 0 0 0 0 0 0 0 0 0 0 0 0 0 0 0 0 0 0 0 0 0 0 0 0 0 0 0 0 0 0 0 0 0 0 0 0 0 0 0 0 0 0 214380180 0 0 0
ctxt 450930048
btime 1669654930
processes 589123
procs_running 1
procs_blocked 0
softirq 1176858209 829509706 34073763 783778 93693676 482049 0 142993134 45929656 1039 29391408

cpu  970884 40531 1553797 544252537 119255 0 3549268 0 0 0
cpu0 123832 9825 213044 136382143 32314 0 845135 0 0 0
cpu1 543898 11232 840127 135078919 24660 0 985089 0 0 0
cpu2 155006 4139 261865 136400237 32296 0 874252 0 0 0
cpu3 148146 15334 238760 136391238 29983 0 844792 0 0 0
intr 12717887478 0 0 2801704 81 0 789325 37593338 0 0 0 9774819 0 0 0 0 0 0 0 0 0 0 0 0 0 0 0 0 0 0 0 0 0 0 0 0 0 0 0 0 0 0 0 0 0 0 0 0 0 0 0 0 3030594645 0 0 0 0 0 0 0 0 964260 0 482138 0 0 0 0 0 0 0 0 0 0 0 809369620 1 0 0 0 0 0 0 0 0 0 0 0 0 0 0 0 0 0 0 0 0 0 0 474373 4219 0 0 0 0 20722760 0 0 0 0 0 0 0 0 0 0 0 0 0 0 0 0 0 0 0 0 0 0 0 0 0 0 0 0 0 0 0 0 0 0 0 0 0 0 0 0 0 0 0 0 0 0 0 0 0 0 0 0 0 0 0 0 0 0 0 0 0 0 0 0 0 0 0 0 0 0 0 0 0 0 0 214381605 0 0 0
ctxt 450932862
btime 1669654930
processes 589123
procs_running 2
procs_blocked 0
softirq 1176858311 829509706 34073779 783778 93693678 482049 0 142993155 45929703 1039 29391424

cpu  970886 40531 1553802 544252724 119255 0 3549268 0 0 0
cpu0 123832 9825 213044 136382192 32314 0 845135 0 0 0
cpu1 543898 11232 840129 135078964 24660 0 985089 0 0 0
cpu2 155007 4139 261866 136400283 32296 0 874252 0 0 0
cpu3 148148 15334 238761 136391284 29983 0 844792 0 0 0
intr 12717893136 0 0 2801716 81 0 789325 37593372 0 0 0 9774824 0 0 0 0 0 0 0 0 0 0 0 0 0 0 0 0 0 0 0 0 0 0 0 0 0 0 0 0 0 0 0 0 0 0 0 0 0 0 0 0 3030598665 0 0 0 0 0 0 0 0 964261 0 482138 0 0 0 0 0 0 0 0 0 0 0 809369772 1 0 0 0 0 0 0 0 0 0 0 0 0 0 0 0 0 0 0 0 0 0 0 474373 4219 0 0 0 0 20722775 0 0 0 0 0 0 0 0 0 0 0 0 0 0 0 0 0 0 0 0 0 0 0 0 0 0 0 0 0 0 0 0 0 0 0 0 0 0 0 0 0 0 0 0 0 0 0 0 0 0 0 0 0 0 0 0 0 0 0 0 0 0 0 0 0 0 0 0 0 0 0 0 0 0 0 214383022 0 0 0
ctxt 450935682
btime 1669654930
processes 589123
procs_running 2
procs_blocked 0
softirq 1176858412 829509714 34073799 783778 93693679 482049 0 142993169 45929745 1039 29391440

cpu  970891 40531 1553809 544252904 119255 0 3549268 0 0 0
cpu0 123833 9825 213045 136382238 32314 0 845135 0 0 0
cpu1 543899 11232 840130 135079010 24660 0 985089 0 0 0
cpu2 155008 4139 261869 136400327 32296 0 874252 0 0 0
cpu3 148150 15334 238764 136391328 29983 0 844792 0 0 0
intr 12717898872 0 0 2801726 81 0 789337 37593445 0 0 0 9774829 0 0 0 0 0 0 0 0 0 0 0 0 0 0 0 0 0 0 0 0 0 0 0 0 0 0 0 0 0 0 0 0 0 0 0 0 0 0 0 0 3030602670 0 0 0 0 0 0 0 0 964262 0 482138 0 0 0 0 0 0 0 0 0 0 0 809369902 1 0 0 0 0 0 0 0 0 0 0 0 0 0 0 0 0 0 0 0 0 0 0 474373 4219 0 0 0 0 20722807 0 0 0 0 0 0 0 0 0 0 0 0 0 0 0 0 0 0 0 0 0 0 0 0 0 0 0 0 0 0 0 0 0 0 0 0 0 0 0 0 0 0 0 0 0 0 0 0 0 0 0 0 0 0 0 0 0 0 0 0 0 0 0 0 0 0 0 0 0 0 0 0 0 0 0 214384491 0 0 0
ctxt 450938604
btime 1669654930
processes 589134
procs_running 1
procs_blocked 0
softirq 1176858638 829509714 34073832 783778 93693682 482049 0 142993195 45929832 1039 29391517

cpu  970893 40531 1553814 544253091 119255 0 3549268 0 0 0
cpu0 123833 9825 213045 136382288 32314 0 845135 0 0 0
cpu1 543899 11232 840131 135079055 24660 0 985089 0 0 0
cpu2 155009 4139 261871 136400373 32296 0 874252 0 0 0
cpu3 148150 15334 238765 136391374 29983 0 844792 0 0 0
intr 12717904556 0 0 2801734 81 0 789337 37593488 0 0 0 9774834 0 0 0 0 0 0 0 0 0 0 0 0 0 0 0 0 0 0 0 0 0 0 0 0 0 0 0 0 0 0 0 0 0 0 0 0 0 0 0 0 3030606698 0 0 0 0 0 0 0 0 964263 0 482138 0 0 0 0 0 0 0 0 0 0 0 809370054 1 0 0 0 0 0 0 0 0 0 0 0 0 0 0 0 0 0 0 0 0 0 0 474373 4219 0 0 0 0 20722829 0 0 0 0 0 0 0 0 0 0 0 0 0 0 0 0 0 0 0 0 0 0 0 0 0 0 0 0 0 0 0 0 0 0 0 0 0 0 0 0 0 0 0 0 0 0 0 0 0 0 0 0 0 0 0 0 0 0 0 0 0 0 0 0 0 0 0 0 0 0 0 0 0 0 0 214385916 0 0 0
ctxt 450941455
btime 1669654930
processes 589134
procs_running 2
procs_blocked 0
softirq 1176858765 829509722 34073855 783778 93693683 482049 0 142993217 45929880 1039 29391542

cpu  970893 40531 1553819 544253277 119255 0 3549268 0 0 0
cpu0 123833 9825 213045 136382337 32314 0 845135 0 0 0
cpu1 543900 11232 840133 135079101 24660 0 985089 0 0 0
cpu2 155009 4139 261872 136400419 32296 0 874252 0 0 0
cpu3 148150 15334 238767 136391419 29983 0 844792 0 0 0
intr 12717910159 0 0 2801743 81 0 789337 37593518 0 0 0 9774839 0 0 0 0 0 0 0 0 0 0 0 0 0 0 0 0 0 0 0 0 0 0 0 0 0 0 0 0 0 0 0 0 0 0 0 0 0 0 0 0 3030610695 0 0 0 0 0 0 0 0 964264 0 482138 0 0 0 0 0 0 0 0 0 0 0 809370184 1 0 0 0 0 0 0 0 0 0 0 0 0 0 0 0 0 0 0 0 0 0 0 474373 4219 0 0 0 0 20722851 0 0 0 0 0 0 0 0 0 0 0 0 0 0 0 0 0 0 0 0 0 0 0 0 0 0 0 0 0 0 0 0 0 0 0 0 0 0 0 0 0 0 0 0 0 0 0 0 0 0 0 0 0 0 0 0 0 0 0 0 0 0 0 0 0 0 0 0 0 0 0 0 0 0 0 214387325 0 0 0
ctxt 450944260
btime 1669654930
processes 589134
procs_running 2
procs_blocked 0
softirq 1176858854 829509722 34073871 783778 93693685 482049 0 142993236 45929920 1039 29391554

cpu  970895 40531 1553824 544253464 119255 0 3549268 0 0 0
cpu0 123833 9825 213045 136382386 32314 0 845135 0 0 0
cpu1 543900 11232 840134 135079147 24660 0 985089 0 0 0
cpu2 155010 4139 261874 136400465 32296 0 874252 0 0 0
cpu3 148151 15334 238769 136391465 29983 0 844792 0 0 0
intr 12717915810 0 0 2801751 81 0 789337 37593548 0 0 0 9774844 0 0 0 0 0 0 0 0 0 0 0 0 0 0 0 0 0 0 0 0 0 0 0 0 0 0 0 0 0 0 0 0 0 0 0 0 0 0 0 0 3030614722 0 0 0 0 0 0 0 0 964265 0 482138 0 0 0 0 0 0 0 0 0 0 0 809370336 1 0 0 0 0 0 0 0 0 0 0 0 0 0 0 0 0 0 0 0 0 0 0 474373 4219 0 0 0 0 20722866 0 0 0 0 0 0 0 0 0 0 0 0 0 0 0 0 0 0 0 0 0 0 0 0 0 0 0 0 0 0 0 0 0 0 0 0 0 0 0 0 0 0 0 0 0 0 0 0 0 0 0 0 0 0 0 0 0 0 0 0 0 0 0 0 0 0 0 0 0 0 0 0 0 0 0 214388738 0 0 0
ctxt 450947082
btime 1669654930
processes 589134
procs_running 1
procs_blocked 0
softirq 1176858952 829509730 34073890 783778 93693686 482049 0 142993252 45929961 1039 29391567

cpu  970897 40531 1553831 544253651 119255 0 3549268 0 0 0
cpu0 123833 9825 213045 136382436 32314 0 845135 0 0 0
cpu1 543900 11232 840137 135079192 24660 0 985089 0 0 0
cpu2 155011 4139 261876 136400511 32296 0 874252 0 0 0
cpu3 148151 15334 238771 136391511 29983 0 844792 0 0 0
intr 12717921423 0 0 2801759 81 0 789337 37593576 0 0 0 9774849 0 0 0 0 0 0 0 0 0 0 0 0 0 0 0 0 0 0 0 0 0 0 0 0 0 0 0 0 0 0 0 0 0 0 0 0 0 0 0 0 3030618719 0 0 0 0 0 0 0 0 964266 0 482138 0 0 0 0 0 0 0 0 0 0 0 809370466 1 0 0 0 0 0 0 0 0 0 0 0 0 0 0 0 0 0 0 0 0 0 0 474373 4219 0 0 0 0 20722888 0 0 0 0 0 0 0 0 0 0 0 0 0 0 0 0 0 0 0 0 0 0 0 0 0 0 0 0 0 0 0 0 0 0 0 0 0 0 0 0 0 0 0 0 0 0 0 0 0 0 0 0 0 0 0 0 0 0 0 0 0 0 0 0 0 0 0 0 0 0 0 0 0 0 0 214390160 0 0 0
ctxt 450949891
btime 1669654930
processes 589134
procs_running 2
procs_blocked 0
softirq 1176859051 829509730 34073909 783778 93693688 482049 0 142993271 45930007 1039 29391580

cpu  970898 40531 1553834 544253838 119255 0 3549268 0 0 0
cpu0 123833 9825 213045 136382485 32314 0 845135 0 0 0
cpu1 543901 11232 840138 135079238 24660 0 985089 0 0 0
cpu2 155011 4139 261877 136400556 32296 0 874252 0 0 0
cpu3 148151 15334 238773 136391557 29983 0 844792 0 0 0
intr 12717927085 0 0 2801767 81 0 789337 37593608 0 0 0 9774854 0 0 0 0 0 0 0 0 0 0 0 0 0 0 0 0 0 0 0 0 0 0 0 0 0 0 0 0 0 0 0 0 0 0 0 0 0 0 0 0 3030622748 0 0 0 0 0 0 0 0 964267 0 482140 0 0 0 0 0 0 0 0 0 0 0 809370618 1 0 0 0 0 0 0 0 0 0 0 0 0 0 0 0 0 0 0 0 0 0 0 474375 4219 0 0 0 0 20722903 0 0 0 0 0 0 0 0 0 0 0 0 0 0 0 0 0 0 0 0 0 0 0 0 0 0 0 0 0 0 0 0 0 0 0 0 0 0 0 0 0 0 0 0 0 0 0 0 0 0 0 0 0 0 0 0 0 0 0 0 0 0 0 0 0 0 0 0 0 0 0 0 0 0 0 214391575 0 0 0
ctxt 450952727
btime 1669654930
processes 589134
procs_running 2
procs_blocked 0
softirq 1176859158 829509738 34073929 783778 93693689 482051 0 142993292 45930049 1039 29391593

cpu  970898 40531 1553840 544254025 119255 0 3549268 0 0 0
cpu0 123833 9825 213045 136382534 32314 0 845135 0 0 0
cpu1 543902 11232 840140 135079284 24660 0 985089 0 0 0
cpu2 155011 4139 261879 136400602 32296 0 874252 0 0 0
cpu3 148151 15334 238774 136391603 29983 0 844792 0 0 0
intr 12717932676 0 0 2801776 81 0 789337 37593635 0 0 0 9774859 0 0 0 0 0 0 0 0 0 0 0 0 0 0 0 0 0 0 0 0 0 0 0 0 0 0 0 0 0 0 0 0 0 0 0 0 0 0 0 0 3030626745 0 0 0 0 0 0 0 0 964268 0 482140 0 0 0 0 0 0 0 0 0 0 0 809370748 1 0 0 0 0 0 0 0 0 0 0 0 0 0 0 0 0 0 0 0 0 0 0 474375 4219 0 0 0 0 20722918 0 0 0 0 0 0 0 0 0 0 0 0 0 0 0 0 0 0 0 0 0 0 0 0 0 0 0 0 0 0 0 0 0 0 0 0 0 0 0 0 0 0 0 0 0 0 0 0 0 0 0 0 0 0 0 0 0 0 0 0 0 0 0 0 0 0 0 0 0 0 0 0 0 0 0 214392984 0 0 0
ctxt 450955514
btime 1669654930
processes 589134
procs_running 2
procs_blocked 0
softirq 1176859235 829509738 34073944 783778 93693690 482051 0 142993305 45930085 1039 29391605

cpu  970900 40531 1553843 544254212 119255 0 3549268 0 0 0
cpu0 123833 9825 213045 136382584 32314 0 845135 0 0 0
cpu1 543902 11232 840141 135079330 24660 0 985089 0 0 0
cpu2 155012 4139 261880 136400648 32296 0 874252 0 0 0
cpu3 148152 15334 238775 136391649 29983 0 844792 0 0 0
intr 12717938319 0 0 2801784 81 0 789338 37593664 0 0 0 9774864 0 0 0 0 0 0 0 0 0 0 0 0 0 0 0 0 0 0 0 0 0 0 0 0 0 0 0 0 0 0 0 0 0 0 0 0 0 0 0 0 3030630766 0 0 0 0 0 0 0 0 964269 0 482140 0 0 0 0 0 0 0 0 0 0 0 809370900 1 0 0 0 0 0 0 0 0 0 0 0 0 0 0 0 0 0 0 0 0 0 0 474375 4219 0 0 0 0 20722933 0 0 0 0 0 0 0 0 0 0 0 0 0 0 0 0 0 0 0 0 0 0 0 0 0 0 0 0 0 0 0 0 0 0 0 0 0 0 0 0 0 0 0 0 0 0 0 0 0 0 0 0 0 0 0 0 0 0 0 0 0 0 0 0 0 0 0 0 0 0 0 0 0 0 0 214394393 0 0 0
ctxt 450958323
btime 1669654930
processes 589134
procs_running 1
procs_blocked 0
softirq 1176859324 829509746 34073961 783778 93693691 482051 0 142993320 45930119 1039 29391619

cpu  970901 40531 1553847 544254399 119255 0 3549268 0 0 0
cpu0 123833 9825 213045 136382633 32314 0 845135 0 0 0
cpu1 543902 11232 840142 135079376 24660 0 985089 0 0 0
cpu2 155013 4139 261881 136400694 32296 0 874252 0 0 0
cpu3 148152 15334 238778 136391694 29983 0 844792 0 0 0
intr 12717943908 0 0 2801792 81 0 789339 37593689 0 0 0 9774869 0 0 0 0 0 0 0 0 0 0 0 0 0 0 0 0 0 0 0 0 0 0 0 0 0 0 0 0 0 0 0 0 0 0 0 0 0 0 0 0 3030634770 0 0 0 0 0 0 0 0 964270 0 482140 0 0 0 0 0 0 0 0 0 0 0 809371030 1 0 0 0 0 0 0 0 0 0 0 0 0 0 0 0 0 0 0 0 0 0 0 474375 4219 0 0 0 0 20722948 0 0 0 0 0 0 0 0 0 0 0 0 0 0 0 0 0 0 0 0 0 0 0 0 0 0 0 0 0 0 0 0 0 0 0 0 0 0 0 0 0 0 0 0 0 0 0 0 0 0 0 0 0 0 0 0 0 0 0 0 0 0 0 0 0 0 0 0 0 0 0 0 0 0 0 214395797 0 0 0
ctxt 450961115
btime 1669654930
processes 589134
procs_running 3
procs_blocked 0
softirq 1176859395 829509746 34073976 783778 93693692 482051 0 142993333 45930149 1039 29391631

cpu  970902 40531 1553853 544254586 119255 0 3549268 0 0 0
cpu0 123833 9825 213045 136382683 32314 0 845135 0 0 0
cpu1 543902 11232 840145 135079422 24660 0 985089 0 0 0
cpu2 155014 4139 261883 136400739 32296 0 874252 0 0 0
cpu3 148152 15334 238779 136391740 29983 0 844792 0 0 0
intr 12717949560 0 0 2801800 81 0 789339 37593719 0 0 0 9774874 0 0 0 0 0 0 0 0 0 0 0 0 0 0 0 0 0 0 0 0 0 0 0 0 0 0 0 0 0 0 0 0 0 0 0 0 0 0 0 0 3030638795 0 0 0 0 0 0 0 0 964271 0 482140 0 0 0 0 0 0 0 0 0 0 0 809371182 1 0 0 0 0 0 0 0 0 0 0 0 0 0 0 0 0 0 0 0 0 0 0 474375 4219 0 0 0 0 20722963 0 0 0 0 0 0 0 0 0 0 0 0 0 0 0 0 0 0 0 0 0 0 0 0 0 0 0 0 0 0 0 0 0 0 0 0 0 0 0 0 0 0 0 0 0 0 0 0 0 0 0 0 0 0 0 0 0 0 0 0 0 0 0 0 0 0 0 0 0 0 0 0 0 0 0 214397210 0 0 0
ctxt 450963926
btime 1669654930
processes 589134
procs_running 1
procs_blocked 0
softirq 1176859498 829509754 34073997 783779 93693693 482051 0 142993348 45930193 1039 29391644

cpu  970903 40531 1553858 544254773 119255 0 3549268 0 0 0
cpu0 123833 9825 213045 136382732 32314 0 845135 0 0 0
cpu1 543902 11232 840146 135079468 24660 0 985089 0 0 0
cpu2 155014 4139 261884 136400785 32296 0 874252 0 0 0
cpu3 148152 15334 238782 136391786 29983 0 844792 0 0 0
intr 12717955157 0 0 2801809 81 0 789339 37593746 0 0 0 9774879 0 0 0 0 0 0 0 0 0 0 0 0 0 0 0 0 0 0 0 0 0 0 0 0 0 0 0 0 0 0 0 0 0 0 0 0 0 0 0 0 3030642791 0 0 0 0 0 0 0 0 964272 0 482140 0 0 0 0 0 0 0 0 0 0 0 809371310 1 0 0 0 0 0 0 0 0 0 0 0 0 0 0 0 0 0 0 0 0 0 0 474375 4219 0 0 0 0 20722978 0 0 0 0 0 0 0 0 0 0 0 0 0 0 0 0 0 0 0 0 0 0 0 0 0 0 0 0 0 0 0 0 0 0 0 0 0 0 0 0 0 0 0 0 0 0 0 0 0 0 0 0 0 0 0 0 0 0 0 0 0 0 0 0 0 0 0 0 0 0 0 0 0 0 0 214398626 0 0 0
ctxt 450966726
btime 1669654930
processes 589134
procs_running 1
procs_blocked 0
softirq 1176859576 829509754 34074012 783779 93693694 482051 0 142993361 45930230 1039 29391656

cpu  970904 40531 1553864 544254960 119255 0 3549268 0 0 0
cpu0 123833 9825 213045 136382781 32314 0 845135 0 0 0
cpu1 543902 11232 840148 135079514 24660 0 985089 0 0 0
cpu2 155014 4139 261886 136400831 32296 0 874252 0 0 0
cpu3 148153 15334 238784 136391832 29983 0 844792 0 0 0
intr 12717960834 0 0 2801817 81 0 789339 37593788 0 0 0 9774884 0 0 0 0 0 0 0 0 0 0 0 0 0 0 0 0 0 0 0 0 0 0 0 0 0 0 0 0 0 0 0 0 0 0 0 0 0 0 0 0 3030646820 0 0 0 0 0 0 0 0 964273 0 482140 0 0 0 0 0 0 0 0 0 0 0 809371462 1 0 0 0 0 0 0 0 0 0 0 0 0 0 0 0 0 0 0 0 0 0 0 474375 4219 0 0 0 0 20723003 0 0 0 0 0 0 0 0 0 0 0 0 0 0 0 0 0 0 0 0 0 0 0 0 0 0 0 0 0 0 0 0 0 0 0 0 0 0 0 0 0 0 0 0 0 0 0 0 0 0 0 0 0 0 0 0 0 0 0 0 0 0 0 0 0 0 0 0 0 0 0 0 0 0 0 214400041 0 0 0
ctxt 450969568
btime 1669654930
processes 589134
procs_running 1
procs_blocked 0
softirq 1176859673 829509762 34074029 783779 93693696 482051 0 142993382 45930267 1039 29391668

cpu  970905 40531 1553870 544255147 119255 0 3549268 0 0 0
cpu0 123833 9825 213045 136382831 32314 0 845135 0 0 0
cpu1 543902 11232 840150 135079560 24660 0 985089 0 0 0
cpu2 155016 4139 261888 136400876 32296 0 874252 0 0 0
cpu3 148153 15334 238786 136391878 29983 0 844792 0 0 0
intr 12717966441 0 0 2801825 81 0 789339 37593820 0 0 0 9774889 0 0 0 0 0 0 0 0 0 0 0 0 0 0 0 0 0 0 0 0 0 0 0 0 0 0 0 0 0 0 0 0 0 0 0 0 0 0 0 0 3030650818 0 0 0 0 0 0 0 0 964274 0 482140 0 0 0 0 0 0 0 0 0 0 0 809371594 1 0 0 0 0 0 0 0 0 0 0 0 0 0 0 0 0 0 0 0 0 0 0 474375 4219 0 0 0 0 20723018 0 0 0 0 0 0 0 0 0 0 0 0 0 0 0 0 0 0 0 0 0 0 0 0 0 0 0 0 0 0 0 0 0 0 0 0 0 0 0 0 0 0 0 0 0 0 0 0 0 0 0 0 0 0 0 0 0 0 0 0 0 0 0 0 0 0 0 0 0 0 0 0 0 0 0 214401457 0 0 0
ctxt 450972366
btime 1669654930
processes 589134
procs_running 2
procs_blocked 0
softirq 1176859766 829509764 34074047 783779 93693698 482051 0 142993397 45930309 1039 29391682

cpu  970906 40531 1553875 544255334 119255 0 3549268 0 0 0
cpu0 123833 9825 213045 136382880 32314 0 845135 0 0 0
cpu1 543902 11232 840152 135079606 24660 0 985089 0 0 0
cpu2 155016 4139 261889 136400922 32296 0 874252 0 0 0
cpu3 148154 15334 238788 136391924 29983 0 844792 0 0 0
intr 12717972101 0 0 2801833 81 0 789339 37593853 0 0 0 9774894 0 0 0 0 0 0 0 0 0 0 0 0 0 0 0 0 0 0 0 0 0 0 0 0 0 0 0 0 0 0 0 0 0 0 0 0 0 0 0 0 3030654846 0 0 0 0 0 0 0 0 964275 0 482140 0 0 0 0 0 0 0 0 0 0 0 809371746 1 0 0 0 0 0 0 0 0 0 0 0 0 0 0 0 0 0 0 0 0 0 0 474375 4219 0 0 0 0 20723033 0 0 0 0 0 0 0 0 0 0 0 0 0 0 0 0 0 0 0 0 0 0 0 0 0 0 0 0 0 0 0 0 0 0 0 0 0 0 0 0 0 0 0 0 0 0 0 0 0 0 0 0 0 0 0 0 0 0 0 0 0 0 0 0 0 0 0 0 0 0 0 0 0 0 0 214402875 0 0 0
ctxt 450975192
btime 1669654930
processes 589134
procs_running 1
procs_blocked 0
softirq 1176859862 829509772 34074065 783779 93693699 482051 0 142993411 45930351 1039 29391695

cpu  970909 40531 1553879 544255521 119255 0 3549268 0 0 0
cpu0 123833 9825 213046 136382929 32314 0 845135 0 0 0
cpu1 543903 11232 840153 135079652 24660 0 985089 0 0 0
cpu2 155018 4139 261890 136400968 32296 0 874252 0 0 0
cpu3 148154 15334 238790 136391970 29983 0 844792 0 0 0
intr 12717977698 0 0 2801842 81 0 789339 37593877 0 0 0 9774899 0 0 0 0 0 0 0 0 0 0 0 0 0 0 0 0 0 0 0 0 0 0 0 0 0 0 0 0 0 0 0 0 0 0 0 0 0 0 0 0 3030658842 0 0 0 0 0 0 0 0 964276 0 482140 0 0 0 0 0 0 0 0 0 0 0 809371876 1 0 0 0 0 0 0 0 0 0 0 0 0 0 0 0 0 0 0 0 0 0 0 474375 4219 0 0 0 0 20723048 0 0 0 0 0 0 0 0 0 0 0 0 0 0 0 0 0 0 0 0 0 0 0 0 0 0 0 0 0 0 0 0 0 0 0 0 0 0 0 0 0 0 0 0 0 0 0 0 0 0 0 0 0 0 0 0 0 0 0 0 0 0 0 0 0 0 0 0 0 0 0 0 0 0 0 214404292 0 0 0
ctxt 450977994
btime 1669654930
processes 589134
procs_running 1
procs_blocked 0
softirq 1176859948 829509772 34074081 783779 93693700 482051 0 142993424 45930394 1039 29391708

cpu  970910 40531 1553884 544255708 119255 0 3549268 0 0 0
cpu0 123833 9825 213046 136382978 32314 0 845135 0 0 0
cpu1 543903 11232 840154 135079698 24660 0 985089 0 0 0
cpu2 155018 4139 261891 136401013 32296 0 874252 0 0 0
cpu3 148154 15334 238792 136392016 29983 0 844792 0 0 0
intr 12717983344 0 0 2801850 81 0 789339 37593903 0 0 0 9774904 0 0 0 0 0 0 0 0 0 0 0 0 0 0 0 0 0 0 0 0 0 0 0 0 0 0 0 0 0 0 0 0 0 0 0 0 0 0 0 0 3030662868 0 0 0 0 0 0 0 0 964277 0 482140 0 0 0 0 0 0 0 0 0 0 0 809372028 1 0 0 0 0 0 0 0 0 0 0 0 0 0 0 0 0 0 0 0 0 0 0 474375 4219 0 0 0 0 20723063 0 0 0 0 0 0 0 0 0 0 0 0 0 0 0 0 0 0 0 0 0 0 0 0 0 0 0 0 0 0 0 0 0 0 0 0 0 0 0 0 0 0 0 0 0 0 0 0 0 0 0 0 0 0 0 0 0 0 0 0 0 0 0 0 0 0 0 0 0 0 0 0 0 0 0 214405706 0 0 0
ctxt 450980805
btime 1669654930
processes 589134
procs_running 2
procs_blocked 0
softirq 1176860038 829509780 34074097 783779 93693701 482051 0 142993438 45930432 1039 29391721

cpu  970912 40531 1553892 544255894 119255 0 3549268 0 0 0
cpu0 123833 9825 213046 136383028 32314 0 845135 0 0 0
cpu1 543903 11232 840157 135079744 24660 0 985089 0 0 0
cpu2 155019 4139 261893 136401059 32296 0 874252 0 0 0
cpu3 148155 15334 238795 136392062 29983 0 844792 0 0 0
intr 12717988943 0 0 2801858 81 0 789339 37593929 0 0 0 9774909 0 0 0 0 0 0 0 0 0 0 0 0 0 0 0 0 0 0 0 0 0 0 0 0 0 0 0 0 0 0 0 0 0 0 0 0 0 0 0 0 3030666863 0 0 0 0 0 0 0 0 964278 0 482140 0 0 0 0 0 0 0 0 0 0 0 809372158 1 0 0 0 0 0 0 0 0 0 0 0 0 0 0 0 0 0 0 0 0 0 0 474375 4219 0 0 0 0 20723078 0 0 0 0 0 0 0 0 0 0 0 0 0 0 0 0 0 0 0 0 0 0 0 0 0 0 0 0 0 0 0 0 0 0 0 0 0 0 0 0 0 0 0 0 0 0 0 0 0 0 0 0 0 0 0 0 0 0 0 0 0 0 0 0 0 0 0 0 0 0 0 0 0 0 0 214407124 0 0 0
ctxt 450983599
btime 1669654930
processes 589134
procs_running 2
procs_blocked 0
softirq 1176860124 829509780 34074114 783779 93693702 482051 0 142993452 45930473 1039 29391734

cpu  970914 40531 1553899 544256082 119255 0 3549268 0 0 0
cpu0 123833 9825 213046 136383077 32314 0 845135 0 0 0
cpu1 543903 11232 840160 135079790 24660 0 985089 0 0 0
cpu2 155020 4139 261895 136401105 32296 0 874252 0 0 0
cpu3 148156 15334 238797 136392108 29983 0 844792 0 0 0
intr 12717994597 0 0 2801866 81 0 789339 37593956 0 0 0 9774914 0 0 0 0 0 0 0 0 0 0 0 0 0 0 0 0 0 0 0 0 0 0 0 0 0 0 0 0 0 0 0 0 0 0 0 0 0 0 0 0 3030670891 0 0 0 0 0 0 0 0 964279 0 482140 0 0 0 0 0 0 0 0 0 0 0 809372310 1 0 0 0 0 0 0 0 0 0 0 0 0 0 0 0 0 0 0 0 0 0 0 474375 4219 0 0 0 0 20723093 0 0 0 0 0 0 0 0 0 0 0 0 0 0 0 0 0 0 0 0 0 0 0 0 0 0 0 0 0 0 0 0 0 0 0 0 0 0 0 0 0 0 0 0 0 0 0 0 0 0 0 0 0 0 0 0 0 0 0 0 0 0 0 0 0 0 0 0 0 0 0 0 0 0 0 214408542 0 0 0
ctxt 450986421
btime 1669654930
processes 589134
procs_running 2
procs_blocked 0
softirq 1176860216 829509788 34074130 783779 93693703 482051 0 142993465 45930514 1039 29391747
