cpu  365265 2182 420054 18654927 12229 0 736507 0 0 0
cpu0 8856 34 16664 4893521 4069 0 155126 0 0 0
cpu1 215094 0 184677 4405322 2058 0 215596 0 0 0
cpu2 98705 9 135595 4609341 3013 0 184219 0 0 0
cpu3 42609 2138 83118 4746742 3086 0 181565 0 0 0
intr 823699270 0 0 205736 75 0 60744 8264698 0 0 0 421696 0 0 0 0 0 0 0 0 0 0 0 0 0 0 0 0 0 0 0 0 0 0 0 0 0 0 0 0 0 0 0 0 0 0 0 0 0 0 0 0 563287254 0 0 0 0 0 0 0 0 45382 0 48942 0 0 0 0 0 0 0 0 0 0 0 149447477 1 0 0 0 0 0 0 0 0 0 0 0 0 0 0 0 0 0 0 0 0 0 0 43256 4215 0 0 0 0 2074551 0 0 0 0 0 0 0 0 0 0 0 0 0 0 0 0 0 0 0 0 0 0 0 0 0 0 0 0 0 0 0 0 0 0 0 0 0 0 0 0 0 0 0 0 0 0 0 0 0 0 0 0 0 0 0 0 0 0 0 0 0 0 0 0 0 0 0 0 0 0 0 0 0 0 0 99795244 0 0 0
ctxt 211372473
btime 1673393901
processes 37561
procs_running 1
procs_blocked 0
softirq 289575572 261225445 1912201 322343 4841129 48940 0 16318152 3785395 302 1121665

cpu  365266 2182 420061 18655111 12229 0 736507 0 0 0
cpu0 8856 34 16665 4893568 4069 0 155126 0 0 0
cpu1 215094 0 184679 4405367 2058 0 215596 0 0 0
cpu2 98705 9 135596 4609386 3013 0 184219 0 0 0
cpu3 42610 2138 83119 4746788 3086 0 181565 0 0 0
intr 823705391 0 0 205744 75 0 60744 8264737 0 0 0 421701 0 0 0 0 0 0 0 0 0 0 0 0 0 0 0 0 0 0 0 0 0 0 0 0 0 0 0 0 0 0 0 0 0 0 0 0 0 0 0 0 563291280 0 0 0 0 0 0 0 0 45382 0 48942 0 0 0 0 0 0 0 0 0 0 0 149447629 1 0 0 0 0 0 0 0 0 0 0 0 0 0 0 0 0 0 0 0 0 0 0 43256 4215 0 0 0 0 2074573 0 0 0 0 0 0 0 0 0 0 0 0 0 0 0 0 0 0 0 0 0 0 0 0 0 0 0 0 0 0 0 0 0 0 0 0 0 0 0 0 0 0 0 0 0 0 0 0 0 0 0 0 0 0 0 0 0 0 0 0 0 0 0 0 0 0 0 0 0 0 0 0 0 0 0 99797114 0 0 0
ctxt 211376200
btime 1673393901
processes 37561
procs_running 1
procs_blocked 0
softirq 289575676 261225453 1912220 322343 4841130 48940 0 16318171 3785441 302 1121676

cpu  365268 2182 420067 18655297 12229 0 736507 0 0 0
cpu0 8856 34 16666 4893618 4069 0 155126 0 0 0
cpu1 215095 0 184680 4405414 2058 0 215596 0 0 0
cpu2 98707 9 135598 4609432 3013 0 184219 0 0 0
cpu3 42610 2138 83122 4746832 3086 0 181565 0 0 0
intr 823711324 0 0 205744 75 0 60744 8264766 0 0 0 421706 0 0 0 0 0 0 0 0 0 0 0 0 0 0 0 0 0 0 0 0 0 0 0 0 0 0 0 0 0 0 0 0 0 0 0 0 0 0 0 0 563295284 0 0 0 0 0 0 0 0 45382 0 48942 0 0 0 0 0 0 0 0 0 0 0 149447759 1 0 0 0 0 0 0 0 0 0 0 0 0 0 0 0 0 0 0 0 0 0 0 43256 4215 0 0 0 0 2074595 0 0 0 0 0 0 0 0 0 0 0 0 0 0 0 0 0 0 0 0 0 0 0 0 0 0 0 0 0 0 0 0 0 0 0 0 0 0 0 0 0 0 0 0 0 0 0 0 0 0 0 0 0 0 0 0 0 0 0 0 0 0 0 0 0 0 0 0 0 0 0 0 0 0 0 99798857 0 0 0
ctxt 211379745
btime 1673393901
processes 37561
procs_running 1
procs_blocked 0
softirq 289575774 261225453 1912238 322343 4841131 48940 0 16318190 3785489 302 1121688

cpu  365270 2182 420074 18655482 12229 0 736507 0 0 0
cpu0 8856 34 16666 4893667 4069 0 155126 0 0 0
cpu1 215095 0 184683 4405458 2058 0 215596 0 0 0
cpu2 98708 9 135601 4609477 3013 0 184219 0 0 0
cpu3 42610 2138 83123 4746878 3086 0 181565 0 0 0
intr 823717350 0 0 205744 75 0 60745 8264805 0 0 0 421711 0 0 0 0 0 0 0 0 0 0 0 0 0 0 0 0 0 0 0 0 0 0 0 0 0 0 0 0 0 0 0 0 0 0 0 0 0 0 0 0 563299309 0 0 0 0 0 0 0 0 45382 0 48942 0 0 0 0 0 0 0 0 0 0 0 149447911 1 0 0 0 0 0 0 0 0 0 0 0 0 0 0 0 0 0 0 0 0 0 0 43256 4215 0 0 0 0 2074617 0 0 0 0 0 0 0 0 0 0 0 0 0 0 0 0 0 0 0 0 0 0 0 0 0 0 0 0 0 0 0 0 0 0 0 0 0 0 0 0 0 0 0 0 0 0 0 0 0 0 0 0 0 0 0 0 0 0 0 0 0 0 0 0 0 0 0 0 0 0 0 0 0 0 0 99800638 0 0 0
ctxt 211383343
btime 1673393901
processes 37561
procs_running 1
procs_blocked 0
softirq 289575876 261225461 1912255 322344 4841132 48940 0 16318208 3785539 302 1121695

cpu  365272 2182 420080 18655667 12229 0 736507 0 0 0
cpu0 8856 34 16666 4893716 4069 0 155126 0 0 0
cpu1 215097 0 184686 4405502 2058 0 215596 0 0 0
cpu2 98708 9 135602 4609522 3013 0 184219 0 0 0
cpu3 42611 2138 83125 4746925 3086 0 181565 0 0 0
intr 823723346 0 0 205745 75 0 60746 8264832 0 0 0 421716 0 0 0 0 0 0 0 0 0 0 0 0 0 0 0 0 0 0 0 0 0 0 0 0 0 0 0 0 0 0 0 0 0 0 0 0 0 0 0 0 563303304 0 0 0 0 0 0 0 0 45382 0 48942 0 0 0 0 0 0 0 0 0 0 0 149448041 1 0 0 0 0 0 0 0 0 0 0 0 0 0 0 0 0 0 0 0 0 0 0 43256 4215 0 0 0 0 2074639 0 0 0 0 0 0 0 0 0 0 0 0 0 0 0 0 0 0 0 0 0 0 0 0 0 0 0 0 0 0 0 0 0 0 0 0 0 0 0 0 0 0 0 0 0 0 0 0 0 0 0 0 0 0 0 0 0 0 0 0 0 0 0 0 0 0 0 0 0 0 0 0 0 0 0 99802454 0 0 0
ctxt 211386958
btime 1673393901
processes 37561
procs_running 2
procs_blocked 0
softirq 289575968 261225461 1912274 322344 4841133 48940 0 16318227 3785584 302 1121703

cpu  365276 2182 420088 18655852 12229 0 736507 0 0 0
cpu0 8856 34 16666 4893766 4069 0 155126 0 0 0
cpu1 215097 0 184687 4405549 2058 0 215596 0 0 0
cpu2 98708 9 135605 4609568 3013 0 184219 0 0 0
cpu3 42613 2138 83129 4746968 3086 0 181565 0 0 0
intr 823729455 0 0 205745 75 0 60746 8264862 0 0 0 421721 0 0 0 0 0 0 0 0 0 0 0 0 0 0 0 0 0 0 0 0 0 0 0 0 0 0 0 0 0 0 0 0 0 0 0 0 0 0 0 0 563307331 0 0 0 0 0 0 0 0 45382 0 48942 0 0 0 0 0 0 0 0 0 0 0 149448193 1 0 0 0 0 0 0 0 0 0 0 0 0 0 0 0 0 0 0 0 0 0 0 43256 4215 0 0 0 0 2074661 0 0 0 0 0 0 0 0 0 0 0 0 0 0 0 0 0 0 0 0 0 0 0 0 0 0 0 0 0 0 0 0 0 0 0 0 0 0 0 0 0 0 0 0 0 0 0 0 0 0 0 0 0 0 0 0 0 0 0 0 0 0 0 0 0 0 0 0 0 0 0 0 0 0 0 99804327 0 0 0
ctxt 211390686
btime 1673393901
processes 37561
procs_running 2
procs_blocked 0
softirq 289576076 261225469 1912295 322344 4841134 48940 0 16318247 3785632 302 1121713

cpu  365280 2182 420099 18656037 12229 0 736507 0 0 0
cpu0 8856 34 16666 4893815 4069 0 155126 0 0 0
cpu1 215099 0 184688 4405595 2058 0 215596 0 0 0
cpu2 98708 9 135608 4609614 3013 0 184219 0 0 0
cpu3 42615 2138 83136 4747011 3086 0 181565 0 0 0
intr 823735520 0 0 205745 75 0 60746 8264894 0 0 0 421726 0 0 0 0 0 0 0 0 0 0 0 0 0 0 0 0 0 0 0 0 0 0 0 0 0 0 0 0 0 0 0 0 0 0 0 0 0 0 0 0 563311335 0 0 0 0 0 0 0 0 45382 0 48942 0 0 0 0 0 0 0 0 0 0 0 149448323 1 0 0 0 0 0 0 0 0 0 0 0 0 0 0 0 0 0 0 0 0 0 0 43256 4215 0 0 0 0 2074683 0 0 0 0 0 0 0 0 0 0 0 0 0 0 0 0 0 0 0 0 0 0 0 0 0 0 0 0 0 0 0 0 0 0 0 0 0 0 0 0 0 0 0 0 0 0 0 0 0 0 0 0 0 0 0 0 0 0 0 0 0 0 0 0 0 0 0 0 0 0 0 0 0 0 0 99806198 0 0 0
ctxt 211394382
btime 1673393901
processes 37561
procs_running 2
procs_blocked 0
softirq 289576186 261225469 1912315 322344 4841135 48940 0 16318266 3785688 302 1121727

cpu  365280 2182 420106 18656222 12229 0 736507 0 0 0
cpu0 8856 34 16666 4893864 4069 0 155126 0 0 0
cpu1 215100 0 184690 4405641 2058 0 215596 0 0 0
cpu2 98708 9 135610 4609659 3013 0 184219 0 0 0
cpu3 42615 2138 83139 4747056 3086 0 181565 0 0 0
intr 823741547 0 0 205745 75 0 60746 8264927 0 0 0 421731 0 0 0 0 0 0 0 0 0 0 0 0 0 0 0 0 0 0 0 0 0 0 0 0 0 0 0 0 0 0 0 0 0 0 0 0 0 0 0 0 563315358 0 0 0 0 0 0 0 0 45382 0 48942 0 0 0 0 0 0 0 0 0 0 0 149448475 1 0 0 0 0 0 0 0 0 0 0 0 0 0 0 0 0 0 0 0 0 0 0 43256 4215 0 0 0 0 2074705 0 0 0 0 0 0 0 0 0 0 0 0 0 0 0 0 0 0 0 0 0 0 0 0 0 0 0 0 0 0 0 0 0 0 0 0 0 0 0 0 0 0 0 0 0 0 0 0 0 0 0 0 0 0 0 0 0 0 0 0 0 0 0 0 0 0 0 0 0 0 0 0 0 0 0 99807989 0 0 0
ctxt 211397979
btime 1673393901
processes 37561
procs_running 1
procs_blocked 0
softirq 289576285 261225477 1912334 322344 4841136 48940 0 16318284 3785730 302 1121738

cpu  365282 2182 420116 18656406 12229 0 736507 0 0 0
cpu0 8856 34 16666 4893914 4069 0 155126 0 0 0
cpu1 215100 0 184696 4405685 2058 0 215596 0 0 0
cpu2 98708 9 135612 4609705 3013 0 184219 0 0 0
cpu3 42615 2138 83141 4747102 3086 0 181565 0 0 0
intr 823747590 0 0 205746 75 0 60747 8264948 0 0 0 421736 0 0 0 0 0 0 0 0 0 0 0 0 0 0 0 0 0 0 0 0 0 0 0 0 0 0 0 0 0 0 0 0 0 0 0 0 0 0 0 0 563319353 0 0 0 0 0 0 0 0 45382 0 48942 0 0 0 0 0 0 0 0 0 0 0 149448605 1 0 0 0 0 0 0 0 0 0 0 0 0 0 0 0 0 0 0 0 0 0 0 43256 4215 0 0 0 0 2074727 0 0 0 0 0 0 0 0 0 0 0 0 0 0 0 0 0 0 0 0 0 0 0 0 0 0 0 0 0 0 0 0 0 0 0 0 0 0 0 0 0 0 0 0 0 0 0 0 0 0 0 0 0 0 0 0 0 0 0 0 0 0 0 0 0 0 0 0 0 0 0 0 0 0 0 99809857 0 0 0
ctxt 211401691
btime 1673393901
processes 37562
procs_running 2
procs_blocked 0
softirq 289576386 261225477 1912354 322344 4841137 48940 0 16318303 3785779 302 1121750

cpu  365282 2182 420126 18656592 12229 0 736507 0 0 0
cpu0 8856 34 16666 4893963 4069 0 155126 0 0 0
cpu1 215101 0 184699 4405729 2058 0 215596 0 0 0
cpu2 98708 9 135616 4609750 3013 0 184219 0 0 0
cpu3 42616 2138 83144 4747148 3086 0 181565 0 0 0
intr 823753600 0 0 205746 75 0 60747 8264980 0 0 0 421741 0 0 0 0 0 0 0 0 0 0 0 0 0 0 0 0 0 0 0 0 0 0 0 0 0 0 0 0 0 0 0 0 0 0 0 0 0 0 0 0 563323377 0 0 0 0 0 0 0 0 45382 0 48942 0 0 0 0 0 0 0 0 0 0 0 149448757 1 0 0 0 0 0 0 0 0 0 0 0 0 0 0 0 0 0 0 0 0 0 0 43256 4215 0 0 0 0 2074749 0 0 0 0 0 0 0 0 0 0 0 0 0 0 0 0 0 0 0 0 0 0 0 0 0 0 0 0 0 0 0 0 0 0 0 0 0 0 0 0 0 0 0 0 0 0 0 0 0 0 0 0 0 0 0 0 0 0 0 0 0 0 0 0 0 0 0 0 0 0 0 0 0 0 0 99811636 0 0 0
ctxt 211405267
btime 1673393901
processes 37562
procs_running 1
procs_blocked 0
softirq 289576502 261225485 1912374 322344 4841138 48940 0 16318323 3785832 302 1121764

cpu  365284 2182 420134 18656777 12229 0 736507 0 0 0
cpu0 8856 34 16666 4894012 4069 0 155126 0 0 0
cpu1 215102 0 184703 4405773 2058 0 215596 0 0 0
cpu2 98708 9 135618 4609797 3013 0 184219 0 0 0
cpu3 42616 2138 83146 4747194 3086 0 181565 0 0 0
intr 823759678 0 0 205750 75 0 60747 8265011 0 0 0 421746 0 0 0 0 0 0 0 0 0 0 0 0 0 0 0 0 0 0 0 0 0 0 0 0 0 0 0 0 0 0 0 0 0 0 0 0 0 0 0 0 563327380 0 0 0 0 0 0 0 0 45382 0 48942 0 0 0 0 0 0 0 0 0 0 0 149448887 1 0 0 0 0 0 0 0 0 0 0 0 0 0 0 0 0 0 0 0 0 0 0 43256 4215 0 0 0 0 2074771 0 0 0 0 0 0 0 0 0 0 0 0 0 0 0 0 0 0 0 0 0 0 0 0 0 0 0 0 0 0 0 0 0 0 0 0 0 0 0 0 0 0 0 0 0 0 0 0 0 0 0 0 0 0 0 0 0 0 0 0 0 0 0 0 0 0 0 0 0 0 0 0 0 0 0 99813516 0 0 0
ctxt 211408997
btime 1673393901
processes 37562
procs_running 2
procs_blocked 0
softirq 289576601 261225485 1912393 322344 4841139 48940 0 16318342 3785881 302 1121775

cpu  365284 2182 420144 18656961 12229 0 736507 0 0 0
cpu0 8856 34 16666 4894062 4069 0 155126 0 0 0
cpu1 215102 0 184707 4405817 2058 0 215596 0 0 0
cpu2 98708 9 135621 4609842 3013 0 184219 0 0 0
cpu3 42616 2138 83148 4747240 3086 0 181565 0 0 0
intr 823765645 0 0 205750 75 0 60747 8265052 0 0 0 421751 0 0 0 0 0 0 0 0 0 0 0 0 0 0 0 0 0 0 0 0 0 0 0 0 0 0 0 0 0 0 0 0 0 0 0 0 0 0 0 0 563331402 0 0 0 0 0 0 0 0 45382 0 48942 0 0 0 0 0 0 0 0 0 0 0 149449039 1 0 0 0 0 0 0 0 0 0 0 0 0 0 0 0 0 0 0 0 0 0 0 43256 4215 0 0 0 0 2074793 0 0 0 0 0 0 0 0 0 0 0 0 0 0 0 0 0 0 0 0 0 0 0 0 0 0 0 0 0 0 0 0 0 0 0 0 0 0 0 0 0 0 0 0 0 0 0 0 0 0 0 0 0 0 0 0 0 0 0 0 0 0 0 0 0 0 0 0 0 0 0 0 0 0 0 99815241 0 0 0
ctxt 211412522
btime 1673393901
processes 37562
procs_running 1
procs_blocked 0
softirq 289576714 261225493 1912411 322344 4841140 48940 0 16318362 3785935 302 1121787

cpu  365285 2182 420152 18657147 12229 0 736507 0 0 0
cpu0 8857 34 16666 4894111 4069 0 155126 0 0 0
cpu1 215102 0 184709 4405862 2058 0 215596 0 0 0
cpu2 98709 9 135626 4609886 3013 0 184219 0 0 0
cpu3 42616 2138 83150 4747286 3086 0 181565 0 0 0
intr 823771539 0 0 205750 75 0 60747 8265085 0 0 0 421756 0 0 0 0 0 0 0 0 0 0 0 0 0 0 0 0 0 0 0 0 0 0 0 0 0 0 0 0 0 0 0 0 0 0 0 0 0 0 0 0 563335406 0 0 0 0 0 0 0 0 45382 0 48942 0 0 0 0 0 0 0 0 0 0 0 149449169 1 0 0 0 0 0 0 0 0 0 0 0 0 0 0 0 0 0 0 0 0 0 0 43256 4215 0 0 0 0 2074815 0 0 0 0 0 0 0 0 0 0 0 0 0 0 0 0 0 0 0 0 0 0 0 0 0 0 0 0 0 0 0 0 0 0 0 0 0 0 0 0 0 0 0 0 0 0 0 0 0 0 0 0 0 0 0 0 0 0 0 0 0 0 0 0 0 0 0 0 0 0 0 0 0 0 0 99816941 0 0 0
ctxt 211416006
btime 1673393901
processes 37562
procs_running 1
procs_blocked 0
softirq 289576817 261225493 1912427 322344 4841141 48940 0 16318380 3785989 302 1121801

cpu  365287 2182 420160 18657332 12229 0 736507 0 0 0
cpu0 8857 34 16666 4894161 4069 0 155126 0 0 0
cpu1 215103 0 184714 4405905 2058 0 215596 0 0 0
cpu2 98710 9 135627 4609932 3013 0 184219 0 0 0
cpu3 42616 2138 83152 4747332 3086 0 181565 0 0 0
intr 823777656 0 0 205751 75 0 60747 8265122 0 0 0 421761 0 0 0 0 0 0 0 0 0 0 0 0 0 0 0 0 0 0 0 0 0 0 0 0 0 0 0 0 0 0 0 0 0 0 0 0 0 0 0 0 563339432 0 0 0 0 0 0 0 0 45382 0 48942 0 0 0 0 0 0 0 0 0 0 0 149449321 1 0 0 0 0 0 0 0 0 0 0 0 0 0 0 0 0 0 0 0 0 0 0 43256 4215 0 0 0 0 2074837 0 0 0 0 0 0 0 0 0 0 0 0 0 0 0 0 0 0 0 0 0 0 0 0 0 0 0 0 0 0 0 0 0 0 0 0 0 0 0 0 0 0 0 0 0 0 0 0 0 0 0 0 0 0 0 0 0 0 0 0 0 0 0 0 0 0 0 0 0 0 0 0 0 0 0 99818816 0 0 0
ctxt 211419745
btime 1673393901
processes 37562
procs_running 1
procs_blocked 0
softirq 289576924 261225501 1912444 322344 4841142 48940 0 16318399 3786037 302 1121815

cpu  365288 2182 420170 18657516 12229 0 736507 0 0 0
cpu0 8857 34 16666 4894210 4069 0 155126 0 0 0
cpu1 215103 0 184716 4405951 2058 0 215596 0 0 0
cpu2 98710 9 135629 4609978 3013 0 184219 0 0 0
cpu3 42617 2138 83157 4747376 3086 0 181565 0 0 0
intr 823783698 0 0 205751 75 0 60748 8265150 0 0 0 421766 0 0 0 0 0 0 0 0 0 0 0 0 0 0 0 0 0 0 0 0 0 0 0 0 0 0 0 0 0 0 0 0 0 0 0 0 0 0 0 0 563343426 0 0 0 0 0 0 0 0 45382 0 48942 0 0 0 0 0 0 0 0 0 0 0 149449451 1 0 0 0 0 0 0 0 0 0 0 0 0 0 0 0 0 0 0 0 0 0 0 43256 4215 0 0 0 0 2074859 0 0 0 0 0 0 0 0 0 0 0 0 0 0 0 0 0 0 0 0 0 0 0 0 0 0 0 0 0 0 0 0 0 0 0 0 0 0 0 0 0 0 0 0 0 0 0 0 0 0 0 0 0 0 0 0 0 0 0 0 0 0 0 0 0 0 0 0 0 0 0 0 0 0 0 99820677 0 0 0
ctxt 211423423
btime 1673393901
processes 37562
procs_running 2
procs_blocked 0
softirq 289577028 261225501 1912462 322344 4841143 48940 0 16318417 3786089 302 1121830

cpu  365290 2182 420180 18657701 12229 0 736507 0 0 0
cpu0 8857 34 16666 4894259 4069 0 155126 0 0 0
cpu1 215104 0 184722 4405994 2058 0 215596 0 0 0
cpu2 98710 9 135632 4610025 3013 0 184219 0 0 0
cpu3 42617 2138 83160 4747422 3086 0 181565 0 0 0
intr 823789821 0 0 205751 75 0 60748 8265184 0 0 0 421771 0 0 0 0 0 0 0 0 0 0 0 0 0 0 0 0 0 0 0 0 0 0 0 0 0 0 0 0 0 0 0 0 0 0 0 0 0 0 0 0 563347454 0 0 0 0 0 0 0 0 45382 0 48942 0 0 0 0 0 0 0 0 0 0 0 149449603 1 0 0 0 0 0 0 0 0 0 0 0 0 0 0 0 0 0 0 0 0 0 0 43256 4215 0 0 0 0 2074881 0 0 0 0 0 0 0 0 0 0 0 0 0 0 0 0 0 0 0 0 0 0 0 0 0 0 0 0 0 0 0 0 0 0 0 0 0 0 0 0 0 0 0 0 0 0 0 0 0 0 0 0 0 0 0 0 0 0 0 0 0 0 0 0 0 0 0 0 0 0 0 0 0 0 0 99822559 0 0 0
ctxt 211427162
btime 1673393901
processes 37562
procs_running 1
procs_blocked 0
softirq 289577149 261225509 1912481 322345 4841144 48940 0 16318437 3786146 302 1121845

cpu  365291 2182 420187 18657886 12229 0 736508 0 0 0
cpu0 8857 34 16666 4894309 4069 0 155127 0 0 0
cpu1 215104 0 184723 4406040 2058 0 215596 0 0 0
cpu2 98710 9 135634 4610071 3013 0 184219 0 0 0
cpu3 42618 2138 83163 4747465 3086 0 181565 0 0 0
intr 823795840 0 0 205751 75 0 60748 8265210 0 0 0 421776 0 0 0 0 0 0 0 0 0 0 0 0 0 0 0 0 0 0 0 0 0 0 0 0 0 0 0 0 0 0 0 0 0 0 0 0 0 0 0 0 563351449 0 0 0 0 0 0 0 0 45382 0 48942 0 0 0 0 0 0 0 0 0 0 0 149449733 1 0 0 0 0 0 0 0 0 0 0 0 0 0 0 0 0 0 0 0 0 0 0 43256 4215 0 0 0 0 2074903 0 0 0 0 0 0 0 0 0 0 0 0 0 0 0 0 0 0 0 0 0 0 0 0 0 0 0 0 0 0 0 0 0 0 0 0 0 0 0 0 0 0 0 0 0 0 0 0 0 0 0 0 0 0 0 0 0 0 0 0 0 0 0 0 0 0 0 0 0 0 0 0 0 0 0 99824401 0 0 0
ctxt 211430840
btime 1673393901
processes 37562
procs_running 2
procs_blocked 0
softirq 289577240 261225509 1912498 322345 4841145 48940 0 16318455 3786186 302 1121860

cpu  365291 2182 420194 18658071 12229 0 736508 0 0 0
cpu0 8857 34 16667 4894357 4069 0 155127 0 0 0
cpu1 215104 0 184724 4406086 2058 0 215596 0 0 0
cpu2 98710 9 135636 4610117 3013 0 184219 0 0 0
cpu3 42619 2138 83165 4747510 3086 0 181565 0 0 0
intr 823801913 0 0 205756 75 0 60750 8265246 0 0 0 421781 0 0 0 0 0 0 0 0 0 0 0 0 0 0 0 0 0 0 0 0 0 0 0 0 0 0 0 0 0 0 0 0 0 0 0 0 0 0 0 0 563355475 0 0 0 0 0 0 0 0 45382 0 48942 0 0 0 0 0 0 0 0 0 0 0 149449883 1 0 0 0 0 0 0 0 0 0 0 0 0 0 0 0 0 0 0 0 0 0 0 43256 4215 0 0 0 0 2074925 0 0 0 0 0 0 0 0 0 0 0 0 0 0 0 0 0 0 0 0 0 0 0 0 0 0 0 0 0 0 0 0 0 0 0 0 0 0 0 0 0 0 0 0 0 0 0 0 0 0 0 0 0 0 0 0 0 0 0 0 0 0 0 0 0 0 0 0 0 0 0 0 0 0 0 99826228 0 0 0
ctxt 211434496
btime 1673393901
processes 37562
procs_running 1
procs_blocked 0
softirq 289577348 261225517 1912518 322345 4841146 48940 0 16318474 3786232 302 1121874

cpu  365293 2182 420201 18658256 12229 0 736508 0 0 0
cpu0 8857 34 16667 4894406 4069 0 155127 0 0 0
cpu1 215104 0 184726 4406132 2058 0 215596 0 0 0
cpu2 98711 9 135638 4610162 3013 0 184219 0 0 0
cpu3 42620 2138 83169 4747553 3086 0 181565 0 0 0
intr 823807925 0 0 205756 75 0 60750 8265277 0 0 0 421786 0 0 0 0 0 0 0 0 0 0 0 0 0 0 0 0 0 0 0 0 0 0 0 0 0 0 0 0 0 0 0 0 0 0 0 0 0 0 0 0 563359470 0 0 0 0 0 0 0 0 45382 0 48942 0 0 0 0 0 0 0 0 0 0 0 149450013 1 0 0 0 0 0 0 0 0 0 0 0 0 0 0 0 0 0 0 0 0 0 0 43256 4215 0 0 0 0 2074947 0 0 0 0 0 0 0 0 0 0 0 0 0 0 0 0 0 0 0 0 0 0 0 0 0 0 0 0 0 0 0 0 0 0 0 0 0 0 0 0 0 0 0 0 0 0 0 0 0 0 0 0 0 0 0 0 0 0 0 0 0 0 0 0 0 0 0 0 0 0 0 0 0 0 0 99828058 0 0 0
ctxt 211438153
btime 1673393901
processes 37562
procs_running 2
procs_blocked 0
softirq 289577447 261225517 1912536 322345 4841147 48940 0 16318492 3786281 302 1121887

cpu  365295 2182 420209 18658441 12229 0 736508 0 0 0
cpu0 8857 34 16668 4894456 4069 0 155127 0 0 0
cpu1 215105 0 184727 4406178 2058 0 215596 0 0 0
cpu2 98711 9 135638 4610209 3013 0 184219 0 0 0
cpu3 42621 2138 83175 4747597 3086 0 181565 0 0 0
intr 823813960 0 0 205756 75 0 60750 8265315 0 0 0 421791 0 0 0 0 0 0 0 0 0 0 0 0 0 0 0 0 0 0 0 0 0 0 0 0 0 0 0 0 0 0 0 0 0 0 0 0 0 0 0 0 563363495 0 0 0 0 0 0 0 0 45382 0 48942 0 0 0 0 0 0 0 0 0 0 0 149450165 1 0 0 0 0 0 0 0 0 0 0 0 0 0 0 0 0 0 0 0 0 0 0 43256 4215 0 0 0 0 2074969 0 0 0 0 0 0 0 0 0 0 0 0 0 0 0 0 0 0 0 0 0 0 0 0 0 0 0 0 0 0 0 0 0 0 0 0 0 0 0 0 0 0 0 0 0 0 0 0 0 0 0 0 0 0 0 0 0 0 0 0 0 0 0 0 0 0 0 0 0 0 0 0 0 0 0 99829851 0 0 0
ctxt 211441814
btime 1673393901
processes 37562
procs_running 3
procs_blocked 0
softirq 289577561 261225525 1912557 322345 4841148 48940 0 16318512 3786332 302 1121900

cpu  365296 2182 420215 18658626 12229 0 736508 0 0 0
cpu0 8857 34 16668 4894505 4069 0 155127 0 0 0
cpu1 215105 0 184730 4406221 2058 0 215596 0 0 0
cpu2 98712 9 135640 4610255 3013 0 184219 0 0 0
cpu3 42621 2138 83176 4747643 3086 0 181565 0 0 0
intr 823820015 0 0 205756 75 0 60750 8265341 0 0 0 421796 0 0 0 0 0 0 0 0 0 0 0 0 0 0 0 0 0 0 0 0 0 0 0 0 0 0 0 0 0 0 0 0 0 0 0 0 0 0 0 0 563367498 0 0 0 0 0 0 0 0 45382 0 48942 0 0 0 0 0 0 0 0 0 0 0 149450295 1 0 0 0 0 0 0 0 0 0 0 0 0 0 0 0 0 0 0 0 0 0 0 43256 4215 0 0 0 0 2074991 0 0 0 0 0 0 0 0 0 0 0 0 0 0 0 0 0 0 0 0 0 0 0 0 0 0 0 0 0 0 0 0 0 0 0 0 0 0 0 0 0 0 0 0 0 0 0 0 0 0 0 0 0 0 0 0 0 0 0 0 0 0 0 0 0 0 0 0 0 0 0 0 0 0 0 99831717 0 0 0
ctxt 211445495
btime 1673393901
processes 37562
procs_running 1
procs_blocked 0
softirq 289577660 261225525 1912575 322345 4841149 48940 0 16318530 3786381 302 1121913

cpu  365300 2182 420224 18658811 12229 0 736508 0 0 0
cpu0 8857 34 16668 4894555 4069 0 155127 0 0 0
cpu1 215106 0 184737 4406264 2058 0 215596 0 0 0
cpu2 98714 9 135641 4610301 3013 0 184219 0 0 0
cpu3 42622 2138 83178 4747690 3086 0 181565 0 0 0
intr 823826103 0 0 205757 75 0 60751 8265373 0 0 0 421801 0 0 0 0 0 0 0 0 0 0 0 0 0 0 0 0 0 0 0 0 0 0 0 0 0 0 0 0 0 0 0 0 0 0 0 0 0 0 0 0 563371522 0 0 0 0 0 0 0 0 45382 0 48942 0 0 0 0 0 0 0 0 0 0 0 149450447 1 0 0 0 0 0 0 0 0 0 0 0 0 0 0 0 0 0 0 0 0 0 0 43256 4215 0 0 0 0 2075013 0 0 0 0 0 0 0 0 0 0 0 0 0 0 0 0 0 0 0 0 0 0 0 0 0 0 0 0 0 0 0 0 0 0 0 0 0 0 0 0 0 0 0 0 0 0 0 0 0 0 0 0 0 0 0 0 0 0 0 0 0 0 0 0 0 0 0 0 0 0 0 0 0 0 0 99833569 0 0 0
ctxt 211449200
btime 1673393901
processes 37562
procs_running 2
procs_blocked 0
softirq 289577774 261225533 1912592 322345 4841150 48940 0 16318549 3786437 302 1121926

cpu  365302 2182 420229 18658996 12229 0 736508 0 0 0
cpu0 8857 34 16668 4894604 4069 0 155127 0 0 0
cpu1 215107 0 184738 4406311 2058 0 215596 0 0 0
cpu2 98714 9 135643 4610347 3013 0 184219 0 0 0
cpu3 42623 2138 83179 4747732 3086 0 181565 0 0 0
intr 823832145 0 0 205757 75 0 60751 8265400 0 0 0 421806 0 0 0 0 0 0 0 0 0 0 0 0 0 0 0 0 0 0 0 0 0 0 0 0 0 0 0 0 0 0 0 0 0 0 0 0 0 0 0 0 563375517 0 0 0 0 0 0 0 0 45382 0 48942 0 0 0 0 0 0 0 0 0 0 0 149450577 1 0 0 0 0 0 0 0 0 0 0 0 0 0 0 0 0 0 0 0 0 0 0 43256 4215 0 0 0 0 2075035 0 0 0 0 0 0 0 0 0 0 0 0 0 0 0 0 0 0 0 0 0 0 0 0 0 0 0 0 0 0 0 0 0 0 0 0 0 0 0 0 0 0 0 0 0 0 0 0 0 0 0 0 0 0 0 0 0 0 0 0 0 0 0 0 0 0 0 0 0 0 0 0 0 0 0 99835431 0 0 0
ctxt 211452907
btime 1673393901
processes 37562
procs_running 2
procs_blocked 0
softirq 289577860 261225533 1912608 322345 4841151 48940 0 16318567 3786475 302 1121939

cpu  365303 2182 420237 18659180 12229 0 736508 0 0 0
cpu0 8857 34 16668 4894653 4069 0 155127 0 0 0
cpu1 215108 0 184741 4406357 2058 0 215596 0 0 0
cpu2 98714 9 135645 4610393 3013 0 184219 0 0 0
cpu3 42624 2138 83182 4747776 3086 0 181565 0 0 0
intr 823838225 0 0 205757 75 0 60751 8265432 0 0 0 421811 0 0 0 0 0 0 0 0 0 0 0 0 0 0 0 0 0 0 0 0 0 0 0 0 0 0 0 0 0 0 0 0 0 0 0 0 0 0 0 0 563379544 0 0 0 0 0 0 0 0 45382 0 48942 0 0 0 0 0 0 0 0 0 0 0 149450729 1 0 0 0 0 0 0 0 0 0 0 0 0 0 0 0 0 0 0 0 0 0 0 43256 4215 0 0 0 0 2075057 0 0 0 0 0 0 0 0 0 0 0 0 0 0 0 0 0 0 0 0 0 0 0 0 0 0 0 0 0 0 0 0 0 0 0 0 0 0 0 0 0 0 0 0 0 0 0 0 0 0 0 0 0 0 0 0 0 0 0 0 0 0 0 0 0 0 0 0 0 0 0 0 0 0 0 99837274 0 0 0
ctxt 211456584
btime 1673393901
processes 37562
procs_running 1
procs_blocked 0
softirq 289577968 261225541 1912626 322345 4841152 48940 0 16318588 3786523 302 1121951

cpu  365313 2182 420248 18659352 12229 0 736510 0 0 0
cpu0 8857 34 16668 4894699 4069 0 155128 0 0 0
cpu1 215110 0 184743 4406400 2058 0 215596 0 0 0
cpu2 98717 9 135649 4610435 3013 0 184220 0 0 0
cpu3 42628 2138 83187 4747817 3086 0 181566 0 0 0
intr 823845736 0 0 205761 75 0 60752 8265493 0 0 0 421816 0 0 0 0 0 0 0 0 0 0 0 0 0 0 0 0 0 0 0 0 0 0 0 0 0 0 0 0 0 0 0 0 0 0 0 0 0 0 0 0 563384339 0 0 0 0 0 0 0 0 45382 0 48942 0 0 0 0 0 0 0 0 0 0 0 149451627 1 0 0 0 0 0 0 0 0 0 0 0 0 0 0 0 0 0 0 0 0 0 0 43256 4215 0 0 0 0 2075079 0 0 0 0 0 0 0 0 0 0 0 0 0 0 0 0 0 0 0 0 0 0 0 0 0 0 0 0 0 0 0 0 0 0 0 0 0 0 0 0 0 0 0 0 0 0 0 0 0 0 0 0 0 0 0 0 0 0 0 0 0 0 0 0 0 0 0 0 0 0 0 0 0 0 0 99838999 0 0 0
ctxt 211460045
btime 1673393901
processes 37562
procs_running 1
procs_blocked 0
softirq 289579335 261226557 1912647 322346 4841176 48940 0 16318805 3786599 302 1121963

cpu  365324 2182 420253 18659521 12229 0 736513 0 0 0
cpu0 8858 34 16668 4894746 4069 0 155128 0 0 0
cpu1 215114 0 184745 4406440 2058 0 215596 0 0 0
cpu2 98720 9 135651 4610476 3013 0 184220 0 0 0
cpu3 42631 2138 83188 4747857 3086 0 181568 0 0 0
intr 823853387 0 0 205764 75 0 60754 8265560 0 0 0 421821 0 0 0 0 0 0 0 0 0 0 0 0 0 0 0 0 0 0 0 0 0 0 0 0 0 0 0 0 0 0 0 0 0 0 0 0 0 0 0 0 563389208 0 0 0 0 0 0 0 0 45382 0 48942 0 0 0 0 0 0 0 0 0 0 0 149452617 1 0 0 0 0 0 0 0 0 0 0 0 0 0 0 0 0 0 0 0 0 0 0 43256 4215 0 0 0 0 2075101 0 0 0 0 0 0 0 0 0 0 0 0 0 0 0 0 0 0 0 0 0 0 0 0 0 0 0 0 0 0 0 0 0 0 0 0 0 0 0 0 0 0 0 0 0 0 0 0 0 0 0 0 0 0 0 0 0 0 0 0 0 0 0 0 0 0 0 0 0 0 0 0 0 0 0 99840691 0 0 0
ctxt 211463464
btime 1673393901
processes 37562
procs_running 1
procs_blocked 0
softirq 289580786 261227561 1912671 322347 4841206 48940 0 16319104 3786678 302 1121977

cpu  365333 2182 420262 18659691 12229 0 736517 0 0 0
cpu0 8859 34 16670 4894791 4069 0 155128 0 0 0
cpu1 215116 0 184748 4406482 2058 0 215598 0 0 0
cpu2 98722 9 135653 4610518 3013 0 184222 0 0 0
cpu3 42634 2138 83191 4747899 3086 0 181568 0 0 0
intr 823861151 0 0 205766 75 0 60755 8265646 0 0 0 421826 0 0 0 0 0 0 0 0 0 0 0 0 0 0 0 0 0 0 0 0 0 0 0 0 0 0 0 0 0 0 0 0 0 0 0 0 0 0 0 0 563394098 0 0 0 0 0 0 0 0 45382 0 48942 0 0 0 0 0 0 0 0 0 0 0 149453635 1 0 0 0 0 0 0 0 0 0 0 0 0 0 0 0 0 0 0 0 0 0 0 43256 4215 0 0 0 0 2075123 0 0 0 0 0 0 0 0 0 0 0 0 0 0 0 0 0 0 0 0 0 0 0 0 0 0 0 0 0 0 0 0 0 0 0 0 0 0 0 0 0 0 0 0 0 0 0 0 0 0 0 0 0 0 0 0 0 0 0 0 0 0 0 0 0 0 0 0 0 0 0 0 0 0 0 99842434 0 0 0
ctxt 211467012
btime 1673393901
processes 37562
procs_running 1
procs_blocked 0
softirq 289582317 261228637 1912691 322347 4841236 48940 0 16319413 3786760 302 1121991

cpu  365344 2182 420267 18659863 12229 0 736521 0 0 0
cpu0 8861 34 16670 4894836 4069 0 155129 0 0 0
cpu1 215119 0 184749 4406525 2058 0 215599 0 0 0
cpu2 98726 9 135654 4610560 3013 0 184223 0 0 0
cpu3 42637 2138 83193 4747941 3086 0 181568 0 0 0
intr 823868712 0 0 205770 75 0 60755 8265713 0 0 0 421831 0 0 0 0 0 0 0 0 0 0 0 0 0 0 0 0 0 0 0 0 0 0 0 0 0 0 0 0 0 0 0 0 0 0 0 0 0 0 0 0 563398917 0 0 0 0 0 0 0 0 45382 0 48942 0 0 0 0 0 0 0 0 0 0 0 149454566 1 0 0 0 0 0 0 0 0 0 0 0 0 0 0 0 0 0 0 0 0 0 0 43256 4215 0 0 0 0 2075145 0 0 0 0 0 0 0 0 0 0 0 0 0 0 0 0 0 0 0 0 0 0 0 0 0 0 0 0 0 0 0 0 0 0 0 0 0 0 0 0 0 0 0 0 0 0 0 0 0 0 0 0 0 0 0 0 0 0 0 0 0 0 0 0 0 0 0 0 0 0 0 0 0 0 0 99844152 0 0 0
ctxt 211470489
btime 1673393901
processes 37562
procs_running 6
procs_blocked 0
softirq 289583798 261229679 1912711 322347 4841265 48940 0 16319709 3786841 302 1122004

cpu  365357 2182 420274 18660032 12229 0 736523 0 0 0
cpu0 8863 34 16670 4894880 4069 0 155129 0 0 0
cpu1 215123 0 184750 4406567 2058 0 215600 0 0 0
cpu2 98728 9 135656 4610602 3013 0 184224 0 0 0
cpu3 42641 2138 83196 4747982 3086 0 181569 0 0 0
intr 823876422 0 0 205770 75 0 60756 8265779 0 0 0 421836 0 0 0 0 0 0 0 0 0 0 0 0 0 0 0 0 0 0 0 0 0 0 0 0 0 0 0 0 0 0 0 0 0 0 0 0 0 0 0 0 563403786 0 0 0 0 0 0 0 0 45382 0 48942 0 0 0 0 0 0 0 0 0 0 0 149455567 1 0 0 0 0 0 0 0 0 0 0 0 0 0 0 0 0 0 0 0 0 0 0 43256 4215 0 0 0 0 2075167 0 0 0 0 0 0 0 0 0 0 0 0 0 0 0 0 0 0 0 0 0 0 0 0 0 0 0 0 0 0 0 0 0 0 0 0 0 0 0 0 0 0 0 0 0 0 0 0 0 0 0 0 0 0 0 0 0 0 0 0 0 0 0 0 0 0 0 0 0 0 0 0 0 0 0 99845893 0 0 0
ctxt 211474011
btime 1673393901
processes 37562
procs_running 1
procs_blocked 0
softirq 289585219 261230705 1912735 322347 4841290 48940 0 16319961 3786920 302 1122019

cpu  365366 2182 420280 18660203 12229 0 736528 0 0 0
cpu0 8864 34 16671 4894926 4069 0 155130 0 0 0
cpu1 215126 0 184752 4406609 2058 0 215601 0 0 0
cpu2 98731 9 135657 4610644 3013 0 184225 0 0 0
cpu3 42644 2138 83199 4748023 3086 0 181570 0 0 0
intr 823884127 0 0 205771 75 0 60758 8265863 0 0 0 421841 0 0 0 0 0 0 0 0 0 0 0 0 0 0 0 0 0 0 0 0 0 0 0 0 0 0 0 0 0 0 0 0 0 0 0 0 0 0 0 0 563408661 0 0 0 0 0 0 0 0 45382 0 48942 0 0 0 0 0 0 0 0 0 0 0 149456563 1 0 0 0 0 0 0 0 0 0 0 0 0 0 0 0 0 0 0 0 0 0 0 43256 4215 0 0 0 0 2075203 0 0 0 0 0 0 0 0 0 0 0 0 0 0 0 0 0 0 0 0 0 0 0 0 0 0 0 0 0 0 0 0 0 0 0 0 0 0 0 0 0 0 0 0 0 0 0 0 0 0 0 0 0 0 0 0 0 0 0 0 0 0 0 0 0 0 0 0 0 0 0 0 0 0 0 99847597 0 0 0
ctxt 211477528
btime 1673393901
processes 37562
procs_running 2
procs_blocked 0
softirq 289586658 261231722 1912760 322347 4841320 48940 0 16320225 3787003 302 1122039

cpu  365373 2182 420287 18660373 12229 0 736533 0 0 0
cpu0 8864 34 16671 4894971 4069 0 155131 0 0 0
cpu1 215128 0 184754 4406650 2058 0 215602 0 0 0
cpu2 98733 9 135659 4610686 3013 0 184227 0 0 0
cpu3 42646 2138 83201 4748065 3086 0 181572 0 0 0
intr 823891934 0 0 205775 75 0 60758 8265970 0 0 0 421846 0 0 0 0 0 0 0 0 0 0 0 0 0 0 0 0 0 0 0 0 0 0 0 0 0 0 0 0 0 0 0 0 0 0 0 0 0 0 0 0 563413560 0 0 0 0 0 0 0 0 45382 0 48942 0 0 0 0 0 0 0 0 0 0 0 149457582 1 0 0 0 0 0 0 0 0 0 0 0 0 0 0 0 0 0 0 0 0 0 0 43256 4215 0 0 0 0 2075259 0 0 0 0 0 0 0 0 0 0 0 0 0 0 0 0 0 0 0 0 0 0 0 0 0 0 0 0 0 0 0 0 0 0 0 0 0 0 0 0 0 0 0 0 0 0 0 0 0 0 0 0 0 0 0 0 0 0 0 0 0 0 0 0 0 0 0 0 0 0 0 0 0 0 0 99849313 0 0 0
ctxt 211481118
btime 1673393901
processes 37562
procs_running 4
procs_blocked 0
softirq 289588272 261232886 1912788 322347 4841353 48940 0 16320515 3787086 302 1122055

cpu  365380 2182 420294 18660542 12229 0 736539 0 0 0
cpu0 8866 34 16673 4895015 4069 0 155131 0 0 0
cpu1 215130 0 184758 4406692 2058 0 215604 0 0 0
cpu2 98735 9 135660 4610727 3013 0 184228 0 0 0
cpu3 42648 2138 83202 4748106 3086 0 181574 0 0 0
intr 823899641 0 0 205775 75 0 60758 8266100 0 0 0 421851 0 0 0 0 0 0 0 0 0 0 0 0 0 0 0 0 0 0 0 0 0 0 0 0 0 0 0 0 0 0 0 0 0 0 0 0 0 0 0 0 563418364 0 0 0 0 0 0 0 0 45382 0 48942 0 0 0 0 0 0 0 0 0 0 0 149458516 1 0 0 0 0 0 0 0 0 0 0 0 0 0 0 0 0 0 0 0 0 0 0 43256 4215 0 0 0 0 2075366 0 0 0 0 0 0 0 0 0 0 0 0 0 0 0 0 0 0 0 0 0 0 0 0 0 0 0 0 0 0 0 0 0 0 0 0 0 0 0 0 0 0 0 0 0 0 0 0 0 0 0 0 0 0 0 0 0 0 0 0 0 0 0 0 0 0 0 0 0 0 0 0 0 0 0 99851042 0 0 0
ctxt 211484783
btime 1673393901
processes 37562
procs_running 1
procs_blocked 0
softirq 289589668 261233792 1912813 322347 4841387 48940 0 16320851 3787167 302 1122069

cpu  365391 2182 420302 18660711 12229 0 736543 0 0 0
cpu0 8868 34 16674 4895059 4069 0 155133 0 0 0
cpu1 215134 0 184759 4406734 2058 0 215605 0 0 0
cpu2 98738 9 135664 4610769 3013 0 184229 0 0 0
cpu3 42650 2138 83204 4748147 3086 0 181575 0 0 0
intr 823907340 0 0 205775 75 0 60760 8266184 0 0 0 421856 0 0 0 0 0 0 0 0 0 0 0 0 0 0 0 0 0 0 0 0 0 0 0 0 0 0 0 0 0 0 0 0 0 0 0 0 0 0 0 0 563423254 0 0 0 0 0 0 0 0 45382 0 48942 0 0 0 0 0 0 0 0 0 0 0 149459534 1 0 0 0 0 0 0 0 0 0 0 0 0 0 0 0 0 0 0 0 0 0 0 43256 4215 0 0 0 0 2075408 0 0 0 0 0 0 0 0 0 0 0 0 0 0 0 0 0 0 0 0 0 0 0 0 0 0 0 0 0 0 0 0 0 0 0 0 0 0 0 0 0 0 0 0 0 0 0 0 0 0 0 0 0 0 0 0 0 0 0 0 0 0 0 0 0 0 0 0 0 0 0 0 0 0 0 99852699 0 0 0
ctxt 211488252
btime 1673393901
processes 37562
procs_running 1
procs_blocked 0
softirq 289591252 261234889 1912838 322347 4841419 48940 0 16321186 3787247 302 1122084

cpu  365400 2182 420311 18660880 12229 0 736547 0 0 0
cpu0 8869 34 16675 4895104 4069 0 155133 0 0 0
cpu1 215137 0 184762 4406776 2058 0 215606 0 0 0
cpu2 98740 9 135668 4610811 3013 0 184230 0 0 0
cpu3 42653 2138 83206 4748189 3086 0 181577 0 0 0
intr 823915091 0 0 205776 75 0 60761 8266289 0 0 0 421861 0 0 0 0 0 0 0 0 0 0 0 0 0 0 0 0 0 0 0 0 0 0 0 0 0 0 0 0 0 0 0 0 0 0 0 0 0 0 0 0 563428126 0 0 0 0 0 0 0 0 45382 0 48942 0 0 0 0 0 0 0 0 0 0 0 149460523 1 0 0 0 0 0 0 0 0 0 0 0 0 0 0 0 0 0 0 0 0 0 0 43256 4215 0 0 0 0 2075452 0 0 0 0 0 0 0 0 0 0 0 0 0 0 0 0 0 0 0 0 0 0 0 0 0 0 0 0 0 0 0 0 0 0 0 0 0 0 0 0 0 0 0 0 0 0 0 0 0 0 0 0 0 0 0 0 0 0 0 0 0 0 0 0 0 0 0 0 0 0 0 0 0 0 0 99854433 0 0 0
ctxt 211491839
btime 1673393901
processes 37562
procs_running 3
procs_blocked 0
softirq 289592660 261235895 1912862 322347 4841447 48940 0 16321439 3787329 302 1122099

cpu  365410 2182 420316 18661050 12229 0 736550 0 0 0
cpu0 8870 34 16675 4895148 4069 0 155133 0 0 0
cpu1 215139 0 184764 4406817 2058 0 215607 0 0 0
cpu2 98742 9 135669 4610852 3013 0 184232 0 0 0
cpu3 42657 2138 83208 4748230 3086 0 181577 0 0 0
intr 823922641 0 0 205776 75 0 60762 8266357 0 0 0 421866 0 0 0 0 0 0 0 0 0 0 0 0 0 0 0 0 0 0 0 0 0 0 0 0 0 0 0 0 0 0 0 0 0 0 0 0 0 0 0 0 563432951 0 0 0 0 0 0 0 0 45382 0 48942 0 0 0 0 0 0 0 0 0 0 0 149461471 1 0 0 0 0 0 0 0 0 0 0 0 0 0 0 0 0 0 0 0 0 0 0 43256 4215 0 0 0 0 2075471 0 0 0 0 0 0 0 0 0 0 0 0 0 0 0 0 0 0 0 0 0 0 0 0 0 0 0 0 0 0 0 0 0 0 0 0 0 0 0 0 0 0 0 0 0 0 0 0 0 0 0 0 0 0 0 0 0 0 0 0 0 0 0 0 0 0 0 0 0 0 0 0 0 0 0 99856117 0 0 0
ctxt 211495262
btime 1673393901
processes 37562
procs_running 1
procs_blocked 0
softirq 289593934 261236789 1912880 322347 4841475 48940 0 16321691 3787398 302 1122112

cpu  365418 2182 420328 18661220 12229 0 736554 0 0 0
cpu0 8872 34 16676 4895193 4069 0 155134 0 0 0
cpu1 215142 0 184767 4406860 2058 0 215608 0 0 0
cpu2 98744 9 135673 4610894 3013 0 184233 0 0 0
cpu3 42660 2138 83211 4748272 3086 0 181578 0 0 0
intr 823930389 0 0 205776 75 0 60763 8266432 0 0 0 421871 0 0 0 0 0 0 0 0 0 0 0 0 0 0 0 0 0 0 0 0 0 0 0 0 0 0 0 0 0 0 0 0 0 0 0 0 0 0 0 0 563437848 0 0 0 0 0 0 0 0 45382 0 48942 0 0 0 0 0 0 0 0 0 0 0 149462467 1 0 0 0 0 0 0 0 0 0 0 0 0 0 0 0 0 0 0 0 0 0 0 43256 4215 0 0 0 0 2075493 0 0 0 0 0 0 0 0 0 0 0 0 0 0 0 0 0 0 0 0 0 0 0 0 0 0 0 0 0 0 0 0 0 0 0 0 0 0 0 0 0 0 0 0 0 0 0 0 0 0 0 0 0 0 0 0 0 0 0 0 0 0 0 0 0 0 0 0 0 0 0 0 0 0 0 99857873 0 0 0
ctxt 211498811
btime 1673393901
processes 37562
procs_running 3
procs_blocked 0
softirq 289595489 261237899 1912903 322348 4841505 48940 0 16321985 3787481 302 1122126

cpu  365426 2182 420337 18661390 12229 0 736558 0 0 0
cpu0 8872 34 16677 4895238 4069 0 155134 0 0 0
cpu1 215144 0 184770 4406903 2058 0 215609 0 0 0
cpu2 98746 9 135674 4610936 3013 0 184234 0 0 0
cpu3 42662 2138 83214 4748313 3086 0 181580 0 0 0
intr 823938123 0 0 205776 75 0 60763 8266511 0 0 0 421876 0 0 0 0 0 0 0 0 0 0 0 0 0 0 0 0 0 0 0 0 0 0 0 0 0 0 0 0 0 0 0 0 0 0 0 0 0 0 0 0 563442741 0 0 0 0 0 0 0 0 45382 0 48942 0 0 0 0 0 0 0 0 0 0 0 149463476 1 0 0 0 0 0 0 0 0 0 0 0 0 0 0 0 0 0 0 0 0 0 0 43256 4215 0 0 0 0 2075515 0 0 0 0 0 0 0 0 0 0 0 0 0 0 0 0 0 0 0 0 0 0 0 0 0 0 0 0 0 0 0 0 0 0 0 0 0 0 0 0 0 0 0 0 0 0 0 0 0 0 0 0 0 0 0 0 0 0 0 0 0 0 0 0 0 0 0 0 0 0 0 0 0 0 0 99859598 0 0 0
ctxt 211502344
btime 1673393901
processes 37562
procs_running 3
procs_blocked 0
softirq 289596941 261238927 1912922 322348 4841533 48940 0 16322272 3787557 302 1122140

cpu  365438 2182 420342 18661561 12229 0 736561 0 0 0
cpu0 8874 34 16677 4895283 4069 0 155135 0 0 0
cpu1 215148 0 184772 4406944 2058 0 215610 0 0 0
cpu2 98750 9 135675 4610977 3013 0 184235 0 0 0
cpu3 42666 2138 83217 4748355 3086 0 181580 0 0 0
intr 823945739 0 0 205777 75 0 60763 8266587 0 0 0 421881 0 0 0 0 0 0 0 0 0 0 0 0 0 0 0 0 0 0 0 0 0 0 0 0 0 0 0 0 0 0 0 0 0 0 0 0 0 0 0 0 563447559 0 0 0 0 0 0 0 0 45382 0 48942 0 0 0 0 0 0 0 0 0 0 0 149464405 1 0 0 0 0 0 0 0 0 0 0 0 0 0 0 0 0 0 0 0 0 0 0 43256 4215 0 0 0 0 2075547 0 0 0 0 0 0 0 0 0 0 0 0 0 0 0 0 0 0 0 0 0 0 0 0 0 0 0 0 0 0 0 0 0 0 0 0 0 0 0 0 0 0 0 0 0 0 0 0 0 0 0 0 0 0 0 0 0 0 0 0 0 0 0 0 0 0 0 0 0 0 0 0 0 0 0 99861351 0 0 0
ctxt 211505902
btime 1673393901
processes 37562
procs_running 1
procs_blocked 0
softirq 289598351 261239929 1912949 322348 4841559 48940 0 16322540 3787629 302 1122155

cpu  365448 2182 420348 18661732 12229 0 736565 0 0 0
cpu0 8874 34 16678 4895329 4069 0 155136 0 0 0
cpu1 215150 0 184774 4406985 2058 0 215611 0 0 0
cpu2 98754 9 135677 4611019 3013 0 184236 0 0 0
cpu3 42668 2138 83219 4748397 3086 0 181581 0 0 0
intr 823953415 0 0 205777 75 0 60764 8266669 0 0 0 421886 0 0 0 0 0 0 0 0 0 0 0 0 0 0 0 0 0 0 0 0 0 0 0 0 0 0 0 0 0 0 0 0 0 0 0 0 0 0 0 0 563452449 0 0 0 0 0 0 0 0 45382 0 48942 0 0 0 0 0 0 0 0 0 0 0 149465416 1 0 0 0 0 0 0 0 0 0 0 0 0 0 0 0 0 0 0 0 0 0 0 43256 4215 0 0 0 0 2075567 0 0 0 0 0 0 0 0 0 0 0 0 0 0 0 0 0 0 0 0 0 0 0 0 0 0 0 0 0 0 0 0 0 0 0 0 0 0 0 0 0 0 0 0 0 0 0 0 0 0 0 0 0 0 0 0 0 0 0 0 0 0 0 0 0 0 0 0 0 0 0 0 0 0 0 99863018 0 0 0
ctxt 211509354
btime 1673393901
processes 37562
procs_running 1
procs_blocked 0
softirq 289599873 261241031 1912968 322348 4841591 48940 0 16322815 3787707 302 1122171

cpu  365459 2182 420354 18661902 12229 0 736569 0 0 0
cpu0 8875 34 16678 4895374 4069 0 155136 0 0 0
cpu1 215153 0 184776 4407027 2058 0 215612 0 0 0
cpu2 98757 9 135678 4611060 3013 0 184237 0 0 0
cpu3 42673 2138 83221 4748438 3086 0 181582 0 0 0
intr 823961063 0 0 205777 75 0 60766 8266738 0 0 0 421891 0 0 0 0 0 0 0 0 0 0 0 0 0 0 0 0 0 0 0 0 0 0 0 0 0 0 0 0 0 0 0 0 0 0 0 0 0 0 0 0 563457317 0 0 0 0 0 0 0 0 45382 0 48942 0 0 0 0 0 0 0 0 0 0 0 149466405 1 0 0 0 0 0 0 0 0 0 0 0 0 0 0 0 0 0 0 0 0 0 0 43256 4215 0 0 0 0 2075589 0 0 0 0 0 0 0 0 0 0 0 0 0 0 0 0 0 0 0 0 0 0 0 0 0 0 0 0 0 0 0 0 0 0 0 0 0 0 0 0 0 0 0 0 0 0 0 0 0 0 0 0 0 0 0 0 0 0 0 0 0 0 0 0 0 0 0 0 0 0 0 0 0 0 0 99864709 0 0 0
ctxt 211512831
btime 1673393901
processes 37562
procs_running 2
procs_blocked 0
softirq 289601414 261242153 1912994 322348 4841621 48940 0 16323088 3787783 302 1122185

cpu  365468 2182 420362 18662073 12229 0 736573 0 0 0
cpu0 8876 34 16678 4895421 4069 0 155136 0 0 0
cpu1 215156 0 184778 4407069 2058 0 215614 0 0 0
cpu2 98759 9 135681 4611102 3013 0 184238 0 0 0
cpu3 42676 2138 83224 4748480 3086 0 181583 0 0 0
intr 823968615 0 0 205777 75 0 60767 8266800 0 0 0 421896 0 0 0 0 0 0 0 0 0 0 0 0 0 0 0 0 0 0 0 0 0 0 0 0 0 0 0 0 0 0 0 0 0 0 0 0 0 0 0 0 563462152 0 0 0 0 0 0 0 0 45382 0 48942 0 0 0 0 0 0 0 0 0 0 0 149467357 1 0 0 0 0 0 0 0 0 0 0 0 0 0 0 0 0 0 0 0 0 0 0 43256 4215 0 0 0 0 2075611 0 0 0 0 0 0 0 0 0 0 0 0 0 0 0 0 0 0 0 0 0 0 0 0 0 0 0 0 0 0 0 0 0 0 0 0 0 0 0 0 0 0 0 0 0 0 0 0 0 0 0 0 0 0 0 0 0 0 0 0 0 0 0 0 0 0 0 0 0 0 0 0 0 0 0 99866386 0 0 0
ctxt 211516263
btime 1673393901
processes 37562
procs_running 1
procs_blocked 0
softirq 289602807 261243087 1913015 322348 4841645 48940 0 16323409 3787862 302 1122199

cpu  365480 2182 420370 18662242 12229 0 736577 0 0 0
cpu0 8878 34 16680 4895464 4069 0 155137 0 0 0
cpu1 215159 0 184779 4407111 2058 0 215616 0 0 0
cpu2 98762 9 135683 4611143 3013 0 184239 0 0 0
cpu3 42680 2138 83227 4748522 3086 0 181584 0 0 0
intr 823976323 0 0 205778 75 0 60767 8266883 0 0 0 421901 0 0 0 0 0 0 0 0 0 0 0 0 0 0 0 0 0 0 0 0 0 0 0 0 0 0 0 0 0 0 0 0 0 0 0 0 0 0 0 0 563467022 0 0 0 0 0 0 0 0 45382 0 48942 0 0 0 0 0 0 0 0 0 0 0 149468351 1 0 0 0 0 0 0 0 0 0 0 0 0 0 0 0 0 0 0 0 0 0 0 43256 4215 0 0 0 0 2075647 0 0 0 0 0 0 0 0 0 0 0 0 0 0 0 0 0 0 0 0 0 0 0 0 0 0 0 0 0 0 0 0 0 0 0 0 0 0 0 0 0 0 0 0 0 0 0 0 0 0 0 0 0 0 0 0 0 0 0 0 0 0 0 0 0 0 0 0 0 0 0 0 0 0 0 99868104 0 0 0
ctxt 211519810
btime 1673393901
processes 37562
procs_running 2
procs_blocked 0
softirq 289604368 261244187 1913044 322348 4841676 48940 0 16323710 3787944 302 1122217

cpu  365490 2182 420378 18662411 12229 0 736581 0 0 0
cpu0 8880 34 16680 4895507 4069 0 155138 0 0 0
cpu1 215162 0 184781 4407153 2058 0 215617 0 0 0
cpu2 98764 9 135685 4611185 3013 0 184240 0 0 0
cpu3 42682 2138 83230 4748564 3086 0 181585 0 0 0
intr 823984088 0 0 205778 75 0 60768 8266952 0 0 0 421906 0 0 0 0 0 0 0 0 0 0 0 0 0 0 0 0 0 0 0 0 0 0 0 0 0 0 0 0 0 0 0 0 0 0 0 0 0 0 0 0 563471925 0 0 0 0 0 0 0 0 45382 0 48942 0 0 0 0 0 0 0 0 0 0 0 149469373 1 0 0 0 0 0 0 0 0 0 0 0 0 0 0 0 0 0 0 0 0 0 0 43256 4215 0 0 0 0 2075669 0 0 0 0 0 0 0 0 0 0 0 0 0 0 0 0 0 0 0 0 0 0 0 0 0 0 0 0 0 0 0 0 0 0 0 0 0 0 0 0 0 0 0 0 0 0 0 0 0 0 0 0 0 0 0 0 0 0 0 0 0 0 0 0 0 0 0 0 0 0 0 0 0 0 0 99869848 0 0 0
ctxt 211523351
btime 1673393901
processes 37562
procs_running 1
procs_blocked 0
softirq 289605853 261245241 1913069 322348 4841704 48940 0 16323996 3788021 302 1122232

cpu  365499 2182 420384 18662583 12229 0 736584 0 0 0
cpu0 8881 34 16681 4895554 4069 0 155138 0 0 0
cpu1 215164 0 184783 4407195 2058 0 215618 0 0 0
cpu2 98768 9 135687 4611227 3013 0 184241 0 0 0
cpu3 42685 2138 83232 4748606 3086 0 181586 0 0 0
intr 823991608 0 0 205778 75 0 60770 8267020 0 0 0 421910 0 0 0 0 0 0 0 0 0 0 0 0 0 0 0 0 0 0 0 0 0 0 0 0 0 0 0 0 0 0 0 0 0 0 0 0 0 0 0 0 563476718 0 0 0 0 0 0 0 0 45382 0 48942 0 0 0 0 0 0 0 0 0 0 0 149470297 1 0 0 0 0 0 0 0 0 0 0 0 0 0 0 0 0 0 0 0 0 0 0 43256 4215 0 0 0 0 2075691 0 0 0 0 0 0 0 0 0 0 0 0 0 0 0 0 0 0 0 0 0 0 0 0 0 0 0 0 0 0 0 0 0 0 0 0 0 0 0 0 0 0 0 0 0 0 0 0 0 0 0 0 0 0 0 0 0 0 0 0 0 0 0 0 0 0 0 0 0 0 0 0 0 0 0 99871553 0 0 0
ctxt 211526860
btime 1673393901
processes 37562
procs_running 1
procs_blocked 0
softirq 289607308 261246310 1913092 322348 4841732 48940 0 16324245 3788092 302 1122247

cpu  365507 2182 420390 18662753 12229 0 736588 0 0 0
cpu0 8882 34 16681 4895599 4069 0 155139 0 0 0
cpu1 215168 0 184785 4407236 2058 0 215618 0 0 0
cpu2 98769 9 135691 4611269 3013 0 184242 0 0 0
cpu3 42688 2138 83232 4748648 3086 0 181588 0 0 0
intr 823999359 0 0 205778 75 0 60772 8267090 0 0 0 421915 0 0 0 0 0 0 0 0 0 0 0 0 0 0 0 0 0 0 0 0 0 0 0 0 0 0 0 0 0 0 0 0 0 0 0 0 0 0 0 0 563481616 0 0 0 0 0 0 0 0 45382 0 48942 0 0 0 0 0 0 0 0 0 0 0 149471318 1 0 0 0 0 0 0 0 0 0 0 0 0 0 0 0 0 0 0 0 0 0 0 43256 4215 0 0 0 0 2075713 0 0 0 0 0 0 0 0 0 0 0 0 0 0 0 0 0 0 0 0 0 0 0 0 0 0 0 0 0 0 0 0 0 0 0 0 0 0 0 0 0 0 0 0 0 0 0 0 0 0 0 0 0 0 0 0 0 0 0 0 0 0 0 0 0 0 0 0 0 0 0 0 0 0 0 99873287 0 0 0
ctxt 211530378
btime 1673393901
processes 37562
procs_running 1
procs_blocked 0
softirq 289608961 261247551 1913113 322348 4841759 48940 0 16324519 3788168 302 1122261

cpu  365516 2182 420395 18662923 12229 0 736593 0 0 0
cpu0 8882 34 16681 4895645 4069 0 155140 0 0 0
cpu1 215170 0 184786 4407278 2058 0 215620 0 0 0
cpu2 98772 9 135692 4611310 3013 0 184242 0 0 0
cpu3 42691 2138 83234 4748689 3086 0 181590 0 0 0
intr 824007076 0 0 205779 75 0 60772 8267166 0 0 0 421920 0 0 0 0 0 0 0 0 0 0 0 0 0 0 0 0 0 0 0 0 0 0 0 0 0 0 0 0 0 0 0 0 0 0 0 0 0 0 0 0 563486495 0 0 0 0 0 0 0 0 45382 0 48942 0 0 0 0 0 0 0 0 0 0 0 149472311 1 0 0 0 0 0 0 0 0 0 0 0 0 0 0 0 0 0 0 0 0 0 0 43256 4215 0 0 0 0 2075744 0 0 0 0 0 0 0 0 0 0 0 0 0 0 0 0 0 0 0 0 0 0 0 0 0 0 0 0 0 0 0 0 0 0 0 0 0 0 0 0 0 0 0 0 0 0 0 0 0 0 0 0 0 0 0 0 0 0 0 0 0 0 0 0 0 0 0 0 0 0 0 0 0 0 0 99875020 0 0 0
ctxt 211533922
btime 1673393901
processes 37562
procs_running 3
procs_blocked 0
softirq 289610547 261248722 1913138 322349 4841791 48940 0 16324791 3788238 302 1122276

cpu  365519 2182 420398 18663107 12229 0 736594 0 0 0
cpu0 8882 34 16682 4895693 4069 0 155140 0 0 0
cpu1 215172 0 184788 4407323 2058 0 215620 0 0 0
cpu2 98772 9 135693 4611354 3013 0 184242 0 0 0
cpu3 42692 2138 83234 4748735 3086 0 181590 0 0 0
intr 824013185 0 0 205779 75 0 60773 8267204 0 0 0 421925 0 0 0 0 0 0 0 0 0 0 0 0 0 0 0 0 0 0 0 0 0 0 0 0 0 0 0 0 0 0 0 0 0 0 0 0 0 0 0 0 563490588 0 0 0 0 0 0 0 0 45382 0 48942 0 0 0 0 0 0 0 0 0 0 0 149472540 1 0 0 0 0 0 0 0 0 0 0 0 0 0 0 0 0 0 0 0 0 0 0 43256 4215 0 0 0 0 2075766 0 0 0 0 0 0 0 0 0 0 0 0 0 0 0 0 0 0 0 0 0 0 0 0 0 0 0 0 0 0 0 0 0 0 0 0 0 0 0 0 0 0 0 0 0 0 0 0 0 0 0 0 0 0 0 0 0 0 0 0 0 0 0 0 0 0 0 0 0 0 0 0 0 0 0 99876740 0 0 0
ctxt 211537439
btime 1673393901
processes 37562
procs_running 1
procs_blocked 0
softirq 289610783 261248831 1913156 322349 4841794 48940 0 16324831 3788283 302 1122297

cpu  365524 2182 420408 18663284 12229 0 736594 0 0 0
cpu0 8884 34 16684 4895738 4069 0 155140 0 0 0
cpu1 215174 0 184790 4407366 2058 0 215620 0 0 0
cpu2 98774 9 135696 4611398 3013 0 184242 0 0 0
cpu3 42692 2138 83236 4748780 3086 0 181590 0 0 0
intr 824019433 0 0 205789 75 0 60786 8267290 0 0 0 421930 0 0 0 0 0 0 0 0 0 0 0 0 0 0 0 0 0 0 0 0 0 0 0 0 0 0 0 0 0 0 0 0 0 0 0 0 0 0 0 0 563494589 0 0 0 0 0 0 0 0 45382 0 48942 0 0 0 0 0 0 0 0 0 0 0 149472668 1 0 0 0 0 0 0 0 0 0 0 0 0 0 0 0 0 0 0 0 0 0 0 43256 4215 0 0 0 0 2075818 0 0 0 0 0 0 0 0 0 0 0 0 0 0 0 0 0 0 0 0 0 0 0 0 0 0 0 0 0 0 0 0 0 0 0 0 0 0 0 0 0 0 0 0 0 0 0 0 0 0 0 0 0 0 0 0 0 0 0 0 0 0 0 0 0 0 0 0 0 0 0 0 0 0 0 99878693 0 0 0
ctxt 211541320
btime 1673393901
processes 37573
procs_running 2
procs_blocked 0
softirq 289611053 261248831 1913200 322349 4841798 48940 0 16324874 3788388 302 1122371

cpu  365526 2182 420418 18663469 12229 0 736594 0 0 0
cpu0 8884 34 16684 4895787 4069 0 155140 0 0 0
cpu1 215175 0 184796 4407409 2058 0 215620 0 0 0
cpu2 98774 9 135699 4611444 3013 0 184242 0 0 0
cpu3 42692 2138 83238 4748827 3086 0 181590 0 0 0
intr 824025557 0 0 205791 75 0 60789 8267324 0 0 0 421935 0 0 0 0 0 0 0 0 0 0 0 0 0 0 0 0 0 0 0 0 0 0 0 0 0 0 0 0 0 0 0 0 0 0 0 0 0 0 0 0 563498616 0 0 0 0 0 0 0 0 45382 0 48942 0 0 0 0 0 0 0 0 0 0 0 149472822 1 0 0 0 0 0 0 0 0 0 0 0 0 0 0 0 0 0 0 0 0 0 0 43256 4215 0 0 0 0 2075840 0 0 0 0 0 0 0 0 0 0 0 0 0 0 0 0 0 0 0 0 0 0 0 0 0 0 0 0 0 0 0 0 0 0 0 0 0 0 0 0 0 0 0 0 0 0 0 0 0 0 0 0 0 0 0 0 0 0 0 0 0 0 0 0 0 0 0 0 0 0 0 0 0 0 0 99880570 0 0 0
ctxt 211545056
btime 1673393901
processes 37573
procs_running 2
procs_blocked 0
softirq 289611162 261248839 1913218 322349 4841799 48940 0 16324892 3788438 302 1122385

cpu  365528 2182 420424 18663651 12229 0 736594 0 0 0
cpu0 8884 34 16685 4895833 4069 0 155140 0 0 0
cpu1 215176 0 184797 4407455 2058 0 215620 0 0 0
cpu2 98774 9 135701 4611489 3013 0 184242 0 0 0
cpu3 42692 2138 83240 4748873 3086 0 181590 0 0 0
intr 824031673 0 0 205794 75 0 60789 8267378 0 0 0 421940 0 0 0 0 0 0 0 0 0 0 0 0 0 0 0 0 0 0 0 0 0 0 0 0 0 0 0 0 0 0 0 0 0 0 0 0 0 0 0 0 563502612 0 0 0 0 0 0 0 0 45382 0 48942 0 0 0 0 0 0 0 0 0 0 0 149472950 1 0 0 0 0 0 0 0 0 0 0 0 0 0 0 0 0 0 0 0 0 0 0 43256 4215 0 0 0 0 2075883 0 0 0 0 0 0 0 0 0 0 0 0 0 0 0 0 0 0 0 0 0 0 0 0 0 0 0 0 0 0 0 0 0 0 0 0 0 0 0 0 0 0 0 0 0 0 0 0 0 0 0 0 0 0 0 0 0 0 0 0 0 0 0 0 0 0 0 0 0 0 0 0 0 0 0 99882458 0 0 0
ctxt 211548820
btime 1673393901
processes 37573
procs_running 2
procs_blocked 0
softirq 289611327 261248839 1913249 322349 4841801 48940 0 16324929 3788504 302 1122414
